<?xml version="1.0" ?>
<signaturelist MCID_LIST="[['1', 'waterbody', '#000000'], ['2', 'vegetation', '#000000'], ['3', 'bareland', '#000000'], ['4', 'built-up', '#000000']]">
	<signature ID="20210222_105413341692_127">
		<MACROCLASSID>1</MACROCLASSID>
		<MACROCLASSINFO>waterbody</MACROCLASSINFO>
		<CLASSID>1</CLASSID>
		<CLASSINFO>C 1</CLASSINFO>
		<VALUES>[0.11268815957009792, 0.002427521668283243, 0.0900494996458292, 0.00446686296356045, 0.0703155267983675, 0.00291651992993972, 0.10272913333028555, 0.012172159648393598, 0.06383390258997679, 0.007033920444233266, 0.03974928776733577, 0.006742036790912761]</VALUES>
		<LCS_MIN>[0.10718676447868347, 0.08405657857656479, 0.0669478178024292, 0.08115294575691223, 0.054008353501558304, 0.030017996206879616]</LCS_MIN>
		<LCS_MAX>[0.11484087258577347, 0.09604243189096451, 0.0736832320690155, 0.12325280904769897, 0.0729818269610405, 0.04948057979345322]</LCS_MAX>
		<WAVELENGTH>[0.485, 0.56, 0.66, 0.83, 1.65, 2.215]</WAVELENGTH>
		<MEAN_VALUE>[0.11268815957009792, 0.0900494996458292, 0.0703155267983675, 0.10272913333028555, 0.06383390258997679, 0.03974928776733577]</MEAN_VALUE>
		<CHECKBOX>2</CHECKBOX>
		<SD>[0.002427521668283243, 0.00446686296356045, 0.00291651992993972, 0.012172159648393598, 0.007033920444233266, 0.006742036790912761]</SD>
		<WAVELENGTH_UNIT>E-6m</WAVELENGTH_UNIT>
		<COLOR>#913466</COLOR>
		<COVARIANCE_MATRIX>[[6.734698799982468e-06, 4.9146889028263614e-06, 9.205953421917037e-07, -9.062953012984162e-06, 2.6858974765893636e-06, 9.044522051306168e-06], [4.9146889028263614e-06, 2.280327398311775e-05, 1.1532805986302114e-05, 2.763297803888168e-05, 3.867534692100771e-06, 2.888173382443668e-05], [9.205953421917037e-07, 1.1532805986302114e-05, 9.721244001983534e-06, 1.6203469270815014e-05, 2.608049000590465e-06, 1.4981555113895051e-05], [-9.062953012984162e-06, 2.763297803888168e-05, 1.6203469270815014e-05, 0.00016932739486397869, 6.092743431036476e-05, 3.862756736864032e-05], [2.6858974765893636e-06, 3.867534692100771e-06, 2.608049000590465e-06, 6.092743431036476e-05, 5.654404207520308e-05, 2.0347678304505493e-05], [9.044522051306168e-06, 2.888173382443668e-05, 1.4981555113895051e-05, 3.862756736864032e-05, 2.0347678304505493e-05, 5.1948640102881423e-05]]</COVARIANCE_MATRIX>
		<ROI_SIZE>8</ROI_SIZE>
		<MAX_VALUE>[0.11484087258577347, 0.09604243189096451, 0.0736832320690155, 0.12325280904769897, 0.0729818269610405, 0.04948057979345322]</MAX_VALUE>
		<MIN_VALUE>[0.10718676447868347, 0.08405657857656479, 0.0669478178024292, 0.08115294575691223, 0.054008353501558304, 0.030017996206879616]</MIN_VALUE>
		<SIGNATURE_THRESHOLD_MD>0</SIGNATURE_THRESHOLD_MD>
		<SIGNATURE_THRESHOLD_ML>0</SIGNATURE_THRESHOLD_ML>
		<SIGNATURE_THRESHOLD_SAM>0</SIGNATURE_THRESHOLD_SAM>
	</signature>
	<signature ID="20210222_105419561264_788">
		<MACROCLASSID>1</MACROCLASSID>
		<MACROCLASSINFO>waterbody</MACROCLASSINFO>
		<CLASSID>2</CLASSID>
		<CLASSINFO>C 1</CLASSINFO>
		<VALUES>[0.11046710539431799, 0.0014636123761048922, 0.08729085042363122, 0.001995372312112281, 0.0651837777168978, 0.0030511951042254395, 0.1094200068286487, 0.01559849285118331, 0.06084913068584033, 0.01425988953734601, 0.03168621685888086, 0.006074539042589495]</VALUES>
		<LCS_MIN>[0.10718676447868347, 0.08405657857656479, 0.05684468522667885, 0.08957292139530182, 0.040455881506204605, 0.022232962772250175]</LCS_MIN>
		<LCS_MAX>[0.11292735487222672, 0.09204713255167007, 0.07031553238630295, 0.13588277995586395, 0.08653430640697479, 0.04558806121349335]</LCS_MAX>
		<WAVELENGTH>[0.485, 0.56, 0.66, 0.83, 1.65, 2.215]</WAVELENGTH>
		<MEAN_VALUE>[0.11046710539431799, 0.08729085042363122, 0.0651837777168978, 0.1094200068286487, 0.06084913068584033, 0.03168621685888086]</MEAN_VALUE>
		<CHECKBOX>2</CHECKBOX>
		<SD>[0.0014636123761048922, 0.001995372312112281, 0.0030511951042254395, 0.01559849285118331, 0.01425988953734601, 0.006074539042589495]</SD>
		<WAVELENGTH_UNIT>E-6m</WAVELENGTH_UNIT>
		<COLOR>#c1f945</COLOR>
		<COVARIANCE_MATRIX>[[2.249269246861778e-06, 7.098994208372071e-07, -3.682413616088032e-07, 1.1507781614691436e-07, -2.2229724562743805e-07, 2.4473428251086443e-06], [7.098994208372071e-07, 4.180586197141545e-06, 3.299663929498212e-06, -7.689176669013158e-06, 1.6759458379369303e-06, 1.3330003441309625e-06], [-3.682413616088032e-07, 3.299663929498212e-06, 9.775281142251773e-06, -1.5190821541616739e-06, -5.650787772102409e-07, -1.8726857002024505e-07], [1.1507781614691436e-07, -7.689176669013158e-06, -1.5190821541616739e-06, 0.0002554786281898377, 0.00017467213826166653, 6.274049756278741e-05], [-2.2229724562743805e-07, 1.6759458379369303e-06, -5.650787772102409e-07, 0.00017467213826166653, 0.0002135116720981757, 7.611540758464457e-05], [2.4473428251086443e-06, 1.3330003441309625e-06, -1.8726857002024505e-07, 6.274049756278741e-05, 7.611540758464457e-05, 3.87450258089413e-05]]</COVARIANCE_MATRIX>
		<ROI_SIZE>21</ROI_SIZE>
		<MAX_VALUE>[0.11292735487222672, 0.09204713255167007, 0.07031553238630295, 0.13588277995586395, 0.08653430640697479, 0.04558806121349335]</MAX_VALUE>
		<MIN_VALUE>[0.10718676447868347, 0.08405657857656479, 0.05684468522667885, 0.08957292139530182, 0.040455881506204605, 0.022232962772250175]</MIN_VALUE>
		<SIGNATURE_THRESHOLD_MD>0</SIGNATURE_THRESHOLD_MD>
		<SIGNATURE_THRESHOLD_ML>0</SIGNATURE_THRESHOLD_ML>
		<SIGNATURE_THRESHOLD_SAM>0</SIGNATURE_THRESHOLD_SAM>
	</signature>
	<signature ID="20210222_105435162253_116">
		<MACROCLASSID>1</MACROCLASSID>
		<MACROCLASSINFO>waterbody</MACROCLASSINFO>
		<CLASSID>3</CLASSID>
		<CLASSINFO>C 1</CLASSINFO>
		<VALUES>[0.11069490450123945, 0.0024496814120810733, 0.09104832075536251, 0.004649258577840027, 0.06835102786620459, 0.005906839409779223, 0.08641543673972288, 0.015764043755917993, 0.04474749136716128, 0.01069749946414606, 0.023530468267078202, 0.0062226173653794035]</VALUES>
		<LCS_MIN>[0.10718676447868347, 0.08405657857656479, 0.0602123960852623, 0.06852299720048904, 0.029613886028528214, 0.014447932131588459]</LCS_MIN>
		<LCS_MAX>[0.11675440520048141, 0.09604243189096451, 0.07705093920230865, 0.11483284831047058, 0.070271335542202, 0.03780302777886391]</LCS_MAX>
		<WAVELENGTH>[0.485, 0.56, 0.66, 0.83, 1.65, 2.215]</WAVELENGTH>
		<MEAN_VALUE>[0.11069490450123945, 0.09104832075536251, 0.06835102786620459, 0.08641543673972288, 0.04474749136716128, 0.023530468267078202]</MEAN_VALUE>
		<CHECKBOX>2</CHECKBOX>
		<SD>[0.0024496814120810733, 0.004649258577840027, 0.005906839409779223, 0.015764043755917993, 0.01069749946414606, 0.0062226173653794035]</SD>
		<WAVELENGTH_UNIT>E-6m</WAVELENGTH_UNIT>
		<COLOR>#af17d6</COLOR>
		<COVARIANCE_MATRIX>[[6.546478931667844e-06, 6.602580212989521e-06, 8.689916578492676e-06, 1.9407479561381676e-05, 6.679734730412839e-06, -2.9342274981808015e-06], [6.602580212989521e-06, 2.3580660353038982e-05, 2.5992539135756175e-05, 1.3379689587128793e-05, -3.199490602601289e-06, -7.068930770662949e-06], [8.689916578492676e-06, 2.5992539135756175e-05, 3.8062638341368306e-05, 2.2878132850135525e-05, -3.2502013266650316e-06, -3.1779206404101173e-06], [1.9407479561381676e-05, 1.3379689587128793e-05, 2.2878132850135525e-05, 0.00027109644604199676, 0.00016935190339478578, 6.852928459504323e-05], [6.679734730412839e-06, -3.199490602601289e-06, -3.2502013266650316e-06, 0.00016935190339478578, 0.00012483981249316936, 5.8188443253779776e-05], [-2.9342274981808015e-06, -7.068930770662949e-06, -3.1779206404101173e-06, 6.852928459504323e-05, 5.8188443253779776e-05, 4.2241054773732334e-05]]</COVARIANCE_MATRIX>
		<ROI_SIZE>12</ROI_SIZE>
		<MAX_VALUE>[0.11675440520048141, 0.09604243189096451, 0.07705093920230865, 0.11483284831047058, 0.070271335542202, 0.03780302777886391]</MAX_VALUE>
		<MIN_VALUE>[0.10718676447868347, 0.08405657857656479, 0.0602123960852623, 0.06852299720048904, 0.029613886028528214, 0.014447932131588459]</MIN_VALUE>
		<SIGNATURE_THRESHOLD_MD>0</SIGNATURE_THRESHOLD_MD>
		<SIGNATURE_THRESHOLD_ML>0</SIGNATURE_THRESHOLD_ML>
		<SIGNATURE_THRESHOLD_SAM>0</SIGNATURE_THRESHOLD_SAM>
	</signature>
	<signature ID="20210222_105455123667_465">
		<MACROCLASSID>1</MACROCLASSID>
		<MACROCLASSINFO>waterbody</MACROCLASSINFO>
		<CLASSID>4</CLASSID>
		<CLASSINFO>C 1</CLASSINFO>
		<VALUES>[0.10619138222432724, 0.0035362155207107346, 0.08990907374423122, 0.0058271204166743555, 0.056032158422564746, 0.0036665163789487043, 0.03956095586423159, 0.0040947213736254, 0.011776424476416478, 0.005271259907894208, 0.0074880140501997275, 0.0044329462774719665]</VALUES>
		<LCS_MIN>[0.08805147558450699, 0.06807545572519302, 0.040006138384342194, 0.03063310869038105, 0.0, 0.0]</LCS_MIN>
		<LCS_MAX>[0.11484087258577347, 0.10003770887851715, 0.0804186686873436, 0.06431300193071365, 0.040455881506204605, 0.033910512924194336]</LCS_MAX>
		<WAVELENGTH>[0.485, 0.56, 0.66, 0.83, 1.65, 2.215]</WAVELENGTH>
		<MEAN_VALUE>[0.10619138222432724, 0.08990907374423122, 0.056032158422564746, 0.03956095586423159, 0.011776424476416478, 0.0074880140501997275]</MEAN_VALUE>
		<CHECKBOX>2</CHECKBOX>
		<SD>[0.0035362155207107346, 0.0058271204166743555, 0.0036665163789487043, 0.0040947213736254, 0.005271259907894208, 0.0044329462774719665]</SD>
		<WAVELENGTH_UNIT>E-6m</WAVELENGTH_UNIT>
		<COLOR>#3659eb</COLOR>
		<COVARIANCE_MATRIX>[[1.2587278722654326e-05, 1.4244329809405604e-05, 4.0455872005614e-06, -2.8884823240516133e-06, -4.3497652912272274e-06, -2.5321420594299726e-06], [1.4244329809405604e-05, 3.339977092892673e-05, 1.1010133762482466e-05, -3.2273247922667643e-06, -4.775493945188661e-06, -2.3492152782921167e-06], [4.0455872005614e-06, 1.1010133762482466e-05, 1.535803585677957e-05, 6.7751529064388656e-06, 8.138837902967556e-06, 6.1118251160035395e-06], [-2.8884823240516133e-06, -3.2273247922667643e-06, 6.7751529064388656e-06, 1.9321172837149005e-05, 1.666770950157741e-05, 1.1432013789438641e-05], [-4.3497652912272274e-06, -4.775493945188661e-06, 8.138837902967556e-06, 1.666770950157741e-05, 3.069082468162248e-05, 1.772858160773227e-05], [-2.5321420594299726e-06, -2.3492152782921167e-06, 6.1118251160035395e-06, 1.1432013789438641e-05, 1.772858160773227e-05, 2.1984579286295268e-05]]</COVARIANCE_MATRIX>
		<ROI_SIZE>3352</ROI_SIZE>
		<MAX_VALUE>[0.11484087258577347, 0.10003770887851715, 0.0804186686873436, 0.06431300193071365, 0.040455881506204605, 0.033910512924194336]</MAX_VALUE>
		<MIN_VALUE>[0.08805147558450699, 0.06807545572519302, 0.040006138384342194, 0.03063310869038105, 0.0, 0.0]</MIN_VALUE>
		<SIGNATURE_THRESHOLD_MD>0</SIGNATURE_THRESHOLD_MD>
		<SIGNATURE_THRESHOLD_ML>0</SIGNATURE_THRESHOLD_ML>
		<SIGNATURE_THRESHOLD_SAM>0</SIGNATURE_THRESHOLD_SAM>
	</signature>
	<signature ID="20210222_105503335995_799">
		<MACROCLASSID>1</MACROCLASSID>
		<MACROCLASSINFO>waterbody</MACROCLASSINFO>
		<CLASSID>5</CLASSID>
		<CLASSINFO>C 1</CLASSINFO>
		<VALUES>[0.09844299529989559, 0.0025479103619199133, 0.07885900636514032, 0.003538579276887456, 0.056423721472836204, 0.002931113542758382, 0.04688833490083065, 0.007039024547587333, 0.019675401992302537, 0.006865996098804861, 0.011953414643088488, 0.005335605728925045]</VALUES>
		<LCS_MIN>[0.08996500074863434, 0.06408015638589859, 0.046741556376218796, 0.034843090921640396, 0.007929918356239796, 0.0]</LCS_MIN>
		<LCS_MAX>[0.10335970669984818, 0.08405657857656479, 0.0669478178024292, 0.07273298501968384, 0.04316636547446251, 0.026125477626919746]</LCS_MAX>
		<WAVELENGTH>[0.485, 0.56, 0.66, 0.83, 1.65, 2.215]</WAVELENGTH>
		<MEAN_VALUE>[0.09844299529989559, 0.07885900636514032, 0.056423721472836204, 0.04688833490083065, 0.019675401992302537, 0.011953414643088488]</MEAN_VALUE>
		<CHECKBOX>2</CHECKBOX>
		<SD>[0.0025479103619199133, 0.003538579276887456, 0.002931113542758382, 0.007039024547587333, 0.006865996098804861, 0.005335605728925045]</SD>
		<WAVELENGTH_UNIT>E-6m</WAVELENGTH_UNIT>
		<COLOR>#32f781</COLOR>
		<COVARIANCE_MATRIX>[[6.522041850575993e-06, 4.942153557871871e-06, 3.795341494442327e-06, -2.5885160765836952e-06, 1.2785617840866354e-06, 1.8915247579234429e-06], [4.942153557871871e-06, 1.2579783035090926e-05, 5.999977699534967e-06, -5.4784825492464885e-06, 1.0409523813667066e-06, 1.7915777806279593e-06], [3.795341494442327e-06, 5.999977699534967e-06, 8.631386724265034e-06, 8.243168152796781e-08, 3.184245905835876e-06, 3.1344699701820222e-06], [-2.5885160765836952e-06, -5.4784825492464885e-06, 8.243168152796781e-08, 4.9778321774939576e-05, 3.168586162540188e-05, 1.777450421313553e-05], [1.2785617840866354e-06, 1.0409523813667066e-06, 3.184245905835876e-06, 3.168586162540188e-05, 4.736116709126313e-05, 2.518790180891837e-05], [1.8915247579234429e-06, 1.7915777806279593e-06, 3.1344699701820222e-06, 1.777450421313553e-05, 2.518790180891837e-05, 2.8601100999163527e-05]]</COVARIANCE_MATRIX>
		<ROI_SIZE>216</ROI_SIZE>
		<MAX_VALUE>[0.10335970669984818, 0.08405657857656479, 0.0669478178024292, 0.07273298501968384, 0.04316636547446251, 0.026125477626919746]</MAX_VALUE>
		<MIN_VALUE>[0.08996500074863434, 0.06408015638589859, 0.046741556376218796, 0.034843090921640396, 0.007929918356239796, 0.0]</MIN_VALUE>
		<SIGNATURE_THRESHOLD_MD>0</SIGNATURE_THRESHOLD_MD>
		<SIGNATURE_THRESHOLD_ML>0</SIGNATURE_THRESHOLD_ML>
		<SIGNATURE_THRESHOLD_SAM>0</SIGNATURE_THRESHOLD_SAM>
	</signature>
	<signature ID="20210222_105510035775_472">
		<MACROCLASSID>1</MACROCLASSID>
		<MACROCLASSINFO>waterbody</MACROCLASSINFO>
		<CLASSID>6</CLASSID>
		<CLASSINFO>C 1</CLASSINFO>
		<VALUES>[0.10093910728420924, 0.002237208814131353, 0.07992219115018383, 0.003377033320732331, 0.05290374960354032, 0.003563990289912788, 0.04010354514581436, 0.004000429532729464, 0.013361396318449272, 0.00538943386626954, 0.008785341936568923, 0.004935279372750697]</VALUES>
		<LCS_MIN>[0.09570558369159698, 0.07207071036100388, 0.046741556376218796, 0.03063310869038105, 0.002508926670998335, 0.0]</LCS_MIN>
		<LCS_MAX>[0.10718676447868347, 0.09604243189096451, 0.07031553238630295, 0.06431300193071365, 0.03774537518620491, 0.030017996206879616]</LCS_MAX>
		<WAVELENGTH>[0.485, 0.56, 0.66, 0.83, 1.65, 2.215]</WAVELENGTH>
		<MEAN_VALUE>[0.10093910728420924, 0.07992219115018383, 0.05290374960354032, 0.04010354514581436, 0.013361396318449272, 0.008785341936568923]</MEAN_VALUE>
		<CHECKBOX>2</CHECKBOX>
		<SD>[0.002237208814131353, 0.003377033320732331, 0.003563990289912788, 0.004000429532729464, 0.00538943386626954, 0.004935279372750697]</SD>
		<WAVELENGTH_UNIT>E-6m</WAVELENGTH_UNIT>
		<COLOR>#b0c287</COLOR>
		<COVARIANCE_MATRIX>[[5.014803090581354e-06, 1.899870574762025e-06, 1.9942199432669364e-06, 1.8607301430049787e-06, 8.798158811822601e-07, 8.18218157592042e-07], [1.899870574762025e-06, 1.1426455510672359e-05, 7.951362318877416e-06, 5.39453313620991e-06, 5.8148116129554565e-06, 5.617099968598086e-06], [1.9942199432669364e-06, 7.951362318877416e-06, 1.2726643117574425e-05, 7.774755302600178e-06, 8.585788063405917e-06, 7.3117990935405e-06], [1.8607301430049787e-06, 5.39453313620991e-06, 7.774755302600178e-06, 1.603445085805176e-05, 1.1466456948634826e-05, 8.881644632317585e-06], [8.798158811822601e-07, 5.8148116129554565e-06, 8.585788063405917e-06, 1.1466456948634826e-05, 2.910228809152656e-05, 1.7829958644141833e-05], [8.18218157592042e-07, 5.617099968598086e-06, 7.3117990935405e-06, 8.881644632317585e-06, 1.7829958644141833e-05, 2.4404185941530885e-05]]</COVARIANCE_MATRIX>
		<ROI_SIZE>517</ROI_SIZE>
		<MAX_VALUE>[0.10718676447868347, 0.09604243189096451, 0.07031553238630295, 0.06431300193071365, 0.03774537518620491, 0.030017996206879616]</MAX_VALUE>
		<MIN_VALUE>[0.09570558369159698, 0.07207071036100388, 0.046741556376218796, 0.03063310869038105, 0.002508926670998335, 0.0]</MIN_VALUE>
		<SIGNATURE_THRESHOLD_MD>0</SIGNATURE_THRESHOLD_MD>
		<SIGNATURE_THRESHOLD_ML>0</SIGNATURE_THRESHOLD_ML>
		<SIGNATURE_THRESHOLD_SAM>0</SIGNATURE_THRESHOLD_SAM>
	</signature>
	<signature ID="20210222_105523142634_482">
		<MACROCLASSID>1</MACROCLASSID>
		<MACROCLASSINFO>waterbody</MACROCLASSINFO>
		<CLASSID>7</CLASSID>
		<CLASSINFO>C 1</CLASSINFO>
		<VALUES>[0.11386621130045638, 0.0049939944703896655, 0.08818475692968607, 0.007800309193437367, 0.061073576671355975, 0.004358204085432261, 0.07443973005375583, 0.011823709348669623, 0.026497662747027105, 0.007314929376816747, 0.01350110276648678, 0.005636435804535001]</VALUES>
		<LCS_MIN>[0.09953264147043228, 0.07207071036100388, 0.0534769743680954, 0.047473058104515076, 0.007929918356239796, 0.002770383143797517]</LCS_MIN>
		<LCS_MAX>[0.12249498814344406, 0.10003770887851715, 0.0736832320690155, 0.0979928970336914, 0.054008353501558304, 0.03780302777886391]</LCS_MAX>
		<WAVELENGTH>[0.485, 0.56, 0.66, 0.83, 1.65, 2.215]</WAVELENGTH>
		<MEAN_VALUE>[0.11386621130045638, 0.08818475692968607, 0.061073576671355975, 0.07443973005375583, 0.026497662747027105, 0.01350110276648678]</MEAN_VALUE>
		<CHECKBOX>2</CHECKBOX>
		<SD>[0.0049939944703896655, 0.007800309193437367, 0.004358204085432261, 0.011823709348669623, 0.007314929376816747, 0.005636435804535001]</SD>
		<WAVELENGTH_UNIT>E-6m</WAVELENGTH_UNIT>
		<COLOR>#ce564f</COLOR>
		<COVARIANCE_MATRIX>[[2.4991939063553895e-05, 3.332223093030702e-05, 1.5770193916409036e-05, -3.698469299126659e-05, -5.010196321882661e-06, 2.3028919457219435e-06], [3.332223093030702e-05, 6.097158356220956e-05, 2.7552071000055227e-05, -4.791927031005106e-05, -8.483992255710985e-07, 8.225942241590512e-06], [1.5770193916409036e-05, 2.7552071000055227e-05, 1.903351356454993e-05, -1.5148757053821704e-05, 6.568702519889043e-06, 8.873582766875167e-06], [-3.698469299126659e-05, -4.791927031005106e-05, -1.5148757053821704e-05, 0.00014009135297590462, 5.297126227150569e-05, 2.541529703666605e-05], [-5.010196321882661e-06, -8.483992255710985e-07, 6.568702519889043e-06, 5.297126227150569e-05, 5.361966718737468e-05, 3.045371611483066e-05], [2.3028919457219435e-06, 8.225942241590512e-06, 8.873582766875167e-06, 2.541529703666605e-05, 3.045371611483066e-05, 3.18355948465163e-05]]</COVARIANCE_MATRIX>
		<ROI_SIZE>481</ROI_SIZE>
		<MAX_VALUE>[0.12249498814344406, 0.10003770887851715, 0.0736832320690155, 0.0979928970336914, 0.054008353501558304, 0.03780302777886391]</MAX_VALUE>
		<MIN_VALUE>[0.09953264147043228, 0.07207071036100388, 0.0534769743680954, 0.047473058104515076, 0.007929918356239796, 0.002770383143797517]</MIN_VALUE>
		<SIGNATURE_THRESHOLD_MD>0</SIGNATURE_THRESHOLD_MD>
		<SIGNATURE_THRESHOLD_ML>0</SIGNATURE_THRESHOLD_ML>
		<SIGNATURE_THRESHOLD_SAM>0</SIGNATURE_THRESHOLD_SAM>
	</signature>
	<signature ID="20210222_105534865011_887">
		<MACROCLASSID>1</MACROCLASSID>
		<MACROCLASSINFO>waterbody</MACROCLASSINFO>
		<CLASSID>8</CLASSID>
		<CLASSINFO>C 1</CLASSINFO>
		<VALUES>[0.12636860255197316, 0.002951409379283487, 0.1132386712370998, 0.006621711407610734, 0.09426642245547322, 0.006414029149425603, 0.0801081385490668, 0.0095042811010017, 0.02892802056115474, 0.008108025281869897, 0.01660728300049212, 0.005928898263890362]</VALUES>
		<LCS_MIN>[0.11675440520048141, 0.09604243189096451, 0.0736832320690155, 0.06431300193071365, 0.016061406582593918, 0.006662898231297731]</LCS_MIN>
		<LCS_MAX>[0.13397617638111115, 0.12400940805673599, 0.11072803288698196, 0.10641288012266159, 0.0567188486456871, 0.041695546358823776]</LCS_MAX>
		<WAVELENGTH>[0.485, 0.56, 0.66, 0.83, 1.65, 2.215]</WAVELENGTH>
		<MEAN_VALUE>[0.12636860255197316, 0.1132386712370998, 0.09426642245547322, 0.0801081385490668, 0.02892802056115474, 0.01660728300049212]</MEAN_VALUE>
		<CHECKBOX>2</CHECKBOX>
		<SD>[0.002951409379283487, 0.006621711407610734, 0.006414029149425603, 0.0095042811010017, 0.008108025281869897, 0.005928898263890362]</SD>
		<WAVELENGTH_UNIT>E-6m</WAVELENGTH_UNIT>
		<COLOR>#0ac324</COLOR>
		<COVARIANCE_MATRIX>[[8.732063220035076e-06, 1.204490274436197e-05, 1.1314784442788643e-05, -1.0404288668428276e-05, -2.978749168690855e-06, 4.4423065971879307e-07], [1.204490274436197e-05, 4.395400601925707e-05, 3.521291593759811e-05, -3.593664925076182e-05, -1.0601250128797005e-05, -1.5302485416187309e-06], [1.1314784442788643e-05, 3.521291593759811e-05, 4.124011083194877e-05, -2.7857514440313087e-05, -5.952460787327919e-06, 1.5820712186775428e-06], [-1.0404288668428276e-05, -3.593664925076182e-05, -2.7857514440313087e-05, 9.055167963526501e-05, 4.846093213098124e-05, 2.5883519097741187e-05], [-2.978749168690855e-06, -1.0601250128797005e-05, -5.952460787327919e-06, 4.846093213098124e-05, 6.59004156152742e-05, 3.830898304721471e-05], [4.4423065971879307e-07, -1.5302485416187309e-06, 1.5820712186775428e-06, 2.5883519097741187e-05, 3.830898304721471e-05, 3.523757080557082e-05]]</COVARIANCE_MATRIX>
		<ROI_SIZE>411</ROI_SIZE>
		<MAX_VALUE>[0.13397617638111115, 0.12400940805673599, 0.11072803288698196, 0.10641288012266159, 0.0567188486456871, 0.041695546358823776]</MAX_VALUE>
		<MIN_VALUE>[0.11675440520048141, 0.09604243189096451, 0.0736832320690155, 0.06431300193071365, 0.016061406582593918, 0.006662898231297731]</MIN_VALUE>
		<SIGNATURE_THRESHOLD_MD>0</SIGNATURE_THRESHOLD_MD>
		<SIGNATURE_THRESHOLD_ML>0</SIGNATURE_THRESHOLD_ML>
		<SIGNATURE_THRESHOLD_SAM>0</SIGNATURE_THRESHOLD_SAM>
	</signature>
	<signature ID="20210222_105544139291_514">
		<MACROCLASSID>1</MACROCLASSID>
		<MACROCLASSINFO>waterbody</MACROCLASSINFO>
		<CLASSID>9</CLASSID>
		<CLASSINFO>C 1</CLASSINFO>
		<VALUES>[0.11921983469473686, 0.0035069899372656187, 0.098035864139858, 0.004845755063280964, 0.06752210052389843, 0.004003223850793927, 0.05877354752860567, 0.007187885099818289, 0.02177912750624512, 0.007068445897130954, 0.012553831165852526, 0.00585544080782093]</VALUES>
		<LCS_MIN>[0.10335970669984818, 0.07606600224971771, 0.05684468522667885, 0.047473058104515076, 0.005219422746449709, 0.0]</LCS_MIN>
		<LCS_MAX>[0.1282355636358261, 0.11601884663105011, 0.0871540755033493, 0.08536294102668762, 0.048587363213300705, 0.033910512924194336]</LCS_MAX>
		<WAVELENGTH>[0.485, 0.56, 0.66, 0.83, 1.65, 2.215]</WAVELENGTH>
		<MEAN_VALUE>[0.11921983469473686, 0.098035864139858, 0.06752210052389843, 0.05877354752860567, 0.02177912750624512, 0.012553831165852526]</MEAN_VALUE>
		<CHECKBOX>2</CHECKBOX>
		<SD>[0.0035069899372656187, 0.004845755063280964, 0.004003223850793927, 0.007187885099818289, 0.007068445897130954, 0.00585544080782093]</SD>
		<WAVELENGTH_UNIT>E-6m</WAVELENGTH_UNIT>
		<COLOR>#373e95</COLOR>
		<COVARIANCE_MATRIX>[[1.2324925631939064e-05, 1.1639305402295177e-05, 7.730848185092674e-06, 1.04121377586681e-06, -6.236795016984174e-07, 1.6782488402104447e-06], [1.1639305402295177e-05, 2.353088082979667e-05, 1.3755429239979474e-05, 1.3783229330505641e-06, 9.607926288028599e-07, 3.20261487619925e-06], [7.730848185092674e-06, 1.3755429239979474e-05, 1.605961090673759e-05, 9.409507115162906e-06, 8.861110296956053e-06, 8.059313950837236e-06], [1.04121377586681e-06, 1.3783229330505641e-06, 9.409507115162906e-06, 5.177469155884007e-05, 3.730102217948778e-05, 2.545049872574934e-05], [-6.236795016984174e-07, 9.607926288028599e-07, 8.861110296956053e-06, 3.730102217948778e-05, 5.0068334420500084e-05, 3.167113472634051e-05], [1.6782488402104447e-06, 3.20261487619925e-06, 8.059313950837236e-06, 2.545049872574934e-05, 3.167113472634051e-05, 3.435852078185642e-05]]</COVARIANCE_MATRIX>
		<ROI_SIZE>475</ROI_SIZE>
		<MAX_VALUE>[0.1282355636358261, 0.11601884663105011, 0.0871540755033493, 0.08536294102668762, 0.048587363213300705, 0.033910512924194336]</MAX_VALUE>
		<MIN_VALUE>[0.10335970669984818, 0.07606600224971771, 0.05684468522667885, 0.047473058104515076, 0.005219422746449709, 0.0]</MIN_VALUE>
		<SIGNATURE_THRESHOLD_MD>0</SIGNATURE_THRESHOLD_MD>
		<SIGNATURE_THRESHOLD_ML>0</SIGNATURE_THRESHOLD_ML>
		<SIGNATURE_THRESHOLD_SAM>0</SIGNATURE_THRESHOLD_SAM>
	</signature>
	<signature ID="20210222_105556822791_184">
		<MACROCLASSID>1</MACROCLASSID>
		<MACROCLASSINFO>waterbody</MACROCLASSINFO>
		<CLASSID>10</CLASSID>
		<CLASSINFO>C 1</CLASSINFO>
		<VALUES>[0.13702245706997582, 0.003209626442667091, 0.1216977569819694, 0.005119291873484893, 0.09909311847692749, 0.004492746847205961, 0.08475044664979772, 0.008192215068962533, 0.03142692904022331, 0.007548910215345723, 0.018620343674067726, 0.006771861596157996]</VALUES>
		<LCS_MIN>[0.1282355636358261, 0.10403299331665039, 0.08378637582063675, 0.06852299720048904, 0.013350911438465118, 0.006662898231297731]</LCS_MIN>
		<LCS_MAX>[0.14545734226703644, 0.13199998438358307, 0.11072803288698196, 0.11062285304069519, 0.0594293475151062, 0.041695546358823776]</LCS_MAX>
		<WAVELENGTH>[0.485, 0.56, 0.66, 0.83, 1.65, 2.215]</WAVELENGTH>
		<MEAN_VALUE>[0.13702245706997582, 0.1216977569819694, 0.09909311847692749, 0.08475044664979772, 0.03142692904022331, 0.018620343674067726]</MEAN_VALUE>
		<CHECKBOX>2</CHECKBOX>
		<SD>[0.003209626442667091, 0.005119291873484893, 0.004492746847205961, 0.008192215068962533, 0.007548910215345723, 0.006771861596157996]</SD>
		<WAVELENGTH_UNIT>E-6m</WAVELENGTH_UNIT>
		<COLOR>#2ee7ea</COLOR>
		<COVARIANCE_MATRIX>[[1.0318957683547745e-05, 9.34600038594639e-06, 8.527691491285157e-06, 9.243606875439123e-07, 2.008709776816283e-06, 2.614380628653633e-06], [9.34600038594639e-06, 2.6251047358433743e-05, 1.6241093627355373e-05, -7.870149841952576e-06, -3.5473626462783727e-06, -1.3337873861785537e-07], [8.527691491285157e-06, 1.6241093627355373e-05, 2.02185845751781e-05, 1.743820868969307e-06, 4.723701511680985e-06, 6.841164837595911e-06], [9.243606875439123e-07, -7.870149841952576e-06, 1.743820868969307e-06, 6.722480379599654e-05, 4.4807310826404355e-05, 3.393480100285183e-05], [2.008709776816283e-06, -3.5473626462783727e-06, 4.723701511680985e-06, 4.4807310826404355e-05, 5.708149945181211e-05, 3.8725260792884405e-05], [2.614380628653633e-06, -1.3337873861785537e-07, 6.841164837595911e-06, 3.393480100285183e-05, 3.8725260792884405e-05, 4.5934923731250715e-05]]</COVARIANCE_MATRIX>
		<ROI_SIZE>598</ROI_SIZE>
		<MAX_VALUE>[0.14545734226703644, 0.13199998438358307, 0.11072803288698196, 0.11062285304069519, 0.0594293475151062, 0.041695546358823776]</MAX_VALUE>
		<MIN_VALUE>[0.1282355636358261, 0.10403299331665039, 0.08378637582063675, 0.06852299720048904, 0.013350911438465118, 0.006662898231297731]</MIN_VALUE>
		<SIGNATURE_THRESHOLD_MD>0</SIGNATURE_THRESHOLD_MD>
		<SIGNATURE_THRESHOLD_ML>0</SIGNATURE_THRESHOLD_ML>
		<SIGNATURE_THRESHOLD_SAM>0</SIGNATURE_THRESHOLD_SAM>
	</signature>
	<signature ID="20210222_105608370810_352">
		<MACROCLASSID>1</MACROCLASSID>
		<MACROCLASSINFO>waterbody</MACROCLASSINFO>
		<CLASSID>11</CLASSID>
		<CLASSINFO>C 1</CLASSINFO>
		<VALUES>[0.13408207168219646, 0.0030684353688049813, 0.11950327974978747, 0.00666995276490428, 0.09514917918118355, 0.0055217420562179475, 0.07916043876521003, 0.008380968355315859, 0.027017191269271473, 0.0067348113678436195, 0.015963338088876934, 0.005297615797838662]</VALUES>
		<LCS_MIN>[0.12632204592227936, 0.10403299331665039, 0.0804186686873436, 0.06852299720048904, 0.013350911438465118, 0.002770383143797517]</LCS_MIN>
		<LCS_MAX>[0.14545734226703644, 0.13999053835868835, 0.12083116173744202, 0.10641288012266159, 0.048587363213300705, 0.03780302777886391]</LCS_MAX>
		<WAVELENGTH>[0.485, 0.56, 0.66, 0.83, 1.65, 2.215]</WAVELENGTH>
		<MEAN_VALUE>[0.13408207168219646, 0.11950327974978747, 0.09514917918118355, 0.07916043876521003, 0.027017191269271473, 0.015963338088876934]</MEAN_VALUE>
		<CHECKBOX>2</CHECKBOX>
		<SD>[0.0030684353688049813, 0.00666995276490428, 0.0055217420562179475, 0.008380968355315859, 0.0067348113678436195, 0.005297615797838662]</SD>
		<WAVELENGTH_UNIT>E-6m</WAVELENGTH_UNIT>
		<COLOR>#68f472</COLOR>
		<COVARIANCE_MATRIX>[[9.433298089804081e-06, 1.1806890830391116e-05, 9.169168807706569e-06, -4.35533397344631e-07, -5.37682448092845e-07, -7.16220534544272e-07], [1.1806890830391116e-05, 4.457333349960317e-05, 2.812062079455579e-05, -8.83488306908488e-06, -6.526240585316321e-06, -3.833391613139091e-06], [9.169168807706569e-06, 2.812062079455579e-05, 3.054793291730933e-05, 5.550919866681527e-06, 3.6437727826173916e-06, 3.4262129104805213e-06], [-4.35533397344631e-07, -8.83488306908488e-06, 5.550919866681527e-06, 7.03749338817404e-05, 4.150806621200559e-05, 2.740273190312555e-05], [-5.37682448092845e-07, -6.526240585316321e-06, 3.6437727826173916e-06, 4.150806621200559e-05, 4.544441013397376e-05, 2.6113062849738528e-05], [-7.16220534544272e-07, -3.833391613139091e-06, 3.4262129104805213e-06, 2.740273190312555e-05, 2.6113062849738528e-05, 2.811839419914168e-05]]</COVARIANCE_MATRIX>
		<ROI_SIZE>524</ROI_SIZE>
		<MAX_VALUE>[0.14545734226703644, 0.13999053835868835, 0.12083116173744202, 0.10641288012266159, 0.048587363213300705, 0.03780302777886391]</MAX_VALUE>
		<MIN_VALUE>[0.12632204592227936, 0.10403299331665039, 0.0804186686873436, 0.06852299720048904, 0.013350911438465118, 0.002770383143797517]</MIN_VALUE>
		<SIGNATURE_THRESHOLD_MD>0</SIGNATURE_THRESHOLD_MD>
		<SIGNATURE_THRESHOLD_ML>0</SIGNATURE_THRESHOLD_ML>
		<SIGNATURE_THRESHOLD_SAM>0</SIGNATURE_THRESHOLD_SAM>
	</signature>
	<signature ID="20210222_105630953706_955">
		<MACROCLASSID>1</MACROCLASSID>
		<MACROCLASSINFO>waterbody</MACROCLASSINFO>
		<CLASSID>12</CLASSID>
		<CLASSINFO>C 1</CLASSINFO>
		<VALUES>[0.13329799239907203, 0.0031999187997179186, 0.11777559221886541, 0.005603306791333587, 0.09325557954828534, 0.0051592177020320885, 0.07976613349336024, 0.009505036264276859, 0.031650746254907804, 0.009331144002110507, 0.02001193919979201, 0.007661861263922508]</VALUES>
		<LCS_MIN>[0.12440852075815201, 0.09604243189096451, 0.07705093920230865, 0.06431300193071365, 0.016061406582593918, 0.002770383143797517]</LCS_MIN>
		<LCS_MAX>[0.1435438096523285, 0.13199998438358307, 0.11072803288698196, 0.10641288012266159, 0.0594293475151062, 0.04948057979345322]</LCS_MAX>
		<WAVELENGTH>[0.485, 0.56, 0.66, 0.83, 1.65, 2.215]</WAVELENGTH>
		<MEAN_VALUE>[0.13329799239907203, 0.11777559221886541, 0.09325557954828534, 0.07976613349336024, 0.031650746254907804, 0.02001193919979201]</MEAN_VALUE>
		<CHECKBOX>2</CHECKBOX>
		<SD>[0.0031999187997179186, 0.005603306791333587, 0.0051592177020320885, 0.009505036264276859, 0.009331144002110507, 0.007661861263922508]</SD>
		<WAVELENGTH_UNIT>E-6m</WAVELENGTH_UNIT>
		<COLOR>#002b50</COLOR>
		<COVARIANCE_MATRIX>[[1.0254560560907233e-05, 1.1281514700640389e-05, 1.0901403064239089e-05, 9.91990805423116e-07, 9.326995018751093e-07, 2.5393573392684863e-06], [1.1281514700640389e-05, 3.1443287125931494e-05, 2.2655093975926923e-05, -7.840430232587405e-06, -3.918436922286163e-06, 8.842233663705397e-07], [1.0901403064239089e-05, 2.2655093975926923e-05, 2.6656728368090813e-05, 1.5208487344408814e-06, 4.465785134232348e-06, 7.914832785847788e-06], [9.91990805423116e-07, -7.840430232587405e-06, 1.5208487344408814e-06, 9.04787714019859e-05, 6.978330670628973e-05, 4.85393629322361e-05], [9.326995018751093e-07, -3.918436922286163e-06, 4.465785134232348e-06, 6.978330670628973e-05, 8.719848144907732e-05, 5.925721635667239e-05], [2.5393573392684863e-06, 8.842233663705397e-07, 7.914832785847788e-06, 4.85393629322361e-05, 5.925721635667239e-05, 5.879057475517736e-05]]</COVARIANCE_MATRIX>
		<ROI_SIZE>680</ROI_SIZE>
		<MAX_VALUE>[0.1435438096523285, 0.13199998438358307, 0.11072803288698196, 0.10641288012266159, 0.0594293475151062, 0.04948057979345322]</MAX_VALUE>
		<MIN_VALUE>[0.12440852075815201, 0.09604243189096451, 0.07705093920230865, 0.06431300193071365, 0.016061406582593918, 0.002770383143797517]</MIN_VALUE>
		<SIGNATURE_THRESHOLD_MD>0</SIGNATURE_THRESHOLD_MD>
		<SIGNATURE_THRESHOLD_ML>0</SIGNATURE_THRESHOLD_ML>
		<SIGNATURE_THRESHOLD_SAM>0</SIGNATURE_THRESHOLD_SAM>
	</signature>
	<signature ID="20210222_105707830198_712">
		<MACROCLASSID>1</MACROCLASSID>
		<MACROCLASSINFO>waterbody</MACROCLASSINFO>
		<CLASSID>13</CLASSID>
		<CLASSINFO>C 1</CLASSINFO>
		<VALUES>[0.11063111672798794, 0.004242494052530973, 0.08938361836804284, 0.006469672572167696, 0.06941747160421478, 0.0064447660052550865, 0.0879824872646067, 0.018021473548311198, 0.055815351423290034, 0.014410734022696757, 0.035813520041604846, 0.011028711450335233]</VALUES>
		<LCS_MIN>[0.09953264147043228, 0.07606600224971771, 0.05684468522667885, 0.055893030017614365, 0.026903392747044563, 0.010555414482951164]</LCS_MIN>
		<LCS_MAX>[0.12058145552873611, 0.10003770887851715, 0.08378637582063675, 0.11904283612966537, 0.09466580301523209, 0.05726560577750206]</LCS_MAX>
		<WAVELENGTH>[0.485, 0.56, 0.66, 0.83, 1.65, 2.215]</WAVELENGTH>
		<MEAN_VALUE>[0.11063111672798794, 0.08938361836804284, 0.06941747160421478, 0.0879824872646067, 0.055815351423290034, 0.035813520041604846]</MEAN_VALUE>
		<CHECKBOX>2</CHECKBOX>
		<SD>[0.004242494052530973, 0.006469672572167696, 0.0064447660052550865, 0.018021473548311198, 0.014410734022696757, 0.011028711450335233]</SD>
		<WAVELENGTH_UNIT>E-6m</WAVELENGTH_UNIT>
		<COLOR>#db1827</COLOR>
		<COVARIANCE_MATRIX>[[1.8407818417255253e-05, 2.0502738845992405e-05, 1.7516540242277386e-05, 6.334908553404407e-06, 1.532415697785734e-06, 9.716830116369947e-06], [2.0502738845992405e-05, 4.280795099085575e-05, 3.05794531484987e-05, 1.8604039972943416e-05, 4.4301061985714355e-06, 2.0028701504696775e-05], [1.7516540242277386e-05, 3.05794531484987e-05, 4.2478986336639184e-05, 5.170680690354459e-05, 3.754994906156737e-05, 3.809516161283662e-05], [6.334908553404407e-06, 1.8604039972943416e-05, 5.170680690354459e-05, 0.00033215472496276384, 0.00021274884319147643, 0.0001271185548022643], [1.532415697785734e-06, 4.4301061985714355e-06, 3.754994906156737e-05, 0.00021274884319147643, 0.00021238901087002152, 0.00012476943785654884], [9.716830116369947e-06, 2.0028701504696775e-05, 3.809516161283662e-05, 0.0001271185548022643, 0.00012476943785654884, 0.00012439685071509093]]</COVARIANCE_MATRIX>
		<ROI_SIZE>45</ROI_SIZE>
		<MAX_VALUE>[0.12058145552873611, 0.10003770887851715, 0.08378637582063675, 0.11904283612966537, 0.09466580301523209, 0.05726560577750206]</MAX_VALUE>
		<MIN_VALUE>[0.09953264147043228, 0.07606600224971771, 0.05684468522667885, 0.055893030017614365, 0.026903392747044563, 0.010555414482951164]</MIN_VALUE>
		<SIGNATURE_THRESHOLD_MD>0</SIGNATURE_THRESHOLD_MD>
		<SIGNATURE_THRESHOLD_ML>0</SIGNATURE_THRESHOLD_ML>
		<SIGNATURE_THRESHOLD_SAM>0</SIGNATURE_THRESHOLD_SAM>
	</signature>
	<signature ID="20210222_105721186737_258">
		<MACROCLASSID>1</MACROCLASSID>
		<MACROCLASSINFO>waterbody</MACROCLASSINFO>
		<CLASSID>14</CLASSID>
		<CLASSINFO>C 1</CLASSINFO>
		<VALUES>[0.10463539014259975, 0.004577387406755269, 0.08672009843091172, 0.0068879227895525755, 0.0677897462931772, 0.008708969784572676, 0.09132708733280501, 0.015077627647783932, 0.0678996481001377, 0.016455945407493795, 0.04445274383760988, 0.012022728967912361]</VALUES>
		<LCS_MIN>[0.09953264147043228, 0.07606600224971771, 0.05684468522667885, 0.07273298501968384, 0.03774537518620491, 0.026125477626919746]</LCS_MIN>
		<LCS_MAX>[0.11484087258577347, 0.10403299331665039, 0.08378637582063675, 0.11904283612966537, 0.09466580301523209, 0.0650506466627121]</LCS_MAX>
		<WAVELENGTH>[0.485, 0.56, 0.66, 0.83, 1.65, 2.215]</WAVELENGTH>
		<MEAN_VALUE>[0.10463539014259975, 0.08672009843091172, 0.0677897462931772, 0.09132708733280501, 0.0678996481001377, 0.04445274383760988]</MEAN_VALUE>
		<CHECKBOX>2</CHECKBOX>
		<SD>[0.004577387406755269, 0.0068879227895525755, 0.008708969784572676, 0.015077627647783932, 0.016455945407493795, 0.012022728967912361]</SD>
		<WAVELENGTH_UNIT>E-6m</WAVELENGTH_UNIT>
		<COLOR>#a6a529</COLOR>
		<COVARIANCE_MATRIX>[[2.186345266593572e-05, 2.7034827709281803e-05, 3.5583286601196946e-05, 1.5878361938848222e-05, 1.307930720650699e-05, 8.959739981666329e-06], [2.7034827709281803e-05, 4.950624037026543e-05, 5.732983704740522e-05, 4.339095802375678e-05, 3.672511667069437e-05, 3.020186895504357e-05], [3.5583286601196946e-05, 5.732983704740522e-05, 7.914381360897374e-05, 7.428052085756285e-05, 5.129634370006738e-05, 4.089399028600423e-05], [1.5878361938848222e-05, 4.339095802375678e-05, 7.428052085756285e-05, 0.00023721897963674974, 0.00010852999031267094, 6.905289351222588e-05], [1.307930720650699e-05, 3.672511667069437e-05, 5.129634370006738e-05, 0.00010852999031267094, 0.00028257197139591256, 0.0001935241850516478], [8.959739981666329e-06, 3.020186895504357e-05, 4.089399028600423e-05, 6.905289351222588e-05, 0.0001935241850516478, 0.00015083062104613462]]</COVARIANCE_MATRIX>
		<ROI_SIZE>24</ROI_SIZE>
		<MAX_VALUE>[0.11484087258577347, 0.10403299331665039, 0.08378637582063675, 0.11904283612966537, 0.09466580301523209, 0.0650506466627121]</MAX_VALUE>
		<MIN_VALUE>[0.09953264147043228, 0.07606600224971771, 0.05684468522667885, 0.07273298501968384, 0.03774537518620491, 0.026125477626919746]</MIN_VALUE>
		<SIGNATURE_THRESHOLD_MD>0</SIGNATURE_THRESHOLD_MD>
		<SIGNATURE_THRESHOLD_ML>0</SIGNATURE_THRESHOLD_ML>
		<SIGNATURE_THRESHOLD_SAM>0</SIGNATURE_THRESHOLD_SAM>
	</signature>
	<signature ID="20210222_105734219888_790">
		<MACROCLASSID>1</MACROCLASSID>
		<MACROCLASSINFO>waterbody</MACROCLASSINFO>
		<CLASSID>15</CLASSID>
		<CLASSINFO>C 1</CLASSINFO>
		<VALUES>[0.1255247419079145, 0.0024025169691271613, 0.12767175771296024, 0.0030332350098696927, 0.12195373574892679, 0.005205142275734114, 0.16675601651271185, 0.01686916165886979, 0.2103136368095875, 0.018461028612663525, 0.15295662855108577, 0.014165256014789214]</VALUES>
		<LCS_MIN>[0.12249498814344406, 0.12001411616802216, 0.11409574747085571, 0.14430274069309235, 0.17869119346141815, 0.1312234103679657]</LCS_MIN>
		<LCS_MAX>[0.13014911115169525, 0.13199998438358307, 0.13093429803848267, 0.19903260469436646, 0.23832212388515472, 0.17793361842632294]</LCS_MAX>
		<WAVELENGTH>[0.485, 0.56, 0.66, 0.83, 1.65, 2.215]</WAVELENGTH>
		<MEAN_VALUE>[0.1255247419079145, 0.12767175771296024, 0.12195373574892679, 0.16675601651271185, 0.2103136368095875, 0.15295662855108577]</MEAN_VALUE>
		<CHECKBOX>2</CHECKBOX>
		<SD>[0.0024025169691271613, 0.0030332350098696927, 0.005205142275734114, 0.01686916165886979, 0.018461028612663525, 0.014165256014789214]</SD>
		<WAVELENGTH_UNIT>E-6m</WAVELENGTH_UNIT>
		<COLOR>#ad9953</COLOR>
		<COVARIANCE_MATRIX>[[6.296823040302489e-06, 2.4904501509684622e-06, 6.2489174870643805e-06, 2.3191307067559777e-05, 1.4773958380131058e-05, 1.1454777335049833e-05], [2.4904501509684622e-06, 1.003692504556276e-05, 1.0193155559117871e-05, 2.6504435063139976e-05, 2.625265250793843e-05, 2.7686783206276596e-05], [6.2489174870643805e-06, 1.0193155559117871e-05, 2.955655212069221e-05, 7.174937822980244e-05, 6.168432192346892e-05, 5.680508493098633e-05], [2.3191307067559777e-05, 2.6504435063139976e-05, 7.174937822980244e-05, 0.0003104384891706354, 0.0002047093937268339, 0.00020658111648771038], [1.4773958380131058e-05, 2.625265250793843e-05, 6.168432192346892e-05, 0.0002047093937268339, 0.0003717922662955433, 0.00026120859643534824], [1.1454777335049833e-05, 2.7686783206276596e-05, 5.680508493098633e-05, 0.00020658111648771038, 0.00026120859643534824, 0.000218895794143115]]</COVARIANCE_MATRIX>
		<ROI_SIZE>12</ROI_SIZE>
		<MAX_VALUE>[0.13014911115169525, 0.13199998438358307, 0.13093429803848267, 0.19903260469436646, 0.23832212388515472, 0.17793361842632294]</MAX_VALUE>
		<MIN_VALUE>[0.12249498814344406, 0.12001411616802216, 0.11409574747085571, 0.14430274069309235, 0.17869119346141815, 0.1312234103679657]</MIN_VALUE>
		<SIGNATURE_THRESHOLD_MD>0</SIGNATURE_THRESHOLD_MD>
		<SIGNATURE_THRESHOLD_ML>0</SIGNATURE_THRESHOLD_ML>
		<SIGNATURE_THRESHOLD_SAM>0</SIGNATURE_THRESHOLD_SAM>
	</signature>
	<signature ID="20210222_105750342862_280">
		<MACROCLASSID>1</MACROCLASSID>
		<MACROCLASSINFO>waterbody</MACROCLASSINFO>
		<CLASSID>16</CLASSID>
		<CLASSINFO>C 1</CLASSINFO>
		<VALUES>[0.12034226953983308, 0.0017738869359430556, 0.11701766308397055, 0.0026426241639098454, 0.1082022599875927, 0.0036698737663664782, 0.14903899095952514, 0.01102612587468548, 0.1742866262793541, 0.026311974811657323, 0.13025028072297573, 0.022339614095792115]</VALUES>
		<LCS_MIN>[0.11866793781518936, 0.11202356964349747, 0.10399262607097626, 0.13167279958724976, 0.13532325625419617, 0.10008326917886734]</LCS_MIN>
		<LCS_MAX>[0.12440852075815201, 0.12001411616802216, 0.11409574747085571, 0.1653526872396469, 0.20579613745212555, 0.17404107749462128]</LCS_MAX>
