<?xml version="1.0" ?>
<signaturelist MCID_LIST="[['1', 'waterbody', '#000000'], ['2', 'vegetation', '#000000'], ['3', 'bareland', '#000000'], ['4', 'built-up', '#000000']]">
	<signature ID="20210610_112036224172_843">
		<MACROCLASSID>1</MACROCLASSID>
		<MACROCLASSINFO>waterbody</MACROCLASSINFO>
		<CLASSID>1</CLASSID>
		<CLASSINFO>C 1</CLASSINFO>
		<VALUES>[0.12028287544913367, 0.0074404708088376455, 0.10833348771515446, 0.014419443675571558, 0.06408974126549309, 0.0077747125585016655, 0.049677825653967306, 0.015431064432690525, 0.017787954470376593, 0.010070695419606203, 0.008482322641836283, 0.004839867242928932]</VALUES>
		<LCS_MIN>[0.09734804928302765, 0.06779193133115768, 0.04152698069810867, 0.03197610378265381, 0.006614625919610262, 0.0028394502587616444]</LCS_MIN>
		<LCS_MAX>[0.1267751157283783, 0.1206444650888443, 0.0747937560081482, 0.10076829791069031, 0.06372633576393127, 0.031008105725049973]</LCS_MAX>
		<WAVELENGTH>[0.48, 0.56, 0.655, 0.865, 1.61, 2.2]</WAVELENGTH>
		<MEAN_VALUE>[0.12028287544913367, 0.10833348771515446, 0.06408974126549309, 0.049677825653967306, 0.017787954470376593, 0.008482322641836283]</MEAN_VALUE>
		<CHECKBOX>2</CHECKBOX>
		<SD>[0.0074404708088376455, 0.014419443675571558, 0.0077747125585016655, 0.015431064432690525, 0.010070695419606203, 0.004839867242928932]</SD>
		<WAVELENGTH_UNIT>E-6m</WAVELENGTH_UNIT>
		<COLOR>#f17c5e</COLOR>
		<COVARIANCE_MATRIX>[[5.548501171302373e-05, 0.00010641936827146053, 5.461030310712931e-05, -5.264774247996999e-05, -2.31317516392694e-05, -7.0980120978020485e-06], [0.00010641936827146053, 0.00020838759266784154, 0.00010921863765428622, -9.482097591148371e-05, -4.00662713409856e-05, -1.1585517656956878e-05], [5.461030310712931e-05, 0.00010921863765428622, 6.0581989424328806e-05, -4.034499369060696e-05, -1.392698579150119e-05, -2.49402563251162e-06], [-5.264774247996999e-05, -9.482097591148371e-05, -4.034499369060696e-05, 0.0002386528455921967, 0.00014240919814517163, 6.485477751783126e-05], [-2.31317516392694e-05, -4.00662713409856e-05, -1.392698579150119e-05, 0.00014240919814517163, 0.00010164681388893686, 4.798931749071892e-05], [-7.0980120978020485e-06, -1.1585517656956878e-05, -2.49402563251162e-06, 6.485477751783126e-05, 4.798931749071892e-05, 2.347695383912967e-05]]</COVARIANCE_MATRIX>
		<ROI_SIZE>446</ROI_SIZE>
		<MAX_VALUE>[0.1267751157283783, 0.1206444650888443, 0.0747937560081482, 0.10076829791069031, 0.06372633576393127, 0.031008105725049973]</MAX_VALUE>
		<MIN_VALUE>[0.09734804928302765, 0.06779193133115768, 0.04152698069810867, 0.03197610378265381, 0.006614625919610262, 0.0028394502587616444]</MIN_VALUE>
		<SIGNATURE_THRESHOLD_MD>0</SIGNATURE_THRESHOLD_MD>
		<SIGNATURE_THRESHOLD_ML>0</SIGNATURE_THRESHOLD_ML>
		<SIGNATURE_THRESHOLD_SAM>0</SIGNATURE_THRESHOLD_SAM>
	</signature>
	<signature ID="20210610_112044823866_855">
		<MACROCLASSID>1</MACROCLASSID>
		<MACROCLASSINFO>waterbody</MACROCLASSINFO>
		<CLASSID>2</CLASSID>
		<CLASSINFO>C 1</CLASSINFO>
		<VALUES>[0.11039649137614552, 0.0016988182022371022, 0.07957385560410135, 0.003042990693232787, 0.04905233904719353, 0.0023169858713525155, 0.048289202953745, 0.01026549299452991, 0.016768291001926942, 0.007699591892998108, 0.008226220306921633, 0.004287677354960704]</VALUES>
		<LCS_MIN>[0.10254296660423279, 0.06682392209768295, 0.04291445016860962, 0.037945400923490524, 0.007647150196135044, 0.003323444165289402]</LCS_MIN>
		<LCS_MAX>[0.11383624374866486, 0.08999129384756088, 0.059402644634246826, 0.0834089070558548, 0.05081973224878311, 0.028007319197058678]</LCS_MAX>
		<WAVELENGTH>[0.48, 0.56, 0.655, 0.865, 1.61, 2.2]</WAVELENGTH>
		<MEAN_VALUE>[0.11039649137614552, 0.07957385560410135, 0.04905233904719353, 0.048289202953745, 0.016768291001926942, 0.008226220306921633]</MEAN_VALUE>
		<CHECKBOX>2</CHECKBOX>
		<SD>[0.0016988182022371022, 0.003042990693232787, 0.0023169858713525155, 0.01026549299452991, 0.007699591892998108, 0.004287677354960704]</SD>
		<WAVELENGTH_UNIT>E-6m</WAVELENGTH_UNIT>
		<COLOR>#d36a0c</COLOR>
		<COVARIANCE_MATRIX>[[2.9444819673894317e-06, 4.7984875766692345e-06, 2.9046231626703034e-06, -1.6827605289893059e-06, 1.3985184908865752e-06, 1.5233975945933776e-06], [4.7984875766692345e-06, 8.574636995241054e-06, 5.769532065060972e-06, 2.530068615731925e-06, 6.516728696724929e-06, 4.853414346880738e-06], [2.9046231626703034e-06, 5.769532065060972e-06, 5.154966731678985e-06, 1.0820615631563336e-05, 1.1358572761221054e-05, 7.112866678082344e-06], [-1.6827605289893059e-06, 2.530068615731925e-06, 1.0820615631563336e-05, 0.00010472802733619608, 6.756074708061505e-05, 3.414394505610746e-05], [1.3985184908865752e-06, 6.516728696724929e-06, 1.1358572761221054e-05, 6.756074708061505e-05, 5.9396683132372425e-05, 3.230475981367732e-05], [1.5233975945933776e-06, 4.853414346880738e-06, 7.112866678082344e-06, 3.414394505610746e-05, 3.230475981367732e-05, 1.851481475585771e-05]]</COVARIANCE_MATRIX>
		<ROI_SIZE>549</ROI_SIZE>
		<MAX_VALUE>[0.11383624374866486, 0.08999129384756088, 0.059402644634246826, 0.0834089070558548, 0.05081973224878311, 0.028007319197058678]</MAX_VALUE>
		<MIN_VALUE>[0.10254296660423279, 0.06682392209768295, 0.04291445016860962, 0.037945400923490524, 0.007647150196135044, 0.003323444165289402]</MIN_VALUE>
		<SIGNATURE_THRESHOLD_MD>0</SIGNATURE_THRESHOLD_MD>
		<SIGNATURE_THRESHOLD_ML>0</SIGNATURE_THRESHOLD_ML>
		<SIGNATURE_THRESHOLD_SAM>0</SIGNATURE_THRESHOLD_SAM>
	</signature>
	<signature ID="20210610_112049877731_235">
		<MACROCLASSID>1</MACROCLASSID>
		<MACROCLASSINFO>waterbody</MACROCLASSINFO>
		<CLASSID>3</CLASSID>
		<CLASSINFO>C 1</CLASSINFO>
		<VALUES>[0.10961627430138904, 0.0018763747259371445, 0.07850472650075238, 0.0030576498295133364, 0.04821658990721205, 0.002040020400792894, 0.047715362544429464, 0.010394619749737306, 0.016728170884844195, 0.007630155040848687, 0.008413043567388772, 0.00432014008807085]</VALUES>
		<LCS_MIN>[0.09925176203250885, 0.06433941423892975, 0.04214005917310715, 0.03268596902489662, 0.006808223202824593, 0.004549565725028515]</LCS_MIN>
		<LCS_MAX>[0.1149333044886589, 0.08737768977880478, 0.05811196193099022, 0.08247318118810654, 0.04933547601103783, 0.031298503279685974]</LCS_MAX>
		<WAVELENGTH>[0.48, 0.56, 0.655, 0.865, 1.61, 2.2]</WAVELENGTH>
		<MEAN_VALUE>[0.10961627430138904, 0.07850472650075238, 0.04821658990721205, 0.047715362544429464, 0.016728170884844195, 0.008413043567388772]</MEAN_VALUE>
		<CHECKBOX>2</CHECKBOX>
		<SD>[0.0018763747259371445, 0.0030576498295133364, 0.002040020400792894, 0.010394619749737306, 0.007630155040848687, 0.00432014008807085]</SD>
		<WAVELENGTH_UNIT>E-6m</WAVELENGTH_UNIT>
		<COLOR>#b20fd2</COLOR>
		<COVARIANCE_MATRIX>[[3.526630587404997e-06, 5.216979070896189e-06, 2.4972918921381613e-06, -5.812322611487789e-06, -6.614375273274824e-07, 7.042868500347159e-07], [5.216979070896189e-06, 9.364752749823104e-06, 4.825952603878356e-06, -3.09279243073378e-06, 1.7384949650496664e-06, 1.8910137000193783e-06], [2.4972918921381613e-06, 4.825952603878356e-06, 4.168596330727044e-06, 7.99579788048484e-06, 8.604900839616608e-06, 5.536704968352159e-06], [-5.812322611487789e-06, -3.09279243073378e-06, 7.99579788048484e-06, 0.00010822760166810995, 6.775211412652835e-05, 3.2904667084397584e-05], [-6.614375273274824e-07, 1.7384949650496664e-06, 8.604900839616608e-06, 6.775211412652835e-05, 5.83159756914873e-05, 3.161133149344276e-05], [7.042868500347159e-07, 1.8910137000193783e-06, 5.536704968352159e-06, 3.2904667084397584e-05, 3.161133149344276e-05, 1.869461305560757e-05]]</COVARIANCE_MATRIX>
		<ROI_SIZE>603</ROI_SIZE>
		<MAX_VALUE>[0.1149333044886589, 0.08737768977880478, 0.05811196193099022, 0.08247318118810654, 0.04933547601103783, 0.031298503279685974]</MAX_VALUE>
		<MIN_VALUE>[0.09925176203250885, 0.06433941423892975, 0.04214005917310715, 0.03268596902489662, 0.006808223202824593, 0.004549565725028515]</MIN_VALUE>
		<SIGNATURE_THRESHOLD_MD>0</SIGNATURE_THRESHOLD_MD>
		<SIGNATURE_THRESHOLD_ML>0</SIGNATURE_THRESHOLD_ML>
		<SIGNATURE_THRESHOLD_SAM>0</SIGNATURE_THRESHOLD_SAM>
	</signature>
	<signature ID="20210610_112059305031_904">
		<MACROCLASSID>1</MACROCLASSID>
		<MACROCLASSINFO>waterbody</MACROCLASSINFO>
		<CLASSID>4</CLASSID>
		<CLASSINFO>C 1</CLASSINFO>
		<VALUES>[0.12191401746936308, 0.004076212418471644, 0.09844098189719637, 0.007100528596867509, 0.05744747713880431, 0.0032313207564297268, 0.060425700493773146, 0.014211040904232738, 0.022402411186717496, 0.010230653752988912, 0.010932517106665813, 0.005223865003603964]</VALUES>
		<LCS_MIN>[0.10576959699392319, 0.07085723429918289, 0.045334428548812866, 0.03962326794862747, 0.00458183977752924, 0.003226645290851593]</LCS_MIN>
		<LCS_MAX>[0.1263233721256256, 0.10512427985668182, 0.0657268613576889, 0.09334699809551239, 0.052400797605514526, 0.03178250789642334]</LCS_MAX>
		<WAVELENGTH>[0.48, 0.56, 0.655, 0.865, 1.61, 2.2]</WAVELENGTH>
		<MEAN_VALUE>[0.12191401746936308, 0.09844098189719637, 0.05744747713880431, 0.060425700493773146, 0.022402411186717496, 0.010932517106665813]</MEAN_VALUE>
		<CHECKBOX>2</CHECKBOX>
		<SD>[0.004076212418471644, 0.007100528596867509, 0.0032313207564297268, 0.014211040904232738, 0.010230653752988912, 0.005223865003603964]</SD>
		<WAVELENGTH_UNIT>E-6m</WAVELENGTH_UNIT>
		<COLOR>#6b15e9</COLOR>
		<COVARIANCE_MATRIX>[[1.67413827386881e-05, 2.8584244966474954e-05, 1.0878418282697798e-05, -3.053943860956228e-05, -1.2589604727953266e-05, -5.248487690354758e-06], [2.8584244966474954e-05, 5.0799457160652466e-05, 2.0282320574644216e-05, -4.800956952675437e-05, -1.783268371211194e-05, -6.937289686624225e-06], [1.0878418282697798e-05, 2.0282320574644216e-05, 1.0520535602380048e-05, -7.425156033220391e-06, 3.924097139512937e-06, 3.3059762455160352e-06], [-3.053943860956228e-05, -4.800956952675437e-05, -7.425156033220391e-06, 0.00020348363573012278, 0.00011765881430886864, 5.1688387048844896e-05], [-1.2589604727953266e-05, -1.783268371211194e-05, 3.924097139512937e-06, 0.00011765881430886864, 0.00010545920254849719, 5.112883183959797e-05], [-5.248487690354758e-06, -6.937289686624225e-06, 3.3059762455160352e-06, 5.1688387048844896e-05, 5.112883183959797e-05, 2.7495498648422775e-05]]</COVARIANCE_MATRIX>
		<ROI_SIZE>133</ROI_SIZE>
		<MAX_VALUE>[0.1263233721256256, 0.10512427985668182, 0.0657268613576889, 0.09334699809551239, 0.052400797605514526, 0.03178250789642334]</MAX_VALUE>
		<MIN_VALUE>[0.10576959699392319, 0.07085723429918289, 0.045334428548812866, 0.03962326794862747, 0.00458183977752924, 0.003226645290851593]</MIN_VALUE>
		<SIGNATURE_THRESHOLD_MD>0</SIGNATURE_THRESHOLD_MD>
		<SIGNATURE_THRESHOLD_ML>0</SIGNATURE_THRESHOLD_ML>
		<SIGNATURE_THRESHOLD_SAM>0</SIGNATURE_THRESHOLD_SAM>
	</signature>
	<signature ID="20210610_112131307997_279">
		<MACROCLASSID>1</MACROCLASSID>
		<MACROCLASSINFO>waterbody</MACROCLASSINFO>
		<CLASSID>5</CLASSID>
		<CLASSINFO>C 1</CLASSINFO>
		<VALUES>[0.13090661239605592, 0.004195231604253013, 0.12474290964311863, 0.009496692553388806, 0.08894836466655641, 0.00794855997576864, 0.06841957279633813, 0.010496149417116064, 0.021756510094569362, 0.008295298143378984, 0.010281421166293945, 0.004506234824364264]</VALUES>
		<LCS_MIN>[0.1156754270195961, 0.09234675019979477, 0.06262927502393723, 0.050497084856033325, 0.008841020986437798, 0.004065571818500757]</LCS_MIN>
		<LCS_MAX>[0.13513213396072388, 0.13500306010246277, 0.09880004078149796, 0.10102642327547073, 0.05614372342824936, 0.031911566853523254]</LCS_MAX>
		<WAVELENGTH>[0.48, 0.56, 0.655, 0.865, 1.61, 2.2]</WAVELENGTH>
		<MEAN_VALUE>[0.13090661239605592, 0.12474290964311863, 0.08894836466655641, 0.06841957279633813, 0.021756510094569362, 0.010281421166293945]</MEAN_VALUE>
		<CHECKBOX>2</CHECKBOX>
		<SD>[0.004195231604253013, 0.009496692553388806, 0.00794855997576864, 0.010496149417116064, 0.008295298143378984, 0.004506234824364264]</SD>
		<WAVELENGTH_UNIT>E-6m</WAVELENGTH_UNIT>
		<COLOR>#b4f46c</COLOR>
		<COVARIANCE_MATRIX>[[1.765462649970009e-05, 3.866119978773204e-05, 3.051243086852787e-05, -1.9275511787399123e-05, -1.0701571129583744e-05, -3.4692362569618787e-06], [3.866119978773204e-05, 9.046725383077556e-05, 7.379819861012458e-05, -4.242305601640892e-05, -2.1666839902673346e-05, -6.47187184140308e-06], [3.051243086852787e-05, 7.379819861012458e-05, 6.337581564394523e-05, -3.0160764902664058e-05, -1.2368456046064201e-05, -1.92172375350549e-06], [-1.9275511787399123e-05, -4.242305601640892e-05, -3.0160764902664058e-05, 0.00011051129281184943, 8.105077409908022e-05, 3.980199183153902e-05], [-1.0701571129583744e-05, -2.1666839902673346e-05, -1.2368456046064201e-05, 8.105077409908022e-05, 6.90256730617317e-05, 3.5578513417855455e-05], [-3.4692362569618787e-06, -6.47187184140308e-06, -1.92172375350549e-06, 3.980199183153902e-05, 3.5578513417855455e-05, 2.0369214877071968e-05]]</COVARIANCE_MATRIX>
		<ROI_SIZE>323</ROI_SIZE>
		<MAX_VALUE>[0.13513213396072388, 0.13500306010246277, 0.09880004078149796, 0.10102642327547073, 0.05614372342824936, 0.031911566853523254]</MAX_VALUE>
		<MIN_VALUE>[0.1156754270195961, 0.09234675019979477, 0.06262927502393723, 0.050497084856033325, 0.008841020986437798, 0.004065571818500757]</MIN_VALUE>
		<SIGNATURE_THRESHOLD_MD>0</SIGNATURE_THRESHOLD_MD>
		<SIGNATURE_THRESHOLD_ML>0</SIGNATURE_THRESHOLD_ML>
		<SIGNATURE_THRESHOLD_SAM>0</SIGNATURE_THRESHOLD_SAM>
	</signature>
	<signature ID="20210610_112136930029_866">
		<MACROCLASSID>1</MACROCLASSID>
		<MACROCLASSINFO>waterbody</MACROCLASSINFO>
		<CLASSID>6</CLASSID>
		<CLASSINFO>C 1</CLASSINFO>
		<VALUES>[0.12761067921315108, 0.004818545249788303, 0.1312918531028457, 0.008207571708665267, 0.11588844721395668, 0.012969197974324767, 0.0658257895352313, 0.013777988923890707, 0.020269388930749623, 0.009146657098063437, 0.010323154620800468, 0.005378161545586535]</VALUES>
		<LCS_MIN>[0.11648207902908325, 0.10425308346748352, 0.08776488155126572, 0.040074996650218964, 0.0048076999373734, 0.0]</LCS_MIN>
		<LCS_MAX>[0.13658413290977478, 0.1453283578157425, 0.13619691133499146, 0.10163950175046921, 0.05278799310326576, 0.03594487905502319]</LCS_MAX>
		<WAVELENGTH>[0.48, 0.56, 0.655, 0.865, 1.61, 2.2]</WAVELENGTH>
		<MEAN_VALUE>[0.12761067921315108, 0.1312918531028457, 0.11588844721395668, 0.0658257895352313, 0.020269388930749623, 0.010323154620800468]</MEAN_VALUE>
		<CHECKBOX>2</CHECKBOX>
		<SD>[0.004818545249788303, 0.008207571708665267, 0.012969197974324767, 0.013777988923890707, 0.009146657098063437, 0.005378161545586535]</SD>
		<WAVELENGTH_UNIT>E-6m</WAVELENGTH_UNIT>
		<COLOR>#95f796</COLOR>
		<COVARIANCE_MATRIX>[[2.3298997693438755e-05, 3.73737067424398e-05, 6.0435691550933326e-05, 1.9514907261700188e-05, -6.830116170504667e-06, -2.532861543907334e-06], [3.73737067424398e-05, 6.759813694091417e-05, 0.0001012243501658309, 1.3440183586778682e-05, -2.044531359514811e-05, -9.787722481534471e-06], [6.0435691550933326e-05, 0.0001012243501658309, 0.0001687841242086779, 5.113014902616759e-05, -1.7948947443203344e-05, -6.747677367422553e-06], [1.9514907261700188e-05, 1.3440183586778682e-05, 5.113014902616759e-05, 0.0001904921210743092, 9.878425624858791e-05, 5.549379450617903e-05], [-6.830116170504667e-06, -2.044531359514811e-05, -1.7948947443203344e-05, 9.878425624858791e-05, 8.395182681979573e-05, 4.764827074968184e-05], [-2.532861543907334e-06, -9.787722481534471e-06, -6.747677367422553e-06, 5.549379450617903e-05, 4.764827074968184e-05, 2.9025054324350852e-05]]</COVARIANCE_MATRIX>
		<ROI_SIZE>289</ROI_SIZE>
		<MAX_VALUE>[0.13658413290977478, 0.1453283578157425, 0.13619691133499146, 0.10163950175046921, 0.05278799310326576, 0.03594487905502319]</MAX_VALUE>
		<MIN_VALUE>[0.11648207902908325, 0.10425308346748352, 0.08776488155126572, 0.040074996650218964, 0.0048076999373734, 0.0]</MIN_VALUE>
		<SIGNATURE_THRESHOLD_MD>0</SIGNATURE_THRESHOLD_MD>
		<SIGNATURE_THRESHOLD_ML>0</SIGNATURE_THRESHOLD_ML>
		<SIGNATURE_THRESHOLD_SAM>0</SIGNATURE_THRESHOLD_SAM>
	</signature>
	<signature ID="20210610_112149321118_223">
		<MACROCLASSID>1</MACROCLASSID>
		<MACROCLASSINFO>waterbody</MACROCLASSINFO>
		<CLASSID>7</CLASSID>
		<CLASSINFO>C 1</CLASSINFO>
		<VALUES>[0.11856250464916228, 0.0015423164703915917, 0.11252713327606521, 0.0038243640178381375, 0.074296699570758, 0.00947508039777262, 0.07521859840268182, 0.015790322793946154, 0.026659811137332803, 0.010235164484229578, 0.01260544231072778, 0.0055297231595311]</VALUES>
		<LCS_MIN>[0.1168370172381401, 0.10141361504793167, 0.06650127470493317, 0.06259701400995255, 0.019392170011997223, 0.007840759120881557]</LCS_MIN>
		<LCS_MAX>[0.12358071655035019, 0.12083806097507477, 0.10644719749689102, 0.12825936079025269, 0.06095142289996147, 0.02916891686618328]</LCS_MAX>
		<WAVELENGTH>[0.48, 0.56, 0.655, 0.865, 1.61, 2.2]</WAVELENGTH>
		<MEAN_VALUE>[0.11856250464916228, 0.11252713327606521, 0.074296699570758, 0.07521859840268182, 0.026659811137332803, 0.01260544231072778]</MEAN_VALUE>
		<CHECKBOX>2</CHECKBOX>
		<SD>[0.0015423164703915917, 0.0038243640178381375, 0.00947508039777262, 0.015790322793946154, 0.010235164484229578, 0.0055297231595311]</SD>
		<WAVELENGTH_UNIT>E-6m</WAVELENGTH_UNIT>
		<COLOR>#dca40f</COLOR>
		<COVARIANCE_MATRIX>[[2.43675814593489e-06, 4.416121478997905e-06, 1.3599381936774526e-05, 7.80988897699048e-06, 8.224840351181361e-07, 1.3712518072229498e-06], [4.416121478997905e-06, 1.4982485998030995e-05, 2.813803245228277e-05, -1.5505254098360813e-05, -2.0154170552299064e-05, -8.688635308169362e-06], [1.3599381936774526e-05, 2.813803245228277e-05, 9.196683509411478e-05, 5.03003379331488e-05, -3.0982618561910485e-06, 7.258064728474246e-08], [7.80988897699048e-06, -1.5505254098360813e-05, 5.03003379331488e-05, 0.0002554156181793815, 0.00014674685495601268, 7.156581522864922e-05], [8.224840351181361e-07, -2.0154170552299064e-05, -3.0982618561910485e-06, 0.00014674685495601268, 0.00010731367962945977, 5.462461189327342e-05], [1.3712518072229498e-06, -8.688635308169362e-06, 7.258064728474246e-08, 7.156581522864922e-05, 5.462461189327342e-05, 3.132363915327547e-05]]</COVARIANCE_MATRIX>
		<ROI_SIZE>42</ROI_SIZE>
		<MAX_VALUE>[0.12358071655035019, 0.12083806097507477, 0.10644719749689102, 0.12825936079025269, 0.06095142289996147, 0.02916891686618328]</MAX_VALUE>
		<MIN_VALUE>[0.1168370172381401, 0.10141361504793167, 0.06650127470493317, 0.06259701400995255, 0.019392170011997223, 0.007840759120881557]</MIN_VALUE>
		<SIGNATURE_THRESHOLD_MD>0</SIGNATURE_THRESHOLD_MD>
		<SIGNATURE_THRESHOLD_ML>0</SIGNATURE_THRESHOLD_ML>
		<SIGNATURE_THRESHOLD_SAM>0</SIGNATURE_THRESHOLD_SAM>
	</signature>
	<signature ID="20210610_112202759871_237">
		<MACROCLASSID>1</MACROCLASSID>
		<MACROCLASSINFO>waterbody</MACROCLASSINFO>
		<CLASSID>8</CLASSID>
		<CLASSINFO>C 1</CLASSINFO>
		<VALUES>[0.1318009698124074, 0.0055897935928166075, 0.11941592706673185, 0.011271158160273912, 0.08774514774333186, 0.009631023863784782, 0.10702655230885119, 0.019962757440983067, 0.040450152287732306, 0.013913530828761431, 0.018963068202415955, 0.007522489728283016]</VALUES>
		<LCS_MIN>[0.11822448670864105, 0.09244353324174881, 0.06301647424697876, 0.06501699239015579, 0.010809270665049553, 0.005453028716146946]</LCS_MIN>
		<LCS_MAX>[0.14155316352844238, 0.1384555846452713, 0.1015104278922081, 0.1421339511871338, 0.0737612172961235, 0.041462454944849014]</LCS_MAX>
		<WAVELENGTH>[0.48, 0.56, 0.655, 0.865, 1.61, 2.2]</WAVELENGTH>
		<MEAN_VALUE>[0.1318009698124074, 0.11941592706673185, 0.08774514774333186, 0.10702655230885119, 0.040450152287732306, 0.018963068202415955]</MEAN_VALUE>
		<CHECKBOX>2</CHECKBOX>
		<SD>[0.0055897935928166075, 0.011271158160273912, 0.009631023863784782, 0.019962757440983067, 0.013913530828761431, 0.007522489728283016]</SD>
		<WAVELENGTH_UNIT>E-6m</WAVELENGTH_UNIT>
		<COLOR>#5c4829</COLOR>
		<COVARIANCE_MATRIX>[[3.171921350741924e-05, 6.053240127493783e-05, 5.294008022197441e-05, -4.2540072338544215e-05, -1.3936385587410056e-05, -1.0027314067986188e-06], [6.053240127493783e-05, 0.00012896383970230162, 0.00010720179879052954, -9.325120115534555e-05, -3.581482642805583e-05, -9.234350907110127e-06], [5.294008022197441e-05, 0.00010720179879052954, 9.416202400819789e-05, -6.786897210437903e-05, -1.5750313751396205e-05, 3.186433806672804e-06], [-4.2540072338544215e-05, -9.325120115534555e-05, -6.786897210437903e-05, 0.00040454974047551774, 0.00025587422812502507, 0.00011976510885020298], [-1.3936385587410056e-05, -3.581482642805583e-05, -1.5750313751396205e-05, 0.00025587422812502507, 0.00019651946648839317, 0.00010103819326792387], [-1.0027314067986188e-06, -9.234350907110127e-06, 3.186433806672804e-06, 0.00011976510885020298, 0.00010103819326792387, 5.7445243404731405e-05]]</COVARIANCE_MATRIX>
		<ROI_SIZE>67</ROI_SIZE>
		<MAX_VALUE>[0.14155316352844238, 0.1384555846452713, 0.1015104278922081, 0.1421339511871338, 0.0737612172961235, 0.041462454944849014]</MAX_VALUE>
		<MIN_VALUE>[0.11822448670864105, 0.09244353324174881, 0.06301647424697876, 0.06501699239015579, 0.010809270665049553, 0.005453028716146946]</MIN_VALUE>
		<SIGNATURE_THRESHOLD_MD>0</SIGNATURE_THRESHOLD_MD>
		<SIGNATURE_THRESHOLD_ML>0</SIGNATURE_THRESHOLD_ML>
		<SIGNATURE_THRESHOLD_SAM>0</SIGNATURE_THRESHOLD_SAM>
	</signature>
	<signature ID="20210610_112209614211_482">
		<MACROCLASSID>1</MACROCLASSID>
		<MACROCLASSINFO>waterbody</MACROCLASSINFO>
		<CLASSID>9</CLASSID>
		<CLASSINFO>C 1</CLASSINFO>
		<VALUES>[0.13913590549412422, 0.004571802724405185, 0.12748988351579435, 0.009641985994385852, 0.0888187474871086, 0.0065687216852671195, 0.11679873299800746, 0.025632895232997086, 0.04778997211764424, 0.017088457824738643, 0.022593111573260726, 0.007353127652369994]</VALUES>
		<LCS_MIN>[0.12832388281822205, 0.10331735759973526, 0.07276096940040588, 0.06992150843143463, 0.01823057234287262, 0.010389813221991062]</LCS_MIN>
		<LCS_MAX>[0.145618736743927, 0.13997210562229156, 0.09857417643070221, 0.1673986315727234, 0.08056946843862534, 0.040074996650218964]</LCS_MAX>
		<WAVELENGTH>[0.48, 0.56, 0.655, 0.865, 1.61, 2.2]</WAVELENGTH>
		<MEAN_VALUE>[0.13913590549412422, 0.12748988351579435, 0.0888187474871086, 0.11679873299800746, 0.04778997211764424, 0.022593111573260726]</MEAN_VALUE>
		<CHECKBOX>2</CHECKBOX>
		<SD>[0.004571802724405185, 0.009641985994385852, 0.0065687216852671195, 0.025632895232997086, 0.017088457824738643, 0.007353127652369994]</SD>
		<WAVELENGTH_UNIT>E-6m</WAVELENGTH_UNIT>
		<COLOR>#ff39ec</COLOR>
		<COVARIANCE_MATRIX>[[2.126174877416965e-05, 4.339230952409676e-05, 2.972495544537675e-05, -5.375762475657514e-05, -3.57171955969676e-05, -1.3487094433199153e-05], [4.339230952409676e-05, 9.457078863862136e-05, 6.299423634845173e-05, -0.00010857203755555594, -7.176477901738929e-05, -2.6862281319863697e-05], [2.972495544537675e-05, 6.299423634845173e-05, 4.389203741605887e-05, -6.127170220298196e-05, -3.8548854240719324e-05, -1.3243102466467379e-05], [-5.375762475657514e-05, -0.00010857203755555594, -6.127170220298196e-05, 0.0006683736855779743, 0.0004294207527314311, 0.00017565538664256604], [-3.57171955969676e-05, -7.176477901738929e-05, -3.8548854240719324e-05, 0.0004294207527314311, 0.00029705013894559335, 0.00012415014999528066], [-1.3487094433199153e-05, -2.6862281319863697e-05, -1.3243102466467379e-05, 0.00017565538664256604, 0.00012415014999528066, 5.5000701552600825e-05]]</COVARIANCE_MATRIX>
		<ROI_SIZE>59</ROI_SIZE>
		<MAX_VALUE>[0.145618736743927, 0.13997210562229156, 0.09857417643070221, 0.1673986315727234, 0.08056946843862534, 0.040074996650218964]</MAX_VALUE>
		<MIN_VALUE>[0.12832388281822205, 0.10331735759973526, 0.07276096940040588, 0.06992150843143463, 0.01823057234287262, 0.010389813221991062]</MIN_VALUE>
		<SIGNATURE_THRESHOLD_MD>0</SIGNATURE_THRESHOLD_MD>
		<SIGNATURE_THRESHOLD_ML>0</SIGNATURE_THRESHOLD_ML>
		<SIGNATURE_THRESHOLD_SAM>0</SIGNATURE_THRESHOLD_SAM>
	</signature>
	<signature ID="20210610_112218726064_523">
		<MACROCLASSID>1</MACROCLASSID>
		<MACROCLASSINFO>waterbody</MACROCLASSINFO>
		<CLASSID>10</CLASSID>
		<CLASSINFO>C 1</CLASSINFO>
		<VALUES>[0.12119503332164887, 0.0035195871774785763, 0.08484517880332419, 0.003993703136282149, 0.056630898192847404, 0.0029666700603005105, 0.058019195835698784, 0.01162388988865214, 0.017026540408015753, 0.00480855625807828, 0.007465010610493752, 0.002351235814936627]</VALUES>
		<LCS_MIN>[0.10686665773391724, 0.0690825954079628, 0.04494723305106163, 0.043527502566576004, 0.01206766627728939, 0.005227169021964073]</LCS_MIN>
		<LCS_MAX>[0.1247422993183136, 0.0931856632232666, 0.06359729170799255, 0.09483125060796738, 0.055401597172021866, 0.026168132200837135]</LCS_MAX>
		<WAVELENGTH>[0.48, 0.56, 0.655, 0.865, 1.61, 2.2]</WAVELENGTH>
		<MEAN_VALUE>[0.12119503332164887, 0.08484517880332419, 0.056630898192847404, 0.058019195835698784, 0.017026540408015753, 0.007465010610493752]</MEAN_VALUE>
		<CHECKBOX>2</CHECKBOX>
		<SD>[0.0035195871774785763, 0.003993703136282149, 0.0029666700603005105, 0.01162388988865214, 0.00480855625807828, 0.002351235814936627]</SD>
		<WAVELENGTH_UNIT>E-6m</WAVELENGTH_UNIT>
		<COLOR>#3db5a7</COLOR>
		<COVARIANCE_MATRIX>[[7.674185697342457e-06, 8.789027368910439e-06, 6.369798062456813e-06, -1.2540308912452415e-05, -1.3599794233987644e-06, 3.648513848229158e-07], [8.789027368910439e-06, 1.0670928672002675e-05, 7.84422103460489e-06, -8.12791295328498e-06, 1.1634146431382074e-06, 1.6667922589785555e-06], [6.369798062456813e-06, 7.84422103460489e-06, 5.996294056736097e-06, -3.7840209419552733e-06, 1.9454989557727316e-06, 1.7449210517524956e-06], [-1.2540308912452415e-05, -8.12791295328498e-06, -3.7840209419552733e-06, 0.00012197526165030098, 4.405704790467449e-05, 1.754631820339161e-05], [-1.3599794233987644e-06, 1.1634146431382074e-06, 1.9454989557727316e-06, 4.405704790467449e-05, 2.3659877360908322e-05, 1.0870484368116131e-05], [3.648513848229158e-07, 1.6667922589785555e-06, 1.7449210517524956e-06, 1.754631820339161e-05, 1.0870484368116131e-05, 5.44309752452491e-06]]</COVARIANCE_MATRIX>
		<ROI_SIZE>2258</ROI_SIZE>
		<MAX_VALUE>[0.1247422993183136, 0.0931856632232666, 0.06359729170799255, 0.09483125060796738, 0.055401597172021866, 0.026168132200837135]</MAX_VALUE>
		<MIN_VALUE>[0.10686665773391724, 0.0690825954079628, 0.04494723305106163, 0.043527502566576004, 0.01206766627728939, 0.005227169021964073]</MIN_VALUE>
		<SIGNATURE_THRESHOLD_MD>0</SIGNATURE_THRESHOLD_MD>
		<SIGNATURE_THRESHOLD_ML>0</SIGNATURE_THRESHOLD_ML>
		<SIGNATURE_THRESHOLD_SAM>0</SIGNATURE_THRESHOLD_SAM>
	</signature>
	<signature ID="20210610_112224333004_320">
		<MACROCLASSID>1</MACROCLASSID>
		<MACROCLASSINFO>waterbody</MACROCLASSINFO>
		<CLASSID>11</CLASSID>
		<CLASSINFO>C 1</CLASSINFO>
		<VALUES>[0.12095344057702952, 0.00148322030406675, 0.08859760017986311, 0.003026827271011844, 0.058305357181605844, 0.002911762596307614, 0.060952326223412796, 0.009134865621789372, 0.018097384861284066, 0.005935881627282767, 0.00791313970942011, 0.0028036050943345955]</VALUES>
		<LCS_MIN>[0.11473970115184784, 0.07863346487283707, 0.05169093236327171, 0.05007760599255562, 0.01316472701728344, 0.004420504439622164]</LCS_MIN>
		<LCS_MAX>[0.12422605603933334, 0.09776750206947327, 0.07208336889743805, 0.0959605798125267, 0.048270680010318756, 0.021715352311730385]</LCS_MAX>
		<WAVELENGTH>[0.48, 0.56, 0.655, 0.865, 1.61, 2.2]</WAVELENGTH>
		<MEAN_VALUE>[0.12095344057702952, 0.08859760017986311, 0.058305357181605844, 0.060952326223412796, 0.018097384861284066, 0.00791313970942011]</MEAN_VALUE>
		<CHECKBOX>2</CHECKBOX>
		<SD>[0.00148322030406675, 0.003026827271011844, 0.002911762596307614, 0.009134865621789372, 0.005935881627282767, 0.0028036050943345955]</SD>
		<WAVELENGTH_UNIT>E-6m</WAVELENGTH_UNIT>
		<COLOR>#de822d</COLOR>
		<COVARIANCE_MATRIX>[[2.202871821221925e-06, 3.585557453699804e-06, 3.3012672311256233e-06, -5.831179052829123e-07, -3.0119292135103896e-07, -9.850781034681344e-08], [3.585557453699804e-06, 9.173882640562945e-06, 8.206039942412785e-06, 5.557305673951799e-06, 3.00374909759091e-06, 1.5255700543852306e-06], [3.3012672311256233e-06, 8.206039942412785e-06, 8.489650846573304e-06, 6.796577062470317e-06, 3.7366313299083653e-06, 1.8815196130960904e-06], [-5.831179052829123e-07, 5.557305673951799e-06, 6.796577062470317e-06, 8.355688280421868e-05, 5.0132025278874514e-05, 2.3377072050944695e-05], [-3.0119292135103896e-07, 3.00374909759091e-06, 3.7366313299083653e-06, 5.0132025278874514e-05, 3.528160772466183e-05, 1.6498497895236433e-05], [-9.850781034681344e-08, 1.5255700543852306e-06, 1.8815196130960904e-06, 2.3377072050944695e-05, 1.6498497895236433e-05, 7.870667838594047e-06]]</COVARIANCE_MATRIX>
		<ROI_SIZE>752</ROI_SIZE>
		<MAX_VALUE>[0.12422605603933334, 0.09776750206947327, 0.07208336889743805, 0.0959605798125267, 0.048270680010318756, 0.021715352311730385]</MAX_VALUE>
		<MIN_VALUE>[0.11473970115184784, 0.07863346487283707, 0.05169093236327171, 0.05007760599255562, 0.01316472701728344, 0.004420504439622164]</MIN_VALUE>
		<SIGNATURE_THRESHOLD_MD>0</SIGNATURE_THRESHOLD_MD>
		<SIGNATURE_THRESHOLD_ML>0</SIGNATURE_THRESHOLD_ML>
		<SIGNATURE_THRESHOLD_SAM>0</SIGNATURE_THRESHOLD_SAM>
	</signature>
	<signature ID="20210610_112229859003_987">
		<MACROCLASSID>1</MACROCLASSID>
		<MACROCLASSINFO>waterbody</MACROCLASSINFO>
		<CLASSID>12</CLASSID>
		<CLASSINFO>C 1</CLASSINFO>
		<VALUES>[0.12085124818035044, 0.0012834543146105206, 0.09447617130354045, 0.0020399296749210013, 0.05886216848515548, 0.0022314980786859286, 0.06624251244088208, 0.010593312993720325, 0.020222561353316102, 0.008322661516871, 0.00935200606741441, 0.004727614271183544]</VALUES>
		<LCS_MIN>[0.11638529598712921, 0.08670008927583694, 0.05514344945549965, 0.053530123084783554, 0.012519397772848606, 0.0058079613372683525]</LCS_MIN>
		<LCS_MAX>[0.1278076171875, 0.10570507496595383, 0.0775686651468277, 0.10096190124750137, 0.054562658071517944, 0.03410568833351135]</LCS_MAX>
		<WAVELENGTH>[0.48, 0.56, 0.655, 0.865, 1.61, 2.2]</WAVELENGTH>
		<MEAN_VALUE>[0.12085124818035044, 0.09447617130354045, 0.05886216848515548, 0.06624251244088208, 0.020222561353316102, 0.00935200606741441]</MEAN_VALUE>
		<CHECKBOX>2</CHECKBOX>
		<SD>[0.0012834543146105206, 0.0020399296749210013, 0.0022314980786859286, 0.010593312993720325, 0.008322661516871, 0.004727614271183544]</SD>
		<WAVELENGTH_UNIT>E-6m</WAVELENGTH_UNIT>
		<COLOR>#47c142</COLOR>
		<COVARIANCE_MATRIX>[[1.655212731207776e-06, 2.4407769555078216e-06, 1.4742431117182365e-06, -3.0418311036286345e-06, -1.6562099244028403e-06, -2.3168645553036215e-07], [2.4407769555078216e-06, 4.181416040355774e-06, 2.7233142855578913e-06, -3.0922656142525e-06, -1.1522682274151177e-06, 5.433725775370437e-07], [1.4742431117182365e-06, 2.7233142855578913e-06, 5.003639634962463e-06, 1.115624393851499e-05, 1.0394729441857476e-05, 7.419577699862976e-06], [-3.0418311036286345e-06, -3.0922656142525e-06, 1.115624393851499e-05, 0.00011276039747849356, 7.96103728701684e-05, 4.17583794708029e-05], [-1.6562099244028403e-06, -1.1522682274151177e-06, 1.0394729441857476e-05, 7.96103728701684e-05, 6.960131643804994e-05, 3.7798563563786796e-05], [-2.3168645553036215e-07, 5.433725775370437e-07, 7.419577699862976e-06, 4.17583794708029e-05, 3.7798563563786796e-05, 2.245830933814709e-05]]</COVARIANCE_MATRIX>
		<ROI_SIZE>208</ROI_SIZE>
		<MAX_VALUE>[0.1278076171875, 0.10570507496595383, 0.0775686651468277, 0.10096190124750137, 0.054562658071517944, 0.03410568833351135]</MAX_VALUE>
		<MIN_VALUE>[0.11638529598712921, 0.08670008927583694, 0.05514344945549965, 0.053530123084783554, 0.012519397772848606, 0.0058079613372683525]</MIN_VALUE>
		<SIGNATURE_THRESHOLD_MD>0</SIGNATURE_THRESHOLD_MD>
		<SIGNATURE_THRESHOLD_ML>0</SIGNATURE_THRESHOLD_ML>
		<SIGNATURE_THRESHOLD_SAM>0</SIGNATURE_THRESHOLD_SAM>
	</signature>
	<signature ID="20210610_112235087923_197">
		<MACROCLASSID>1</MACROCLASSID>
		<MACROCLASSINFO>waterbody</MACROCLASSINFO>
		<CLASSID>13</CLASSID>
		<CLASSINFO>C 1</CLASSINFO>
		<VALUES>[0.11308071703057394, 0.002526217488729494, 0.08588115227493372, 0.0044988254430094856, 0.054360074520280424, 0.0029098848587430825, 0.062162702119993876, 0.011162827123353512, 0.020079843816347427, 0.007573157950003101, 0.009233165225437415, 0.003970746473216105]</VALUES>
		<LCS_MIN>[0.10873813182115555, 0.07802040874958038, 0.04981948435306549, 0.03204062953591347, 0.007034095004200935, 0.003968772944062948]</LCS_MIN>
		<LCS_MAX>[0.11922473460435867, 0.09621872007846832, 0.06701751798391342, 0.09657365828752518, 0.05420772358775139, 0.0271683931350708]</LCS_MAX>
		<WAVELENGTH>[0.48, 0.56, 0.655, 0.865, 1.61, 2.2]</WAVELENGTH>
		<MEAN_VALUE>[0.11308071703057394, 0.08588115227493372, 0.054360074520280424, 0.062162702119993876, 0.020079843816347427, 0.009233165225437415]</MEAN_VALUE>
		<CHECKBOX>2</CHECKBOX>
		<SD>[0.002526217488729494, 0.0044988254430094856, 0.0029098848587430825, 0.011162827123353512, 0.007573157950003101, 0.003970746473216105]</SD>
		<WAVELENGTH_UNIT>E-6m</WAVELENGTH_UNIT>
		<COLOR>#983249</COLOR>
		<COVARIANCE_MATRIX>[[6.418242084936284e-06, 1.1260378333132334e-05, 6.537572594492324e-06, -1.222440441095896e-06, -8.349155237805995e-07, -4.768469625335392e-09], [1.1260378333132334e-05, 2.0355084254479018e-05, 1.1755696020618021e-05, -1.102097024549466e-06, -3.31604038006004e-07, 6.683614598873927e-07], [6.537572594492324e-06, 1.1755696020618021e-05, 8.51581520480593e-06, 6.874417866577657e-06, 5.2512540794041575e-06, 3.8122625229903375e-06], [-1.222440441095896e-06, -1.102097024549466e-06, 6.874417866577657e-06, 0.00012532075915379622, 6.896481765993245e-05, 3.6008444762356635e-05], [-8.349155237805995e-07, -3.31604038006004e-07, 5.2512540794041575e-06, 6.896481765993245e-05, 5.768045117189914e-05, 2.914601341070898e-05], [-4.768469625335392e-09, 6.683614598873927e-07, 3.8122625229903375e-06, 3.6008444762356635e-05, 2.914601341070898e-05, 1.585692371201274e-05]]</COVARIANCE_MATRIX>
		<ROI_SIZE>176</ROI_SIZE>
		<MAX_VALUE>[0.11922473460435867, 0.09621872007846832, 0.06701751798391342, 0.09657365828752518, 0.05420772358775139, 0.0271683931350708]</MAX_VALUE>
		<MIN_VALUE>[0.10873813182115555, 0.07802040874958038, 0.04981948435306549, 0.03204062953591347, 0.007034095004200935, 0.003968772944062948]</MIN_VALUE>
		<SIGNATURE_THRESHOLD_MD>0</SIGNATURE_THRESHOLD_MD>
		<SIGNATURE_THRESHOLD_ML>0</SIGNATURE_THRESHOLD_ML>
		<SIGNATURE_THRESHOLD_SAM>0</SIGNATURE_THRESHOLD_SAM>
	</signature>
	<signature ID="20210610_112240397919_606">
		<MACROCLASSID>1</MACROCLASSID>
		<MACROCLASSINFO>waterbody</MACROCLASSINFO>
		<CLASSID>14</CLASSID>
		<CLASSINFO>C 1</CLASSINFO>
		<VALUES>[0.129869704750868, 0.0013735994136643505, 0.11229140930450882, 0.002534451700738429, 0.0855464469928008, 0.0036223613009724316, 0.08689022190295734, 0.019313534241129575, 0.032002411997662135, 0.014788063408471636, 0.01619629100538218, 0.008022079867189653]</VALUES>
		<LCS_MIN>[0.12600068747997284, 0.10418855398893356, 0.0757940262556076, 0.05820877104997635, 0.009809008799493313, 0.005420766305178404]</LCS_MIN>
		<LCS_MAX>[0.131873220205307, 0.1156754270195961, 0.0977029800415039, 0.13267986476421356, 0.06943752616643906, 0.037267811596393585]</LCS_MAX>
		<WAVELENGTH>[0.48, 0.56, 0.655, 0.865, 1.61, 2.2]</WAVELENGTH>
		<MEAN_VALUE>[0.129869704750868, 0.11229140930450882, 0.0855464469928008, 0.08689022190295734, 0.032002411997662135, 0.01619629100538218]</MEAN_VALUE>
		<CHECKBOX>2</CHECKBOX>
		<SD>[0.0013735994136643505, 0.002534451700738429, 0.0036223613009724316, 0.019313534241129575, 0.014788063408471636, 0.008022079867189653]</SD>
		<WAVELENGTH_UNIT>E-6m</WAVELENGTH_UNIT>
		<COLOR>#f34a23</COLOR>
		<COVARIANCE_MATRIX>[[1.9162562140506072e-06, 3.3780165593145573e-06, 3.967719561488484e-06, -1.4388874567182968e-05, -1.1131218931716955e-05, -4.637793719630769e-06], [3.3780165593145573e-06, 6.523811758116171e-06, 7.240307474329608e-06, -2.6889995680011204e-05, -2.064908995192093e-05, -8.552370282168206e-06], [3.967719561488484e-06, 7.240307474329608e-06, 1.332652485407619e-05, -1.897661446136005e-05, -1.6142076898169414e-05, -4.880684234491871e-06], [-1.4388874567182968e-05, -2.6889995680011204e-05, -1.897661446136005e-05, 0.00037884092683458583, 0.00027398077007702564, 0.0001474965390623015], [-1.1131218931716955e-05, -2.064908995192093e-05, -1.6142076898169414e-05, 0.00027398077007702564, 0.0002221038009256805, 0.0001168328097992486], [-4.637793719630769e-06, -8.552370282168206e-06, -4.880684234491871e-06, 0.0001474965390623015, 0.0001168328097992486, 6.535929297987535e-05]]</COVARIANCE_MATRIX>
		<ROI_SIZE>65</ROI_SIZE>
		<MAX_VALUE>[0.131873220205307, 0.1156754270195961, 0.0977029800415039, 0.13267986476421356, 0.06943752616643906, 0.037267811596393585]</MAX_VALUE>
		<MIN_VALUE>[0.12600068747997284, 0.10418855398893356, 0.0757940262556076, 0.05820877104997635, 0.009809008799493313, 0.005420766305178404]</MIN_VALUE>
		<SIGNATURE_THRESHOLD_MD>0</SIGNATURE_THRESHOLD_MD>
		<SIGNATURE_THRESHOLD_ML>0</SIGNATURE_THRESHOLD_ML>
		<SIGNATURE_THRESHOLD_SAM>0</SIGNATURE_THRESHOLD_SAM>
	</signature>
	<signature ID="20210610_112254324083_696">
		<MACROCLASSID>1</MACROCLASSID>
		<MACROCLASSINFO>waterbody</MACROCLASSINFO>
		<CLASSID>15</CLASSID>
		<CLASSINFO>C 1</CLASSINFO>
		<VALUES>[0.14514354876685875, 0.0026382629418687993, 0.12654148496069265, 0.0060370708369302676, 0.1048718487689329, 0.00784841125874394, 0.10014248024428254, 0.014849458181575981, 0.03412034558172958, 0.012359775231916725, 0.015925980373346697, 0.006896103385621826]</VALUES>
		<LCS_MIN>[0.13371241092681885, 0.10044562816619873, 0.07292230427265167, 0.07608441263437271, 0.015842854976654053, 0.006646888330578804]</LCS_MIN>
		<LCS_MAX>[0.1510072499513626, 0.13432545959949493, 0.11783728748559952, 0.1396494209766388, 0.07314816117286682, 0.046399228274822235]</LCS_MAX>
		<WAVELENGTH>[0.48, 0.56, 0.655, 0.865, 1.61, 2.2]</WAVELENGTH>
		<MEAN_VALUE>[0.14514354876685875, 0.12654148496069265, 0.1048718487689329, 0.10014248024428254, 0.03412034558172958, 0.015925980373346697]</MEAN_VALUE>
		<CHECKBOX>2</CHECKBOX>
		<SD>[0.0026382629418687993, 0.0060370708369302676, 0.00784841125874394, 0.014849458181575981, 0.012359775231916725, 0.006896103385621826]</SD>
		<WAVELENGTH_UNIT>E-6m</WAVELENGTH_UNIT>
		<COLOR>#3edf6c</COLOR>
		<COVARIANCE_MATRIX>[[6.975662053612039e-06, 1.4489642301484346e-05, 1.9046412519156557e-05, -1.2687127255052628e-05, -9.400389874554419e-06, -3.4662491910857877e-06], [1.4489642301484346e-05, 3.65259753279475e-05, 4.659086522059186e-05, -3.6925560703636254e-05, -3.204046998658646e-05, -1.4167486547605888e-05], [1.9046412519156557e-05, 4.659086522059186e-05, 6.173234606818672e-05, -4.104365502148795e-05, -3.518887568981675e-05, -1.4324476808326756e-05], [-1.2687127255052628e-05, -3.6925560703636254e-05, -4.104365502148795e-05, 0.0002209889168384229, 0.00016557036246555746, 8.628255961253006e-05], [-9.400389874554419e-06, -3.204046998658646e-05, -3.518887568981675e-05, 0.00016557036246555746, 0.00015309831959046822, 8.27352429807732e-05], [-3.4662491910857877e-06, -1.4167486547605888e-05, -1.4324476808326756e-05, 8.628255961253006e-05, 8.27352429807732e-05, 4.7660303703664466e-05]]</COVARIANCE_MATRIX>
		<ROI_SIZE>458</ROI_SIZE>
		<MAX_VALUE>[0.1510072499513626, 0.13432545959949493, 0.11783728748559952, 0.1396494209766388, 0.07314816117286682, 0.046399228274822235]</MAX_VALUE>
		<MIN_VALUE>[0.13371241092681885, 0.10044562816619873, 0.07292230427265167, 0.07608441263437271, 0.015842854976654053, 0.006646888330578804]</MIN_VALUE>
		<SIGNATURE_THRESHOLD_MD>0</SIGNATURE_THRESHOLD_MD>
		<SIGNATURE_THRESHOLD_ML>0</SIGNATURE_THRESHOLD_ML>
		<SIGNATURE_THRESHOLD_SAM>0</SIGNATURE_THRESHOLD_SAM>
	</signature>
	<signature ID="20210610_112301294312_378">
		<MACROCLASSID>1</MACROCLASSID>
		<MACROCLASSINFO>waterbody</MACROCLASSINFO>
		<CLASSID>16</CLASSID>
		<CLASSINFO>C 1</CLASSINFO>
		<VALUES>[0.12960891133838603, 0.002821768984493935, 0.10803232076284769, 0.005092054460257451, 0.08551954965178785, 0.006538116864605359, 0.09545379887510844, 0.018282874406250083, 0.03577204273974561, 0.013357432062519744, 0.017364564214969857, 0.007357489102668704]</VALUES>
