<?xml version="1.0" ?>
<signaturelist MCID_LIST="[['1', 'waterbody', '#000000'], ['2', 'vegetation', '#000000'], ['3', 'bareland', '#000000'], ['4', 'built-up', '#000000']]">
	<signature ID="20210430_144130108586_829">
		<MACROCLASSID>1</MACROCLASSID>
		<MACROCLASSINFO>MC 1</MACROCLASSINFO>
		<CLASSID>1</CLASSID>
		<CLASSINFO>C 1</CLASSINFO>
		<VALUES>[0.08290830359195211, 0.0022927265282289403, 0.06950535134801385, 0.003094889198322629, 0.047073215048596205, 0.0051531771985828196, 0.03395196127201717, 0.011108347331221772, 0.012678232214639826, 0.011216347142426546, 0.008709815427921437, 0.008674364594730446]</VALUES>
		<LCS_MIN>[0.07699529826641083, 0.06136857718229294, 0.03831326216459274, 0.02127317525446415, 0.0, 0.0]</LCS_MIN>
		<LCS_MAX>[0.0971534252166748, 0.09197834879159927, 0.0770157128572464, 0.0978781208395958, 0.07508517056703568, 0.062297992408275604]</LCS_MAX>
		<WAVELENGTH>[0.485, 0.56, 0.66, 0.83, 1.65, 2.215]</WAVELENGTH>
		<MEAN_VALUE>[0.08290830359195211, 0.06950535134801385, 0.047073215048596205, 0.03395196127201717, 0.012678232214639826, 0.008709815427921437]</MEAN_VALUE>
		<CHECKBOX>2</CHECKBOX>
		<SD>[0.0022927265282289403, 0.003094889198322629, 0.0051531771985828196, 0.011108347331221772, 0.011216347142426546, 0.008674364594730446]</SD>
		<WAVELENGTH_UNIT>E-6m</WAVELENGTH_UNIT>
		<COLOR>#e1681a</COLOR>
		<COVARIANCE_MATRIX>[[5.136030267749447e-06, 2.468088496243581e-06, 4.4837915993412025e-06, 7.860370715206955e-06, 8.44336136651691e-06, 6.466633294621715e-06], [2.468088496243581e-06, 8.584994247939903e-06, 7.834615644242149e-06, 1.1983532203885261e-05, 1.3649789252667688e-05, 1.0336975719837938e-05], [4.4837915993412025e-06, 7.834615644242149e-06, 2.3182750737760216e-05, 3.7970112316543236e-05, 3.862218727590516e-05, 2.8849115551565774e-05], [7.860370715206955e-06, 1.1983532203885261e-05, 3.7970112316543236e-05, 0.00011008176807081327, 9.627713734516874e-05, 7.061564974719658e-05], [8.44336136651691e-06, 1.3649789252667688e-05, 3.862218727590516e-05, 9.627713734516874e-05, 0.00010844097414519638, 7.591999747091904e-05], [6.466633294621715e-06, 1.0336975719837938e-05, 2.8849115551565774e-05, 7.061564974719658e-05, 7.591999747091904e-05, 6.74170078127645e-05]]</COVARIANCE_MATRIX>
		<ROI_SIZE>3036</ROI_SIZE>
		<MAX_VALUE>[0.0971534252166748, 0.09197834879159927, 0.0770157128572464, 0.0978781208395958, 0.07508517056703568, 0.062297992408275604]</MAX_VALUE>
		<MIN_VALUE>[0.07699529826641083, 0.06136857718229294, 0.03831326216459274, 0.02127317525446415, 0.0, 0.0]</MIN_VALUE>
		<SIGNATURE_THRESHOLD_MD>0.0</SIGNATURE_THRESHOLD_MD>
		<SIGNATURE_THRESHOLD_ML>0.0</SIGNATURE_THRESHOLD_ML>
		<SIGNATURE_THRESHOLD_SAM>0.0</SIGNATURE_THRESHOLD_SAM>
	</signature>
	<signature ID="20210430_144136700113_689">
		<MACROCLASSID>1</MACROCLASSID>
		<MACROCLASSINFO>MC 1</MACROCLASSINFO>
		<CLASSID>2</CLASSID>
		<CLASSINFO>C 1</CLASSINFO>
		<VALUES>[0.08516751196201854, 0.0027478328741436225, 0.0819819159470163, 0.00404965270973105, 0.06455072874689961, 0.009971209631199364, 0.047570938126997926, 0.01747700370261055, 0.025648037265348544, 0.017120967641949574, 0.02058690591916644, 0.01669010379361095]</VALUES>
		<LCS_MIN>[0.07882785052061081, 0.0766734704375267, 0.05443928390741348, 0.03336869180202484, 0.010190161876380444, 0.0026531533803790808]</LCS_MIN>
		<LCS_MAX>[0.09532086551189423, 0.09580456465482712, 0.09636693447828293, 0.10997363179922104, 0.07768097519874573, 0.07348139584064484]</LCS_MAX>
		<WAVELENGTH>[0.485, 0.56, 0.66, 0.83, 1.65, 2.215]</WAVELENGTH>
		<MEAN_VALUE>[0.08516751196201854, 0.0819819159470163, 0.06455072874689961, 0.047570938126997926, 0.025648037265348544, 0.02058690591916644]</MEAN_VALUE>
		<CHECKBOX>2</CHECKBOX>
		<SD>[0.0027478328741436225, 0.00404965270973105, 0.009971209631199364, 0.01747700370261055, 0.017120967641949574, 0.01669010379361095]</SD>
		<WAVELENGTH_UNIT>E-6m</WAVELENGTH_UNIT>
		<COLOR>#3f2496</COLOR>
		<COVARIANCE_MATRIX>[[7.6192272899788804e-06, 6.007379852235317e-06, 1.8596621885080822e-05, 3.2802028727019206e-05, 3.1581748771714047e-05, 2.991220389958471e-05], [6.007379852235317e-06, 1.654877451073844e-05, 3.3788866858230904e-05, 5.939719994785264e-05, 5.471114127431065e-05, 5.3699717682320625e-05], [1.8596621885080822e-05, 3.3788866858230904e-05, 0.00010032888530986384, 0.00016800079902168363, 0.00015790142060723156, 0.0001523454993730411], [3.2802028727019206e-05, 5.939719994785264e-05, 0.00016800079902168363, 0.0003082224284298718, 0.000283968256553635, 0.00027067112387157977], [3.1581748771714047e-05, 5.471114127431065e-05, 0.00015790142060723156, 0.000283968256553635, 0.0002957923279609531, 0.0002771962608676404], [2.991220389958471e-05, 5.3699717682320625e-05, 0.0001523454993730411, 0.00027067112387157977, 0.0002771962608676404, 0.000281091924989596]]</COVARIANCE_MATRIX>
		<ROI_SIZE>111</ROI_SIZE>
		<MAX_VALUE>[0.09532086551189423, 0.09580456465482712, 0.09636693447828293, 0.10997363179922104, 0.07768097519874573, 0.07348139584064484]</MAX_VALUE>
		<MIN_VALUE>[0.07882785052061081, 0.0766734704375267, 0.05443928390741348, 0.03336869180202484, 0.010190161876380444, 0.0026531533803790808]</MIN_VALUE>
		<SIGNATURE_THRESHOLD_MD>0.0</SIGNATURE_THRESHOLD_MD>
		<SIGNATURE_THRESHOLD_ML>0.0</SIGNATURE_THRESHOLD_ML>
		<SIGNATURE_THRESHOLD_SAM>0.0</SIGNATURE_THRESHOLD_SAM>
	</signature>
	<signature ID="20210430_144142132851_260">
		<MACROCLASSID>1</MACROCLASSID>
		<MACROCLASSINFO>MC 1</MACROCLASSINFO>
		<CLASSID>3</CLASSID>
		<CLASSINFO>C 1</CLASSINFO>
		<VALUES>[0.08043323407981015, 0.0034350344817680283, 0.06566912677785583, 0.006135580462364269, 0.05337309455576022, 0.009859456409462335, 0.04546421107428136, 0.016627739033662516, 0.02486394353842071, 0.01779657119055962, 0.01950528539624835, 0.015434243106818315]</VALUES>
		<LCS_MIN>[0.07516274601221085, 0.05754236504435539, 0.04476366564631462, 0.029336854815483093, 0.007594360504299402, 0.0026531533803790808]</LCS_MIN>
		<LCS_MAX>[0.09165576100349426, 0.09197834879159927, 0.08991651982069016, 0.10190995782613754, 0.08287257701158524, 0.07348139584064484]</LCS_MAX>
		<WAVELENGTH>[0.485, 0.56, 0.66, 0.83, 1.65, 2.215]</WAVELENGTH>
		<MEAN_VALUE>[0.08043323407981015, 0.06566912677785583, 0.05337309455576022, 0.04546421107428136, 0.02486394353842071, 0.01950528539624835]</MEAN_VALUE>
		<CHECKBOX>2</CHECKBOX>
		<SD>[0.0034350344817680283, 0.006135580462364269, 0.009859456409462335, 0.016627739033662516, 0.01779657119055962, 0.015434243106818315]</SD>
		<WAVELENGTH_UNIT>E-6m</WAVELENGTH_UNIT>
		<COLOR>#21f998</COLOR>
		<COVARIANCE_MATRIX>[[1.189779050037032e-05, 1.6820036762510426e-05, 2.8568832931341603e-05, 4.753318353323266e-05, 5.089121623313986e-05, 4.2343937820987776e-05], [1.6820036762510426e-05, 3.795906013692729e-05, 5.593863534159027e-05, 9.307445725426078e-05, 9.503423643764108e-05, 8.01353162387386e-05], [2.8568832931341603e-05, 5.593863534159027e-05, 9.801895794225857e-05, 0.00015864275337662548, 0.00016493620933033526, 0.00014075101353228092], [4.753318353323266e-05, 9.307445725426078e-05, 0.00015864275337662548, 0.000278785708360374, 0.00027900212444365025, 0.00023584417067468166], [5.089121623313986e-05, 9.503423643764108e-05, 0.00016493620933033526, 0.00027900212444365025, 0.00031935726292431355, 0.0002634356205817312], [4.2343937820987776e-05, 8.01353162387386e-05, 0.00014075101353228092, 0.00023584417067468166, 0.0002634356205817312, 0.00024020099954213947]]</COVARIANCE_MATRIX>
		<ROI_SIZE>121</ROI_SIZE>
		<MAX_VALUE>[0.09165576100349426, 0.09197834879159927, 0.08991651982069016, 0.10190995782613754, 0.08287257701158524, 0.07348139584064484]</MAX_VALUE>
		<MIN_VALUE>[0.07516274601221085, 0.05754236504435539, 0.04476366564631462, 0.029336854815483093, 0.007594360504299402, 0.0026531533803790808]</MIN_VALUE>
		<SIGNATURE_THRESHOLD_MD>0.0</SIGNATURE_THRESHOLD_MD>
		<SIGNATURE_THRESHOLD_ML>0.0</SIGNATURE_THRESHOLD_ML>
		<SIGNATURE_THRESHOLD_SAM>0.0</SIGNATURE_THRESHOLD_SAM>
	</signature>
	<signature ID="20210430_144200085502_411">
		<MACROCLASSID>1</MACROCLASSID>
		<MACROCLASSINFO>MC 1</MACROCLASSINFO>
		<CLASSID>4</CLASSID>
		<CLASSINFO>C 1</CLASSINFO>
		<VALUES>[0.08533512194623769, 0.0030591586464908996, 0.0739049283800255, 0.004544180321893615, 0.05540277433846326, 0.006319243698704015, 0.03679047703244348, 0.012965858611302127, 0.01722494332087304, 0.01562785721384712, 0.012437603556777772, 0.01257289774469139]</VALUES>
		<LCS_MIN>[0.07699529826641083, 0.06136857718229294, 0.04476366564631462, 0.02127317525446415, 0.0, 0.0]</LCS_MIN>
		<LCS_MAX>[0.10081854462623596, 0.09963078796863556, 0.09636693447828293, 0.10190995782613754, 0.08027677983045578, 0.07348139584064484]</LCS_MAX>
		<WAVELENGTH>[0.485, 0.56, 0.66, 0.83, 1.65, 2.215]</WAVELENGTH>
		<MEAN_VALUE>[0.08533512194623769, 0.0739049283800255, 0.05540277433846326, 0.03679047703244348, 0.01722494332087304, 0.012437603556777772]</MEAN_VALUE>
		<CHECKBOX>2</CHECKBOX>
		<SD>[0.0030591586464908996, 0.004544180321893615, 0.006319243698704015, 0.012965858611302127, 0.01562785721384712, 0.01257289774469139]</SD>
		<WAVELENGTH_UNIT>E-6m</WAVELENGTH_UNIT>
		<COLOR>#1c2007</COLOR>
		<COVARIANCE_MATRIX>[[8.823350071907043e-06, 8.410952432313934e-06, 9.23923926166026e-06, 1.162089392892085e-05, 1.437501487089321e-05, 1.0496464710740838e-05], [8.410952432313934e-06, 2.0189441784168594e-05, 1.935668296937365e-05, 2.5867124350043014e-05, 2.9829696359229274e-05, 2.226348988187965e-05], [9.23923926166026e-06, 1.935668296937365e-05, 3.996677332906984e-05, 6.803146243328229e-05, 7.918678602436557e-05, 6.159674376249313e-05], [1.162089392892085e-05, 2.5867124350043014e-05, 6.803146243328229e-05, 0.0001573165791342035, 0.00017253660189453512, 0.00013610190944746137], [1.437501487089321e-05, 2.9829696359229274e-05, 7.918678602436557e-05, 0.00017253660189453512, 0.00022858197917230427, 0.00017477458459325135], [1.0496464710740838e-05, 2.226348988187965e-05, 6.159674376249313e-05, 0.00013610190944746137, 0.00017477458459325135, 0.00015337455261033028]]</COVARIANCE_MATRIX>
		<ROI_SIZE>1776</ROI_SIZE>
		<MAX_VALUE>[0.10081854462623596, 0.09963078796863556, 0.09636693447828293, 0.10190995782613754, 0.08027677983045578, 0.07348139584064484]</MAX_VALUE>
		<MIN_VALUE>[0.07699529826641083, 0.06136857718229294, 0.04476366564631462, 0.02127317525446415, 0.0, 0.0]</MIN_VALUE>
		<SIGNATURE_THRESHOLD_MD>0.0</SIGNATURE_THRESHOLD_MD>
		<SIGNATURE_THRESHOLD_ML>0.0</SIGNATURE_THRESHOLD_ML>
		<SIGNATURE_THRESHOLD_SAM>0.0</SIGNATURE_THRESHOLD_SAM>
	</signature>
	<signature ID="20210430_144206040260_726">
		<MACROCLASSID>1</MACROCLASSID>
		<MACROCLASSINFO>MC 1</MACROCLASSINFO>
		<CLASSID>5</CLASSID>
		<CLASSINFO>C 1</CLASSINFO>
		<VALUES>[0.07721077797868109, 0.002824515123890394, 0.05786430969946848, 0.00519584988996387, 0.043090179932284596, 0.007253987583375109, 0.03884886299634696, 0.016107435025667458, 0.018851230961814125, 0.01702777781627589, 0.013632847099919614, 0.013616041399868105]</VALUES>
		<LCS_MIN>[0.06783252209424973, 0.04988991841673851, 0.03508805111050606, 0.025305014103651047, 0.0024027603212743998, 0.0]</LCS_MIN>
		<LCS_MAX>[0.09165576100349426, 0.08815211802721024, 0.08669131994247437, 0.10190995782613754, 0.08027677983045578, 0.07720919698476791]</LCS_MAX>
		<WAVELENGTH>[0.485, 0.56, 0.66, 0.83, 1.65, 2.215]</WAVELENGTH>
		<MEAN_VALUE>[0.07721077797868109, 0.05786430969946848, 0.043090179932284596, 0.03884886299634696, 0.018851230961814125, 0.013632847099919614]</MEAN_VALUE>
		<CHECKBOX>2</CHECKBOX>
		<SD>[0.002824515123890394, 0.00519584988996387, 0.007253987583375109, 0.016107435025667458, 0.01702777781627589, 0.013616041399868105]</SD>
		<WAVELENGTH_UNIT>E-6m</WAVELENGTH_UNIT>
		<COLOR>#8e34d1</COLOR>
		<COVARIANCE_MATRIX>[[7.986501259438228e-06, 9.024641258292831e-06, 1.3285927707329392e-05, 2.5739074771991e-05, 2.8045013095834292e-05, 2.262142879772e-05], [9.024641258292831e-06, 2.7026009774999693e-05, 3.103038397966884e-05, 5.834126932313666e-05, 6.348338501993567e-05, 5.140850771567784e-05], [1.3285927707329392e-05, 3.103038397966884e-05, 5.26771618751809e-05, 0.00010145521810045466, 0.00010686387395253405, 8.553911175113171e-05], [2.5739074771991e-05, 5.834126932313666e-05, 0.00010145521810045466, 0.00025972965522669256, 0.00025544047821313143, 0.00019394588889554143], [2.8045013095834292e-05, 6.348338501993567e-05, 0.00010686387395253405, 0.00025544047821313143, 0.00029025832191109657, 0.000218833185499534], [2.262142879772e-05, 5.140850771567784e-05, 8.553911175113171e-05, 0.00019394588889554143, 0.000218833185499534, 0.0001855968002928421]]</COVARIANCE_MATRIX>
		<ROI_SIZE>927</ROI_SIZE>
		<MAX_VALUE>[0.09165576100349426, 0.08815211802721024, 0.08669131994247437, 0.10190995782613754, 0.08027677983045578, 0.07720919698476791]</MAX_VALUE>
		<MIN_VALUE>[0.06783252209424973, 0.04988991841673851, 0.03508805111050606, 0.025305014103651047, 0.0024027603212743998, 0.0]</MIN_VALUE>
		<SIGNATURE_THRESHOLD_MD>0.0</SIGNATURE_THRESHOLD_MD>
		<SIGNATURE_THRESHOLD_ML>0.0</SIGNATURE_THRESHOLD_ML>
		<SIGNATURE_THRESHOLD_SAM>0.0</SIGNATURE_THRESHOLD_SAM>
	</signature>
	<signature ID="20210430_144222868246_818">
		<MACROCLASSID>1</MACROCLASSID>
		<MACROCLASSINFO>MC 1</MACROCLASSINFO>
		<CLASSID>6</CLASSID>
		<CLASSINFO>C 1</CLASSINFO>
		<VALUES>[0.09229910262721645, 0.004015888069953071, 0.08180223001920159, 0.007040908099934844, 0.05426086259490635, 0.009733267121324279, 0.044717891874941115, 0.017486481182028748, 0.02687038268567001, 0.01927322741556361, 0.019995973616382726, 0.016128960858677075]</VALUES>
		<LCS_MIN>[0.07333019375801086, 0.05371614173054695, 0.03831326216459274, 0.02127317525446415, 0.0, 0.0]</LCS_MIN>
		<LCS_MAX>[0.10448365658521652, 0.10728324204683304, 0.09314173460006714, 0.10190995782613754, 0.08287257701158524, 0.07720919698476791]</LCS_MAX>
		<WAVELENGTH>[0.485, 0.56, 0.66, 0.83, 1.65, 2.215]</WAVELENGTH>
		<MEAN_VALUE>[0.09229910262721645, 0.08180223001920159, 0.05426086259490635, 0.044717891874941115, 0.02687038268567001, 0.019995973616382726]</MEAN_VALUE>
		<CHECKBOX>2</CHECKBOX>
		<SD>[0.004015888069953071, 0.007040908099934844, 0.009733267121324279, 0.017486481182028748, 0.01927322741556361, 0.016128960858677075]</SD>
		<WAVELENGTH_UNIT>E-6m</WAVELENGTH_UNIT>
		<COLOR>#0d5fb4</COLOR>
		<COVARIANCE_MATRIX>[[1.616174449736718e-05, 2.1556023057200946e-05, 1.864006662799511e-05, 3.6949547848053044e-06, 1.2007842997263651e-05, 1.63150361913722e-05], [2.1556023057200946e-05, 4.968008943251334e-05, 4.5542190491687506e-05, 1.9624369087978266e-05, 3.72869944840204e-05, 4.1705818148329854e-05], [1.864006662799511e-05, 4.5542190491687506e-05, 9.493848483543843e-05, 0.0001311215601162985, 0.00015086492931004614, 0.00012900237925350666], [3.6949547848053044e-06, 1.9624369087978266e-05, 0.0001311215601162985, 0.00030642899218946695, 0.0003090746467933059, 0.000240437759202905], [1.2007842997263651e-05, 3.72869944840204e-05, 0.00015086492931004614, 0.0003090746467933059, 0.00037224931293167174, 0.0002936922537628561], [1.63150361913722e-05, 4.1705818148329854e-05, 0.00012900237925350666, 0.000240437759202905, 0.0002936922537628561, 0.0002606980560813099]]</COVARIANCE_MATRIX>
		<ROI_SIZE>470</ROI_SIZE>
		<MAX_VALUE>[0.10448365658521652, 0.10728324204683304, 0.09314173460006714, 0.10190995782613754, 0.08287257701158524, 0.07720919698476791]</MAX_VALUE>
		<MIN_VALUE>[0.07333019375801086, 0.05371614173054695, 0.03831326216459274, 0.02127317525446415, 0.0, 0.0]</MIN_VALUE>
		<SIGNATURE_THRESHOLD_MD>0.0</SIGNATURE_THRESHOLD_MD>
		<SIGNATURE_THRESHOLD_ML>0.0</SIGNATURE_THRESHOLD_ML>
		<SIGNATURE_THRESHOLD_SAM>0.0</SIGNATURE_THRESHOLD_SAM>
	</signature>
	<signature ID="20210430_144228347906_942">
		<MACROCLASSID>1</MACROCLASSID>
		<MACROCLASSINFO>MC 1</MACROCLASSINFO>
		<CLASSID>7</CLASSID>
		<CLASSINFO>C 1</CLASSINFO>
		<VALUES>[0.09688502346927472, 0.0033222553032906397, 0.10258741744539948, 0.007713903658060816, 0.0780581952345492, 0.01164514469797519, 0.04880371475310036, 0.017806798054727024, 0.031598961168918936, 0.02097907004091757, 0.025270151115502383, 0.019597448125775574]</VALUES>
		<LCS_MIN>[0.08066041022539139, 0.06136857718229294, 0.05443928390741348, 0.029336854815483093, 0.010190161876380444, 0.0]</LCS_MIN>
		<LCS_MAX>[0.10265109688043594, 0.11493567377328873, 0.10926773399114609, 0.10594180226325989, 0.0854683667421341, 0.08466482162475586]</LCS_MAX>
		<WAVELENGTH>[0.485, 0.56, 0.66, 0.83, 1.65, 2.215]</WAVELENGTH>
		<MEAN_VALUE>[0.09688502346927472, 0.10258741744539948, 0.0780581952345492, 0.04880371475310036, 0.031598961168918936, 0.025270151115502383]</MEAN_VALUE>
		<CHECKBOX>2</CHECKBOX>
		<SD>[0.0033222553032906397, 0.007713903658060816, 0.01164514469797519, 0.017806798054727024, 0.02097907004091757, 0.019597448125775574]</SD>
		<WAVELENGTH_UNIT>E-6m</WAVELENGTH_UNIT>
		<COLOR>#3c8924</COLOR>
		<COVARIANCE_MATRIX>[[1.1093407920270693e-05, 1.9768534912145697e-05, 1.837236777646467e-05, -3.5997593386127846e-06, -4.366329449112527e-06, 1.1524865612955182e-06], [1.9768534912145697e-05, 5.9806363424286246e-05, 5.8603836805559695e-05, -3.580804559533135e-06, -2.5139565877907444e-06, 1.086191969079664e-05], [1.837236777646467e-05, 5.8603836805559695e-05, 0.00013629776367451996, 0.00014138765982352197, 0.00016026450612116605, 0.00015916598204057664], [-3.5997593386127846e-06, -3.580804559533135e-06, 0.00014138765982352197, 0.00031869160011410713, 0.00034305750159546733, 0.0003106683143414557], [-4.366329449112527e-06, -2.5139565877907444e-06, 0.00016026450612116605, 0.00034305750159546733, 0.0004423554928507656, 0.00038583637797273695], [1.1524865612955182e-06, 1.086191969079664e-05, 0.00015916598204057664, 0.0003106683143414557, 0.00038583637797273695, 0.00038600951666012406]]</COVARIANCE_MATRIX>
		<ROI_SIZE>198</ROI_SIZE>
		<MAX_VALUE>[0.10265109688043594, 0.11493567377328873, 0.10926773399114609, 0.10594180226325989, 0.0854683667421341, 0.08466482162475586]</MAX_VALUE>
		<MIN_VALUE>[0.08066041022539139, 0.06136857718229294, 0.05443928390741348, 0.029336854815483093, 0.010190161876380444, 0.0]</MIN_VALUE>
		<SIGNATURE_THRESHOLD_MD>0.0</SIGNATURE_THRESHOLD_MD>
		<SIGNATURE_THRESHOLD_ML>0.0</SIGNATURE_THRESHOLD_ML>
		<SIGNATURE_THRESHOLD_SAM>0.0</SIGNATURE_THRESHOLD_SAM>
	</signature>
	<signature ID="20210430_144238427241_876">
		<MACROCLASSID>1</MACROCLASSID>
		<MACROCLASSINFO>MC 1</MACROCLASSINFO>
		<CLASSID>8</CLASSID>
		<CLASSINFO>C 1</CLASSINFO>
		<VALUES>[0.07196400229802384, 0.003461043592571952, 0.05483880413774241, 0.0062291482383248645, 0.039781014713832386, 0.00952120990708188, 0.03644689399481352, 0.017753906920414904, 0.024334943380686418, 0.01705296525315638, 0.01870279406088622, 0.014814422342021221]</VALUES>
		<LCS_MIN>[0.06599996238946915, 0.04223747178912163, 0.02541244588792324, 0.017241334542632103, 0.0024027603212743998, 0.0026531533803790808]</LCS_MIN>
		<LCS_MAX>[0.0879906415939331, 0.08049968630075455, 0.08346611261367798, 0.0978781208395958, 0.08287257701158524, 0.07348139584064484]</LCS_MAX>
		<WAVELENGTH>[0.485, 0.56, 0.66, 0.83, 1.65, 2.215]</WAVELENGTH>
		<MEAN_VALUE>[0.07196400229802384, 0.05483880413774241, 0.039781014713832386, 0.03644689399481352, 0.024334943380686418, 0.01870279406088622]</MEAN_VALUE>
		<CHECKBOX>2</CHECKBOX>
		<SD>[0.003461043592571952, 0.0062291482383248645, 0.00952120990708188, 0.017753906920414904, 0.01705296525315638, 0.014814422342021221]</SD>
		<WAVELENGTH_UNIT>E-6m</WAVELENGTH_UNIT>
		<COLOR>#6bdad1</COLOR>
		<COVARIANCE_MATRIX>[[1.2014795174764004e-05, 1.5077603165991604e-05, 2.3593851437908597e-05, 2.9623166483361274e-05, 3.546750303939916e-05, 3.1798695999896154e-05], [1.5077603165991604e-05, 3.8918809877941385e-05, 5.1192084356443956e-05, 5.759208579547703e-05, 6.967350782360882e-05, 6.536625733133405e-05], [2.3593851437908597e-05, 5.1192084356443956e-05, 9.092567051993683e-05, 0.00012565962970256805, 0.00013233613572083414, 0.00011544826702447608], [2.9623166483361274e-05, 5.759208579547703e-05, 0.00012565962970256805, 0.00031614775070920587, 0.0002648985246196389, 0.00019819273438770324], [3.546750303939916e-05, 6.967350782360882e-05, 0.00013233613572083414, 0.0002648985246196389, 0.0002916769008152187, 0.00022826365602668375], [3.1798695999896154e-05, 6.536625733133405e-05, 0.00011544826702447608, 0.00019819273438770324, 0.00022826365602668375, 0.0002201261668233201]]</COVARIANCE_MATRIX>
		<ROI_SIZE>334</ROI_SIZE>
		<MAX_VALUE>[0.0879906415939331, 0.08049968630075455, 0.08346611261367798, 0.0978781208395958, 0.08287257701158524, 0.07348139584064484]</MAX_VALUE>
		<MIN_VALUE>[0.06599996238946915, 0.04223747178912163, 0.02541244588792324, 0.017241334542632103, 0.0024027603212743998, 0.0026531533803790808]</MIN_VALUE>
		<SIGNATURE_THRESHOLD_MD>0.0</SIGNATURE_THRESHOLD_MD>
		<SIGNATURE_THRESHOLD_ML>0.0</SIGNATURE_THRESHOLD_ML>
		<SIGNATURE_THRESHOLD_SAM>0.0</SIGNATURE_THRESHOLD_SAM>
	</signature>
	<signature ID="20210430_144251627420_380">
		<MACROCLASSID>1</MACROCLASSID>
		<MACROCLASSINFO>MC 1</MACROCLASSINFO>
		<CLASSID>9</CLASSID>
		<CLASSINFO>C 1</CLASSINFO>
		<VALUES>[0.0843982465919994, 0.003066462989925726, 0.10527902427646847, 0.004024954684320398, 0.10148629575731265, 0.015172608051499272, 0.051031989917632144, 0.01812981194601984, 0.02889793902812969, 0.018306907071032635, 0.021558437498271577, 0.014636328440881545]</VALUES>
		<LCS_MIN>[0.07882785052061081, 0.09580456465482712, 0.0770157128572464, 0.029336854815483093, 0.0, 0.0026531533803790808]</LCS_MIN>
		<LCS_MAX>[0.09165576100349426, 0.11493567377328873, 0.14151978492736816, 0.10594180226325989, 0.08287257701158524, 0.07720919698476791]</LCS_MAX>
		<WAVELENGTH>[0.485, 0.56, 0.66, 0.83, 1.65, 2.215]</WAVELENGTH>
		<MEAN_VALUE>[0.0843982465919994, 0.10527902427646847, 0.10148629575731265, 0.051031989917632144, 0.02889793902812969, 0.021558437498271577]</MEAN_VALUE>
		<CHECKBOX>2</CHECKBOX>
		<SD>[0.003066462989925726, 0.004024954684320398, 0.015172608051499272, 0.01812981194601984, 0.018306907071032635, 0.014636328440881545]</SD>
		<WAVELENGTH_UNIT>E-6m</WAVELENGTH_UNIT>
		<COLOR>#989632</COLOR>
		<COVARIANCE_MATRIX>[[9.47842090681661e-06, 6.8782228481722996e-06, 2.1658606783603318e-05, 2.074435769827687e-06, 5.516756573342718e-06, 5.500271527125733e-06], [6.8782228481722996e-06, 1.6329862774000503e-05, 2.6039318981929682e-05, 4.830759735341417e-06, 7.368223577941535e-06, 9.09597201825818e-06], [2.1658606783603318e-05, 2.6039318981929682e-05, 0.0002320497005712241, 0.0001988817675737664, 0.00010828895756276324, 9.615588351152837e-05], [2.074435769827687e-06, 4.830759735341417e-06, 0.0001988817675737664, 0.0003313196066301316, 0.000226964068133384, 0.00017633936658967286], [5.516756573342718e-06, 7.368223577941535e-06, 0.00010828895756276324, 0.000226964068133384, 0.00033782399259507656, 0.00024988269433379173], [5.500271527125733e-06, 9.09597201825818e-06, 9.615588351152837e-05, 0.00017633936658967286, 0.00024988269433379173, 0.00021593588462565094]]</COVARIANCE_MATRIX>
		<ROI_SIZE>126</ROI_SIZE>
		<MAX_VALUE>[0.09165576100349426, 0.11493567377328873, 0.14151978492736816, 0.10594180226325989, 0.08287257701158524, 0.07720919698476791]</MAX_VALUE>
		<MIN_VALUE>[0.07882785052061081, 0.09580456465482712, 0.0770157128572464, 0.029336854815483093, 0.0, 0.0026531533803790808]</MIN_VALUE>
		<SIGNATURE_THRESHOLD_MD>0.0</SIGNATURE_THRESHOLD_MD>
		<SIGNATURE_THRESHOLD_ML>0.0</SIGNATURE_THRESHOLD_ML>
		<SIGNATURE_THRESHOLD_SAM>0.0</SIGNATURE_THRESHOLD_SAM>
	</signature>
	<signature ID="20210430_144303438182_440">
		<MACROCLASSID>1</MACROCLASSID>
		<MACROCLASSINFO>MC 1</MACROCLASSINFO>
		<CLASSID>10</CLASSID>
		<CLASSINFO>C 1</CLASSINFO>
		<VALUES>[0.0883300045022258, 0.0031558890634647255, 0.09247433739127939, 0.0058929814312871755, 0.06919159947170153, 0.00813085689699257, 0.04949605044115473, 0.023764175376473805, 0.0439355702449878, 0.0305142072058626, 0.032889773469866705, 0.023984306104182812]</VALUES>
		<LCS_MIN>[0.07882785052061081, 0.06519480794668198, 0.05766448378562927, 0.025305014103651047, 0.00499856099486351, 0.0026531533803790808]</LCS_MIN>
		<LCS_MAX>[0.09532086551189423, 0.09963078796863556, 0.09314173460006714, 0.10594180226325989, 0.11921378970146179, 0.08093701303005219]</LCS_MAX>
		<WAVELENGTH>[0.485, 0.56, 0.66, 0.83, 1.65, 2.215]</WAVELENGTH>
		<MEAN_VALUE>[0.0883300045022258, 0.09247433739127939, 0.06919159947170153, 0.04949605044115473, 0.0439355702449878, 0.032889773469866705]</MEAN_VALUE>
		<CHECKBOX>2</CHECKBOX>
		<SD>[0.0031558890634647255, 0.0058929814312871755, 0.00813085689699257, 0.023764175376473805, 0.0305142072058626, 0.023984306104182812]</SD>
		<WAVELENGTH_UNIT>E-6m</WAVELENGTH_UNIT>
		<COLOR>#4f159d</COLOR>
		<COVARIANCE_MATRIX>[[1.0147553439310286e-05, 9.750815479492303e-06, 1.920974136737641e-05, 3.345770892337896e-05, 3.733760604518466e-05, 3.478721191640943e-05], [9.750815479492303e-06, 3.5382461646804586e-05, 1.769126538420096e-05, -3.230875881854445e-05, -6.671377195743844e-05, -4.057742262375541e-05], [1.920974136737641e-05, 1.769126538420096e-05, 6.735821079928428e-05, 0.00015015368990134448, 0.00015890979557298124, 0.00013827622751705348], [3.345770892337896e-05, -3.230875881854445e-05, 0.00015015368990134448, 0.0005753914010711014, 0.0006869942881166935, 0.0005424943519756198], [3.733760604518466e-05, -6.671377195743844e-05, 0.00015890979557298124, 0.0006869942881166935, 0.0009486851049587131, 0.000727208040188998], [3.478721191640943e-05, -4.057742262375541e-05, 0.00013827622751705348, 0.0005424943519756198, 0.000727208040188998, 0.0005861006793566048]]</COVARIANCE_MATRIX>
		<ROI_SIZE>54</ROI_SIZE>
		<MAX_VALUE>[0.09532086551189423, 0.09963078796863556, 0.09314173460006714, 0.10594180226325989, 0.11921378970146179, 0.08093701303005219]</MAX_VALUE>
		<MIN_VALUE>[0.07882785052061081, 0.06519480794668198, 0.05766448378562927, 0.025305014103651047, 0.00499856099486351, 0.0026531533803790808]</MIN_VALUE>
		<SIGNATURE_THRESHOLD_MD>0.0</SIGNATURE_THRESHOLD_MD>
		<SIGNATURE_THRESHOLD_ML>0.0</SIGNATURE_THRESHOLD_ML>
		<SIGNATURE_THRESHOLD_SAM>0.0</SIGNATURE_THRESHOLD_SAM>
	</signature>
	<signature ID="20210430_144312620075_373">
		<MACROCLASSID>1</MACROCLASSID>
		<MACROCLASSINFO>MC 1</MACROCLASSINFO>
		<CLASSID>11</CLASSID>
		<CLASSINFO>C 1</CLASSINFO>
		<VALUES>[0.07936177588999266, 0.0034776124088014555, 0.07137285239462342, 0.006360243985954555, 0.051680880458675416, 0.007579081878173497, 0.034604012714068676, 0.013617834560875959, 0.020700589333104216, 0.015440668996081526, 0.014745595836504258, 0.012207476439637946]</VALUES>
		<LCS_MIN>[0.06599996238946915, 0.04606369510293007, 0.03508805111050606, 0.017241334542632103, 0.0, 0.0]</LCS_MIN>
		<LCS_MAX>[0.09532086551189423, 0.09963078796863556, 0.09314173460006714, 0.09384628385305405, 0.07508517056703568, 0.06975360214710236]</LCS_MAX>
		<WAVELENGTH>[0.485, 0.56, 0.66, 0.83, 1.65, 2.215]</WAVELENGTH>
		<MEAN_VALUE>[0.07936177588999266, 0.07137285239462342, 0.051680880458675416, 0.034604012714068676, 0.020700589333104216, 0.014745595836504258]</MEAN_VALUE>
		<CHECKBOX>2</CHECKBOX>
		<SD>[0.0034776124088014555, 0.006360243985954555, 0.007579081878173497, 0.013617834560875959, 0.015440668996081526, 0.012207476439637946]</SD>
		<WAVELENGTH_UNIT>E-6m</WAVELENGTH_UNIT>
		<COLOR>#4423f3</COLOR>
		<COVARIANCE_MATRIX>[[1.2116563993913587e-05, 1.6845768186612986e-05, 1.8382983398623765e-05, 4.6127870518830605e-06, 1.3036876225669403e-05, 1.4378468222275842e-05], [1.6845768186612986e-05, 4.052888471051119e-05, 3.9662732888245955e-05, 4.70094937554677e-06, 2.0817651602555998e-05, 2.370647962379735e-05], [1.8382983398623765e-05, 3.9662732888245955e-05, 5.755066013080068e-05, 4.555898703983985e-05, 6.461214070441201e-05, 5.558779594139196e-05], [4.6127870518830605e-06, 4.70094937554677e-06, 4.555898703983985e-05, 0.0001857946626842022, 0.00017582898726686835, 0.0001227165193995461], [1.3036876225669403e-05, 2.0817651602555998e-05, 6.461214070441201e-05, 0.00017582898726686835, 0.00023886325652711093, 0.00017045649292413145], [1.4378468222275842e-05, 2.370647962379735e-05, 5.558779594139196e-05, 0.0001227165193995461, 0.00017045649292413145, 0.00014930313045624644]]</COVARIANCE_MATRIX>
		<ROI_SIZE>532</ROI_SIZE>
		<MAX_VALUE>[0.09532086551189423, 0.09963078796863556, 0.09314173460006714, 0.09384628385305405, 0.07508517056703568, 0.06975360214710236]</MAX_VALUE>
		<MIN_VALUE>[0.06599996238946915, 0.04606369510293007, 0.03508805111050606, 0.017241334542632103, 0.0, 0.0]</MIN_VALUE>
		<SIGNATURE_THRESHOLD_MD>0.0</SIGNATURE_THRESHOLD_MD>
		<SIGNATURE_THRESHOLD_ML>0.0</SIGNATURE_THRESHOLD_ML>
		<SIGNATURE_THRESHOLD_SAM>0.0</SIGNATURE_THRESHOLD_SAM>
	</signature>
	<signature ID="20210430_144329362580_188">
		<MACROCLASSID>1</MACROCLASSID>
		<MACROCLASSINFO>MC 1</MACROCLASSINFO>
		<CLASSID>12</CLASSID>
		<CLASSINFO>C 1</CLASSINFO>
		<VALUES>[0.08690593831801016, 0.0060817173305252065, 0.0846886217034275, 0.013925815739294087, 0.06419318931640222, 0.011272350732563712, 0.04466716540342125, 0.017028123934352754, 0.020420540034275698, 0.0158004433319387, 0.013751765996260781, 0.011023677408563462]</VALUES>
		<LCS_MIN>[0.06599996238946915, 0.04223747178912163, 0.03186284750699997, 0.025305014103651047, 0.0, 0.0]</LCS_MIN>
		<LCS_MAX>[0.10265109688043594, 0.103457011282444, 0.09636693447828293, 0.10594180226325989, 0.07248937338590622, 0.062297992408275604]</LCS_MAX>
		<WAVELENGTH>[0.485, 0.56, 0.66, 0.83, 1.65, 2.215]</WAVELENGTH>
		<MEAN_VALUE>[0.08690593831801016, 0.0846886217034275, 0.06419318931640222, 0.04466716540342125, 0.020420540034275698, 0.013751765996260781]</MEAN_VALUE>
		<CHECKBOX>2</CHECKBOX>
		<SD>[0.0060817173305252065, 0.013925815739294087, 0.011272350732563712, 0.017028123934352754, 0.0158004433319387, 0.011023677408563462]</SD>
		<WAVELENGTH_UNIT>E-6m</WAVELENGTH_UNIT>
		<COLOR>#eb9db3</COLOR>
		<COVARIANCE_MATRIX>[[3.8988859159871936e-05, 8.341651118826121e-05, 6.936791760381311e-05, -5.1699866162380204e-05, -3.9510108763352036e-05, -1.7352709619444795e-05], [8.341651118826121e-05, 0.00020865508122369647, 0.00016845136997289956, -0.00013204137212596834, -0.0001087927957996726, -5.3360596211859956e-05], [6.936791760381311e-05, 0.00016845136997289956, 0.00014904153067618608, -8.257631998276338e-05, -6.200584903126583e-05, -2.4036709874053486e-05], [-5.1699866162380204e-05, -0.00013204137212596834, -8.257631998276338e-05, 0.000271330529358238, 0.00021645263768732548, 0.0001272868103114888], [-3.9510108763352036e-05, -0.0001087927957996726, -6.200584903126583e-05, 0.00021645263768732548, 0.00023330339172389358, 0.00014828778512310237], [-1.7352709619444795e-05, -5.3360596211859956e-05, -2.4036709874053486e-05, 0.0001272868103114888, 0.00014828778512310237, 0.00011534737859619781]]</COVARIANCE_MATRIX>
		<ROI_SIZE>1623</ROI_SIZE>
		<MAX_VALUE>[0.10265109688043594, 0.103457011282444, 0.09636693447828293, 0.10594180226325989, 0.07248937338590622, 0.062297992408275604]</MAX_VALUE>
		<MIN_VALUE>[0.06599996238946915, 0.04223747178912163, 0.03186284750699997, 0.025305014103651047, 0.0, 0.0]</MIN_VALUE>
		<SIGNATURE_THRESHOLD_MD>0.0</SIGNATURE_THRESHOLD_MD>
		<SIGNATURE_THRESHOLD_ML>0.0</SIGNATURE_THRESHOLD_ML>
		<SIGNATURE_THRESHOLD_SAM>0.0</SIGNATURE_THRESHOLD_SAM>
	</signature>
	<signature ID="20210430_144341873473_847">
		<MACROCLASSID>1</MACROCLASSID>
		<MACROCLASSINFO>MC 1</MACROCLASSINFO>
		<CLASSID>13</CLASSID>
		<CLASSINFO>C 1</CLASSINFO>
		<VALUES>[0.08716200736985684, 0.005408831666440842, 0.08395991779971812, 0.010397927526276319, 0.061796482997959916, 0.010915436455676433, 0.04383978893899402, 0.02016620346153974, 0.028082934872287784, 0.020669029193287544, 0.01953879856990406, 0.015178165631108768]</VALUES>
		<LCS_MIN>[0.06966507434844971, 0.04988991841673851, 0.03508805111050606, 0.02127317525446415, 0.0, 0.0]</LCS_MIN>
		<LCS_MAX>[0.10081854462623596, 0.10728324204683304, 0.1060425341129303, 0.10190995782613754, 0.08027677983045578, 0.06975360214710236]</LCS_MAX>
		<WAVELENGTH>[0.485, 0.56, 0.66, 0.83, 1.65, 2.215]</WAVELENGTH>
		<MEAN_VALUE>[0.08716200736985684, 0.08395991779971812, 0.061796482997959916, 0.04383978893899402, 0.028082934872287784, 0.01953879856990406]</MEAN_VALUE>
		<CHECKBOX>2</CHECKBOX>
		<SD>[0.005408831666440842, 0.010397927526276319, 0.010915436455676433, 0.02016620346153974, 0.020669029193287544, 0.015178165631108768]</SD>
		<WAVELENGTH_UNIT>E-6m</WAVELENGTH_UNIT>
		<COLOR>#7fa3cc</COLOR>
		<COVARIANCE_MATRIX>[[2.9340504624997266e-05, 5.038847302785143e-05, 3.8071386370575055e-05, -5.057848466094583e-05, -4.1191484342562035e-05, -1.5871532013989054e-05], [5.038847302785143e-05, 0.0001084311879822053, 7.878727774368599e-05, -0.0001046816396410577, -9.197392500936985e-05, -3.858812851831317e-05], [3.8071386370575055e-05, 7.878727774368599e-05, 0.00011949311010539532, 2.105815292452462e-05, 2.120515091519337e-05, 4.3015461415052414e-05], [-5.057848466094583e-05, -0.0001046816396410577, 2.105815292452462e-05, 0.00040785796591080725, 0.00037831917870789766, 0.00025354180252179503], [-4.1191484342562035e-05, -9.197392500936985e-05, 2.120515091519337e-05, 0.00037831917870789766, 0.0004284506430849433, 0.00029375936719588935], [-1.5871532013989054e-05, -3.858812851831317e-05, 4.3015461415052414e-05, 0.00025354180252179503, 0.00029375936719588935, 0.00023104641877580434]]</COVARIANCE_MATRIX>
		<ROI_SIZE>345</ROI_SIZE>
		<MAX_VALUE>[0.10081854462623596, 0.10728324204683304, 0.1060425341129303, 0.10190995782613754, 0.08027677983045578, 0.06975360214710236]</MAX_VALUE>
		<MIN_VALUE>[0.06966507434844971, 0.04988991841673851, 0.03508805111050606, 0.02127317525446415, 0.0, 0.0]</MIN_VALUE>
		<SIGNATURE_THRESHOLD_MD>0.0</SIGNATURE_THRESHOLD_MD>
		<SIGNATURE_THRESHOLD_ML>0.0</SIGNATURE_THRESHOLD_ML>
		<SIGNATURE_THRESHOLD_SAM>0.0</SIGNATURE_THRESHOLD_SAM>
	</signature>
	<signature ID="20210430_144353682631_305">
		<MACROCLASSID>1</MACROCLASSID>
		<MACROCLASSINFO>MC 1</MACROCLASSINFO>
		<CLASSID>14</CLASSID>
		<CLASSINFO>C 1</CLASSINFO>
		<VALUES>[0.09338577089004138, 0.0045031666429722365, 0.09929236847678671, 0.009645564906809165, 0.07881460085995357, 0.01188310783061915, 0.0437539548475282, 0.012384763467546234, 0.0203250294243614, 0.013676197557784365, 0.015899479460636894, 0.012365647296215683]</VALUES>
		<LCS_MIN>[0.08249296993017197, 0.08049968630075455, 0.06411489099264145, 0.025305014103651047, 0.00499856099486351, 0.0]</LCS_MIN>
		<LCS_MAX>[0.10998133569955826, 0.12641435861587524, 0.12216855585575104, 0.10190995782613754, 0.07768097519874573, 0.06975360214710236]</LCS_MAX>
		<WAVELENGTH>[0.485, 0.56, 0.66, 0.83, 1.65, 2.215]</WAVELENGTH>
		<MEAN_VALUE>[0.09338577089004138, 0.09929236847678671, 0.07881460085995357, 0.0437539548475282, 0.0203250294243614, 0.015899479460636894]</MEAN_VALUE>
		<CHECKBOX>2</CHECKBOX>
		<SD>[0.0045031666429722365, 0.009645564906809165, 0.01188310783061915, 0.012384763467546234, 0.013676197557784365, 0.012365647296215683]</SD>
		<WAVELENGTH_UNIT>E-6m</WAVELENGTH_UNIT>
		<COLOR>#9b3064</COLOR>
		<COVARIANCE_MATRIX>[[2.03151794266887e-05, 3.7014775443822145e-05, 4.550120866042562e-05, 3.1449555535800755e-05, 1.2800197509932332e-05, 1.3064654922345653e-05], [3.7014775443822145e-05, 9.320516255684197e-05, 0.00010589334124233574, 6.27729095867835e-05, 1.0763898899313062e-05, 1.1867666216858197e-05], [4.550120866042562e-05, 0.00010589334124233574, 0.00014146360626909882, 0.00010852103878278285, 5.140613575349562e-05, 4.756997441290878e-05], [3.1449555535800755e-05, 6.27729095867835e-05, 0.00010852103878278285, 0.0001536597264930606, 0.00012514580157585442, 0.00011095679656136781], [1.2800197509932332e-05, 1.0763898899313062e-05, 5.140613575349562e-05, 0.00012514580157585442, 0.00018737660138867795, 0.00015713126049377024], [1.3064654922345653e-05, 1.1867666216858197e-05, 4.756997441290878e-05, 0.00011095679656136781, 0.00015713126049377024, 0.00015318574151024222]]</COVARIANCE_MATRIX>
		<ROI_SIZE>554</ROI_SIZE>
		<MAX_VALUE>[0.10998133569955826, 0.12641435861587524, 0.12216855585575104, 0.10190995782613754, 0.07768097519874573, 0.06975360214710236]</MAX_VALUE>
		<MIN_VALUE>[0.08249296993017197, 0.08049968630075455, 0.06411489099264145, 0.025305014103651047, 0.00499856099486351, 0.0]</MIN_VALUE>
		<SIGNATURE_THRESHOLD_MD>0.0</SIGNATURE_THRESHOLD_MD>
		<SIGNATURE_THRESHOLD_ML>0.0</SIGNATURE_THRESHOLD_ML>
		<SIGNATURE_THRESHOLD_SAM>0.0</SIGNATURE_THRESHOLD_SAM>
	</signature>
	<signature ID="20210430_144404942795_538">
		<MACROCLASSID>1</MACROCLASSID>
		<MACROCLASSINFO>MC 1</MACROCLASSINFO>
		<CLASSID>15</CLASSID>
		<CLASSINFO>C 1</CLASSINFO>
		<VALUES>[0.11926363149414894, 0.007132371672799131, 0.14837352704742685, 0.01674353132132954, 0.12476273723270588, 0.01175665463995778, 0.05983859624551689, 0.018102369774382763, 0.03744606736480542, 0.022955820541573052, 0.03012543708166998, 0.017300110121721956]</VALUES>
		<LCS_MIN>[0.09898599237203598, 0.103457011282444, 0.09314173460006714, 0.041432373225688934, 0.015381763689219952, 0.010108758695423603]</LCS_MIN>
		<LCS_MAX>[0.12830691039562225, 0.16467656195163727, 0.14151978492736816, 0.10594180226325989, 0.09325578808784485, 0.07348139584064484]</LCS_MAX>
		<WAVELENGTH>[0.485, 0.56, 0.66, 0.83, 1.65, 2.215]</WAVELENGTH>
		<MEAN_VALUE>[0.11926363149414894, 0.14837352704742685, 0.12476273723270588, 0.05983859624551689, 0.03744606736480542, 0.03012543708166998]</MEAN_VALUE>
		<CHECKBOX>2</CHECKBOX>
		<SD>[0.007132371672799131, 0.01674353132132954, 0.01175665463995778, 0.018102369774382763, 0.022955820541573052, 0.017300110121721956]</SD>
		<WAVELENGTH_UNIT>E-6m</WAVELENGTH_UNIT>
		<COLOR>#430e49</COLOR>
		<COVARIANCE_MATRIX>[[5.200118539505638e-05, 0.00011558240657905117, 7.572980393888429e-05, -9.682245581643656e-05, -0.00012056231935275719, -8.305610390380025e-05], [0.00011558240657905117, 0.00028657575603574514, 0.000178428235813044, -0.00025752923102118075, -0.0003173861186951399, -0.00022522393555846065], [7.572980393888429e-05, 0.000178428235813044, 0.00014129045302979648, -0.00011902912956429645, -0.00014818411727901548, -9.850081551121548e-05], [-9.682245581643656e-05, -0.00025752923102118075, -0.00011902912956429645, 0.00033497792901471257, 0.0004056098696310073, 0.00029037476633675396], [-0.00012056231935275719, -0.0003173861186951399, -0.00014818411727901548, 0.0004056098696310073, 0.0005386801203712821, 0.00039039834518916905], [-8.305610390380025e-05, -0.00022522393555846065, -9.850081551121548e-05, 0.00029037476633675396, 0.00039039834518916905, 0.0003059447917621583]]</COVARIANCE_MATRIX>
		<ROI_SIZE>46</ROI_SIZE>
		<MAX_VALUE>[0.12830691039562225, 0.16467656195163727, 0.14151978492736816, 0.10594180226325989, 0.09325578808784485, 0.07348139584064484]</MAX_VALUE>
		<MIN_VALUE>[0.09898599237203598, 0.103457011282444, 0.09314173460006714, 0.041432373225688934, 0.015381763689219952, 0.010108758695423603]</MIN_VALUE>
		<SIGNATURE_THRESHOLD_MD>0.0</SIGNATURE_THRESHOLD_MD>
		<SIGNATURE_THRESHOLD_ML>0.0</SIGNATURE_THRESHOLD_ML>
		<SIGNATURE_THRESHOLD_SAM>0.0</SIGNATURE_THRESHOLD_SAM>
	</signature>
	<signature ID="20210430_144420791531_691">
		<MACROCLASSID>1</MACROCLASSID>
		<MACROCLASSINFO>MC 1</MACROCLASSINFO>
		<CLASSID>16</CLASSID>
		<CLASSINFO>C 1</CLASSINFO>
		<VALUES>[0.0940360798987873, 0.0057976526771891974, 0.08967197740075011, 0.010941833353374942, 0.06008898995838903, 0.013050452670805594, 0.03412541405454116, 0.013873653841984654, 0.016336107775226767, 0.014356236064176823, 0.013090178643768548, 0.012911134417953165]</VALUES>
		<LCS_MIN>[0.07149763405323029, 0.04988991841673851, 0.03831326216459274, 0.017241334542632103, 0.0, 0.0]</LCS_MIN>
		<LCS_MAX>[0.11181388050317764, 0.11876188963651657, 0.10926773399114609, 0.09384628385305405, 0.07248937338590622, 0.07348139584064484]</LCS_MAX>
		<WAVELENGTH>[0.485, 0.56, 0.66, 0.83, 1.65, 2.215]</WAVELENGTH>
		<MEAN_VALUE>[0.0940360798987873, 0.08967197740075011, 0.06008898995838903, 0.03412541405454116, 0.016336107775226767, 0.013090178643768548]</MEAN_VALUE>
		<CHECKBOX>2</CHECKBOX>
