<?xml version="1.0" ?>
<signaturelist MCID_LIST="[['1', 'waterbody', '#000000'], ['2', 'vegetation', '#000000'], ['3', 'bareland', '#000000'], ['4', 'built-up', '#000000']]">
	<signature ID="20210210_170159177937_928">
		<MACROCLASSID>1</MACROCLASSID>
		<MACROCLASSINFO>waterbody</MACROCLASSINFO>
		<CLASSID>1</CLASSID>
		<CLASSINFO>C 1</CLASSINFO>
		<VALUES>[0.09823123599448197, 0.000819117455488716, 0.0682264888118562, 0.0011959929840159797, 0.04264599881254322, 0.0016185927105540354, 0.026617027095699165, 0.00497958818910321, 0.007104804962332764, 0.0041220595674154896, 0.003683341939573761, 0.002655097984154628]</VALUES>
		<LCS_MIN>[0.09242746233940125, 0.05955345556139946, 0.037872564047575, 0.015302348881959915, 0.0006133199785836041, 0.0]</LCS_MIN>
		<LCS_MAX>[0.10414189845323563, 0.08172503113746643, 0.06225207820534706, 0.06492001563310623, 0.04244181886315346, 0.03232201188802719]</LCS_MAX>
		<WAVELENGTH>[0.48, 0.56, 0.655, 0.865, 1.61, 2.2]</WAVELENGTH>
		<MEAN_VALUE>[0.09823123599448197, 0.0682264888118562, 0.04264599881254322, 0.026617027095699165, 0.007104804962332764, 0.003683341939573761]</MEAN_VALUE>
		<CHECKBOX>2</CHECKBOX>
		<SD>[0.000819117455488716, 0.0011959929840159797, 0.0016185927105540354, 0.00497958818910321, 0.0041220595674154896, 0.002655097984154628]</SD>
		<WAVELENGTH_UNIT>E-6m</WAVELENGTH_UNIT>
		<COLOR>#c16acc</COLOR>
		<COVARIANCE_MATRIX>[[6.828552159277024e-07, 6.749586418663966e-07, 3.698215778058511e-07, -3.071245942010137e-07, 2.7351526910024404e-07, 2.961938889711746e-07], [6.749586418663966e-07, 1.2305637255849433e-06, 1.2234675068611978e-06, 1.1490490123833297e-06, 1.799990855033684e-06, 1.4174386251397664e-06], [3.698215778058511e-07, 1.2234675068611978e-06, 2.1661714981746627e-06, 3.795173824983067e-06, 3.7611782772728475e-06, 2.582637080195127e-06], [-3.071245942010137e-07, 1.1490490123833297e-06, 3.795173824983067e-06, 2.5312479920103215e-05, 1.856173730629962e-05, 1.064789012161782e-05], [2.7351526910024404e-07, 1.799990855033684e-06, 3.7611782772728475e-06, 1.856173730629962e-05, 1.7758940884959884e-05, 1.0685060260584578e-05], [2.961938889711746e-07, 1.4174386251397664e-06, 2.582637080195127e-06, 1.064789012161782e-05, 1.0685060260584578e-05, 6.924980880285148e-06]]</COVARIANCE_MATRIX>
		<ROI_SIZE>5839</ROI_SIZE>
		<MAX_VALUE>[0.10414189845323563, 0.08172503113746643, 0.06225207820534706, 0.06492001563310623, 0.04244181886315346, 0.03232201188802719]</MAX_VALUE>
		<MIN_VALUE>[0.09242746233940125, 0.05955345556139946, 0.037872564047575, 0.015302348881959915, 0.0006133199785836041, 0.0]</MIN_VALUE>
		<SIGNATURE_THRESHOLD_MD>0.0</SIGNATURE_THRESHOLD_MD>
		<SIGNATURE_THRESHOLD_ML>0.0</SIGNATURE_THRESHOLD_ML>
		<SIGNATURE_THRESHOLD_SAM>0.0</SIGNATURE_THRESHOLD_SAM>
	</signature>
	<signature ID="20210210_224331057765_711">
		<MACROCLASSID>1</MACROCLASSID>
		<MACROCLASSINFO>waterbody</MACROCLASSINFO>
		<CLASSID>2</CLASSID>
		<CLASSINFO>C 1</CLASSINFO>
		<VALUES>[0.09895733971154383, 0.0009785081304652585, 0.07252590206193094, 0.001606386040376777, 0.042379778568182085, 0.0015385587206378337, 0.03106307483112864, 0.007483018313312276, 0.010119744320364717, 0.00641287727556286, 0.005501409050653804, 0.003772262909581228]</VALUES>
		<LCS_MIN>[0.09218214452266693, 0.061178769916296005, 0.037136584520339966, 0.021956883370876312, 0.0016866271616891026, 0.00211595231667161]</LCS_MIN>
		<LCS_MAX>[0.10362057387828827, 0.08031436800956726, 0.057958826422691345, 0.06694398075342178, 0.046183064579963684, 0.02710878476500511]</LCS_MAX>
		<WAVELENGTH>[0.48, 0.56, 0.655, 0.865, 1.61, 2.2]</WAVELENGTH>
		<MEAN_VALUE>[0.09895733971154383, 0.07252590206193094, 0.042379778568182085, 0.03106307483112864, 0.010119744320364717, 0.005501409050653804]</MEAN_VALUE>
		<CHECKBOX>2</CHECKBOX>
		<SD>[0.0009785081304652585, 0.001606386040376777, 0.0015385587206378337, 0.007483018313312276, 0.00641287727556286, 0.003772262909581228]</SD>
		<WAVELENGTH_UNIT>E-6m</WAVELENGTH_UNIT>
		<COLOR>#b90d1c</COLOR>
		<COVARIANCE_MATRIX>[[1.8170860585087212e-06, 2.8284698601055425e-06, 1.317581336479634e-06, -3.669015313789714e-06, -1.4681133961857995e-06, -4.852843744629354e-07], [2.8284698601055425e-06, 4.822848495678045e-06, 2.4460341592202894e-06, -4.136254574405029e-06, -7.808802138242754e-07, 1.9760756231335108e-07], [1.317581336479634e-06, 2.4460341592202894e-06, 2.27087912207935e-06, 3.940667738788761e-06, 4.445053946255939e-06, 3.0365079055627575e-06], [-3.669015313789714e-06, -4.136254574405029e-06, 3.940667738788761e-06, 6.199500785442069e-05, 4.198647729936056e-05, 2.2925978555576876e-05], [-1.4681133961857995e-06, -7.808802138242754e-07, 4.445053946255939e-06, 4.198647729936056e-05, 3.764589928323403e-05, 2.1309155272319913e-05], [-4.852843744629354e-07, 1.9760756231335108e-07, 3.0365079055627575e-06, 2.2925978555576876e-05, 2.1309155272319913e-05, 1.2694350516539998e-05]]</COVARIANCE_MATRIX>
		<ROI_SIZE>1311</ROI_SIZE>
		<MAX_VALUE>[0.10362057387828827, 0.08031436800956726, 0.057958826422691345, 0.06694398075342178, 0.046183064579963684, 0.02710878476500511]</MAX_VALUE>
		<MIN_VALUE>[0.09218214452266693, 0.061178769916296005, 0.037136584520339966, 0.021956883370876312, 0.0016866271616891026, 0.00211595231667161]</MIN_VALUE>
		<SIGNATURE_THRESHOLD_MD>0.0</SIGNATURE_THRESHOLD_MD>
		<SIGNATURE_THRESHOLD_ML>0.0</SIGNATURE_THRESHOLD_ML>
		<SIGNATURE_THRESHOLD_SAM>0.0</SIGNATURE_THRESHOLD_SAM>
	</signature>
	<signature ID="20210210_224335769869_934">
		<MACROCLASSID>1</MACROCLASSID>
		<MACROCLASSINFO>waterbody</MACROCLASSINFO>
		<CLASSID>3</CLASSID>
		<CLASSINFO>C 1</CLASSINFO>
		<VALUES>[0.0965091299527744, 0.002083488908288119, 0.07056133546777121, 0.003726566560248597, 0.04291088761551296, 0.003682342632181529, 0.037228972065264494, 0.011061568183844165, 0.014532236409359184, 0.00860519719592407, 0.008138790097423222, 0.005131462673202554]</VALUES>
		<LCS_MIN>[0.08601825684309006, 0.05381890758872032, 0.03373264521360397, 0.011867759749293327, 0.0, 0.0]</LCS_MIN>
		<LCS_MAX>[0.1038045734167099, 0.08607960492372513, 0.06856929510831833, 0.0712372288107872, 0.04921901226043701, 0.033609986305236816]</LCS_MAX>
		<WAVELENGTH>[0.48, 0.56, 0.655, 0.865, 1.61, 2.2]</WAVELENGTH>
		<MEAN_VALUE>[0.0965091299527744, 0.07056133546777121, 0.04291088761551296, 0.037228972065264494, 0.014532236409359184, 0.008138790097423222]</MEAN_VALUE>
		<CHECKBOX>2</CHECKBOX>
		<SD>[0.002083488908288119, 0.003726566560248597, 0.003682342632181529, 0.011061568183844165, 0.00860519719592407, 0.005131462673202554]</SD>
		<WAVELENGTH_UNIT>E-6m</WAVELENGTH_UNIT>
		<COLOR>#9b78dd</COLOR>
		<COVARIANCE_MATRIX>[[4.350201379565988e-06, 7.429397101077484e-06, 5.560548288485734e-06, -4.067475401825504e-06, 1.4919620525688515e-06, 2.295288595632883e-06], [7.429397101077484e-06, 1.3916972420702223e-05, 1.1145160897285677e-05, -4.540450390777551e-06, 5.2222362683096435e-06, 5.801711267849896e-06], [5.560548288485734e-06, 1.1145160897285677e-05, 1.358862118649995e-05, 1.323064680036623e-05, 1.6194639101740904e-05, 1.2166249689471442e-05], [-4.067475401825504e-06, -4.540450390777551e-06, 1.323064680036623e-05, 0.00012261973461136222, 8.311890996992588e-05, 4.5607437641592696e-05], [1.4919620525688515e-06, 5.2222362683096435e-06, 1.6194639101740904e-05, 8.311890996992588e-05, 7.420764450216666e-05, 4.269156124792062e-05], [2.295288595632883e-06, 5.801711267849896e-06, 1.2166249689471442e-05, 4.5607437641592696e-05, 4.269156124792062e-05, 2.6388173864688724e-05]]</COVARIANCE_MATRIX>
		<ROI_SIZE>469</ROI_SIZE>
		<MAX_VALUE>[0.1038045734167099, 0.08607960492372513, 0.06856929510831833, 0.0712372288107872, 0.04921901226043701, 0.033609986305236816]</MAX_VALUE>
		<MIN_VALUE>[0.08601825684309006, 0.05381890758872032, 0.03373264521360397, 0.011867759749293327, 0.0, 0.0]</MIN_VALUE>
		<SIGNATURE_THRESHOLD_MD>0.0</SIGNATURE_THRESHOLD_MD>
		<SIGNATURE_THRESHOLD_ML>0.0</SIGNATURE_THRESHOLD_ML>
		<SIGNATURE_THRESHOLD_SAM>0.0</SIGNATURE_THRESHOLD_SAM>
	</signature>
	<signature ID="20210210_224345374379_575">
		<MACROCLASSID>1</MACROCLASSID>
		<MACROCLASSINFO>waterbody</MACROCLASSINFO>
		<CLASSID>4</CLASSID>
		<CLASSINFO>C 1</CLASSINFO>
		<VALUES>[0.10574166760988793, 0.001150014286288958, 0.07597964196846797, 0.0018715313085618974, 0.044881790516637564, 0.0018182503035186336, 0.03050022174587037, 0.004863500605576058, 0.008789369472766925, 0.0044062719319988815, 0.004788477466095214, 0.003070561874464037]</VALUES>
		<LCS_MIN>[0.09442076832056046, 0.05955345556139946, 0.037381913512945175, 0.02318352274596691, 0.0034959251061081886, 0.002422606572508812]</LCS_MIN>
		<LCS_MAX>[0.11055110394954681, 0.0889928862452507, 0.06446003913879395, 0.06994926929473877, 0.04569240286946297, 0.03238334506750107]</LCS_MAX>
		<WAVELENGTH>[0.48, 0.56, 0.655, 0.865, 1.61, 2.2]</WAVELENGTH>
		<MEAN_VALUE>[0.10574166760988793, 0.07597964196846797, 0.044881790516637564, 0.03050022174587037, 0.008789369472766925, 0.004788477466095214]</MEAN_VALUE>
		<CHECKBOX>2</CHECKBOX>
		<SD>[0.001150014286288958, 0.0018715313085618974, 0.0018182503035186336, 0.004863500605576058, 0.0044062719319988815, 0.003070561874464037]</SD>
		<WAVELENGTH_UNIT>E-6m</WAVELENGTH_UNIT>
		<COLOR>#a0ff10</COLOR>
		<COVARIANCE_MATRIX>[[1.7777417724573752e-06, 2.606064754218096e-06, 1.6116060805870802e-06, -1.1821531415989739e-06, 4.573267062824016e-07, 6.689768383694172e-07], [2.606064754218096e-06, 4.544621788227232e-06, 3.2557866234128596e-06, 2.9437873649840185e-07, 2.5006138457683846e-06, 2.3378072455670917e-06], [1.6116060805870802e-06, 3.2557866234128596e-06, 3.96223822463071e-06, 6.256013421079842e-06, 6.7946439230581746e-06, 5.09006258653244e-06], [-1.1821531415989739e-06, 2.9437873649840185e-07, 6.256013421079842e-06, 3.01627424050821e-05, 2.3681997845415026e-05, 1.5576215446344577e-05], [4.573267062824016e-07, 2.5006138457683846e-06, 6.7946439230581746e-06, 2.3681997845415026e-05, 2.4073358872556128e-05, 1.6393327314290218e-05], [6.689768383694172e-07, 2.3378072455670917e-06, 5.09006258653244e-06, 1.5576215446344577e-05, 1.6393327314290218e-05, 1.1614562026807107e-05]]</COVARIANCE_MATRIX>
		<ROI_SIZE>2952</ROI_SIZE>
		<MAX_VALUE>[0.11055110394954681, 0.0889928862452507, 0.06446003913879395, 0.06994926929473877, 0.04569240286946297, 0.03238334506750107]</MAX_VALUE>
		<MIN_VALUE>[0.09442076832056046, 0.05955345556139946, 0.037381913512945175, 0.02318352274596691, 0.0034959251061081886, 0.002422606572508812]</MIN_VALUE>
		<SIGNATURE_THRESHOLD_MD>0.0</SIGNATURE_THRESHOLD_MD>
		<SIGNATURE_THRESHOLD_ML>0.0</SIGNATURE_THRESHOLD_ML>
		<SIGNATURE_THRESHOLD_SAM>0.0</SIGNATURE_THRESHOLD_SAM>
	</signature>
	<signature ID="20210210_224352609764_527">
		<MACROCLASSID>1</MACROCLASSID>
		<MACROCLASSINFO>waterbody</MACROCLASSINFO>
		<CLASSID>5</CLASSID>
		<CLASSINFO>C 1</CLASSINFO>
		<VALUES>[0.11037552596862653, 0.002655402878222255, 0.09226146905629103, 0.0055093654707336365, 0.061838364237842454, 0.005011128483934828, 0.04037790722098236, 0.009683657752722792, 0.01514947905613125, 0.00790064406070523, 0.008609094840959342, 0.004907058917374334]</VALUES>
		<LCS_MIN>[0.0938994437456131, 0.06035077944397926, 0.03912986442446709, 0.03137136250734329, 0.0062865326181054115, 0.0]</LCS_MIN>
		<LCS_MAX>[0.11508966982364655, 0.1065031960606575, 0.08117302507162094, 0.07488648593425751, 0.051273640245199203, 0.03379398211836815]</LCS_MAX>
		<WAVELENGTH>[0.48, 0.56, 0.655, 0.865, 1.61, 2.2]</WAVELENGTH>
		<MEAN_VALUE>[0.11037552596862653, 0.09226146905629103, 0.061838364237842454, 0.04037790722098236, 0.01514947905613125, 0.008609094840959342]</MEAN_VALUE>
		<CHECKBOX>2</CHECKBOX>
		<SD>[0.002655402878222255, 0.0055093654707336365, 0.005011128483934828, 0.009683657752722792, 0.00790064406070523, 0.004907058917374334]</SD>
		<WAVELENGTH_UNIT>E-6m</WAVELENGTH_UNIT>
		<COLOR>#cfae68</COLOR>
		<COVARIANCE_MATRIX>[[7.062838449201081e-06, 1.4364341950567905e-05, 1.0393525371910073e-05, -1.0091384865518194e-05, -4.62199477624381e-06, -1.509817934675084e-06], [1.4364341950567905e-05, 3.0403361961361952e-05, 2.3351007257588208e-05, -1.84381478902651e-05, -8.027816875255667e-06, -2.2639551389147528e-06], [1.0393525371910073e-05, 2.3351007257588208e-05, 2.51529836532427e-05, -5.70414897538285e-08, 6.058604412828572e-06, 6.2714011619391385e-06], [-1.0091384865518194e-05, -1.84381478902651e-05, -5.70414897538285e-08, 9.392848005518317e-05, 6.784853030694649e-05, 3.831141293630935e-05], [-4.62199477624381e-06, -8.027816875255667e-06, 6.058604412828572e-06, 6.784853030694649e-05, 6.252351886359975e-05, 3.750364703591913e-05], [-1.509817934675084e-06, -2.2639551389147528e-06, 6.2714011619391385e-06, 3.831141293630935e-05, 3.750364703591913e-05, 2.411909372312948e-05]]</COVARIANCE_MATRIX>
		<ROI_SIZE>605</ROI_SIZE>
		<MAX_VALUE>[0.11508966982364655, 0.1065031960606575, 0.08117302507162094, 0.07488648593425751, 0.051273640245199203, 0.03379398211836815]</MAX_VALUE>
		<MIN_VALUE>[0.0938994437456131, 0.06035077944397926, 0.03912986442446709, 0.03137136250734329, 0.0062865326181054115, 0.0]</MIN_VALUE>
		<SIGNATURE_THRESHOLD_MD>0.0</SIGNATURE_THRESHOLD_MD>
		<SIGNATURE_THRESHOLD_ML>0.0</SIGNATURE_THRESHOLD_ML>
		<SIGNATURE_THRESHOLD_SAM>0.0</SIGNATURE_THRESHOLD_SAM>
	</signature>
	<signature ID="20210210_224358832563_862">
		<MACROCLASSID>1</MACROCLASSID>
		<MACROCLASSINFO>waterbody</MACROCLASSINFO>
		<CLASSID>6</CLASSID>
		<CLASSINFO>C 1</CLASSINFO>
		<VALUES>[0.10624534396313813, 0.00104384575472118, 0.0748004046647775, 0.00159171532050223, 0.04439773558228664, 0.0019220758733014972, 0.027156324417633285, 0.004359310893550528, 0.007511946799161981, 0.004291842122795038, 0.004215806245547794, 0.0031247305035227743]</VALUES>
		<LCS_MIN>[0.10355925559997559, 0.07117591053247452, 0.040969837456941605, 0.018736951053142548, 0.003158597508445382, 0.0012573020067065954]</LCS_MIN>
		<LCS_MAX>[0.11119509488344193, 0.08727557957172394, 0.06697463989257812, 0.0648893490433693, 0.044189780950546265, 0.03406997397542]</LCS_MAX>
		<WAVELENGTH>[0.48, 0.56, 0.655, 0.865, 1.61, 2.2]</WAVELENGTH>
		<MEAN_VALUE>[0.10624534396313813, 0.0748004046647775, 0.04439773558228664, 0.027156324417633285, 0.007511946799161981, 0.004215806245547794]</MEAN_VALUE>
		<CHECKBOX>2</CHECKBOX>
		<SD>[0.00104384575472118, 0.00159171532050223, 0.0019220758733014972, 0.004359310893550528, 0.004291842122795038, 0.0031247305035227743]</SD>
		<WAVELENGTH_UNIT>E-6m</WAVELENGTH_UNIT>
		<COLOR>#398a1a</COLOR>
		<COVARIANCE_MATRIX>[[1.0743103757704375e-06, 1.4503006013910635e-06, 9.902810234052595e-07, 3.5191342817597615e-07, 4.851082167078857e-07, 3.9724559997011966e-07], [1.4503006013910635e-06, 2.468943648636923e-06, 2.056819539575372e-06, 2.0979784949304303e-06, 2.3054301436786773e-06, 1.7731427988110227e-06], [9.902810234052595e-07, 2.056819539575372e-06, 2.965889507322572e-06, 5.219355898589129e-06, 5.04536592416116e-06, 3.741858336070436e-06], [3.5191342817597615e-07, 2.0979784949304303e-06, 5.219355898589129e-06, 1.4631488738814369e-05, 1.2803116078430321e-05, 8.9984114310937e-06], [4.851082167078857e-07, 2.3054301436786773e-06, 5.04536592416116e-06, 1.2803116078430321e-05, 1.4366332834470086e-05, 1.0164171726501081e-05], [3.9724559997011966e-07, 1.7731427988110227e-06, 3.741858336070436e-06, 8.9984114310937e-06, 1.0164171726501081e-05, 7.522042324126232e-06]]</COVARIANCE_MATRIX>
		<ROI_SIZE>7886</ROI_SIZE>
		<MAX_VALUE>[0.11119509488344193, 0.08727557957172394, 0.06697463989257812, 0.0648893490433693, 0.044189780950546265, 0.03406997397542]</MAX_VALUE>
		<MIN_VALUE>[0.10355925559997559, 0.07117591053247452, 0.040969837456941605, 0.018736951053142548, 0.003158597508445382, 0.0012573020067065954]</MIN_VALUE>
		<SIGNATURE_THRESHOLD_MD>0.0</SIGNATURE_THRESHOLD_MD>
		<SIGNATURE_THRESHOLD_ML>0.0</SIGNATURE_THRESHOLD_ML>
		<SIGNATURE_THRESHOLD_SAM>0.0</SIGNATURE_THRESHOLD_SAM>
	</signature>
	<signature ID="20210210_225628966301_781">
		<MACROCLASSID>1</MACROCLASSID>
		<MACROCLASSINFO>waterbody</MACROCLASSINFO>
		<CLASSID>7</CLASSID>
		<CLASSINFO>C 1</CLASSINFO>
		<VALUES>[0.1137932432681972, 0.0012972337978624728, 0.08917815615497783, 0.002556635138298844, 0.05675175794409873, 0.0018462489756136773, 0.03268004672567453, 0.005373218363523184, 0.008228570665863324, 0.0035574537789368303, 0.004266462347604351, 0.0020351262827151433]</VALUES>
		<LCS_MIN>[0.10153528302907944, 0.0668826550245285, 0.0424724817276001, 0.024839499965310097, 0.0060412026941776276, 0.0028519316110759974]</LCS_MIN>
		<LCS_MAX>[0.11686831712722778, 0.09540208429098129, 0.06826262921094894, 0.069734588265419, 0.04569240286946297, 0.02904074266552925]</LCS_MAX>
		<WAVELENGTH>[0.48, 0.56, 0.655, 0.865, 1.61, 2.2]</WAVELENGTH>
		<MEAN_VALUE>[0.1137932432681972, 0.08917815615497783, 0.05675175794409873, 0.03268004672567453, 0.008228570665863324, 0.004266462347604351]</MEAN_VALUE>
		<CHECKBOX>2</CHECKBOX>
		<SD>[0.0012972337978624728, 0.002556635138298844, 0.0018462489756136773, 0.005373218363523184, 0.0035574537789368303, 0.0020351262827151433]</SD>
		<WAVELENGTH_UNIT>E-6m</WAVELENGTH_UNIT>
		<COLOR>#32e3ba</COLOR>
		<COVARIANCE_MATRIX>[[1.6135477380885277e-06, 2.7493247216625605e-06, 1.5487552218473866e-06, -1.636909274793652e-07, 3.067573928206002e-08, 1.163433296369476e-07], [2.7493247216625605e-06, 5.884333859285107e-06, 3.5498735542205395e-06, 1.192194361010479e-07, 8.720320465727127e-08, 1.6979701911168377e-07], [1.5487552218473866e-06, 3.5498735542205395e-06, 2.9601601454487536e-06, 1.957676659003482e-06, 1.3814949397783494e-06, 8.997666895993461e-07], [-1.636909274793652e-07, 1.192194361010479e-07, 1.957676659003482e-06, 2.542197034927085e-05, 1.667238939262461e-05, 9.262153071176726e-06], [3.067573928206002e-08, 8.720320465727127e-08, 1.3814949397783494e-06, 1.667238939262461e-05, 1.234898081747815e-05, 7.040008313197177e-06], [1.163433296369476e-07, 1.6979701911168377e-07, 8.997666895993461e-07, 9.262153071176726e-06, 7.040008313197177e-06, 4.176230504526757e-06]]</COVARIANCE_MATRIX>
		<ROI_SIZE>7205</ROI_SIZE>
		<MAX_VALUE>[0.11686831712722778, 0.09540208429098129, 0.06826262921094894, 0.069734588265419, 0.04569240286946297, 0.02904074266552925]</MAX_VALUE>
		<MIN_VALUE>[0.10153528302907944, 0.0668826550245285, 0.0424724817276001, 0.024839499965310097, 0.0060412026941776276, 0.0028519316110759974]</MIN_VALUE>
		<SIGNATURE_THRESHOLD_MD>0.0</SIGNATURE_THRESHOLD_MD>
		<SIGNATURE_THRESHOLD_ML>0.0</SIGNATURE_THRESHOLD_ML>
		<SIGNATURE_THRESHOLD_SAM>0.0</SIGNATURE_THRESHOLD_SAM>
	</signature>
	<signature ID="20210210_225637557399_304">
		<MACROCLASSID>1</MACROCLASSID>
		<MACROCLASSINFO>waterbody</MACROCLASSINFO>
		<CLASSID>8</CLASSID>
		<CLASSINFO>C 1</CLASSINFO>
		<VALUES>[0.1138750982990811, 0.0019942838505427117, 0.10213473607757576, 0.004844157599734371, 0.09044458329864855, 0.006888351469741897, 0.05072202772249867, 0.008415637272051434, 0.01675731160458933, 0.008121579259431756, 0.01090119706543707, 0.0066482442182986415]</VALUES>
		<LCS_MIN>[0.10383523255586624, 0.07390516996383667, 0.054064247757196426, 0.0358179472386837, 0.00585720781236887, 0.004170580301433802]</LCS_MIN>
		<LCS_MAX>[0.1202109158039093, 0.11524300277233124, 0.11131776869297028, 0.0862942636013031, 0.051334965974092484, 0.04501774534583092]</LCS_MAX>
		<WAVELENGTH>[0.48, 0.56, 0.655, 0.865, 1.61, 2.2]</WAVELENGTH>
		<MEAN_VALUE>[0.1138750982990811, 0.10213473607757576, 0.09044458329864855, 0.05072202772249867, 0.01675731160458933, 0.01090119706543707]</MEAN_VALUE>
		<CHECKBOX>2</CHECKBOX>
		<SD>[0.0019942838505427117, 0.004844157599734371, 0.006888351469741897, 0.008415637272051434, 0.008121579259431756, 0.0066482442182986415]</SD>
		<WAVELENGTH_UNIT>E-6m</WAVELENGTH_UNIT>
		<COLOR>#fe3721</COLOR>
		<COVARIANCE_MATRIX>[[3.984321210737107e-06, 8.819230970402714e-06, 1.1014400115527678e-05, 1.4244191106627113e-06, 5.076181423646631e-06, 5.82550046601682e-06], [8.819230970402714e-06, 2.3508067897637375e-05, 3.149084295728244e-05, -2.0025322555738967e-06, 3.5688224215846276e-06, 6.430086159525672e-06], [1.1014400115527678e-05, 3.149084295728244e-05, 4.7534726036246866e-05, -8.983491852632142e-07, 4.425139195518568e-06, 8.288198841910344e-06], [1.4244191106627113e-06, -2.0025322555738967e-06, -8.983491852632142e-07, 7.09503292455338e-05, 5.7503104471834376e-05, 4.0860384615371004e-05], [5.076181423646631e-06, 3.5688224215846276e-06, 4.425139195518568e-06, 5.7503104471834376e-05, 6.607868272112682e-05, 5.201686144573614e-05], [5.82550046601682e-06, 6.430086159525672e-06, 8.288198841910344e-06, 4.0860384615371004e-05, 5.201686144573614e-05, 4.427864769240841e-05]]</COVARIANCE_MATRIX>
		<ROI_SIZE>557</ROI_SIZE>
		<MAX_VALUE>[0.1202109158039093, 0.11524300277233124, 0.11131776869297028, 0.0862942636013031, 0.051334965974092484, 0.04501774534583092]</MAX_VALUE>
		<MIN_VALUE>[0.10383523255586624, 0.07390516996383667, 0.054064247757196426, 0.0358179472386837, 0.00585720781236887, 0.004170580301433802]</MIN_VALUE>
		<SIGNATURE_THRESHOLD_MD>0.0</SIGNATURE_THRESHOLD_MD>
		<SIGNATURE_THRESHOLD_ML>0.0</SIGNATURE_THRESHOLD_ML>
		<SIGNATURE_THRESHOLD_SAM>0.0</SIGNATURE_THRESHOLD_SAM>
	</signature>
	<signature ID="20210210_225643941081_117">
		<MACROCLASSID>1</MACROCLASSID>
		<MACROCLASSINFO>waterbody</MACROCLASSINFO>
		<CLASSID>9</CLASSID>
		<CLASSINFO>C 1</CLASSINFO>
		<VALUES>[0.11563915489658486, 0.0018555712139494414, 0.1037166406080794, 0.003557495367639768, 0.08324584951485285, 0.005529248846925814, 0.04820714085779862, 0.009808783875948612, 0.015694489633080674, 0.008108532272846984, 0.009470654569423764, 0.0056710465869960385]</VALUES>
		<LCS_MIN>[0.1059512123465538, 0.08206235617399216, 0.059890784323215485, 0.029102077707648277, 0.006777193397283554, 0.0031892594415694475]</LCS_MIN>
		<LCS_MAX>[0.1222655400633812, 0.11199242621660233, 0.1020566076040268, 0.0826450064778328, 0.05041499063372612, 0.03860854357481003]</LCS_MAX>
		<WAVELENGTH>[0.48, 0.56, 0.655, 0.865, 1.61, 2.2]</WAVELENGTH>
		<MEAN_VALUE>[0.11563915489658486, 0.1037166406080794, 0.08324584951485285, 0.04820714085779862, 0.015694489633080674, 0.009470654569423764]</MEAN_VALUE>
		<CHECKBOX>2</CHECKBOX>
		<SD>[0.0018555712139494414, 0.003557495367639768, 0.005529248846925814, 0.009808783875948612, 0.008108532272846984, 0.0056710465869960385]</SD>
		<WAVELENGTH_UNIT>E-6m</WAVELENGTH_UNIT>
		<COLOR>#7da233</COLOR>
		<COVARIANCE_MATRIX>[[3.4495803902245825e-06, 6.287637461355189e-06, 9.344127647636924e-06, -1.0624355581967393e-06, 5.27642271208606e-07, 1.6271967524517095e-06], [6.287637461355189e-06, 1.2679429346462712e-05, 1.819650424295105e-05, -4.6950640353315976e-06, -1.0578560249996372e-06, 1.4111018344920012e-06], [9.344127647636924e-06, 1.819650424295105e-05, 3.062973701162264e-05, 3.168258444929961e-06, 6.155048595246626e-06, 7.499067123717396e-06], [-1.0624355581967393e-06, -4.6950640353315976e-06, 3.168258444929961e-06, 9.63920756476e-05, 6.64475592202507e-05, 4.384601561469026e-05], [5.27642271208606e-07, -1.0578560249996372e-06, 6.155048595246626e-06, 6.64475592202507e-05, 6.587118696188554e-05, 4.40825242549181e-05], [1.6271967524517095e-06, 1.4111018344920012e-06, 7.499067123717396e-06, 4.384601561469026e-05, 4.40825242549181e-05, 3.222088344045915e-05]]</COVARIANCE_MATRIX>
		<ROI_SIZE>536</ROI_SIZE>
		<MAX_VALUE>[0.1222655400633812, 0.11199242621660233, 0.1020566076040268, 0.0826450064778328, 0.05041499063372612, 0.03860854357481003]</MAX_VALUE>
		<MIN_VALUE>[0.1059512123465538, 0.08206235617399216, 0.059890784323215485, 0.029102077707648277, 0.006777193397283554, 0.0031892594415694475]</MIN_VALUE>
		<SIGNATURE_THRESHOLD_MD>0.0</SIGNATURE_THRESHOLD_MD>
		<SIGNATURE_THRESHOLD_ML>0.0</SIGNATURE_THRESHOLD_ML>
		<SIGNATURE_THRESHOLD_SAM>0.0</SIGNATURE_THRESHOLD_SAM>
	</signature>
	<signature ID="20210210_225650286535_834">
		<MACROCLASSID>1</MACROCLASSID>
		<MACROCLASSINFO>waterbody</MACROCLASSINFO>
		<CLASSID>10</CLASSID>
		<CLASSINFO>C 1</CLASSINFO>
		<VALUES>[0.10927214756908615, 0.0013322462634384128, 0.09044310381845376, 0.0023231075295693836, 0.07184083015800216, 0.003311261554778589, 0.04844404775273559, 0.009936013130416643, 0.017477168349994705, 0.008788136462520258, 0.010743098048981735, 0.006117337322798326]</VALUES>
		<LCS_MIN>[0.10484721511602402, 0.0793944001197815, 0.057253506034612656, 0.03679925575852394, 0.006961188279092312, 0.0056118774227797985]</LCS_MIN>
		<LCS_MAX>[0.1152123436331749, 0.10122862458229065, 0.08742891252040863, 0.08077436685562134, 0.051365625113248825, 0.03995785489678383]</LCS_MAX>
		<WAVELENGTH>[0.48, 0.56, 0.655, 0.865, 1.61, 2.2]</WAVELENGTH>
		<MEAN_VALUE>[0.10927214756908615, 0.09044310381845376, 0.07184083015800216, 0.04844404775273559, 0.017477168349994705, 0.010743098048981735]</MEAN_VALUE>
		<CHECKBOX>2</CHECKBOX>
		<SD>[0.0013322462634384128, 0.0023231075295693836, 0.003311261554778589, 0.009936013130416643, 0.008788136462520258, 0.006117337322798326]</SD>
		<WAVELENGTH_UNIT>E-6m</WAVELENGTH_UNIT>
		<COLOR>#d698a6</COLOR>
		<COVARIANCE_MATRIX>[[2.5091551378864096e-06, 3.6588269267667783e-06, 5.189283456275007e-06, 6.3460606725129765e-06, 6.8819422267552e-06, 6.1153018577897456e-06], [3.6588269267667783e-06, 6.153508365969174e-06, 8.633554898551665e-06, 8.005906238395255e-06, 9.382595635543112e-06, 8.870279089023825e-06], [5.189283456275007e-06, 8.633554898551665e-06, 1.4408951756195165e-05, 1.547138163005002e-05, 1.6471834896947257e-05, 1.4185072359396145e-05], [6.3460606725129765e-06, 8.005906238395255e-06, 1.547138163005002e-05, 0.00010557149653322995, 8.648192306281999e-05, 5.571435031015426e-05], [6.8819422267552e-06, 9.382595635543112e-06, 1.6471834896947257e-05, 8.648192306281999e-05, 8.639683073852211e-05, 5.9354726545279846e-05], [6.1153018577897456e-06, 8.870279089023825e-06, 1.4185072359396145e-05, 5.571435031015426e-05, 5.9354726545279846e-05, 4.521542359725572e-05]]</COVARIANCE_MATRIX>
		<ROI_SIZE>646</ROI_SIZE>
		<MAX_VALUE>[0.1152123436331749, 0.10122862458229065, 0.08742891252040863, 0.08077436685562134, 0.051365625113248825, 0.03995785489678383]</MAX_VALUE>
		<MIN_VALUE>[0.10484721511602402, 0.0793944001197815, 0.057253506034612656, 0.03679925575852394, 0.006961188279092312, 0.0056118774227797985]</MIN_VALUE>
		<SIGNATURE_THRESHOLD_MD>0.0</SIGNATURE_THRESHOLD_MD>
		<SIGNATURE_THRESHOLD_ML>0.0</SIGNATURE_THRESHOLD_ML>
		<SIGNATURE_THRESHOLD_SAM>0.0</SIGNATURE_THRESHOLD_SAM>
	</signature>
	<signature ID="20210210_225657264799_273">
		<MACROCLASSID>1</MACROCLASSID>
		<MACROCLASSINFO>waterbody</MACROCLASSINFO>
		<CLASSID>11</CLASSID>
		<CLASSINFO>C 1</CLASSINFO>
		<VALUES>[0.11184795091257371, 0.0014078953982920707, 0.0992944119132909, 0.0035794160084302975, 0.08350041914073861, 0.005439323952326009, 0.04822882317810083, 0.008375441816970813, 0.016749144608255332, 0.008100233267139828, 0.010489662734828157, 0.005890318907385491]</VALUES>
		<LCS_MIN>[0.10754583775997162, 0.08298233151435852, 0.06516535580158234, 0.0320153571665287, 0.005489218048751354, 0.0037719174288213253]</LCS_MIN>
		<LCS_MAX>[0.11806429922580719, 0.10843515396118164, 0.09711938351392746, 0.08197034895420074, 0.0499243289232254, 0.03759657219052315]</LCS_MAX>
		<WAVELENGTH>[0.48, 0.56, 0.655, 0.865, 1.61, 2.2]</WAVELENGTH>
		<MEAN_VALUE>[0.11184795091257371, 0.0992944119132909, 0.08350041914073861, 0.04822882317810083, 0.016749144608255332, 0.010489662734828157]</MEAN_VALUE>
		<CHECKBOX>2</CHECKBOX>
		<SD>[0.0014078953982920707, 0.0035794160084302975, 0.005439323952326009, 0.008375441816970813, 0.008100233267139828, 0.005890318907385491]</SD>
		<WAVELENGTH_UNIT>E-6m</WAVELENGTH_UNIT>
		<COLOR>#5dbdf5</COLOR>
		<COVARIANCE_MATRIX>[[2.2424262624554103e-06, 5.070749011792941e-06, 7.44320459489245e-06, 2.290437805640977e-06, 2.402228119535721e-06, 2.430092763461289e-06], [5.070749011792941e-06, 1.499848804087378e-05, 2.0867491912213154e-05, -2.100527353832149e-06, -1.861574787653808e-06, 6.704813699798251e-07], [7.44320459489245e-06, 2.0867491912213154e-05, 3.091455073445104e-05, 3.7624968172167428e-06, 2.6944492219627136e-06, 4.635406185116153e-06], [2.290437805640977e-06, -2.100527353832149e-06, 3.7624968172167428e-06, 7.589694723719731e-05, 6.338954699458554e-05, 4.331952368374914e-05], [2.402228119535721e-06, -1.861574787653808e-06, 2.6944492219627136e-06, 6.338954699458554e-05, 6.997685704845935e-05, 4.916654506814666e-05], [2.430092763461289e-06, 6.704813699798251e-07, 4.635406185116153e-06, 4.331952368374914e-05, 4.916654506814666e-05, 3.781280611292459e-05]]</COVARIANCE_MATRIX>
		<ROI_SIZE>600</ROI_SIZE>
		<MAX_VALUE>[0.11806429922580719, 0.10843515396118164, 0.09711938351392746, 0.08197034895420074, 0.0499243289232254, 0.03759657219052315]</MAX_VALUE>
		<MIN_VALUE>[0.10754583775997162, 0.08298233151435852, 0.06516535580158234, 0.0320153571665287, 0.005489218048751354, 0.0037719174288213253]</MIN_VALUE>
		<SIGNATURE_THRESHOLD_MD>0.0</SIGNATURE_THRESHOLD_MD>
		<SIGNATURE_THRESHOLD_ML>0.0</SIGNATURE_THRESHOLD_ML>
		<SIGNATURE_THRESHOLD_SAM>0.0</SIGNATURE_THRESHOLD_SAM>
	</signature>
	<signature ID="20210210_225705606112_768">
		<MACROCLASSID>1</MACROCLASSID>
		<MACROCLASSINFO>waterbody</MACROCLASSINFO>
		<CLASSID>12</CLASSID>
		<CLASSINFO>C 1</CLASSINFO>
		<VALUES>[0.11702941977222202, 0.002804319428752263, 0.11120762025386514, 0.007541653518110969, 0.09260585389926401, 0.008436274438708195, 0.06241231862927825, 0.01303932260407691, 0.025875230175508582, 0.011473257871711346, 0.015896670034968523, 0.007544902928208442]</VALUES>
		<LCS_MIN>[0.10582853853702545, 0.08111169934272766, 0.06317204982042313, 0.039068542420864105, 0.005703874863684177, 0.0036799199879169464]</LCS_MIN>
		<LCS_MAX>[0.12183620780706406, 0.11996559053659439, 0.10355925559997559, 0.09503410011529922, 0.049556341022253036, 0.034805964678525925]</LCS_MAX>
		<WAVELENGTH>[0.48, 0.56, 0.655, 0.865, 1.61, 2.2]</WAVELENGTH>
		<MEAN_VALUE>[0.11702941977222202, 0.11120762025386514, 0.09260585389926401, 0.06241231862927825, 0.025875230175508582, 0.015896670034968523]</MEAN_VALUE>
		<CHECKBOX>2</CHECKBOX>
		<SD>[0.002804319428752263, 0.007541653518110969, 0.008436274438708195, 0.01303932260407691, 0.011473257871711346, 0.007544902928208442]</SD>
		<WAVELENGTH_UNIT>E-6m</WAVELENGTH_UNIT>
		<COLOR>#39faf0</COLOR>
		<COVARIANCE_MATRIX>[[7.976553206390236e-06, 2.0166689864709042e-05, 2.18688728637062e-05, -1.3444124306261074e-05, -1.1203004760318436e-05, -5.498573500517523e-06], [2.0166689864709042e-05, 5.768905975855887e-05, 6.15299359196797e-05, -2.926760498667136e-05, -2.927904097305145e-05, -1.4895301319484133e-05], [2.18688728637062e-05, 6.15299359196797e-05, 7.218745304271579e-05, -2.4934261091402732e-05, -2.7744052204070613e-05, -1.452385913580656e-05], [-1.3444124306261074e-05, -2.926760498667136e-05, -2.4934261091402732e-05, 0.00017245284107048064, 0.00012070743105141446, 7.294314855244011e-05], [-1.1203004760318436e-05, -2.927904097305145e-05, -2.7744052204070613e-05, 0.00012070743105141446, 0.0001335161505267024, 8.394000178668648e-05], [-5.498573500517523e-06, -1.4895301319484133e-05, -1.452385913580656e-05, 7.294314855244011e-05, 8.394000178668648e-05, 5.77387836528942e-05]]</COVARIANCE_MATRIX>
		<ROI_SIZE>71</ROI_SIZE>
		<MAX_VALUE>[0.12183620780706406, 0.11996559053659439, 0.10355925559997559, 0.09503410011529922, 0.049556341022253036, 0.034805964678525925]</MAX_VALUE>
		<MIN_VALUE>[0.10582853853702545, 0.08111169934272766, 0.06317204982042313, 0.039068542420864105, 0.005703874863684177, 0.0036799199879169464]</MIN_VALUE>
		<SIGNATURE_THRESHOLD_MD>0.0</SIGNATURE_THRESHOLD_MD>
		<SIGNATURE_THRESHOLD_ML>0.0</SIGNATURE_THRESHOLD_ML>
		<SIGNATURE_THRESHOLD_SAM>0.0</SIGNATURE_THRESHOLD_SAM>
	</signature>
	<signature ID="20210210_225712932743_976">
		<MACROCLASSID>1</MACROCLASSID>
		<MACROCLASSINFO>waterbody</MACROCLASSINFO>
		<CLASSID>13</CLASSID>
		<CLASSINFO>C 1</CLASSINFO>
		<VALUES>[0.11615774474323612, 0.004460046038025702, 0.11981561494200195, 0.012067606766458669, 0.10453930190981255, 0.013750748099671074, 0.058901916730077296, 0.014113570463083352, 0.020201779828623753, 0.009907343549675568, 0.010571590190335125, 0.005321994284373038]</VALUES>
		<LCS_MIN>[0.1023019477725029, 0.08203167468309402, 0.06464403122663498, 0.027691442519426346, 0.0036799199879169464, 6.132400449132547e-05]</LCS_MIN>
		<LCS_MAX>[0.1221122071146965, 0.13600392639636993, 0.12505614757537842, 0.0948500782251358, 0.05360424891114235, 0.028918083757162094]</LCS_MAX>
		<WAVELENGTH>[0.48, 0.56, 0.655, 0.865, 1.61, 2.2]</WAVELENGTH>
		<MEAN_VALUE>[0.11615774474323612, 0.11981561494200195, 0.10453930190981255, 0.058901916730077296, 0.020201779828623753, 0.010571590190335125]</MEAN_VALUE>
		<CHECKBOX>2</CHECKBOX>
		<SD>[0.004460046038025702, 0.012067606766458669, 0.013750748099671074, 0.014113570463083352, 0.009907343549675568, 0.005321994284373038]</SD>
		<WAVELENGTH_UNIT>E-6m</WAVELENGTH_UNIT>
		<COLOR>#527162</COLOR>
		<COVARIANCE_MATRIX>[[2.0029196093673818e-05, 5.271055852063e-05, 6.014678729115985e-05, -2.203986696258653e-05, -1.2619556400750298e-05, -3.573677076929016e-06], [5.271055852063e-05, 0.0001466314570279792, 0.0001657658867770806, -6.844353629276156e-05, -3.9789472793927416e-05, -1.4205013030732516e-05], [6.014678729115985e-05, 0.0001657658867770806, 0.0001903871016111225, -7.517770427512005e-05, -4.210922270431183e-05, -1.3837728147336747e-05], [-2.203986696258653e-05, -6.844353629276156e-05, -7.517770427512005e-05, 0.00020056661742273718, 0.00011760884808609262, 5.8142915804637596e-05], [-1.2619556400750298e-05, -3.9789472793927416e-05, -4.210922270431183e-05, 0.00011760884808609262, 9.883238817565143e-05, 5.005493585485965e-05], [-3.573677076929016e-06, -1.4205013030732516e-05, -1.3837728147336747e-05, 5.8142915804637596e-05, 5.005493585485965e-05, 2.851895806088578e-05]]</COVARIANCE_MATRIX>
		<ROI_SIZE>146</ROI_SIZE>
		<MAX_VALUE>[0.1221122071146965, 0.13600392639636993, 0.12505614757537842, 0.0948500782251358, 0.05360424891114235, 0.028918083757162094]</MAX_VALUE>
		<MIN_VALUE>[0.1023019477725029, 0.08203167468309402, 0.06464403122663498, 0.027691442519426346, 0.0036799199879169464, 6.132400449132547e-05]</MIN_VALUE>
		<SIGNATURE_THRESHOLD_MD>0.0</SIGNATURE_THRESHOLD_MD>
		<SIGNATURE_THRESHOLD_ML>0.0</SIGNATURE_THRESHOLD_ML>
		<SIGNATURE_THRESHOLD_SAM>0.0</SIGNATURE_THRESHOLD_SAM>
	</signature>
	<signature ID="20210210_225728297576_311">
		<MACROCLASSID>1</MACROCLASSID>
		<MACROCLASSINFO>waterbody</MACROCLASSINFO>
		<CLASSID>14</CLASSID>
		<CLASSINFO>C 1</CLASSINFO>
		<VALUES>[0.11557982775072255, 0.0018628846720367066, 0.11235376037657259, 0.004984295958655203, 0.09424443567792577, 0.00512663184585917, 0.04863532707095147, 0.014628029978119276, 0.020395983423804866, 0.012671053041900311, 0.013669897348154337, 0.008461193366533776]</VALUES>
		<LCS_MIN>[0.10739250481128693, 0.09518740326166153, 0.07381318509578705, 0.020208921283483505, 0.0, 0.0017479625530540943]</LCS_MIN>
		<LCS_MAX>[0.1202109158039093, 0.11904560029506683, 0.10162729769945145, 0.07813709229230881, 0.053297583013772964, 0.04136848822236061]</LCS_MAX>
		<WAVELENGTH>[0.48, 0.56, 0.655, 0.865, 1.61, 2.2]</WAVELENGTH>
		<MEAN_VALUE>[0.11557982775072255, 0.11235376037657259, 0.09424443567792577, 0.04863532707095147, 0.020395983423804866, 0.013669897348154337]</MEAN_VALUE>
		<CHECKBOX>2</CHECKBOX>
		<SD>[0.0018628846720367066, 0.004984295958655203, 0.00512663184585917, 0.014628029978119276, 0.012671053041900311, 0.008461193366533776]</SD>
		<WAVELENGTH_UNIT>E-6m</WAVELENGTH_UNIT>
		<COLOR>#4e83db</COLOR>
		<COVARIANCE_MATRIX>[[3.529158675519284e-06, 8.087849892035592e-06, 8.861700734996703e-06, -1.0455913752593915e-06, 2.9816344522259897e-06, 2.6917691684502643e-06], [8.087849892035592e-06, 2.526427670090925e-05, 2.3706850697635673e-05, -1.0780470802274067e-05, -3.748835069927736e-06, -3.1157003377302317e-06], [8.861700734996703e-06, 2.3706850697635673e-05, 2.672781738510821e-05, 4.4961320782022085e-06, 1.006134698400274e-05, 7.2743173404887784e-06], [-1.0455913752593915e-06, -1.0780470802274067e-05, 4.4961320782022085e-06, 0.00021760602248832583, 0.00017024898261297494, 0.00010141819075215608], [2.9816344522259897e-06, -3.748835069927736e-06, 1.006134698400274e-05, 0.00017024898261297494, 0.00016327686898875982, 0.00010380561434431002], [2.6917691684502643e-06, -3.1157003377302317e-06, 7.2743173404887784e-06, 0.00010141819075215608, 0.00010380561434431002, 7.280521094799042e-05]]</COVARIANCE_MATRIX>
		<ROI_SIZE>60</ROI_SIZE>
		<MAX_VALUE>[0.1202109158039093, 0.11904560029506683, 0.10162729769945145, 0.07813709229230881, 0.053297583013772964, 0.04136848822236061]</MAX_VALUE>
		<MIN_VALUE>[0.10739250481128693, 0.09518740326166153, 0.07381318509578705, 0.020208921283483505, 0.0, 0.0017479625530540943]</MIN_VALUE>
		<SIGNATURE_THRESHOLD_MD>0.0</SIGNATURE_THRESHOLD_MD>
		<SIGNATURE_THRESHOLD_ML>0.0</SIGNATURE_THRESHOLD_ML>
		<SIGNATURE_THRESHOLD_SAM>0.0</SIGNATURE_THRESHOLD_SAM>
	</signature>
	<signature ID="20210210_225734994897_420">
		<MACROCLASSID>1</MACROCLASSID>
		<MACROCLASSINFO>waterbody</MACROCLASSINFO>
		<CLASSID>15</CLASSID>
		<CLASSINFO>C 1</CLASSINFO>
		<VALUES>[0.12169817829462383, 0.001753933710121489, 0.12824966743475832, 0.0038965400223148934, 0.11740415914908463, 0.00481778073229184, 0.04920347901976079, 0.009892531980167952, 0.01704506547441261, 0.007812992672370574, 0.010624583066917336, 0.0051303079868223545]</VALUES>
		<LCS_MIN>[0.11502835154533386, 0.10573653131723404, 0.09417544305324554, 0.03048205003142357, 0.003434589598327875, 0.004599905572831631]</LCS_MIN>
		<LCS_MAX>[0.1270187646150589, 0.13680124282836914, 0.12965606153011322, 0.08197034895420074, 0.04645906761288643, 0.03759657219052315]</LCS_MAX>
		<WAVELENGTH>[0.48, 0.56, 0.655, 0.865, 1.61, 2.2]</WAVELENGTH>
		<MEAN_VALUE>[0.12169817829462383, 0.12824966743475832, 0.11740415914908463, 0.04920347901976079, 0.01704506547441261, 0.010624583066917336]</MEAN_VALUE>
		<CHECKBOX>2</CHECKBOX>
		<SD>[0.001753933710121489, 0.0038965400223148934, 0.00481778073229184, 0.009892531980167952, 0.007812992672370574, 0.0051303079868223545]</SD>
		<WAVELENGTH_UNIT>E-6m</WAVELENGTH_UNIT>
		<COLOR>#6eebe0</COLOR>
		<COVARIANCE_MATRIX>[[3.0840517410979373e-06, 6.423481863748748e-06, 7.104597443685634e-06, -5.687020802724874e-06, -3.0310013698908733e-06, -9.584039162291447e-07], [6.423481863748748e-06, 1.5221365174511448e-05, 1.514369978394825e-05, -1.5632458598702215e-05, -9.4895476649981e-06, -4.432284640643047e-06], [7.104597443685634e-06, 1.514369978394825e-05, 2.3269625671673566e-05, -1.4530161024595145e-05, -1.0884724360948894e-05, -3.356062052262132e-06], [-5.687020802724874e-06, -1.5632458598702215e-05, -1.4530161024595145e-05, 9.810931805986911e-05, 6.882724119350314e-05, 4.252879080013372e-05], [-3.0310013698908733e-06, -9.4895476649981e-06, -1.0884724360948894e-05, 6.882724119350314e-05, 6.11970026511699e-05, 3.727508374140598e-05], [-9.584039162291447e-07, -4.432284640643047e-06, -3.356062052262132e-06, 4.252879080013372e-05, 3.727508374140598e-05, 2.6386524041299708e-05]]</COVARIANCE_MATRIX>
		<ROI_SIZE>397</ROI_SIZE>
		<MAX_VALUE>[0.1270187646150589, 0.13680124282836914, 0.12965606153011322, 0.08197034895420074, 0.04645906761288643, 0.03759657219052315]</MAX_VALUE>
		<MIN_VALUE>[0.11502835154533386, 0.10573653131723404, 0.09417544305324554, 0.03048205003142357, 0.003434589598327875, 0.004599905572831631]</MIN_VALUE>
		<SIGNATURE_THRESHOLD_MD>0.0</SIGNATURE_THRESHOLD_MD>
		<SIGNATURE_THRESHOLD_ML>0.0</SIGNATURE_THRESHOLD_ML>
		<SIGNATURE_THRESHOLD_SAM>0.0</SIGNATURE_THRESHOLD_SAM>
	</signature>
	<signature ID="20210210_225743136325_376">
		<MACROCLASSID>1</MACROCLASSID>
		<MACROCLASSINFO>waterbody</MACROCLASSINFO>
		<CLASSID>16</CLASSID>
		<CLASSINFO>C 1</CLASSINFO>
		<VALUES>[0.11698465132051042, 0.0036048805452872125, 0.11460340720793558, 0.00823672067964696, 0.1074708720284795, 0.01030479283319134, 0.06511229359441333, 0.015639308454060898, 0.03027906886760204, 0.013830796955032398, 0.020067273616968168, 0.009041627501587933]</VALUES>
