<?xml version="1.0" ?>
<signaturelist MCID_LIST="[['1', 'waterbody', '#0000ff'], ['2', 'vegetation', '#00ff00'], ['3', 'bareland', '#ffaa00'], ['4', 'built-up', '#ff0000']]">
	<signature ID="20210512_171419306048_563">
		<MACROCLASSID>1</MACROCLASSID>
		<MACROCLASSINFO>waterbody</MACROCLASSINFO>
		<CLASSID>1</CLASSID>
		<CLASSINFO>C 1</CLASSINFO>
		<VALUES>[0.10609336126097496, 0.0030982117098484778, 0.10585315856924801, 0.004405573265765011, 0.07568374705961445, 0.005735499281351038, 0.060519878112882536, 0.008769302460583047, 0.011150042886640954, 0.00760182498497779, 0.006998959290932439, 0.005069763488752144]</VALUES>
		<LCS_MIN>[0.09584108740091324, 0.08268796652555466, 0.06659545004367828, 0.05111754685640335, 0.0, 0.0]</LCS_MIN>
		<LCS_MAX>[0.1262594759464264, 0.14937447011470795, 0.13083717226982117, 0.12473395466804504, 0.07093395292758942, 0.04860996454954147]</LCS_MAX>
		<WAVELENGTH>[0.485, 0.56, 0.66, 0.83, 1.65, 2.215]</WAVELENGTH>
		<MEAN_VALUE>[0.10609336126097496, 0.10585315856924801, 0.07568374705961445, 0.060519878112882536, 0.011150042886640954, 0.006998959290932439]</MEAN_VALUE>
		<CHECKBOX>2</CHECKBOX>
		<SD>[0.0030982117098484778, 0.004405573265765011, 0.005735499281351038, 0.008769302460583047, 0.00760182498497779, 0.005069763488752144]</SD>
		<WAVELENGTH_UNIT>E-6m</WAVELENGTH_UNIT>
		<COLOR>#129c59</COLOR>
		<COVARIANCE_MATRIX>[[9.30172154767206e-06, 6.3887491705827415e-06, 7.737689884379506e-06, 6.873162419651635e-06, 5.481543666974176e-06, 3.50570780938142e-06], [6.3887491705827415e-06, 1.4892526451149024e-05, 1.2319178495090455e-05, 5.8560581237543374e-06, 4.40657504441333e-06, 3.2189570902119158e-06], [7.737689884379506e-06, 1.2319178495090455e-05, 2.7131030947202817e-05, 2.9669619834749028e-05, 2.791495353449136e-05, 1.8150363757740706e-05], [6.873162419651635e-06, 5.8560581237543374e-06, 2.9669619834749028e-05, 8.380158396903425e-05, 6.72844544169493e-05, 4.3025367631344125e-05], [5.481543666974176e-06, 4.40657504441333e-06, 2.791495353449136e-05, 6.72844544169493e-05, 7.081845251377672e-05, 4.315102705731988e-05], [3.50570780938142e-06, 3.2189570902119158e-06, 1.8150363757740706e-05, 4.3025367631344125e-05, 4.315102705731988e-05, 3.4372362279100344e-05]]</COVARIANCE_MATRIX>
		<ROI_SIZE>18253</ROI_SIZE>
		<MAX_VALUE>[0.1262594759464264, 0.14937447011470795, 0.13083717226982117, 0.12473395466804504, 0.07093395292758942, 0.04860996454954147]</MAX_VALUE>
		<MIN_VALUE>[0.09584108740091324, 0.08268796652555466, 0.06659545004367828, 0.05111754685640335, 0.0, 0.0]</MIN_VALUE>
		<SIGNATURE_THRESHOLD_MD>0.0</SIGNATURE_THRESHOLD_MD>
		<SIGNATURE_THRESHOLD_ML>0.0</SIGNATURE_THRESHOLD_ML>
		<SIGNATURE_THRESHOLD_SAM>0.0</SIGNATURE_THRESHOLD_SAM>
	</signature>
	<signature ID="20210512_171425565801_899">
		<MACROCLASSID>1</MACROCLASSID>
		<MACROCLASSINFO>waterbody</MACROCLASSINFO>
		<CLASSID>2</CLASSID>
		<CLASSINFO>C 1</CLASSINFO>
		<VALUES>[0.10868076621733902, 0.0036168222556694795, 0.10721152070594804, 0.009716310889944147, 0.078888372759796, 0.0070909411122526125, 0.06647349920199583, 0.01618612042236035, 0.015096687509296464, 0.011022409766790229, 0.009444116168723688, 0.007315713189607969]</VALUES>
		<LCS_MIN>[0.09888292849063873, 0.07633686810731888, 0.058565232902765274, 0.03104034624993801, 0.0019941560458391905, 0.0]</LCS_MIN>
		<LCS_MAX>[0.13690592348575592, 0.13667230308055878, 0.11745347827672958, 0.12138775736093521, 0.07955142855644226, 0.06717316806316376]</LCS_MAX>
		<WAVELENGTH>[0.485, 0.56, 0.66, 0.83, 1.65, 2.215]</WAVELENGTH>
		<MEAN_VALUE>[0.10868076621733902, 0.10721152070594804, 0.078888372759796, 0.06647349920199583, 0.015096687509296464, 0.009444116168723688]</MEAN_VALUE>
		<CHECKBOX>2</CHECKBOX>
		<SD>[0.0036168222556694795, 0.009716310889944147, 0.0070909411122526125, 0.01618612042236035, 0.011022409766790229, 0.007315713189607969]</SD>
		<WAVELENGTH_UNIT>E-6m</WAVELENGTH_UNIT>
		<COLOR>#875195</COLOR>
		<COVARIANCE_MATRIX>[[1.0911511708400212e-05, 1.710349715722259e-05, 1.578521005285438e-05, 9.172811587632168e-06, 4.764832283399301e-06, 3.960811227443628e-06], [1.710349715722259e-05, 0.00010142612882191315, 5.3534222388407215e-05, -2.8454620405682363e-05, -2.737573413469363e-05, -1.1677573638735339e-05], [1.578521005285438e-05, 5.3534222388407215e-05, 5.115710155223496e-05, 3.284020203864202e-05, 1.5869982235017233e-05, 1.3287261026562192e-05], [9.172811587632168e-06, -2.8454620405682363e-05, 3.284020203864202e-05, 0.0002406095154583454, 0.00013171489990781993, 8.018725930014625e-05], [4.764832283399301e-06, -2.737573413469363e-05, 1.5869982235017233e-05, 0.00013171489990781993, 0.00011583511513890699, 7.056135655147955e-05], [3.960811227443628e-06, -1.1677573638735339e-05, 1.3287261026562192e-05, 8.018725930014625e-05, 7.056135655147955e-05, 5.2784518629778177e-05]]</COVARIANCE_MATRIX>
		<ROI_SIZE>17110</ROI_SIZE>
		<MAX_VALUE>[0.13690592348575592, 0.13667230308055878, 0.11745347827672958, 0.12138775736093521, 0.07955142855644226, 0.06717316806316376]</MAX_VALUE>
		<MIN_VALUE>[0.09888292849063873, 0.07633686810731888, 0.058565232902765274, 0.03104034624993801, 0.0019941560458391905, 0.0]</MIN_VALUE>
		<SIGNATURE_THRESHOLD_MD>0.0</SIGNATURE_THRESHOLD_MD>
		<SIGNATURE_THRESHOLD_ML>0.0</SIGNATURE_THRESHOLD_ML>
		<SIGNATURE_THRESHOLD_SAM>0.0</SIGNATURE_THRESHOLD_SAM>
	</signature>
	<signature ID="20210512_171431962553_172">
		<MACROCLASSID>1</MACROCLASSID>
		<MACROCLASSINFO>waterbody</MACROCLASSINFO>
		<CLASSID>3</CLASSID>
		<CLASSINFO>C 1</CLASSINFO>
		<VALUES>[0.13441492879811012, 0.0037978201501601225, 0.17207831400247567, 0.0069960821756832785, 0.16003963000610727, 0.005743142589744179, 0.06379986078971925, 0.009568346320194225, 0.017667418448543016, 0.011262141682736907, 0.012225439953473484, 0.009372639494724338]</VALUES>
		<LCS_MIN>[0.10800843685865402, 0.12079455703496933, 0.11745347827672958, 0.05446375161409378, 0.004148524720221758, 0.0]</LCS_MIN>
		<LCS_MAX>[0.14451052248477936, 0.1874810755252838, 0.17366498708724976, 0.12473395466804504, 0.08170579373836517, 0.07336091250181198]</LCS_MAX>
		<WAVELENGTH>[0.485, 0.56, 0.66, 0.83, 1.65, 2.215]</WAVELENGTH>
		<MEAN_VALUE>[0.13441492879811012, 0.17207831400247567, 0.16003963000610727, 0.06379986078971925, 0.017667418448543016, 0.012225439953473484]</MEAN_VALUE>
		<CHECKBOX>2</CHECKBOX>
		<SD>[0.0037978201501601225, 0.0069960821756832785, 0.005743142589744179, 0.009568346320194225, 0.011262141682736907, 0.009372639494724338]</SD>
		<WAVELENGTH_UNIT>E-6m</WAVELENGTH_UNIT>
		<COLOR>#830119</COLOR>
		<COVARIANCE_MATRIX>[[1.594625246070791e-05, 2.538347507652361e-05, 1.9163451725034975e-05, -9.760785360413138e-06, -1.3256128113425802e-05, -9.380407391290646e-06], [2.538347507652361e-05, 6.021925582899712e-05, 4.230736522004008e-05, -3.180397834512405e-05, -3.649590871646069e-05, -2.6817740945261903e-05], [1.9163451725034975e-05, 4.230736522004008e-05, 4.171960972598754e-05, -8.43789803184336e-06, -1.251468711416237e-05, -8.006971256691031e-06], [-9.760785360413138e-06, -3.180397834512405e-05, -8.43789803184336e-06, 8.703692583367229e-05, 8.987924229586497e-05, 7.183961861301214e-05], [-1.3256128113425802e-05, -3.649590871646069e-05, -1.251468711416237e-05, 8.987924229586497e-05, 0.00011578296107472852, 8.880046516424045e-05], [-9.380407391290646e-06, -2.6817740945261903e-05, -8.006971256691031e-06, 7.183961861301214e-05, 8.880046516424045e-05, 8.051859913393855e-05]]</COVARIANCE_MATRIX>
		<ROI_SIZE>3759</ROI_SIZE>
		<MAX_VALUE>[0.14451052248477936, 0.1874810755252838, 0.17366498708724976, 0.12473395466804504, 0.08170579373836517, 0.07336091250181198]</MAX_VALUE>
		<MIN_VALUE>[0.10800843685865402, 0.12079455703496933, 0.11745347827672958, 0.05446375161409378, 0.004148524720221758, 0.0]</MIN_VALUE>
		<SIGNATURE_THRESHOLD_MD>0.0</SIGNATURE_THRESHOLD_MD>
		<SIGNATURE_THRESHOLD_ML>0.0</SIGNATURE_THRESHOLD_ML>
		<SIGNATURE_THRESHOLD_SAM>0.0</SIGNATURE_THRESHOLD_SAM>
	</signature>
	<signature ID="20210512_171438975258_167">
		<MACROCLASSID>1</MACROCLASSID>
		<MACROCLASSINFO>waterbody</MACROCLASSINFO>
		<CLASSID>4</CLASSID>
		<CLASSINFO>C 1</CLASSINFO>
		<VALUES>[0.15313929214152833, 0.004373234465419451, 0.21916449400696156, 0.011060138247934394, 0.27109755197960356, 0.015109142951130002, 0.15422525411896867, 0.005497444519200124, 0.027941665688499078, 0.01718452365180211, 0.021112399252688274, 0.014699541179960997]</VALUES>
		<LCS_MIN>[0.13386408984661102, 0.17477887868881226, 0.20846258103847504, 0.1414649784564972, 0.008457262068986893, 0.002201968105509877]</LCS_MIN>
		<LCS_MAX>[0.16276155412197113, 0.23193876445293427, 0.28876471519470215, 0.18161936104297638, 0.0860145315527916, 0.08264250308275223]</LCS_MAX>
		<WAVELENGTH>[0.485, 0.56, 0.66, 0.83, 1.65, 2.215]</WAVELENGTH>
		<MEAN_VALUE>[0.15313929214152833, 0.21916449400696156, 0.27109755197960356, 0.15422525411896867, 0.027941665688499078, 0.021112399252688274]</MEAN_VALUE>
		<CHECKBOX>2</CHECKBOX>
		<SD>[0.004373234465419451, 0.011060138247934394, 0.015109142951130002, 0.005497444519200124, 0.01718452365180211, 0.014699541179960997]</SD>
		<WAVELENGTH_UNIT>E-6m</WAVELENGTH_UNIT>
		<COLOR>#10db83</COLOR>
		<COVARIANCE_MATRIX>[[1.914932727231644e-05, 4.195619476377033e-05, 5.703931310563348e-05, -7.584716058772756e-06, -4.9706064601195976e-05, -3.960441972594708e-05], [4.195619476377033e-05, 0.0001224811130668968, 0.00016220181714743376, -2.9669132345588878e-05, -0.00015203075599856675, -0.0001243842561962083], [5.703931310563348e-05, 0.00016220181714743376, 0.00022857444128021598, -4.0552997234044597e-05, -0.00020909300656057894, -0.00017120865231845528], [-7.584716058772756e-06, -2.9669132345588878e-05, -4.0552997234044597e-05, 3.0260054700192995e-05, 7.055607420625165e-05, 6.0202652093721554e-05], [-4.9706064601195976e-05, -0.00015203075599856675, -0.00020909300656057894, 7.055607420625165e-05, 0.00029568071477115154, 0.00023566880554426461], [-3.960441972594708e-05, -0.0001243842561962083, -0.00017120865231845528, 6.0202652093721554e-05, 0.00023566880554426461, 0.0002163493336411193]]</COVARIANCE_MATRIX>
		<ROI_SIZE>793</ROI_SIZE>
		<MAX_VALUE>[0.16276155412197113, 0.23193876445293427, 0.28876471519470215, 0.18161936104297638, 0.0860145315527916, 0.08264250308275223]</MAX_VALUE>
		<MIN_VALUE>[0.13386408984661102, 0.17477887868881226, 0.20846258103847504, 0.1414649784564972, 0.008457262068986893, 0.002201968105509877]</MIN_VALUE>
		<SIGNATURE_THRESHOLD_MD>0.0</SIGNATURE_THRESHOLD_MD>
		<SIGNATURE_THRESHOLD_ML>0.0</SIGNATURE_THRESHOLD_ML>
		<SIGNATURE_THRESHOLD_SAM>0.0</SIGNATURE_THRESHOLD_SAM>
	</signature>
	<signature ID="20210512_171446890956_192">
		<MACROCLASSID>1</MACROCLASSID>
		<MACROCLASSINFO>waterbody</MACROCLASSINFO>
		<CLASSID>5</CLASSID>
		<CLASSINFO>C 1</CLASSINFO>
		<VALUES>[0.13674702117247384, 0.002153057540769193, 0.19172304991021094, 0.004379667963641559, 0.18343307027843458, 0.011184496301606924, 0.07660110971765291, 0.015455548457520854, 0.03374697752783439, 0.01589992577604306, 0.02527898088542382, 0.013113299948795391]</VALUES>
		<LCS_MIN>[0.13082224130630493, 0.17160335183143616, 0.162958025932312, 0.05446375161409378, 0.014920367859303951, 0.008389702066779137]</LCS_MIN>
		<LCS_MAX>[0.14298959076404572, 0.20018328726291656, 0.21649278700351715, 0.12808015942573547, 0.09247764945030212, 0.08573637157678604]</LCS_MAX>
		<WAVELENGTH>[0.485, 0.56, 0.66, 0.83, 1.65, 2.215]</WAVELENGTH>
		<MEAN_VALUE>[0.13674702117247384, 0.19172304991021094, 0.18343307027843458, 0.07660110971765291, 0.03374697752783439, 0.02527898088542382]</MEAN_VALUE>
		<CHECKBOX>2</CHECKBOX>
		<SD>[0.002153057540769193, 0.004379667963641559, 0.011184496301606924, 0.015455548457520854, 0.01589992577604306, 0.013113299948795391]</SD>
		<WAVELENGTH_UNIT>E-6m</WAVELENGTH_UNIT>
		<COLOR>#ccfc7c</COLOR>
		<COVARIANCE_MATRIX>[[4.653019004763337e-06, 4.42099508290994e-06, 3.357191644681734e-06, -3.9601482058060355e-06, -3.5749997095990693e-06, -2.011733840845409e-06], [4.42099508290994e-06, 1.9253331629442982e-05, 2.115690404025372e-05, -1.7248823496629484e-05, -2.176645284635015e-05, -1.664340561546851e-05], [3.357191644681734e-06, 2.115690404025372e-05, 0.00012556147703435272, 9.258397767553106e-05, 3.36378398060333e-05, 2.6833879019250162e-05], [-3.9601482058060355e-06, -1.7248823496629484e-05, 9.258397767553106e-05, 0.00023976863303687423, 0.00018789431487675756, 0.00015243176312651485], [-3.5749997095990693e-06, -2.176645284635015e-05, 3.36378398060333e-05, 0.00018789431487675756, 0.00025375449331477284, 0.00017811974976211786], [-2.011733840845409e-06, -1.664340561546851e-05, 2.6833879019250162e-05, 0.00015243176312651485, 0.00017811974976211786, 0.00017260268214158714]]</COVARIANCE_MATRIX>
		<ROI_SIZE>268</ROI_SIZE>
		<MAX_VALUE>[0.14298959076404572, 0.20018328726291656, 0.21649278700351715, 0.12808015942573547, 0.09247764945030212, 0.08573637157678604]</MAX_VALUE>
		<MIN_VALUE>[0.13082224130630493, 0.17160335183143616, 0.162958025932312, 0.05446375161409378, 0.014920367859303951, 0.008389702066779137]</MIN_VALUE>
		<SIGNATURE_THRESHOLD_MD>0.0</SIGNATURE_THRESHOLD_MD>
		<SIGNATURE_THRESHOLD_ML>0.0</SIGNATURE_THRESHOLD_ML>
		<SIGNATURE_THRESHOLD_SAM>0.0</SIGNATURE_THRESHOLD_SAM>
	</signature>
	<signature ID="20210512_171513479231_404">
		<MACROCLASSID>1</MACROCLASSID>
		<MACROCLASSINFO>waterbody</MACROCLASSINFO>
		<CLASSID>6</CLASSID>
		<CLASSINFO>C 1</CLASSINFO>
		<VALUES>[0.12482802440576693, 0.0025514225145822243, 0.14245366090360817, 0.005050593910393229, 0.1026920448988676, 0.00964994588153213, 0.0575934298774775, 0.013826038405419233, 0.028359826443278613, 0.014477284998822781, 0.02005539870108753, 0.01205756725896598]</VALUES>
		<LCS_MIN>[0.11409211903810501, 0.12397009879350662, 0.09336283057928085, 0.04107894375920296, 0.010611630976200104, 0.005295834504067898]</LCS_MIN>
		<LCS_MAX>[0.13234315812587738, 0.1620766818523407, 0.14957433938980103, 0.11804156005382538, 0.08816889673471451, 0.07026704400777817]</LCS_MAX>
		<WAVELENGTH>[0.485, 0.56, 0.66, 0.83, 1.65, 2.215]</WAVELENGTH>
		<MEAN_VALUE>[0.12482802440576693, 0.14245366090360817, 0.1026920448988676, 0.0575934298774775, 0.028359826443278613, 0.02005539870108753]</MEAN_VALUE>
		<CHECKBOX>2</CHECKBOX>
		<SD>[0.0025514225145822243, 0.005050593910393229, 0.00964994588153213, 0.013826038405419233, 0.014477284998822781, 0.01205756725896598]</SD>
		<WAVELENGTH_UNIT>E-6m</WAVELENGTH_UNIT>
		<COLOR>#f42112</COLOR>
		<COVARIANCE_MATRIX>[[6.5289596022921614e-06, 7.459585503966082e-06, 1.168418862107501e-06, -1.3146697710908484e-05, -1.2224642887304071e-05, -1.0180189747188706e-05], [7.459585503966082e-06, 2.5583745809854008e-05, 1.819382123358082e-05, -1.974579572561197e-05, -1.811162474041339e-05, -1.527305539639201e-05], [1.168418862107501e-06, 1.819382123358082e-05, 9.339614916825667e-05, 7.547779387095943e-05, 7.608431769767776e-05, 6.050733645679429e-05], [-1.3146697710908484e-05, -1.974579572561197e-05, 7.547779387095943e-05, 0.00019172322936356068, 0.0001702979498077184, 0.00013623273116536438], [-1.2224642887304071e-05, -1.811162474041339e-05, 7.608431769767776e-05, 0.0001702979498077184, 0.00021021004067733884, 0.00016094277088996023], [-1.0180189747188706e-05, -1.527305539639201e-05, 6.050733645679429e-05, 0.00013623273116536438, 0.00016094277088996023, 0.0001458137994632125]]</COVARIANCE_MATRIX>
		<ROI_SIZE>340</ROI_SIZE>
		<MAX_VALUE>[0.13234315812587738, 0.1620766818523407, 0.14957433938980103, 0.11804156005382538, 0.08816889673471451, 0.07026704400777817]</MAX_VALUE>
		<MIN_VALUE>[0.11409211903810501, 0.12397009879350662, 0.09336283057928085, 0.04107894375920296, 0.010611630976200104, 0.005295834504067898]</MIN_VALUE>
		<SIGNATURE_THRESHOLD_MD>0.0</SIGNATURE_THRESHOLD_MD>
		<SIGNATURE_THRESHOLD_ML>0.0</SIGNATURE_THRESHOLD_ML>
		<SIGNATURE_THRESHOLD_SAM>0.0</SIGNATURE_THRESHOLD_SAM>
	</signature>
	<signature ID="20210512_171530275229_871">
		<MACROCLASSID>1</MACROCLASSID>
		<MACROCLASSINFO>waterbody</MACROCLASSINFO>
		<CLASSID>7</CLASSID>
		<CLASSINFO>C 1</CLASSINFO>
		<VALUES>[0.10849441821582216, 0.0022035428412304162, 0.1136918550676848, 0.003075635618576502, 0.0896882507398989, 0.004156560668560382, 0.05681994810876761, 0.01585301564113478, 0.030204912217763755, 0.015320411684594023, 0.022138185473985574, 0.011759959254355707]</VALUES>
		<LCS_MIN>[0.10192476958036423, 0.10174126923084259, 0.08265586942434311, 0.04107894375920296, 0.010611630976200104, 0.008389702066779137]</LCS_MIN>
		<LCS_MAX>[0.11409211903810501, 0.12079455703496933, 0.10942325741052628, 0.11469535529613495, 0.09247764945030212, 0.0764547809958458]</LCS_MAX>
		<WAVELENGTH>[0.485, 0.56, 0.66, 0.83, 1.65, 2.215]</WAVELENGTH>
		<MEAN_VALUE>[0.10849441821582216, 0.1136918550676848, 0.0896882507398989, 0.05681994810876761, 0.030204912217763755, 0.022138185473985574]</MEAN_VALUE>
		<CHECKBOX>2</CHECKBOX>
		<SD>[0.0022035428412304162, 0.003075635618576502, 0.004156560668560382, 0.01585301564113478, 0.015320411684594023, 0.011759959254355707]</SD>
		<WAVELENGTH_UNIT>E-6m</WAVELENGTH_UNIT>
		<COLOR>#e0c8d4</COLOR>
		<COVARIANCE_MATRIX>[[4.8845035962585825e-06, 4.24849213231937e-06, -5.299608005771006e-07, -9.14932752493769e-06, -8.700830221641809e-06, -4.088319201400736e-06], [4.24849213231937e-06, 9.515841156826355e-06, -1.9687527128553484e-06, -2.0229577785357833e-05, -1.776349381543696e-05, -9.663822311267722e-06], [-5.299608005771006e-07, -1.9687527128553484e-06, 1.7379836208419874e-05, 5.2214523748261854e-05, 4.791715036844835e-05, 3.834905510302633e-05], [-9.14932752493769e-06, -2.0229577785357833e-05, 5.2214523748261854e-05, 0.00025281403213739395, 0.00022668427845928818, 0.00016596296336501837], [-8.700830221641809e-06, -1.776349381543696e-05, 4.791715036844835e-05, 0.00022668427845928818, 0.0002361121296416968, 0.00016789883375167847], [-4.088319201400736e-06, -9.663822311267722e-06, 3.834905510302633e-05, 0.00016596296336501837, 0.00016789883375167847, 0.00013911983114667237]]</COVARIANCE_MATRIX>
		<ROI_SIZE>169</ROI_SIZE>
		<MAX_VALUE>[0.11409211903810501, 0.12079455703496933, 0.10942325741052628, 0.11469535529613495, 0.09247764945030212, 0.0764547809958458]</MAX_VALUE>
		<MIN_VALUE>[0.10192476958036423, 0.10174126923084259, 0.08265586942434311, 0.04107894375920296, 0.010611630976200104, 0.008389702066779137]</MIN_VALUE>
		<SIGNATURE_THRESHOLD_MD>0.0</SIGNATURE_THRESHOLD_MD>
		<SIGNATURE_THRESHOLD_ML>0.0</SIGNATURE_THRESHOLD_ML>
		<SIGNATURE_THRESHOLD_SAM>0.0</SIGNATURE_THRESHOLD_SAM>
	</signature>
	<signature ID="20210512_171545237411_440">
		<MACROCLASSID>1</MACROCLASSID>
		<MACROCLASSINFO>waterbody</MACROCLASSINFO>
		<CLASSID>8</CLASSID>
		<CLASSINFO>C 1</CLASSINFO>
		<VALUES>[0.1280781759189502, 0.003955063518596241, 0.11569547101080854, 0.0065026076158772265, 0.09250895663308098, 0.008565785368360633, 0.07058457574409854, 0.01247473404856543, 0.02507833212924502, 0.012273049379424928, 0.015986153844653822, 0.009614418768005525]</VALUES>
		<LCS_MIN>[0.1171339601278305, 0.10491681843996048, 0.07997913658618927, 0.05780995264649391, 0.008457262068986893, 0.0]</LCS_MIN>
		<LCS_MAX>[0.14298959076404572, 0.13984784483909607, 0.1335138976573944, 0.12473395466804504, 0.08386015892028809, 0.07026704400777817]</LCS_MAX>
		<WAVELENGTH>[0.485, 0.56, 0.66, 0.83, 1.65, 2.215]</WAVELENGTH>
		<MEAN_VALUE>[0.1280781759189502, 0.11569547101080854, 0.09250895663308098, 0.07058457574409854, 0.02507833212924502, 0.015986153844653822]</MEAN_VALUE>
		<CHECKBOX>2</CHECKBOX>
		<SD>[0.003955063518596241, 0.0065026076158772265, 0.008565785368360633, 0.01247473404856543, 0.012273049379424928, 0.009614418768005525]</SD>
		<WAVELENGTH_UNIT>E-6m</WAVELENGTH_UNIT>
		<COLOR>#6075bd</COLOR>
		<COVARIANCE_MATRIX>[[1.7021815438056365e-05, 2.4696819309610873e-05, 2.9109771276125684e-05, 2.8065303922630847e-05, 1.2850929124397226e-05, 8.216828973672818e-06], [2.4696819309610873e-05, 5.409750156104565e-05, 6.325740105239674e-05, 5.6465822126483545e-05, 3.070983075303957e-05, 2.0688228687504306e-05], [2.9109771276125684e-05, 6.325740105239674e-05, 9.211526776198298e-05, 9.715864871395752e-05, 6.442206358769909e-05, 4.644387445296161e-05], [2.8065303922630847e-05, 5.6465822126483545e-05, 9.715864871395752e-05, 0.00019418900774326175, 0.00014291006664279848, 0.00010082144581247121], [1.2850929124397226e-05, 3.070983075303957e-05, 6.442206358769909e-05, 0.00014291006664279848, 0.00015283739776350558, 0.00010797490540426224], [8.216828973672818e-06, 2.0688228687504306e-05, 4.644387445296161e-05, 0.00010082144581247121, 0.00010797490540426224, 9.038487041834742e-05]]</COVARIANCE_MATRIX>
		<ROI_SIZE>5889</ROI_SIZE>
		<MAX_VALUE>[0.14298959076404572, 0.13984784483909607, 0.1335138976573944, 0.12473395466804504, 0.08386015892028809, 0.07026704400777817]</MAX_VALUE>
		<MIN_VALUE>[0.1171339601278305, 0.10491681843996048, 0.07997913658618927, 0.05780995264649391, 0.008457262068986893, 0.0]</MIN_VALUE>
		<SIGNATURE_THRESHOLD_MD>0.0</SIGNATURE_THRESHOLD_MD>
		<SIGNATURE_THRESHOLD_ML>0.0</SIGNATURE_THRESHOLD_ML>
		<SIGNATURE_THRESHOLD_SAM>0.0</SIGNATURE_THRESHOLD_SAM>
	</signature>
	<signature ID="20210512_171556292589_808">
		<MACROCLASSID>1</MACROCLASSID>
		<MACROCLASSINFO>waterbody</MACROCLASSINFO>
		<CLASSID>9</CLASSID>
		<CLASSINFO>C 1</CLASSINFO>
		<VALUES>[0.12295974916131165, 0.0026488406238707875, 0.12719994602566248, 0.0053875429599759125, 0.10143280082545156, 0.008946259538676095, 0.06884546697060416, 0.013002847987890592, 0.024479171331144974, 0.009734282061142758, 0.017433344476439686, 0.0075700958966805395]</VALUES>
		<LCS_MIN>[0.11409211903810501, 0.11126790940761566, 0.08800935000181198, 0.05780995264649391, 0.006302893161773682, 0.0]</LCS_MIN>
		<LCS_MAX>[0.13842684030532837, 0.14937447011470795, 0.1549278050661087, 0.12808015942573547, 0.08816889673471451, 0.07954862713813782]</LCS_MAX>
		<WAVELENGTH>[0.485, 0.56, 0.66, 0.83, 1.65, 2.215]</WAVELENGTH>
		<MEAN_VALUE>[0.12295974916131165, 0.12719994602566248, 0.10143280082545156, 0.06884546697060416, 0.024479171331144974, 0.017433344476439686]</MEAN_VALUE>
		<CHECKBOX>2</CHECKBOX>
		<SD>[0.0026488406238707875, 0.0053875429599759125, 0.008946259538676095, 0.013002847987890592, 0.009734282061142758, 0.0075700958966805395]</SD>
		<WAVELENGTH_UNIT>E-6m</WAVELENGTH_UNIT>
		<COLOR>#159d13</COLOR>
		<COVARIANCE_MATRIX>[[8.860877642291598e-06, 6.591096280317288e-06, 1.591067666595336e-05, 2.2324175006360747e-05, 7.835179530957248e-06, 4.855620318267029e-06], [6.591096280317288e-06, 2.9572242056019604e-05, 3.942504190490581e-05, 1.5131973668758292e-05, 7.450052180502098e-06, 5.9689759837056044e-06], [1.591067666595336e-05, 3.942504190490581e-05, 8.529127080691978e-05, 8.167893247446045e-05, 3.879945143125951e-05, 2.692488305910956e-05], [2.2324175006360747e-05, 1.5131973668758292e-05, 8.167893247446045e-05, 0.00017816330364439636, 8.194747351808473e-05, 5.377561683417298e-05], [7.835179530957248e-06, 7.450052180502098e-06, 3.879945143125951e-05, 8.194747351808473e-05, 8.147783955791965e-05, 5.6365035561611876e-05], [4.855620318267029e-06, 5.9689759837056044e-06, 2.692488305910956e-05, 5.377561683417298e-05, 5.6365035561611876e-05, 5.101489296066575e-05]]</COVARIANCE_MATRIX>
		<ROI_SIZE>11329</ROI_SIZE>
		<MAX_VALUE>[0.13842684030532837, 0.14937447011470795, 0.1549278050661087, 0.12808015942573547, 0.08816889673471451, 0.07954862713813782]</MAX_VALUE>
		<MIN_VALUE>[0.11409211903810501, 0.11126790940761566, 0.08800935000181198, 0.05780995264649391, 0.006302893161773682, 0.0]</MIN_VALUE>
		<SIGNATURE_THRESHOLD_MD>0.0</SIGNATURE_THRESHOLD_MD>
		<SIGNATURE_THRESHOLD_ML>0.0</SIGNATURE_THRESHOLD_ML>
		<SIGNATURE_THRESHOLD_SAM>0.0</SIGNATURE_THRESHOLD_SAM>
	</signature>
	<signature ID="20210512_171603136981_887">
		<MACROCLASSID>1</MACROCLASSID>
		<MACROCLASSINFO>waterbody</MACROCLASSINFO>
		<CLASSID>10</CLASSID>
		<CLASSINFO>C 1</CLASSINFO>
		<VALUES>[0.1172124323824754, 0.0058766012893841845, 0.09690215685085396, 0.009535624206093872, 0.07589032550724827, 0.01098925414705002, 0.06550200510500152, 0.015459506908648847, 0.021959252207931376, 0.011285665545454328, 0.01480522596502251, 0.00815485190116887]</VALUES>
		<LCS_MIN>[0.10192476958036423, 0.07633686810731888, 0.058565232902765274, 0.04442514851689339, 0.0, 0.0]</LCS_MIN>
		<LCS_MAX>[0.13842684030532837, 0.13984784483909607, 0.13619063794612885, 0.1314263492822647, 0.07955142855644226, 0.06717316806316376]</LCS_MAX>
		<WAVELENGTH>[0.485, 0.56, 0.66, 0.83, 1.65, 2.215]</WAVELENGTH>
		<MEAN_VALUE>[0.1172124323824754, 0.09690215685085396, 0.07589032550724827, 0.06550200510500152, 0.021959252207931376, 0.01480522596502251]</MEAN_VALUE>
		<CHECKBOX>2</CHECKBOX>
		<SD>[0.0058766012893841845, 0.009535624206093872, 0.01098925414705002, 0.015459506908648847, 0.011285665545454328, 0.00815485190116887]</SD>
		<WAVELENGTH_UNIT>E-6m</WAVELENGTH_UNIT>
		<COLOR>#bac844</COLOR>
		<COVARIANCE_MATRIX>[[2.9297925721039064e-05, 4.03931517212186e-05, 4.51817104476504e-05, 4.88858568132855e-05, 3.526560612954199e-05, 2.4783299522823654e-05], [4.03931517212186e-05, 7.733626989647746e-05, 8.577875269111246e-05, 0.00010174033377552405, 6.845947063993663e-05, 4.6587058022851124e-05], [4.51817104476504e-05, 8.577875269111246e-05, 0.00010881809430429712, 0.00013920733181294054, 9.004953608382493e-05, 6.01890824327711e-05], [4.88858568132855e-05, 0.00010174033377552405, 0.00013920733181294054, 0.0002664443163666874, 0.00013587705325335264, 8.470117609249428e-05], [3.526560612954199e-05, 6.845947063993663e-05, 9.004953608382493e-05, 0.00013587705325335264, 0.00012739999510813504, 8.31958168419078e-05], [2.4783299522823654e-05, 4.6587058022851124e-05, 6.01890824327711e-05, 8.470117609249428e-05, 8.31958168419078e-05, 6.59706856822595e-05]]</COVARIANCE_MATRIX>
		<ROI_SIZE>14485</ROI_SIZE>
		<MAX_VALUE>[0.13842684030532837, 0.13984784483909607, 0.13619063794612885, 0.1314263492822647, 0.07955142855644226, 0.06717316806316376]</MAX_VALUE>
		<MIN_VALUE>[0.10192476958036423, 0.07633686810731888, 0.058565232902765274, 0.04442514851689339, 0.0, 0.0]</MIN_VALUE>
		<SIGNATURE_THRESHOLD_MD>0.0</SIGNATURE_THRESHOLD_MD>
		<SIGNATURE_THRESHOLD_ML>0.0</SIGNATURE_THRESHOLD_ML>
		<SIGNATURE_THRESHOLD_SAM>0.0</SIGNATURE_THRESHOLD_SAM>
	</signature>
	<signature ID="20210512_171617342042_239">
		<MACROCLASSID>1</MACROCLASSID>
		<MACROCLASSINFO>waterbody</MACROCLASSINFO>
		<CLASSID>11</CLASSID>
		<CLASSINFO>C 1</CLASSINFO>
		<VALUES>[0.13321769144386053, 0.002952852149615411, 0.15338362008333206, 0.008276916499307738, 0.15442591477185497, 0.010263586695655911, 0.09783887322992087, 0.017945462460102514, 0.036733350320719185, 0.01747024026269964, 0.02641147441463545, 0.013903265574667914]</VALUES>
		<LCS_MIN>[0.1262594759464264, 0.13349676132202148, 0.12816043198108673, 0.0778871476650238, 0.017074735835194588, 0.005295834504067898]</LCS_MIN>
		<LCS_MAX>[0.13842684030532837, 0.16525225341320038, 0.17098823189735413, 0.1414649784564972, 0.09678637236356735, 0.07954862713813782]</LCS_MAX>
		<WAVELENGTH>[0.485, 0.56, 0.66, 0.83, 1.65, 2.215]</WAVELENGTH>
		<MEAN_VALUE>[0.13321769144386053, 0.15338362008333206, 0.15442591477185497, 0.09783887322992087, 0.036733350320719185, 0.02641147441463545]</MEAN_VALUE>
		<CHECKBOX>2</CHECKBOX>
		<SD>[0.002952852149615411, 0.008276916499307738, 0.010263586695655911, 0.017945462460102514, 0.01747024026269964, 0.013903265574667914]</SD>
		<WAVELENGTH_UNIT>E-6m</WAVELENGTH_UNIT>
		<COLOR>#c42633</COLOR>
		<COVARIANCE_MATRIX>[[8.829707439872436e-06, 1.8947663193102926e-05, 1.7038122678059153e-05, -2.8298831239226274e-05, -2.5580511646694504e-05, -1.846177110564895e-05], [1.8947663193102926e-05, 6.93745314492844e-05, 6.777897942811251e-05, -6.822346040280536e-05, -5.868151129106991e-05, -4.5433149352902547e-05], [1.7038122678059153e-05, 6.777897942811251e-05, 0.00010667464812286198, 1.1954339242947754e-05, -6.943743755982723e-06, -5.726275048800744e-06], [-2.8298831239226274e-05, -6.822346040280536e-05, 1.1954339242947754e-05, 0.00032611607457511127, 0.00026494028861634433, 0.00020279166346881539], [-2.5580511646694504e-05, -5.868151129106991e-05, -6.943743755982723e-06, 0.00026494028861634433, 0.00030907269683666527, 0.0002330967108719051], [-1.846177110564895e-05, -4.5433149352902547e-05, -5.726275048800744e-06, 0.00020279166346881539, 0.0002330967108719051, 0.00019574763427954167]]</COVARIANCE_MATRIX>
		<ROI_SIZE>80</ROI_SIZE>
		<MAX_VALUE>[0.13842684030532837, 0.16525225341320038, 0.17098823189735413, 0.1414649784564972, 0.09678637236356735, 0.07954862713813782]</MAX_VALUE>
		<MIN_VALUE>[0.1262594759464264, 0.13349676132202148, 0.12816043198108673, 0.0778871476650238, 0.017074735835194588, 0.005295834504067898]</MIN_VALUE>
		<SIGNATURE_THRESHOLD_MD>0.0</SIGNATURE_THRESHOLD_MD>
		<SIGNATURE_THRESHOLD_ML>0.0</SIGNATURE_THRESHOLD_ML>
		<SIGNATURE_THRESHOLD_SAM>0.0</SIGNATURE_THRESHOLD_SAM>
	</signature>
	<signature ID="20210512_171623633029_360">
		<MACROCLASSID>1</MACROCLASSID>
		<MACROCLASSINFO>waterbody</MACROCLASSINFO>
		<CLASSID>12</CLASSID>
		<CLASSINFO>C 1</CLASSINFO>
		<VALUES>[0.12025538269490377, 0.003168259863016577, 0.1085468271050822, 0.003982170110189389, 0.07890533151401606, 0.007103927245683638, 0.05742983558683362, 0.008424003310754566, 0.018824438721088157, 0.010004461513111254, 0.011429418752337297, 0.008196745369486936]</VALUES>
		<LCS_MIN>[0.10648752748966217, 0.0985657125711441, 0.06659545004367828, 0.04777134582400322, 0.006302893161773682, 0.0]</LCS_MIN>
		<LCS_MAX>[0.1293013095855713, 0.12397009879350662, 0.12816043198108673, 0.11804156005382538, 0.07739707082509995, 0.07954862713813782]</LCS_MAX>
		<WAVELENGTH>[0.485, 0.56, 0.66, 0.83, 1.65, 2.215]</WAVELENGTH>
		<MEAN_VALUE>[0.12025538269490377, 0.1085468271050822, 0.07890533151401606, 0.05742983558683362, 0.018824438721088157, 0.011429418752337297]</MEAN_VALUE>
		<CHECKBOX>2</CHECKBOX>
		<SD>[0.003168259863016577, 0.003982170110189389, 0.007103927245683638, 0.008424003310754566, 0.010004461513111254, 0.008196745369486936]</SD>
		<WAVELENGTH_UNIT>E-6m</WAVELENGTH_UNIT>
		<COLOR>#261a12</COLOR>
		<COVARIANCE_MATRIX>[[1.1691550753312185e-05, 8.13532096799463e-06, 4.4818129936174955e-06, 2.0915354070893954e-06, -4.571097178995842e-06, -3.96737868868513e-06], [8.13532096799463e-06, 1.8505141269997694e-05, 2.130500433850102e-05, 1.4323780305858236e-05, 8.484847967338283e-06, 5.905589205212891e-06], [4.4818129936174955e-06, 2.130500433850102e-05, 6.65777552057989e-05, 5.923006756347604e-05, 5.871175380889326e-05, 4.53208849648945e-05], [2.0915354070893954e-06, 1.4323780305858236e-05, 5.923006756347604e-05, 7.693440420553088e-05, 7.74787986301817e-05, 6.0368882259353995e-05], [-4.571097178995842e-06, 8.484847967338283e-06, 5.871175380889326e-05, 7.74787986301817e-05, 0.00010471374116605148, 7.821467443136498e-05], [-3.96737868868513e-06, 5.905589205212891e-06, 4.53208849648945e-05, 6.0368882259353995e-05, 7.821467443136498e-05, 7.13566187187098e-05]]</COVARIANCE_MATRIX>
		<ROI_SIZE>4439</ROI_SIZE>
		<MAX_VALUE>[0.1293013095855713, 0.12397009879350662, 0.12816043198108673, 0.11804156005382538, 0.07739707082509995, 0.07954862713813782]</MAX_VALUE>
		<MIN_VALUE>[0.10648752748966217, 0.0985657125711441, 0.06659545004367828, 0.04777134582400322, 0.006302893161773682, 0.0]</MIN_VALUE>
		<SIGNATURE_THRESHOLD_MD>0.0</SIGNATURE_THRESHOLD_MD>
		<SIGNATURE_THRESHOLD_ML>0.0</SIGNATURE_THRESHOLD_ML>
		<SIGNATURE_THRESHOLD_SAM>0.0</SIGNATURE_THRESHOLD_SAM>
	</signature>
	<signature ID="20210512_171631011251_304">
		<MACROCLASSID>1</MACROCLASSID>
		<MACROCLASSINFO>waterbody</MACROCLASSINFO>
		<CLASSID>13</CLASSID>
		<CLASSINFO>C 1</CLASSINFO>
		<VALUES>[0.11792663006648167, 0.005064790276550185, 0.11305287786293462, 0.010243549340996215, 0.08598018107616208, 0.017254707311863907, 0.05963318349963369, 0.0123227880212737, 0.025345780226159277, 0.013848084011392148, 0.01701896504715634, 0.011541916238592674]</VALUES>
		<LCS_MIN>[0.10496661067008972, 0.0985657125711441, 0.06391871720552444, 0.037732746452093124, 0.006302893161773682, 0.0]</LCS_MIN>
		<LCS_MAX>[0.13386408984661102, 0.14937447011470795, 0.14154410362243652, 0.11469535529613495, 0.08386015892028809, 0.08264250308275223]</LCS_MAX>
		<WAVELENGTH>[0.485, 0.56, 0.66, 0.83, 1.65, 2.215]</WAVELENGTH>
		<MEAN_VALUE>[0.11792663006648167, 0.11305287786293462, 0.08598018107616208, 0.05963318349963369, 0.025345780226159277, 0.01701896504715634]</MEAN_VALUE>
		<CHECKBOX>2</CHECKBOX>
		<SD>[0.005064790276550185, 0.010243549340996215, 0.017254707311863907, 0.0123227880212737, 0.013848084011392148, 0.011541916238592674]</SD>
		<WAVELENGTH_UNIT>E-6m</WAVELENGTH_UNIT>
		<COLOR>#aa28d0</COLOR>
		<COVARIANCE_MATRIX>[[2.5670527975307778e-05, 4.350565723143518e-05, 6.265567935770378e-05, 2.998894706252031e-05, 1.1747686585295014e-05, 9.418062290933449e-06], [4.350565723143518e-05, 0.00010500568168936297, 0.0001611453335499391, 7.267502951435745e-05, 4.04428610636387e-05, 3.292619658168405e-05], [6.265567935770378e-05, 0.0001611453335499391, 0.00029793879366479814, 0.0001661169226281345, 0.0001291338267037645, 0.000104179882328026], [2.998894706252031e-05, 7.267502951435745e-05, 0.0001661169226281345, 0.0001519601937616244, 0.0001444588997401297, 0.00011457688378868625], [1.1747686585295014e-05, 4.04428610636387e-05, 0.0001291338267037645, 0.0001444588997401297, 0.0001919071946758777, 0.0001476286124670878], [9.418062290933449e-06, 3.292619658168405e-05, 0.000104179882328026, 0.00011457688378868625, 0.0001476286124670878, 0.00013331153604667634]]</COVARIANCE_MATRIX>
		<ROI_SIZE>1393</ROI_SIZE>
		<MAX_VALUE>[0.13386408984661102, 0.14937447011470795, 0.14154410362243652, 0.11469535529613495, 0.08386015892028809, 0.08264250308275223]</MAX_VALUE>
		<MIN_VALUE>[0.10496661067008972, 0.0985657125711441, 0.06391871720552444, 0.037732746452093124, 0.006302893161773682, 0.0]</MIN_VALUE>
		<SIGNATURE_THRESHOLD_MD>0.0</SIGNATURE_THRESHOLD_MD>
		<SIGNATURE_THRESHOLD_ML>0.0</SIGNATURE_THRESHOLD_ML>
		<SIGNATURE_THRESHOLD_SAM>0.0</SIGNATURE_THRESHOLD_SAM>
	</signature>
	<signature ID="20210512_171655373457_223">
		<MACROCLASSID>1</MACROCLASSID>
		<MACROCLASSINFO>waterbody</MACROCLASSINFO>
		<CLASSID>14</CLASSID>
		<CLASSINFO>C 1</CLASSINFO>
		<VALUES>[0.13865945155129708, 0.0026549481940655252, 0.11765637117273668, 0.004797300754007123, 0.10775423010482504, 0.008201345230420742, 0.1152858617112917, 0.0179331995918135, 0.08451914858511267, 0.024688911190922, 0.0682833226507201, 0.02144427835936239]</VALUES>
		<LCS_MIN>[0.13234315812587738, 0.10809236764907837, 0.09336283057928085, 0.08457954972982407, 0.027846578508615494, 0.020765166729688644]</LCS_MIN>
		<LCS_MAX>[0.1460314393043518, 0.13349676132202148, 0.1335138976573944, 0.15819597244262695, 0.1269475370645523, 0.11048731207847595]</LCS_MAX>
		<WAVELENGTH>[0.485, 0.56, 0.66, 0.83, 1.65, 2.215]</WAVELENGTH>
		<MEAN_VALUE>[0.13865945155129708, 0.11765637117273668, 0.10775423010482504, 0.1152858617112917, 0.08451914858511267, 0.0682833226507201]</MEAN_VALUE>
		<CHECKBOX>2</CHECKBOX>
		<SD>[0.0026549481940655252, 0.004797300754007123, 0.008201345230420742, 0.0179331995918135, 0.024688911190922, 0.02144427835936239]</SD>
		<WAVELENGTH_UNIT>E-6m</WAVELENGTH_UNIT>
		<COLOR>#4aefcc</COLOR>
		<COVARIANCE_MATRIX>[[7.090458439051872e-06, 8.793403139861766e-06, 1.612087362445891e-05, 3.0247030736063607e-05, 3.457019556662999e-05, 2.978315569635015e-05], [8.793403139861766e-06, 2.3150272681959905e-05, 3.466673297225498e-05, 6.486570055130869e-05, 7.838707824703306e-05, 7.001031190156937e-05], [1.612087362445891e-05, 3.466673297225498e-05, 6.766006117686629e-05, 0.0001224130974151194, 0.00014418148202821612, 0.00012834006338380277], [3.0247030736063607e-05, 6.486570055130869e-05, 0.0001224130974151194, 0.0003235026088077575, 0.0003536575532052666, 0.0002886648289859295], [3.457019556662999e-05, 7.838707824703306e-05, 0.00014418148202821612, 0.0003536575532052666, 0.0006131490808911622, 0.0005117451655678451], [2.978315569635015e-05, 7.001031190156937e-05, 0.00012834006338380277, 0.0002886648289859295, 0.0005117451655678451, 0.00046257811482064426]]</COVARIANCE_MATRIX>
		<ROI_SIZE>170</ROI_SIZE>
		<MAX_VALUE>[0.1460314393043518, 0.13349676132202148, 0.1335138976573944, 0.15819597244262695, 0.1269475370645523, 0.11048731207847595]</MAX_VALUE>
		<MIN_VALUE>[0.13234315812587738, 0.10809236764907837, 0.09336283057928085, 0.08457954972982407, 0.027846578508615494, 0.020765166729688644]</MIN_VALUE>
		<SIGNATURE_THRESHOLD_MD>0.0</SIGNATURE_THRESHOLD_MD>
		<SIGNATURE_THRESHOLD_ML>0.0</SIGNATURE_THRESHOLD_ML>
		<SIGNATURE_THRESHOLD_SAM>0.0</SIGNATURE_THRESHOLD_SAM>
	</signature>
	<signature ID="20210512_171702939148_199">
		<MACROCLASSID>1</MACROCLASSID>
		<MACROCLASSINFO>waterbody</MACROCLASSINFO>
		<CLASSID>15</CLASSID>
		<CLASSINFO>C 1</CLASSINFO>
		<VALUES>[0.14023021544728964, 0.0031829728971903763, 0.12215550903763091, 0.005720305799259244, 0.1130177325436047, 0.009723870138861014, 0.11751572393945284, 0.019260993632098877, 0.08829200911734786, 0.029383669604814172, 0.07331670480115073, 0.026384783769318913]</VALUES>
		<LCS_MIN>[0.13386408984661102, 0.11444346606731415, 0.09336283057928085, 0.0778871476650238, 0.03861842304468155, 0.023859035223722458]</LCS_MIN>
		<LCS_MAX>[0.14755235612392426, 0.13667230308055878, 0.13619063794612885, 0.16488835215568542, 0.13987374305725098, 0.12905050814151764]</LCS_MAX>
		<WAVELENGTH>[0.485, 0.56, 0.66, 0.83, 1.65, 2.215]</WAVELENGTH>
		<MEAN_VALUE>[0.14023021544728964, 0.12215550903763091, 0.1130177325436047, 0.11751572393945284, 0.08829200911734786, 0.07331670480115073]</MEAN_VALUE>
		<CHECKBOX>2</CHECKBOX>
		<SD>[0.0031829728971903763, 0.005720305799259244, 0.009723870138861014, 0.019260993632098877, 0.029383669604814172, 0.026384783769318913]</SD>
		<WAVELENGTH_UNIT>E-6m</WAVELENGTH_UNIT>
		<COLOR>#43c7bd</COLOR>
		<COVARIANCE_MATRIX>[[1.027814687404316e-05, 1.3119324648869224e-05, 2.546166615502443e-05, 4.543806426227093e-05, 6.734912312822416e-05, 5.934313958277926e-05], [1.3119324648869224e-05, 3.3196127333212644e-05, 5.133504964760505e-05, 9.728418081067502e-05, 0.00013556540943682194, 0.00012165979569545016], [2.546166615502443e-05, 5.133504964760505e-05, 9.592399146640673e-05, 0.00017612273222766817, 0.00024726762785576284, 0.00022520114725921303], [4.543806426227093e-05, 9.728418081067502e-05, 0.00017612273222766817, 0.00037636246997863054, 0.0004970652516931295, 0.0004454425070434809], [6.734912312822416e-05, 0.00013556540943682194, 0.00024726762785576284, 0.0004970652516931295, 0.0008759130723774433, 0.0007346407510340214], [5.934313958277926e-05, 0.00012165979569545016, 0.00022520114725921303, 0.0004454425070434809, 0.0007346407510340214, 0.0007062460645101964]]</COVARIANCE_MATRIX>
		<ROI_SIZE>70</ROI_SIZE>
		<MAX_VALUE>[0.14755235612392426, 0.13667230308055878, 0.13619063794612885, 0.16488835215568542, 0.13987374305725098, 0.12905050814151764]</MAX_VALUE>
		<MIN_VALUE>[0.13386408984661102, 0.11444346606731415, 0.09336283057928085, 0.0778871476650238, 0.03861842304468155, 0.023859035223722458]</MIN_VALUE>
		<SIGNATURE_THRESHOLD_MD>0.0</SIGNATURE_THRESHOLD_MD>
		<SIGNATURE_THRESHOLD_ML>0.0</SIGNATURE_THRESHOLD_ML>
		<SIGNATURE_THRESHOLD_SAM>0.0</SIGNATURE_THRESHOLD_SAM>
	</signature>
	<signature ID="20210513_082813154365_832">
		<MACROCLASSID>1</MACROCLASSID>
		<MACROCLASSINFO>waterbody</MACROCLASSINFO>
		<CLASSID>16</CLASSID>
		<CLASSINFO>C 1</CLASSINFO>
		<VALUES>[0.1324880108946846, 0.0024794277772783218, 0.11444346287420817, 0.003919982472668486, 0.10585426964930128, 0.00677838726163601, 0.1022666125070481, 0.01408900809822511, 0.0768841134295577, 0.020523438730561297, 0.06378464932952609, 0.020229450899119216]</VALUES>
		<LCS_MIN>[0.1293013095855713, 0.10809236764907837, 0.09871629625558853, 0.08123335987329483, 0.04292715713381767, 0.030046768486499786]</LCS_MIN>
		<LCS_MAX>[0.13994775712490082, 0.12397009879350662, 0.12280692905187607, 0.13477255403995514, 0.1247931718826294, 0.10739344358444214]</LCS_MAX>
		<WAVELENGTH>[0.485, 0.56, 0.66, 0.83, 1.65, 2.215]</WAVELENGTH>
