<?xml version="1.0" ?>
<signaturelist MCID_LIST="[['1', 'waterbody', '#000000'], ['2', 'vegetation', '#000000'], ['3', 'bareland', '#000000'], ['4', 'built-up', '#000000']]">
	<signature ID="20210507_142206488008_189">
		<MACROCLASSID>1</MACROCLASSID>
		<MACROCLASSINFO>waterbody</MACROCLASSINFO>
		<CLASSID>1</CLASSID>
		<CLASSINFO>C 1</CLASSINFO>
		<VALUES>[0.18003986139320644, 0.002584478937675368, 0.16245195322630857, 0.0034261859903314843, 0.13613067953139057, 0.0036712085706854126, 0.11685210779839736, 0.009829666927668327, 0.04065979659726124, 0.00978071425461015, 0.02276045650930948, 0.007717468007771532]</VALUES>
		<LCS_MIN>[0.17220744490623474, 0.14970941841602325, 0.12385109812021255, 0.09728872030973434, 0.03014669381082058, 0.015329365618526936]</LCS_MIN>
		<LCS_MAX>[0.18667273223400116, 0.169647216796875, 0.14759723842144012, 0.1483653038740158, 0.07373461872339249, 0.05629304423928261]</LCS_MAX>
		<WAVELENGTH>[0.48, 0.56, 0.655, 0.865, 1.61, 2.2]</WAVELENGTH>
		<MEAN_VALUE>[0.18003986139320644, 0.16245195322630857, 0.13613067953139057, 0.11685210779839736, 0.04065979659726124, 0.02276045650930948]</MEAN_VALUE>
		<CHECKBOX>2</CHECKBOX>
		<SD>[0.002584478937675368, 0.0034261859903314843, 0.0036712085706854126, 0.009829666927668327, 0.00978071425461015, 0.007717468007771532]</SD>
		<WAVELENGTH_UNIT>E-6m</WAVELENGTH_UNIT>
		<COLOR>#8ddd9e</COLOR>
		<COVARIANCE_MATRIX>[[6.701218169480046e-06, 8.044497927151655e-06, 8.163910982264563e-06, -5.519523404575346e-07, -2.571100688574122e-06, -2.287963745069687e-06], [8.044497927151655e-06, 1.17768632664488e-05, 1.1108519038319222e-05, -3.6643142287978743e-06, -7.673071784736132e-06, -6.2253803533839235e-06], [8.163910982264563e-06, 1.1108519038319222e-05, 1.3521531370673609e-05, 3.9988104564405465e-06, 3.9182683992291475e-06, 3.520305425550113e-06], [-5.519523404575346e-07, -3.6643142287978743e-06, 3.9988104564405465e-06, 9.693606084366564e-05, 8.494613232657791e-05, 6.134945591933825e-05], [-2.571100688574122e-06, -7.673071784736132e-06, 3.9182683992291475e-06, 8.494613232657791e-05, 9.597296344504305e-05, 7.408123480130502e-05], [-2.287963745069687e-06, -6.2253803533839235e-06, 3.520305425550113e-06, 6.134945591933825e-05, 7.408123480130502e-05, 5.975268684205165e-05]]</COVARIANCE_MATRIX>
		<ROI_SIZE>309</ROI_SIZE>
		<MAX_VALUE>[0.18667273223400116, 0.169647216796875, 0.14759723842144012, 0.1483653038740158, 0.07373461872339249, 0.05629304423928261]</MAX_VALUE>
		<MIN_VALUE>[0.17220744490623474, 0.14970941841602325, 0.12385109812021255, 0.09728872030973434, 0.03014669381082058, 0.015329365618526936]</MIN_VALUE>
		<SIGNATURE_THRESHOLD_MD>0</SIGNATURE_THRESHOLD_MD>
		<SIGNATURE_THRESHOLD_ML>0</SIGNATURE_THRESHOLD_ML>
		<SIGNATURE_THRESHOLD_SAM>0</SIGNATURE_THRESHOLD_SAM>
	</signature>
	<signature ID="20210507_142210679376_522">
		<MACROCLASSID>1</MACROCLASSID>
		<MACROCLASSINFO>waterbody</MACROCLASSINFO>
		<CLASSID>2</CLASSID>
		<CLASSINFO>C 1</CLASSINFO>
		<VALUES>[0.1817680530307828, 0.0024068000512770826, 0.16306181572550965, 0.003512367783611657, 0.13415305255803958, 0.005133869926277147, 0.11784287601305068, 0.011830714391521991, 0.04205182868655223, 0.01126374804916034, 0.0230890729016978, 0.008244397519984011]</VALUES>
		<LCS_MIN>[0.17092733085155487, 0.14503701031208038, 0.1155303567647934, 0.10263320803642273, 0.030658744275569916, 0.01510535180568695]</LCS_MIN>
		<LCS_MAX>[0.18747282028198242, 0.17076730728149414, 0.14849331974983215, 0.15546993911266327, 0.07712690532207489, 0.05392483249306679]</LCS_MAX>
		<WAVELENGTH>[0.48, 0.56, 0.655, 0.865, 1.61, 2.2]</WAVELENGTH>
		<MEAN_VALUE>[0.1817680530307828, 0.16306181572550965, 0.13415305255803958, 0.11784287601305068, 0.04205182868655223, 0.0230890729016978]</MEAN_VALUE>
		<CHECKBOX>2</CHECKBOX>
		<SD>[0.0024068000512770826, 0.003512367783611657, 0.005133869926277147, 0.011830714391521991, 0.01126374804916034, 0.008244397519984011]</SD>
		<WAVELENGTH_UNIT>E-6m</WAVELENGTH_UNIT>
		<COLOR>#016956</COLOR>
		<COVARIANCE_MATRIX>[[5.803934421753232e-06, 7.871911227094134e-06, 7.4520018518141156e-06, -8.511423410194018e-06, -6.23923825657783e-06, -3.1248606535871732e-06], [7.871911227094134e-06, 1.2360682257930395e-05, 1.2931653211175619e-05, -1.4960889043046368e-05, -1.1491568859666672e-05, -5.879214395816018e-06], [7.4520018518141156e-06, 1.2931653211175619e-05, 2.64077983236612e-05, 1.2818207990603402e-05, 1.3911902145083181e-05, 1.3211213502301312e-05], [-8.511423410194018e-06, -1.4960889043046368e-05, 1.2818207990603402e-05, 0.00014023758127204474, 0.0001261502617534866, 8.591748079102926e-05], [-6.23923825657783e-06, -1.1491568859666672e-05, 1.3911902145083181e-05, 0.0001261502617534866, 0.00012711837355207974, 9.124243444346362e-05], [-3.1248606535871732e-06, -5.879214395816018e-06, 1.3211213502301312e-05, 8.591748079102926e-05, 9.124243444346362e-05, 6.810207122570787e-05]]</COVARIANCE_MATRIX>
		<ROI_SIZE>516</ROI_SIZE>
		<MAX_VALUE>[0.18747282028198242, 0.17076730728149414, 0.14849331974983215, 0.15546993911266327, 0.07712690532207489, 0.05392483249306679]</MAX_VALUE>
		<MIN_VALUE>[0.17092733085155487, 0.14503701031208038, 0.1155303567647934, 0.10263320803642273, 0.030658744275569916, 0.01510535180568695]</MIN_VALUE>
		<SIGNATURE_THRESHOLD_MD>0</SIGNATURE_THRESHOLD_MD>
		<SIGNATURE_THRESHOLD_ML>0</SIGNATURE_THRESHOLD_ML>
		<SIGNATURE_THRESHOLD_SAM>0</SIGNATURE_THRESHOLD_SAM>
	</signature>
	<signature ID="20210507_142215080632_356">
		<MACROCLASSID>1</MACROCLASSID>
		<MACROCLASSINFO>waterbody</MACROCLASSINFO>
		<CLASSID>3</CLASSID>
		<CLASSINFO>C 1</CLASSINFO>
		<VALUES>[0.1773446671245417, 0.00895693631022988, 0.1569807255616435, 0.010388102546062006, 0.13142414761957155, 0.010920601919402287, 0.1276676209393518, 0.01626046164233871, 0.05206229234541648, 0.014920477323731814, 0.02914712808671452, 0.009966534001854785]</VALUES>
		<LCS_MIN>[0.1510535478591919, 0.11898666620254517, 0.09757675230503082, 0.095720574259758, 0.028322532773017883, 0.01491333544254303]</LCS_MIN>
		<LCS_MAX>[0.1959855854511261, 0.17886404693126678, 0.15767815709114075, 0.1672149896621704, 0.08759184181690216, 0.05757315829396248]</LCS_MAX>
		<WAVELENGTH>[0.48, 0.56, 0.655, 0.865, 1.61, 2.2]</WAVELENGTH>
		<MEAN_VALUE>[0.1773446671245417, 0.1569807255616435, 0.13142414761957155, 0.1276676209393518, 0.05206229234541648, 0.02914712808671452]</MEAN_VALUE>
		<CHECKBOX>2</CHECKBOX>
		<SD>[0.00895693631022988, 0.010388102546062006, 0.010920601919402287, 0.01626046164233871, 0.014920477323731814, 0.009966534001854785]</SD>
		<WAVELENGTH_UNIT>E-6m</WAVELENGTH_UNIT>
		<COLOR>#09318f</COLOR>
		<COVARIANCE_MATRIX>[[8.311403996320877e-05, 0.00010212050272586267, 0.00010219451061139117, 3.838354577890447e-06, -3.289792515782575e-05, -2.0125465143504454e-05], [0.00010212050272586267, 0.00013133611282543724, 0.00012784283424978045, -2.2365869404771564e-05, -5.953537418512444e-05, -3.453041510136113e-05], [0.00010219451061139117, 0.00012784283424978045, 0.0001305398432661826, 1.1497458319091817e-05, -2.8840326549872197e-05, -1.5341710176697537e-05], [3.838354577890447e-06, -2.2365869404771564e-05, 1.1497458319091817e-05, 0.00034493372915482404, 0.00027065618757140094, 0.0001581612725513374], [-3.289792515782575e-05, -5.953537418512444e-05, -2.8840326549872197e-05, 0.00027065618757140094, 0.00025723520445613586, 0.0001607250597845578], [-2.0125465143504454e-05, -3.453041510136113e-05, -1.5341710176697537e-05, 0.0001581612725513374, 0.0001607250597845578, 0.00010545942620448554]]</COVARIANCE_MATRIX>
		<ROI_SIZE>483</ROI_SIZE>
		<MAX_VALUE>[0.1959855854511261, 0.17886404693126678, 0.15767815709114075, 0.1672149896621704, 0.08759184181690216, 0.05757315829396248]</MAX_VALUE>
		<MIN_VALUE>[0.1510535478591919, 0.11898666620254517, 0.09757675230503082, 0.095720574259758, 0.028322532773017883, 0.01491333544254303]</MIN_VALUE>
		<SIGNATURE_THRESHOLD_MD>0</SIGNATURE_THRESHOLD_MD>
		<SIGNATURE_THRESHOLD_ML>0</SIGNATURE_THRESHOLD_ML>
		<SIGNATURE_THRESHOLD_SAM>0</SIGNATURE_THRESHOLD_SAM>
	</signature>
	<signature ID="20210507_142220231439_372">
		<MACROCLASSID>1</MACROCLASSID>
		<MACROCLASSINFO>waterbody</MACROCLASSINFO>
		<CLASSID>4</CLASSID>
		<CLASSINFO>C 1</CLASSINFO>
		<VALUES>[0.17331403603568724, 0.00424709308613947, 0.1466212863789561, 0.0051331990010148485, 0.11549888189499886, 0.0052675200958555365, 0.09616310810473358, 0.009601311996251931, 0.03411841250302605, 0.0070729737164456465, 0.017470303432798616, 0.00496981069049989]</VALUES>
		<LCS_MIN>[0.16305461525917053, 0.13015566766262054, 0.1049053966999054, 0.0829194188117981, 0.026370365172624588, 0.009280823171138763]</LCS_MIN>
		<LCS_MAX>[0.189937025308609, 0.16532683372497559, 0.13729232549667358, 0.1257072538137436, 0.06880615651607513, 0.047204237431287766]</LCS_MAX>
		<WAVELENGTH>[0.48, 0.56, 0.655, 0.865, 1.61, 2.2]</WAVELENGTH>
		<MEAN_VALUE>[0.17331403603568724, 0.1466212863789561, 0.11549888189499886, 0.09616310810473358, 0.03411841250302605, 0.017470303432798616]</MEAN_VALUE>
		<CHECKBOX>2</CHECKBOX>
		<SD>[0.00424709308613947, 0.0051331990010148485, 0.0052675200958555365, 0.009601311996251931, 0.0070729737164456465, 0.00496981069049989]</SD>
		<WAVELENGTH_UNIT>E-6m</WAVELENGTH_UNIT>
		<COLOR>#2acd49</COLOR>
		<COVARIANCE_MATRIX>[[1.8051935888981212e-05, 2.1012751486815302e-05, 2.0935112567002068e-05, 2.420962828035827e-05, 8.897948556793172e-06, 3.7519615077016627e-06], [2.1012751486815302e-05, 2.6370382244195704e-05, 2.5615219421909632e-05, 2.687396275069977e-05, 9.776944652509757e-06, 3.909187284419456e-06], [2.0935112567002068e-05, 2.5615219421909632e-05, 2.7768513076198114e-05, 3.787299484731769e-05, 1.9580281023214582e-05, 1.0916223887711557e-05], [2.420962828035827e-05, 2.687396275069977e-05, 3.787299484731769e-05, 9.225743749768598e-05, 6.028896276311884e-05, 3.7649901725475096e-05], [8.897948556793172e-06, 9.776944652509757e-06, 1.9580281023214582e-05, 6.028896276311884e-05, 5.006616327283636e-05, 3.4281039787028184e-05], [3.7519615077016627e-06, 3.909187284419456e-06, 1.0916223887711557e-05, 3.7649901725475096e-05, 3.4281039787028184e-05, 2.4718374896820327e-05]]</COVARIANCE_MATRIX>
		<ROI_SIZE>1277</ROI_SIZE>
		<MAX_VALUE>[0.189937025308609, 0.16532683372497559, 0.13729232549667358, 0.1257072538137436, 0.06880615651607513, 0.047204237431287766]</MAX_VALUE>
		<MIN_VALUE>[0.16305461525917053, 0.13015566766262054, 0.1049053966999054, 0.0829194188117981, 0.026370365172624588, 0.009280823171138763]</MIN_VALUE>
		<SIGNATURE_THRESHOLD_MD>0</SIGNATURE_THRESHOLD_MD>
		<SIGNATURE_THRESHOLD_ML>0</SIGNATURE_THRESHOLD_ML>
		<SIGNATURE_THRESHOLD_SAM>0</SIGNATURE_THRESHOLD_SAM>
	</signature>
	<signature ID="20210507_142224167361_168">
		<MACROCLASSID>1</MACROCLASSID>
		<MACROCLASSINFO>waterbody</MACROCLASSINFO>
		<CLASSID>5</CLASSID>
		<CLASSINFO>C 1</CLASSINFO>
		<VALUES>[0.13995984203306738, 0.003362252995725454, 0.10681245063140903, 0.0036278517208835417, 0.07774083859221949, 0.0031271578127407837, 0.07616401383071954, 0.010208404033184909, 0.02595954046222813, 0.007198673444038424, 0.012647039064793458, 0.00394812689674137]</VALUES>
		<LCS_MIN>[0.1227630004286766, 0.08784788101911545, 0.06342969834804535, 0.06518983840942383, 0.018945690244436264, 0.009120806120336056]</LCS_MIN>
		<LCS_MAX>[0.14586907625198364, 0.11501830816268921, 0.08813589066267014, 0.1099618524312973, 0.0609014667570591, 0.03427506610751152]</LCS_MAX>
		<WAVELENGTH>[0.48, 0.56, 0.655, 0.865, 1.61, 2.2]</WAVELENGTH>
		<MEAN_VALUE>[0.13995984203306738, 0.10681245063140903, 0.07774083859221949, 0.07616401383071954, 0.02595954046222813, 0.012647039064793458]</MEAN_VALUE>
		<CHECKBOX>2</CHECKBOX>
		<SD>[0.003362252995725454, 0.0036278517208835417, 0.0031271578127407837, 0.010208404033184909, 0.007198673444038424, 0.00394812689674137]</SD>
		<WAVELENGTH_UNIT>E-6m</WAVELENGTH_UNIT>
		<COLOR>#90b603</COLOR>
		<COVARIANCE_MATRIX>[[1.1319164525131252e-05, 1.1722357694381199e-05, 9.536245855709123e-06, -9.11525062429261e-06, -4.985776787999775e-06, -1.6474381464175832e-06], [1.1722357694381199e-05, 1.317809549150928e-05, 1.0717812225365915e-05, -6.370717456377705e-06, -2.099898571191346e-06, 1.860757670088675e-07], [9.536245855709123e-06, 1.0717812225365915e-05, 9.791589348012437e-06, 2.6205948598554783e-06, 3.4877321060864095e-06, 2.9471270128822478e-06], [-9.11525062429261e-06, -6.370717456377705e-06, 2.6205948598554783e-06, 0.00010434443575283882, 6.728606600625922e-05, 3.437316789806603e-05], [-4.985776787999775e-06, -2.099898571191346e-06, 3.4877321060864095e-06, 6.728606600625922e-05, 5.1886997439814565e-05, 2.796181336825946e-05], [-1.6474381464175832e-06, 1.860757670088675e-07, 2.9471270128822478e-06, 3.437316789806603e-05, 2.796181336825946e-05, 1.5607588270824636e-05]]</COVARIANCE_MATRIX>
		<ROI_SIZE>785</ROI_SIZE>
		<MAX_VALUE>[0.14586907625198364, 0.11501830816268921, 0.08813589066267014, 0.1099618524312973, 0.0609014667570591, 0.03427506610751152]</MAX_VALUE>
		<MIN_VALUE>[0.1227630004286766, 0.08784788101911545, 0.06342969834804535, 0.06518983840942383, 0.018945690244436264, 0.009120806120336056]</MIN_VALUE>
		<SIGNATURE_THRESHOLD_MD>0</SIGNATURE_THRESHOLD_MD>
		<SIGNATURE_THRESHOLD_ML>0</SIGNATURE_THRESHOLD_ML>
		<SIGNATURE_THRESHOLD_SAM>0</SIGNATURE_THRESHOLD_SAM>
	</signature>
	<signature ID="20210507_142233166499_848">
		<MACROCLASSID>1</MACROCLASSID>
		<MACROCLASSINFO>waterbody</MACROCLASSINFO>
		<CLASSID>6</CLASSID>
		<CLASSINFO>C 1</CLASSINFO>
		<VALUES>[0.16306451027974092, 0.0019563134178143065, 0.14106134613737076, 0.00238888549684732, 0.11324133268342557, 0.002599034913003859, 0.09508429815371837, 0.007888971764263739, 0.032434082938692495, 0.006252885909140258, 0.01590258955167464, 0.004009368874402499]</VALUES>
		<LCS_MIN>[0.15630201995372772, 0.1305397003889084, 0.10397732257843018, 0.08464758843183517, 0.02528226748108864, 0.011713041923940182]</LCS_MIN>
		<LCS_MAX>[0.16935917735099792, 0.14778925478458405, 0.1225069910287857, 0.12449117004871368, 0.06704601645469666, 0.045284055173397064]</LCS_MAX>
		<WAVELENGTH>[0.48, 0.56, 0.655, 0.865, 1.61, 2.2]</WAVELENGTH>
		<MEAN_VALUE>[0.16306451027974092, 0.14106134613737076, 0.11324133268342557, 0.09508429815371837, 0.032434082938692495, 0.01590258955167464]</MEAN_VALUE>
		<CHECKBOX>2</CHECKBOX>
		<SD>[0.0019563134178143065, 0.00238888549684732, 0.002599034913003859, 0.007888971764263739, 0.006252885909140258, 0.004009368874402499]</SD>
		<WAVELENGTH_UNIT>E-6m</WAVELENGTH_UNIT>
		<COLOR>#e1956a</COLOR>
		<COVARIANCE_MATRIX>[[3.832075105522509e-06, 4.378354907543998e-06, 4.483262154533963e-06, 4.201197367010925e-06, 6.013944459169177e-07, -2.0330213015920948e-07], [4.378354907543998e-06, 5.714099685875428e-06, 5.564977061176609e-06, 2.3753026688913547e-06, -1.1536033969252637e-06, -1.2608623914963788e-06], [4.483262154533963e-06, 5.564977061176609e-06, 6.763653830077235e-06, 9.275868100843145e-06, 4.321193433814503e-06, 2.2884319960866184e-06], [4.201197367010925e-06, 2.3753026688913547e-06, 9.275868100843145e-06, 6.23157675069748e-05, 4.219974261079021e-05, 2.4621860042739412e-05], [6.013944459169177e-07, -1.1536033969252637e-06, 4.321193433814503e-06, 4.219974261079021e-05, 3.914877292724687e-05, 2.4312926705477062e-05], [-2.0330213015920948e-07, -1.2608623914963788e-06, 2.2884319960866184e-06, 2.4621860042739412e-05, 2.4312926705477062e-05, 1.6095674250836317e-05]]</COVARIANCE_MATRIX>
		<ROI_SIZE>780</ROI_SIZE>
		<MAX_VALUE>[0.16935917735099792, 0.14778925478458405, 0.1225069910287857, 0.12449117004871368, 0.06704601645469666, 0.045284055173397064]</MAX_VALUE>
		<MIN_VALUE>[0.15630201995372772, 0.1305397003889084, 0.10397732257843018, 0.08464758843183517, 0.02528226748108864, 0.011713041923940182]</MIN_VALUE>
		<SIGNATURE_THRESHOLD_MD>0</SIGNATURE_THRESHOLD_MD>
		<SIGNATURE_THRESHOLD_ML>0</SIGNATURE_THRESHOLD_ML>
		<SIGNATURE_THRESHOLD_SAM>0</SIGNATURE_THRESHOLD_SAM>
	</signature>
	<signature ID="20210507_142239985379_371">
		<MACROCLASSID>1</MACROCLASSID>
		<MACROCLASSINFO>waterbody</MACROCLASSINFO>
		<CLASSID>7</CLASSID>
		<CLASSINFO>C 1</CLASSINFO>
		<VALUES>[0.1509537556981549, 0.0011816825408450741, 0.11822121064093559, 0.002712852995328848, 0.09045289260603448, 0.0034460007025089692, 0.0676158693652523, 0.006084199602954212, 0.023118397786687585, 0.005284933593478702, 0.011608223391933887, 0.0038156417413221047]</VALUES>
		<LCS_MIN>[0.14609308540821075, 0.1145382821559906, 0.08611971139907837, 0.0604214183986187, 0.015617389231920242, 0.0071686385199427605]</LCS_MIN>
		<LCS_MAX>[0.15678207576274872, 0.13287590444087982, 0.11463427543640137, 0.10276120156049728, 0.06026139855384827, 0.04032362252473831]</LCS_MAX>
		<WAVELENGTH>[0.48, 0.56, 0.655, 0.865, 1.61, 2.2]</WAVELENGTH>
		<MEAN_VALUE>[0.1509537556981549, 0.11822121064093559, 0.09045289260603448, 0.0676158693652523, 0.023118397786687585, 0.011608223391933887]</MEAN_VALUE>
		<CHECKBOX>2</CHECKBOX>
		<SD>[0.0011816825408450741, 0.002712852995328848, 0.0034460007025089692, 0.006084199602954212, 0.005284933593478702, 0.0038156417413221047]</SD>
		<WAVELENGTH_UNIT>E-6m</WAVELENGTH_UNIT>
		<COLOR>#0aadf6</COLOR>
		<COVARIANCE_MATRIX>[[1.3709419686821943e-06, 2.6955811760231265e-06, 2.99753116062372e-06, 2.944886524711853e-06, 2.673169137279405e-06, 1.9236369494814495e-06], [2.6955811760231265e-06, 7.599237167495808e-06, 9.32819595991586e-06, 1.2274492421726497e-05, 1.037309576010629e-05, 7.379643352568167e-06], [2.99753116062372e-06, 9.32819595991586e-06, 1.293913427145426e-05, 1.8936914387380998e-05, 1.6441907498256792e-05, 1.1711354421943425e-05], [2.944886524711853e-06, 1.2274492421726497e-05, 1.8936914387380998e-05, 3.5615462689573846e-05, 2.9326518365732242e-05, 2.071834705709761e-05], [2.673169137279405e-06, 1.037309576010629e-05, 1.6441907498256792e-05, 2.9326518365732242e-05, 3.112219722622512e-05, 2.2362279630509934e-05], [1.9236369494814495e-06, 7.379643352568167e-06, 1.1711354421943425e-05, 2.071834705709761e-05, 2.2362279630509934e-05, 1.661597203582433e-05]]</COVARIANCE_MATRIX>
		<ROI_SIZE>5119</ROI_SIZE>
		<MAX_VALUE>[0.15678207576274872, 0.13287590444087982, 0.11463427543640137, 0.10276120156049728, 0.06026139855384827, 0.04032362252473831]</MAX_VALUE>
		<MIN_VALUE>[0.14609308540821075, 0.1145382821559906, 0.08611971139907837, 0.0604214183986187, 0.015617389231920242, 0.0071686385199427605]</MIN_VALUE>
		<SIGNATURE_THRESHOLD_MD>0</SIGNATURE_THRESHOLD_MD>
		<SIGNATURE_THRESHOLD_ML>0</SIGNATURE_THRESHOLD_ML>
		<SIGNATURE_THRESHOLD_SAM>0</SIGNATURE_THRESHOLD_SAM>
	</signature>
	<signature ID="20210507_142355888330_992">
		<MACROCLASSID>1</MACROCLASSID>
		<MACROCLASSINFO>waterbody</MACROCLASSINFO>
		<CLASSID>8</CLASSID>
		<CLASSINFO>C 1</CLASSINFO>
		<VALUES>[0.14833429371985699, 0.0010654019012604386, 0.11041435883388429, 0.001191723554033959, 0.08437218840219675, 0.001492556214751194, 0.07149124526033188, 0.008231618234056418, 0.023206327677890038, 0.004899468410342469, 0.011079343982053578, 0.003145339997723084]</VALUES>
		<LCS_MIN>[0.14154869318008423, 0.10496941953897476, 0.07946311682462692, 0.06323765218257904, 0.018625667318701744, 0.008256735280156136]</LCS_MIN>
		<LCS_MAX>[0.151277557015419, 0.11799458414316177, 0.09655265510082245, 0.10586550086736679, 0.060709428042173386, 0.04118768125772476]</LCS_MAX>
		<WAVELENGTH>[0.48, 0.56, 0.655, 0.865, 1.61, 2.2]</WAVELENGTH>
		<MEAN_VALUE>[0.14833429371985699, 0.11041435883388429, 0.08437218840219675, 0.07149124526033188, 0.023206327677890038, 0.011079343982053578]</MEAN_VALUE>
		<CHECKBOX>2</CHECKBOX>
		<SD>[0.0010654019012604386, 0.001191723554033959, 0.001492556214751194, 0.008231618234056418, 0.004899468410342469, 0.003145339997723084]</SD>
		<WAVELENGTH_UNIT>E-6m</WAVELENGTH_UNIT>
		<COLOR>#f7e405</COLOR>
		<COVARIANCE_MATRIX>[[1.8358077137183976e-06, 1.3311302167384327e-06, 1.3515408418905869e-06, -3.7619023766950406e-06, -1.5908511741137347e-06, -7.546843779986218e-07], [1.3311302167384327e-06, 1.7343657134945278e-06, 1.9137872366085026e-06, 2.917578159490837e-06, 1.6697199248593682e-06, 1.0728994462194896e-06], [1.3515408418905869e-06, 1.9137872366085026e-06, 2.3767789795069563e-06, 5.036261519886727e-06, 3.2451072721076466e-06, 2.035172248952583e-06], [-3.7619023766950406e-06, 2.917578159490837e-06, 5.036261519886727e-06, 6.640176695971652e-05, 3.279197891502799e-05, 1.7674914595892927e-05], [-1.5908511741137347e-06, 1.6697199248593682e-06, 3.2451072721076466e-06, 3.279197891502799e-05, 2.4215101362120372e-05, 1.4545491566698884e-05], [-7.546843779986218e-07, 1.0728994462194896e-06, 2.035172248952583e-06, 1.7674914595892927e-05, 1.4545491566698884e-05, 9.327489410020018e-06]]</COVARIANCE_MATRIX>
		<ROI_SIZE>5832</ROI_SIZE>
		<MAX_VALUE>[0.151277557015419, 0.11799458414316177, 0.09655265510082245, 0.10586550086736679, 0.060709428042173386, 0.04118768125772476]</MAX_VALUE>
		<MIN_VALUE>[0.14154869318008423, 0.10496941953897476, 0.07946311682462692, 0.06323765218257904, 0.018625667318701744, 0.008256735280156136]</MIN_VALUE>
		<SIGNATURE_THRESHOLD_MD>0</SIGNATURE_THRESHOLD_MD>
		<SIGNATURE_THRESHOLD_ML>0</SIGNATURE_THRESHOLD_ML>
		<SIGNATURE_THRESHOLD_SAM>0</SIGNATURE_THRESHOLD_SAM>
	</signature>
	<signature ID="20210507_142403673443_522">
		<MACROCLASSID>1</MACROCLASSID>
		<MACROCLASSINFO>waterbody</MACROCLASSINFO>
		<CLASSID>9</CLASSID>
		<CLASSINFO>C 1</CLASSINFO>
		<VALUES>[0.1491451922273498, 0.0018171479214968724, 0.11152974102049858, 0.00227132313466382, 0.08547872241460615, 0.0028563000601519546, 0.08375822742320554, 0.007983474207221094, 0.028355571429044157, 0.006219020336051547, 0.013212855910080945, 0.0036123814391134934]</VALUES>
		<LCS_MIN>[0.14458896219730377, 0.10704959183931351, 0.08058323711156845, 0.07447068393230438, 0.022017965093255043, 0.01011289469897747]</LCS_MIN>
		<LCS_MAX>[0.15787017345428467, 0.12199494242668152, 0.09767275303602219, 0.11809058487415314, 0.06144551560282707, 0.039843570441007614]</LCS_MAX>
		<WAVELENGTH>[0.48, 0.56, 0.655, 0.865, 1.61, 2.2]</WAVELENGTH>
		<MEAN_VALUE>[0.1491451922273498, 0.11152974102049858, 0.08547872241460615, 0.08375822742320554, 0.028355571429044157, 0.013212855910080945]</MEAN_VALUE>
		<CHECKBOX>2</CHECKBOX>
		<SD>[0.0018171479214968724, 0.00227132313466382, 0.0028563000601519546, 0.007983474207221094, 0.006219020336051547, 0.0036123814391134934]</SD>
		<WAVELENGTH_UNIT>E-6m</WAVELENGTH_UNIT>
		<COLOR>#dbde75</COLOR>
		<COVARIANCE_MATRIX>[[3.3509159293360955e-06, 3.76195087852817e-06, 4.413366256730646e-06, 3.1133462330652874e-06, 2.2236133082340324e-06, 1.2907271551396225e-06], [3.76195087852817e-06, 4.839549197740977e-06, 5.737450861844955e-06, 8.388723272503477e-06, 5.734878444575965e-06, 3.2550593475916563e-06], [4.413366256730646e-06, 5.737450861844955e-06, 7.310364808312831e-06, 1.189477282288043e-05, 8.907609417150933e-06, 5.0028449809936085e-06], [3.1133462330652874e-06, 8.388723272503477e-06, 1.189477282288043e-05, 7.282297097387544e-05, 5.092286184689453e-05, 2.767992116604864e-05], [2.2236133082340324e-06, 5.734878444575965e-06, 8.907609417150933e-06, 5.092286184689453e-05, 4.153959732114978e-05, 2.3135260166088635e-05], [1.2907271551396225e-06, 3.2550593475916563e-06, 5.0028449809936085e-06, 2.767992116604864e-05, 2.3135260166088635e-05, 1.3686435522874664e-05]]</COVARIANCE_MATRIX>
		<ROI_SIZE>2024</ROI_SIZE>
		<MAX_VALUE>[0.15787017345428467, 0.12199494242668152, 0.09767275303602219, 0.11809058487415314, 0.06144551560282707, 0.039843570441007614]</MAX_VALUE>
		<MIN_VALUE>[0.14458896219730377, 0.10704959183931351, 0.08058323711156845, 0.07447068393230438, 0.022017965093255043, 0.01011289469897747]</MIN_VALUE>
		<SIGNATURE_THRESHOLD_MD>0</SIGNATURE_THRESHOLD_MD>
		<SIGNATURE_THRESHOLD_ML>0</SIGNATURE_THRESHOLD_ML>
		<SIGNATURE_THRESHOLD_SAM>0</SIGNATURE_THRESHOLD_SAM>
	</signature>
	<signature ID="20210507_142417765172_514">
		<MACROCLASSID>1</MACROCLASSID>
		<MACROCLASSINFO>waterbody</MACROCLASSINFO>
		<CLASSID>10</CLASSID>
		<CLASSINFO>C 1</CLASSINFO>
		<VALUES>[0.13478861260866307, 0.00288815171134856, 0.1003018474883965, 0.003500502252196249, 0.07461900263343688, 0.0035410796293674266, 0.058389495336323025, 0.005974556722665441, 0.021914559146185057, 0.006459192638369416, 0.010884845822366792, 0.004639385176853317]</VALUES>
		<LCS_MIN>[0.12362708896398544, 0.08948002755641937, 0.06867816299200058, 0.04992447793483734, 0.015233357436954975, 0.006592579185962677]</LCS_MIN>
		<LCS_MAX>[0.14199674129486084, 0.11396221071481705, 0.09460047632455826, 0.09360840171575546, 0.05930132046341896, 0.041603732854127884]</LCS_MAX>
		<WAVELENGTH>[0.48, 0.56, 0.655, 0.865, 1.61, 2.2]</WAVELENGTH>
		<MEAN_VALUE>[0.13478861260866307, 0.1003018474883965, 0.07461900263343688, 0.058389495336323025, 0.021914559146185057, 0.010884845822366792]</MEAN_VALUE>
		<CHECKBOX>2</CHECKBOX>
		<SD>[0.00288815171134856, 0.003500502252196249, 0.0035410796293674266, 0.005974556722665441, 0.006459192638369416, 0.004639385176853317]</SD>
		<WAVELENGTH_UNIT>E-6m</WAVELENGTH_UNIT>
		<COLOR>#925b58</COLOR>
		<COVARIANCE_MATRIX>[[9.235759296665062e-06, 1.0708321466545608e-05, 8.43066265119553e-06, -3.9728527673511247e-07, -2.4814229696733487e-06, -1.0070350391087002e-06], [1.0708321466545608e-05, 1.3185881481962645e-05, 1.1313751863288305e-05, 3.855943846725529e-06, 1.1998732663757501e-06, 1.6707214258623524e-06], [8.43066265119553e-06, 1.1313751863288305e-05, 1.2222927766710163e-05, 1.3394244315379187e-05, 1.0669384035666795e-05, 7.738341813686243e-06], [-3.9728527673511247e-07, 3.855943846725529e-06, 1.3394244315379187e-05, 4.816496868328798e-05, 4.1597167488548626e-05, 2.6125775464047794e-05], [-2.4814229696733487e-06, 1.1998732663757501e-06, 1.0669384035666795e-05, 4.1597167488548626e-05, 4.757085740957802e-05, 3.2258227185822335e-05], [-1.0070350391087002e-06, 1.6707214258623524e-06, 7.738341813686243e-06, 2.6125775464047794e-05, 3.2258227185822335e-05, 2.3365328851767554e-05]]</COVARIANCE_MATRIX>
		<ROI_SIZE>4362</ROI_SIZE>
		<MAX_VALUE>[0.14199674129486084, 0.11396221071481705, 0.09460047632455826, 0.09360840171575546, 0.05930132046341896, 0.041603732854127884]</MAX_VALUE>
		<MIN_VALUE>[0.12362708896398544, 0.08948002755641937, 0.06867816299200058, 0.04992447793483734, 0.015233357436954975, 0.006592579185962677]</MIN_VALUE>
		<SIGNATURE_THRESHOLD_MD>0</SIGNATURE_THRESHOLD_MD>
		<SIGNATURE_THRESHOLD_ML>0</SIGNATURE_THRESHOLD_ML>
		<SIGNATURE_THRESHOLD_SAM>0</SIGNATURE_THRESHOLD_SAM>
	</signature>
	<signature ID="20210507_142426233493_462">
		<MACROCLASSID>1</MACROCLASSID>
		<MACROCLASSINFO>waterbody</MACROCLASSINFO>
		<CLASSID>11</CLASSID>
		<CLASSINFO>C 1</CLASSINFO>
		<VALUES>[0.14650882508739196, 0.0013889513269736587, 0.11888888796202914, 0.002173393367956253, 0.0892155541756254, 0.002808556745918224, 0.07518630887378697, 0.005755280471235019, 0.03353358191174095, 0.010125126524530952, 0.0189972942458399, 0.008799559181105487]</VALUES>
		<LCS_MIN>[0.14298881590366364, 0.11377019435167313, 0.08407153934240341, 0.06746204942464828, 0.02038581855595112, 0.0049284351989626884]</LCS_MIN>
		<LCS_MAX>[0.1493253856897354, 0.1251952350139618, 0.10202513635158539, 0.09610462933778763, 0.0669500008225441, 0.05363679677248001]</LCS_MAX>
		<WAVELENGTH>[0.48, 0.56, 0.655, 0.865, 1.61, 2.2]</WAVELENGTH>
		<MEAN_VALUE>[0.14650882508739196, 0.11888888796202914, 0.0892155541756254, 0.07518630887378697, 0.03353358191174095, 0.0189972942458399]</MEAN_VALUE>
		<CHECKBOX>2</CHECKBOX>
		<SD>[0.0013889513269736587, 0.002173393367956253, 0.002808556745918224, 0.005755280471235019, 0.010125126524530952, 0.008799559181105487]</SD>
		<WAVELENGTH_UNIT>E-6m</WAVELENGTH_UNIT>
		<COLOR>#4d66bd</COLOR>
		<COVARIANCE_MATRIX>[[1.882661958869585e-06, 2.7545088245915105e-06, 2.294518482098258e-06, 8.49445620567123e-07, 4.665440999992306e-07, 2.5729686892012175e-07], [2.7545088245915105e-06, 5.306920602421407e-06, 4.5279003367726895e-06, 1.3070122725927399e-06, 2.646108745959426e-06, 2.446518854261104e-06], [2.294518482098258e-06, 4.5279003367726895e-06, 7.943855125259106e-06, 1.167675027766006e-05, 1.8981001805021915e-05, 1.6357576533172097e-05], [8.49445620567123e-07, 1.3070122725927399e-06, 1.167675027766006e-05, 3.018822345623275e-05, 4.6254218401172576e-05, 3.876954765733925e-05], [4.665440999992306e-07, 2.646108745959426e-06, 1.8981001805021915e-05, 4.6254218401172576e-05, 8.733249802055616e-05, 7.334070567011418e-05], [2.5729686892012175e-07, 2.446518854261104e-06, 1.6357576533172097e-05, 3.876954765733925e-05, 7.334070567011418e-05, 6.396461884346176e-05]]</COVARIANCE_MATRIX>
		<ROI_SIZE>601</ROI_SIZE>
		<MAX_VALUE>[0.1493253856897354, 0.1251952350139618, 0.10202513635158539, 0.09610462933778763, 0.0669500008225441, 0.05363679677248001]</MAX_VALUE>
		<MIN_VALUE>[0.14298881590366364, 0.11377019435167313, 0.08407153934240341, 0.06746204942464828, 0.02038581855595112, 0.0049284351989626884]</MIN_VALUE>
		<SIGNATURE_THRESHOLD_MD>0</SIGNATURE_THRESHOLD_MD>
		<SIGNATURE_THRESHOLD_ML>0</SIGNATURE_THRESHOLD_ML>
		<SIGNATURE_THRESHOLD_SAM>0</SIGNATURE_THRESHOLD_SAM>
	</signature>
	<signature ID="20210507_142431768493_918">
		<MACROCLASSID>1</MACROCLASSID>
		<MACROCLASSINFO>waterbody</MACROCLASSINFO>
		<CLASSID>12</CLASSID>
		<CLASSINFO>C 1</CLASSINFO>
		<VALUES>[0.14182291914155512, 0.0012874013550935501, 0.10967731195083572, 0.0022572655023219337, 0.08603043676070549, 0.003813768617267148, 0.07885773517731309, 0.007221931784035942, 0.03622585246879338, 0.010862704841212432, 0.020446465883835942, 0.008625395870545673]</VALUES>
		<LCS_MIN>[0.1397245228290558, 0.10528942942619324, 0.08064723014831543, 0.06759006530046463, 0.024354176595807076, 0.008896791376173496]</LCS_MIN>
		<LCS_MAX>[0.14551705121994019, 0.11610640585422516, 0.09914488345384598, 0.10144909471273422, 0.06877416372299194, 0.0468842014670372]</LCS_MAX>
		<WAVELENGTH>[0.48, 0.56, 0.655, 0.865, 1.61, 2.2]</WAVELENGTH>
		<MEAN_VALUE>[0.14182291914155512, 0.10967731195083572, 0.08603043676070549, 0.07885773517731309, 0.03622585246879338, 0.020446465883835942]</MEAN_VALUE>
		<CHECKBOX>2</CHECKBOX>
		<SD>[0.0012874013550935501, 0.0022572655023219337, 0.003813768617267148, 0.007221931784035942, 0.010862704841212432, 0.008625395870545673]</SD>
		<WAVELENGTH_UNIT>E-6m</WAVELENGTH_UNIT>
		<COLOR>#442011</COLOR>
		<COVARIANCE_MATRIX>[[1.5118289458623364e-06, 2.4864898513890104e-06, 3.718762273366171e-06, 4.866388580746207e-06, 6.164789177467866e-06, 4.789360455199071e-06], [2.4864898513890104e-06, 5.741205523130443e-06, 8.632157046197774e-06, 1.0499596088515625e-05, 1.536293108831042e-05, 1.2039286471248774e-05], [3.718762273366171e-06, 8.632157046197774e-06, 1.5417787099307503e-05, 2.2723712304581576e-05, 3.362969880071758e-05, 2.6520119161455775e-05], [4.866388580746207e-06, 1.0499596088515625e-05, 2.2723712304581576e-05, 4.6521772776608225e-05, 6.713932944224183e-05, 5.297621387163798e-05], [6.164789177467866e-06, 1.536293108831042e-05, 3.362969880071758e-05, 6.713932944224183e-05, 0.00011409064114565287, 8.986023593040933e-05], [4.789360455199071e-06, 1.2039286471248774e-05, 2.6520119161455775e-05, 5.297621387163798e-05, 8.986023593040933e-05, 7.160793704262216e-05]]</COVARIANCE_MATRIX>
		<ROI_SIZE>459</ROI_SIZE>
		<MAX_VALUE>[0.14551705121994019, 0.11610640585422516, 0.09914488345384598, 0.10144909471273422, 0.06877416372299194, 0.0468842014670372]</MAX_VALUE>
		<MIN_VALUE>[0.1397245228290558, 0.10528942942619324, 0.08064723014831543, 0.06759006530046463, 0.024354176595807076, 0.008896791376173496]</MIN_VALUE>
		<SIGNATURE_THRESHOLD_MD>0</SIGNATURE_THRESHOLD_MD>
		<SIGNATURE_THRESHOLD_ML>0</SIGNATURE_THRESHOLD_ML>
		<SIGNATURE_THRESHOLD_SAM>0</SIGNATURE_THRESHOLD_SAM>
	</signature>
	<signature ID="20210507_142440317784_998">
		<MACROCLASSID>1</MACROCLASSID>
		<MACROCLASSINFO>waterbody</MACROCLASSINFO>
		<CLASSID>13</CLASSID>
		<CLASSINFO>C 1</CLASSINFO>
		<VALUES>[0.14508942437583, 0.0010527733716240483, 0.11350314075063014, 0.002480765411056013, 0.09338271630735234, 0.0037710347262269986, 0.09762199338653993, 0.01042848724730927, 0.05249739412603707, 0.015052082307044086, 0.03229309795103196, 0.011266740246895293]</VALUES>
		<LCS_MIN>[0.1430528461933136, 0.10906577110290527, 0.08647175133228302, 0.08208736032247543, 0.029986688867211342, 0.015777407214045525]</LCS_MIN>
		<LCS_MAX>[0.1476292461156845, 0.1198827475309372, 0.1024731919169426, 0.12404311448335648, 0.08858394622802734, 0.06038941815495491]</LCS_MAX>
		<WAVELENGTH>[0.48, 0.56, 0.655, 0.865, 1.61, 2.2]</WAVELENGTH>
		<MEAN_VALUE>[0.14508942437583, 0.11350314075063014, 0.09338271630735234, 0.09762199338653993, 0.05249739412603707, 0.03229309795103196]</MEAN_VALUE>
		<CHECKBOX>2</CHECKBOX>
		<SD>[0.0010527733716240483, 0.002480765411056013, 0.0037710347262269986, 0.01042848724730927, 0.015052082307044086, 0.011266740246895293]</SD>
		<WAVELENGTH_UNIT>E-6m</WAVELENGTH_UNIT>
		<COLOR>#2b0953</COLOR>
		<COVARIANCE_MATRIX>[[1.1277761890533488e-06, 2.1027906031813234e-06, 3.298054137006401e-06, 7.4236627544775165e-06, 1.1096150190061847e-05, 8.732098114603441e-06], [2.1027906031813234e-06, 6.2621653935461635e-06, 9.145330753510543e-06, 2.046074637702244e-05, 2.9556335335592254e-05, 2.2459113465655497e-05], [3.298054137006401e-06, 9.145330753510543e-06, 1.4470188922311846e-05, 3.3801732709955884e-05, 4.975735016962887e-05, 3.7743271302004436e-05], [7.4236627544775165e-06, 2.046074637702244e-05, 3.3801732709955884e-05, 0.00011066129971057782, 0.00015101725925877976, 0.00010866039955707997], [1.1096150190061847e-05, 2.9556335335592254e-05, 4.975735016962887e-05, 0.00015101725925877976, 0.0002305400095285214, 0.00017031771369754495], [8.732098114603441e-06, 2.2459113465655497e-05, 3.7743271302004436e-05, 0.00010866039955707997, 0.00017031771369754495, 0.00012916644343646653]]</COVARIANCE_MATRIX>
		<ROI_SIZE>58</ROI_SIZE>
		<MAX_VALUE>[0.1476292461156845, 0.1198827475309372, 0.1024731919169426, 0.12404311448335648, 0.08858394622802734, 0.06038941815495491]</MAX_VALUE>
		<MIN_VALUE>[0.1430528461933136, 0.10906577110290527, 0.08647175133228302, 0.08208736032247543, 0.029986688867211342, 0.015777407214045525]</MIN_VALUE>
		<SIGNATURE_THRESHOLD_MD>0</SIGNATURE_THRESHOLD_MD>
		<SIGNATURE_THRESHOLD_ML>0</SIGNATURE_THRESHOLD_ML>
		<SIGNATURE_THRESHOLD_SAM>0</SIGNATURE_THRESHOLD_SAM>
	</signature>
	<signature ID="20210507_142458512296_302">
		<MACROCLASSID>1</MACROCLASSID>
		<MACROCLASSINFO>waterbody</MACROCLASSINFO>
		<CLASSID>14</CLASSID>
		<CLASSINFO>C 1</CLASSINFO>
		<VALUES>[0.13974233733365335, 0.001706582872589281, 0.1003435169815759, 0.0022863452866824824, 0.07606070350495077, 0.002958689863794667, 0.05970279899686941, 0.006529339489358791, 0.021986938791150774, 0.0055435748900615886, 0.01074519569993655, 0.003942666826339025]</VALUES>
		<LCS_MIN>[0.13588419556617737, 0.09610462933778763, 0.07143040746450424, 0.05206867307424545, 0.017697574570775032, 0.008000710047781467]</LCS_MIN>
		<LCS_MAX>[0.15118156373500824, 0.11389821022748947, 0.09648866206407547, 0.09866484999656677, 0.06102946400642395, 0.045060042291879654]</LCS_MAX>
		<WAVELENGTH>[0.48, 0.56, 0.655, 0.865, 1.61, 2.2]</WAVELENGTH>
		<MEAN_VALUE>[0.13974233733365335, 0.1003435169815759, 0.07606070350495077, 0.05970279899686941, 0.021986938791150774, 0.01074519569993655]</MEAN_VALUE>
		<CHECKBOX>2</CHECKBOX>
		<SD>[0.001706582872589281, 0.0022863452866824824, 0.002958689863794667, 0.006529339489358791, 0.0055435748900615886, 0.003942666826339025]</SD>
		<WAVELENGTH_UNIT>E-6m</WAVELENGTH_UNIT>
		<COLOR>#f18a0b</COLOR>
		<COVARIANCE_MATRIX>[[2.9133287389615586e-06, 3.550297733121777e-06, 4.258466746542405e-06, 5.95773979786592e-06, 3.803687413372429e-06, 2.8051699039033166e-06], [3.550297733121777e-06, 5.228996667164552e-06, 6.584491557403611e-06, 1.168359268031929e-05, 8.426329965470556e-06, 5.954630714770433e-06], [4.258466746542405e-06, 6.584491557403611e-06, 8.756561765259465e-06, 1.6477324834482814e-05, 1.218858600024314e-05, 8.526305070791496e-06], [5.95773979786592e-06, 1.168359268031929e-05, 1.6477324834482814e-05, 4.264550168022829e-05, 3.273242881735996e-05, 2.1901305618389387e-05], [3.803687413372429e-06, 8.426329965470556e-06, 1.218858600024314e-05, 3.273242881735996e-05, 3.0740757536143176e-05, 2.1417042306093733e-05], [2.8051699039033166e-06, 5.954630714770433e-06, 8.526305070791496e-06, 2.1901305618389387e-05, 2.1417042306093733e-05, 1.5549444732277314e-05]]</COVARIANCE_MATRIX>
		<ROI_SIZE>3224</ROI_SIZE>
		<MAX_VALUE>[0.15118156373500824, 0.11389821022748947, 0.09648866206407547, 0.09866484999656677, 0.06102946400642395, 0.045060042291879654]</MAX_VALUE>
		<MIN_VALUE>[0.13588419556617737, 0.09610462933778763, 0.07143040746450424, 0.05206867307424545, 0.017697574570775032, 0.008000710047781467]</MIN_VALUE>
		<SIGNATURE_THRESHOLD_MD>0</SIGNATURE_THRESHOLD_MD>
		<SIGNATURE_THRESHOLD_ML>0</SIGNATURE_THRESHOLD_ML>
		<SIGNATURE_THRESHOLD_SAM>0</SIGNATURE_THRESHOLD_SAM>
	</signature>
	<signature ID="20210507_142506942223_859">
		<MACROCLASSID>1</MACROCLASSID>
		<MACROCLASSINFO>waterbody</MACROCLASSINFO>
		<CLASSID>15</CLASSID>
		<CLASSINFO>C 1</CLASSINFO>
		<VALUES>[0.14608695643451436, 0.005797452639698307, 0.11173343198802715, 0.006148122782993925, 0.08452988479005098, 0.004942450731996702, 0.07850792881328474, 0.009038887328214179, 0.031079819114087283, 0.008761648097290665, 0.015296405026209513, 0.005834859597823105]</VALUES>
		<LCS_MIN>[0.12801147997379303, 0.09197625517845154, 0.06906219571828842, 0.06733403354883194, 0.019969789311289787, 0.009280823171138763]</LCS_MIN>
		<LCS_MAX>[0.15450985729694366, 0.12394712120294571, 0.10212115943431854, 0.11300212889909744, 0.0654778704047203, 0.04595612362027168]</LCS_MAX>
		<WAVELENGTH>[0.48, 0.56, 0.655, 0.865, 1.61, 2.2]</WAVELENGTH>
		<MEAN_VALUE>[0.14608695643451436, 0.11173343198802715, 0.08452988479005098, 0.07850792881328474, 0.031079819114087283, 0.015296405026209513]</MEAN_VALUE>
		<CHECKBOX>2</CHECKBOX>
		<SD>[0.005797452639698307, 0.006148122782993925, 0.004942450731996702, 0.009038887328214179, 0.008761648097290665, 0.005834859597823105]</SD>
		<WAVELENGTH_UNIT>E-6m</WAVELENGTH_UNIT>
		<COLOR>#b6e4e2</COLOR>
		<COVARIANCE_MATRIX>[[2.939346117486129e-05, 3.159080524538927e-05, 2.3727122646866087e-05, -9.742706933277163e-06, -9.788550014472406e-06, -2.9836681474546895e-06], [3.159080524538927e-05, 3.507973740625907e-05, 2.7121083931617458e-05, -6.302588013452204e-06, -6.069155977131535e-06, 1.3986933015015827e-07], [2.3727122646866087e-05, 2.7121083931617458e-05, 2.4050710210413823e-05, 7.310689024473416e-06, 8.182808124010458e-06, 8.788407138292809e-06], [-9.742706933277163e-06, -6.302588013452204e-06, 7.310689024473416e-06, 7.242477752703537e-05, 6.282881822560813e-05, 3.783685315314453e-05], [-9.788550014472406e-06, -6.069155977131535e-06, 8.182808124010458e-06, 6.282881822560813e-05, 7.337586171315846e-05, 4.880517614298483e-05], [-2.9836681474546895e-06, 1.3986933015015827e-07, 8.788407138292809e-06, 3.783685315314453e-05, 4.880517614298483e-05, 3.5063788586176325e-05]]</COVARIANCE_MATRIX>
		<ROI_SIZE>1488</ROI_SIZE>
		<MAX_VALUE>[0.15450985729694366, 0.12394712120294571, 0.10212115943431854, 0.11300212889909744, 0.0654778704047203, 0.04595612362027168]</MAX_VALUE>
		<MIN_VALUE>[0.12801147997379303, 0.09197625517845154, 0.06906219571828842, 0.06733403354883194, 0.019969789311289787, 0.009280823171138763]</MIN_VALUE>
		<SIGNATURE_THRESHOLD_MD>0</SIGNATURE_THRESHOLD_MD>
		<SIGNATURE_THRESHOLD_ML>0</SIGNATURE_THRESHOLD_ML>
		<SIGNATURE_THRESHOLD_SAM>0</SIGNATURE_THRESHOLD_SAM>
	</signature>
	<signature ID="20210507_142515102174_917">
		<MACROCLASSID>1</MACROCLASSID>
		<MACROCLASSINFO>waterbody</MACROCLASSINFO>
		<CLASSID>16</CLASSID>
		<CLASSINFO>C 1</CLASSINFO>
		<VALUES>[0.1401584370633356, 0.0011474496494983143, 0.10548846920053671, 0.0017471758980960668, 0.07826055529282167, 0.0025933294059409203, 0.06488610994822495, 0.006197138199519408, 0.024009946482792255, 0.006615219362482512, 0.011801647072863046, 0.005017561982652132]</VALUES>
		<LCS_MIN>[0.1340920329093933, 0.09968893229961395, 0.07386261224746704, 0.056549057364463806, 0.016641488298773766, 0.007744685281068087]</LCS_MIN>
