<?xml version="1.0" ?>
<signaturelist MCID_LIST="[['1', 'waterbody', '#000000'], ['2', 'vegetation', '#000000'], ['3', 'bareland', '#000000'], ['4', 'built-up', '#000000']]">
	<signature ID="20211229_120004904710_959">
		<MACROCLASSID>1</MACROCLASSID>
		<MACROCLASSINFO>waterbody</MACROCLASSINFO>
		<CLASSID>1</CLASSID>
		<CLASSINFO>C 1</CLASSINFO>
		<VALUES>[0.11344249855194774, 0.003057828194014876, 0.10333358847669193, 0.0040100848916671235, 0.09160938443882123, 0.006509412798940553, 0.07305854713278158, 0.010684168899033798, 0.06520268251853331, 0.011729691501549688, 0.04962331269468579, 0.010801231328856836]</VALUES>
		<LCS_MIN>[0.1087375283241272, 0.09613063186407089, 0.08064277470111847, 0.05489885061979294, 0.04736235737800598, 0.03468630462884903]</LCS_MIN>
		<LCS_MAX>[0.12095264345407486, 0.11436110734939575, 0.10668633133172989, 0.09555443376302719, 0.08774137496948242, 0.07720872014760971]</LCS_MAX>
		<WAVELENGTH>[0.48, 0.56, 0.655, 0.865, 1.61, 2.2]</WAVELENGTH>
		<MEAN_VALUE>[0.11344249855194774, 0.10333358847669193, 0.09160938443882123, 0.07305854713278158, 0.06520268251853331, 0.04962331269468579]</MEAN_VALUE>
		<CHECKBOX>2</CHECKBOX>
		<SD>[0.003057828194014876, 0.0040100848916671235, 0.006509412798940553, 0.010684168899033798, 0.011729691501549688, 0.010801231328856836]</SD>
		<WAVELENGTH_UNIT>E-6m</WAVELENGTH_UNIT>
		<COLOR>#871b7e</COLOR>
		<COVARIANCE_MATRIX>[[9.485825103183743e-06, 9.856672477326356e-06, 1.779282683855854e-05, 2.9670967705897056e-05, 3.301133619970642e-05, 2.9682421882171184e-05], [9.856672477326356e-06, 1.631383565836586e-05, 2.3543383576907218e-05, 3.284286503912881e-05, 3.519343590596691e-05, 3.4813241654774174e-05], [1.779282683855854e-05, 2.3543383576907218e-05, 4.298654675949365e-05, 6.578258762601763e-05, 6.554042920470238e-05, 5.7552479120204225e-05], [2.9670967705897056e-05, 3.284286503912881e-05, 6.578258762601763e-05, 0.00011580583668546751, 0.00011940510012209415, 9.938102448359132e-05], [3.301133619970642e-05, 3.519343590596691e-05, 6.554042920470238e-05, 0.00011940510012209415, 0.00013957965711597353, 0.0001223347644554451], [2.9682421882171184e-05, 3.4813241654774174e-05, 5.7552479120204225e-05, 9.938102448359132e-05, 0.0001223347644554451, 0.00011835742043331265]]</COVARIANCE_MATRIX>
		<ROI_SIZE>70</ROI_SIZE>
		<MAX_VALUE>[0.12095264345407486, 0.11436110734939575, 0.10668633133172989, 0.09555443376302719, 0.08774137496948242, 0.07720872014760971]</MAX_VALUE>
		<MIN_VALUE>[0.1087375283241272, 0.09613063186407089, 0.08064277470111847, 0.05489885061979294, 0.04736235737800598, 0.03468630462884903]</MIN_VALUE>
		<SIGNATURE_THRESHOLD_MD>0.0</SIGNATURE_THRESHOLD_MD>
		<SIGNATURE_THRESHOLD_ML>0.0</SIGNATURE_THRESHOLD_ML>
		<SIGNATURE_THRESHOLD_SAM>0.0</SIGNATURE_THRESHOLD_SAM>
	</signature>
	<signature ID="20211229_120158624184_502">
		<MACROCLASSID>1</MACROCLASSID>
		<MACROCLASSINFO>waterbody</MACROCLASSINFO>
		<CLASSID>2</CLASSID>
		<CLASSINFO>C 1</CLASSINFO>
		<VALUES>[0.11020632290234005, 0.002851936602357236, 0.09937686543848555, 0.004171628515674516, 0.08770168719150251, 0.006108384606123026, 0.06884783602367009, 0.011582066965536422, 0.05610544633562282, 0.011443425378095517, 0.040673232274287846, 0.009794107990976728]</VALUES>
		<LCS_MIN>[0.10581052303314209, 0.08986172825098038, 0.07764661312103271, 0.05222536250948906, 0.03915749117732048, 0.027633801102638245]</LCS_MIN>
		<LCS_MAX>[0.12109092622995377, 0.11625098437070847, 0.10746993869543076, 0.09725993871688843, 0.08522921800613403, 0.07087069004774094]</LCS_MAX>
		<WAVELENGTH>[0.48, 0.56, 0.655, 0.865, 1.61, 2.2]</WAVELENGTH>
		<MEAN_VALUE>[0.11020632290234005, 0.09937686543848555, 0.08770168719150251, 0.06884783602367009, 0.05610544633562282, 0.040673232274287846]</MEAN_VALUE>
		<CHECKBOX>2</CHECKBOX>
		<SD>[0.002851936602357236, 0.004171628515674516, 0.006108384606123026, 0.011582066965536422, 0.011443425378095517, 0.009794107990976728]</SD>
		<WAVELENGTH_UNIT>E-6m</WAVELENGTH_UNIT>
		<COLOR>#68e7a7</COLOR>
		<COVARIANCE_MATRIX>[[8.161207915691193e-06, 9.523808330413885e-06, 1.586096186656505e-05, 2.3760243493597955e-05, 2.529224548197817e-05, 2.1072319213999435e-05], [9.523808330413885e-06, 1.746167617966421e-05, 1.9990335204056464e-05, 2.547719850554131e-05, 3.067541911150329e-05, 2.825743104040157e-05], [1.586096186656505e-05, 1.9990335204056464e-05, 3.743927663890645e-05, 5.269800385576673e-05, 5.3504940296988934e-05, 4.3493528210092336e-05], [2.3760243493597955e-05, 2.547719850554131e-05, 5.269800385576673e-05, 0.00013460054469760507, 0.00011978734255535528, 9.548438538331538e-05], [2.529224548197817e-05, 3.067541911150329e-05, 5.3504940296988934e-05, 0.00011978734255535528, 0.00013139740622136742, 0.00010583800758467987], [2.1072319213999435e-05, 2.825743104040157e-05, 4.3493528210092336e-05, 9.548438538331538e-05, 0.00010583800758467987, 9.625082748243585e-05]]</COVARIANCE_MATRIX>
		<ROI_SIZE>295</ROI_SIZE>
		<MAX_VALUE>[0.12109092622995377, 0.11625098437070847, 0.10746993869543076, 0.09725993871688843, 0.08522921800613403, 0.07087069004774094]</MAX_VALUE>
		<MIN_VALUE>[0.10581052303314209, 0.08986172825098038, 0.07764661312103271, 0.05222536250948906, 0.03915749117732048, 0.027633801102638245]</MIN_VALUE>
		<SIGNATURE_THRESHOLD_MD>0.0</SIGNATURE_THRESHOLD_MD>
		<SIGNATURE_THRESHOLD_ML>0.0</SIGNATURE_THRESHOLD_ML>
		<SIGNATURE_THRESHOLD_SAM>0.0</SIGNATURE_THRESHOLD_SAM>
	</signature>
	<signature ID="20211229_120205864365_260">
		<MACROCLASSID>1</MACROCLASSID>
		<MACROCLASSINFO>waterbody</MACROCLASSINFO>
		<CLASSID>3</CLASSID>
		<CLASSINFO>C 1</CLASSINFO>
		<VALUES>[0.1089338106598626, 0.0028100994962654575, 0.09832772485753316, 0.0037880242094444645, 0.08794794425843877, 0.006583027782865718, 0.06839886119470322, 0.012683849184963776, 0.05553462217621348, 0.012414272232256905, 0.04031256210811913, 0.010995000024545674]</VALUES>
		<LCS_MIN>[0.10475034266710281, 0.09235084056854248, 0.07819976657629013, 0.05174136534333229, 0.041992321610450745, 0.02837132290005684]</LCS_MIN>
		<LCS_MAX>[0.11841744184494019, 0.1145915687084198, 0.11240208148956299, 0.09974905848503113, 0.09059925377368927, 0.07541102170944214]</LCS_MAX>
		<WAVELENGTH>[0.48, 0.56, 0.655, 0.865, 1.61, 2.2]</WAVELENGTH>
		<MEAN_VALUE>[0.1089338106598626, 0.09832772485753316, 0.08794794425843877, 0.06839886119470322, 0.05553462217621348, 0.04031256210811913]</MEAN_VALUE>
		<CHECKBOX>2</CHECKBOX>
		<SD>[0.0028100994962654575, 0.0037880242094444645, 0.006583027782865718, 0.012683849184963776, 0.012414272232256905, 0.010995000024545674]</SD>
		<WAVELENGTH_UNIT>E-6m</WAVELENGTH_UNIT>
		<COLOR>#270edd</COLOR>
		<COVARIANCE_MATRIX>[[7.938887392811012e-06, 8.887085641617887e-06, 1.5864761735429056e-05, 2.8351776563795283e-05, 3.0474760933429934e-05, 2.7483240046421997e-05], [8.887085641617887e-06, 1.4425861081690527e-05, 2.3554848667117767e-05, 3.854170427075587e-05, 3.999316686531529e-05, 3.660802758531645e-05], [1.5864761735429056e-05, 2.3554848667117767e-05, 4.356800127425231e-05, 7.203767017927021e-05, 7.007290696492419e-05, 6.088298323447816e-05], [2.8351776563795283e-05, 3.854170427075587e-05, 7.203767017927021e-05, 0.0001617403468117118, 0.00014673425175715238, 0.0001198739482788369], [3.0474760933429934e-05, 3.999316686531529e-05, 7.007290696492419e-05, 0.00014673425175715238, 0.00015493830142077059, 0.00013226251758169383], [2.7483240046421997e-05, 3.660802758531645e-05, 6.088298323447816e-05, 0.0001198739482788369, 0.00013226251758169383, 0.0001215364973177202]]</COVARIANCE_MATRIX>
		<ROI_SIZE>188</ROI_SIZE>
		<MAX_VALUE>[0.11841744184494019, 0.1145915687084198, 0.11240208148956299, 0.09974905848503113, 0.09059925377368927, 0.07541102170944214]</MAX_VALUE>
		<MIN_VALUE>[0.10475034266710281, 0.09235084056854248, 0.07819976657629013, 0.05174136534333229, 0.041992321610450745, 0.02837132290005684]</MIN_VALUE>
		<SIGNATURE_THRESHOLD_MD>0.0</SIGNATURE_THRESHOLD_MD>
		<SIGNATURE_THRESHOLD_ML>0.0</SIGNATURE_THRESHOLD_ML>
		<SIGNATURE_THRESHOLD_SAM>0.0</SIGNATURE_THRESHOLD_SAM>
	</signature>
	<signature ID="20211229_120209913005_937">
		<MACROCLASSID>1</MACROCLASSID>
		<MACROCLASSINFO>waterbody</MACROCLASSINFO>
		<CLASSID>4</CLASSID>
		<CLASSINFO>C 1</CLASSINFO>
		<VALUES>[0.1095133477191287, 0.003790967639989548, 0.0990451178330136, 0.0047833917455834506, 0.08734104049018047, 0.00826359323593199, 0.07302625735444346, 0.017981846517324485, 0.06137989047826744, 0.018628324771538647, 0.04651650718933955, 0.015979172867921092]</VALUES>
		<LCS_MIN>[0.10422025620937347, 0.09082973003387451, 0.07704739272594452, 0.045679911971092224, 0.03493982553482056, 0.026181818917393684]</LCS_MIN>
		<LCS_MAX>[0.12171321362257004, 0.11424586921930313, 0.11028170585632324, 0.11436110734939575, 0.10396673530340195, 0.08840974420309067]</LCS_MAX>
		<WAVELENGTH>[0.48, 0.56, 0.655, 0.865, 1.61, 2.2]</WAVELENGTH>
		<MEAN_VALUE>[0.1095133477191287, 0.0990451178330136, 0.08734104049018047, 0.07302625735444346, 0.06137989047826744, 0.04651650718933955]</MEAN_VALUE>
		<CHECKBOX>2</CHECKBOX>
		<SD>[0.003790967639989548, 0.0047833917455834506, 0.00826359323593199, 0.017981846517324485, 0.018628324771538647, 0.015979172867921092]</SD>
		<WAVELENGTH_UNIT>E-6m</WAVELENGTH_UNIT>
		<COLOR>#43b673</COLOR>
		<COVARIANCE_MATRIX>[[1.4485494830296375e-05, 1.5355999494204298e-05, 2.8081796699552797e-05, 5.357462214305997e-05, 6.026847768225707e-05, 5.3562416724162176e-05], [1.5355999494204298e-05, 2.3062430045683868e-05, 3.723401459865272e-05, 6.481628224719316e-05, 7.324040052480996e-05, 6.557863525813445e-05], [2.8081796699552797e-05, 3.723401459865272e-05, 6.882893649162725e-05, 0.00012759423407260329, 0.00013990570732858032, 0.00012111787509638816], [5.357462214305997e-05, 6.481628224719316e-05, 0.00012759423407260329, 0.0003259130462538451, 0.0003248536086175591, 0.0002595168771222234], [6.026847768225707e-05, 7.324040052480996e-05, 0.00013990570732858032, 0.0003248536086175591, 0.00034976855386048555, 0.0002911353367380798], [5.3562416724162176e-05, 6.557863525813445e-05, 0.00012111787509638816, 0.0002595168771222234, 0.0002911353367380798, 0.0002573604288045317]]</COVARIANCE_MATRIX>
		<ROI_SIZE>127</ROI_SIZE>
		<MAX_VALUE>[0.12171321362257004, 0.11424586921930313, 0.11028170585632324, 0.11436110734939575, 0.10396673530340195, 0.08840974420309067]</MAX_VALUE>
		<MIN_VALUE>[0.10422025620937347, 0.09082973003387451, 0.07704739272594452, 0.045679911971092224, 0.03493982553482056, 0.026181818917393684]</MIN_VALUE>
		<SIGNATURE_THRESHOLD_MD>0.0</SIGNATURE_THRESHOLD_MD>
		<SIGNATURE_THRESHOLD_ML>0.0</SIGNATURE_THRESHOLD_ML>
		<SIGNATURE_THRESHOLD_SAM>0.0</SIGNATURE_THRESHOLD_SAM>
	</signature>
	<signature ID="20211229_120217801712_435">
		<MACROCLASSID>1</MACROCLASSID>
		<MACROCLASSINFO>waterbody</MACROCLASSINFO>
		<CLASSID>5</CLASSID>
		<CLASSINFO>C 1</CLASSINFO>
		<VALUES>[0.10910297077621371, 0.0031363401400538917, 0.09814028977088528, 0.0045839042353148975, 0.08687823470419556, 0.007338986066767341, 0.07356342222069351, 0.01601968161716194, 0.05964012571256348, 0.014142782248607755, 0.042987419075896635, 0.011292683797648272]</VALUES>
		<LCS_MIN>[0.10417415201663971, 0.08877851068973541, 0.07614854723215103, 0.04856083169579506, 0.03673752397298813, 0.02463764324784279]</LCS_MIN>
		<LCS_MAX>[0.11929325014352798, 0.1103278174996376, 0.11115751415491104, 0.11726506799459457, 0.09652243554592133, 0.07630987465381622]</LCS_MAX>
		<WAVELENGTH>[0.48, 0.56, 0.655, 0.865, 1.61, 2.2]</WAVELENGTH>
		<MEAN_VALUE>[0.10910297077621371, 0.09814028977088528, 0.08687823470419556, 0.07356342222069351, 0.05964012571256348, 0.042987419075896635]</MEAN_VALUE>
		<CHECKBOX>2</CHECKBOX>
		<SD>[0.0031363401400538917, 0.0045839042353148975, 0.007338986066767341, 0.01601968161716194, 0.014142782248607755, 0.011292683797648272]</SD>
		<WAVELENGTH_UNIT>E-6m</WAVELENGTH_UNIT>
		<COLOR>#e42740</COLOR>
		<COVARIANCE_MATRIX>[[9.871388101601042e-06, 1.2121920008212328e-05, 1.996374521695543e-05, 3.561031917342916e-05, 3.335540532134473e-05, 2.8560965802171268e-05], [1.2121920008212328e-05, 2.1086425476823933e-05, 2.8509444746305235e-05, 4.3803378503071144e-05, 4.520354559645057e-05, 3.94223170587793e-05], [1.996374521695543e-05, 2.8509444746305235e-05, 5.405103729572147e-05, 9.486143972026184e-05, 8.128965419018641e-05, 6.72059177304618e-05], [3.561031917342916e-05, 4.3803378503071144e-05, 9.486143972026184e-05, 0.00025753703084774315, 0.00020329760445747524, 0.00014993800141382962], [3.335540532134473e-05, 4.520354559645057e-05, 8.128965419018641e-05, 0.00020329760445747524, 0.00020072507322765887, 0.0001541808305773884], [2.8560965802171268e-05, 3.94223170587793e-05, 6.72059177304618e-05, 0.00014993800141382962, 0.0001541808305773884, 0.00012797531962860376]]</COVARIANCE_MATRIX>
		<ROI_SIZE>284</ROI_SIZE>
		<MAX_VALUE>[0.11929325014352798, 0.1103278174996376, 0.11115751415491104, 0.11726506799459457, 0.09652243554592133, 0.07630987465381622]</MAX_VALUE>
		<MIN_VALUE>[0.10417415201663971, 0.08877851068973541, 0.07614854723215103, 0.04856083169579506, 0.03673752397298813, 0.02463764324784279]</MIN_VALUE>
		<SIGNATURE_THRESHOLD_MD>0.0</SIGNATURE_THRESHOLD_MD>
		<SIGNATURE_THRESHOLD_ML>0.0</SIGNATURE_THRESHOLD_ML>
		<SIGNATURE_THRESHOLD_SAM>0.0</SIGNATURE_THRESHOLD_SAM>
	</signature>
	<signature ID="20211229_120223880360_698">
		<MACROCLASSID>1</MACROCLASSID>
		<MACROCLASSINFO>waterbody</MACROCLASSINFO>
		<CLASSID>6</CLASSID>
		<CLASSINFO>C 1</CLASSINFO>
		<VALUES>[0.11255951312842308, 0.004849911963288142, 0.10248272024191821, 0.006249225359690033, 0.09284861579343869, 0.010489351332589065, 0.08476197864715158, 0.020102126707089784, 0.07074138812430493, 0.019930592696839295, 0.052886852244665106, 0.016501734462058545]</VALUES>
		<LCS_MIN>[0.1052112877368927, 0.09214343130588531, 0.07688606530427933, 0.05402306094765663, 0.03936492279171944, 0.03030729666352272]</LCS_MIN>
		<LCS_MAX>[0.12434060871601105, 0.12198977917432785, 0.11774907261133194, 0.1248476505279541, 0.11055827140808105, 0.09341103583574295]</LCS_MAX>
		<WAVELENGTH>[0.48, 0.56, 0.655, 0.865, 1.61, 2.2]</WAVELENGTH>
		<MEAN_VALUE>[0.11255951312842308, 0.10248272024191821, 0.09284861579343869, 0.08476197864715158, 0.07074138812430493, 0.052886852244665106]</MEAN_VALUE>
		<CHECKBOX>2</CHECKBOX>
		<SD>[0.004849911963288142, 0.006249225359690033, 0.010489351332589065, 0.020102126707089784, 0.019930592696839295, 0.016501734462058545]</SD>
		<WAVELENGTH_UNIT>E-6m</WAVELENGTH_UNIT>
		<COLOR>#afb2dd</COLOR>
		<COVARIANCE_MATRIX>[[2.383114224357996e-05, 2.8039703465765342e-05, 5.020932439947501e-05, 7.529034337494522e-05, 8.110552880680189e-05, 7.110526348697022e-05], [2.8039703465765342e-05, 3.95666720578447e-05, 6.167157698655501e-05, 9.628226689528674e-05, 0.00010555677727097645, 8.851056918501854e-05], [5.020932439947501e-05, 6.167157698655501e-05, 0.00011147421173518524, 0.00017667561769485474, 0.00019153226458001882, 0.0001637227542232722], [7.529034337494522e-05, 9.628226689528674e-05, 0.00017667561769485474, 0.0004094125470146537, 0.00037232256727293134, 0.0003024929028470069], [8.110552880680189e-05, 0.00010555677727097645, 0.00019153226458001882, 0.00037232256727293134, 0.0004024552181363106, 0.0003217797202523798], [7.110526348697022e-05, 8.851056918501854e-05, 0.0001637227542232722, 0.0003024929028470069, 0.0003217797202523798, 0.00027589022647589445]]</COVARIANCE_MATRIX>
		<ROI_SIZE>77</ROI_SIZE>
		<MAX_VALUE>[0.12434060871601105, 0.12198977917432785, 0.11774907261133194, 0.1248476505279541, 0.11055827140808105, 0.09341103583574295]</MAX_VALUE>
		<MIN_VALUE>[0.1052112877368927, 0.09214343130588531, 0.07688606530427933, 0.05402306094765663, 0.03936492279171944, 0.03030729666352272]</MIN_VALUE>
		<SIGNATURE_THRESHOLD_MD>0.0</SIGNATURE_THRESHOLD_MD>
		<SIGNATURE_THRESHOLD_ML>0.0</SIGNATURE_THRESHOLD_ML>
		<SIGNATURE_THRESHOLD_SAM>0.0</SIGNATURE_THRESHOLD_SAM>
	</signature>
	<signature ID="20211229_120229562182_818">
		<MACROCLASSID>1</MACROCLASSID>
		<MACROCLASSINFO>waterbody</MACROCLASSINFO>
		<CLASSID>7</CLASSID>
		<CLASSINFO>C 1</CLASSINFO>
		<VALUES>[0.10725616365151953, 0.0019319438223313243, 0.09516640648713094, 0.003024623123752711, 0.08337594485656726, 0.0047528805036712385, 0.06934675478249899, 0.011116404300515026, 0.05343410377926114, 0.009879896967100964, 0.03662557705899354, 0.007611676002469962]</VALUES>
		<LCS_MIN>[0.1040358692407608, 0.08737261593341827, 0.07665558904409409, 0.04964405298233032, 0.03636876493692398, 0.02454545721411705]</LCS_MIN>
		<LCS_MAX>[0.11694241315126419, 0.10728555172681808, 0.1016850396990776, 0.10435853898525238, 0.08751089870929718, 0.06474008411169052]</LCS_MAX>
		<WAVELENGTH>[0.48, 0.56, 0.655, 0.865, 1.61, 2.2]</WAVELENGTH>
		<MEAN_VALUE>[0.10725616365151953, 0.09516640648713094, 0.08337594485656726, 0.06934675478249899, 0.05343410377926114, 0.03662557705899354]</MEAN_VALUE>
		<CHECKBOX>2</CHECKBOX>
		<SD>[0.0019319438223313243, 0.003024623123752711, 0.0047528805036712385, 0.011116404300515026, 0.009879896967100964, 0.007611676002469962]</SD>
		<WAVELENGTH_UNIT>E-6m</WAVELENGTH_UNIT>
		<COLOR>#8a7d12</COLOR>
		<COVARIANCE_MATRIX>[[3.7454572066053515e-06, 4.553763574222103e-06, 8.129127309075557e-06, 1.186821646115277e-05, 1.2507203791756183e-05, 1.0716024007706437e-05], [4.553763574222103e-06, 9.180332199321128e-06, 1.1362030818418134e-05, 1.6095620594569482e-05, 1.699527638265863e-05, 1.4095884580456186e-05], [8.129127309075557e-06, 1.1362030818418134e-05, 2.266885894641746e-05, 3.5099536034977064e-05, 3.544773790054023e-05, 2.954149567813147e-05], [1.186821646115277e-05, 1.6095620594569482e-05, 3.5099536034977064e-05, 0.00012400651758071035, 9.906348714139313e-05, 7.194764475570992e-05], [1.2507203791756183e-05, 1.699527638265863e-05, 3.544773790054023e-05, 9.906348714139313e-05, 9.795366349862888e-05, 7.389749225694686e-05], [1.0716024007706437e-05, 1.4095884580456186e-05, 2.954149567813147e-05, 7.194764475570992e-05, 7.389749225694686e-05, 5.8140190958511084e-05]]</COVARIANCE_MATRIX>
		<ROI_SIZE>287</ROI_SIZE>
		<MAX_VALUE>[0.11694241315126419, 0.10728555172681808, 0.1016850396990776, 0.10435853898525238, 0.08751089870929718, 0.06474008411169052]</MAX_VALUE>
		<MIN_VALUE>[0.1040358692407608, 0.08737261593341827, 0.07665558904409409, 0.04964405298233032, 0.03636876493692398, 0.02454545721411705]</MIN_VALUE>
		<SIGNATURE_THRESHOLD_MD>0.0</SIGNATURE_THRESHOLD_MD>
		<SIGNATURE_THRESHOLD_ML>0.0</SIGNATURE_THRESHOLD_ML>
		<SIGNATURE_THRESHOLD_SAM>0.0</SIGNATURE_THRESHOLD_SAM>
	</signature>
	<signature ID="20211229_120236009044_805">
		<MACROCLASSID>1</MACROCLASSID>
		<MACROCLASSINFO>waterbody</MACROCLASSINFO>
		<CLASSID>8</CLASSID>
		<CLASSINFO>C 1</CLASSINFO>
		<VALUES>[0.10692060547678373, 0.0020705885845322828, 0.09468905893356902, 0.0028992441063559827, 0.08253006203019106, 0.004735250676427564, 0.07422168206261548, 0.011163571173822594, 0.05538686034472092, 0.009674735009767765, 0.03729647017367507, 0.007245808144396024]</VALUES>
		<LCS_MIN>[0.10339054465293884, 0.0888015553355217, 0.07448913156986237, 0.0504046194255352, 0.03682970255613327, 0.024476313963532448]</LCS_MIN>
		<LCS_MAX>[0.11542128026485443, 0.10428939014673233, 0.0989193543791771, 0.10449682176113129, 0.08930859714746475, 0.06480924040079117]</LCS_MAX>
		<WAVELENGTH>[0.48, 0.56, 0.655, 0.865, 1.61, 2.2]</WAVELENGTH>
		<MEAN_VALUE>[0.10692060547678373, 0.09468905893356902, 0.08253006203019106, 0.07422168206261548, 0.05538686034472092, 0.03729647017367507]</MEAN_VALUE>
		<CHECKBOX>2</CHECKBOX>
		<SD>[0.0020705885845322828, 0.0028992441063559827, 0.004735250676427564, 0.011163571173822594, 0.009674735009767765, 0.007245808144396024]</SD>
		<WAVELENGTH_UNIT>E-6m</WAVELENGTH_UNIT>
		<COLOR>#9c805b</COLOR>
		<COVARIANCE_MATRIX>[[4.306059054215439e-06, 4.884180270892102e-06, 8.110956514428835e-06, 1.1504504072945565e-05, 1.309070285060443e-05, 1.1273259588051587e-05], [4.884180270892102e-06, 8.442321814072784e-06, 1.1149378224217799e-05, 1.4213850590749644e-05, 1.8701350199989974e-05, 1.5159622307692189e-05], [8.110956514428835e-06, 1.1149378224217799e-05, 2.2520514903590083e-05, 3.263126563979313e-05, 3.474242112133652e-05, 2.7878857508767396e-05], [1.1504504072945565e-05, 1.4213850590749644e-05, 3.263126563979313e-05, 0.0001251695357495919, 9.423257870366797e-05, 6.536286673508584e-05], [1.309070285060443e-05, 1.8701350199989974e-05, 3.474242112133652e-05, 9.423257870366797e-05, 9.4009235908743e-05, 6.803173164371401e-05], [1.1273259588051587e-05, 1.5159622307692189e-05, 2.7878857508767396e-05, 6.536286673508584e-05, 6.803173164371401e-05, 5.273100032354705e-05]]</COVARIANCE_MATRIX>
		<ROI_SIZE>230</ROI_SIZE>
		<MAX_VALUE>[0.11542128026485443, 0.10428939014673233, 0.0989193543791771, 0.10449682176113129, 0.08930859714746475, 0.06480924040079117]</MAX_VALUE>
		<MIN_VALUE>[0.10339054465293884, 0.0888015553355217, 0.07448913156986237, 0.0504046194255352, 0.03682970255613327, 0.024476313963532448]</MIN_VALUE>
		<SIGNATURE_THRESHOLD_MD>0.0</SIGNATURE_THRESHOLD_MD>
		<SIGNATURE_THRESHOLD_ML>0.0</SIGNATURE_THRESHOLD_ML>
		<SIGNATURE_THRESHOLD_SAM>0.0</SIGNATURE_THRESHOLD_SAM>
	</signature>
	<signature ID="20211229_120239670237_386">
		<MACROCLASSID>1</MACROCLASSID>
		<MACROCLASSINFO>waterbody</MACROCLASSINFO>
		<CLASSID>9</CLASSID>
		<CLASSINFO>C 1</CLASSINFO>
		<VALUES>[0.10758027519277957, 0.0026011652643078095, 0.09601275858329372, 0.0031080033870463423, 0.08381114066264786, 0.004700563378026187, 0.06993004957628991, 0.010918386985961731, 0.055544901040860406, 0.010252658696208821, 0.037992708211272506, 0.00851784733515655]</VALUES>
		<LCS_MIN>[0.10412806272506714, 0.08956211805343628, 0.07628683000802994, 0.05635084956884384, 0.04459667578339577, 0.029224075376987457]</LCS_MIN>
		<LCS_MAX>[0.11800259351730347, 0.10710117965936661, 0.09797441959381104, 0.10196160525083542, 0.08548273891210556, 0.06153649464249611]</LCS_MAX>
		<WAVELENGTH>[0.48, 0.56, 0.655, 0.865, 1.61, 2.2]</WAVELENGTH>
		<MEAN_VALUE>[0.10758027519277957, 0.09601275858329372, 0.08381114066264786, 0.06993004957628991, 0.055544901040860406, 0.037992708211272506]</MEAN_VALUE>
		<CHECKBOX>2</CHECKBOX>
		<SD>[0.0026011652643078095, 0.0031080033870463423, 0.004700563378026187, 0.010918386985961731, 0.010252658696208821, 0.00851784733515655]</SD>
		<WAVELENGTH_UNIT>E-6m</WAVELENGTH_UNIT>
		<COLOR>#89fe7c</COLOR>
		<COVARIANCE_MATRIX>[[6.801300514780451e-06, 6.258108896872727e-06, 9.359673640574329e-06, 1.6544601749046706e-05, 1.836980300140567e-05, 1.579464333190117e-05], [6.258108896872727e-06, 9.70999553828733e-06, 1.2425796739989892e-05, 1.7671247405814938e-05, 2.0030205632792786e-05, 1.8560243915999308e-05], [9.359673640574329e-06, 1.2425796739989892e-05, 2.221037539129611e-05, 3.6247336538508534e-05, 3.394168015802279e-05, 2.845426570274867e-05], [1.6544601749046706e-05, 1.7671247405814938e-05, 3.6247336538508534e-05, 0.00011983206786680967, 9.866349137155339e-05, 7.308006752282381e-05], [1.836980300140567e-05, 2.0030205632792786e-05, 3.394168015802279e-05, 9.866349137155339e-05, 0.00010566449782345444, 8.395779877901077e-05], [1.579464333190117e-05, 1.8560243915999308e-05, 2.845426570274867e-05, 7.308006752282381e-05, 8.395779877901077e-05, 7.293160888366401e-05]]</COVARIANCE_MATRIX>
		<ROI_SIZE>193</ROI_SIZE>
		<MAX_VALUE>[0.11800259351730347, 0.10710117965936661, 0.09797441959381104, 0.10196160525083542, 0.08548273891210556, 0.06153649464249611]</MAX_VALUE>
		<MIN_VALUE>[0.10412806272506714, 0.08956211805343628, 0.07628683000802994, 0.05635084956884384, 0.04459667578339577, 0.029224075376987457]</MIN_VALUE>
		<SIGNATURE_THRESHOLD_MD>0.0</SIGNATURE_THRESHOLD_MD>
		<SIGNATURE_THRESHOLD_ML>0.0</SIGNATURE_THRESHOLD_ML>
		<SIGNATURE_THRESHOLD_SAM>0.0</SIGNATURE_THRESHOLD_SAM>
	</signature>
	<signature ID="20211229_120244362768_163">
		<MACROCLASSID>1</MACROCLASSID>
		<MACROCLASSINFO>waterbody</MACROCLASSINFO>
		<CLASSID>10</CLASSID>
		<CLASSINFO>C 1</CLASSINFO>
		<VALUES>[0.10951606237462591, 0.00367925604739948, 0.09852979477349809, 0.004669002587483105, 0.08847260659004189, 0.008676731568307988, 0.07753692368988871, 0.01776088337054227, 0.06433825685896656, 0.01696127164803063, 0.04541246580903406, 0.013895522473967999]</VALUES>
		<LCS_MIN>[0.10401282459497452, 0.08859413862228394, 0.07515750080347061, 0.047869399189949036, 0.04524200037121773, 0.03079129569232464]</LCS_MIN>
		<LCS_MAX>[0.1247093677520752, 0.11850963532924652, 0.12106788158416748, 0.12450195103883743, 0.11069657653570175, 0.08758004754781723]</LCS_MAX>
		<WAVELENGTH>[0.48, 0.56, 0.655, 0.865, 1.61, 2.2]</WAVELENGTH>
		<MEAN_VALUE>[0.10951606237462591, 0.09852979477349809, 0.08847260659004189, 0.07753692368988871, 0.06433825685896656, 0.04541246580903406]</MEAN_VALUE>
		<CHECKBOX>2</CHECKBOX>
		<SD>[0.00367925604739948, 0.004669002587483105, 0.008676731568307988, 0.01776088337054227, 0.01696127164803063, 0.013895522473967999]</SD>
		<WAVELENGTH_UNIT>E-6m</WAVELENGTH_UNIT>
		<COLOR>#7ba44c</COLOR>
		<COVARIANCE_MATRIX>[[1.3625402061734349e-05, 1.537124080641661e-05, 2.9795228329021484e-05, 5.3653235227102414e-05, 5.3016916353954e-05, 4.348372749518603e-05], [1.537124080641661e-05, 2.194206535932608e-05, 3.4960685297846794e-05, 6.343027780530974e-05, 6.403830775525421e-05, 5.365947072277777e-05], [2.9795228329021484e-05, 3.4960685297846794e-05, 7.577773067168891e-05, 0.0001297908165724948, 0.00012361865083221346, 0.00010172669863095507], [5.3653235227102414e-05, 6.343027780530974e-05, 0.0001297908165724948, 0.0003175107412971556, 0.0002711989509407431, 0.0002198453585151583], [5.3016916353954e-05, 6.403830775525421e-05, 0.00012361865083221346, 0.0002711989509407431, 0.0002895650395657867, 0.00022953345614951104], [4.348372749518603e-05, 5.365947072277777e-05, 0.00010172669863095507, 0.0002198453585151583, 0.00022953345614951104, 0.00019434753630775958]]</COVARIANCE_MATRIX>
		<ROI_SIZE>154</ROI_SIZE>
		<MAX_VALUE>[0.1247093677520752, 0.11850963532924652, 0.12106788158416748, 0.12450195103883743, 0.11069657653570175, 0.08758004754781723]</MAX_VALUE>
		<MIN_VALUE>[0.10401282459497452, 0.08859413862228394, 0.07515750080347061, 0.047869399189949036, 0.04524200037121773, 0.03079129569232464]</MIN_VALUE>
		<SIGNATURE_THRESHOLD_MD>0.0</SIGNATURE_THRESHOLD_MD>
		<SIGNATURE_THRESHOLD_ML>0.0</SIGNATURE_THRESHOLD_ML>
		<SIGNATURE_THRESHOLD_SAM>0.0</SIGNATURE_THRESHOLD_SAM>
	</signature>
	<signature ID="20211229_120258244149_595">
		<MACROCLASSID>1</MACROCLASSID>
		<MACROCLASSINFO>waterbody</MACROCLASSINFO>
		<CLASSID>11</CLASSID>
		<CLASSINFO>C 1</CLASSINFO>
		<VALUES>[0.13717299732177157, 0.005046551582733735, 0.1403638917034951, 0.007127386611499877, 0.16129759321178214, 0.008610591037678155, 0.1995609320592189, 0.012721899637156813, 0.18758764841418338, 0.01607080838054596, 0.144507075889387, 0.012285807779458901]</VALUES>
		<LCS_MIN>[0.11996161937713623, 0.11505252122879028, 0.1298259049654007, 0.17340850830078125, 0.14969271421432495, 0.11906276643276215]</LCS_MIN>
		<LCS_MAX>[0.1478719711303711, 0.16239182651042938, 0.18548531830310822, 0.22118572890758514, 0.2178899496793747, 0.16725483536720276]</LCS_MAX>
		<WAVELENGTH>[0.48, 0.56, 0.655, 0.865, 1.61, 2.2]</WAVELENGTH>
		<MEAN_VALUE>[0.13717299732177157, 0.1403638917034951, 0.16129759321178214, 0.1995609320592189, 0.18758764841418338, 0.144507075889387]</MEAN_VALUE>
		<CHECKBOX>2</CHECKBOX>
		<SD>[0.005046551582733735, 0.007127386611499877, 0.008610591037678155, 0.012721899637156813, 0.01607080838054596, 0.012285807779458901]</SD>
		<WAVELENGTH_UNIT>E-6m</WAVELENGTH_UNIT>
		<COLOR>#070697</COLOR>
		<COVARIANCE_MATRIX>[[2.5842207833193243e-05, 3.4177493944298476e-05, 3.757695958483964e-05, -3.7263930607878137e-06, -2.816587311826879e-06, 1.5410174455610104e-05], [3.4177493944298476e-05, 5.1546692702686414e-05, 5.930947372689843e-05, 7.959840331750456e-06, 1.8798280507326126e-05, 3.880463555105962e-05], [3.757695958483964e-05, 5.930947372689843e-05, 7.523260865127668e-05, 3.362293864483945e-05, 5.750746640842408e-05, 6.977529847063124e-05], [-3.7263930607878137e-06, 7.959840331750456e-06, 3.362293864483945e-05, 0.00016422683256678283, 0.00018417743558529764, 0.0001165643916465342], [-2.816587311826879e-06, 1.8798280507326126e-05, 5.750746640842408e-05, 0.00018417743558529764, 0.00026206899201497436, 0.00018366008589509875], [1.5410174455610104e-05, 3.880463555105962e-05, 6.977529847063124e-05, 0.0001165643916465342, 0.00018366008589509875, 0.0001531607995275408]]</COVARIANCE_MATRIX>
		<ROI_SIZE>69</ROI_SIZE>
		<MAX_VALUE>[0.1478719711303711, 0.16239182651042938, 0.18548531830310822, 0.22118572890758514, 0.2178899496793747, 0.16725483536720276]</MAX_VALUE>
		<MIN_VALUE>[0.11996161937713623, 0.11505252122879028, 0.1298259049654007, 0.17340850830078125, 0.14969271421432495, 0.11906276643276215]</MIN_VALUE>
		<SIGNATURE_THRESHOLD_MD>0.0</SIGNATURE_THRESHOLD_MD>
		<SIGNATURE_THRESHOLD_ML>0.0</SIGNATURE_THRESHOLD_ML>
		<SIGNATURE_THRESHOLD_SAM>0.0</SIGNATURE_THRESHOLD_SAM>
	</signature>
	<signature ID="20211229_120308073299_956">
		<MACROCLASSID>1</MACROCLASSID>
		<MACROCLASSINFO>waterbody</MACROCLASSINFO>
		<CLASSID>12</CLASSID>
		<CLASSINFO>C 1</CLASSINFO>
		<VALUES>[0.12942313109753562, 0.006924598748090921, 0.12616891670422473, 0.010190211291927018, 0.1408062714045165, 0.01380652808018208, 0.18638455110495206, 0.02093976879539729, 0.18334418486376272, 0.02552363152479751, 0.1376895856906156, 0.02075103593808056]</VALUES>
		<LCS_MIN>[0.11613574624061584, 0.10539567470550537, 0.11021257191896439, 0.1437465101480484, 0.130402073264122, 0.09707556664943695]</LCS_MIN>
		<LCS_MAX>[0.14588992297649384, 0.14923180639743805, 0.17119593918323517, 0.22224591672420502, 0.23886308073997498, 0.18751348555088043]</LCS_MAX>
		<WAVELENGTH>[0.48, 0.56, 0.655, 0.865, 1.61, 2.2]</WAVELENGTH>
		<MEAN_VALUE>[0.12942313109753562, 0.12616891670422473, 0.1408062714045165, 0.18638455110495206, 0.18334418486376272, 0.1376895856906156]</MEAN_VALUE>
		<CHECKBOX>2</CHECKBOX>
		<SD>[0.006924598748090921, 0.010190211291927018, 0.01380652808018208, 0.02093976879539729, 0.02552363152479751, 0.02075103593808056]</SD>
		<WAVELENGTH_UNIT>E-6m</WAVELENGTH_UNIT>
		<COLOR>#a98e72</COLOR>
		<COVARIANCE_MATRIX>[[4.874923615716398e-05, 6.569062679773197e-05, 8.710465772310272e-05, 9.082836913876235e-05, 8.278778113890439e-05, 8.26974501251243e-05], [6.569062679773197e-05, 0.00010557108180364594, 0.0001375294232275337, 0.00014738774916622788, 0.00014012759493198246, 0.0001426774833817035], [8.710465772310272e-05, 0.0001375294232275337, 0.00019379722652956843, 0.00021589917014352977, 0.00022920365154277533, 0.0002157904818886891], [9.082836913876235e-05, 0.00014738774916622788, 0.00021589917014352977, 0.00044578182860277593, 0.00043541769264265895, 0.00032317190198227763], [8.278778113890439e-05, 0.00014012759493198246, 0.00022920365154277533, 0.00043541769264265895, 0.0006623133667744696, 0.0005076915840618312], [8.26974501251243e-05, 0.0001426774833817035, 0.0002157904818886891, 0.00032317190198227763, 0.0005076915840618312, 0.00043778226245194674]]</COVARIANCE_MATRIX>
		<ROI_SIZE>61</ROI_SIZE>
		<MAX_VALUE>[0.14588992297649384, 0.14923180639743805, 0.17119593918323517, 0.22224591672420502, 0.23886308073997498, 0.18751348555088043]</MAX_VALUE>
		<MIN_VALUE>[0.11613574624061584, 0.10539567470550537, 0.11021257191896439, 0.1437465101480484, 0.130402073264122, 0.09707556664943695]</MIN_VALUE>
		<SIGNATURE_THRESHOLD_MD>0.0</SIGNATURE_THRESHOLD_MD>
		<SIGNATURE_THRESHOLD_ML>0.0</SIGNATURE_THRESHOLD_ML>
		<SIGNATURE_THRESHOLD_SAM>0.0</SIGNATURE_THRESHOLD_SAM>
	</signature>
	<signature ID="20211229_120315185093_526">
		<MACROCLASSID>1</MACROCLASSID>
		<MACROCLASSINFO>waterbody</MACROCLASSINFO>
		<CLASSID>13</CLASSID>
		<CLASSINFO>C 1</CLASSINFO>
		<VALUES>[0.12559808135032657, 0.006702392494950027, 0.11917800515890122, 0.009403758341447386, 0.13028223216533663, 0.014093193624572611, 0.1646836778521538, 0.022603066480674935, 0.17573167145252225, 0.027401896436682262, 0.13019834220409396, 0.021205430004235595]</VALUES>
		<LCS_MIN>[0.11353138834238052, 0.09965687990188599, 0.10009477287530899, 0.11479900032281876, 0.1200077086687088, 0.08776441961526871]</LCS_MIN>
		<LCS_MAX>[0.1434699445962906, 0.1434468924999237, 0.16216135025024414, 0.19894500076770782, 0.21851220726966858, 0.16402822732925415]</LCS_MAX>
		<WAVELENGTH>[0.48, 0.56, 0.655, 0.865, 1.61, 2.2]</WAVELENGTH>
		<MEAN_VALUE>[0.12559808135032657, 0.11917800515890122, 0.13028223216533663, 0.1646836778521538, 0.17573167145252225, 0.13019834220409396]</MEAN_VALUE>
		<CHECKBOX>2</CHECKBOX>
		<SD>[0.006702392494950027, 0.009403758341447386, 0.014093193624572611, 0.022603066480674935, 0.027401896436682262, 0.021205430004235595]</SD>
		<WAVELENGTH_UNIT>E-6m</WAVELENGTH_UNIT>
		<COLOR>#d77ed3</COLOR>
		<COVARIANCE_MATRIX>[[4.6793818910373375e-05, 6.488161307061091e-05, 9.29545858525671e-05, 0.00011879880185006186, 0.00012694329780060798, 0.0001146814611274749], [6.488161307061091e-05, 9.21152823138982e-05, 0.00013408453378360718, 0.0001782388862920925, 0.00019290046475362033, 0.00016972057346720248], [9.29545858525671e-05, 0.00013408453378360718, 0.00020689386292360723, 0.00030100971343927085, 0.000341024249792099, 0.0002827616408467293], [0.00011879880185006186, 0.0001782388862920925, 0.00030100971343927085, 0.0005321860662661493, 0.0006263827672228217, 0.000477780238725245], [0.00012694329780060798, 0.00019290046475362033, 0.000341024249792099, 0.0006263827672228217, 0.0007821499020792544, 0.0005872194305993617], [0.0001146814611274749, 0.00016972057346720248, 0.0002827616408467293, 0.000477780238725245, 0.0005872194305993617, 0.0004684065352194011]]</COVARIANCE_MATRIX>
		<ROI_SIZE>25</ROI_SIZE>
		<MAX_VALUE>[0.1434699445962906, 0.1434468924999237, 0.16216135025024414, 0.19894500076770782, 0.21851220726966858, 0.16402822732925415]</MAX_VALUE>
		<MIN_VALUE>[0.11353138834238052, 0.09965687990188599, 0.10009477287530899, 0.11479900032281876, 0.1200077086687088, 0.08776441961526871]</MIN_VALUE>
		<SIGNATURE_THRESHOLD_MD>0.0</SIGNATURE_THRESHOLD_MD>
		<SIGNATURE_THRESHOLD_ML>0.0</SIGNATURE_THRESHOLD_ML>
		<SIGNATURE_THRESHOLD_SAM>0.0</SIGNATURE_THRESHOLD_SAM>
	</signature>
	<signature ID="20211229_120320545123_167">
		<MACROCLASSID>1</MACROCLASSID>
		<MACROCLASSINFO>waterbody</MACROCLASSINFO>
		<CLASSID>14</CLASSID>
		<CLASSINFO>C 1</CLASSINFO>
		<VALUES>[0.12549778632819655, 0.007509597168468855, 0.11732749175280334, 0.00969310326505896, 0.1251271084571878, 0.014200150062790448, 0.17029805760830644, 0.02650992844292688, 0.16535439807921648, 0.027109489842974302, 0.11869688828786214, 0.018841435109272615]</VALUES>
		<LCS_MIN>[0.1121024489402771, 0.09841231256723404, 0.0981818363070488, 0.11754163354635239, 0.1159052848815918, 0.07550321519374847]</LCS_MIN>
		<LCS_MAX>[0.13955187797546387, 0.133628711104393, 0.1531268060207367, 0.21067610383033752, 0.20800262689590454, 0.15948787331581116]</LCS_MAX>
		<WAVELENGTH>[0.48, 0.56, 0.655, 0.865, 1.61, 2.2]</WAVELENGTH>
		<MEAN_VALUE>[0.12549778632819655, 0.11732749175280334, 0.1251271084571878, 0.17029805760830644, 0.16535439807921648, 0.11869688828786214]</MEAN_VALUE>
		<CHECKBOX>2</CHECKBOX>
		<SD>[0.007509597168468855, 0.00969310326505896, 0.014200150062790448, 0.02650992844292688, 0.027109489842974302, 0.018841435109272615]</SD>
		<WAVELENGTH_UNIT>E-6m</WAVELENGTH_UNIT>
		<COLOR>#64d002</COLOR>
		<COVARIANCE_MATRIX>[[5.884596612304449e-05, 7.388978701783344e-05, 0.0001037070614984259, 7.966816338011995e-05, 9.745194256538525e-05, 0.00010416604345664382], [7.388978701783344e-05, 9.804130240809172e-05, 0.00013513638987205923, 0.0001314314577030018, 0.00015755995991639793, 0.00015241056098602712], [0.0001037070614984259, 0.00013513638987205923, 0.00021041141008026898, 0.00022357542184181511, 0.00026968272868543863, 0.00022853609698358923], [7.966816338011995e-05, 0.0001314314577030018, 0.00022357542184181511, 0.0007333317771553993, 0.0006878255517221987, 0.0003853047383017838], [9.745194256538525e-05, 0.00015755995991639793, 0.00026968272868543863, 0.0006878255517221987, 0.0007668776670470834, 0.0004812062543351203], [0.00010416604345664382, 0.00015241056098602712, 0.00022853609698358923, 0.0003853047383017838, 0.0004812062543351203, 0.00037043445627205074]]</COVARIANCE_MATRIX>
		<ROI_SIZE>24</ROI_SIZE>
		<MAX_VALUE>[0.13955187797546387, 0.133628711104393, 0.1531268060207367, 0.21067610383033752, 0.20800262689590454, 0.15948787331581116]</MAX_VALUE>
		<MIN_VALUE>[0.1121024489402771, 0.09841231256723404, 0.0981818363070488, 0.11754163354635239, 0.1159052848815918, 0.07550321519374847]</MIN_VALUE>
		<SIGNATURE_THRESHOLD_MD>0.0</SIGNATURE_THRESHOLD_MD>
		<SIGNATURE_THRESHOLD_ML>0.0</SIGNATURE_THRESHOLD_ML>
		<SIGNATURE_THRESHOLD_SAM>0.0</SIGNATURE_THRESHOLD_SAM>
	</signature>
	<signature ID="20211229_120349664976_637">
		<MACROCLASSID>1</MACROCLASSID>
		<MACROCLASSINFO>waterbody</MACROCLASSINFO>
		<CLASSID>15</CLASSID>
		<CLASSINFO>C 1</CLASSINFO>
		<VALUES>[0.11116458471018847, 0.0032845855257440564, 0.10167853762767066, 0.004634926014303851, 0.08750793319538315, 0.008017819719665647, 0.0704638992944743, 0.015829642015713075, 0.06179016492575221, 0.015609322784981807, 0.04491509963398328, 0.013009229435691725]</VALUES>
		<LCS_MIN>[0.10728555172681808, 0.0918668583035469, 0.07594111561775208, 0.04814596474170685, 0.03641485422849655, 0.024361075833439827]</LCS_MIN>
		<LCS_MAX>[0.12678363919258118, 0.12136751413345337, 0.1183943971991539, 0.118256114423275, 0.10060181468725204, 0.07882203161716461]</LCS_MAX>
		<WAVELENGTH>[0.48, 0.56, 0.655, 0.865, 1.61, 2.2]</WAVELENGTH>
		<MEAN_VALUE>[0.11116458471018847, 0.10167853762767066, 0.08750793319538315, 0.0704638992944743, 0.06179016492575221, 0.04491509963398328]</MEAN_VALUE>
		<CHECKBOX>2</CHECKBOX>
		<SD>[0.0032845855257440564, 0.004634926014303851, 0.008017819719665647, 0.015829642015713075, 0.015609322784981807, 0.013009229435691725]</SD>
		<WAVELENGTH_UNIT>E-6m</WAVELENGTH_UNIT>
		<COLOR>#4d893a</COLOR>
		<COVARIANCE_MATRIX>[[1.0855097571038641e-05, 1.4271316103986464e-05, 2.4337217837455682e-05, 4.3023541365982965e-05, 4.536144115263596e-05, 3.853980524581857e-05], [1.4271316103986464e-05, 2.16151474887738e-05, 3.265324266976677e-05, 5.7003871916094795e-05, 6.290289456956089e-05, 5.459353269543499e-05], [2.4337217837455682e-05, 3.265324266976677e-05, 6.46822591079399e-05, 0.0001115825871238485, 0.00011090160114690661, 9.302137914346531e-05], [4.3023541365982965e-05, 5.7003871916094795e-05, 0.0001115825871238485, 0.0002521243295632303, 0.00023344082001131028, 0.00018326466670259833], [4.536144115263596e-05, 6.290289456956089e-05, 0.00011090160114690661, 0.00023344082001131028, 0.00024515498080290854, 0.0002007533039432019], [3.853980524581857e-05, 5.459353269543499e-05, 9.302137914346531e-05, 0.00018326466670259833, 0.0002007533039432019, 0.00017028473666869104]]</COVARIANCE_MATRIX>
		<ROI_SIZE>163</ROI_SIZE>
		<MAX_VALUE>[0.12678363919258118, 0.12136751413345337, 0.1183943971991539, 0.118256114423275, 0.10060181468725204, 0.07882203161716461]</MAX_VALUE>
		<MIN_VALUE>[0.10728555172681808, 0.0918668583035469, 0.07594111561775208, 0.04814596474170685, 0.03641485422849655, 0.024361075833439827]</MIN_VALUE>
		<SIGNATURE_THRESHOLD_MD>0.0</SIGNATURE_THRESHOLD_MD>
		<SIGNATURE_THRESHOLD_ML>0.0</SIGNATURE_THRESHOLD_ML>
		<SIGNATURE_THRESHOLD_SAM>0.0</SIGNATURE_THRESHOLD_SAM>
	</signature>
	<signature ID="20211229_120353129234_133">
		<MACROCLASSID>1</MACROCLASSID>
		<MACROCLASSINFO>waterbody</MACROCLASSINFO>
		<CLASSID>16</CLASSID>
		<CLASSINFO>C 1</CLASSINFO>
		<VALUES>[0.1113598188040433, 0.002776738574182734, 0.1019351476872409, 0.003655837356564607, 0.0885719357541314, 0.006808960981091417, 0.06844730281995404, 0.012093564358121782, 0.06103756989317912, 0.012358890198020792, 0.04571148870443857, 0.010936619231577014]</VALUES>
		<LCS_MIN>[0.10611013323068619, 0.09424073994159698, 0.0750192180275917, 0.04662485048174858, 0.040609490126371384, 0.02876312844455242]</LCS_MIN>
