<?xml version="1.0" ?>
<signaturelist MCID_LIST="[['1', 'waterbody', '#000000'], ['2', 'vegetation', '#000000'], ['3', 'bareland', '#000000'], ['4', 'built-up', '#000000']]">
	<signature ID="20211229_120004904710_959">
		<MACROCLASSID>1</MACROCLASSID>
		<MACROCLASSINFO>waterbody</MACROCLASSINFO>
		<CLASSID>1</CLASSID>
		<CLASSINFO>C 1</CLASSINFO>
		<VALUES>[0.11344249855194774, 0.003057828194014876, 0.10333358847669193, 0.0040100848916671235, 0.09160938443882123, 0.006509412798940553, 0.07305854713278158, 0.010684168899033798, 0.06520268251853331, 0.011729691501549688, 0.04962331269468579, 0.010801231328856836]</VALUES>
		<LCS_MIN>[0.1087375283241272, 0.09613063186407089, 0.08064277470111847, 0.05489885061979294, 0.04736235737800598, 0.03468630462884903]</LCS_MIN>
		<LCS_MAX>[0.12095264345407486, 0.11436110734939575, 0.10668633133172989, 0.09555443376302719, 0.08774137496948242, 0.07720872014760971]</LCS_MAX>
		<WAVELENGTH>[0.48, 0.56, 0.655, 0.865, 1.61, 2.2]</WAVELENGTH>
		<MEAN_VALUE>[0.11344249855194774, 0.10333358847669193, 0.09160938443882123, 0.07305854713278158, 0.06520268251853331, 0.04962331269468579]</MEAN_VALUE>
		<CHECKBOX>2</CHECKBOX>
		<SD>[0.003057828194014876, 0.0040100848916671235, 0.006509412798940553, 0.010684168899033798, 0.011729691501549688, 0.010801231328856836]</SD>
		<WAVELENGTH_UNIT>E-6m</WAVELENGTH_UNIT>
		<COLOR>#871b7e</COLOR>
		<COVARIANCE_MATRIX>[[9.485825050548704e-06, 9.856672601250036e-06, 1.7792827201761694e-05, 2.9670966944594993e-05, 3.301133633518275e-05, 2.9682422292983244e-05], [9.856672601250036e-06, 1.6313835633135998e-05, 2.354338320966667e-05, 3.284286525703434e-05, 3.5193437614105414e-05, 3.4813241238603516e-05], [1.7792827201761694e-05, 2.354338320966667e-05, 4.298654853754743e-05, 6.578258520417314e-05, 6.554043250143998e-05, 5.755247894246287e-05], [2.9670966944594993e-05, 3.284286525703434e-05, 6.578258520417314e-05, 0.00011580583412196642, 0.00011940510183788132, 9.938102261601406e-05], [3.301133633518275e-05, 3.5193437614105414e-05, 6.554043250143998e-05, 0.00011940510183788132, 0.00013957965783343315, 0.00012233476626261015], [2.9682422292983244e-05, 3.4813241238603516e-05, 5.755247894246287e-05, 9.938102261601406e-05, 0.00012233476626261015, 0.00011835741848352877]]</COVARIANCE_MATRIX>
		<ROI_SIZE>70</ROI_SIZE>
		<MAX_VALUE>[0.12095264345407486, 0.11436110734939575, 0.10668633133172989, 0.09555443376302719, 0.08774137496948242, 0.07720872014760971]</MAX_VALUE>
		<MIN_VALUE>[0.1087375283241272, 0.09613063186407089, 0.08064277470111847, 0.05489885061979294, 0.04736235737800598, 0.03468630462884903]</MIN_VALUE>
		<SIGNATURE_THRESHOLD_MD>0</SIGNATURE_THRESHOLD_MD>
		<SIGNATURE_THRESHOLD_ML>0</SIGNATURE_THRESHOLD_ML>
		<SIGNATURE_THRESHOLD_SAM>0</SIGNATURE_THRESHOLD_SAM>
	</signature>
	<signature ID="20211229_120158624184_502">
		<MACROCLASSID>1</MACROCLASSID>
		<MACROCLASSINFO>waterbody</MACROCLASSINFO>
		<CLASSID>2</CLASSID>
		<CLASSINFO>C 1</CLASSINFO>
		<VALUES>[0.11020632290234005, 0.002851936602357236, 0.09937686543848555, 0.004171628515674516, 0.08770168719150251, 0.006108384606123026, 0.06884783602367009, 0.011582066965536422, 0.05610544633562282, 0.011443425378095517, 0.040673232274287846, 0.009794107990976728]</VALUES>
		<LCS_MIN>[0.10581052303314209, 0.08986172825098038, 0.07764661312103271, 0.05222536250948906, 0.03915749117732048, 0.027633801102638245]</LCS_MIN>
		<LCS_MAX>[0.12109092622995377, 0.11625098437070847, 0.10746993869543076, 0.09725993871688843, 0.08522921800613403, 0.07087069004774094]</LCS_MAX>
		<WAVELENGTH>[0.48, 0.56, 0.655, 0.865, 1.61, 2.2]</WAVELENGTH>
		<MEAN_VALUE>[0.11020632290234005, 0.09937686543848555, 0.08770168719150251, 0.06884783602367009, 0.05610544633562282, 0.040673232274287846]</MEAN_VALUE>
		<CHECKBOX>2</CHECKBOX>
		<SD>[0.002851936602357236, 0.004171628515674516, 0.006108384606123026, 0.011582066965536422, 0.011443425378095517, 0.009794107990976728]</SD>
		<WAVELENGTH_UNIT>E-6m</WAVELENGTH_UNIT>
		<COLOR>#68e7a7</COLOR>
		<COVARIANCE_MATRIX>[[8.161207494014192e-06, 9.523808301099923e-06, 1.5860961106842133e-05, 2.3760243839914595e-05, 2.5292245834712953e-05, 2.1072318309409664e-05], [9.523808301099923e-06, 1.746167659684587e-05, 1.9990335393514417e-05, 2.547719814296926e-05, 3.067541801761848e-05, 2.8257431138705748e-05], [1.5860961106842133e-05, 1.9990335393514417e-05, 3.743927529392726e-05, 5.269800320576523e-05, 5.350494118390247e-05, 4.34935281544846e-05], [2.3760243839914595e-05, 2.547719814296926e-05, 5.269800320576523e-05, 0.0001346005482390481, 0.00011978734041421427, 9.548438228040119e-05], [2.5292245834712953e-05, 3.067541801761848e-05, 5.350494118390247e-05, 0.00011978734041421427, 0.0001313973992969114, 0.00010583800500314129], [2.1072318309409664e-05, 2.8257431138705748e-05, 4.34935281544846e-05, 9.548438228040119e-05, 0.00010583800500314129, 9.625082532306012e-05]]</COVARIANCE_MATRIX>
		<ROI_SIZE>295</ROI_SIZE>
		<MAX_VALUE>[0.12109092622995377, 0.11625098437070847, 0.10746993869543076, 0.09725993871688843, 0.08522921800613403, 0.07087069004774094]</MAX_VALUE>
		<MIN_VALUE>[0.10581052303314209, 0.08986172825098038, 0.07764661312103271, 0.05222536250948906, 0.03915749117732048, 0.027633801102638245]</MIN_VALUE>
		<SIGNATURE_THRESHOLD_MD>0</SIGNATURE_THRESHOLD_MD>
		<SIGNATURE_THRESHOLD_ML>0</SIGNATURE_THRESHOLD_ML>
		<SIGNATURE_THRESHOLD_SAM>0</SIGNATURE_THRESHOLD_SAM>
	</signature>
	<signature ID="20211229_120205864365_260">
		<MACROCLASSID>1</MACROCLASSID>
		<MACROCLASSINFO>waterbody</MACROCLASSINFO>
		<CLASSID>3</CLASSID>
		<CLASSINFO>C 1</CLASSINFO>
		<VALUES>[0.1089338106598626, 0.0028100994962654575, 0.09832772485753316, 0.0037880242094444645, 0.08794794425843877, 0.006583027782865718, 0.06839886119470322, 0.012683849184963776, 0.05553462217621348, 0.012414272232256905, 0.04031256210811913, 0.010995000024545674]</VALUES>
		<LCS_MIN>[0.10475034266710281, 0.09235084056854248, 0.07819976657629013, 0.05174136534333229, 0.041992321610450745, 0.02837132290005684]</LCS_MIN>
		<LCS_MAX>[0.11841744184494019, 0.1145915687084198, 0.11240208148956299, 0.09974905848503113, 0.09059925377368927, 0.07541102170944214]</LCS_MAX>
		<WAVELENGTH>[0.48, 0.56, 0.655, 0.865, 1.61, 2.2]</WAVELENGTH>
		<MEAN_VALUE>[0.1089338106598626, 0.09832772485753316, 0.08794794425843877, 0.06839886119470322, 0.05553462217621348, 0.04031256210811913]</MEAN_VALUE>
		<CHECKBOX>2</CHECKBOX>
		<SD>[0.0028100994962654575, 0.0037880242094444645, 0.006583027782865718, 0.012683849184963776, 0.012414272232256905, 0.010995000024545674]</SD>
		<WAVELENGTH_UNIT>E-6m</WAVELENGTH_UNIT>
		<COLOR>#270edd</COLOR>
		<COVARIANCE_MATRIX>[[7.93888730286279e-06, 8.887085874366411e-06, 1.5864761800418397e-05, 2.835177699928992e-05, 3.047476138535718e-05, 2.7483239716479723e-05], [8.887085874366411e-06, 1.442586071300225e-05, 2.3554848080705484e-05, 3.854170378396818e-05, 3.99931670942375e-05, 3.660802717854642e-05], [1.5864761800418397e-05, 2.3554848080705484e-05, 4.3567999468003204e-05, 7.203767140833972e-05, 7.00729097657052e-05, 6.0882984971348e-05], [2.835177699928992e-05, 3.854170378396818e-05, 7.203767140833972e-05, 0.00016174035116373465, 0.00014673425672637728, 0.00011987394913461369], [3.047476138535718e-05, 3.99931670942375e-05, 7.00729097657052e-05, 0.00014673425672637728, 0.0001549382949231976, 0.0001322625233534992], [2.7483239716479723e-05, 3.660802717854642e-05, 6.0882984971348e-05, 0.00011987394913461369, 0.0001322625233534992, 0.000121536496264571]]</COVARIANCE_MATRIX>
		<ROI_SIZE>188</ROI_SIZE>
		<MAX_VALUE>[0.11841744184494019, 0.1145915687084198, 0.11240208148956299, 0.09974905848503113, 0.09059925377368927, 0.07541102170944214]</MAX_VALUE>
		<MIN_VALUE>[0.10475034266710281, 0.09235084056854248, 0.07819976657629013, 0.05174136534333229, 0.041992321610450745, 0.02837132290005684]</MIN_VALUE>
		<SIGNATURE_THRESHOLD_MD>0</SIGNATURE_THRESHOLD_MD>
		<SIGNATURE_THRESHOLD_ML>0</SIGNATURE_THRESHOLD_ML>
		<SIGNATURE_THRESHOLD_SAM>0</SIGNATURE_THRESHOLD_SAM>
	</signature>
	<signature ID="20211229_120209913005_937">
		<MACROCLASSID>1</MACROCLASSID>
		<MACROCLASSINFO>waterbody</MACROCLASSINFO>
		<CLASSID>4</CLASSID>
		<CLASSINFO>C 1</CLASSINFO>
		<VALUES>[0.1095133477191287, 0.003790967639989548, 0.0990451178330136, 0.0047833917455834506, 0.08734104049018047, 0.00826359323593199, 0.07302625735444346, 0.017981846517324485, 0.06137989047826744, 0.018628324771538647, 0.04651650718933955, 0.015979172867921092]</VALUES>
		<LCS_MIN>[0.10422025620937347, 0.09082973003387451, 0.07704739272594452, 0.045679911971092224, 0.03493982553482056, 0.026181818917393684]</LCS_MIN>
		<LCS_MAX>[0.12171321362257004, 0.11424586921930313, 0.11028170585632324, 0.11436110734939575, 0.10396673530340195, 0.08840974420309067]</LCS_MAX>
		<WAVELENGTH>[0.48, 0.56, 0.655, 0.865, 1.61, 2.2]</WAVELENGTH>
		<MEAN_VALUE>[0.1095133477191287, 0.0990451178330136, 0.08734104049018047, 0.07302625735444346, 0.06137989047826744, 0.04651650718933955]</MEAN_VALUE>
		<CHECKBOX>2</CHECKBOX>
		<SD>[0.003790967639989548, 0.0047833917455834506, 0.00826359323593199, 0.017981846517324485, 0.018628324771538647, 0.015979172867921092]</SD>
		<WAVELENGTH_UNIT>E-6m</WAVELENGTH_UNIT>
		<COLOR>#43b673</COLOR>
		<COVARIANCE_MATRIX>[[1.4485494660522917e-05, 1.5355998943174478e-05, 2.8081796739626817e-05, 5.3574623738180604e-05, 6.026847690243862e-05, 5.3562415870291396e-05], [1.5355998943174478e-05, 2.3062430532919967e-05, 3.72340140930495e-05, 6.481628177982026e-05, 7.324039824512439e-05, 6.55786366537448e-05], [2.8081796739626817e-05, 3.72340140930495e-05, 6.882893327345637e-05, 0.0001275942341243537, 0.00013990570718911346, 0.00012111787658126363], [5.3574623738180604e-05, 6.481628177982026e-05, 0.0001275942341243537, 0.0003259130486501753, 0.00032485361015429916, 0.00025951688155198213], [6.026847690243862e-05, 7.324039824512439e-05, 0.00013990570718911346, 0.00032485361015429916, 0.00034976856699863405, 0.000291135330623672], [5.3562415870291396e-05, 6.55786366537448e-05, 0.00012111787658126363, 0.00025951688155198213, 0.000291135330623672, 0.000257360425586897]]</COVARIANCE_MATRIX>
		<ROI_SIZE>127</ROI_SIZE>
		<MAX_VALUE>[0.12171321362257004, 0.11424586921930313, 0.11028170585632324, 0.11436110734939575, 0.10396673530340195, 0.08840974420309067]</MAX_VALUE>
		<MIN_VALUE>[0.10422025620937347, 0.09082973003387451, 0.07704739272594452, 0.045679911971092224, 0.03493982553482056, 0.026181818917393684]</MIN_VALUE>
		<SIGNATURE_THRESHOLD_MD>0</SIGNATURE_THRESHOLD_MD>
		<SIGNATURE_THRESHOLD_ML>0</SIGNATURE_THRESHOLD_ML>
		<SIGNATURE_THRESHOLD_SAM>0</SIGNATURE_THRESHOLD_SAM>
	</signature>
	<signature ID="20211229_120217801712_435">
		<MACROCLASSID>1</MACROCLASSID>
		<MACROCLASSINFO>waterbody</MACROCLASSINFO>
		<CLASSID>5</CLASSID>
		<CLASSINFO>C 1</CLASSINFO>
		<VALUES>[0.10910297077621371, 0.0031363401400538917, 0.09814028977088528, 0.0045839042353148975, 0.08687823470419556, 0.007338986066767341, 0.07356342222069351, 0.01601968161716194, 0.05964012571256348, 0.014142782248607755, 0.042987419075896635, 0.011292683797648272]</VALUES>
		<LCS_MIN>[0.10417415201663971, 0.08877851068973541, 0.07614854723215103, 0.04856083169579506, 0.03673752397298813, 0.02463764324784279]</LCS_MIN>
		<LCS_MAX>[0.11929325014352798, 0.1103278174996376, 0.11115751415491104, 0.11726506799459457, 0.09652243554592133, 0.07630987465381622]</LCS_MAX>
		<WAVELENGTH>[0.48, 0.56, 0.655, 0.865, 1.61, 2.2]</WAVELENGTH>
		<MEAN_VALUE>[0.10910297077621371, 0.09814028977088528, 0.08687823470419556, 0.07356342222069351, 0.05964012571256348, 0.042987419075896635]</MEAN_VALUE>
		<CHECKBOX>2</CHECKBOX>
		<SD>[0.0031363401400538917, 0.0045839042353148975, 0.007338986066767341, 0.01601968161716194, 0.014142782248607755, 0.011292683797648272]</SD>
		<WAVELENGTH_UNIT>E-6m</WAVELENGTH_UNIT>
		<COLOR>#e42740</COLOR>
		<COVARIANCE_MATRIX>[[9.871387882149001e-06, 1.2121919754270085e-05, 1.9963746017453357e-05, 3.561031740555045e-05, 3.3355403940308314e-05, 2.8560966130579467e-05], [1.2121919754270085e-05, 2.1086426017472626e-05, 2.8509444516294085e-05, 4.380337728518925e-05, 4.520354688365946e-05, 3.942231532468727e-05], [1.9963746017453357e-05, 2.8509444516294085e-05, 5.405103704116705e-05, 9.486144030741196e-05, 8.128965670734578e-05, 6.720591520569503e-05], [3.561031740555045e-05, 4.380337728518925e-05, 9.486144030741196e-05, 0.00025753701960680924, 0.00020329761107029274, 0.0001499379954787275], [3.3355403940308314e-05, 4.520354688365946e-05, 8.128965670734578e-05, 0.00020329761107029274, 0.00020072506814047993, 0.00015418082958298905], [2.8560966130579467e-05, 3.942231532468727e-05, 6.720591520569503e-05, 0.0001499379954787275, 0.00015418082958298905, 0.00012797532469414018]]</COVARIANCE_MATRIX>
		<ROI_SIZE>284</ROI_SIZE>
		<MAX_VALUE>[0.11929325014352798, 0.1103278174996376, 0.11115751415491104, 0.11726506799459457, 0.09652243554592133, 0.07630987465381622]</MAX_VALUE>
		<MIN_VALUE>[0.10417415201663971, 0.08877851068973541, 0.07614854723215103, 0.04856083169579506, 0.03673752397298813, 0.02463764324784279]</MIN_VALUE>
		<SIGNATURE_THRESHOLD_MD>0</SIGNATURE_THRESHOLD_MD>
		<SIGNATURE_THRESHOLD_ML>0</SIGNATURE_THRESHOLD_ML>
		<SIGNATURE_THRESHOLD_SAM>0</SIGNATURE_THRESHOLD_SAM>
	</signature>
	<signature ID="20211229_120223880360_698">
		<MACROCLASSID>1</MACROCLASSID>
		<MACROCLASSINFO>waterbody</MACROCLASSINFO>
		<CLASSID>6</CLASSID>
		<CLASSINFO>C 1</CLASSINFO>
		<VALUES>[0.11255951312842308, 0.004849911963288142, 0.10248272024191821, 0.006249225359690033, 0.09284861579343869, 0.010489351332589065, 0.08476197864715158, 0.020102126707089784, 0.07074138812430493, 0.019930592696839295, 0.052886852244665106, 0.016501734462058545]</VALUES>
		<LCS_MIN>[0.1052112877368927, 0.09214343130588531, 0.07688606530427933, 0.05402306094765663, 0.03936492279171944, 0.03030729666352272]</LCS_MIN>
		<LCS_MAX>[0.12434060871601105, 0.12198977917432785, 0.11774907261133194, 0.1248476505279541, 0.11055827140808105, 0.09341103583574295]</LCS_MAX>
		<WAVELENGTH>[0.48, 0.56, 0.655, 0.865, 1.61, 2.2]</WAVELENGTH>
		<MEAN_VALUE>[0.11255951312842308, 0.10248272024191821, 0.09284861579343869, 0.08476197864715158, 0.07074138812430493, 0.052886852244665106]</MEAN_VALUE>
		<CHECKBOX>2</CHECKBOX>
		<SD>[0.004849911963288142, 0.006249225359690033, 0.010489351332589065, 0.020102126707089784, 0.019930592696839295, 0.016501734462058545]</SD>
		<WAVELENGTH_UNIT>E-6m</WAVELENGTH_UNIT>
		<COLOR>#afb2dd</COLOR>
		<COVARIANCE_MATRIX>[[2.383114139443021e-05, 2.803970373796731e-05, 5.02093234236654e-05, 7.529034088432627e-05, 8.11055286340344e-05, 7.110526455089412e-05], [2.803970373796731e-05, 3.9566670459300824e-05, 6.167157736341336e-05, 9.628226541263207e-05, 0.00010555677765629245, 8.851057073325997e-05], [5.02093234236654e-05, 6.167157736341336e-05, 0.00011147420837031019, 0.00017667562132746213, 0.0001915322680802377, 0.00016372275195718466], [7.529034088432627e-05, 9.628226541263207e-05, 0.00017667562132746213, 0.0004094125441761543, 0.0003723225721889594, 0.00030249289140254533], [8.11055286340344e-05, 0.00010555677765629245, 0.0001915322680802377, 0.0003723225721889594, 0.0004024552163689789, 0.0003217797147389724], [7.110526455089412e-05, 8.851057073325997e-05, 0.00016372275195718466, 0.00030249289140254533, 0.0003217797147389724, 0.00027589023025966267]]</COVARIANCE_MATRIX>
		<ROI_SIZE>77</ROI_SIZE>
		<MAX_VALUE>[0.12434060871601105, 0.12198977917432785, 0.11774907261133194, 0.1248476505279541, 0.11055827140808105, 0.09341103583574295]</MAX_VALUE>
		<MIN_VALUE>[0.1052112877368927, 0.09214343130588531, 0.07688606530427933, 0.05402306094765663, 0.03936492279171944, 0.03030729666352272]</MIN_VALUE>
		<SIGNATURE_THRESHOLD_MD>0</SIGNATURE_THRESHOLD_MD>
		<SIGNATURE_THRESHOLD_ML>0</SIGNATURE_THRESHOLD_ML>
		<SIGNATURE_THRESHOLD_SAM>0</SIGNATURE_THRESHOLD_SAM>
	</signature>
	<signature ID="20211229_120229562182_818">
		<MACROCLASSID>1</MACROCLASSID>
		<MACROCLASSINFO>waterbody</MACROCLASSINFO>
		<CLASSID>7</CLASSID>
		<CLASSINFO>C 1</CLASSINFO>
		<VALUES>[0.10725616365151953, 0.0019319438223313243, 0.09516640648713094, 0.003024623123752711, 0.08337594485656726, 0.0047528805036712385, 0.06934675478249899, 0.011116404300515026, 0.05343410377926114, 0.009879896967100964, 0.03662557705899354, 0.007611676002469962]</VALUES>
		<LCS_MIN>[0.1040358692407608, 0.08737261593341827, 0.07665558904409409, 0.04964405298233032, 0.03636876493692398, 0.02454545721411705]</LCS_MIN>
		<LCS_MAX>[0.11694241315126419, 0.10728555172681808, 0.1016850396990776, 0.10435853898525238, 0.08751089870929718, 0.06474008411169052]</LCS_MAX>
		<WAVELENGTH>[0.48, 0.56, 0.655, 0.865, 1.61, 2.2]</WAVELENGTH>
		<MEAN_VALUE>[0.10725616365151953, 0.09516640648713094, 0.08337594485656726, 0.06934675478249899, 0.05343410377926114, 0.03662557705899354]</MEAN_VALUE>
		<CHECKBOX>2</CHECKBOX>
		<SD>[0.0019319438223313243, 0.003024623123752711, 0.0047528805036712385, 0.011116404300515026, 0.009879896967100964, 0.007611676002469962]</SD>
		<WAVELENGTH_UNIT>E-6m</WAVELENGTH_UNIT>
		<COLOR>#8a7d12</COLOR>
		<COVARIANCE_MATRIX>[[3.745457306534531e-06, 4.553763584844912e-06, 8.12912714627963e-06, 1.186821660569947e-05, 1.2507203416394496e-05, 1.0716024447950395e-05], [4.553763584844912e-06, 9.180332261161798e-06, 1.136203079265466e-05, 1.609562118594994e-05, 1.699527566800259e-05, 1.4095884368213152e-05], [8.12912714627963e-06, 1.136203079265466e-05, 2.266885865239555e-05, 3.509953499973123e-05, 3.544773689957387e-05, 2.9541494979145813e-05], [1.186821660569947e-05, 1.609562118594994e-05, 3.509953499973123e-05, 0.00012400652305003516, 9.906348356072977e-05, 7.194764434054902e-05], [1.2507203416394496e-05, 1.699527566800259e-05, 3.544773689957387e-05, 9.906348356072977e-05, 9.79536660528403e-05, 7.389749273119749e-05], [1.0716024447950395e-05, 1.4095884368213152e-05, 2.9541494979145813e-05, 7.194764434054902e-05, 7.389749273119749e-05, 5.8140190627998706e-05]]</COVARIANCE_MATRIX>
		<ROI_SIZE>287</ROI_SIZE>
		<MAX_VALUE>[0.11694241315126419, 0.10728555172681808, 0.1016850396990776, 0.10435853898525238, 0.08751089870929718, 0.06474008411169052]</MAX_VALUE>
		<MIN_VALUE>[0.1040358692407608, 0.08737261593341827, 0.07665558904409409, 0.04964405298233032, 0.03636876493692398, 0.02454545721411705]</MIN_VALUE>
		<SIGNATURE_THRESHOLD_MD>0</SIGNATURE_THRESHOLD_MD>
		<SIGNATURE_THRESHOLD_ML>0</SIGNATURE_THRESHOLD_ML>
		<SIGNATURE_THRESHOLD_SAM>0</SIGNATURE_THRESHOLD_SAM>
	</signature>
	<signature ID="20211229_120236009044_805">
		<MACROCLASSID>1</MACROCLASSID>
		<MACROCLASSINFO>waterbody</MACROCLASSINFO>
		<CLASSID>8</CLASSID>
		<CLASSINFO>C 1</CLASSINFO>
		<VALUES>[0.10692060547678373, 0.0020705885845322828, 0.09468905893356902, 0.0028992441063559827, 0.08253006203019106, 0.004735250676427564, 0.07422168206261548, 0.011163571173822594, 0.05538686034472092, 0.009674735009767765, 0.03729647017367507, 0.007245808144396024]</VALUES>
		<LCS_MIN>[0.10339054465293884, 0.0888015553355217, 0.07448913156986237, 0.0504046194255352, 0.03682970255613327, 0.024476313963532448]</LCS_MIN>
		<LCS_MAX>[0.11542128026485443, 0.10428939014673233, 0.0989193543791771, 0.10449682176113129, 0.08930859714746475, 0.06480924040079117]</LCS_MAX>
		<WAVELENGTH>[0.48, 0.56, 0.655, 0.865, 1.61, 2.2]</WAVELENGTH>
		<MEAN_VALUE>[0.10692060547678373, 0.09468905893356902, 0.08253006203019106, 0.07422168206261548, 0.05538686034472092, 0.03729647017367507]</MEAN_VALUE>
		<CHECKBOX>2</CHECKBOX>
		<SD>[0.0020705885845322828, 0.0028992441063559827, 0.004735250676427564, 0.011163571173822594, 0.009674735009767765, 0.007245808144396024]</SD>
		<WAVELENGTH_UNIT>E-6m</WAVELENGTH_UNIT>
		<COLOR>#9c805b</COLOR>
		<COVARIANCE_MATRIX>[[4.30605908240586e-06, 4.884180359479667e-06, 8.11095693821857e-06, 1.1504504506015098e-05, 1.309070264819631e-05, 1.1273259624279432e-05], [4.884180359479667e-06, 8.442322136660146e-06, 1.114937852813039e-05, 1.4213850913984933e-05, 1.8701350923861777e-05, 1.5159622066936489e-05], [8.11095693821857e-06, 1.114937852813039e-05, 2.252051424794664e-05, 3.2631266364074304e-05, 3.474241980223886e-05, 2.7878857971037128e-05], [1.1504504506015098e-05, 1.4213850913984933e-05, 3.2631266364074304e-05, 0.00012516953673008999, 9.423257911930819e-05, 6.536286450101909e-05], [1.309070264819631e-05, 1.8701350923861777e-05, 3.474241980223886e-05, 9.423257911930819e-05, 9.400923330620963e-05, 6.803173188454245e-05], [1.1273259624279432e-05, 1.5159622066936489e-05, 2.7878857971037128e-05, 6.536286450101909e-05, 6.803173188454245e-05, 5.2731000886642004e-05]]</COVARIANCE_MATRIX>
		<ROI_SIZE>230</ROI_SIZE>
		<MAX_VALUE>[0.11542128026485443, 0.10428939014673233, 0.0989193543791771, 0.10449682176113129, 0.08930859714746475, 0.06480924040079117]</MAX_VALUE>
		<MIN_VALUE>[0.10339054465293884, 0.0888015553355217, 0.07448913156986237, 0.0504046194255352, 0.03682970255613327, 0.024476313963532448]</MIN_VALUE>
		<SIGNATURE_THRESHOLD_MD>0</SIGNATURE_THRESHOLD_MD>
		<SIGNATURE_THRESHOLD_ML>0</SIGNATURE_THRESHOLD_ML>
		<SIGNATURE_THRESHOLD_SAM>0</SIGNATURE_THRESHOLD_SAM>
	</signature>
	<signature ID="20211229_120239670237_386">
		<MACROCLASSID>1</MACROCLASSID>
		<MACROCLASSINFO>waterbody</MACROCLASSINFO>
		<CLASSID>9</CLASSID>
		<CLASSINFO>C 1</CLASSINFO>
		<VALUES>[0.10758027519277957, 0.0026011652643078095, 0.09601275858329372, 0.0031080033870463423, 0.08381114066264786, 0.004700563378026187, 0.06993004957628991, 0.010918386985961731, 0.055544901040860406, 0.010252658696208821, 0.037992708211272506, 0.00851784733515655]</VALUES>
		<LCS_MIN>[0.10412806272506714, 0.08956211805343628, 0.07628683000802994, 0.05635084956884384, 0.04459667578339577, 0.029224075376987457]</LCS_MIN>
		<LCS_MAX>[0.11800259351730347, 0.10710117965936661, 0.09797441959381104, 0.10196160525083542, 0.08548273891210556, 0.06153649464249611]</LCS_MAX>
		<WAVELENGTH>[0.48, 0.56, 0.655, 0.865, 1.61, 2.2]</WAVELENGTH>
		<MEAN_VALUE>[0.10758027519277957, 0.09601275858329372, 0.08381114066264786, 0.06993004957628991, 0.055544901040860406, 0.037992708211272506]</MEAN_VALUE>
		<CHECKBOX>2</CHECKBOX>
		<SD>[0.0026011652643078095, 0.0031080033870463423, 0.004700563378026187, 0.010918386985961731, 0.010252658696208821, 0.00851784733515655]</SD>
		<WAVELENGTH_UNIT>E-6m</WAVELENGTH_UNIT>
		<COLOR>#89fe7c</COLOR>
		<COVARIANCE_MATRIX>[[6.801300631888594e-06, 6.258109001944363e-06, 9.35967359287829e-06, 1.654460144715937e-05, 1.836980212442049e-05, 1.5794644106998676e-05], [6.258109001944363e-06, 9.709995913547258e-06, 1.2425796928366194e-05, 1.767124710935004e-05, 2.0030204882592794e-05, 1.8560244025173168e-05], [9.35967359287829e-06, 1.2425796928366194e-05, 2.2210375737876596e-05, 3.624733588966965e-05, 3.394168194540674e-05, 2.8454265372045108e-05], [1.654460144715937e-05, 1.767124710935004e-05, 3.624733588966965e-05, 0.00011983206590842283, 9.866349479485553e-05, 7.308006464782718e-05], [1.836980212442049e-05, 2.0030204882592794e-05, 3.394168194540674e-05, 9.866349479485553e-05, 0.00010566449476980554, 8.3957799544375e-05], [1.5794644106998676e-05, 1.8560244025173168e-05, 2.8454265372045108e-05, 7.308006464782718e-05, 8.3957799544375e-05, 7.293160720016395e-05]]</COVARIANCE_MATRIX>
		<ROI_SIZE>193</ROI_SIZE>
		<MAX_VALUE>[0.11800259351730347, 0.10710117965936661, 0.09797441959381104, 0.10196160525083542, 0.08548273891210556, 0.06153649464249611]</MAX_VALUE>
		<MIN_VALUE>[0.10412806272506714, 0.08956211805343628, 0.07628683000802994, 0.05635084956884384, 0.04459667578339577, 0.029224075376987457]</MIN_VALUE>
		<SIGNATURE_THRESHOLD_MD>0</SIGNATURE_THRESHOLD_MD>
		<SIGNATURE_THRESHOLD_ML>0</SIGNATURE_THRESHOLD_ML>
		<SIGNATURE_THRESHOLD_SAM>0</SIGNATURE_THRESHOLD_SAM>
	</signature>
	<signature ID="20211229_120244362768_163">
		<MACROCLASSID>1</MACROCLASSID>
		<MACROCLASSINFO>waterbody</MACROCLASSINFO>
		<CLASSID>10</CLASSID>
		<CLASSINFO>C 1</CLASSINFO>
		<VALUES>[0.10951606237462591, 0.00367925604739948, 0.09852979477349809, 0.004669002587483105, 0.08847260659004189, 0.008676731568307988, 0.07753692368988871, 0.01776088337054227, 0.06433825685896656, 0.01696127164803063, 0.04541246580903406, 0.013895522473967999]</VALUES>
		<LCS_MIN>[0.10401282459497452, 0.08859413862228394, 0.07515750080347061, 0.047869399189949036, 0.04524200037121773, 0.03079129569232464]</LCS_MIN>
		<LCS_MAX>[0.1247093677520752, 0.11850963532924652, 0.12106788158416748, 0.12450195103883743, 0.11069657653570175, 0.08758004754781723]</LCS_MAX>
		<WAVELENGTH>[0.48, 0.56, 0.655, 0.865, 1.61, 2.2]</WAVELENGTH>
		<MEAN_VALUE>[0.10951606237462591, 0.09852979477349809, 0.08847260659004189, 0.07753692368988871, 0.06433825685896656, 0.04541246580903406]</MEAN_VALUE>
		<CHECKBOX>2</CHECKBOX>
		<SD>[0.00367925604739948, 0.004669002587483105, 0.008676731568307988, 0.01776088337054227, 0.01696127164803063, 0.013895522473967999]</SD>
		<WAVELENGTH_UNIT>E-6m</WAVELENGTH_UNIT>
		<COLOR>#7ba44c</COLOR>
		<COVARIANCE_MATRIX>[[1.3625401696719947e-05, 1.5371240578975394e-05, 2.979522848071253e-05, 5.365323397047704e-05, 5.301691565857389e-05, 4.348372637525134e-05], [1.5371240578975394e-05, 2.1942066110694604e-05, 3.496068666701539e-05, 6.343027805888087e-05, 6.403830681996451e-05, 5.365947049894973e-05], [2.979522848071253e-05, 3.496068666701539e-05, 7.577773391571728e-05, 0.00012979081523668178, 0.0001236186475756917, 0.00010172669631521394], [5.365323397047704e-05, 6.343027805888087e-05, 0.00012979081523668178, 0.0003175107361288154, 0.00027119894802815256, 0.00021984535447878322], [5.301691565857389e-05, 6.403830681996451e-05, 0.0001236186475756917, 0.00027119894802815256, 0.0002895650283099105, 0.00022953345244215392], [4.348372637525134e-05, 5.365947049894973e-05, 0.00010172669631521394, 0.00021984535447878322, 0.00022953345244215392, 0.0001943475418495468]]</COVARIANCE_MATRIX>
		<ROI_SIZE>154</ROI_SIZE>
		<MAX_VALUE>[0.1247093677520752, 0.11850963532924652, 0.12106788158416748, 0.12450195103883743, 0.11069657653570175, 0.08758004754781723]</MAX_VALUE>
		<MIN_VALUE>[0.10401282459497452, 0.08859413862228394, 0.07515750080347061, 0.047869399189949036, 0.04524200037121773, 0.03079129569232464]</MIN_VALUE>
		<SIGNATURE_THRESHOLD_MD>0</SIGNATURE_THRESHOLD_MD>
		<SIGNATURE_THRESHOLD_ML>0</SIGNATURE_THRESHOLD_ML>
		<SIGNATURE_THRESHOLD_SAM>0</SIGNATURE_THRESHOLD_SAM>
	</signature>
	<signature ID="20211229_120258244149_595">
		<MACROCLASSID>1</MACROCLASSID>
		<MACROCLASSINFO>waterbody</MACROCLASSINFO>
		<CLASSID>11</CLASSID>
		<CLASSINFO>C 1</CLASSINFO>
		<VALUES>[0.13717299732177157, 0.005046551582733735, 0.1403638917034951, 0.007127386611499877, 0.16129759321178214, 0.008610591037678155, 0.1995609320592189, 0.012721899637156813, 0.18758764841418338, 0.01607080838054596, 0.144507075889387, 0.012285807779458901]</VALUES>
		<LCS_MIN>[0.11996161937713623, 0.11505252122879028, 0.1298259049654007, 0.17340850830078125, 0.14969271421432495, 0.11906276643276215]</LCS_MIN>
		<LCS_MAX>[0.1478719711303711, 0.16239182651042938, 0.18548531830310822, 0.22118572890758514, 0.2178899496793747, 0.16725483536720276]</LCS_MAX>
		<WAVELENGTH>[0.48, 0.56, 0.655, 0.865, 1.61, 2.2]</WAVELENGTH>
		<MEAN_VALUE>[0.13717299732177157, 0.1403638917034951, 0.16129759321178214, 0.1995609320592189, 0.18758764841418338, 0.144507075889387]</MEAN_VALUE>
		<CHECKBOX>2</CHECKBOX>
		<SD>[0.005046551582733735, 0.007127386611499877, 0.008610591037678155, 0.012721899637156813, 0.01607080838054596, 0.012285807779458901]</SD>
		<WAVELENGTH_UNIT>E-6m</WAVELENGTH_UNIT>
		<COLOR>#070697</COLOR>
		<COVARIANCE_MATRIX>[[2.5842207625386323e-05, 3.417749324932505e-05, 3.7576959596451705e-05, -3.7263931282752472e-06, -2.8165873533491487e-06, 1.541017420875183e-05], [3.417749324932505e-05, 5.154669343787279e-05, 5.930947325476493e-05, 7.959840371869067e-06, 1.8798280933463415e-05, 3.880463518985521e-05], [3.7576959596451705e-05, 5.930947325476493e-05, 7.52326056360573e-05, 3.3622938259420174e-05, 5.750746761611244e-05, 6.977530110433675e-05], [-3.7263931282752472e-06, 7.959840371869067e-06, 3.3622938259420174e-05, 0.000164226829354036, 0.00018417743322536004, 0.00011656438873200034], [-2.8165873533491487e-06, 1.8798280933463415e-05, 5.750746761611244e-05, 0.00018417743322536004, 0.000262068983210171, 0.00018366009112634458], [1.541017420875183e-05, 3.880463518985521e-05, 6.977530110433675e-05, 0.00011656438873200034, 0.00018366009112634458, 0.00015316079445254528]]</COVARIANCE_MATRIX>
		<ROI_SIZE>69</ROI_SIZE>
		<MAX_VALUE>[0.1478719711303711, 0.16239182651042938, 0.18548531830310822, 0.22118572890758514, 0.2178899496793747, 0.16725483536720276]</MAX_VALUE>
		<MIN_VALUE>[0.11996161937713623, 0.11505252122879028, 0.1298259049654007, 0.17340850830078125, 0.14969271421432495, 0.11906276643276215]</MIN_VALUE>
		<SIGNATURE_THRESHOLD_MD>0</SIGNATURE_THRESHOLD_MD>
		<SIGNATURE_THRESHOLD_ML>0</SIGNATURE_THRESHOLD_ML>
		<SIGNATURE_THRESHOLD_SAM>0</SIGNATURE_THRESHOLD_SAM>
	</signature>
	<signature ID="20211229_120308073299_956">
		<MACROCLASSID>1</MACROCLASSID>
		<MACROCLASSINFO>waterbody</MACROCLASSINFO>
		<CLASSID>12</CLASSID>
		<CLASSINFO>C 1</CLASSINFO>
		<VALUES>[0.12942313109753562, 0.006924598748090921, 0.12616891670422473, 0.010190211291927018, 0.1408062714045165, 0.01380652808018208, 0.18638455110495206, 0.02093976879539729, 0.18334418486376272, 0.02552363152479751, 0.1376895856906156, 0.02075103593808056]</VALUES>
		<LCS_MIN>[0.11613574624061584, 0.10539567470550537, 0.11021257191896439, 0.1437465101480484, 0.130402073264122, 0.09707556664943695]</LCS_MIN>
		<LCS_MAX>[0.14588992297649384, 0.14923180639743805, 0.17119593918323517, 0.22224591672420502, 0.23886308073997498, 0.18751348555088043]</LCS_MAX>
		<WAVELENGTH>[0.48, 0.56, 0.655, 0.865, 1.61, 2.2]</WAVELENGTH>
		<MEAN_VALUE>[0.12942313109753562, 0.12616891670422473, 0.1408062714045165, 0.18638455110495206, 0.18334418486376272, 0.1376895856906156]</MEAN_VALUE>
		<CHECKBOX>2</CHECKBOX>
		<SD>[0.006924598748090921, 0.010190211291927018, 0.01380652808018208, 0.02093976879539729, 0.02552363152479751, 0.02075103593808056]</SD>
		<WAVELENGTH_UNIT>E-6m</WAVELENGTH_UNIT>
		<COLOR>#a98e72</COLOR>
		<COVARIANCE_MATRIX>[[4.874923561909676e-05, 6.569062860906755e-05, 8.710465712930553e-05, 9.082836710981274e-05, 8.27877806595031e-05, 8.269745080100552e-05], [6.569062860906755e-05, 0.00010557107961035203, 0.00013752942448522898, 0.00014738775286686706, 0.00014012760091430766, 0.00014267748196428488], [8.710465712930553e-05, 0.00013752942448522898, 0.00019379722125600384, 0.00021589917155157362, 0.0002292036506590039, 0.000215790480999711], [9.082836710981274e-05, 0.00014738775286686706, 0.00021589917155157362, 0.0004457818158247723, 0.0004354177003519661, 0.00032317188901573155], [8.27877806595031e-05, 0.00014012760091430766, 0.0002292036506590039, 0.0004354177003519661, 0.0006623133623171978, 0.0005076915689824966], [8.269745080100552e-05, 0.00014267748196428488, 0.000215790480999711, 0.00032317188901573155, 0.0005076915689824966, 0.00043778225071190263]]</COVARIANCE_MATRIX>
		<ROI_SIZE>61</ROI_SIZE>
		<MAX_VALUE>[0.14588992297649384, 0.14923180639743805, 0.17119593918323517, 0.22224591672420502, 0.23886308073997498, 0.18751348555088043]</MAX_VALUE>
		<MIN_VALUE>[0.11613574624061584, 0.10539567470550537, 0.11021257191896439, 0.1437465101480484, 0.130402073264122, 0.09707556664943695]</MIN_VALUE>
		<SIGNATURE_THRESHOLD_MD>0</SIGNATURE_THRESHOLD_MD>
		<SIGNATURE_THRESHOLD_ML>0</SIGNATURE_THRESHOLD_ML>
		<SIGNATURE_THRESHOLD_SAM>0</SIGNATURE_THRESHOLD_SAM>
	</signature>
	<signature ID="20211229_120315185093_526">
		<MACROCLASSID>1</MACROCLASSID>
		<MACROCLASSINFO>waterbody</MACROCLASSINFO>
		<CLASSID>13</CLASSID>
		<CLASSINFO>C 1</CLASSINFO>
		<VALUES>[0.12559808135032657, 0.006702392494950027, 0.11917800515890122, 0.009403758341447386, 0.13028223216533663, 0.014093193624572611, 0.1646836778521538, 0.022603066480674935, 0.17573167145252225, 0.027401896436682262, 0.13019834220409396, 0.021205430004235595]</VALUES>
		<LCS_MIN>[0.11353138834238052, 0.09965687990188599, 0.10009477287530899, 0.11479900032281876, 0.1200077086687088, 0.08776441961526871]</LCS_MIN>
		<LCS_MAX>[0.1434699445962906, 0.1434468924999237, 0.16216135025024414, 0.19894500076770782, 0.21851220726966858, 0.16402822732925415]</LCS_MAX>
		<WAVELENGTH>[0.48, 0.56, 0.655, 0.865, 1.61, 2.2]</WAVELENGTH>
		<MEAN_VALUE>[0.12559808135032657, 0.11917800515890122, 0.13028223216533663, 0.1646836778521538, 0.17573167145252225, 0.13019834220409396]</MEAN_VALUE>
		<CHECKBOX>2</CHECKBOX>
		<SD>[0.006702392494950027, 0.009403758341447386, 0.014093193624572611, 0.022603066480674935, 0.027401896436682262, 0.021205430004235595]</SD>
		<WAVELENGTH_UNIT>E-6m</WAVELENGTH_UNIT>
		<COLOR>#d77ed3</COLOR>
		<COVARIANCE_MATRIX>[[4.679381787121071e-05, 6.48816134366e-05, 9.295458311083065e-05, 0.00011879880303871468, 0.00012694330037911242, 0.0001146814608854693], [6.48816134366e-05, 9.211528223368885e-05, 0.0001340845300966296, 0.00017823887925528354, 0.0001929004610457822, 0.00016972057190583714], [9.295458311083065e-05, 0.0001340845300966296, 0.00020689386097884812, 0.00030100970665102175, 0.00034102425188716303, 0.000282761643946552], [0.00011879880303871468, 0.00017823887925528354, 0.00030100970665102175, 0.0005321860565935528, 0.000626382793507418, 0.0004777802442093805], [0.00012694330037911242, 0.0001929004610457822, 0.00034102425188716303, 0.000626382793507418, 0.0007821499253402713, 0.0005872194052336323], [0.0001146814608854693, 0.00016972057190583714, 0.000282761643946552, 0.0004777802442093805, 0.0005872194052336323, 0.0004684065225672242]]</COVARIANCE_MATRIX>
		<ROI_SIZE>25</ROI_SIZE>
		<MAX_VALUE>[0.1434699445962906, 0.1434468924999237, 0.16216135025024414, 0.19894500076770782, 0.21851220726966858, 0.16402822732925415]</MAX_VALUE>
		<MIN_VALUE>[0.11353138834238052, 0.09965687990188599, 0.10009477287530899, 0.11479900032281876, 0.1200077086687088, 0.08776441961526871]</MIN_VALUE>
		<SIGNATURE_THRESHOLD_MD>0</SIGNATURE_THRESHOLD_MD>
		<SIGNATURE_THRESHOLD_ML>0</SIGNATURE_THRESHOLD_ML>
		<SIGNATURE_THRESHOLD_SAM>0</SIGNATURE_THRESHOLD_SAM>
	</signature>
	<signature ID="20211229_120320545123_167">
		<MACROCLASSID>1</MACROCLASSID>
		<MACROCLASSINFO>waterbody</MACROCLASSINFO>
		<CLASSID>14</CLASSID>
		<CLASSINFO>C 1</CLASSINFO>
		<VALUES>[0.12549778632819655, 0.007509597168468855, 0.11732749175280334, 0.00969310326505896, 0.1251271084571878, 0.014200150062790448, 0.17029805760830644, 0.02650992844292688, 0.16535439807921648, 0.027109489842974302, 0.11869688828786214, 0.018841435109272615]</VALUES>
		<LCS_MIN>[0.1121024489402771, 0.09841231256723404, 0.0981818363070488, 0.11754163354635239, 0.1159052848815918, 0.07550321519374847]</LCS_MIN>
		<LCS_MAX>[0.13955187797546387, 0.133628711104393, 0.1531268060207367, 0.21067610383033752, 0.20800262689590454, 0.15948787331581116]</LCS_MAX>
		<WAVELENGTH>[0.48, 0.56, 0.655, 0.865, 1.61, 2.2]</WAVELENGTH>
		<MEAN_VALUE>[0.12549778632819655, 0.11732749175280334, 0.1251271084571878, 0.17029805760830644, 0.16535439807921648, 0.11869688828786214]</MEAN_VALUE>
		<CHECKBOX>2</CHECKBOX>
		<SD>[0.007509597168468855, 0.00969310326505896, 0.014200150062790448, 0.02650992844292688, 0.027109489842974302, 0.018841435109272615]</SD>
		<WAVELENGTH_UNIT>E-6m</WAVELENGTH_UNIT>
		<COLOR>#64d002</COLOR>
		<COVARIANCE_MATRIX>[[5.884596483409607e-05, 7.388978632148045e-05, 0.00010370706351602278, 7.966816061253488e-05, 9.745194134939115e-05, 0.00010416604210499795], [7.388978632148045e-05, 9.804130529436175e-05, 0.00013513639627174228, 0.00013143145613518496, 0.00015755995885661614, 0.0001524105619710725], [0.00010370706351602278, 0.00013513639627174228, 0.00021041140362340965, 0.00022357542089649677, 0.000269682723350124, 0.00022853609315705035], [7.966816061253488e-05, 0.00013143145613518496, 0.00022357542089649677, 0.0007333317976164558, 0.0006878255754987485, 0.00038530474543379374], [9.745194134939115e-05, 0.00015755995885661614, 0.000269682723350124, 0.0006878255754987485, 0.0007668776760483411, 0.00048120626544881964], [0.00010416604210499795, 0.0001524105619710725, 0.00022853609315705035, 0.00038530474543379374, 0.00048120626544881964, 0.000370434445541145]]</COVARIANCE_MATRIX>
		<ROI_SIZE>24</ROI_SIZE>
		<MAX_VALUE>[0.13955187797546387, 0.133628711104393, 0.1531268060207367, 0.21067610383033752, 0.20800262689590454, 0.15948787331581116]</MAX_VALUE>
		<MIN_VALUE>[0.1121024489402771, 0.09841231256723404, 0.0981818363070488, 0.11754163354635239, 0.1159052848815918, 0.07550321519374847]</MIN_VALUE>
		<SIGNATURE_THRESHOLD_MD>0</SIGNATURE_THRESHOLD_MD>
		<SIGNATURE_THRESHOLD_ML>0</SIGNATURE_THRESHOLD_ML>
		<SIGNATURE_THRESHOLD_SAM>0</SIGNATURE_THRESHOLD_SAM>
	</signature>
	<signature ID="20211229_120349664976_637">
		<MACROCLASSID>1</MACROCLASSID>
		<MACROCLASSINFO>waterbody</MACROCLASSINFO>
		<CLASSID>15</CLASSID>
		<CLASSINFO>C 1</CLASSINFO>
		<VALUES>[0.11116458471018847, 0.0032845855257440564, 0.10167853762767066, 0.004634926014303851, 0.08750793319538315, 0.008017819719665647, 0.0704638992944743, 0.015829642015713075, 0.06179016492575221, 0.015609322784981807, 0.04491509963398328, 0.013009229435691725]</VALUES>
		<LCS_MIN>[0.10728555172681808, 0.0918668583035469, 0.07594111561775208, 0.04814596474170685, 0.03641485422849655, 0.024361075833439827]</LCS_MIN>
		<LCS_MAX>[0.12678363919258118, 0.12136751413345337, 0.1183943971991539, 0.118256114423275, 0.10060181468725204, 0.07882203161716461]</LCS_MAX>
		<WAVELENGTH>[0.48, 0.56, 0.655, 0.865, 1.61, 2.2]</WAVELENGTH>
		<MEAN_VALUE>[0.11116458471018847, 0.10167853762767066, 0.08750793319538315, 0.0704638992944743, 0.06179016492575221, 0.04491509963398328]</MEAN_VALUE>
		<CHECKBOX>2</CHECKBOX>
		<SD>[0.0032845855257440564, 0.004634926014303851, 0.008017819719665647, 0.015829642015713075, 0.015609322784981807, 0.013009229435691725]</SD>
		<WAVELENGTH_UNIT>E-6m</WAVELENGTH_UNIT>
		<COLOR>#4d893a</COLOR>
		<COVARIANCE_MATRIX>[[1.0855097767754056e-05, 1.4271316546580061e-05, 2.43372176024338e-05, 4.30235418530443e-05, 4.536143989917704e-05, 3.853980680895138e-05], [1.4271316546580061e-05, 2.1615147424478406e-05, 3.2653243194747795e-05, 5.700387279900139e-05, 6.290289294480125e-05, 5.4593531536793717e-05], [2.43372176024338e-05, 3.2653243194747795e-05, 6.46822567179052e-05, 0.00011158258714609694, 0.00011090160058221863, 9.302138236793064e-05], [4.30235418530443e-05, 5.700387279900139e-05, 0.00011158258714609694, 0.0002521243414465275, 0.00023344081918915053, 0.00018326465946612183], [4.536143989917704e-05, 6.290289294480125e-05, 0.00011090160058221863, 0.00023344081918915053, 0.0002451549760638125, 0.0002007533081478113], [3.853980680895138e-05, 5.4593531536793717e-05, 9.302138236793064e-05, 0.00018326465946612183, 0.0002007533081478113, 0.00017028474218028577]]</COVARIANCE_MATRIX>
		<ROI_SIZE>163</ROI_SIZE>
		<MAX_VALUE>[0.12678363919258118, 0.12136751413345337, 0.1183943971991539, 0.118256114423275, 0.10060181468725204, 0.07882203161716461]</MAX_VALUE>
		<MIN_VALUE>[0.10728555172681808, 0.0918668583035469, 0.07594111561775208, 0.04814596474170685, 0.03641485422849655, 0.024361075833439827]</MIN_VALUE>
		<SIGNATURE_THRESHOLD_MD>0</SIGNATURE_THRESHOLD_MD>
		<SIGNATURE_THRESHOLD_ML>0</SIGNATURE_THRESHOLD_ML>
		<SIGNATURE_THRESHOLD_SAM>0</SIGNATURE_THRESHOLD_SAM>
	</signature>
	<signature ID="20211229_120353129234_133">
		<MACROCLASSID>1</MACROCLASSID>
		<MACROCLASSINFO>waterbody</MACROCLASSINFO>
		<CLASSID>16</CLASSID>
		<CLASSINFO>C 1</CLASSINFO>
		<VALUES>[0.1113598188040433, 0.002776738574182734, 0.1019351476872409, 0.003655837356564607, 0.0885719357541314, 0.006808960981091417, 0.06844730281995404, 0.012093564358121782, 0.06103756989317912, 0.012358890198020792, 0.04571148870443857, 0.010936619231577014]</VALUES>
		<LCS_MIN>[0.10611013323068619, 0.09424073994159698, 0.0750192180275917, 0.04662485048174858, 0.040609490126371384, 0.02876312844455242]</LCS_MIN>
		<LCS_MAX>[0.11954677104949951, 0.11141103506088257, 0.10562615096569061, 0.09721384942531586, 0.09297312796115875, 0.07485789060592651]</LCS_MAX>
		<WAVELENGTH>[0.48, 0.56, 0.655, 0.865, 1.61, 2.2]</WAVELENGTH>
