<?xml version="1.0" ?>
<signaturelist MCID_LIST="[['1', 'waterbody', '#000000'], ['2', 'vegetation', '#000000'], ['3', 'bareland', '#000000'], ['4', 'build-up', '#000000']]">
	<signature ID="20210202_123718601688_311">
		<MACROCLASSID>1</MACROCLASSID>
		<MACROCLASSINFO>waterbody</MACROCLASSINFO>
		<CLASSID>1</CLASSID>
		<CLASSINFO>C 1</CLASSINFO>
		<VALUES>[0.12217684476894047, 0.0020591252467499054, 0.09260997386389376, 0.002692628874716555, 0.06541753288820129, 0.0036981425803333497, 0.08611916668207874, 0.008267385626397353, 0.024692240941308473, 0.009772763230069445, 0.01238793294494993, 0.007615033500281753]</VALUES>
		<LCS_MIN>[0.11635680496692657, 0.0846203863620758, 0.058985911309719086, 0.07521097362041473, 0.011763126589357853, 0.0]</LCS_MIN>
		<LCS_MAX>[0.12984447181224823, 0.10574120283126831, 0.0856906920671463, 0.12343194335699081, 0.06430231779813766, 0.05388476327061653]</LCS_MAX>
		<WAVELENGTH>[0.485, 0.56, 0.66, 0.83, 1.65, 2.215]</WAVELENGTH>
		<MEAN_VALUE>[0.12217684476894047, 0.09260997386389376, 0.06541753288820129, 0.08611916668207874, 0.024692240941308473, 0.01238793294494993]</MEAN_VALUE>
		<CHECKBOX>2</CHECKBOX>
		<SD>[0.0020591252467499054, 0.002692628874716555, 0.0036981425803333497, 0.008267385626397353, 0.009772763230069445, 0.007615033500281753]</SD>
		<WAVELENGTH_UNIT>E-6m</WAVELENGTH_UNIT>
		<COLOR>#937494</COLOR>
		<COVARIANCE_MATRIX>[[4.410751605555014e-06, 1.438231516328909e-06, 2.2764279028487754e-06, 4.750156984279091e-06, 5.155231076533939e-06, 3.904011514165493e-06], [1.438231516328909e-06, 6.475154586768638e-06, 5.033928503264949e-06, 1.1002023041473418e-05, 1.2220965191581298e-05, 9.154777085788853e-06], [2.2764279028487754e-06, 5.033928503264949e-06, 1.232075945480975e-05, 1.943065706235878e-05, 2.35667226148782e-05, 1.7194582735335933e-05], [4.750156984279091e-06, 1.1002023041473418e-05, 1.943065706235878e-05, 6.3459293514876e-05, 5.702767348336729e-05, 3.9273527952502505e-05], [5.155231076533939e-06, 1.2220965191581298e-05, 2.35667226148782e-05, 5.702767348336729e-05, 8.795922930974763e-05, 6.040667194872179e-05], [3.904011514165493e-06, 9.154777085788853e-06, 1.7194582735335933e-05, 3.9273527952502505e-05, 6.040667194872179e-05, 5.445858377823873e-05]]</COVARIANCE_MATRIX>
		<ROI_SIZE>2688</ROI_SIZE>
		<MAX_VALUE>[0.12984447181224823, 0.10574120283126831, 0.0856906920671463, 0.12343194335699081, 0.06430231779813766, 0.05388476327061653]</MAX_VALUE>
		<MIN_VALUE>[0.11635680496692657, 0.0846203863620758, 0.058985911309719086, 0.07521097362041473, 0.011763126589357853, 0.0]</MIN_VALUE>
		<SIGNATURE_THRESHOLD_MD>0</SIGNATURE_THRESHOLD_MD>
		<SIGNATURE_THRESHOLD_ML>0</SIGNATURE_THRESHOLD_ML>
		<SIGNATURE_THRESHOLD_SAM>0</SIGNATURE_THRESHOLD_SAM>
	</signature>
	<signature ID="20210202_123801415265_504">
		<MACROCLASSID>1</MACROCLASSID>
		<MACROCLASSINFO>waterbody</MACROCLASSINFO>
		<CLASSID>2</CLASSID>
		<CLASSINFO>C 1</CLASSINFO>
		<VALUES>[0.12045524266509494, 0.007395954857456782, 0.08965297803490484, 0.008130707231878665, 0.06394628044430292, 0.007106640593494539, 0.10420373344678246, 0.016432385313626553, 0.03260566827254449, 0.011401717664549288, 0.015281226476524556, 0.00760955423623199]</VALUES>
		<LCS_MIN>[0.10118318349123001, 0.07053984701633453, 0.05008431524038315, 0.08262958377599716, 0.014151271432638168, 0.0024409093894064426]</LCS_MIN>
		<LCS_MAX>[0.13321638107299805, 0.10926134139299393, 0.0856906920671463, 0.1456877738237381, 0.07863117754459381, 0.060743946582078934]</LCS_MAX>
		<WAVELENGTH>[0.485, 0.56, 0.66, 0.83, 1.65, 2.215]</WAVELENGTH>
		<MEAN_VALUE>[0.12045524266509494, 0.08965297803490484, 0.06394628044430292, 0.10420373344678246, 0.03260566827254449, 0.015281226476524556]</MEAN_VALUE>
		<CHECKBOX>2</CHECKBOX>
		<SD>[0.007395954857456782, 0.008130707231878665, 0.007106640593494539, 0.016432385313626553, 0.011401717664549288, 0.00760955423623199]</SD>
		<WAVELENGTH_UNIT>E-6m</WAVELENGTH_UNIT>
		<COLOR>#9cb588</COLOR>
		<COVARIANCE_MATRIX>[[4.5547099132199116e-05, 4.7027605137976236e-05, 3.978886682712799e-05, -4.624993427968975e-05, 4.426021373624191e-06, 1.2279841131176409e-05], [4.7027605137976236e-05, 5.791671443819712e-05, 4.6407157235855695e-05, -4.4996912854793425e-05, 1.2471885923280208e-05, 1.8736499434325244e-05], [3.978886682712799e-05, 4.6407157235855695e-05, 4.440973850444602e-05, -2.7454145623649283e-05, 2.0344491286411747e-05, 2.187711914155214e-05], [-4.624993427968975e-05, -4.4996912854793425e-05, -2.7454145623649283e-05, 0.0002486412374307195, 0.00011300376092236145, 4.720950241546524e-05], [4.426021373624191e-06, 1.2471885923280208e-05, 2.0344491286411747e-05, 0.00011300376092236145, 0.00011521753013879894, 6.626054975724262e-05], [1.2279841131176409e-05, 1.8736499434325244e-05, 2.187711914155214e-05, 4.720950241546524e-05, 6.626054975724262e-05, 5.3552905129083864e-05]]</COVARIANCE_MATRIX>
		<ROI_SIZE>1868</ROI_SIZE>
		<MAX_VALUE>[0.13321638107299805, 0.10926134139299393, 0.0856906920671463, 0.1456877738237381, 0.07863117754459381, 0.060743946582078934]</MAX_VALUE>
		<MIN_VALUE>[0.10118318349123001, 0.07053984701633453, 0.05008431524038315, 0.08262958377599716, 0.014151271432638168, 0.0024409093894064426]</MIN_VALUE>
		<SIGNATURE_THRESHOLD_MD>0</SIGNATURE_THRESHOLD_MD>
		<SIGNATURE_THRESHOLD_ML>0</SIGNATURE_THRESHOLD_ML>
		<SIGNATURE_THRESHOLD_SAM>0</SIGNATURE_THRESHOLD_SAM>
	</signature>
	<signature ID="20210202_123811874493_451">
		<MACROCLASSID>1</MACROCLASSID>
		<MACROCLASSINFO>waterbody</MACROCLASSINFO>
		<CLASSID>3</CLASSID>
		<CLASSINFO>C 1</CLASSINFO>
		<VALUES>[0.11789413776224737, 0.0021660660864525516, 0.08944966691940397, 0.002665448023496319, 0.06045724837754275, 0.0021881549922463752, 0.07969007077323292, 0.008909752446115343, 0.0195569428935975, 0.006456332331631576, 0.00882951058857862, 0.003930315059305872]</VALUES>
		<LCS_MIN>[0.11129893362522125, 0.08110024034976959, 0.056018710136413574, 0.06779235601425171, 0.009374981746077538, 0.0]</LCS_MIN>
		<LCS_MAX>[0.12647254765033722, 0.10222107917070389, 0.07678909599781036, 0.1197226420044899, 0.06430231779813766, 0.03673681244254112]</LCS_MAX>
		<WAVELENGTH>[0.485, 0.56, 0.66, 0.83, 1.65, 2.215]</WAVELENGTH>
		<MEAN_VALUE>[0.11789413776224737, 0.08944966691940397, 0.06045724837754275, 0.07969007077323292, 0.0195569428935975, 0.00882951058857862]</MEAN_VALUE>
		<CHECKBOX>2</CHECKBOX>
		<SD>[0.0021660660864525516, 0.002665448023496319, 0.0021881549922463752, 0.008909752446115343, 0.006456332331631576, 0.003930315059305872]</SD>
		<WAVELENGTH_UNIT>E-6m</WAVELENGTH_UNIT>
		<COLOR>#7b109b</COLOR>
		<COVARIANCE_MATRIX>[[5.248462365615898e-06, 2.2352061745421154e-06, 1.0310976381806188e-06, -8.064332992936189e-07, -5.844131149998454e-07, -1.7496560879452992e-07], [2.2352061745421154e-06, 6.650252997481064e-06, 2.249584137778378e-06, 2.9870663749340003e-06, 2.0524119299754156e-06, 1.2308436177500473e-06], [1.0310976381806188e-06, 2.249584137778378e-06, 4.400679868864277e-06, 6.375753719377518e-06, 4.531724242288614e-06, 2.2934398471898567e-06], [-8.064332992936189e-07, 2.9870663749340003e-06, 6.375753719377518e-06, 8.081501248882048e-05, 4.8687513359401534e-05, 2.1423174574263358e-05], [-5.844131149998454e-07, 2.0524119299754156e-06, 4.531724242288614e-06, 4.8687513359401534e-05, 4.220766844649892e-05, 1.8112239740860412e-05], [-1.7496560879452992e-07, 1.2308436177500473e-06, 2.2934398471898567e-06, 2.1423174574263358e-05, 1.8112239740860412e-05, 1.5418458747093583e-05]]</COVARIANCE_MATRIX>
		<ROI_SIZE>2123</ROI_SIZE>
		<MAX_VALUE>[0.12647254765033722, 0.10222107917070389, 0.07678909599781036, 0.1197226420044899, 0.06430231779813766, 0.03673681244254112]</MAX_VALUE>
		<MIN_VALUE>[0.11129893362522125, 0.08110024034976959, 0.056018710136413574, 0.06779235601425171, 0.009374981746077538, 0.0]</MIN_VALUE>
		<SIGNATURE_THRESHOLD_MD>0</SIGNATURE_THRESHOLD_MD>
		<SIGNATURE_THRESHOLD_ML>0</SIGNATURE_THRESHOLD_ML>
		<SIGNATURE_THRESHOLD_SAM>0</SIGNATURE_THRESHOLD_SAM>
	</signature>
	<signature ID="20210202_123847763739_472">
		<MACROCLASSID>1</MACROCLASSID>
		<MACROCLASSINFO>waterbody</MACROCLASSINFO>
		<CLASSID>4</CLASSID>
		<CLASSINFO>C 1</CLASSINFO>
		<VALUES>[0.1326060727220737, 0.002818020440193302, 0.10599098370258725, 0.00440625137693225, 0.07443211276937647, 0.0037453796959087456, 0.09112106333976763, 0.00932226138381181, 0.027668774480776346, 0.011158606695908018, 0.014350641707559878, 0.008509702771869368]</VALUES>
		<LCS_MIN>[0.123100645840168, 0.09518079459667206, 0.06492029875516891, 0.07521097362041473, 0.009374981746077538, 0.0024409093894064426]</LCS_MIN>
		<LCS_MAX>[0.13996022939682007, 0.11982175707817078, 0.09459228813648224, 0.13455986976623535, 0.07146674394607544, 0.05731435492634773]</LCS_MAX>
		<WAVELENGTH>[0.485, 0.56, 0.66, 0.83, 1.65, 2.215]</WAVELENGTH>
		<MEAN_VALUE>[0.1326060727220737, 0.10599098370258725, 0.07443211276937647, 0.09112106333976763, 0.027668774480776346, 0.014350641707559878]</MEAN_VALUE>
		<CHECKBOX>2</CHECKBOX>
		<SD>[0.002818020440193302, 0.00440625137693225, 0.0037453796959087456, 0.00932226138381181, 0.011158606695908018, 0.008509702771869368]</SD>
		<WAVELENGTH_UNIT>E-6m</WAVELENGTH_UNIT>
		<COLOR>#a00a02</COLOR>
		<COVARIANCE_MATRIX>[[7.264255898124249e-06, 6.934686570309466e-06, 5.0477710032672755e-06, 8.132300377891161e-06, 6.0346440910924085e-06, 4.544561486700217e-06], [6.934686570309466e-06, 1.8873142326458955e-05, 1.1950487919101409e-05, 2.163529667367303e-05, 1.8623996785022637e-05, 1.3904754542767237e-05], [5.0477710032672755e-06, 1.1950487919101409e-05, 1.5066382594402661e-05, 2.6243586966610444e-05, 2.8413696091459827e-05, 2.11441294634625e-05], [8.132300377891161e-06, 2.163529667367303e-05, 2.6243586966610444e-05, 8.38375125049669e-05, 8.03849209272395e-05, 5.6441328028555196e-05], [6.0346440910924085e-06, 1.8623996785022637e-05, 2.8413696091459827e-05, 8.03849209272395e-05, 0.00012516847997928748, 8.839886255010223e-05], [4.544561486700217e-06, 1.3904754542767237e-05, 2.11441294634625e-05, 5.6441328028555196e-05, 8.839886255010223e-05, 7.734957805336865e-05]]</COVARIANCE_MATRIX>
		<ROI_SIZE>3124</ROI_SIZE>
		<MAX_VALUE>[0.13996022939682007, 0.11982175707817078, 0.09459228813648224, 0.13455986976623535, 0.07146674394607544, 0.05731435492634773]</MAX_VALUE>
		<MIN_VALUE>[0.123100645840168, 0.09518079459667206, 0.06492029875516891, 0.07521097362041473, 0.009374981746077538, 0.0024409093894064426]</MIN_VALUE>
		<SIGNATURE_THRESHOLD_MD>0</SIGNATURE_THRESHOLD_MD>
		<SIGNATURE_THRESHOLD_ML>0</SIGNATURE_THRESHOLD_ML>
		<SIGNATURE_THRESHOLD_SAM>0</SIGNATURE_THRESHOLD_SAM>
	</signature>
	<signature ID="20210202_123856641232_509">
		<MACROCLASSID>1</MACROCLASSID>
		<MACROCLASSINFO>waterbody</MACROCLASSINFO>
		<CLASSID>5</CLASSID>
		<CLASSINFO>C 1</CLASSINFO>
		<VALUES>[0.1352196199266792, 0.003381875340158875, 0.11857906585702528, 0.007069553175426851, 0.0856132502718777, 0.009695300734673774, 0.10110987474179868, 0.010216573854524992, 0.03505081929276689, 0.011359043066825046, 0.01894345774908888, 0.0088386225470685]</VALUES>
		<LCS_MIN>[0.12647254765033722, 0.10574120283126831, 0.07085470855236053, 0.08633889257907867, 0.01892755925655365, 0.0024409093894064426]</LCS_MIN>
		<LCS_MAX>[0.1450181007385254, 0.14094257354736328, 0.12129706889390945, 0.1456877738237381, 0.07385489344596863, 0.05388476327061653]</LCS_MAX>
		<WAVELENGTH>[0.485, 0.56, 0.66, 0.83, 1.65, 2.215]</WAVELENGTH>
		<MEAN_VALUE>[0.1352196199266792, 0.11857906585702528, 0.0856132502718777, 0.10110987474179868, 0.03505081929276689, 0.01894345774908888]</MEAN_VALUE>
		<CHECKBOX>2</CHECKBOX>
		<SD>[0.003381875340158875, 0.007069553175426851, 0.009695300734673774, 0.010216573854524992, 0.011359043066825046, 0.0088386225470685]</SD>
		<WAVELENGTH_UNIT>E-6m</WAVELENGTH_UNIT>
		<COLOR>#69c528</COLOR>
		<COVARIANCE_MATRIX>[[9.755177022434501e-06, 1.4592590594252218e-05, 1.752235522294051e-05, -3.741973106987535e-06, 2.7479428072395853e-06, 3.929279572702809e-06], [1.4592590594252218e-05, 3.828078067902933e-05, 4.404053050350251e-05, -3.4803926689598694e-06, 1.0687016587487356e-05, 1.1985572882574612e-05], [1.752235522294051e-05, 4.404053050350251e-05, 6.858569460545328e-05, 2.062642105281194e-05, 3.6269331481572884e-05, 3.108466917099933e-05], [-3.741973106987535e-06, -3.4803926689598694e-06, 2.062642105281194e-05, 0.00010803717433640947, 9.682339044538947e-05, 6.5689421824773e-05], [2.7479428072395853e-06, 1.0687016587487356e-05, 3.6269331481572884e-05, 9.682339044538947e-05, 0.00012554713784472958, 8.616954579410937e-05], [3.929279572702809e-06, 1.1985572882574612e-05, 3.108466917099933e-05, 6.5689421824773e-05, 8.616954579410937e-05, 7.246848133388578e-05]]</COVARIANCE_MATRIX>
		<ROI_SIZE>1372</ROI_SIZE>
		<MAX_VALUE>[0.1450181007385254, 0.14094257354736328, 0.12129706889390945, 0.1456877738237381, 0.07385489344596863, 0.05388476327061653]</MAX_VALUE>
		<MIN_VALUE>[0.12647254765033722, 0.10574120283126831, 0.07085470855236053, 0.08633889257907867, 0.01892755925655365, 0.0024409093894064426]</MIN_VALUE>
		<SIGNATURE_THRESHOLD_MD>0</SIGNATURE_THRESHOLD_MD>
		<SIGNATURE_THRESHOLD_ML>0</SIGNATURE_THRESHOLD_ML>
		<SIGNATURE_THRESHOLD_SAM>0</SIGNATURE_THRESHOLD_SAM>
	</signature>
	<signature ID="20210202_124039157376_515">
		<MACROCLASSID>1</MACROCLASSID>
		<MACROCLASSINFO>waterbody</MACROCLASSINFO>
		<CLASSID>6</CLASSID>
		<CLASSINFO>C 1</CLASSINFO>
		<VALUES>[0.11050195601606577, 0.003810526235121202, 0.0868557663426673, 0.004778304519202048, 0.05763116599678092, 0.0039946286837782286, 0.05623841378528414, 0.009272366939299713, 0.018367644250887973, 0.00749660876343151, 0.009557078060073877, 0.005182201585408956]</VALUES>
		<LCS_MIN>[0.09443934261798859, 0.06701970845460892, 0.04711711406707764, 0.04553653299808502, 0.006986836437135935, 0.0]</LCS_MIN>
		<LCS_MAX>[0.11972871422767639, 0.10222107917070389, 0.0856906920671463, 0.09746680408716202, 0.061914172023534775, 0.04702558368444443]</LCS_MAX>
		<WAVELENGTH>[0.485, 0.56, 0.66, 0.83, 1.65, 2.215]</WAVELENGTH>
		<MEAN_VALUE>[0.11050195601606577, 0.0868557663426673, 0.05763116599678092, 0.05623841378528414, 0.018367644250887973, 0.009557078060073877]</MEAN_VALUE>
		<CHECKBOX>2</CHECKBOX>
		<SD>[0.003810526235121202, 0.004778304519202048, 0.0039946286837782286, 0.009272366939299713, 0.00749660876343151, 0.005182201585408956]</SD>
		<WAVELENGTH_UNIT>E-6m</WAVELENGTH_UNIT>
		<COLOR>#f40cc7</COLOR>
		<COVARIANCE_MATRIX>[[1.6308363872661003e-05, 1.6879862990587885e-05, 9.15229052664428e-06, -1.5305142518618523e-05, -4.563423220307721e-06, -1.1539956852313102e-07], [1.6879862990587885e-05, 2.8321599099348112e-05, 1.5609842082931643e-05, -1.589085262570512e-05, -1.3013094583039533e-06, 3.1199112505521566e-06], [9.15229052664428e-06, 1.5609842082931643e-05, 1.8236845095226677e-05, 9.952543393569186e-06, 1.4071325676249696e-05, 1.0871192776002663e-05], [-1.5305142518618523e-05, -1.589085262570512e-05, 9.952543393569186e-06, 0.0001034277237206708, 6.262415744016883e-05, 3.315405081481245e-05], [-4.563423220307721e-06, -1.3013094583039533e-06, 1.4071325676249696e-05, 6.262415744016883e-05, 5.762417424003891e-05, 3.204248497926057e-05], [-1.1539956852313102e-07, 3.1199112505521566e-06, 1.0871192776002663e-05, 3.315405081481245e-05, 3.204248497926057e-05, 2.764470796181498e-05]]</COVARIANCE_MATRIX>
		<ROI_SIZE>3779</ROI_SIZE>
		<MAX_VALUE>[0.11972871422767639, 0.10222107917070389, 0.0856906920671463, 0.09746680408716202, 0.061914172023534775, 0.04702558368444443]</MAX_VALUE>
		<MIN_VALUE>[0.09443934261798859, 0.06701970845460892, 0.04711711406707764, 0.04553653299808502, 0.006986836437135935, 0.0]</MIN_VALUE>
		<SIGNATURE_THRESHOLD_MD>0</SIGNATURE_THRESHOLD_MD>
		<SIGNATURE_THRESHOLD_ML>0</SIGNATURE_THRESHOLD_ML>
		<SIGNATURE_THRESHOLD_SAM>0</SIGNATURE_THRESHOLD_SAM>
	</signature>
	<signature ID="20210202_124220386727_571">
		<MACROCLASSID>1</MACROCLASSID>
		<MACROCLASSINFO>waterbody</MACROCLASSINFO>
		<CLASSID>7</CLASSID>
		<CLASSINFO>C 1</CLASSINFO>
		<VALUES>[0.09283075783995616, 0.002306430126880514, 0.07050300005301482, 0.00298129050860596, 0.04809662556626659, 0.002841068133016533, 0.04956241204266869, 0.011301256451879379, 0.01519536358156598, 0.009352334069301872, 0.007705549058622886, 0.005467992593391147]</VALUES>
		<LCS_MIN>[0.08095166832208633, 0.056459296494722366, 0.035248324275016785, 0.030699308961629868, 0.0022105469834059477, 0.0]</LCS_MIN>
		<LCS_MAX>[0.0994972214102745, 0.08110024034976959, 0.0619531087577343, 0.09004820138216019, 0.061914172023534775, 0.043595992028713226]</LCS_MAX>
		<WAVELENGTH>[0.485, 0.56, 0.66, 0.83, 1.65, 2.215]</WAVELENGTH>
		<MEAN_VALUE>[0.09283075783995616, 0.07050300005301482, 0.04809662556626659, 0.04956241204266869, 0.01519536358156598, 0.007705549058622886]</MEAN_VALUE>
		<CHECKBOX>2</CHECKBOX>
		<SD>[0.002306430126880514, 0.00298129050860596, 0.002841068133016533, 0.011301256451879379, 0.009352334069301872, 0.005467992593391147]</SD>
		<WAVELENGTH_UNIT>E-6m</WAVELENGTH_UNIT>
		<COLOR>#3f19bd</COLOR>
		<COVARIANCE_MATRIX>[[5.323906489352172e-06, 3.403053007973506e-06, 2.5443549402897888e-06, -2.6902903633786354e-06, 1.040801123022554e-07, 5.320656200458474e-07], [3.403053007973506e-06, 8.895255137877776e-06, 5.23754847346628e-06, -6.511918869078346e-07, 4.6177522917868605e-06, 3.3058211690663496e-06], [2.5443549402897888e-06, 5.23754847346628e-06, 8.078172300935553e-06, 7.786926398980297e-06, 1.1618400576355236e-05, 6.818258688620744e-06], [-2.6902903633786354e-06, -6.511918869078346e-07, 7.786926398980297e-06, 0.0001278213131021775, 8.753183637886436e-05, 4.1101545711802114e-05], [1.040801123022554e-07, 4.6177522917868605e-06, 1.1618400576355236e-05, 8.753183637886436e-05, 8.75366329246012e-05, 4.2271468703938124e-05], [5.320656200458474e-07, 3.3058211690663496e-06, 6.818258688620744e-06, 4.1101545711802114e-05, 4.2271468703938124e-05, 2.9923035622654686e-05]]</COVARIANCE_MATRIX>
		<ROI_SIZE>1242</ROI_SIZE>
		<MAX_VALUE>[0.0994972214102745, 0.08110024034976959, 0.0619531087577343, 0.09004820138216019, 0.061914172023534775, 0.043595992028713226]</MAX_VALUE>
		<MIN_VALUE>[0.08095166832208633, 0.056459296494722366, 0.035248324275016785, 0.030699308961629868, 0.0022105469834059477, 0.0]</MIN_VALUE>
		<SIGNATURE_THRESHOLD_MD>0</SIGNATURE_THRESHOLD_MD>
		<SIGNATURE_THRESHOLD_ML>0</SIGNATURE_THRESHOLD_ML>
		<SIGNATURE_THRESHOLD_SAM>0</SIGNATURE_THRESHOLD_SAM>
	</signature>
	<signature ID="20210202_124247218003_157">
		<MACROCLASSID>1</MACROCLASSID>
		<MACROCLASSINFO>waterbody</MACROCLASSINFO>
		<CLASSID>8</CLASSID>
		<CLASSINFO>C 1</CLASSINFO>
		<VALUES>[0.11415391550583993, 0.0022465651926910344, 0.08685032399740525, 0.0025626529057678556, 0.061730894239594755, 0.0023708690241769905, 0.07927976809277956, 0.011282805954567529, 0.025820567580309237, 0.009150202533511714, 0.01208002277309411, 0.00537926906076702]</VALUES>
		<LCS_MIN>[0.10624103993177414, 0.07758011668920517, 0.056018710136413574, 0.06408306211233139, 0.011763126589357853, 0.0024409093894064426]</LCS_MIN>
		<LCS_MAX>[0.1214146763086319, 0.09518079459667206, 0.07085470855236053, 0.1197226420044899, 0.06430231779813766, 0.03673681244254112]</LCS_MAX>
		<WAVELENGTH>[0.485, 0.56, 0.66, 0.83, 1.65, 2.215]</WAVELENGTH>
		<MEAN_VALUE>[0.11415391550583993, 0.08685032399740525, 0.061730894239594755, 0.07927976809277956, 0.025820567580309237, 0.01208002277309411]</MEAN_VALUE>
		<CHECKBOX>2</CHECKBOX>
		<SD>[0.0022465651926910344, 0.0025626529057678556, 0.0023708690241769905, 0.011282805954567529, 0.009150202533511714, 0.00537926906076702]</SD>
		<WAVELENGTH_UNIT>E-6m</WAVELENGTH_UNIT>
		<COLOR>#bc6a3e</COLOR>
		<COVARIANCE_MATRIX>[[5.16424004720834e-06, 2.2474922997599044e-06, 1.595249607184818e-06, -2.598721591582531e-06, -4.169835881131537e-07, 5.919848367283677e-07], [2.2474922997599044e-06, 6.790777923122141e-06, 2.7553959699039044e-06, 1.0929459690652158e-06, 3.678329521603812e-06, 3.1341213700194563e-06], [1.595249607184818e-06, 2.7553959699039044e-06, 5.785945715844259e-06, 9.742048295053399e-06, 9.869239092903812e-06, 5.838982803431302e-06], [-2.598721591582531e-06, 1.0929459690652158e-06, 9.742048295053399e-06, 0.00013405195502540508, 9.258650941005796e-05, 4.4124101194021634e-05], [-4.169835881131537e-07, 3.678329521603812e-06, 9.869239092903812e-06, 9.258650941005796e-05, 8.738170059653033e-05, 4.213885626144678e-05], [5.919848367283677e-07, 3.1341213700194563e-06, 5.838982803431302e-06, 4.4124101194021634e-05, 4.213885626144678e-05, 3.0952191777485776e-05]]</COVARIANCE_MATRIX>
		<ROI_SIZE>1645</ROI_SIZE>
		<MAX_VALUE>[0.1214146763086319, 0.09518079459667206, 0.07085470855236053, 0.1197226420044899, 0.06430231779813766, 0.03673681244254112]</MAX_VALUE>
		<MIN_VALUE>[0.10624103993177414, 0.07758011668920517, 0.056018710136413574, 0.06408306211233139, 0.011763126589357853, 0.0024409093894064426]</MIN_VALUE>
		<SIGNATURE_THRESHOLD_MD>0</SIGNATURE_THRESHOLD_MD>
		<SIGNATURE_THRESHOLD_ML>0</SIGNATURE_THRESHOLD_ML>
		<SIGNATURE_THRESHOLD_SAM>0</SIGNATURE_THRESHOLD_SAM>
	</signature>
	<signature ID="20210202_124531464947_690">
		<MACROCLASSID>1</MACROCLASSID>
		<MACROCLASSINFO>waterbody</MACROCLASSINFO>
		<CLASSID>9</CLASSID>
		<CLASSINFO>C 1</CLASSINFO>
		<VALUES>[0.1336413755022257, 0.00228663950555005, 0.11193313672519457, 0.0034364198084661972, 0.07988780412895193, 0.0030414404523935465, 0.11360896467502105, 0.012790429785970572, 0.0406590175616279, 0.011839349582296231, 0.019522359347037985, 0.007470507360940862]</VALUES>
		<LCS_MIN>[0.1247866079211235, 0.10222107917070389, 0.07382190227508545, 0.09746680408716202, 0.02370385080575943, 0.009300090372562408]</LCS_MIN>
		<LCS_MAX>[0.13996022939682007, 0.11982175707817078, 0.09459228813648224, 0.1493970900774002, 0.0810193344950676, 0.05388476327061653]</LCS_MAX>
		<WAVELENGTH>[0.485, 0.56, 0.66, 0.83, 1.65, 2.215]</WAVELENGTH>
		<MEAN_VALUE>[0.1336413755022257, 0.11193313672519457, 0.07988780412895193, 0.11360896467502105, 0.0406590175616279, 0.019522359347037985]</MEAN_VALUE>
		<CHECKBOX>2</CHECKBOX>
		<SD>[0.00228663950555005, 0.0034364198084661972, 0.0030414404523935465, 0.012790429785970572, 0.011839349582296231, 0.007470507360940862]</SD>
		<WAVELENGTH_UNIT>E-6m</WAVELENGTH_UNIT>
		<COLOR>#639b0c</COLOR>
		<COVARIANCE_MATRIX>[[5.243244451198714e-06, 3.312458934675367e-06, 2.11173969045404e-06, -4.3952202118718e-06, -2.3159599506562046e-06, 1.5683682480939841e-07], [3.312458934675367e-06, 1.1841783825296678e-05, 4.347883744672723e-06, -6.724244682899e-06, -2.389434154541799e-06, 8.824110322900518e-07], [2.11173969045404e-06, 4.347883744672723e-06, 9.276055469971036e-06, 1.1843069395009704e-05, 1.5184026993956364e-05, 1.1004802355105548e-05], [-4.3952202118718e-06, -6.724244682899e-06, 1.1843069395009704e-05, 0.0001640495249268151, 0.00013130880961579068, 7.001937705914978e-05], [-2.3159599506562046e-06, -2.389434154541799e-06, 1.5184026993956364e-05, 0.00013130880961579068, 0.00014055956019440647, 7.509416050447485e-05], [1.5683682480939841e-07, 8.824110322900518e-07, 1.1004802355105548e-05, 7.001937705914978e-05, 7.509416050447485e-05, 5.596350378606576e-05]]</COVARIANCE_MATRIX>
		<ROI_SIZE>361</ROI_SIZE>
		<MAX_VALUE>[0.13996022939682007, 0.11982175707817078, 0.09459228813648224, 0.1493970900774002, 0.0810193344950676, 0.05388476327061653]</MAX_VALUE>
		<MIN_VALUE>[0.1247866079211235, 0.10222107917070389, 0.07382190227508545, 0.09746680408716202, 0.02370385080575943, 0.009300090372562408]</MIN_VALUE>
		<SIGNATURE_THRESHOLD_MD>0</SIGNATURE_THRESHOLD_MD>
		<SIGNATURE_THRESHOLD_ML>0</SIGNATURE_THRESHOLD_ML>
		<SIGNATURE_THRESHOLD_SAM>0</SIGNATURE_THRESHOLD_SAM>
	</signature>
	<signature ID="20210202_124620538192_348">
		<MACROCLASSID>1</MACROCLASSID>
		<MACROCLASSINFO>waterbody</MACROCLASSINFO>
		<CLASSID>10</CLASSID>
		<CLASSINFO>C 1</CLASSINFO>
		<VALUES>[0.10392372400625662, 0.003095312568425863, 0.08550402184117367, 0.006265000544883741, 0.06185393037190621, 0.0064593597355521405, 0.0680605675720219, 0.01089709960511548, 0.025785739410993887, 0.01061138679864199, 0.014097251146676036, 0.007445014930143326]</VALUES>
		<LCS_MIN>[0.09443934261798859, 0.06701970845460892, 0.04711711406707764, 0.05666444078087807, 0.009374981746077538, 0.0]</LCS_MIN>
		<LCS_MAX>[0.11467084288597107, 0.10574120283126831, 0.09459228813648224, 0.10859472304582596, 0.06669045984745026, 0.05388476327061653]</LCS_MAX>
		<WAVELENGTH>[0.485, 0.56, 0.66, 0.83, 1.65, 2.215]</WAVELENGTH>
		<MEAN_VALUE>[0.10392372400625662, 0.08550402184117367, 0.06185393037190621, 0.0680605675720219, 0.025785739410993887, 0.014097251146676036]</MEAN_VALUE>
		<CHECKBOX>2</CHECKBOX>
		<SD>[0.003095312568425863, 0.006265000544883741, 0.0064593597355521405, 0.01089709960511548, 0.01061138679864199, 0.007445014930143326]</SD>
		<WAVELENGTH_UNIT>E-6m</WAVELENGTH_UNIT>
		<COLOR>#43f076</COLOR>
		<COVARIANCE_MATRIX>[[9.587499800621093e-06, 1.4234645887359241e-05, 1.3688415424190197e-05, 5.663328191959212e-06, 7.147299589488078e-06, 6.849130966753493e-06], [1.4234645887359241e-05, 3.927702379451092e-05, 3.4452628593284624e-05, 1.4210508729616634e-05, 1.7657834393273232e-05, 1.5621746761803315e-05], [1.3688415424190197e-05, 3.4452628593284624e-05, 4.175180828077605e-05, 2.9379094704690275e-05, 3.112425319944812e-05, 2.4205456747412874e-05], [5.663328191959212e-06, 1.4210508729616634e-05, 2.9379094704690275e-05, 0.00011882783562619979, 9.971302380931861e-05, 6.258116839357808e-05], [7.147299589488078e-06, 1.7657834393273232e-05, 3.112425319944812e-05, 9.971302380931861e-05, 0.00011267839090287856, 6.91709310659596e-05], [6.849130966753493e-06, 1.5621746761803315e-05, 2.4205456747412874e-05, 6.258116839357808e-05, 6.91709310659596e-05, 5.54660822911561e-05]]</COVARIANCE_MATRIX>
		<ROI_SIZE>1466</ROI_SIZE>
		<MAX_VALUE>[0.11467084288597107, 0.10574120283126831, 0.09459228813648224, 0.10859472304582596, 0.06669045984745026, 0.05388476327061653]</MAX_VALUE>
		<MIN_VALUE>[0.09443934261798859, 0.06701970845460892, 0.04711711406707764, 0.05666444078087807, 0.009374981746077538, 0.0]</MIN_VALUE>
		<SIGNATURE_THRESHOLD_MD>0</SIGNATURE_THRESHOLD_MD>
		<SIGNATURE_THRESHOLD_ML>0</SIGNATURE_THRESHOLD_ML>
		<SIGNATURE_THRESHOLD_SAM>0</SIGNATURE_THRESHOLD_SAM>
	</signature>
	<signature ID="20210202_124638868652_446">
		<MACROCLASSID>1</MACROCLASSID>
		<MACROCLASSINFO>waterbody</MACROCLASSINFO>
		<CLASSID>11</CLASSID>
		<CLASSINFO>C 1</CLASSINFO>
		<VALUES>[0.11966749846768782, 0.0023244941828288665, 0.10228990436682486, 0.003061913105559276, 0.06779632890107916, 0.005452022003516299, 0.07031013091308111, 0.010517218083709461, 0.02691250350118185, 0.009299694373328104, 0.015000108003814041, 0.006655218473181822]</VALUES>
		<LCS_MIN>[0.11298488080501556, 0.09518079459667206, 0.058985911309719086, 0.060373757034540176, 0.014151271432638168, 0.005870499182492495]</LCS_MIN>
		<LCS_MAX>[0.12647254765033722, 0.11278147995471954, 0.09162508696317673, 0.11601334065198898, 0.06669045984745026, 0.043595992028713226]</LCS_MAX>
		<WAVELENGTH>[0.485, 0.56, 0.66, 0.83, 1.65, 2.215]</WAVELENGTH>
		<MEAN_VALUE>[0.11966749846768782, 0.10228990436682486, 0.06779632890107916, 0.07031013091308111, 0.02691250350118185, 0.015000108003814041]</MEAN_VALUE>
		<CHECKBOX>2</CHECKBOX>
		<SD>[0.0023244941828288665, 0.003061913105559276, 0.005452022003516299, 0.010517218083709461, 0.009299694373328104, 0.006655218473181822]</SD>
		<WAVELENGTH_UNIT>E-6m</WAVELENGTH_UNIT>
		<COLOR>#7f4afb</COLOR>
		<COVARIANCE_MATRIX>[[5.418408425069678e-06, 1.8328781082208772e-06, 1.760021612932843e-06, -8.614348492465839e-07, -1.257891632650966e-06, -1.447863782588926e-06], [1.8328781082208772e-06, 9.401573243771579e-06, 1.1036381615975164e-05, 1.0506089699362888e-05, 7.99673323407387e-06, 4.74673107724483e-06], [1.760021612932843e-06, 1.1036381615975164e-05, 2.980780595463217e-05, 3.664021200224196e-05, 2.941187512223261e-05, 2.004704277234902e-05], [-8.614348492465839e-07, 1.0506089699362888e-05, 3.664021200224196e-05, 0.00011092171340859749, 8.127633568809914e-05, 5.210183076510955e-05], [-1.257891632650966e-06, 7.99673323407387e-06, 2.941187512223261e-05, 8.127633568809914e-05, 8.672656842172872e-05, 5.321605254542862e-05], [-1.447863782588926e-06, 4.74673107724483e-06, 2.004704277234902e-05, 5.210183076510955e-05, 5.321605254542862e-05, 4.441599996478834e-05]]</COVARIANCE_MATRIX>
		<ROI_SIZE>358</ROI_SIZE>
		<MAX_VALUE>[0.12647254765033722, 0.11278147995471954, 0.09162508696317673, 0.11601334065198898, 0.06669045984745026, 0.043595992028713226]</MAX_VALUE>
		<MIN_VALUE>[0.11298488080501556, 0.09518079459667206, 0.058985911309719086, 0.060373757034540176, 0.014151271432638168, 0.005870499182492495]</MIN_VALUE>
		<SIGNATURE_THRESHOLD_MD>0</SIGNATURE_THRESHOLD_MD>
		<SIGNATURE_THRESHOLD_ML>0</SIGNATURE_THRESHOLD_ML>
		<SIGNATURE_THRESHOLD_SAM>0</SIGNATURE_THRESHOLD_SAM>
	</signature>
	<signature ID="20210202_124708479265_462">
		<MACROCLASSID>1</MACROCLASSID>
		<MACROCLASSINFO>waterbody</MACROCLASSINFO>
		<CLASSID>12</CLASSID>
		<CLASSINFO>C 1</CLASSINFO>
		<VALUES>[0.13124943216857707, 0.0030348812087815855, 0.10325415478344419, 0.004400058726281025, 0.07695035687715247, 0.002613881665536364, 0.12067684679683557, 0.016760032723722215, 0.04167550597069918, 0.012164312364179723, 0.01852022086783056, 0.00720818099778322]</VALUES>
		<LCS_MIN>[0.123100645840168, 0.09518079459667206, 0.06788749247789383, 0.09746680408716202, 0.02370385080575943, 0.005870499182492495]</LCS_MIN>
		<LCS_MAX>[0.13827426731586456, 0.11278147995471954, 0.08865788578987122, 0.15681570768356323, 0.0810193344950676, 0.043595992028713226]</LCS_MAX>
		<WAVELENGTH>[0.485, 0.56, 0.66, 0.83, 1.65, 2.215]</WAVELENGTH>
		<MEAN_VALUE>[0.13124943216857707, 0.10325415478344419, 0.07695035687715247, 0.12067684679683557, 0.04167550597069918, 0.01852022086783056]</MEAN_VALUE>
		<CHECKBOX>2</CHECKBOX>
		<SD>[0.0030348812087815855, 0.004400058726281025, 0.002613881665536364, 0.016760032723722215, 0.012164312364179723, 0.00720818099778322]</SD>
		<WAVELENGTH_UNIT>E-6m</WAVELENGTH_UNIT>
		<COLOR>#4f7c71</COLOR>
		<COVARIANCE_MATRIX>[[1.0090487952612913e-05, 9.90797360798061e-06, 5.310124812195301e-06, -2.6646508533470937e-05, -6.388395202071528e-06, 1.097320287296033e-06], [9.90797360798061e-06, 1.886001639901282e-05, 8.053547712314168e-06, -3.4865021111226325e-05, -5.989588185511722e-06, 2.9438263368303743e-06], [5.310124812195301e-06, 8.053547712314168e-06, 7.549810135452258e-06, -1.0533097955831921e-05, 3.925410018465311e-06, 5.259568364318043e-06], [-2.6646508533470937e-05, -3.4865021111226325e-05, -1.0533097955831921e-05, 0.00027583932196032613, 0.00014545609406115868, 5.2586482031493796e-05], [-6.388395202071528e-06, -5.989588185511722e-06, 3.925410018465311e-06, 0.00014545609406115868, 0.0001294361881147039, 5.78391366065946e-05], [1.097320287296033e-06, 2.9438263368303743e-06, 5.259568364318043e-06, 5.2586482031493796e-05, 5.78391366065946e-05, 4.052786704721692e-05]]</COVARIANCE_MATRIX>
		<ROI_SIZE>702</ROI_SIZE>
		<MAX_VALUE>[0.13827426731586456, 0.11278147995471954, 0.08865788578987122, 0.15681570768356323, 0.0810193344950676, 0.043595992028713226]</MAX_VALUE>
		<MIN_VALUE>[0.123100645840168, 0.09518079459667206, 0.06788749247789383, 0.09746680408716202, 0.02370385080575943, 0.005870499182492495]</MIN_VALUE>
		<SIGNATURE_THRESHOLD_MD>0</SIGNATURE_THRESHOLD_MD>
		<SIGNATURE_THRESHOLD_ML>0</SIGNATURE_THRESHOLD_ML>
		<SIGNATURE_THRESHOLD_SAM>0</SIGNATURE_THRESHOLD_SAM>
	</signature>
	<signature ID="20210202_124717703870_633">
		<MACROCLASSID>1</MACROCLASSID>
		<MACROCLASSINFO>waterbody</MACROCLASSINFO>
		<CLASSID>13</CLASSID>
		<CLASSINFO>C 1</CLASSINFO>
		<VALUES>[0.13630045814121644, 0.0020531697595263017, 0.10844569994000403, 0.0029373891269830633, 0.0818731382534634, 0.0023115495946176663, 0.11943991975177348, 0.012802142523051922, 0.0409669345812645, 0.010895965520863296, 0.01819820426654344, 0.005931374286846625]</VALUES>
		<LCS_MIN>[0.12984447181224823, 0.10222107917070389, 0.07678909599781036, 0.10117610543966293, 0.02609199658036232, 0.009300090372562408]</LCS_MIN>
		<LCS_MAX>[0.14164617657661438, 0.11630161851644516, 0.09162508696317673, 0.16052500903606415, 0.07624303549528122, 0.040166404098272324]</LCS_MAX>
		<WAVELENGTH>[0.485, 0.56, 0.66, 0.83, 1.65, 2.215]</WAVELENGTH>
		<MEAN_VALUE>[0.13630045814121644, 0.10844569994000403, 0.0818731382534634, 0.11943991975177348, 0.0409669345812645, 0.01819820426654344]</MEAN_VALUE>
		<CHECKBOX>2</CHECKBOX>
		<SD>[0.0020531697595263017, 0.0029373891269830633, 0.0023115495946176663, 0.012802142523051922, 0.010895965520863296, 0.005931374286846625]</SD>
		<WAVELENGTH_UNIT>E-6m</WAVELENGTH_UNIT>
		<COLOR>#25ae93</COLOR>
		<COVARIANCE_MATRIX>[[3.992869118531339e-06, 7.325555232257855e-07, 7.079763143182744e-07, -2.6403611242765763e-06, -1.3841145970908565e-06, -2.70967638554642e-07], [7.325555232257855e-07, 8.874405651962965e-06, 2.2690215629529246e-06, 4.512317810223306e-06, 4.983136154107436e-06, 3.6816012111238293e-06], [7.079763143182744e-07, 2.2690215629529246e-06, 5.2901310277909615e-06, 4.646400845566478e-06, 5.828928289295393e-06, 3.6014214930243644e-06], [-2.6403611242765763e-06, 4.512317810223306e-06, 4.646400845566478e-06, 0.0001616984771810093, 0.00011843240381648736, 5.414652238472328e-05], [-1.3841145970908565e-06, 4.983136154107436e-06, 5.828928289295393e-06, 0.00011843240381648736, 0.0001182516982555063, 5.432173712158733e-05], [-2.70967638554642e-07, 3.6816012111238293e-06, 3.6014214930243644e-06, 5.414652238472328e-05, 5.432173712158733e-05, 3.756587968661028e-05]]</COVARIANCE_MATRIX>
		<ROI_SIZE>603</ROI_SIZE>
		<MAX_VALUE>[0.14164617657661438, 0.11630161851644516, 0.09162508696317673, 0.16052500903606415, 0.07624303549528122, 0.040166404098272324]</MAX_VALUE>
		<MIN_VALUE>[0.12984447181224823, 0.10222107917070389, 0.07678909599781036, 0.10117610543966293, 0.02609199658036232, 0.009300090372562408]</MIN_VALUE>
		<SIGNATURE_THRESHOLD_MD>0</SIGNATURE_THRESHOLD_MD>
		<SIGNATURE_THRESHOLD_ML>0</SIGNATURE_THRESHOLD_ML>
		<SIGNATURE_THRESHOLD_SAM>0</SIGNATURE_THRESHOLD_SAM>
	</signature>
	<signature ID="20210202_124807766407_189">
		<MACROCLASSID>1</MACROCLASSID>
		<MACROCLASSINFO>waterbody</MACROCLASSINFO>
		<CLASSID>14</CLASSID>
		<CLASSINFO>C 1</CLASSINFO>
		<VALUES>[0.13131477879793518, 0.0024448283425250687, 0.10705614335791663, 0.005369830470791611, 0.07730663253730813, 0.005187749799213048, 0.10316015853611545, 0.010094329144032356, 0.03251707723477944, 0.01235663241987932, 0.016443408687929307, 0.008877926760396077]</VALUES>
		<LCS_MIN>[0.1247866079211235, 0.09518079459667206, 0.06788749247789383, 0.09004820138216019, 0.011763126589357853, 0.0024409093894064426]</LCS_MIN>
		<LCS_MAX>[0.13996022939682007, 0.12686201930046082, 0.1064610704779625, 0.14197847247123718, 0.07146674394607544, 0.05388476327061653]</LCS_MAX>
		<WAVELENGTH>[0.485, 0.56, 0.66, 0.83, 1.65, 2.215]</WAVELENGTH>
		<MEAN_VALUE>[0.13131477879793518, 0.10705614335791663, 0.07730663253730813, 0.10316015853611545, 0.03251707723477944, 0.016443408687929307]</MEAN_VALUE>
		<CHECKBOX>2</CHECKBOX>
		<SD>[0.0024448283425250687, 0.005369830470791611, 0.005187749799213048, 0.010094329144032356, 0.01235663241987932, 0.008877926760396077]</SD>
		<WAVELENGTH_UNIT>E-6m</WAVELENGTH_UNIT>
		<COLOR>#f58741</COLOR>
		<COVARIANCE_MATRIX>[[5.9858860401701426e-06, 7.834215149739096e-06, 6.993031973117388e-06, 3.4506562067601574e-06, 1.1121031410914905e-06, 1.0965912299646484e-06], [7.834215149739096e-06, 2.887705174397223e-05, 2.2078410291549153e-05, 9.589289016892185e-06, 3.5188440136933316e-06, 1.7873066732693812e-06], [6.993031973117388e-06, 2.2078410291549153e-05, 2.695192228488175e-05, 2.4284445827430827e-05, 2.085757755937231e-05, 1.3613656753488944e-05], [3.4506562067601574e-06, 9.589289016892185e-06, 2.4284445827430827e-05, 0.00010204380034530694, 0.00010306295728715164, 6.550523947386644e-05], [1.1121031410914905e-06, 3.5188440136933316e-06, 2.085757755937231e-05, 0.00010306295728715164, 0.00015290861565485977, 9.808933553363369e-05], [1.0965912299646484e-06, 1.7873066732693812e-06, 1.3613656753488944e-05, 6.550523947386644e-05, 9.808933553363369e-05, 7.893231075882713e-05]]</COVARIANCE_MATRIX>
		<ROI_SIZE>688</ROI_SIZE>
		<MAX_VALUE>[0.13996022939682007, 0.12686201930046082, 0.1064610704779625, 0.14197847247123718, 0.07146674394607544, 0.05388476327061653]</MAX_VALUE>
		<MIN_VALUE>[0.1247866079211235, 0.09518079459667206, 0.06788749247789383, 0.09004820138216019, 0.011763126589357853, 0.0024409093894064426]</MIN_VALUE>
		<SIGNATURE_THRESHOLD_MD>0</SIGNATURE_THRESHOLD_MD>
		<SIGNATURE_THRESHOLD_ML>0</SIGNATURE_THRESHOLD_ML>
		<SIGNATURE_THRESHOLD_SAM>0</SIGNATURE_THRESHOLD_SAM>
	</signature>
	<signature ID="20210202_124824775369_382">
		<MACROCLASSID>1</MACROCLASSID>
		<MACROCLASSINFO>waterbody</MACROCLASSINFO>
		<CLASSID>15</CLASSID>
		<CLASSINFO>C 1</CLASSINFO>
		<VALUES>[0.1270614134112912, 0.0028550029539497284, 0.10279922367009697, 0.004179359429929338, 0.07501865077663114, 0.0045755178089260645, 0.10132263306520586, 0.009963235241656017, 0.0365531622410874, 0.013175862768686715, 0.019374957582148536, 0.009665152244084199]</VALUES>
		<LCS_MIN>[0.11804276704788208, 0.09518079459667206, 0.06492029875516891, 0.08633889257907867, 0.01653941534459591, 0.0024409093894064426]</LCS_MIN>
		<LCS_MAX>[0.13490234315395355, 0.11982175707817078, 0.09459228813648224, 0.1456877738237381, 0.07863117754459381, 0.05388476327061653]</LCS_MAX>
		<WAVELENGTH>[0.485, 0.56, 0.66, 0.83, 1.65, 2.215]</WAVELENGTH>
		<MEAN_VALUE>[0.1270614134112912, 0.10279922367009697, 0.07501865077663114, 0.10132263306520586, 0.0365531622410874, 0.019374957582148536]</MEAN_VALUE>
		<CHECKBOX>2</CHECKBOX>
		<SD>[0.0028550029539497284, 0.004179359429929338, 0.0045755178089260645, 0.009963235241656017, 0.013175862768686715, 0.009665152244084199]</SD>
		<WAVELENGTH_UNIT>E-6m</WAVELENGTH_UNIT>
		<COLOR>#0faa7c</COLOR>
		<COVARIANCE_MATRIX>[[8.285054586879816e-06, 5.414336649491985e-06, 6.1154225302910246e-06, 8.42345903963339e-06, 1.1394611046840383e-05, 9.03538272819565e-06], [5.414336649491985e-06, 1.5106860785689727e-05, 1.3442912239279268e-05, 1.7836092301169325e-05, 2.5084941009489615e-05, 2.008662177334207e-05], [6.1154225302910246e-06, 1.3442912239279268e-05, 2.1417847915763212e-05, 3.2615764561221515e-05, 4.412743168556428e-05, 3.317776715908871e-05], [8.42345903963339e-06, 1.7836092301169325e-05, 3.2615764561221515e-05, 0.00010878829556031745, 0.00011707142222479491, 8.009399093908844e-05], [1.1394611046840383e-05, 2.5084941009489615e-05, 4.412743168556428e-05, 0.00011707142222479491, 0.00017892670134305315, 0.00012149161554642556], [9.03538272819565e-06, 2.008662177334207e-05, 3.317776715908871e-05, 8.009399093908844e-05, 0.00012149161554642556, 9.996120494669967e-05]]</COVARIANCE_MATRIX>
		<ROI_SIZE>868</ROI_SIZE>
		<MAX_VALUE>[0.13490234315395355, 0.11982175707817078, 0.09459228813648224, 0.1456877738237381, 0.07863117754459381, 0.05388476327061653]</MAX_VALUE>
		<MIN_VALUE>[0.11804276704788208, 0.09518079459667206, 0.06492029875516891, 0.08633889257907867, 0.01653941534459591, 0.0024409093894064426]</MIN_VALUE>
		<SIGNATURE_THRESHOLD_MD>0</SIGNATURE_THRESHOLD_MD>
		<SIGNATURE_THRESHOLD_ML>0</SIGNATURE_THRESHOLD_ML>
		<SIGNATURE_THRESHOLD_SAM>0</SIGNATURE_THRESHOLD_SAM>
	</signature>
	<signature ID="20210202_124845950867_681">
		<MACROCLASSID>2</MACROCLASSID>
		<MACROCLASSINFO>vegetation</MACROCLASSINFO>
		<CLASSID>16</CLASSID>
		<CLASSINFO>C 1</CLASSINFO>
		<VALUES>[0.09854204482353804, 0.003718540646115662, 0.08258836475912854, 0.006315721507073569, 0.06035072890465082, 0.005556618416224226, 0.2761282277754652, 0.024730349500821758, 0.1313079813726092, 0.0193581970098974, 0.05161644267236499, 0.010614779936621145]</VALUES>
		<LCS_MIN>[0.08769550174474716, 0.06701970845460892, 0.04711711406707764, 0.2310018092393875, 0.07385489344596863, 0.023018449544906616]</LCS_MIN>
		<LCS_MAX>[0.11467084288597107, 0.09870093315839767, 0.08865788578987122, 0.3274437487125397, 0.16221624612808228, 0.08818065375089645]</LCS_MAX>
