<?xml version="1.0" ?>
<signaturelist MCID_LIST="[['1', 'waterbody', '#0000ff'], ['2', 'vegetation', '#00ff00'], ['3', 'bareland', '#ffaa00'], ['4', 'built-up', '#ff0000']]">
	<signature ID="20210120_152454844086_471">
		<MACROCLASSID>1</MACROCLASSID>
		<MACROCLASSINFO>waterbody</MACROCLASSINFO>
		<CLASSID>1</CLASSID>
		<CLASSINFO>C 1</CLASSINFO>
		<VALUES>[0.08814844194637243, 0.004537395222359511, 0.07247969892750987, 0.009011520645829397, 0.05536655678234358, 0.00968241151865444, 0.0385640947601421, 0.00798979825943056, 0.009754502319281523, 0.0063900824854416114, 0.006202324032560835, 0.005057467236241336]</VALUES>
		<LCS_MIN>[0.07783085107803345, 0.05618930608034134, 0.03800033777952194, 0.0230388343334198, 0.0, 0.0]</LCS_MIN>
		<LCS_MAX>[0.10566743463277817, 0.10158849507570267, 0.08340796828269958, 0.057970672845840454, 0.03633718565106392, 0.02709660679101944]</LCS_MAX>
		<WAVELENGTH>[0.485, 0.56, 0.66, 0.83, 1.65, 2.215]</WAVELENGTH>
		<MEAN_VALUE>[0.08814844194637243, 0.07247969892750987, 0.05536655678234358, 0.0385640947601421, 0.009754502319281523, 0.006202324032560835]</MEAN_VALUE>
		<CHECKBOX>2</CHECKBOX>
		<SD>[0.004537395222359511, 0.009011520645829397, 0.00968241151865444, 0.00798979825943056, 0.0063900824854416114, 0.005057467236241336]</SD>
		<WAVELENGTH_UNIT>E-6m</WAVELENGTH_UNIT>
		<COLOR>#6a5bad</COLOR>
		<COVARIANCE_MATRIX>[[2.060244332824368e-05, 3.324055433040485e-05, 3.625269891927019e-05, 4.7419466682185885e-06, 6.237326942937216e-06, 4.383000032248674e-06], [3.324055433040485e-05, 8.126465399982408e-05, 8.011711179278791e-05, 1.164079822046915e-05, 1.1895501302205957e-05, 8.237408110289834e-06], [3.625269891927019e-05, 8.011711179278791e-05, 9.38150697038509e-05, 2.3303811758523807e-05, 1.922354567795992e-05, 1.3416294677881524e-05], [4.7419466682185885e-06, 1.164079822046915e-05, 2.3303811758523807e-05, 6.388180190697312e-05, 3.041114723600913e-05, 2.0213501557009295e-05], [6.237326942937216e-06, 1.1895501302205957e-05, 1.922354567795992e-05, 3.041114723600913e-05, 4.086189073859714e-05, 2.4271406800835393e-05], [4.383000032248674e-06, 8.237408110289834e-06, 1.3416294677881524e-05, 2.0213501557009295e-05, 2.4271406800835393e-05, 2.5595974875614047e-05]]</COVARIANCE_MATRIX>
		<ROI_SIZE>1422</ROI_SIZE>
		<MAX_VALUE>[0.10566743463277817, 0.10158849507570267, 0.08340796828269958, 0.057970672845840454, 0.03633718565106392, 0.02709660679101944]</MAX_VALUE>
		<MIN_VALUE>[0.07783085107803345, 0.05618930608034134, 0.03800033777952194, 0.0230388343334198, 0.0, 0.0]</MIN_VALUE>
		<SIGNATURE_THRESHOLD_MD>0.0</SIGNATURE_THRESHOLD_MD>
		<SIGNATURE_THRESHOLD_ML>0.0</SIGNATURE_THRESHOLD_ML>
		<SIGNATURE_THRESHOLD_SAM>0.0</SIGNATURE_THRESHOLD_SAM>
	</signature>
	<signature ID="20210120_152501099693_232">
		<MACROCLASSID>1</MACROCLASSID>
		<MACROCLASSINFO>waterbody</MACROCLASSINFO>
		<CLASSID>2</CLASSID>
		<CLASSINFO>C 1</CLASSINFO>
		<VALUES>[0.09112778439053465, 0.002288061864519914, 0.07510563744498149, 0.004289819197234974, 0.04430002512942467, 0.005298043817735561, 0.037307865585067455, 0.00985022734402378, 0.02539339387190661, 0.01035210118689871, 0.01880591445868569, 0.007833625346964955]</VALUES>
		<LCS_MIN>[0.08652978390455246, 0.06753910332918167, 0.03800033777952194, 0.018672354519367218, 0.008224687539041042, 0.0028733634389936924]</LCS_MIN>
		<LCS_MAX>[0.09870827943086624, 0.09023869782686234, 0.0624505989253521, 0.057970672845840454, 0.05320468917489052, 0.0351710245013237]</LCS_MAX>
		<WAVELENGTH>[0.485, 0.56, 0.66, 0.83, 1.65, 2.215]</WAVELENGTH>
		<MEAN_VALUE>[0.09112778439053465, 0.07510563744498149, 0.04430002512942467, 0.037307865585067455, 0.02539339387190661, 0.01880591445868569]</MEAN_VALUE>
		<CHECKBOX>2</CHECKBOX>
		<SD>[0.002288061864519914, 0.004289819197234974, 0.005298043817735561, 0.00985022734402378, 0.01035210118689871, 0.007833625346964955]</SD>
		<WAVELENGTH_UNIT>E-6m</WAVELENGTH_UNIT>
		<COLOR>#0a06ec</COLOR>
		<COVARIANCE_MATRIX>[[5.330412932380568e-06, 6.462399596784962e-06, 6.7477135416993406e-06, 5.159860847925302e-06, 2.79485618648323e-07, -1.3683114730156376e-07], [6.462399596784962e-06, 1.8737140635494143e-05, 1.5136660294956528e-05, 1.2614928891707677e-05, 4.834410447074333e-06, 6.6649399741436355e-06], [6.7477135416993406e-06, 1.5136660294956528e-05, 2.8579617719515227e-05, 3.742101034731604e-05, 2.7883264920092188e-05, 2.369332651142031e-05], [5.159860847925302e-06, 1.2614928891707677e-05, 3.742101034731604e-05, 9.879110439214855e-05, 8.132762741297483e-05, 5.2822186262346804e-05], [2.79485618648323e-07, 4.834410447074333e-06, 2.7883264920092188e-05, 8.132762741297483e-05, 0.00010911447316175327, 6.321137334452942e-05], [-1.3683114730156376e-07, 6.6649399741436355e-06, 2.369332651142031e-05, 5.2822186262346804e-05, 6.321137334452942e-05, 6.24814274488017e-05]]</COVARIANCE_MATRIX>
		<ROI_SIZE>56</ROI_SIZE>
		<MAX_VALUE>[0.09870827943086624, 0.09023869782686234, 0.0624505989253521, 0.057970672845840454, 0.05320468917489052, 0.0351710245013237]</MAX_VALUE>
		<MIN_VALUE>[0.08652978390455246, 0.06753910332918167, 0.03800033777952194, 0.018672354519367218, 0.008224687539041042, 0.0028733634389936924]</MIN_VALUE>
		<SIGNATURE_THRESHOLD_MD>0.0</SIGNATURE_THRESHOLD_MD>
		<SIGNATURE_THRESHOLD_ML>0.0</SIGNATURE_THRESHOLD_ML>
		<SIGNATURE_THRESHOLD_SAM>0.0</SIGNATURE_THRESHOLD_SAM>
	</signature>
	<signature ID="20210120_153505536356_604">
		<MACROCLASSID>1</MACROCLASSID>
		<MACROCLASSINFO>waterbody</MACROCLASSINFO>
		<CLASSID>3</CLASSID>
		<CLASSINFO>C 1</CLASSINFO>
		<VALUES>[0.11338047906756396, 0.004261980820159904, 0.1020929295155737, 0.006772410189006036, 0.09567189630534911, 0.00899218699489964, 0.06908093661897713, 0.01327870809194083, 0.03568123055415021, 0.014050314489504038, 0.027051751253505552, 0.011892749486027771]</VALUES>
		<LCS_MIN>[0.10044806450605392, 0.078888900578022, 0.06594348698854446, 0.04487122967839241, 0.016658438369631767, 0.01094777975231409]</LCS_MIN>
		<LCS_MAX>[0.12654484808444977, 0.11672156304121017, 0.11484399437904358, 0.0972689837217331, 0.06444969028234482, 0.059394270181655884]</LCS_MAX>
		<WAVELENGTH>[0.485, 0.56, 0.66, 0.83, 1.65, 2.215]</WAVELENGTH>
		<MEAN_VALUE>[0.11338047906756396, 0.1020929295155737, 0.09567189630534911, 0.06908093661897713, 0.03568123055415021, 0.027051751253505552]</MEAN_VALUE>
		<CHECKBOX>2</CHECKBOX>
		<SD>[0.004261980820159904, 0.006772410189006036, 0.00899218699489964, 0.01327870809194083, 0.014050314489504038, 0.011892749486027771]</SD>
		<WAVELENGTH_UNIT>E-6m</WAVELENGTH_UNIT>
		<COLOR>#4fe458</COLOR>
		<COVARIANCE_MATRIX>[[1.8368575183558278e-05, 2.431669236102607e-05, 3.4076085285050794e-05, 1.3807854884362314e-05, 7.314481990761124e-06, 1.5897121556918137e-05], [2.431669236102607e-05, 4.6380882849916816e-05, 5.6253382354043424e-05, 1.0666562047845218e-05, 6.548737019329565e-06, 2.1989751985529438e-05], [3.4076085285050794e-05, 5.6253382354043424e-05, 8.17679610918276e-05, 3.837855547317304e-05, 2.9318451197468676e-05, 4.539604560704902e-05], [1.3807854884362314e-05, 1.0666562047845218e-05, 3.837855547317304e-05, 0.00017830525757744908, 0.00015605214866809547, 0.00012370457989163697], [7.314481990761124e-06, 6.548737019329565e-06, 2.9318451197468676e-05, 0.00015605214866809547, 0.0001996294449781999, 0.00014904534327797592], [1.5897121556918137e-05, 2.1989751985529438e-05, 4.539604560704902e-05, 0.00012370457989163697, 0.00014904534327797592, 0.0001430266711395234]]</COVARIANCE_MATRIX>
		<ROI_SIZE>90</ROI_SIZE>
		<MAX_VALUE>[0.12654484808444977, 0.11672156304121017, 0.11484399437904358, 0.0972689837217331, 0.06444969028234482, 0.059394270181655884]</MAX_VALUE>
		<MIN_VALUE>[0.10044806450605392, 0.078888900578022, 0.06594348698854446, 0.04487122967839241, 0.016658438369631767, 0.01094777975231409]</MIN_VALUE>
		<SIGNATURE_THRESHOLD_MD>0.0</SIGNATURE_THRESHOLD_MD>
		<SIGNATURE_THRESHOLD_ML>0.0</SIGNATURE_THRESHOLD_ML>
		<SIGNATURE_THRESHOLD_SAM>0.0</SIGNATURE_THRESHOLD_SAM>
	</signature>
	<signature ID="20210120_153513544461_825">
		<MACROCLASSID>1</MACROCLASSID>
		<MACROCLASSINFO>waterbody</MACROCLASSINFO>
		<CLASSID>4</CLASSID>
		<CLASSINFO>C 1</CLASSINFO>
		<VALUES>[0.11414041244364405, 0.0025751890089566075, 0.10492955980362832, 0.0037075323984887996, 0.09864967858249489, 0.0043933539513039185, 0.062053616654563264, 0.007622892560856902, 0.030678178969915808, 0.009179568547448216, 0.025523670259621236, 0.009319500967085703]</VALUES>
		<LCS_MIN>[0.10914700478315353, 0.09402196109294891, 0.08690086007118225, 0.04923771321773529, 0.013847188092768192, 0.006910569965839386]</LCS_MIN>
		<LCS_MAX>[0.12132550776004791, 0.11672156304121017, 0.11135111004114151, 0.07980306446552277, 0.050393443554639816, 0.04324544221162796]</LCS_MAX>
		<WAVELENGTH>[0.485, 0.56, 0.66, 0.83, 1.65, 2.215]</WAVELENGTH>
		<MEAN_VALUE>[0.11414041244364405, 0.10492955980362832, 0.09864967858249489, 0.062053616654563264, 0.030678178969915808, 0.025523670259621236]</MEAN_VALUE>
		<CHECKBOX>2</CHECKBOX>
		<SD>[0.0025751890089566075, 0.0037075323984887996, 0.0043933539513039185, 0.007622892560856902, 0.009179568547448216, 0.009319500967085703]</SD>
		<WAVELENGTH_UNIT>E-6m</WAVELENGTH_UNIT>
		<COLOR>#317ab8</COLOR>
		<COVARIANCE_MATRIX>[[6.718856184306787e-06, 5.787993814010406e-06, 6.927356935193529e-06, 8.7312973846565e-06, 6.9419597821251955e-06, 7.40314044378465e-06], [5.787993814010406e-06, 1.3926662177254912e-05, 1.187096586363623e-05, 8.35010996524943e-06, 7.960424227348994e-06, 9.74581234913785e-06], [6.927356935193529e-06, 1.187096586363623e-05, 1.955552761501167e-05, 1.160292868007673e-05, 9.866382242762484e-06, 1.2785844774043653e-05], [8.7312973846565e-06, 8.35010996524943e-06, 1.160292868007673e-05, 5.887307634111494e-05, 5.0544233090477064e-05, 5.173744648345746e-05], [6.9419597821251955e-06, 7.960424227348994e-06, 9.866382242762484e-06, 5.0544233090477064e-05, 8.537321991752833e-05, 7.281819853233173e-05], [7.40314044378465e-06, 9.74581234913785e-06, 1.2785844774043653e-05, 5.173744648345746e-05, 7.281819853233173e-05, 8.799590432317927e-05]]</COVARIANCE_MATRIX>
		<ROI_SIZE>77</ROI_SIZE>
		<MAX_VALUE>[0.12132550776004791, 0.11672156304121017, 0.11135111004114151, 0.07980306446552277, 0.050393443554639816, 0.04324544221162796]</MAX_VALUE>
		<MIN_VALUE>[0.10914700478315353, 0.09402196109294891, 0.08690086007118225, 0.04923771321773529, 0.013847188092768192, 0.006910569965839386]</MIN_VALUE>
		<SIGNATURE_THRESHOLD_MD>0.0</SIGNATURE_THRESHOLD_MD>
		<SIGNATURE_THRESHOLD_ML>0.0</SIGNATURE_THRESHOLD_ML>
		<SIGNATURE_THRESHOLD_SAM>0.0</SIGNATURE_THRESHOLD_SAM>
	</signature>
	<signature ID="20210120_153708725175_470">
		<MACROCLASSID>1</MACROCLASSID>
		<MACROCLASSINFO>waterbody</MACROCLASSINFO>
		<CLASSID>5</CLASSID>
		<CLASSINFO>C 1</CLASSINFO>
		<VALUES>[0.10006144891182583, 0.004082447695559952, 0.08225180374251471, 0.005182580630813644, 0.0729292771882481, 0.011525958621184782, 0.09581349045038223, 0.021880855447278767, 0.06476204925113255, 0.01411512985357509, 0.04683406982156965, 0.008605230786672333]</VALUES>
		<LCS_MIN>[0.09348893165588379, 0.07510563731193542, 0.05895770341157913, 0.06233716011047363, 0.04477093741297722, 0.0351710245013237]</LCS_MIN>
		<LCS_MAX>[0.10740721225738525, 0.09023869782686234, 0.09039373695850372, 0.12346785515546799, 0.08131719380617142, 0.059394270181655884]</LCS_MAX>
		<WAVELENGTH>[0.485, 0.56, 0.66, 0.83, 1.65, 2.215]</WAVELENGTH>
		<MEAN_VALUE>[0.10006144891182583, 0.08225180374251471, 0.0729292771882481, 0.09581349045038223, 0.06476204925113255, 0.04683406982156965]</MEAN_VALUE>
		<CHECKBOX>2</CHECKBOX>
		<SD>[0.004082447695559952, 0.005182580630813644, 0.011525958621184782, 0.021880855447278767, 0.01411512985357509, 0.008605230786672333]</SD>
		<WAVELENGTH_UNIT>E-6m</WAVELENGTH_UNIT>
		<COLOR>#fc9890</COLOR>
		<COVARIANCE_MATRIX>[[1.874967711046338e-05, 2.0386129108374007e-05, 4.709585118689574e-05, -1.5826113894945593e-06, -1.6982534361886792e-05, 1.2974661331099924e-05], [2.0386129108374007e-05, 3.021653537871316e-05, 6.607270188396797e-05, 2.6155939849559218e-05, 1.0783414836623706e-05, 3.2244752219412476e-05], [4.709585118689574e-05, 6.607270188396797e-05, 0.00014945368457119912, 6.100657628849149e-05, 1.8411366909276694e-05, 6.698231300106272e-05], [-1.5826113894945593e-06, 2.6155939849559218e-05, 6.100657628849149e-05, 0.000538618303835392, 0.00027517054695636034, 9.401803254149854e-05], [-1.6982534361886792e-05, 1.0783414836623706e-05, 1.8411366909276694e-05, 0.00027517054695636034, 0.0002241415058961138, 8.811701991362497e-05], [1.2974661331099924e-05, 3.2244752219412476e-05, 6.698231300106272e-05, 9.401803254149854e-05, 8.811701991362497e-05, 8.330624405061826e-05]]</COVARIANCE_MATRIX>
		<ROI_SIZE>9</ROI_SIZE>
		<MAX_VALUE>[0.10740721225738525, 0.09023869782686234, 0.09039373695850372, 0.12346785515546799, 0.08131719380617142, 0.059394270181655884]</MAX_VALUE>
		<MIN_VALUE>[0.09348893165588379, 0.07510563731193542, 0.05895770341157913, 0.06233716011047363, 0.04477093741297722, 0.0351710245013237]</MIN_VALUE>
		<SIGNATURE_THRESHOLD_MD>0.0</SIGNATURE_THRESHOLD_MD>
		<SIGNATURE_THRESHOLD_ML>0.0</SIGNATURE_THRESHOLD_ML>
		<SIGNATURE_THRESHOLD_SAM>0.0</SIGNATURE_THRESHOLD_SAM>
	</signature>
	<signature ID="20210120_153727116224_125">
		<MACROCLASSID>1</MACROCLASSID>
		<MACROCLASSINFO>waterbody</MACROCLASSINFO>
		<CLASSID>6</CLASSID>
		<CLASSINFO>C 1</CLASSINFO>
		<VALUES>[0.10646679044306812, 0.00344637400883186, 0.09071586475715979, 0.0055888573845355475, 0.07003426582023903, 0.006253093419685808, 0.053879556422298025, 0.011063188030163894, 0.02167310056419253, 0.008390630411178313, 0.01368610685909385, 0.007353820410552984]</VALUES>
		<LCS_MIN>[0.09522870928049088, 0.07510563731193542, 0.05546480789780617, 0.03613827005028725, 0.008224687539041042, 0.0]</LCS_MIN>
		<LCS_MAX>[0.11436635255813599, 0.10158849507570267, 0.08340796828269958, 0.07543659210205078, 0.04477093741297722, 0.03920822963118553]</LCS_MAX>
		<WAVELENGTH>[0.485, 0.56, 0.66, 0.83, 1.65, 2.215]</WAVELENGTH>
		<MEAN_VALUE>[0.10646679044306812, 0.09071586475715979, 0.07003426582023903, 0.053879556422298025, 0.02167310056419253, 0.01368610685909385]</MEAN_VALUE>
		<CHECKBOX>2</CHECKBOX>
		<SD>[0.00344637400883186, 0.0055888573845355475, 0.006253093419685808, 0.011063188030163894, 0.008390630411178313, 0.007353820410552984]</SD>
		<WAVELENGTH_UNIT>E-6m</WAVELENGTH_UNIT>
		<COLOR>#923350</COLOR>
		<COVARIANCE_MATRIX>[[1.1985471246589441e-05, 1.4634203580499161e-05, 1.636729393794667e-05, -4.987343800166855e-06, 1.157252427219646e-06, 5.873538611922413e-06], [1.4634203580499161e-05, 3.151928467559628e-05, 2.9625034585478716e-05, -1.1395924047974404e-05, 2.1297528292052448e-06, 9.413181942363735e-06], [1.636729393794667e-05, 2.9625034585478716e-05, 3.945664138882421e-05, -2.3845523173804395e-06, 8.043701200222131e-06, 1.6551717635593377e-05], [-4.987343800166855e-06, -1.1395924047974404e-05, -2.3845523173804395e-06, 0.00012350680481176823, 6.444666360039264e-05, 4.317147977417335e-05], [1.157252427219646e-06, 2.1297528292052448e-06, 8.043701200222131e-06, 6.444666360039264e-05, 7.104270480340347e-05, 4.8020538088167086e-05], [5.873538611922413e-06, 9.413181942363735e-06, 1.6551717635593377e-05, 4.317147977417335e-05, 4.8020538088167086e-05, 5.45703005627729e-05]]</COVARIANCE_MATRIX>
		<ROI_SIZE>111</ROI_SIZE>
		<MAX_VALUE>[0.11436635255813599, 0.10158849507570267, 0.08340796828269958, 0.07543659210205078, 0.04477093741297722, 0.03920822963118553]</MAX_VALUE>
		<MIN_VALUE>[0.09522870928049088, 0.07510563731193542, 0.05546480789780617, 0.03613827005028725, 0.008224687539041042, 0.0]</MIN_VALUE>
		<SIGNATURE_THRESHOLD_MD>0.0</SIGNATURE_THRESHOLD_MD>
		<SIGNATURE_THRESHOLD_ML>0.0</SIGNATURE_THRESHOLD_ML>
		<SIGNATURE_THRESHOLD_SAM>0.0</SIGNATURE_THRESHOLD_SAM>
	</signature>
	<signature ID="20210120_153737533417_791">
		<MACROCLASSID>1</MACROCLASSID>
		<MACROCLASSINFO>waterbody</MACROCLASSINFO>
		<CLASSID>7</CLASSID>
		<CLASSINFO>C 1</CLASSINFO>
		<VALUES>[0.10212093921234972, 0.004261063373845519, 0.08660094153422576, 0.007885793362738503, 0.06842881784989287, 0.008537593623069484, 0.06233715158529005, 0.014456633288173832, 0.0281737509649247, 0.009835661291110862, 0.019022193683597907, 0.008527532176418986]</VALUES>
		<LCS_MIN>[0.09000935405492783, 0.06753910332918167, 0.04498612880706787, 0.03177179396152496, 0.008224687539041042, 0.0028733634389936924]</LCS_MIN>
		<LCS_MAX>[0.10914700478315353, 0.09780522435903549, 0.08690086007118225, 0.08853602409362793, 0.04758218675851822, 0.04324544221162796]</LCS_MAX>
		<WAVELENGTH>[0.485, 0.56, 0.66, 0.83, 1.65, 2.215]</WAVELENGTH>
		<MEAN_VALUE>[0.10212093921234972, 0.08660094153422576, 0.06842881784989287, 0.06233715158529005, 0.0281737509649247, 0.019022193683597907]</MEAN_VALUE>
		<CHECKBOX>2</CHECKBOX>
		<SD>[0.004261063373845519, 0.007885793362738503, 0.008537593623069484, 0.014456633288173832, 0.009835661291110862, 0.008527532176418986]</SD>
		<WAVELENGTH_UNIT>E-6m</WAVELENGTH_UNIT>
		<COLOR>#37de2d</COLOR>
		<COVARIANCE_MATRIX>[[1.8512673705117777e-05, 3.008096246048808e-05, 3.091147300438024e-05, -9.533169759379234e-06, 8.361868822248653e-06, 1.0742397535068449e-05], [3.008096246048808e-05, 6.34050666121766e-05, 6.233556632651016e-05, -2.9152140996302478e-05, 1.1846857887576334e-05, 1.7370231944369152e-05], [3.091147300438024e-05, 6.233556632651016e-05, 7.431973062921315e-05, -1.7943100829143077e-05, 2.646275606821291e-05, 2.7926565962843597e-05], [-9.533169759379234e-06, -2.9152140996302478e-05, -1.7943100829143077e-05, 0.00021309217845555395, 0.00011192153760930523, 6.809394835727289e-05], [8.361868822248653e-06, 1.1846857887576334e-05, 2.646275606821291e-05, 0.00011192153760930523, 9.863710147328675e-05, 6.453693640651181e-05], [1.0742397535068449e-05, 1.7370231944369152e-05, 2.7926565962843597e-05, 6.809394835727289e-05, 6.453693640651181e-05, 7.414466381305829e-05]]</COVARIANCE_MATRIX>
		<ROI_SIZE>52</ROI_SIZE>
		<MAX_VALUE>[0.10914700478315353, 0.09780522435903549, 0.08690086007118225, 0.08853602409362793, 0.04758218675851822, 0.04324544221162796]</MAX_VALUE>
		<MIN_VALUE>[0.09000935405492783, 0.06753910332918167, 0.04498612880706787, 0.03177179396152496, 0.008224687539041042, 0.0028733634389936924]</MIN_VALUE>
		<SIGNATURE_THRESHOLD_MD>0.0</SIGNATURE_THRESHOLD_MD>
		<SIGNATURE_THRESHOLD_ML>0.0</SIGNATURE_THRESHOLD_ML>
		<SIGNATURE_THRESHOLD_SAM>0.0</SIGNATURE_THRESHOLD_SAM>
	</signature>
	<signature ID="20210120_164113591727_297">
		<MACROCLASSID>1</MACROCLASSID>
		<MACROCLASSINFO>waterbody</MACROCLASSINFO>
		<CLASSID>8</CLASSID>
		<CLASSINFO>C 1</CLASSINFO>
		<VALUES>[0.12480507684605464, 0.005918194106313616, 0.14320442186934604, 0.01270958692316629, 0.15501228187765392, 0.016633865828670293, 0.15777591296604704, 0.012334507475508192, 0.11163852736353874, 0.021095844687435583, 0.09025007007377489, 0.015975391030404046]</VALUES>
		<LCS_MIN>[0.11610613018274307, 0.1280713677406311, 0.1323084682226181, 0.1409337818622589, 0.07007218152284622, 0.059394270181655884]</LCS_MIN>
		<LCS_MAX>[0.13872335851192474, 0.16968730092048645, 0.191687673330307, 0.18023209273815155, 0.13754217326641083, 0.11187797784805298]</LCS_MAX>
		<WAVELENGTH>[0.485, 0.56, 0.66, 0.83, 1.65, 2.215]</WAVELENGTH>
		<MEAN_VALUE>[0.12480507684605464, 0.14320442186934604, 0.15501228187765392, 0.15777591296604704, 0.11163852736353874, 0.09025007007377489]</MEAN_VALUE>
		<CHECKBOX>2</CHECKBOX>
		<SD>[0.005918194106313616, 0.01270958692316629, 0.016633865828670293, 0.012334507475508192, 0.021095844687435583, 0.015975391030404046]</SD>
		<WAVELENGTH_UNIT>E-6m</WAVELENGTH_UNIT>
		<COLOR>#f7beac</COLOR>
		<COVARIANCE_MATRIX>[[3.771925548790023e-05, 6.632704025832936e-05, 9.349056199425831e-05, -1.227169377671089e-05, 3.0474442610284314e-05, 1.4047755030333064e-05], [6.632704025832936e-05, 0.00017395925533492118, 0.00022058127797208726, -5.5912336392793804e-05, -4.663345680455677e-05, -5.99203776801005e-05], [9.349056199425831e-05, 0.00022058127797208726, 0.00029796900344081223, -7.39118768251501e-05, -1.246301326318644e-05, -4.2846877477131784e-05], [-1.227169377671089e-05, -5.5912336392793804e-05, -7.39118768251501e-05, 0.0001638431567698717, 6.19158599874936e-05, -9.685890063337865e-07], [3.0474442610284314e-05, -4.663345680455677e-05, -1.246301326318644e-05, 6.19158599874936e-05, 0.00047926808474585414, 0.00031598034547641873], [1.4047755030333064e-05, -5.99203776801005e-05, -4.2846877477131784e-05, -9.685890063337865e-07, 0.00031598034547641873, 0.00027484490419737995]]</COVARIANCE_MATRIX>
		<ROI_SIZE>14</ROI_SIZE>
		<MAX_VALUE>[0.13872335851192474, 0.16968730092048645, 0.191687673330307, 0.18023209273815155, 0.13754217326641083, 0.11187797784805298]</MAX_VALUE>
		<MIN_VALUE>[0.11610613018274307, 0.1280713677406311, 0.1323084682226181, 0.1409337818622589, 0.07007218152284622, 0.059394270181655884]</MIN_VALUE>
		<SIGNATURE_THRESHOLD_MD>0.0</SIGNATURE_THRESHOLD_MD>
		<SIGNATURE_THRESHOLD_ML>0.0</SIGNATURE_THRESHOLD_ML>
		<SIGNATURE_THRESHOLD_SAM>0.0</SIGNATURE_THRESHOLD_SAM>
	</signature>
	<signature ID="20210120_164218388304_382">
		<MACROCLASSID>1</MACROCLASSID>
		<MACROCLASSINFO>waterbody</MACROCLASSINFO>
		<CLASSID>9</CLASSID>
		<CLASSINFO>C 1</CLASSINFO>
		<VALUES>[0.10460422560572624, 0.0026025127516698084, 0.09549323138263492, 0.004015510231047237, 0.07991506242089802, 0.0064825357070688065, 0.12516593229439524, 0.017168582382563007, 0.08006774799691305, 0.016209707720357944, 0.04503975353307195, 0.010529660839392507]</VALUES>
		<LCS_MIN>[0.09870827943086624, 0.09023869782686234, 0.0729292780160904, 0.09290249645709991, 0.05882718786597252, 0.03113381564617157]</LCS_MIN>
		<LCS_MAX>[0.10914700478315353, 0.10537175834178925, 0.09388663619756699, 0.14966672658920288, 0.11224093288183212, 0.06343147158622742]</LCS_MAX>
		<WAVELENGTH>[0.485, 0.56, 0.66, 0.83, 1.65, 2.215]</WAVELENGTH>
		<MEAN_VALUE>[0.10460422560572624, 0.09549323138263492, 0.07991506242089802, 0.12516593229439524, 0.08006774799691305, 0.04503975353307195]</MEAN_VALUE>
		<CHECKBOX>2</CHECKBOX>
		<SD>[0.0026025127516698084, 0.004015510231047237, 0.0064825357070688065, 0.017168582382563007, 0.016209707720357944, 0.010529660839392507]</SD>
		<WAVELENGTH_UNIT>E-6m</WAVELENGTH_UNIT>
		<COLOR>#08bede</COLOR>
		<COVARIANCE_MATRIX>[[7.1714885052642785e-06, 6.3024544942891225e-06, 1.3583648978965357e-05, -7.69608220707596e-07, -2.2697006443195278e-06, 6.1516220739576966e-06], [6.3024544942891225e-06, 1.7072812624974176e-05, 2.0987808966310695e-05, 6.100347945903195e-06, 5.074559339846019e-06, 1.6970918295555748e-05], [1.3583648978965357e-05, 2.0987808966310695e-05, 4.4495227484731004e-05, 9.868677807389759e-06, 2.3104426873032935e-05, 3.0691546271555126e-05], [-7.69608220707596e-07, 6.100347945903195e-06, 9.868677807389759e-06, 0.0003120990586467087, 2.8963186196051538e-05, 2.2697975509800017e-05], [-2.2697006443195278e-06, 5.074559339846019e-06, 2.3104426873032935e-05, 2.8963186196051538e-05, 0.00027821079129353166, 0.00015459195128642023], [6.1516220739576966e-06, 1.6970918295555748e-05, 3.0691546271555126e-05, 2.2697975509800017e-05, 0.00015459195128642023, 0.0001173957425635308]]</COVARIANCE_MATRIX>
		<ROI_SIZE>18</ROI_SIZE>
		<MAX_VALUE>[0.10914700478315353, 0.10537175834178925, 0.09388663619756699, 0.14966672658920288, 0.11224093288183212, 0.06343147158622742]</MAX_VALUE>
		<MIN_VALUE>[0.09870827943086624, 0.09023869782686234, 0.0729292780160904, 0.09290249645709991, 0.05882718786597252, 0.03113381564617157]</MIN_VALUE>
		<SIGNATURE_THRESHOLD_MD>0.0</SIGNATURE_THRESHOLD_MD>
		<SIGNATURE_THRESHOLD_ML>0.0</SIGNATURE_THRESHOLD_ML>
		<SIGNATURE_THRESHOLD_SAM>0.0</SIGNATURE_THRESHOLD_SAM>
	</signature>
	<signature ID="20210120_164247557201_462">
		<MACROCLASSID>1</MACROCLASSID>
		<MACROCLASSINFO>waterbody</MACROCLASSINFO>
		<CLASSID>10</CLASSID>
		<CLASSINFO>C 1</CLASSINFO>
		<VALUES>[0.10463644398583305, 0.004572725253750657, 0.09892619594379709, 0.008664868628394889, 0.08560718747752684, 0.01002235171844652, 0.12492335063439829, 0.020549445506192535, 0.0729875623903893, 0.01585641094057792, 0.044591176013151795, 0.010877454790464074]</VALUES>
		<LCS_MIN>[0.09174913167953491, 0.07132237404584885, 0.05546480789780617, 0.08853602409362793, 0.03352594003081322, 0.019022192806005478]</LCS_MIN>
		<LCS_MAX>[0.11436635255813599, 0.112938292324543, 0.10087243467569351, 0.1671326458454132, 0.09818469732999802, 0.06746868789196014]</LCS_MAX>
		<WAVELENGTH>[0.485, 0.56, 0.66, 0.83, 1.65, 2.215]</WAVELENGTH>
		<MEAN_VALUE>[0.10463644398583305, 0.09892619594379709, 0.08560718747752684, 0.12492335063439829, 0.0729875623903893, 0.044591176013151795]</MEAN_VALUE>
		<CHECKBOX>2</CHECKBOX>
		<SD>[0.004572725253750657, 0.008664868628394889, 0.01002235171844652, 0.020549445506192535, 0.01585641094057792, 0.010877454790464074]</SD>
		<WAVELENGTH_UNIT>E-6m</WAVELENGTH_UNIT>
		<COLOR>#a2b0ec</COLOR>
		<COVARIANCE_MATRIX>[[2.1714040485676378e-05, 3.436368933762424e-05, 4.138692020205781e-05, -6.184528319863603e-05, -9.482364475843497e-06, 4.412442194734467e-06], [3.436368933762424e-05, 7.796764111844823e-05, 8.68922215886414e-05, -0.00012876778782811016, -4.225497104926035e-05, -5.091279035696061e-06], [4.138692020205781e-05, 8.68922215886414e-05, 0.0001043109004967846, -0.0001347229117527604, -2.629700793477241e-05, 8.316264938912354e-06], [-6.184528319863603e-05, -0.00012876778782811016, -0.0001347229117527604, 0.00043852123781107366, 0.00022551871370524168, 0.00010916039173025638], [-9.482364475843497e-06, -4.225497104926035e-05, -2.629700793477241e-05, 0.00022551871370524168, 0.00026109599275514483, 0.00015569328388664871], [4.412442194734467e-06, -5.091279035696061e-06, 8.316264938912354e-06, 0.00010916039173025638, 0.00015569328388664871, 0.0001228697510669008]]</COVARIANCE_MATRIX>
		<ROI_SIZE>27</ROI_SIZE>
		<MAX_VALUE>[0.11436635255813599, 0.112938292324543, 0.10087243467569351, 0.1671326458454132, 0.09818469732999802, 0.06746868789196014]</MAX_VALUE>
		<MIN_VALUE>[0.09174913167953491, 0.07132237404584885, 0.05546480789780617, 0.08853602409362793, 0.03352594003081322, 0.019022192806005478]</MIN_VALUE>
		<SIGNATURE_THRESHOLD_MD>0.0</SIGNATURE_THRESHOLD_MD>
		<SIGNATURE_THRESHOLD_ML>0.0</SIGNATURE_THRESHOLD_ML>
		<SIGNATURE_THRESHOLD_SAM>0.0</SIGNATURE_THRESHOLD_SAM>
	</signature>
	<signature ID="20210120_164614940698_244">
		<MACROCLASSID>1</MACROCLASSID>
		<MACROCLASSINFO>waterbody</MACROCLASSINFO>
		<CLASSID>11</CLASSID>
		<CLASSINFO>C 1</CLASSINFO>
		<VALUES>[0.10257447497160348, 0.006735391617127589, 0.0931812374404183, 0.012154229983483832, 0.07868608508121085, 0.015622972196597437, 0.1270257303560222, 0.023425060665820386, 0.06975982896983621, 0.017553472070165225, 0.04010539008649411, 0.012301202292787144]</VALUES>
		<LCS_MIN>[0.09000935405492783, 0.06375584006309509, 0.048479024320840836, 0.0710701122879982, 0.027903439477086067, 0.014984987676143646]</LCS_MIN>
		<LCS_MAX>[0.12132550776004791, 0.12428808957338333, 0.12182978540658951, 0.1671326458454132, 0.10661843419075012, 0.07150590419769287]</LCS_MAX>
		<WAVELENGTH>[0.485, 0.56, 0.66, 0.83, 1.65, 2.215]</WAVELENGTH>
		<MEAN_VALUE>[0.10257447497160348, 0.0931812374404183, 0.07868608508121085, 0.1270257303560222, 0.06975982896983621, 0.04010539008649411]</MEAN_VALUE>
		<CHECKBOX>2</CHECKBOX>
		<SD>[0.006735391617127589, 0.012154229983483832, 0.015622972196597437, 0.023425060665820386, 0.017553472070165225, 0.012301202292787144]</SD>
		<WAVELENGTH_UNIT>E-6m</WAVELENGTH_UNIT>
		<COLOR>#ff29d5</COLOR>
		<COVARIANCE_MATRIX>[[4.622145206667483e-05, 7.968864520080388e-05, 0.00010321794979972765, -7.994921361387242e-06, 2.7069532734458335e-05, 4.6825865865685046e-05], [7.968864520080388e-05, 0.00015051256923470646, 0.00018619486945681274, -8.796578185865656e-06, 4.889749106951058e-05, 8.232499385485426e-05], [0.00010321794979972765, 0.00018619486945681274, 0.0002486824814695865, -2.7487098122946918e-05, 6.815936649218202e-05, 0.00011100895790150389], [-7.994921361387242e-06, -8.796578185865656e-06, -2.7487098122946918e-05, 0.000559086911380291, 0.0003043082251679152, 0.00016438377497252077], [2.7069532734458335e-05, 4.889749106951058e-05, 6.815936649218202e-05, 0.0003043082251679152, 0.00031393804238177836, 0.00018787517910823226], [4.6825865865685046e-05, 8.232499385485426e-05, 0.00011100895790150389, 0.00016438377497252077, 0.00018787517910823226, 0.00015417466056533158]]</COVARIANCE_MATRIX>
		<ROI_SIZE>54</ROI_SIZE>
		<MAX_VALUE>[0.12132550776004791, 0.12428808957338333, 0.12182978540658951, 0.1671326458454132, 0.10661843419075012, 0.07150590419769287]</MAX_VALUE>
		<MIN_VALUE>[0.09000935405492783, 0.06375584006309509, 0.048479024320840836, 0.0710701122879982, 0.027903439477086067, 0.014984987676143646]</MIN_VALUE>
		<SIGNATURE_THRESHOLD_MD>0.0</SIGNATURE_THRESHOLD_MD>
		<SIGNATURE_THRESHOLD_ML>0.0</SIGNATURE_THRESHOLD_ML>
		<SIGNATURE_THRESHOLD_SAM>0.0</SIGNATURE_THRESHOLD_SAM>
	</signature>
	<signature ID="20210120_164628208781_163">
		<MACROCLASSID>1</MACROCLASSID>
		<MACROCLASSINFO>waterbody</MACROCLASSINFO>
		<CLASSID>12</CLASSID>
		<CLASSINFO>C 1</CLASSINFO>
		<VALUES>[0.10850789702060268, 0.004645705561424391, 0.10174291337631186, 0.00923420584032116, 0.08747112158001683, 0.010355514348399325, 0.07303057033188493, 0.01687816305585405, 0.03312433182204865, 0.013283426296557196, 0.020010897747183936, 0.009565280392688289]</VALUES>
		<LCS_MIN>[0.09348893165588379, 0.078888900578022, 0.0624505989253521, 0.04923771321773529, 0.013847188092768192, 0.0028733634389936924]</LCS_MIN>
		<LCS_MAX>[0.11958572268486023, 0.11672156304121017, 0.10436532646417618, 0.11036842316389084, 0.06444969028234482, 0.04324544221162796]</LCS_MAX>
		<WAVELENGTH>[0.485, 0.56, 0.66, 0.83, 1.65, 2.215]</WAVELENGTH>
		<MEAN_VALUE>[0.10850789702060268, 0.10174291337631186, 0.08747112158001683, 0.07303057033188493, 0.03312433182204865, 0.020010897747183936]</MEAN_VALUE>
		<CHECKBOX>2</CHECKBOX>
		<SD>[0.004645705561424391, 0.00923420584032116, 0.010355514348399325, 0.01687816305585405, 0.013283426296557196, 0.009565280392688289]</SD>
		<WAVELENGTH_UNIT>E-6m</WAVELENGTH_UNIT>
		<COLOR>#e41756</COLOR>
		<COVARIANCE_MATRIX>[[2.203221811214462e-05, 3.6576409911504015e-05, 4.3416686821728945e-05, -1.7554524674778804e-05, -1.0771647112051141e-06, 1.0302891496394295e-05], [3.6576409911504015e-05, 8.704702486284077e-05, 9.103541378863156e-05, -3.988714161096141e-05, -6.140857749414863e-06, 1.670899655437097e-05], [4.3416686821728945e-05, 9.103541378863156e-05, 0.00010947077680611983, -3.5775246942648664e-05, -2.0165030036878306e-06, 2.5277244276367128e-05], [-1.7554524674778804e-05, -3.988714161096141e-05, -3.5775246942648664e-05, 0.00029080722015351057, 0.0001961850211955607, 0.00011223852197872475], [-1.0771647112051141e-06, -6.140857749414863e-06, -2.0165030036878306e-06, 0.0001961850211955607, 0.00018012544023804367, 0.00010349754302296788], [1.0302891496394295e-05, 1.670899655437097e-05, 2.5277244276367128e-05, 0.00011223852197872475, 0.00010349754302296788, 9.340072574559599e-05]]</COVARIANCE_MATRIX>
		<ROI_SIZE>49</ROI_SIZE>
		<MAX_VALUE>[0.11958572268486023, 0.11672156304121017, 0.10436532646417618, 0.11036842316389084, 0.06444969028234482, 0.04324544221162796]</MAX_VALUE>
		<MIN_VALUE>[0.09348893165588379, 0.078888900578022, 0.0624505989253521, 0.04923771321773529, 0.013847188092768192, 0.0028733634389936924]</MIN_VALUE>
		<SIGNATURE_THRESHOLD_MD>0.0</SIGNATURE_THRESHOLD_MD>
		<SIGNATURE_THRESHOLD_ML>0.0</SIGNATURE_THRESHOLD_ML>
		<SIGNATURE_THRESHOLD_SAM>0.0</SIGNATURE_THRESHOLD_SAM>
	</signature>
	<signature ID="20210120_164644084973_350">
		<MACROCLASSID>1</MACROCLASSID>
		<MACROCLASSINFO>waterbody</MACROCLASSINFO>
		<CLASSID>13</CLASSID>
		<CLASSINFO>C 1</CLASSINFO>
		<VALUES>[0.11546317876681035, 0.002771306116632932, 0.11302053928375244, 0.005436259103756258, 0.09958157461622487, 0.00565836921668473, 0.07325334992745647, 0.020149053740339366, 0.04030960688934376, 0.021334083606866526, 0.030870520327564165, 0.016179566891793576]</VALUES>
		<LCS_MIN>[0.10914700478315353, 0.10158849507570267, 0.09388663619756699, 0.04923771321773529, 0.008224687539041042, 0.006910569965839386]</LCS_MIN>
		<LCS_MAX>[0.12132550776004791, 0.12428808957338333, 0.11484399437904358, 0.11473490297794342, 0.08412843197584152, 0.06343147158622742]</LCS_MAX>
		<WAVELENGTH>[0.485, 0.56, 0.66, 0.83, 1.65, 2.215]</WAVELENGTH>
		<MEAN_VALUE>[0.11546317876681035, 0.11302053928375244, 0.09958157461622487, 0.07325334992745647, 0.04030960688934376, 0.030870520327564165]</MEAN_VALUE>
		<CHECKBOX>2</CHECKBOX>
		<SD>[0.002771306116632932, 0.005436259103756258, 0.00565836921668473, 0.020149053740339366, 0.021334083606866526, 0.016179566891793576]</SD>
		<WAVELENGTH_UNIT>E-6m</WAVELENGTH_UNIT>
		<COLOR>#88ec49</COLOR>
		<COVARIANCE_MATRIX>[[7.850807378417812e-06, 8.830144906823989e-06, 1.144040379585931e-05, 6.161879355204292e-06, 1.4457988072535954e-05, 1.2469980902096722e-05], [8.830144906823989e-06, 3.020964504685253e-05, 1.8608883692650124e-05, 4.2216515794279985e-06, 1.573774716234766e-05, 1.156235612143064e-05], [1.144040379585931e-05, 1.8608883692650124e-05, 3.272863250458613e-05, 6.083710468374193e-05, 7.24500569049269e-05, 5.950575723545626e-05], [6.161879355204292e-06, 4.2216515794279985e-06, 6.083710468374193e-05, 0.000415006245020777, 0.0003825790190603584, 0.00027989951195195317], [1.4457988072535954e-05, 1.573774716234766e-05, 7.24500569049269e-05, 0.0003825790190603584, 0.00046525741345249116, 0.0003334863285999745], [1.2469980902096722e-05, 1.156235612143064e-05, 5.950575723545626e-05, 0.00027989951195195317, 0.0003334863285999745, 0.00026759569300338626]]</COVARIANCE_MATRIX>
		<ROI_SIZE>46</ROI_SIZE>
		<MAX_VALUE>[0.12132550776004791, 0.12428808957338333, 0.11484399437904358, 0.11473490297794342, 0.08412843197584152, 0.06343147158622742]</MAX_VALUE>
		<MIN_VALUE>[0.10914700478315353, 0.10158849507570267, 0.09388663619756699, 0.04923771321773529, 0.008224687539041042, 0.006910569965839386]</MIN_VALUE>
		<SIGNATURE_THRESHOLD_MD>0.0</SIGNATURE_THRESHOLD_MD>
		<SIGNATURE_THRESHOLD_ML>0.0</SIGNATURE_THRESHOLD_ML>
		<SIGNATURE_THRESHOLD_SAM>0.0</SIGNATURE_THRESHOLD_SAM>
	</signature>
	<signature ID="20210120_164649217749_809">
		<MACROCLASSID>1</MACROCLASSID>
		<MACROCLASSINFO>waterbody</MACROCLASSINFO>
		<CLASSID>14</CLASSID>
		<CLASSINFO>C 1</CLASSINFO>
		<VALUES>[0.11640871267603789, 0.0021247445666211654, 0.11713278795713963, 0.004040061771083716, 0.10330226725858191, 0.004175591988738121, 0.0622422300765048, 0.011462180370163012, 0.02894237831882809, 0.011743617248501047, 0.022006216701929978, 0.009161292740171046]</VALUES>
		<LCS_MIN>[0.11088678985834122, 0.10537175834178925, 0.09388663619756699, 0.04487122967839241, 0.008224687539041042, 0.01094777975231409]</LCS_MIN>
		<LCS_MAX>[0.12132550776004791, 0.12428808957338333, 0.11135111004114151, 0.09290249645709991, 0.05882718786597252, 0.04728265106678009]</LCS_MAX>
		<WAVELENGTH>[0.485, 0.56, 0.66, 0.83, 1.65, 2.215]</WAVELENGTH>
		<MEAN_VALUE>[0.11640871267603789, 0.11713278795713963, 0.10330226725858191, 0.0622422300765048, 0.02894237831882809, 0.022006216701929978]</MEAN_VALUE>
		<CHECKBOX>2</CHECKBOX>
		<SD>[0.0021247445666211654, 0.004040061771083716, 0.004175591988738121, 0.011462180370163012, 0.011743617248501047, 0.009161292740171046]</SD>
		<WAVELENGTH_UNIT>E-6m</WAVELENGTH_UNIT>
		<COLOR>#c9683d</COLOR>
		<COVARIANCE_MATRIX>[[4.614862518792506e-06, 3.236984184695757e-06, 5.4603842727374285e-06, 3.236862085032044e-06, 5.439137567009311e-06, 7.193542387540219e-06], [3.236984184695757e-06, 1.6684813090250827e-05, 9.843876796367113e-06, 2.24250311475771e-06, 1.350786624243483e-05, 1.6395397324231453e-05], [5.4603842727374285e-06, 9.843876796367113e-06, 1.7823025700636208e-05, 1.650419653742574e-05, 2.2513448129757307e-05, 1.8284294128534384e-05], [3.236862085032044e-06, 2.24250311475771e-06, 1.650419653742574e-05, 0.00013430116814561188, 0.00011166933836648241, 5.944256190559827e-05], [5.439137567009311e-06, 1.350786624243483e-05, 2.2513448129757307e-05, 0.00011166933836648241, 0.00014097726671025157, 8.006127609405667e-05], [7.193542387540219e-06, 1.6395397324231453e-05, 1.8284294128534384e-05, 5.944256190559827e-05, 8.006127609405667e-05, 8.579438144806772e-05]]</COVARIANCE_MATRIX>
		<ROI_SIZE>46</ROI_SIZE>
		<MAX_VALUE>[0.12132550776004791, 0.12428808957338333, 0.11135111004114151, 0.09290249645709991, 0.05882718786597252, 0.04728265106678009]</MAX_VALUE>
		<MIN_VALUE>[0.11088678985834122, 0.10537175834178925, 0.09388663619756699, 0.04487122967839241, 0.008224687539041042, 0.01094777975231409]</MIN_VALUE>
		<SIGNATURE_THRESHOLD_MD>0.0</SIGNATURE_THRESHOLD_MD>
		<SIGNATURE_THRESHOLD_ML>0.0</SIGNATURE_THRESHOLD_ML>
		<SIGNATURE_THRESHOLD_SAM>0.0</SIGNATURE_THRESHOLD_SAM>
	</signature>
	<signature ID="20210120_164654947950_120">
		<MACROCLASSID>1</MACROCLASSID>
		<MACROCLASSINFO>waterbody</MACROCLASSINFO>
		<CLASSID>15</CLASSID>
		<CLASSINFO>C 1</CLASSINFO>
		<VALUES>[0.11709465696053073, 0.0025804619198174675, 0.11710848803208629, 0.004907647053607426, 0.10428593747995114, 0.00505008891740642, 0.07087163411250169, 0.01561795380623701, 0.034228750874965706, 0.013397081853020909, 0.025766165101562037, 0.010197474745045886]</VALUES>
		<LCS_MIN>[0.11088678985834122, 0.10537175834178925, 0.09388663619756699, 0.04487122967839241, 0.008224687539041042, 0.01094777975231409]</LCS_MIN>
		<LCS_MAX>[0.12480507045984268, 0.1280713677406311, 0.11833689361810684, 0.0972689837217331, 0.07007218152284622, 0.059394270181655884]</LCS_MAX>
		<WAVELENGTH>[0.485, 0.56, 0.66, 0.83, 1.65, 2.215]</WAVELENGTH>
		<MEAN_VALUE>[0.11709465696053073, 0.11710848803208629, 0.10428593747995114, 0.07087163411250169, 0.034228750874965706, 0.025766165101562037]</MEAN_VALUE>
		<CHECKBOX>2</CHECKBOX>
		<SD>[0.0025804619198174675, 0.004907647053607426, 0.00505008891740642, 0.01561795380623701, 0.013397081853020909, 0.010197474745045886]</SD>
		<WAVELENGTH_UNIT>E-6m</WAVELENGTH_UNIT>
		<COLOR>#3fe10b</COLOR>
		<COVARIANCE_MATRIX>[[6.735321676387684e-06, 6.951766863494413e-06, 9.159780347545166e-06, 8.755706403462682e-06, 8.741923011257313e-06, 9.565184882376343e-06], [6.951766863494413e-06, 2.4361837859032676e-05, 1.719478859740775e-05, -1.5112722394405864e-05, -1.2530573485491914e-06, 9.29877205635421e-06], [9.159780347545166e-06, 1.719478859740775e-05, 2.579654028522782e-05, 2.0670197045546956e-05, 2.025954563578125e-05, 2.1936933990218677e-05], [8.755706403462682e-06, -1.5112722394405864e-05, 2.0670197045546956e-05, 0.00024672417202964425, 0.0001687495969235897, 9.98296745819971e-05], [8.741923011257313e-06, -1.2530573485491914e-06, 2.025954563578125e-05, 0.0001687495969235897, 0.0001815448049455881, 0.00010961495718220249], [9.565184882376343e-06, 9.29877205635421e-06, 2.1936933990218677e-05, 9.98296745819971e-05, 0.00010961495718220249, 0.00010518376075197011]]</COVARIANCE_MATRIX>
		<ROI_SIZE>88</ROI_SIZE>
		<MAX_VALUE>[0.12480507045984268, 0.1280713677406311, 0.11833689361810684, 0.0972689837217331, 0.07007218152284622, 0.059394270181655884]</MAX_VALUE>
		<MIN_VALUE>[0.11088678985834122, 0.10537175834178925, 0.09388663619756699, 0.04487122967839241, 0.008224687539041042, 0.01094777975231409]</MIN_VALUE>
		<SIGNATURE_THRESHOLD_MD>0.0</SIGNATURE_THRESHOLD_MD>
		<SIGNATURE_THRESHOLD_ML>0.0</SIGNATURE_THRESHOLD_ML>
		<SIGNATURE_THRESHOLD_SAM>0.0</SIGNATURE_THRESHOLD_SAM>
	</signature>
	<signature ID="20210120_164705062737_226">
		<MACROCLASSID>1</MACROCLASSID>
		<MACROCLASSINFO>waterbody</MACROCLASSINFO>
		<CLASSID>16</CLASSID>
		<CLASSINFO>C 1</CLASSINFO>
		<VALUES>[0.11697603336402349, 0.002254065968786192, 0.11604597925075463, 0.0050610180327232916, 0.10374159019972597, 0.006125277397418205, 0.07231767502214229, 0.014800879169536792, 0.035835179899420054, 0.015343745523779718, 0.02651986526325345, 0.011093891198737242]</VALUES>
		<LCS_MIN>[0.1126265823841095, 0.10537175834178925, 0.09388663619756699, 0.04923771321773529, 0.016658438369631767, 0.01094777975231409]</LCS_MIN>
