<?xml version="1.0" ?>
<signaturelist MCID_LIST="[['1', 'waterbody', '#0000ff'], ['2', 'vegetation', '#00ff00'], ['3', 'bareland', '#ffaa00'], ['4', 'built-up', '#ff0000']]">
	<signature ID="20200811_125412100597_293">
		<MACROCLASSID>1</MACROCLASSID>
		<MACROCLASSINFO>waterbody</MACROCLASSINFO>
		<CLASSID>1</CLASSID>
		<CLASSINFO>C 1</CLASSINFO>
		<VALUES>[0.08489847745060373, 0.00500250405160637, 0.08694818294183795, 0.008071318689322112, 0.06331567791679173, 0.010241488492610654, 0.03587491008928498, 0.011411950450334763, 0.006588622021308665, 0.006672372642857467, 0.004403521062720493, 0.005344491489569231]</VALUES>
		<LCS_MIN>[0.07609106600284576, 0.06375584006309509, 0.048479024320840836, 0.0230388343334198, 0.0, 0.0]</LCS_MIN>
		<LCS_MAX>[0.12480507045984268, 0.13942115008831024, 0.1323084682226181, 0.10600193589925766, 0.07288344204425812, 0.05535706505179405]</LCS_MAX>
		<WAVELENGTH>[0.485, 0.56, 0.66, 0.83, 1.65, 2.215]</WAVELENGTH>
		<MEAN_VALUE>[0.08489847745060373, 0.08694818294183795, 0.06331567791679173, 0.03587491008928498, 0.006588622021308665, 0.004403521062720493]</MEAN_VALUE>
		<CHECKBOX>2</CHECKBOX>
		<SD>[0.00500250405160637, 0.008071318689322112, 0.010241488492610654, 0.011411950450334763, 0.006672372642857467, 0.005344491489569231]</SD>
		<WAVELENGTH_UNIT>E-6m</WAVELENGTH_UNIT>
		<COLOR>#6df944</COLOR>
		<COVARIANCE_MATRIX>[[1.8332744222029946e-05, 2.29811187204608e-05, 3.3425405341688484e-05, 2.9662837683699406e-05, 1.2612229587666355e-05, 9.184346597388093e-06], [2.29811187204608e-05, 5.170582704290571e-05, 5.770306156736028e-05, 3.330094581814721e-05, 1.0581750904258485e-05, 7.65693527948193e-06], [3.3425405341688484e-05, 5.770306156736028e-05, 8.347829337516096e-05, 6.213130977331525e-05, 2.4466651468488323e-05, 1.75459332275435e-05], [2.9662837683699406e-05, 3.330094581814721e-05, 6.213130977331525e-05, 0.00011109892265028632, 5.142481345207229e-05, 3.590357635158093e-05], [1.2612229587666355e-05, 1.0581750904258485e-05, 2.4466651468488323e-05, 5.142481345207229e-05, 3.998025957953163e-05, 2.488756799753457e-05], [9.184346597388093e-06, 7.65693527948193e-06, 1.75459332275435e-05, 3.590357635158093e-05, 2.488756799753457e-05, 2.586358907486274e-05]]</COVARIANCE_MATRIX>
		<ROI_SIZE>6957</ROI_SIZE>
		<MAX_VALUE>[0.12480507045984268, 0.13942115008831024, 0.1323084682226181, 0.10600193589925766, 0.07288344204425812, 0.05535706505179405]</MAX_VALUE>
		<MIN_VALUE>[0.07609106600284576, 0.06375584006309509, 0.048479024320840836, 0.0230388343334198, 0.0, 0.0]</MIN_VALUE>
		<SIGNATURE_THRESHOLD_MD>0</SIGNATURE_THRESHOLD_MD>
		<SIGNATURE_THRESHOLD_ML>0</SIGNATURE_THRESHOLD_ML>
		<SIGNATURE_THRESHOLD_SAM>0</SIGNATURE_THRESHOLD_SAM>
	</signature>
	<signature ID="20200811_125423887257_626">
		<MACROCLASSID>1</MACROCLASSID>
		<MACROCLASSINFO>waterbody</MACROCLASSINFO>
		<CLASSID>2</CLASSID>
		<CLASSINFO>C 1</CLASSINFO>
		<VALUES>[0.1144327802717598, 0.006396381705388078, 0.13732119288607325, 0.01424905496057436, 0.12579455239788542, 0.014515915888112681, 0.05331565652496666, 0.01688232736474385, 0.01834714642442796, 0.015771070097817683, 0.011973915616167978, 0.011202450057827742]</VALUES>
		<LCS_MIN>[0.0830501988530159, 0.078888900578022, 0.0624505989253521, 0.03177179396152496, 0.0, 0.0]</LCS_MIN>
		<LCS_MAX>[0.12480507045984268, 0.15077096223831177, 0.13929425179958344, 0.11473490297794342, 0.07288344204425812, 0.06343147158622742]</LCS_MAX>
		<WAVELENGTH>[0.485, 0.56, 0.66, 0.83, 1.65, 2.215]</WAVELENGTH>
		<MEAN_VALUE>[0.1144327802717598, 0.13732119288607325, 0.12579455239788542, 0.05331565652496666, 0.01834714642442796, 0.011973915616167978]</MEAN_VALUE>
		<CHECKBOX>2</CHECKBOX>
		<SD>[0.006396381705388078, 0.01424905496057436, 0.014515915888112681, 0.01688232736474385, 0.015771070097817683, 0.011202450057827742]</SD>
		<WAVELENGTH_UNIT>E-6m</WAVELENGTH_UNIT>
		<COLOR>#6d6552</COLOR>
		<COVARIANCE_MATRIX>[[4.0973866125318875e-05, 8.532913962608665e-05, 8.626039925660047e-05, -6.01849597071105e-05, -5.520663329765217e-05, -3.2048491198843416e-05], [8.532913962608665e-05, 0.0002033341489860406, 0.00019921054431664215, -0.00014376818202389502, -0.0001328659937055797, -7.816195084243483e-05], [8.626039925660047e-05, 0.00019921054431664215, 0.00021102168438557204, -0.00012905407089915723, -0.00011799326877450533, -6.586987091636008e-05], [-6.01849597071105e-05, -0.00014376818202389502, -0.00012905407089915723, 0.0002854321139816299, 0.000244456190788981, 0.00015923247885220258], [-5.520663329765217e-05, -0.0001328659937055797, -0.00011799326877450533, 0.000244456190788981, 0.00024909242651855904, 0.000160162987944932], [-3.2048491198843416e-05, -7.816195084243483e-05, -6.586987091636008e-05, 0.00015923247885220258, 0.000160162987944932, 0.00012567943860297497]]</COVARIANCE_MATRIX>
		<ROI_SIZE>681</ROI_SIZE>
		<MAX_VALUE>[0.12480507045984268, 0.15077096223831177, 0.13929425179958344, 0.11473490297794342, 0.07288344204425812, 0.06343147158622742]</MAX_VALUE>
		<MIN_VALUE>[0.0830501988530159, 0.078888900578022, 0.0624505989253521, 0.03177179396152496, 0.0, 0.0]</MIN_VALUE>
		<SIGNATURE_THRESHOLD_MD>0</SIGNATURE_THRESHOLD_MD>
		<SIGNATURE_THRESHOLD_ML>0</SIGNATURE_THRESHOLD_ML>
		<SIGNATURE_THRESHOLD_SAM>0</SIGNATURE_THRESHOLD_SAM>
	</signature>
	<signature ID="20200811_125436068575_245">
		<MACROCLASSID>1</MACROCLASSID>
		<MACROCLASSINFO>waterbody</MACROCLASSINFO>
		<CLASSID>3</CLASSID>
		<CLASSINFO>C 1</CLASSINFO>
		<VALUES>[0.0851619015768311, 0.00392567781098835, 0.08399959043643968, 0.010117821859699857, 0.06170784398000292, 0.010130915941116826, 0.03943573457731453, 0.014342200600712186, 0.009193523766897157, 0.01084080229337041, 0.006208020468541091, 0.008677296861675727]</VALUES>
		<LCS_MIN>[0.07609106600284576, 0.05618930608034134, 0.03800033777952194, 0.018672354519367218, 0.0, 0.0]</LCS_MIN>
		<LCS_MAX>[0.10566743463277817, 0.1280713677406311, 0.1323084682226181, 0.0972689837217331, 0.07288344204425812, 0.06746868789196014]</LCS_MAX>
		<WAVELENGTH>[0.485, 0.56, 0.66, 0.83, 1.65, 2.215]</WAVELENGTH>
		<MEAN_VALUE>[0.0851619015768311, 0.08399959043643968, 0.06170784398000292, 0.03943573457731453, 0.009193523766897157, 0.006208020468541091]</MEAN_VALUE>
		<CHECKBOX>2</CHECKBOX>
		<SD>[0.00392567781098835, 0.010117821859699857, 0.010130915941116826, 0.014342200600712186, 0.01084080229337041, 0.008677296861675727]</SD>
		<WAVELENGTH_UNIT>E-6m</WAVELENGTH_UNIT>
		<COLOR>#e5c3f2</COLOR>
		<COVARIANCE_MATRIX>[[1.3546962323618186e-05, 9.840922776484902e-06, 1.9889034024677267e-05, 3.11642760679718e-05, 2.0514220614310915e-05, 1.552686745178984e-05], [9.840922776484902e-06, 8.635018027570434e-05, 6.797545165492483e-05, 7.940131538920842e-06, 1.922825500436236e-05, 1.7044034124041237e-05], [1.9889034024677267e-05, 6.797545165492483e-05, 8.15415817145095e-05, 5.4046063422116446e-05, 4.478169720546455e-05, 3.50557800114519e-05], [3.11642760679718e-05, 7.940131538920842e-06, 5.4046063422116446e-05, 0.00018157945348718172, 8.770857629168003e-05, 6.389338436702179e-05], [2.0514220614310915e-05, 1.922825500436236e-05, 4.478169720546455e-05, 8.770857629168003e-05, 9.707394076598335e-05, 7.106776702017828e-05], [1.552686745178984e-05, 1.7044034124041237e-05, 3.50557800114519e-05, 6.389338436702179e-05, 7.106776702017828e-05, 6.473511046184582e-05]]</COVARIANCE_MATRIX>
		<ROI_SIZE>7093</ROI_SIZE>
		<MAX_VALUE>[0.10566743463277817, 0.1280713677406311, 0.1323084682226181, 0.0972689837217331, 0.07288344204425812, 0.06746868789196014]</MAX_VALUE>
		<MIN_VALUE>[0.07609106600284576, 0.05618930608034134, 0.03800033777952194, 0.018672354519367218, 0.0, 0.0]</MIN_VALUE>
		<SIGNATURE_THRESHOLD_MD>0</SIGNATURE_THRESHOLD_MD>
		<SIGNATURE_THRESHOLD_ML>0</SIGNATURE_THRESHOLD_ML>
		<SIGNATURE_THRESHOLD_SAM>0</SIGNATURE_THRESHOLD_SAM>
	</signature>
	<signature ID="20200811_125448753339_441">
		<MACROCLASSID>1</MACROCLASSID>
		<MACROCLASSINFO>waterbody</MACROCLASSINFO>
		<CLASSID>4</CLASSID>
		<CLASSINFO>C 1</CLASSINFO>
		<VALUES>[0.08977713206934829, 0.0058134489154111684, 0.07712067150123131, 0.012746820105521651, 0.06244010347473272, 0.015940064774427866, 0.04886478043037426, 0.018699941669030204, 0.014362522231438902, 0.011637899884799794, 0.009470134571018756, 0.008734923885552094]</VALUES>
		<LCS_MIN>[0.07783085107803345, 0.05618930608034134, 0.03800033777952194, 0.0230388343334198, 0.0, 0.0]</LCS_MIN>
		<LCS_MAX>[0.11088678985834122, 0.1280713677406311, 0.12532268464565277, 0.0972689837217331, 0.07288344204425812, 0.06343147158622742]</LCS_MAX>
		<WAVELENGTH>[0.485, 0.56, 0.66, 0.83, 1.65, 2.215]</WAVELENGTH>
		<MEAN_VALUE>[0.08977713206934829, 0.07712067150123131, 0.06244010347473272, 0.04886478043037426, 0.014362522231438902, 0.009470134571018756]</MEAN_VALUE>
		<CHECKBOX>2</CHECKBOX>
		<SD>[0.0058134489154111684, 0.012746820105521651, 0.015940064774427866, 0.018699941669030204, 0.011637899884799794, 0.008734923885552094]</SD>
		<WAVELENGTH_UNIT>E-6m</WAVELENGTH_UNIT>
		<COLOR>#1b2a4e</COLOR>
		<COVARIANCE_MATRIX>[[3.3810699321846704e-05, 6.389794322975682e-05, 7.933368854919313e-05, 4.972109465376001e-05, 2.8537559208163772e-05, 2.054249018612486e-05], [6.389794322975682e-05, 0.00016255118726058362, 0.00019200367986696286, 0.00011797747283928616, 6.1523732653403e-05, 4.476261837483832e-05], [7.933368854919313e-05, 0.00019200367986696286, 0.0002541947614771089, 0.00019180406286295988, 0.00010027724963929421, 7.270443223906431e-05], [4.972109465376001e-05, 0.00011797747283928616, 0.00019180406286295988, 0.00034983796347383265, 0.000157017850131835, 0.00010967110113590953], [2.8537559208163772e-05, 6.1523732653403e-05, 0.00010027724963929421, 0.000157017850131835, 0.00013549886774911668, 9.086125406206325e-05], [2.054249018612486e-05, 4.476261837483832e-05, 7.270443223906431e-05, 0.00010967110113590953, 9.086125406206325e-05, 7.633165565362168e-05]]</COVARIANCE_MATRIX>
		<ROI_SIZE>2330</ROI_SIZE>
		<MAX_VALUE>[0.11088678985834122, 0.1280713677406311, 0.12532268464565277, 0.0972689837217331, 0.07288344204425812, 0.06343147158622742]</MAX_VALUE>
		<MIN_VALUE>[0.07783085107803345, 0.05618930608034134, 0.03800033777952194, 0.0230388343334198, 0.0, 0.0]</MIN_VALUE>
		<SIGNATURE_THRESHOLD_MD>0</SIGNATURE_THRESHOLD_MD>
		<SIGNATURE_THRESHOLD_ML>0</SIGNATURE_THRESHOLD_ML>
		<SIGNATURE_THRESHOLD_SAM>0</SIGNATURE_THRESHOLD_SAM>
	</signature>
	<signature ID="20200811_125457492901_668">
		<MACROCLASSID>1</MACROCLASSID>
		<MACROCLASSINFO>waterbody</MACROCLASSINFO>
		<CLASSID>5</CLASSID>
		<CLASSINFO>C 1</CLASSINFO>
		<VALUES>[0.08815778405259815, 0.002809133979370259, 0.06964576735945267, 0.004742406006148537, 0.04274768387220645, 0.006682430458042371, 0.03710940130104042, 0.015912223567056686, 0.020535250952316973, 0.015053989342378823, 0.013710253836688346, 0.01128480047100008]</VALUES>
		<LCS_MIN>[0.07609106600284576, 0.05618930608034134, 0.03101455606520176, 0.014305876567959785, 0.0, 0.0]</LCS_MIN>
		<LCS_MAX>[0.09696850180625916, 0.09023869782686234, 0.0729292780160904, 0.0972689837217331, 0.07007218152284622, 0.05535706505179405]</LCS_MAX>
		<WAVELENGTH>[0.485, 0.56, 0.66, 0.83, 1.65, 2.215]</WAVELENGTH>
		<MEAN_VALUE>[0.08815778405259815, 0.06964576735945267, 0.04274768387220645, 0.03710940130104042, 0.020535250952316973, 0.013710253836688346]</MEAN_VALUE>
		<CHECKBOX>2</CHECKBOX>
		<SD>[0.002809133979370259, 0.004742406006148537, 0.006682430458042371, 0.015912223567056686, 0.015053989342378823, 0.01128480047100008]</SD>
		<WAVELENGTH_UNIT>E-6m</WAVELENGTH_UNIT>
		<COLOR>#7fe759</COLOR>
		<COVARIANCE_MATRIX>[[7.904255551864649e-06, 8.707851133751003e-06, 6.979461500645841e-06, -1.48332330817562e-06, 2.4045742861209706e-06, 3.3275470311551344e-06], [8.707851133751003e-06, 2.2527527622743052e-05, 1.920273506099902e-05, 1.6542099928649233e-05, 2.140851653284067e-05, 1.7884674106492544e-05], [6.979461500645841e-06, 1.920273506099902e-05, 4.472856474212761e-05, 8.223598459959583e-05, 7.868961580606978e-05, 5.846217105512687e-05], [-1.48332330817562e-06, 1.6542099928649233e-05, 8.223598459959583e-05, 0.00025361667874708297, 0.00019976033435109293, 0.00013812478163434952], [2.4045742861209706e-06, 2.140851653284067e-05, 7.868961580606978e-05, 0.00019976033435109293, 0.00022699655979887184, 0.00015621179539917725], [3.3275470311551344e-06, 1.7884674106492544e-05, 5.846217105512687e-05, 0.00013812478163434952, 0.00015621179539917725, 0.0001275568647753501]]</COVARIANCE_MATRIX>
		<ROI_SIZE>607</ROI_SIZE>
		<MAX_VALUE>[0.09696850180625916, 0.09023869782686234, 0.0729292780160904, 0.0972689837217331, 0.07007218152284622, 0.05535706505179405]</MAX_VALUE>
		<MIN_VALUE>[0.07609106600284576, 0.05618930608034134, 0.03101455606520176, 0.014305876567959785, 0.0, 0.0]</MIN_VALUE>
		<SIGNATURE_THRESHOLD_MD>0</SIGNATURE_THRESHOLD_MD>
		<SIGNATURE_THRESHOLD_ML>0</SIGNATURE_THRESHOLD_ML>
		<SIGNATURE_THRESHOLD_SAM>0</SIGNATURE_THRESHOLD_SAM>
	</signature>
	<signature ID="20200811_125519870096_874">
		<MACROCLASSID>1</MACROCLASSID>
		<MACROCLASSINFO>waterbody</MACROCLASSINFO>
		<CLASSID>6</CLASSID>
		<CLASSINFO>C 1</CLASSINFO>
		<VALUES>[0.1040396093215683, 0.005809252084254465, 0.12499979271156954, 0.015767891138230534, 0.10621551461148969, 0.014212277583122232, 0.05284762253413106, 0.020035497118297444, 0.021612918340960633, 0.017740908773828393, 0.013386450804733104, 0.01204069466990334]</VALUES>
		<LCS_MIN>[0.0830501988530159, 0.07132237404584885, 0.05546480789780617, 0.03177179396152496, 0.002602187916636467, 0.0]</LCS_MIN>
		<LCS_MAX>[0.1126265823841095, 0.13942115008831024, 0.12182978540658951, 0.11036842316389084, 0.07288344204425812, 0.05535706505179405]</LCS_MAX>
		<WAVELENGTH>[0.485, 0.56, 0.66, 0.83, 1.65, 2.215]</WAVELENGTH>
		<MEAN_VALUE>[0.1040396093215683, 0.12499979271156954, 0.10621551461148969, 0.05284762253413106, 0.021612918340960633, 0.013386450804733104]</MEAN_VALUE>
		<CHECKBOX>2</CHECKBOX>
		<SD>[0.005809252084254465, 0.015767891138230534, 0.014212277583122232, 0.020035497118297444, 0.017740908773828393, 0.01204069466990334]</SD>
		<WAVELENGTH_UNIT>E-6m</WAVELENGTH_UNIT>
		<COLOR>#7760d4</COLOR>
		<COVARIANCE_MATRIX>[[3.391530733950145e-05, 8.58143463268949e-05, 7.582850273357721e-05, -5.758964871238906e-05, -5.4017568901789394e-05, -2.929266342546276e-05], [8.58143463268949e-05, 0.0002498633381657314, 0.00021471143909328864, -0.00017805079264396491, -0.000169587638723329, -9.954986752581599e-05], [7.582850273357721e-05, 0.00021471143909328864, 0.00020299375367235377, -0.0001146878785047089, -0.00011400146594894735, -6.496675117311954e-05], [-5.758964871238906e-05, -0.00017805079264396491, -0.0001146878785047089, 0.00040341826490057484, 0.00032329037043815276, 0.00019965778190923793], [-5.4017568901789394e-05, -0.000169587638723329, -0.00011400146594894735, 0.00032329037043815276, 0.00031630571399255135, 0.00019694687992992648], [-2.929266342546276e-05, -9.954986752581599e-05, -6.496675117311954e-05, 0.00019965778190923793, 0.00019694687992992648, 0.00014569961334843495]]</COVARIANCE_MATRIX>
		<ROI_SIZE>202</ROI_SIZE>
		<MAX_VALUE>[0.1126265823841095, 0.13942115008831024, 0.12182978540658951, 0.11036842316389084, 0.07288344204425812, 0.05535706505179405]</MAX_VALUE>
		<MIN_VALUE>[0.0830501988530159, 0.07132237404584885, 0.05546480789780617, 0.03177179396152496, 0.002602187916636467, 0.0]</MIN_VALUE>
		<SIGNATURE_THRESHOLD_MD>0</SIGNATURE_THRESHOLD_MD>
		<SIGNATURE_THRESHOLD_ML>0</SIGNATURE_THRESHOLD_ML>
		<SIGNATURE_THRESHOLD_SAM>0</SIGNATURE_THRESHOLD_SAM>
	</signature>
	<signature ID="20200811_125542325027_822">
		<MACROCLASSID>1</MACROCLASSID>
		<MACROCLASSINFO>waterbody</MACROCLASSINFO>
		<CLASSID>7</CLASSID>
		<CLASSINFO>C 1</CLASSINFO>
		<VALUES>[0.10101175871491426, 0.0068369437699242605, 0.10129339989274738, 0.012275467528761574, 0.08538493539020421, 0.010874989678025755, 0.044076531223952775, 0.016503257139239478, 0.015047289237380036, 0.01623795766620822, 0.009886824510991576, 0.011558692185280422]</VALUES>
		<LCS_MIN>[0.06739213317632675, 0.04483950883150101, 0.03101455606520176, 0.03177179396152496, 0.0, 0.0]</LCS_MIN>
		<LCS_MAX>[0.10914700478315353, 0.112938292324543, 0.09737953543663025, 0.10600193589925766, 0.07288344204425812, 0.059394270181655884]</LCS_MAX>
		<WAVELENGTH>[0.485, 0.56, 0.66, 0.83, 1.65, 2.215]</WAVELENGTH>
		<MEAN_VALUE>[0.10101175871491426, 0.10129339989274738, 0.08538493539020421, 0.044076531223952775, 0.015047289237380036, 0.009886824510991576]</MEAN_VALUE>
		<CHECKBOX>2</CHECKBOX>
		<SD>[0.0068369437699242605, 0.012275467528761574, 0.010874989678025755, 0.016503257139239478, 0.01623795766620822, 0.011558692185280422]</SD>
		<WAVELENGTH_UNIT>E-6m</WAVELENGTH_UNIT>
		<COLOR>#22514c</COLOR>
		<COVARIANCE_MATRIX>[[4.683747506323271e-05, 7.999573580917888e-05, 6.990622040495731e-05, -8.454632410965571e-05, -7.684819807404108e-05, -4.823338263021113e-05], [7.999573580917888e-05, 0.00015098908121210396, 0.0001271952521150507, -0.00015933912421103988, -0.00014782740035107684, -9.402156892398896e-05], [6.990622040495731e-05, 0.0001271952521150507, 0.00011850240530778241, -0.00012156981669563285, -0.00011210480364972187, -6.861096390625484e-05], [-8.454632410965571e-05, -0.00015933912421103988, -0.00012156981669563285, 0.0002729033028094779, 0.00024265246865401327, 0.00016069065468151317], [-7.684819807404108e-05, -0.00014782740035107684, -0.00011210480364972187, 0.00024265246865401327, 0.0002641996685065833, 0.00017569017799102418], [-4.823338263021113e-05, -9.402156892398896e-05, -6.861096390625484e-05, 0.00016069065468151317, 0.00017569017799102418, 0.00013387110724855978]]</COVARIANCE_MATRIX>
		<ROI_SIZE>500</ROI_SIZE>
		<MAX_VALUE>[0.10914700478315353, 0.112938292324543, 0.09737953543663025, 0.10600193589925766, 0.07288344204425812, 0.059394270181655884]</MAX_VALUE>
		<MIN_VALUE>[0.06739213317632675, 0.04483950883150101, 0.03101455606520176, 0.03177179396152496, 0.0, 0.0]</MIN_VALUE>
		<SIGNATURE_THRESHOLD_MD>0</SIGNATURE_THRESHOLD_MD>
		<SIGNATURE_THRESHOLD_ML>0</SIGNATURE_THRESHOLD_ML>
		<SIGNATURE_THRESHOLD_SAM>0</SIGNATURE_THRESHOLD_SAM>
	</signature>
	<signature ID="20200811_125558394375_670">
		<MACROCLASSID>1</MACROCLASSID>
		<MACROCLASSINFO>waterbody</MACROCLASSINFO>
		<CLASSID>8</CLASSID>
		<CLASSINFO>C 1</CLASSINFO>
		<VALUES>[0.10349173074022354, 0.005777010919228909, 0.11609241653010739, 0.012600082462241157, 0.09586155560784491, 0.012700562407909179, 0.049692753983244395, 0.019501604069334003, 0.021278292717135404, 0.015602064573909327, 0.014647885027471651, 0.012311310127166339]</VALUES>
		<LCS_MIN>[0.072611503303051, 0.05240604653954506, 0.034507445991039276, 0.02740531414747238, 0.0, 0.0]</LCS_MIN>
		<LCS_MAX>[0.11958572268486023, 0.1280713677406311, 0.12182978540658951, 0.10600193589925766, 0.07288344204425812, 0.06746868789196014]</LCS_MAX>
		<WAVELENGTH>[0.485, 0.56, 0.66, 0.83, 1.65, 2.215]</WAVELENGTH>
		<MEAN_VALUE>[0.10349173074022354, 0.11609241653010739, 0.09586155560784491, 0.049692753983244395, 0.021278292717135404, 0.014647885027471651]</MEAN_VALUE>
		<CHECKBOX>2</CHECKBOX>
		<SD>[0.005777010919228909, 0.012600082462241157, 0.012700562407909179, 0.019501604069334003, 0.015602064573909327, 0.012311310127166339]</SD>
		<WAVELENGTH_UNIT>E-6m</WAVELENGTH_UNIT>
		<COLOR>#b12876</COLOR>
		<COVARIANCE_MATRIX>[[3.344801928347007e-05, 6.351274422691777e-05, 5.674315432812173e-05, -3.0407620471598002e-05, -2.374079867805969e-05, -8.863763882804174e-06], [6.351274422691777e-05, 0.0001591148826731779, 0.00012922080035858083, -0.00011428537826703352, -8.34690569893064e-05, -4.4699323642452736e-05], [5.674315432812173e-05, 0.00012922080035858083, 0.00016166273944492272, -1.3712033952095108e-05, -1.0560829389940611e-05, 1.4885088113113618e-05], [-3.0407620471598002e-05, -0.00011428537826703352, -1.3712033952095108e-05, 0.0003811577003021248, 0.000260162436310623, 0.00019210621867326287], [-2.374079867805969e-05, -8.34690569893064e-05, -1.0560829389940611e-05, 0.000260162436310623, 0.00024396536212169988, 0.00017454023617647428], [-8.863763882804174e-06, -4.4699323642452736e-05, 1.4885088113113618e-05, 0.00019210621867326287, 0.00017454023617647428, 0.00015190517561848457]]</COVARIANCE_MATRIX>
		<ROI_SIZE>451</ROI_SIZE>
		<MAX_VALUE>[0.11958572268486023, 0.1280713677406311, 0.12182978540658951, 0.10600193589925766, 0.07288344204425812, 0.06746868789196014]</MAX_VALUE>
		<MIN_VALUE>[0.072611503303051, 0.05240604653954506, 0.034507445991039276, 0.02740531414747238, 0.0, 0.0]</MIN_VALUE>
		<SIGNATURE_THRESHOLD_MD>0</SIGNATURE_THRESHOLD_MD>
		<SIGNATURE_THRESHOLD_ML>0</SIGNATURE_THRESHOLD_ML>
		<SIGNATURE_THRESHOLD_SAM>0</SIGNATURE_THRESHOLD_SAM>
	</signature>
	<signature ID="20200811_125606065477_365">
		<MACROCLASSID>1</MACROCLASSID>
		<MACROCLASSINFO>waterbody</MACROCLASSINFO>
		<CLASSID>9</CLASSID>
		<CLASSINFO>C 1</CLASSINFO>
		<VALUES>[0.1022535659145737, 0.0033111625836358466, 0.09998018590150695, 0.00503226757583451, 0.06209120826660334, 0.006507767429813133, 0.029561824960753897, 0.010129392227738045, 0.007876899094359891, 0.008778961513743631, 0.005154273900421492, 0.006847900805656259]</VALUES>
		<LCS_MIN>[0.07435128092765808, 0.05618930608034134, 0.03800033777952194, 0.018672354519367218, 0.0, 0.0]</LCS_MIN>
		<LCS_MAX>[0.12828464806079865, 0.13563787937164307, 0.12182978540658951, 0.10163546353578568, 0.07288344204425812, 0.06343147158622742]</LCS_MAX>
		<WAVELENGTH>[0.485, 0.56, 0.66, 0.83, 1.65, 2.215]</WAVELENGTH>
		<MEAN_VALUE>[0.1022535659145737, 0.09998018590150695, 0.06209120826660334, 0.029561824960753897, 0.007876899094359891, 0.005154273900421492]</MEAN_VALUE>
		<CHECKBOX>2</CHECKBOX>
		<SD>[0.0033111625836358466, 0.00503226757583451, 0.006507767429813133, 0.010129392227738045, 0.008778961513743631, 0.006847900805656259]</SD>
		<WAVELENGTH_UNIT>E-6m</WAVELENGTH_UNIT>
		<COLOR>#1a721b</COLOR>
		<COVARIANCE_MATRIX>[[1.0966654298744775e-05, 1.2427808863559688e-05, 9.80079659288109e-06, -2.912828823383942e-06, -6.02649772224634e-06, -3.819840719718873e-06], [1.2427808863559688e-05, 2.533031510929153e-05, 1.6947130449525485e-05, -4.433285927560752e-06, -9.479667694413275e-06, -5.619230888365905e-06], [9.80079659288109e-06, 1.6947130449525485e-05, 4.236207158362198e-05, 3.841158677152791e-05, 2.685198228669389e-05, 2.069596298328872e-05], [-2.912828823383942e-06, -4.433285927560752e-06, 3.841158677152791e-05, 0.00010263132077175619, 7.71087673160019e-05, 5.506805356710971e-05], [-6.02649772224634e-06, -9.479667694413275e-06, 2.685198228669389e-05, 7.71087673160019e-05, 7.70902460740858e-05, 5.204820045676656e-05], [-3.819840719718873e-06, -5.619230888365905e-06, 2.069596298328872e-05, 5.506805356710971e-05, 5.204820045676656e-05, 4.690596372066958e-05]]</COVARIANCE_MATRIX>
		<ROI_SIZE>3839</ROI_SIZE>
		<MAX_VALUE>[0.12828464806079865, 0.13563787937164307, 0.12182978540658951, 0.10163546353578568, 0.07288344204425812, 0.06343147158622742]</MAX_VALUE>
		<MIN_VALUE>[0.07435128092765808, 0.05618930608034134, 0.03800033777952194, 0.018672354519367218, 0.0, 0.0]</MIN_VALUE>
		<SIGNATURE_THRESHOLD_MD>0</SIGNATURE_THRESHOLD_MD>
		<SIGNATURE_THRESHOLD_ML>0</SIGNATURE_THRESHOLD_ML>
		<SIGNATURE_THRESHOLD_SAM>0</SIGNATURE_THRESHOLD_SAM>
	</signature>
	<signature ID="20200811_125619545864_973">
		<MACROCLASSID>1</MACROCLASSID>
		<MACROCLASSINFO>waterbody</MACROCLASSINFO>
		<CLASSID>10</CLASSID>
		<CLASSINFO>C 1</CLASSINFO>
		<VALUES>[0.1290227370430725, 0.00660336951530319, 0.16873191507777774, 0.0146015596533579, 0.1267339489375702, 0.010864603873013298, 0.05025214637921315, 0.015942054236305445, 0.02617125391884886, 0.017656939199287333, 0.01805523276385484, 0.012423786899023143]</VALUES>
		<LCS_MIN>[0.10566743463277817, 0.11672156304121017, 0.09039373695850372, 0.02740531414747238, 0.005413438193500042, 0.0]</LCS_MIN>
		<LCS_MAX>[0.13698357343673706, 0.1810370832681656, 0.14628005027770996, 0.10163546353578568, 0.07850594073534012, 0.05535706505179405]</LCS_MAX>
		<WAVELENGTH>[0.485, 0.56, 0.66, 0.83, 1.65, 2.215]</WAVELENGTH>
		<MEAN_VALUE>[0.1290227370430725, 0.16873191507777774, 0.1267339489375702, 0.05025214637921315, 0.02617125391884886, 0.01805523276385484]</MEAN_VALUE>
		<CHECKBOX>2</CHECKBOX>
		<SD>[0.00660336951530319, 0.0146015596533579, 0.010864603873013298, 0.015942054236305445, 0.017656939199287333, 0.012423786899023143]</SD>
		<WAVELENGTH_UNIT>E-6m</WAVELENGTH_UNIT>
		<COLOR>#ec7259</COLOR>
		<COVARIANCE_MATRIX>[[4.404943272048893e-05, 9.212256217487722e-05, 6.219694958055632e-05, -5.8817181070144084e-05, -5.250915351474597e-05, -3.1397850061560345e-05], [9.212256217487722e-05, 0.00021538111108924872, 0.000137687624857881, -0.0001493826230852425, -0.00013450959896173258, -8.099802332802536e-05], [6.219694958055632e-05, 0.000137687624857881, 0.00011924410320849027, -4.471113255426641e-05, -2.9092820512698054e-05, -1.1530341344083913e-05], [-5.8817181070144084e-05, -0.0001493826230852425, -4.471113255426641e-05, 0.0002567424513679298, 0.0002472804243070322, 0.00015332298704262868], [-5.250915351474597e-05, -0.00013450959896173258, -2.9092820512698054e-05, 0.0002472804243070322, 0.0003149488029269964, 0.0001904895029036235], [-3.1397850061560345e-05, -8.099802332802536e-05, -1.1530341344083913e-05, 0.00015332298704262868, 0.0001904895029036235, 0.00015592548581960786]]</COVARIANCE_MATRIX>
		<ROI_SIZE>99</ROI_SIZE>
		<MAX_VALUE>[0.13698357343673706, 0.1810370832681656, 0.14628005027770996, 0.10163546353578568, 0.07850594073534012, 0.05535706505179405]</MAX_VALUE>
		<MIN_VALUE>[0.10566743463277817, 0.11672156304121017, 0.09039373695850372, 0.02740531414747238, 0.005413438193500042, 0.0]</MIN_VALUE>
		<SIGNATURE_THRESHOLD_MD>0</SIGNATURE_THRESHOLD_MD>
		<SIGNATURE_THRESHOLD_ML>0</SIGNATURE_THRESHOLD_ML>
		<SIGNATURE_THRESHOLD_SAM>0</SIGNATURE_THRESHOLD_SAM>
	</signature>
	<signature ID="20200811_125635633925_540">
		<MACROCLASSID>1</MACROCLASSID>
		<MACROCLASSINFO>waterbody</MACROCLASSINFO>
		<CLASSID>11</CLASSID>
		<CLASSINFO>C 1</CLASSINFO>
		<VALUES>[0.1478479608766214, 0.004623072341155545, 0.2202259045449294, 0.011298259792478916, 0.269033149054346, 0.0153542798118504, 0.12520699426637774, 0.006811026181279896, 0.018818159459177336, 0.015558441008668506, 0.01489206425154087, 0.014160327720708117]</VALUES>
		<LCS_MIN>[0.12480507045984268, 0.17347052693367004, 0.20915214717388153, 0.10600193589925766, 0.0, 0.0]</LCS_MIN>
		<LCS_MAX>[0.15612122416496277, 0.23400278389453888, 0.28948870301246643, 0.1671326458454132, 0.07569469511508942, 0.07150590419769287]</LCS_MAX>
		<WAVELENGTH>[0.485, 0.56, 0.66, 0.83, 1.65, 2.215]</WAVELENGTH>
		<MEAN_VALUE>[0.1478479608766214, 0.2202259045449294, 0.269033149054346, 0.12520699426637774, 0.018818159459177336, 0.01489206425154087]</MEAN_VALUE>
		<CHECKBOX>2</CHECKBOX>
		<SD>[0.004623072341155545, 0.011298259792478916, 0.0153542798118504, 0.006811026181279896, 0.015558441008668506, 0.014160327720708117]</SD>
		<WAVELENGTH_UNIT>E-6m</WAVELENGTH_UNIT>
		<COLOR>#c2d122</COLOR>
		<COVARIANCE_MATRIX>[[2.1403243452571465e-05, 4.4633832366333246e-05, 6.0927219294692046e-05, -5.2755864783000684e-06, -4.4673612154134624e-05, -3.876732134726331e-05], [4.4633832366333246e-05, 0.00012783251290577894, 0.0001665710281599387, -2.5329293905176964e-05, -0.00012798378382669165, -0.0001134467325622955], [6.0927219294692046e-05, 0.0001665710281599387, 0.00023608974031914134, -3.387579568273035e-05, -0.0001764046812304798, -0.00015625852396400862], [-5.2755864783000684e-06, -2.5329293905176964e-05, -3.387579568273035e-05, 4.6456160373764145e-05, 7.057216385186125e-05, 6.335680776014171e-05], [-4.4673612154134624e-05, -0.00012798378382669165, -0.0001764046812304798, 7.057216385186125e-05, 0.0002424099086809307, 0.00020557882389856218], [-3.876732134726331e-05, -0.0001134467325622955, -0.00015625852396400862, 6.335680776014171e-05, 0.00020557882389856218, 0.00020080051489169813]]</COVARIANCE_MATRIX>
		<ROI_SIZE>703</ROI_SIZE>
		<MAX_VALUE>[0.15612122416496277, 0.23400278389453888, 0.28948870301246643, 0.1671326458454132, 0.07569469511508942, 0.07150590419769287]</MAX_VALUE>
		<MIN_VALUE>[0.12480507045984268, 0.17347052693367004, 0.20915214717388153, 0.10600193589925766, 0.0, 0.0]</MIN_VALUE>
		<SIGNATURE_THRESHOLD_MD>0</SIGNATURE_THRESHOLD_MD>
		<SIGNATURE_THRESHOLD_ML>0</SIGNATURE_THRESHOLD_ML>
		<SIGNATURE_THRESHOLD_SAM>0</SIGNATURE_THRESHOLD_SAM>
	</signature>
	<signature ID="20200811_125652362692_732">
		<MACROCLASSID>1</MACROCLASSID>
		<MACROCLASSINFO>waterbody</MACROCLASSINFO>
		<CLASSID>12</CLASSID>
		<CLASSINFO>C 1</CLASSINFO>
		<VALUES>[0.10547676845772626, 0.006226857241843489, 0.12599833457641396, 0.015003475769019475, 0.08891046001282456, 0.010453414333880948, 0.04253845508784463, 0.017645666598645037, 0.025169208594789244, 0.019631780363994742, 0.01682596850808556, 0.013210254809729788]</VALUES>
		<LCS_MIN>[0.07783085107803345, 0.059972573071718216, 0.041493237018585205, 0.02740531414747238, 0.005413438193500042, 0.0]</LCS_MIN>
		<LCS_MAX>[0.11088678985834122, 0.13942115008831024, 0.10785820335149765, 0.10600193589925766, 0.08412843197584152, 0.05131985619664192]</LCS_MAX>
		<WAVELENGTH>[0.485, 0.56, 0.66, 0.83, 1.65, 2.215]</WAVELENGTH>
		<MEAN_VALUE>[0.10547676845772626, 0.12599833457641396, 0.08891046001282456, 0.04253845508784463, 0.025169208594789244, 0.01682596850808556]</MEAN_VALUE>
		<CHECKBOX>2</CHECKBOX>
		<SD>[0.006226857241843489, 0.015003475769019475, 0.010453414333880948, 0.017645666598645037, 0.019631780363994742, 0.013210254809729788]</SD>
		<WAVELENGTH_UNIT>E-6m</WAVELENGTH_UNIT>
		<COLOR>#22d55b</COLOR>
		<COVARIANCE_MATRIX>[[3.9312275431275056e-05, 8.845725466038381e-05, 5.440525037237949e-05, -8.232693665474569e-05, -7.185526455776808e-05, -3.626813512762992e-05], [8.845725466038381e-05, 0.00022823073355643784, 0.00012921139142194011, -0.000220345540407353, -0.00019718951077968096, -0.00010568284486004084], [5.440525037237949e-05, 0.00012921139142194011, 0.00011079156389184032, -8.506215136362542e-05, -4.81628492524967e-05, -1.5641695217011196e-05], [-8.232693665474569e-05, -0.000220345540407353, -8.506215136362542e-05, 0.00031569412678985004, 0.00030484743897840594, 0.00018402835802561798], [-7.185526455776808e-05, -0.00019718951077968096, -4.81628492524967e-05, 0.00030484743897840594, 0.00039075967248596456, 0.0002403805712841778], [-3.626813512762992e-05, -0.00010568284486004084, -1.5641695217011196e-05, 0.00018402835802561798, 0.0002403805712841778, 0.0001769345936954609]]</COVARIANCE_MATRIX>
		<ROI_SIZE>73</ROI_SIZE>
		<MAX_VALUE>[0.11088678985834122, 0.13942115008831024, 0.10785820335149765, 0.10600193589925766, 0.08412843197584152, 0.05131985619664192]</MAX_VALUE>
		<MIN_VALUE>[0.07783085107803345, 0.059972573071718216, 0.041493237018585205, 0.02740531414747238, 0.005413438193500042, 0.0]</MIN_VALUE>
		<SIGNATURE_THRESHOLD_MD>0</SIGNATURE_THRESHOLD_MD>
		<SIGNATURE_THRESHOLD_ML>0</SIGNATURE_THRESHOLD_ML>
		<SIGNATURE_THRESHOLD_SAM>0</SIGNATURE_THRESHOLD_SAM>
	</signature>
	<signature ID="20200811_125709945282_421">
		<MACROCLASSID>1</MACROCLASSID>
		<MACROCLASSINFO>waterbody</MACROCLASSINFO>
		<CLASSID>13</CLASSID>
		<CLASSINFO>C 1</CLASSINFO>
		<VALUES>[0.11857743232764982, 0.004399174950784459, 0.1274264817041429, 0.01116808522060171, 0.0810105636038564, 0.018930826337670965, 0.044613211847503075, 0.01701407687982252, 0.025443594589490786, 0.017649170131928977, 0.01857400093312291, 0.015287907229570283]</VALUES>
		<LCS_MIN>[0.10392763465642929, 0.10537175834178925, 0.05546480789780617, 0.018672354519367218, 0.008224687539041042, 0.0]</LCS_MIN>
		<LCS_MAX>[0.131764218211174, 0.1621207594871521, 0.1427871733903885, 0.10600193589925766, 0.08412843197584152, 0.07958029955625534]</LCS_MAX>
		<WAVELENGTH>[0.485, 0.56, 0.66, 0.83, 1.65, 2.215]</WAVELENGTH>
		<MEAN_VALUE>[0.11857743232764982, 0.1274264817041429, 0.0810105636038564, 0.044613211847503075, 0.025443594589490786, 0.01857400093312291]</MEAN_VALUE>
		<CHECKBOX>2</CHECKBOX>
		<SD>[0.004399174950784459, 0.01116808522060171, 0.018930826337670965, 0.01701407687982252, 0.017649170131928977, 0.015287907229570283]</SD>
		<WAVELENGTH_UNIT>E-6m</WAVELENGTH_UNIT>
		<COLOR>#b7d687</COLOR>
		<COVARIANCE_MATRIX>[[1.9396823938378532e-05, 3.384798337870715e-05, 1.3164002519632084e-05, -4.621523528125145e-06, -1.3049122979007086e-06, -1.880013075700686e-07], [3.384798337870715e-05, 0.00012501024168025973, 0.00015100469277177817, 4.660727707351784e-05, 3.8578663602777644e-05, 3.362687867498454e-05], [1.3164002519632084e-05, 0.00015100469277177817, 0.0003591925324918102, 0.0002090815054058264, 0.00016524658774685067, 0.00013462297301365106], [-4.621523528125145e-06, 4.660727707351784e-05, 0.0002090815054058264, 0.00029013821711140064, 0.0002536492135754805, 0.00021350594139467194], [-1.3049122979007086e-06, 3.8578663602777644e-05, 0.00016524658774685067, 0.0002536492135754805, 0.00031220275806865736, 0.00024987747891568106], [-1.880013075700686e-07, 3.362687867498454e-05, 0.00013462297301365106, 0.00021350594139467194, 0.00024987747891568106, 0.00023425249950427524]]</COVARIANCE_MATRIX>
		<ROI_SIZE>440</ROI_SIZE>
		<MAX_VALUE>[0.131764218211174, 0.1621207594871521, 0.1427871733903885, 0.10600193589925766, 0.08412843197584152, 0.07958029955625534]</MAX_VALUE>
		<MIN_VALUE>[0.10392763465642929, 0.10537175834178925, 0.05546480789780617, 0.018672354519367218, 0.008224687539041042, 0.0]</MIN_VALUE>
		<SIGNATURE_THRESHOLD_MD>0</SIGNATURE_THRESHOLD_MD>
		<SIGNATURE_THRESHOLD_ML>0</SIGNATURE_THRESHOLD_ML>
		<SIGNATURE_THRESHOLD_SAM>0</SIGNATURE_THRESHOLD_SAM>
	</signature>
	<signature ID="20200811_125716350017_989">
		<MACROCLASSID>1</MACROCLASSID>
		<MACROCLASSINFO>waterbody</MACROCLASSINFO>
		<CLASSID>14</CLASSID>
		<CLASSINFO>C 1</CLASSINFO>
		<VALUES>[0.10396432266177909, 0.0026059267912445887, 0.10583897020263847, 0.010748805033446255, 0.06465995694364766, 0.015741580624473183, 0.03901857047914024, 0.011920914329234582, 0.02002008363088389, 0.014113943832934203, 0.014106378387042642, 0.01163904700247755]</VALUES>
		<LCS_MIN>[0.09696850180625916, 0.09402196109294891, 0.048479024320840836, 0.0230388343334198, 0.005413438193500042, 0.0]</LCS_MIN>
		<LCS_MAX>[0.11436635255813599, 0.15077096223831177, 0.12532268464565277, 0.0972689837217331, 0.07288344204425812, 0.059394270181655884]</LCS_MAX>
		<WAVELENGTH>[0.485, 0.56, 0.66, 0.83, 1.65, 2.215]</WAVELENGTH>
		<MEAN_VALUE>[0.10396432266177909, 0.10583897020263847, 0.06465995694364766, 0.03901857047914024, 0.02002008363088389, 0.014106378387042642]</MEAN_VALUE>
		<CHECKBOX>2</CHECKBOX>
		<SD>[0.0026059267912445887, 0.010748805033446255, 0.015741580624473183, 0.011920914329234582, 0.014113943832934203, 0.01163904700247755]</SD>
		<WAVELENGTH_UNIT>E-6m</WAVELENGTH_UNIT>
		<COLOR>#94d610</COLOR>
		<COVARIANCE_MATRIX>[[6.811370617886166e-06, 1.8774548874403834e-05, 2.3785657969059984e-05, 7.743228142040348e-06, 1.2554432911922754e-05, 1.1569607519157945e-05], [1.8774548874403834e-05, 0.0001158858634526194, 0.00014687975538164253, 4.2170032635531475e-05, 6.840826686930183e-05, 5.958605309086475e-05], [2.3785657969059984e-05, 0.00014687975538164253, 0.0002485459930660244, 0.00011337255896440892, 0.0001484148758096309, 0.0001225280173137666], [7.743228142040348e-06, 4.2170032635531475e-05, 0.00011337255896440892, 0.00014253752834961786, 0.0001368867836248228, 0.00010986653371942457], [1.2554432911922754e-05, 6.840826686930183e-05, 0.0001484148758096309, 0.0001368867836248228, 0.0001998052335117266, 0.00015425096557345136], [1.1569607519157945e-05, 5.958605309086475e-05, 0.0001225280173137666, 0.00010986653371942457, 0.00015425096557345136, 0.00013587668224106567]]</COVARIANCE_MATRIX>
		<ROI_SIZE>332</ROI_SIZE>
		<MAX_VALUE>[0.11436635255813599, 0.15077096223831177, 0.12532268464565277, 0.0972689837217331, 0.07288344204425812, 0.059394270181655884]</MAX_VALUE>
		<MIN_VALUE>[0.09696850180625916, 0.09402196109294891, 0.048479024320840836, 0.0230388343334198, 0.005413438193500042, 0.0]</MIN_VALUE>
		<SIGNATURE_THRESHOLD_MD>0</SIGNATURE_THRESHOLD_MD>
		<SIGNATURE_THRESHOLD_ML>0</SIGNATURE_THRESHOLD_ML>
		<SIGNATURE_THRESHOLD_SAM>0</SIGNATURE_THRESHOLD_SAM>
	</signature>
	<signature ID="20200811_125723353549_101">
		<MACROCLASSID>1</MACROCLASSID>
		<MACROCLASSINFO>waterbody</MACROCLASSINFO>
		<CLASSID>15</CLASSID>
		<CLASSINFO>C 1</CLASSINFO>
		<VALUES>[0.09803006242392424, 0.00565511936668491, 0.11815364717763696, 0.006893430539899453, 0.09789261306073031, 0.006158167259862963, 0.0663335897281008, 0.02044303758119082, 0.027363424436689092, 0.020227527538710068, 0.01972927549054141, 0.0153464621428728]</VALUES>
		<LCS_MIN>[0.09000935405492783, 0.09402196109294891, 0.08690086007118225, 0.03613827005028725, 0.005413438193500042, 0.0028733634389936924]</LCS_MIN>
		<LCS_MAX>[0.12132550776004791, 0.13942115008831024, 0.1323084682226181, 0.12346785515546799, 0.08412843197584152, 0.0755431056022644]</LCS_MAX>
		<WAVELENGTH>[0.485, 0.56, 0.66, 0.83, 1.65, 2.215]</WAVELENGTH>
		<MEAN_VALUE>[0.09803006242392424, 0.11815364717763696, 0.09789261306073031, 0.0663335897281008, 0.027363424436689092, 0.01972927549054141]</MEAN_VALUE>
		<CHECKBOX>2</CHECKBOX>
		<SD>[0.00565511936668491, 0.006893430539899453, 0.006158167259862963, 0.02044303758119082, 0.020227527538710068, 0.0153464621428728]</SD>
		<WAVELENGTH_UNIT>E-6m</WAVELENGTH_UNIT>
		<COLOR>#c03bc4</COLOR>
		<COVARIANCE_MATRIX>[[3.2162081727883434e-05, 6.324714664017937e-06, 1.792458971963576e-05, 4.2738220766124263e-05, 5.5989006724932774e-05, 4.697554778595283e-05], [6.324714664017937e-06, 4.778938111187542e-05, 2.268683165878521e-05, -4.5646747986192085e-05, -2.03124097787488e-05, -1.4209413155283777e-05], [1.792458971963576e-05, 2.268683165878521e-05, 3.813849572772337e-05, 5.5651466105798706e-05, 6.83449127459087e-05, 5.411835056866642e-05], [4.2738220766124263e-05, -4.5646747986192085e-05, 5.5651466105798706e-05, 0.00042029231841840087, 0.0003794255289800522, 0.00027220096153189957], [5.5989006724932774e-05, -2.03124097787488e-05, 6.83449127459087e-05, 0.0003794255289800522, 0.00041147760254705423, 0.00028683243662920176], [4.697554778595283e-05, -1.4209413155283777e-05, 5.411835056866642e-05, 0.00027220096153189957, 0.00028683243662920176, 0.00023685204746343836]]</COVARIANCE_MATRIX>
		<ROI_SIZE>177</ROI_SIZE>
		<MAX_VALUE>[0.12132550776004791, 0.13942115008831024, 0.1323084682226181, 0.12346785515546799, 0.08412843197584152, 0.0755431056022644]</MAX_VALUE>
		<MIN_VALUE>[0.09000935405492783, 0.09402196109294891, 0.08690086007118225, 0.03613827005028725, 0.005413438193500042, 0.0028733634389936924]</MIN_VALUE>
		<SIGNATURE_THRESHOLD_MD>0</SIGNATURE_THRESHOLD_MD>
		<SIGNATURE_THRESHOLD_ML>0</SIGNATURE_THRESHOLD_ML>
		<SIGNATURE_THRESHOLD_SAM>0</SIGNATURE_THRESHOLD_SAM>
	</signature>
	<signature ID="20200811_125744076651_822">
		<MACROCLASSID>1</MACROCLASSID>
		<MACROCLASSINFO>waterbody</MACROCLASSINFO>
		<CLASSID>16</CLASSID>
		<CLASSINFO>C 1</CLASSINFO>
		<VALUES>[0.09938486520876859, 0.0030575553880531495, 0.10202215890676479, 0.010161438709531786, 0.06295905584199597, 0.016787875762686845, 0.02936746619324789, 0.011901257268883098, 0.012740526377169728, 0.01244107217625769, 0.008964800200216819, 0.010178556137131397]</VALUES>
		<LCS_MIN>[0.07783085107803345, 0.06375584006309509, 0.041493237018585205, 0.009939397685229778, 0.0, 0.0]</LCS_MIN>
		<LCS_MAX>[0.10740721225738525, 0.13185462355613708, 0.11484399437904358, 0.10163546353578568, 0.07569469511508942, 0.06746868789196014]</LCS_MAX>
		<WAVELENGTH>[0.485, 0.56, 0.66, 0.83, 1.65, 2.215]</WAVELENGTH>
		<MEAN_VALUE>[0.09938486520876859, 0.10202215890676479, 0.06295905584199597, 0.02936746619324789, 0.012740526377169728, 0.008964800200216819]</MEAN_VALUE>
		<CHECKBOX>2</CHECKBOX>
		<SD>[0.0030575553880531495, 0.010161438709531786, 0.016787875762686845, 0.011901257268883098, 0.01244107217625769, 0.010178556137131397]</SD>
		<WAVELENGTH_UNIT>E-6m</WAVELENGTH_UNIT>
		<COLOR>#509f54</COLOR>
