<?xml version="1.0" ?>
<signaturelist MCID_LIST="[['1', 'waterbody', '#000000'], ['2', 'vegetation', '#000000'], ['3', 'bareland', '#000000'], ['4', 'built=up', '#000000']]">
	<signature ID="20220209_151954047429_632">
		<MACROCLASSID>1</MACROCLASSID>
		<MACROCLASSINFO>waterbody</MACROCLASSINFO>
		<CLASSID>1</CLASSID>
		<CLASSINFO>C 1</CLASSINFO>
		<VALUES>[0.11270152448304618, 0.001845249680692868, 0.14286381165088163, 0.0025990666462502336, 0.1392481817098536, 0.00292579308457251, 0.050306665818683385, 0.004055770928690786, 0.009248228952259416, 0.0025246490570306306, 0.006948281696608788, 0.002635396670913986]</VALUES>
		<LCS_MIN>[0.10597457736730576, 0.13540907204151154, 0.1304255723953247, 0.04094971343874931, 0.0019878826569765806, 0.0]</LCS_MIN>
		<LCS_MAX>[0.11926528811454773, 0.14985975623130798, 0.1491037905216217, 0.0576280876994133, 0.017021019011735916, 0.017615707591176033]</LCS_MAX>
		<WAVELENGTH>[0.485, 0.56, 0.66, 0.83, 1.65, 2.215]</WAVELENGTH>
		<MEAN_VALUE>[0.11270152448304618, 0.14286381165088163, 0.1392481817098536, 0.050306665818683385, 0.009248228952259416, 0.006948281696608788]</MEAN_VALUE>
		<CHECKBOX>2</CHECKBOX>
		<SD>[0.001845249680692868, 0.0025990666462502336, 0.00292579308457251, 0.004055770928690786, 0.0025246490570306306, 0.002635396670913986]</SD>
		<WAVELENGTH_UNIT>E-6m</WAVELENGTH_UNIT>
		<COLOR>#84b74c</COLOR>
		<COVARIANCE_MATRIX>[[3.628282911449787e-06, 1.8403280819256906e-06, 1.2594852023539715e-06, 1.39712096824951e-06, 1.397657229063043e-06, 1.054380390996812e-06], [1.8403280819256906e-06, 7.033338988549076e-06, 2.9634941256517777e-06, 3.2693972116248915e-06, 2.338088506803615e-06, 1.5903407302175765e-06], [1.2594852023539715e-06, 2.9634941256517777e-06, 8.18960052129114e-06, 6.295847015280742e-06, 3.1528002182312775e-06, 2.12080635719758e-06], [1.39712096824951e-06, 3.2693972116248915e-06, 6.295847015280742e-06, 1.4118669241725001e-05, 5.480865638674004e-06, 4.0152763176593e-06], [1.397657229063043e-06, 2.338088506803615e-06, 3.1528002182312775e-06, 5.480865638674004e-06, 6.3028674048837274e-06, 2.4030457552726148e-06], [1.054380390996812e-06, 1.5903407302175765e-06, 2.12080635719758e-06, 4.0152763176593e-06, 2.4030457552726148e-06, 6.8583208303607535e-06]]</COVARIANCE_MATRIX>
		<ROI_SIZE>10200</ROI_SIZE>
		<MAX_VALUE>[0.11926528811454773, 0.14985975623130798, 0.1491037905216217, 0.0576280876994133, 0.017021019011735916, 0.017615707591176033]</MAX_VALUE>
		<MIN_VALUE>[0.10597457736730576, 0.13540907204151154, 0.1304255723953247, 0.04094971343874931, 0.0019878826569765806, 0.0]</MIN_VALUE>
		<SIGNATURE_THRESHOLD_MD>0.0</SIGNATURE_THRESHOLD_MD>
		<SIGNATURE_THRESHOLD_ML>0.0</SIGNATURE_THRESHOLD_ML>
		<SIGNATURE_THRESHOLD_SAM>0.0</SIGNATURE_THRESHOLD_SAM>
	</signature>
	<signature ID="20220209_152000192354_398">
		<MACROCLASSID>1</MACROCLASSID>
		<MACROCLASSINFO>waterbody</MACROCLASSINFO>
		<CLASSID>2</CLASSID>
		<CLASSINFO>C 1</CLASSINFO>
		<VALUES>[0.11661350881502605, 0.0023214883396363716, 0.1390660901298815, 0.0031597404204432187, 0.11275918937899904, 0.0040345707809570685, 0.05300272730096156, 0.0032955593019025273, 0.02181376397960107, 0.0026436312765452, 0.01860456437413444, 0.003330778453389801]</VALUES>
		<LCS_MIN>[0.10863273590803146, 0.13251890242099762, 0.10374239087104797, 0.04428538307547569, 0.014873430132865906, 0.008363308385014534]</LCS_MIN>
		<LCS_MAX>[0.12458157539367676, 0.14985975623130798, 0.1277572512626648, 0.06429942697286606, 0.03205415979027748, 0.029952242970466614]</LCS_MAX>
		<WAVELENGTH>[0.485, 0.56, 0.66, 0.83, 1.65, 2.215]</WAVELENGTH>
		<MEAN_VALUE>[0.11661350881502605, 0.1390660901298815, 0.11275918937899904, 0.05300272730096156, 0.02181376397960107, 0.01860456437413444]</MEAN_VALUE>
		<CHECKBOX>2</CHECKBOX>
		<SD>[0.0023214883396363716, 0.0031597404204432187, 0.0040345707809570685, 0.0032955593019025273, 0.0026436312765452, 0.003330778453389801]</SD>
		<WAVELENGTH_UNIT>E-6m</WAVELENGTH_UNIT>
		<COLOR>#5a558c</COLOR>
		<COVARIANCE_MATRIX>[[4.9190816753252875e-06, 3.569520231394563e-06, 2.7946273348788964e-06, 2.1174807898205472e-06, 2.3129912278818665e-06, 2.4289463453897042e-06], [3.569520231394563e-06, 8.891131074051373e-06, 5.261454589344794e-06, 3.895400368492119e-06, 3.5731334264710313e-06, 3.5561006370699033e-06], [2.7946273348788964e-06, 5.261454589344794e-06, 1.408565731253475e-05, 7.651933628949337e-06, 5.008969765185611e-06, 4.880130290985107e-06], [2.1174807898205472e-06, 3.895400368492119e-06, 7.651933628949337e-06, 9.603976650396362e-06, 4.365545464679599e-06, 4.257806267560227e-06], [2.3129912278818665e-06, 3.5731334264710313e-06, 5.008969765185611e-06, 4.365545464679599e-06, 6.236360604816582e-06, 3.2614766496408265e-06], [2.4289463453897042e-06, 3.5561006370699033e-06, 4.880130290985107e-06, 4.257806267560227e-06, 3.2614766496408265e-06, 1.0385668247181457e-05]]</COVARIANCE_MATRIX>
		<ROI_SIZE>10201</ROI_SIZE>
		<MAX_VALUE>[0.12458157539367676, 0.14985975623130798, 0.1277572512626648, 0.06429942697286606, 0.03205415979027748, 0.029952242970466614]</MAX_VALUE>
		<MIN_VALUE>[0.10863273590803146, 0.13251890242099762, 0.10374239087104797, 0.04428538307547569, 0.014873430132865906, 0.008363308385014534]</MIN_VALUE>
		<SIGNATURE_THRESHOLD_MD>0.0</SIGNATURE_THRESHOLD_MD>
		<SIGNATURE_THRESHOLD_ML>0.0</SIGNATURE_THRESHOLD_ML>
		<SIGNATURE_THRESHOLD_SAM>0.0</SIGNATURE_THRESHOLD_SAM>
	</signature>
	<signature ID="20220209_152101577801_486">
		<MACROCLASSID>1</MACROCLASSID>
		<MACROCLASSINFO>waterbody</MACROCLASSINFO>
		<CLASSID>3</CLASSID>
		<CLASSINFO>C 1</CLASSINFO>
		<VALUES>[0.09947767470564164, 0.004248596795933284, 0.11232546436322205, 0.006028198565949601, 0.10022852140200597, 0.006599850158432246, 0.07731288714068281, 0.011719328974459271, 0.02939337658901493, 0.006854501293634306, 0.018665114669250193, 0.005142580643313333]</VALUES>
		<LCS_MIN>[0.0886966660618782, 0.09494709223508835, 0.07972753047943115, 0.05429241433739662, 0.017021019011735916, 0.008363308385014534]</LCS_MIN>
		<LCS_MAX>[0.11660714447498322, 0.13251890242099762, 0.1250889152288437, 0.10432750731706619, 0.049234889447689056, 0.033036381006240845]</LCS_MAX>
		<WAVELENGTH>[0.485, 0.56, 0.66, 0.83, 1.65, 2.215]</WAVELENGTH>
		<MEAN_VALUE>[0.09947767470564164, 0.11232546436322205, 0.10022852140200597, 0.07731288714068281, 0.02939337658901493, 0.018665114669250193]</MEAN_VALUE>
		<CHECKBOX>2</CHECKBOX>
		<SD>[0.004248596795933284, 0.006028198565949601, 0.006599850158432246, 0.011719328974459271, 0.006854501293634306, 0.005142580643313333]</SD>
		<WAVELENGTH_UNIT>E-6m</WAVELENGTH_UNIT>
		<COLOR>#4f5b40</COLOR>
		<COVARIANCE_MATRIX>[[1.8097582142218016e-05, 2.2721504137734883e-05, 2.5061335691134445e-05, -2.7333887828717707e-06, 4.320657808420947e-06, 9.25877429835964e-06], [2.2721504137734883e-05, 3.643381205620244e-05, 3.6401859688339755e-05, -1.467441143176984e-05, 1.930598436672426e-08, 9.17584475246258e-06], [2.5061335691134445e-05, 3.6401859688339755e-05, 4.367145447758958e-05, -1.9332010197103955e-05, -6.588876999558124e-07, 9.804876754060388e-06], [-2.7333887828717707e-06, -1.467441143176984e-05, -1.9332010197103955e-05, 0.00013770033547189087, 6.249398575164378e-05, 3.4745768061839044e-05], [4.320657808420947e-06, 1.930598436672426e-08, -6.588876999558124e-07, 6.249398575164378e-05, 4.7106543206609786e-05, 2.4601726181572303e-05], [9.25877429835964e-06, 9.17584475246258e-06, 9.804876754060388e-06, 3.4745768061839044e-05, 2.4601726181572303e-05, 2.6515006538829766e-05]]</COVARIANCE_MATRIX>
		<ROI_SIZE>385</ROI_SIZE>
		<MAX_VALUE>[0.11660714447498322, 0.13251890242099762, 0.1250889152288437, 0.10432750731706619, 0.049234889447689056, 0.033036381006240845]</MAX_VALUE>
		<MIN_VALUE>[0.0886966660618782, 0.09494709223508835, 0.07972753047943115, 0.05429241433739662, 0.017021019011735916, 0.008363308385014534]</MIN_VALUE>
		<SIGNATURE_THRESHOLD_MD>0.0</SIGNATURE_THRESHOLD_MD>
		<SIGNATURE_THRESHOLD_ML>0.0</SIGNATURE_THRESHOLD_ML>
		<SIGNATURE_THRESHOLD_SAM>0.0</SIGNATURE_THRESHOLD_SAM>
	</signature>
	<signature ID="20220209_152157327243_697">
		<MACROCLASSID>1</MACROCLASSID>
		<MACROCLASSINFO>waterbody</MACROCLASSINFO>
		<CLASSID>4</CLASSID>
		<CLASSINFO>C 1</CLASSINFO>
		<VALUES>[0.0999038969477018, 0.005050416179210019, 0.11369721666688015, 0.0077068705341694094, 0.09972720265388496, 0.008042340193642855, 0.0755263525389489, 0.01423254136329786, 0.02847074932463111, 0.007506675144941306, 0.0180797968095257, 0.005020356903975133]</VALUES>
		<LCS_MIN>[0.08072225004434586, 0.07182595878839493, 0.05838099122047424, 0.04762106388807297, 0.012725838460028172, 0.0052791740745306015]</LCS_MIN>
		<LCS_MAX>[0.10996178537607193, 0.12673863768577576, 0.11441565304994583, 0.1176702082157135, 0.06426801532506943, 0.042288776487112045]</LCS_MAX>
		<WAVELENGTH>[0.485, 0.56, 0.66, 0.83, 1.65, 2.215]</WAVELENGTH>
		<MEAN_VALUE>[0.0999038969477018, 0.11369721666688015, 0.09972720265388496, 0.0755263525389489, 0.02847074932463111, 0.0180797968095257]</MEAN_VALUE>
		<CHECKBOX>2</CHECKBOX>
		<SD>[0.005050416179210019, 0.0077068705341694094, 0.008042340193642855, 0.01423254136329786, 0.007506675144941306, 0.005020356903975133]</SD>
		<WAVELENGTH_UNIT>E-6m</WAVELENGTH_UNIT>
		<COLOR>#f8910e</COLOR>
		<COVARIANCE_MATRIX>[[2.5555380489095114e-05, 3.560666664270684e-05, 3.680779627757147e-05, -2.185383164032828e-05, -4.424357939569745e-06, 8.423670806223527e-06], [3.560666664270684e-05, 5.950920603936538e-05, 5.893088746233843e-05, -4.714719034382142e-05, -1.3762195521849208e-05, 8.428396540693939e-06], [3.680779627757147e-05, 5.893088746233843e-05, 6.480266893049702e-05, -5.5290714954026043e-05, -1.63949080160819e-05, 7.348023700615158e-06], [-2.185383164032828e-05, -4.714719034382142e-05, -5.5290714954026043e-05, 0.00020295180729590356, 8.74180841492489e-05, 3.840416684397496e-05], [-4.424357939569745e-06, -1.3762195521849208e-05, -1.63949080160819e-05, 8.74180841492489e-05, 5.645770943374373e-05, 2.4405886506428942e-05], [8.423670806223527e-06, 8.428396540693939e-06, 7.348023700615158e-06, 3.840416684397496e-05, 2.4405886506428942e-05, 2.5252082195947878e-05]]</COVARIANCE_MATRIX>
		<ROI_SIZE>525</ROI_SIZE>
		<MAX_VALUE>[0.10996178537607193, 0.12673863768577576, 0.11441565304994583, 0.1176702082157135, 0.06426801532506943, 0.042288776487112045]</MAX_VALUE>
		<MIN_VALUE>[0.08072225004434586, 0.07182595878839493, 0.05838099122047424, 0.04762106388807297, 0.012725838460028172, 0.0052791740745306015]</MIN_VALUE>
		<SIGNATURE_THRESHOLD_MD>0.0</SIGNATURE_THRESHOLD_MD>
		<SIGNATURE_THRESHOLD_ML>0.0</SIGNATURE_THRESHOLD_ML>
		<SIGNATURE_THRESHOLD_SAM>0.0</SIGNATURE_THRESHOLD_SAM>
	</signature>
	<signature ID="20220209_153607728493_340">
		<MACROCLASSID>1</MACROCLASSID>
		<MACROCLASSINFO>waterbody</MACROCLASSINFO>
		<CLASSID>5</CLASSID>
		<CLASSINFO>C 1</CLASSINFO>
		<VALUES>[0.11839042309356351, 0.0023586411522590416, 0.14035823741520592, 0.004261608681451841, 0.11420508265374937, 0.003921776719418324, 0.05688776035722456, 0.002871552669961149, 0.024565595676820057, 0.0027861737216734314, 0.02112434423197479, 0.0030555655473044866]</VALUES>
		<LCS_MIN>[0.10198736935853958, 0.10361749678850174, 0.08239584416151047, 0.04762106388807297, 0.017021019011735916, 0.008363308385014534]</LCS_MIN>
		<LCS_MAX>[0.12723973393440247, 0.1527498960494995, 0.1277572512626648, 0.09432048350572586, 0.049234889447689056, 0.033036381006240845]</LCS_MAX>
		<WAVELENGTH>[0.485, 0.56, 0.66, 0.83, 1.65, 2.215]</WAVELENGTH>
		<MEAN_VALUE>[0.11839042309356351, 0.14035823741520592, 0.11420508265374937, 0.05688776035722456, 0.024565595676820057, 0.02112434423197479]</MEAN_VALUE>
		<CHECKBOX>2</CHECKBOX>
		<SD>[0.0023586411522590416, 0.004261608681451841, 0.003921776719418324, 0.002871552669961149, 0.0027861737216734314, 0.0030555655473044866]</SD>
		<WAVELENGTH_UNIT>E-6m</WAVELENGTH_UNIT>
		<COLOR>#f47b8c</COLOR>
		<COVARIANCE_MATRIX>[[4.96389247928164e-06, 5.198579856369179e-06, 3.743593651961419e-06, 2.0809620764339343e-06, 2.378448925810517e-06, 2.281368779222248e-06], [5.198579856369179e-06, 1.6501742720720358e-05, 1.058713132806588e-05, 2.6135501229873626e-06, 2.598622813820839e-06, 2.7580388177739223e-06], [3.743593651961419e-06, 1.058713132806588e-05, 1.492144201620249e-05, 2.3317816157941706e-06, 1.6917525726967142e-06, 1.8136503285859362e-06], [2.0809620764339343e-06, 2.6135501229873626e-06, 2.3317816157941706e-06, 7.651990017620847e-06, 4.14551959693199e-06, 3.431294999245438e-06], [2.378448925810517e-06, 2.598622813820839e-06, 1.6917525726967142e-06, 4.14551959693199e-06, 7.39825145501527e-06, 3.5916791603085585e-06], [2.281368779222248e-06, 2.7580388177739223e-06, 1.8136503285859362e-06, 3.431294999245438e-06, 3.5916791603085585e-06, 8.972733667178545e-06]]</COVARIANCE_MATRIX>
		<ROI_SIZE>10073</ROI_SIZE>
		<MAX_VALUE>[0.12723973393440247, 0.1527498960494995, 0.1277572512626648, 0.09432048350572586, 0.049234889447689056, 0.033036381006240845]</MAX_VALUE>
		<MIN_VALUE>[0.10198736935853958, 0.10361749678850174, 0.08239584416151047, 0.04762106388807297, 0.017021019011735916, 0.008363308385014534]</MIN_VALUE>
		<SIGNATURE_THRESHOLD_MD>0.0</SIGNATURE_THRESHOLD_MD>
		<SIGNATURE_THRESHOLD_ML>0.0</SIGNATURE_THRESHOLD_ML>
		<SIGNATURE_THRESHOLD_SAM>0.0</SIGNATURE_THRESHOLD_SAM>
	</signature>
	<signature ID="20220209_153613783647_885">
		<MACROCLASSID>1</MACROCLASSID>
		<MACROCLASSINFO>waterbody</MACROCLASSINFO>
		<CLASSID>6</CLASSID>
		<CLASSINFO>C 1</CLASSINFO>
		<VALUES>[0.12157317406494855, 0.0016663654782819932, 0.13904319654154254, 0.0024340897086495795, 0.11565426599738424, 0.0031222470093920807, 0.052486962740841275, 0.003874681259788951, 0.012764466729855825, 0.0019707421232121646, 0.009127079266724382, 0.0022604969286087588]</VALUES>
		<LCS_MIN>[0.11527808010578156, 0.13251890242099762, 0.1090790331363678, 0.04428538307547569, 0.0019878826569765806, 0.0]</LCS_MIN>
		<LCS_MAX>[0.12856879830360413, 0.14696961641311646, 0.1304255723953247, 0.07430645078420639, 0.021316202357411385, 0.020699840039014816]</LCS_MAX>
		<WAVELENGTH>[0.485, 0.56, 0.66, 0.83, 1.65, 2.215]</WAVELENGTH>
		<MEAN_VALUE>[0.12157317406494855, 0.13904319654154254, 0.11565426599738424, 0.052486962740841275, 0.012764466729855825, 0.009127079266724382]</MEAN_VALUE>
		<CHECKBOX>2</CHECKBOX>
		<SD>[0.0016663654782819932, 0.0024340897086495795, 0.0031222470093920807, 0.003874681259788951, 0.0019707421232121646, 0.0022604969286087588]</SD>
		<WAVELENGTH_UNIT>E-6m</WAVELENGTH_UNIT>
		<COLOR>#d34357</COLOR>
		<COVARIANCE_MATRIX>[[2.7694563868863042e-06, 1.1059968301196932e-06, 7.247710982483113e-07, -6.885829861857928e-07, 1.4971149653320026e-07, 1.992746945234103e-07], [1.1059968301196932e-06, 5.979230536468094e-06, 2.139580374205252e-06, 2.97617958722185e-07, 2.5948193638214434e-07, 1.8663838829979795e-07], [7.247710982483113e-07, 2.139580374205252e-06, 9.068800864042714e-06, 5.4371098485717084e-06, 9.746938758325996e-07, 4.825691348742112e-07], [-6.885829861857928e-07, 2.97617958722185e-07, 5.4371098485717084e-06, 1.2300584785407409e-05, 1.4762484852326452e-06, 6.042244535819918e-07], [1.4971149653320026e-07, 2.5948193638214434e-07, 9.746938758325996e-07, 1.4762484852326452e-06, 3.808638894042815e-06, 3.705137032739003e-07], [1.992746945234103e-07, 1.8663838829979795e-07, 4.825691348742112e-07, 6.042244535819918e-07, 3.705137032739003e-07, 5.013674126530532e-06]]</COVARIANCE_MATRIX>
		<ROI_SIZE>10201</ROI_SIZE>
		<MAX_VALUE>[0.12856879830360413, 0.14696961641311646, 0.1304255723953247, 0.07430645078420639, 0.021316202357411385, 0.020699840039014816]</MAX_VALUE>
		<MIN_VALUE>[0.11527808010578156, 0.13251890242099762, 0.1090790331363678, 0.04428538307547569, 0.0019878826569765806, 0.0]</MIN_VALUE>
		<SIGNATURE_THRESHOLD_MD>0.0</SIGNATURE_THRESHOLD_MD>
		<SIGNATURE_THRESHOLD_ML>0.0</SIGNATURE_THRESHOLD_ML>
		<SIGNATURE_THRESHOLD_SAM>0.0</SIGNATURE_THRESHOLD_SAM>
	</signature>
	<signature ID="20220209_153620462241_975">
		<MACROCLASSID>1</MACROCLASSID>
		<MACROCLASSINFO>waterbody</MACROCLASSINFO>
		<CLASSID>7</CLASSID>
		<CLASSINFO>C 1</CLASSINFO>
		<VALUES>[0.09455255982811794, 0.00211742558076425, 0.1022569034101462, 0.004445602626815712, 0.09137875795081891, 0.005201041481891256, 0.07464897507834013, 0.009116651420835412, 0.01724494009545016, 0.00529165636261922, 0.009763048349704604, 0.0033904136210869606]</VALUES>
		<LCS_MIN>[0.08736759424209595, 0.08049638569355011, 0.07439090311527252, 0.06096374988555908, 0.008430656045675278, 0.0]</LCS_MIN>
		<LCS_MAX>[0.10065829753875732, 0.10939779132604599, 0.10641069710254669, 0.10766318440437317, 0.04279211536049843, 0.023783976212143898]</LCS_MAX>
		<WAVELENGTH>[0.485, 0.56, 0.66, 0.83, 1.65, 2.215]</WAVELENGTH>
		<MEAN_VALUE>[0.09455255982811794, 0.1022569034101462, 0.09137875795081891, 0.07464897507834013, 0.01724494009545016, 0.009763048349704604]</MEAN_VALUE>
		<CHECKBOX>2</CHECKBOX>
		<SD>[0.00211742558076425, 0.004445602626815712, 0.005201041481891256, 0.009116651420835412, 0.00529165636261922, 0.0033904136210869606]</SD>
		<WAVELENGTH_UNIT>E-6m</WAVELENGTH_UNIT>
		<COLOR>#e84309</COLOR>
		<COVARIANCE_MATRIX>[[4.490585070016095e-06, 5.725271421397338e-06, 7.607933639519615e-06, -6.442318408517167e-06, -4.939914106216747e-06, -2.3723493995930767e-06], [5.725271421397338e-06, 1.979465378099121e-05, 1.681734465819318e-05, -2.113294613081962e-05, -1.3453990504785907e-05, -6.5184094637515955e-06], [7.607933639519615e-06, 1.681734465819318e-05, 2.7093634344055317e-05, -1.743260509101674e-05, -1.4962555724196136e-05, -7.237904355861247e-06], [-6.442318408517167e-06, -2.113294613081962e-05, -1.743260509101674e-05, 8.324484224431217e-05, 3.497071884339675e-05, 1.7576727259438485e-05], [-4.939914106216747e-06, -1.3453990504785907e-05, -1.4962555724196136e-05, 3.497071884339675e-05, 2.8045933504472487e-05, 1.2004693417111412e-05], [-2.3723493995930767e-06, -6.5184094637515955e-06, -7.237904355861247e-06, 1.7576727259438485e-05, 1.2004693417111412e-05, 1.1513092431414407e-05]]</COVARIANCE_MATRIX>
		<ROI_SIZE>633</ROI_SIZE>
		<MAX_VALUE>[0.10065829753875732, 0.10939779132604599, 0.10641069710254669, 0.10766318440437317, 0.04279211536049843, 0.023783976212143898]</MAX_VALUE>
		<MIN_VALUE>[0.08736759424209595, 0.08049638569355011, 0.07439090311527252, 0.06096374988555908, 0.008430656045675278, 0.0]</MIN_VALUE>
		<SIGNATURE_THRESHOLD_MD>0.0</SIGNATURE_THRESHOLD_MD>
		<SIGNATURE_THRESHOLD_ML>0.0</SIGNATURE_THRESHOLD_ML>
		<SIGNATURE_THRESHOLD_SAM>0.0</SIGNATURE_THRESHOLD_SAM>
	</signature>
	<signature ID="20220209_154519712030_434">
		<MACROCLASSID>1</MACROCLASSID>
		<MACROCLASSINFO>waterbody</MACROCLASSINFO>
		<CLASSID>8</CLASSID>
		<CLASSINFO>C 1</CLASSINFO>
		<VALUES>[0.12506561049878007, 0.001816602786111429, 0.14178215469119923, 0.0026062752172572824, 0.11993413659630263, 0.001993027707521643, 0.046532288030183444, 0.0026325105165058513, 0.010486841314585972, 0.0020130099737009854, 0.007882971808209831, 0.0022677402522704375]</VALUES>
		<LCS_MIN>[0.11793622374534607, 0.13251890242099762, 0.11441565304994583, 0.037614043802022934, 0.0, 0.0]</LCS_MIN>
		<LCS_MAX>[0.13122692704200745, 0.14985975623130798, 0.1277572512626648, 0.05429241433739662, 0.019168613478541374, 0.017615707591176033]</LCS_MAX>
		<WAVELENGTH>[0.485, 0.56, 0.66, 0.83, 1.65, 2.215]</WAVELENGTH>
		<MEAN_VALUE>[0.12506561049878007, 0.14178215469119923, 0.11993413659630263, 0.046532288030183444, 0.010486841314585972, 0.007882971808209831]</MEAN_VALUE>
		<CHECKBOX>2</CHECKBOX>
		<SD>[0.001816602786111429, 0.0026062752172572824, 0.001993027707521643, 0.0026325105165058513, 0.0020130099737009854, 0.0022677402522704375]</SD>
		<WAVELENGTH_UNIT>E-6m</WAVELENGTH_UNIT>
		<COLOR>#bdf395</COLOR>
		<COVARIANCE_MATRIX>[[3.3679052648949437e-06, 1.6423456372649525e-06, -6.571772570573842e-10, -1.2005075404886156e-06, 1.0269092598491625e-07, 1.4832986039436946e-07], [1.6423456372649525e-06, 6.951092473173048e-06, -1.7546646802202304e-07, -2.3297866391658317e-06, 3.746878363131145e-08, 2.972089703234815e-07], [-6.571772570573842e-10, -1.7546646802202304e-07, 3.914823082595831e-06, 1.100070448956103e-06, 4.4090950268582674e-07, 1.8553846814484132e-07], [-1.2005075404886156e-06, -2.3297866391658317e-06, 1.100070448956103e-06, 6.6209777287440374e-06, 7.346889105974697e-07, 3.7763550153613323e-07], [1.0269092598491625e-07, 3.746878363131145e-08, 4.4090950268582674e-07, 7.346889105974697e-07, 4.0388490560872015e-06, 2.951129829398269e-07], [1.4832986039436946e-07, 2.972089703234815e-07, 1.8553846814484132e-07, 3.7763550153613323e-07, 2.951129829398269e-07, 5.135535502631683e-06]]</COVARIANCE_MATRIX>
		<ROI_SIZE>10200</ROI_SIZE>
		<MAX_VALUE>[0.13122692704200745, 0.14985975623130798, 0.1277572512626648, 0.05429241433739662, 0.019168613478541374, 0.017615707591176033]</MAX_VALUE>
		<MIN_VALUE>[0.11793622374534607, 0.13251890242099762, 0.11441565304994583, 0.037614043802022934, 0.0, 0.0]</MIN_VALUE>
		<SIGNATURE_THRESHOLD_MD>0.0</SIGNATURE_THRESHOLD_MD>
		<SIGNATURE_THRESHOLD_ML>0.0</SIGNATURE_THRESHOLD_ML>
		<SIGNATURE_THRESHOLD_SAM>0.0</SIGNATURE_THRESHOLD_SAM>
	</signature>
	<signature ID="20220209_154527550933_125">
		<MACROCLASSID>1</MACROCLASSID>
		<MACROCLASSINFO>waterbody</MACROCLASSINFO>
		<CLASSID>9</CLASSID>
		<CLASSINFO>C 1</CLASSINFO>
		<VALUES>[0.11929645589149077, 0.0025157474200473364, 0.14020798276466986, 0.0034706899510945294, 0.12270836596101117, 0.003431258391550076, 0.05017721780278199, 0.005788889544442624, 0.009180805377945234, 0.0020972092201183338, 0.006762553033327434, 0.002325843536187599]</VALUES>
		<LCS_MIN>[0.10730364918708801, 0.12384849786758423, 0.11174734681844711, 0.04094971343874931, 0.004135473631322384, 0.0]</LCS_MIN>
		<LCS_MAX>[0.12856879830360413, 0.14696961641311646, 0.1304255723953247, 0.08431347459554672, 0.021316202357411385, 0.017615707591176033]</LCS_MAX>
		<WAVELENGTH>[0.485, 0.56, 0.66, 0.83, 1.65, 2.215]</WAVELENGTH>
		<MEAN_VALUE>[0.11929645589149077, 0.14020798276466986, 0.12270836596101117, 0.05017721780278199, 0.009180805377945234, 0.006762553033327434]</MEAN_VALUE>
		<CHECKBOX>2</CHECKBOX>
		<SD>[0.0025157474200473364, 0.0034706899510945294, 0.003431258391550076, 0.005788889544442624, 0.0020972092201183338, 0.002325843536187599]</SD>
		<WAVELENGTH_UNIT>E-6m</WAVELENGTH_UNIT>
		<COLOR>#22f826</COLOR>
		<COVARIANCE_MATRIX>[[5.2294258239271585e-06, 4.523209554463392e-06, 2.4844155177561333e-06, -7.5081793511344586e-06, -1.3230358035798417e-06, -5.194040113565279e-07], [4.523209554463392e-06, 1.0296941582055297e-05, 3.384378032933455e-06, -1.0658369319571648e-05, -1.9857197912642732e-06, -8.932100286074274e-07], [2.4844155177561333e-06, 3.384378032933455e-06, 1.1362747500243131e-05, -1.591450086380064e-06, -1.6848986206241534e-08, 4.108618778531081e-09], [-7.5081793511344586e-06, -1.0658369319571648e-05, -1.591450086380064e-06, 2.5203391487593763e-05, 4.419539436639752e-06, 2.0072932329640025e-06], [-1.3230358035798417e-06, -1.9857197912642732e-06, -1.6848986206241534e-08, 4.419539436639752e-06, 4.164930032857228e-06, 5.047084528086998e-07], [-5.194040113565279e-07, -8.932100286074274e-07, 4.108618778531081e-09, 2.0072932329640025e-06, 5.047084528086998e-07, 5.382503331929911e-06]]</COVARIANCE_MATRIX>
		<ROI_SIZE>10196</ROI_SIZE>
		<MAX_VALUE>[0.12856879830360413, 0.14696961641311646, 0.1304255723953247, 0.08431347459554672, 0.021316202357411385, 0.017615707591176033]</MAX_VALUE>
		<MIN_VALUE>[0.10730364918708801, 0.12384849786758423, 0.11174734681844711, 0.04094971343874931, 0.004135473631322384, 0.0]</MIN_VALUE>
		<SIGNATURE_THRESHOLD_MD>0.0</SIGNATURE_THRESHOLD_MD>
		<SIGNATURE_THRESHOLD_ML>0.0</SIGNATURE_THRESHOLD_ML>
		<SIGNATURE_THRESHOLD_SAM>0.0</SIGNATURE_THRESHOLD_SAM>
	</signature>
	<signature ID="20220209_154533606455_877">
		<MACROCLASSID>1</MACROCLASSID>
		<MACROCLASSINFO>waterbody</MACROCLASSINFO>
		<CLASSID>10</CLASSID>
		<CLASSINFO>C 1</CLASSINFO>
		<VALUES>[0.11637774155453687, 0.0017352027635858486, 0.1349192623528513, 0.002235295298605361, 0.12059681286094803, 0.003183311159675488, 0.05504596454549351, 0.003517778971110638, 0.009146165190742584, 0.001895001715634938, 0.006879314512480059, 0.002253657817483287]</VALUES>
		<LCS_MIN>[0.10996178537607193, 0.12673863768577576, 0.11174734681844711, 0.04762106388807297, 0.0019878826569765806, 0.0]</LCS_MIN>
		<LCS_MAX>[0.1232524961233139, 0.14407949149608612, 0.1304255723953247, 0.06429942697286606, 0.017021019011735916, 0.01453157514333725]</LCS_MAX>
		<WAVELENGTH>[0.485, 0.56, 0.66, 0.83, 1.65, 2.215]</WAVELENGTH>
		<MEAN_VALUE>[0.11637774155453687, 0.1349192623528513, 0.12059681286094803, 0.05504596454549351, 0.009146165190742584, 0.006879314512480059]</MEAN_VALUE>
		<CHECKBOX>2</CHECKBOX>
		<SD>[0.0017352027635858486, 0.002235295298605361, 0.003183311159675488, 0.003517778971110638, 0.001895001715634938, 0.002253657817483287]</SD>
		<WAVELENGTH_UNIT>E-6m</WAVELENGTH_UNIT>
		<COLOR>#3a6cc7</COLOR>
		<COVARIANCE_MATRIX>[[2.795162799884565e-06, 1.0224565585303935e-06, 1.3261768572192523e-06, -1.5166091316132224e-06, -2.1093846669373306e-07, -6.875371383330275e-08], [1.0224565585303935e-06, 4.608788003679365e-06, 2.584368303359952e-06, -2.8583078801602824e-06, -5.0259376394024e-07, -2.728262131768133e-07], [1.3261768572192523e-06, 2.584368303359952e-06, 9.036149094754364e-06, -2.621054363771691e-06, -4.858121087636391e-07, -2.8297267817833927e-07], [-1.5166091316132224e-06, -2.8583078801602824e-06, -2.621054363771691e-06, 1.040381994243944e-05, 1.0397324103905703e-06, 4.387503622638178e-07], [-2.1093846669373306e-07, -5.0259376394024e-07, -4.858121087636391e-07, 1.0397324103905703e-06, 3.5294035569677362e-06, 1.256968573670747e-07], [-6.875371383330275e-08, -2.728262131768133e-07, -2.8297267817833927e-07, 4.387503622638178e-07, 1.256968573670747e-07, 5.036440597905312e-06]]</COVARIANCE_MATRIX>
		<ROI_SIZE>10201</ROI_SIZE>
		<MAX_VALUE>[0.1232524961233139, 0.14407949149608612, 0.1304255723953247, 0.06429942697286606, 0.017021019011735916, 0.01453157514333725]</MAX_VALUE>
		<MIN_VALUE>[0.10996178537607193, 0.12673863768577576, 0.11174734681844711, 0.04762106388807297, 0.0019878826569765806, 0.0]</MIN_VALUE>
		<SIGNATURE_THRESHOLD_MD>0.0</SIGNATURE_THRESHOLD_MD>
		<SIGNATURE_THRESHOLD_ML>0.0</SIGNATURE_THRESHOLD_ML>
		<SIGNATURE_THRESHOLD_SAM>0.0</SIGNATURE_THRESHOLD_SAM>
	</signature>
	<signature ID="20220209_154540131125_105">
		<MACROCLASSID>1</MACROCLASSID>
		<MACROCLASSINFO>waterbody</MACROCLASSINFO>
		<CLASSID>11</CLASSID>
		<CLASSINFO>C 1</CLASSINFO>
		<VALUES>[0.11795178995077364, 0.001959475989495175, 0.13971184143925677, 0.004298687370536221, 0.12182706217880897, 0.006585458247954049, 0.049926859621118466, 0.0022385964633567924, 0.009615374891596112, 0.002015003220715654, 0.007239405309862868, 0.0023008870271452662]</VALUES>
		<LCS_MIN>[0.11129086464643478, 0.12962879240512848, 0.1090790331363678, 0.04094971343874931, 0.0019878826569765806, 0.0]</LCS_MIN>
		<LCS_MAX>[0.12458157539367676, 0.1527498960494995, 0.13576219975948334, 0.05429241433739662, 0.017021019011735916, 0.017615707591176033]</LCS_MAX>
		<WAVELENGTH>[0.485, 0.56, 0.66, 0.83, 1.65, 2.215]</WAVELENGTH>
		<MEAN_VALUE>[0.11795178995077364, 0.13971184143925677, 0.12182706217880897, 0.049926859621118466, 0.009615374891596112, 0.007239405309862868]</MEAN_VALUE>
		<CHECKBOX>2</CHECKBOX>
		<SD>[0.001959475989495175, 0.004298687370536221, 0.006585458247954049, 0.0022385964633567924, 0.002015003220715654, 0.0023008870271452662]</SD>
		<WAVELENGTH_UNIT>E-6m</WAVELENGTH_UNIT>
		<COLOR>#e0b67e</COLOR>
		<COVARIANCE_MATRIX>[[3.646374352683779e-06, 4.385948614071822e-06, 6.801014933444094e-06, 1.2407151643856196e-06, -1.1991353687790252e-07, -3.703010875710788e-08], [4.385948614071822e-06, 1.6953028534771875e-05, 2.176200177927967e-05, 3.425132035772549e-06, -1.0084784207720077e-06, -5.856381903868169e-07], [6.801014933444094e-06, 2.176200177927967e-05, 4.002962668891996e-05, 6.516052508231951e-06, -2.0698657863249537e-06, -1.184096163342474e-06], [1.2407151643856196e-06, 3.425132035772549e-06, 6.516052508231951e-06, 4.877941591985291e-06, -1.3636352491630532e-07, -8.673072215970024e-08], [-1.1991353687790252e-07, -1.0084784207720077e-06, -2.0698657863249537e-06, -1.3636352491630532e-07, 3.9492019823228475e-06, 2.989197582792258e-07], [-3.703010875710788e-08, -5.856381903868169e-07, -1.184096163342474e-06, -8.673072215970024e-08, 2.989197582792258e-07, 5.291875822877046e-06]]</COVARIANCE_MATRIX>
		<ROI_SIZE>10201</ROI_SIZE>
		<MAX_VALUE>[0.12458157539367676, 0.1527498960494995, 0.13576219975948334, 0.05429241433739662, 0.017021019011735916, 0.017615707591176033]</MAX_VALUE>
		<MIN_VALUE>[0.11129086464643478, 0.12962879240512848, 0.1090790331363678, 0.04094971343874931, 0.0019878826569765806, 0.0]</MIN_VALUE>
		<SIGNATURE_THRESHOLD_MD>0.0</SIGNATURE_THRESHOLD_MD>
		<SIGNATURE_THRESHOLD_ML>0.0</SIGNATURE_THRESHOLD_ML>
		<SIGNATURE_THRESHOLD_SAM>0.0</SIGNATURE_THRESHOLD_SAM>
	</signature>
	<signature ID="20220209_154548327638_651">
		<MACROCLASSID>1</MACROCLASSID>
		<MACROCLASSINFO>waterbody</MACROCLASSINFO>
		<CLASSID>12</CLASSID>
		<CLASSINFO>C 1</CLASSINFO>
		<VALUES>[0.10928749161427101, 0.003179172818180734, 0.12792667268623914, 0.00484466181494356, 0.10567036032135287, 0.00864568435449423, 0.044147663960936265, 0.00630422058249747, 0.00843564774721869, 0.00185866572808627, 0.006226249775348627, 0.0023134151007275735]</VALUES>
		<LCS_MIN>[0.10065829753875732, 0.11517807841300964, 0.0877324789762497, 0.03094269335269928, 0.0, 0.0]</LCS_MIN>
		<LCS_MAX>[0.11793622374534607, 0.14407949149608612, 0.1250889152288437, 0.07430645078420639, 0.019168613478541374, 0.017615707591176033]</LCS_MAX>
		<WAVELENGTH>[0.485, 0.56, 0.66, 0.83, 1.65, 2.215]</WAVELENGTH>
		<MEAN_VALUE>[0.10928749161427101, 0.12792667268623914, 0.10567036032135287, 0.044147663960936265, 0.00843564774721869, 0.006226249775348627]</MEAN_VALUE>
		<CHECKBOX>2</CHECKBOX>
		<SD>[0.003179172818180734, 0.00484466181494356, 0.00864568435449423, 0.00630422058249747, 0.00185866572808627, 0.0023134151007275735]</SD>
		<WAVELENGTH_UNIT>E-6m</WAVELENGTH_UNIT>
		<COLOR>#2267b8</COLOR>
		<COVARIANCE_MATRIX>[[9.562504601490218e-06, 1.2091173630324192e-05, 1.4161808394419495e-05, 4.062557309225667e-06, -1.8505819809888635e-07, -8.971846909844317e-08], [1.2091173630324192e-05, 2.2564536266145296e-05, 2.688029417186044e-05, 9.914574548020028e-06, -1.4960828309540375e-07, -8.645077542723811e-08], [1.4161808394419495e-05, 2.688029417186044e-05, 7.204264693427831e-05, 4.41228476120159e-05, 1.6324465832440183e-06, 5.306453090270224e-07], [4.062557309225667e-06, 9.914574548020028e-06, 4.41228476120159e-05, 3.9012440538499504e-05, 2.0255786239431472e-06, 8.117468155433016e-07], [-1.8505819809888635e-07, -1.4960828309540375e-07, 1.6324465832440183e-06, 2.0255786239431472e-06, 3.3530093332956312e-06, 9.202017992038236e-08], [-8.971846909844317e-08, -8.645077542723811e-08, 5.306453090270224e-07, 8.117468155433016e-07, 9.202017992038236e-08, 5.359740043786587e-06]]</COVARIANCE_MATRIX>
		<ROI_SIZE>10192</ROI_SIZE>
		<MAX_VALUE>[0.11793622374534607, 0.14407949149608612, 0.1250889152288437, 0.07430645078420639, 0.019168613478541374, 0.017615707591176033]</MAX_VALUE>
		<MIN_VALUE>[0.10065829753875732, 0.11517807841300964, 0.0877324789762497, 0.03094269335269928, 0.0, 0.0]</MIN_VALUE>
		<SIGNATURE_THRESHOLD_MD>0.0</SIGNATURE_THRESHOLD_MD>
		<SIGNATURE_THRESHOLD_ML>0.0</SIGNATURE_THRESHOLD_ML>
		<SIGNATURE_THRESHOLD_SAM>0.0</SIGNATURE_THRESHOLD_SAM>
	</signature>
	<signature ID="20220209_154557663453_290">
		<MACROCLASSID>1</MACROCLASSID>
		<MACROCLASSINFO>waterbody</MACROCLASSINFO>
		<CLASSID>13</CLASSID>
		<CLASSINFO>C 1</CLASSINFO>
		<VALUES>[0.10425644215428544, 0.0038265624059774872, 0.14590709187461048, 0.005829890204806461, 0.1980061452002986, 0.008113031042868177, 0.1611998902688098, 0.005687480098870491, 0.01758830887124395, 0.005115115933034678, 0.01199988488628694, 0.004308089390667864]</VALUES>
		<LCS_MIN>[0.09268387407064438, 0.1209583431482315, 0.15710872411727905, 0.13768424093723297, 0.0062830643728375435, 0.0]</LCS_MIN>
		<LCS_MAX>[0.11527808010578156, 0.15853019058704376, 0.21314339339733124, 0.1943906992673874, 0.049234889447689056, 0.033036381006240845]</LCS_MAX>
		<WAVELENGTH>[0.485, 0.56, 0.66, 0.83, 1.65, 2.215]</WAVELENGTH>
		<MEAN_VALUE>[0.10425644215428544, 0.14590709187461048, 0.1980061452002986, 0.1611998902688098, 0.01758830887124395, 0.01199988488628694]</MEAN_VALUE>
		<CHECKBOX>2</CHECKBOX>
		<SD>[0.0038265624059774872, 0.005829890204806461, 0.008113031042868177, 0.005687480098870491, 0.005115115933034678, 0.004308089390667864]</SD>
		<WAVELENGTH_UNIT>E-6m</WAVELENGTH_UNIT>
		<COLOR>#4dd0a0</COLOR>
		<COVARIANCE_MATRIX>[[1.4650956472905818e-05, 1.8754994016489945e-05, 2.4507038688170724e-05, 1.147004422819009e-05, 3.2988484690577025e-06, 5.556573796638986e-06], [1.8754994016489945e-05, 3.4007061913143843e-05, 4.238091787556186e-05, 1.359484940621769e-05, -1.3924626500738668e-06, 4.194680514046922e-06], [2.4507038688170724e-05, 4.238091787556186e-05, 6.585892697330564e-05, 1.2513559340732172e-05, -9.290986781707034e-06, 3.2268536642732215e-07], [1.147004422819009e-05, 1.359484940621769e-05, 1.2513559340732172e-05, 3.236593693145551e-05, 1.7417438357369974e-05, 1.3370650776778348e-05], [3.2988484690577025e-06, -1.3924626500738668e-06, -9.290986781707034e-06, 1.7417438357369974e-05, 2.617937934701331e-05, 1.555595372337848e-05], [5.556573796638986e-06, 4.194680514046922e-06, 3.2268536642732215e-07, 1.3370650776778348e-05, 1.555595372337848e-05, 1.8570251995697618e-05]]</COVARIANCE_MATRIX>
		<ROI_SIZE>1749</ROI_SIZE>
		<MAX_VALUE>[0.11527808010578156, 0.15853019058704376, 0.21314339339733124, 0.1943906992673874, 0.049234889447689056, 0.033036381006240845]</MAX_VALUE>
		<MIN_VALUE>[0.09268387407064438, 0.1209583431482315, 0.15710872411727905, 0.13768424093723297, 0.0062830643728375435, 0.0]</MIN_VALUE>
		<SIGNATURE_THRESHOLD_MD>0.0</SIGNATURE_THRESHOLD_MD>
		<SIGNATURE_THRESHOLD_ML>0.0</SIGNATURE_THRESHOLD_ML>
		<SIGNATURE_THRESHOLD_SAM>0.0</SIGNATURE_THRESHOLD_SAM>
	</signature>
	<signature ID="20220209_154604357747_288">
		<MACROCLASSID>1</MACROCLASSID>
		<MACROCLASSINFO>waterbody</MACROCLASSINFO>
		<CLASSID>14</CLASSID>
		<CLASSINFO>C 1</CLASSINFO>
		<VALUES>[0.09796272396621568, 0.002959069793696723, 0.12140612367173315, 0.007156197462184554, 0.11986503687123176, 0.009620096879289278, 0.07411852321574386, 0.01088304657559489, 0.02981582356118401, 0.011665444406197226, 0.019874510525817596, 0.008567631670382232]</VALUES>
		<LCS_MIN>[0.09002573788166046, 0.10361749678850174, 0.09840574115514755, 0.0576280876994133, 0.012725838460028172, 0.0052791740745306015]</LCS_MIN>
		<LCS_MAX>[0.1046455129981041, 0.13251890242099762, 0.13309387862682343, 0.10099183768033981, 0.055677663534879684, 0.04845704138278961]</LCS_MAX>
		<WAVELENGTH>[0.485, 0.56, 0.66, 0.83, 1.65, 2.215]</WAVELENGTH>
		<MEAN_VALUE>[0.09796272396621568, 0.12140612367173315, 0.11986503687123176, 0.07411852321574386, 0.02981582356118401, 0.019874510525817596]</MEAN_VALUE>
		<CHECKBOX>2</CHECKBOX>
		<SD>[0.002959069793696723, 0.007156197462184554, 0.009620096879289278, 0.01088304657559489, 0.011665444406197226, 0.008567631670382232]</SD>
		<WAVELENGTH_UNIT>E-6m</WAVELENGTH_UNIT>
		<COLOR>#1e62d2</COLOR>
		<COVARIANCE_MATRIX>[[8.881181202013977e-06, 1.7741407646099105e-05, 2.366371154494118e-05, -2.2237181838136166e-05, -2.3612574295839295e-05, -1.68373626365792e-05], [1.7741407646099105e-05, 5.194274854147807e-05, 6.582977221114561e-05, -5.913532731938176e-05, -6.637203478021547e-05, -4.839521352550946e-05], [2.366371154494118e-05, 6.582977221114561e-05, 9.386835154145956e-05, -8.186438208213076e-05, -9.216810576617718e-05, -6.43304520053789e-05], [-2.2237181838136166e-05, -5.913532731938176e-05, -8.186438208213076e-05, 0.00012013271043542773, 0.00011194050603080541, 7.611835462739691e-05], [-2.3612574295839295e-05, -6.637203478021547e-05, -9.216810576617718e-05, 0.00011194050603080541, 0.00013802663306705654, 8.735367737244815e-05], [-1.68373626365792e-05, -4.839521352550946e-05, -6.43304520053789e-05, 7.611835462739691e-05, 8.735367737244815e-05, 7.445294613717124e-05]]</COVARIANCE_MATRIX>
		<ROI_SIZE>71</ROI_SIZE>
		<MAX_VALUE>[0.1046455129981041, 0.13251890242099762, 0.13309387862682343, 0.10099183768033981, 0.055677663534879684, 0.04845704138278961]</MAX_VALUE>
		<MIN_VALUE>[0.09002573788166046, 0.10361749678850174, 0.09840574115514755, 0.0576280876994133, 0.012725838460028172, 0.0052791740745306015]</MIN_VALUE>
		<SIGNATURE_THRESHOLD_MD>0.0</SIGNATURE_THRESHOLD_MD>
		<SIGNATURE_THRESHOLD_ML>0.0</SIGNATURE_THRESHOLD_ML>
		<SIGNATURE_THRESHOLD_SAM>0.0</SIGNATURE_THRESHOLD_SAM>
	</signature>
	<signature ID="20220209_154617662551_987">
		<MACROCLASSID>1</MACROCLASSID>
		<MACROCLASSINFO>waterbody</MACROCLASSINFO>
		<CLASSID>15</CLASSID>
		<CLASSINFO>C 1</CLASSINFO>
		<VALUES>[0.10364892863524024, 0.0023609497054342308, 0.12551342896231957, 0.0022139095896189856, 0.09758191671431465, 0.005025898043989675, 0.040793388779505606, 0.00280679411282487, 0.008366183582086314, 0.001806087631861305, 0.006225028211287773, 0.002306415595065221]</VALUES>
		<LCS_MIN>[0.09401296079158783, 0.11228793114423752, 0.08506416529417038, 0.03427836671471596, 0.0, 0.0]</LCS_MIN>
		<LCS_MAX>[0.11129086464643478, 0.13251890242099762, 0.11174734681844711, 0.05429241433739662, 0.014873430132865906, 0.017615707591176033]</LCS_MAX>
		<WAVELENGTH>[0.485, 0.56, 0.66, 0.83, 1.65, 2.215]</WAVELENGTH>
		<MEAN_VALUE>[0.10364892863524024, 0.12551342896231957, 0.09758191671431465, 0.040793388779505606, 0.008366183582086314, 0.006225028211287773]</MEAN_VALUE>
		<CHECKBOX>2</CHECKBOX>
		<SD>[0.0023609497054342308, 0.0022139095896189856, 0.005025898043989675, 0.00280679411282487, 0.001806087631861305, 0.002306415595065221]</SD>
		<WAVELENGTH_UNIT>E-6m</WAVELENGTH_UNIT>
		<COLOR>#8b5299</COLOR>
		<COVARIANCE_MATRIX>[[5.412166046880884e-06, 2.1580244720098563e-06, 5.030234660807764e-06, 2.6404975983496115e-07, 2.632946518588142e-07, 2.9274244184307463e-07], [2.1580244720098563e-06, 4.810518021258758e-06, 5.196175607125042e-06, 5.28093096363591e-07, 7.244944555395705e-08, 5.741521746926992e-08], [5.030234660807764e-06, 5.196175607125042e-06, 2.650797614478506e-05, 7.919301424408332e-06, 6.302194606178091e-07, 1.4675751458526065e-07], [2.6404975983496115e-07, 5.28093096363591e-07, 7.919301424408332e-06, 7.345241556322435e-06, 6.127204414951848e-07, 1.4479431342806492e-07], [2.632946518588142e-07, 7.244944555395705e-08, 6.302194606178091e-07, 6.127204414951848e-07, 3.193210204699426e-06, 1.1604144134480521e-07], [2.9274244184307463e-07, 5.741521746926992e-08, 1.4675751458526065e-07, 1.4479431342806492e-07, 1.1604144134480521e-07, 5.286817668093136e-06]]</COVARIANCE_MATRIX>
		<ROI_SIZE>10201</ROI_SIZE>
		<MAX_VALUE>[0.11129086464643478, 0.13251890242099762, 0.11174734681844711, 0.05429241433739662, 0.014873430132865906, 0.017615707591176033]</MAX_VALUE>
		<MIN_VALUE>[0.09401296079158783, 0.11228793114423752, 0.08506416529417038, 0.03427836671471596, 0.0, 0.0]</MIN_VALUE>
		<SIGNATURE_THRESHOLD_MD>0.0</SIGNATURE_THRESHOLD_MD>
		<SIGNATURE_THRESHOLD_ML>0.0</SIGNATURE_THRESHOLD_ML>
		<SIGNATURE_THRESHOLD_SAM>0.0</SIGNATURE_THRESHOLD_SAM>
	</signature>
	<signature ID="20220209_154625937062_212">
		<MACROCLASSID>1</MACROCLASSID>
		<MACROCLASSINFO>waterbody</MACROCLASSINFO>
		<CLASSID>16</CLASSID>
		<CLASSINFO>C 1</CLASSINFO>
		<VALUES>[0.11560639855590173, 0.0020892857674236005, 0.13376367959645716, 0.0017602432460052905, 0.1003118750125957, 0.002179363647557738, 0.03632050515659677, 0.0021632487662684306, 0.008114568100129515, 0.0017883408855317805, 0.006087038587746521, 0.002323692628172187]</VALUES>
		<LCS_MIN>[0.10597457736730576, 0.12384849786758423, 0.09040079265832901, 0.027607019990682602, 0.0, 0.0]</LCS_MIN>
		<LCS_MAX>[0.12192342430353165, 0.14407949149608612, 0.10641069710254669, 0.05095673352479935, 0.017021019011735916, 0.017615707591176033]</LCS_MAX>
		<WAVELENGTH>[0.485, 0.56, 0.66, 0.83, 1.65, 2.215]</WAVELENGTH>
