<?xml version="1.0" ?>
<signaturelist MCID_LIST="[['1', 'waterbody', '#0000ff'], ['2', 'vegetation', '#00ff00'], ['3', 'bareland', '#ffaa00'], ['4', 'built-up', '#ff0000']]">
	<signature ID="20210513_132852536628_698">
		<MACROCLASSID>1</MACROCLASSID>
		<MACROCLASSINFO>waterbody</MACROCLASSINFO>
		<CLASSID>1</CLASSID>
		<CLASSINFO>C 1</CLASSINFO>
		<VALUES>[0.081194181307081, 0.002520113390314345, 0.05319964316363834, 0.0029863303956155405, 0.03254000732043001, 0.003227345487598475, 0.02283354982832381, 0.007122518163981832, 0.005148780120352138, 0.0066691133985765936, 0.003481260865143379, 0.004908835713547595]</VALUES>
		<LCS_MIN>[0.07176714390516281, 0.03883851692080498, 0.0239429771900177, 0.011588441208004951, 0.0, 0.0]</LCS_MIN>
		<LCS_MAX>[0.09259253740310669, 0.07265757024288177, 0.06873936951160431, 0.08795227110385895, 0.06858719885349274, 0.050420284271240234]</LCS_MAX>
		<WAVELENGTH>[0.485, 0.56, 0.66, 0.83, 1.65, 2.215]</WAVELENGTH>
		<MEAN_VALUE>[0.081194181307081, 0.05319964316363834, 0.03254000732043001, 0.02283354982832381, 0.005148780120352138, 0.003481260865143379]</MEAN_VALUE>
		<CHECKBOX>2</CHECKBOX>
		<SD>[0.002520113390314345, 0.0029863303956155405, 0.003227345487598475, 0.007122518163981832, 0.0066691133985765936, 0.004908835713547595]</SD>
		<WAVELENGTH_UNIT>E-6m</WAVELENGTH_UNIT>
		<COLOR>#0f541e</COLOR>
		<COVARIANCE_MATRIX>[[6.479646258143265e-06, 2.1344261563815086e-06, 1.8636927023286037e-06, 2.308904190447106e-06, 1.39811734771669e-06, 7.308702812147026e-07], [2.1344261563815086e-06, 8.559853555755776e-06, 3.85175502685302e-06, 6.991862133643924e-06, 5.3656743293092954e-06, 3.292777939155109e-06], [1.8636927023286037e-06, 3.85175502685302e-06, 9.944365364566077e-06, 1.352170535202976e-05, 1.1614718602142473e-05, 7.424744623245508e-06], [2.308904190447106e-06, 6.991862133643924e-06, 1.352170535202976e-05, 4.6211924422023334e-05, 3.3743528113317426e-05, 2.1187045739924593e-05], [1.39811734771669e-06, 5.3656743293092954e-06, 1.1614718602142473e-05, 3.3743528113317426e-05, 4.028993675813266e-05, 2.1539277494535395e-05], [7.308702812147026e-07, 3.292777939155109e-06, 7.424744623245508e-06, 2.1187045739924593e-05, 2.1539277494535395e-05, 2.3011106625290195e-05]]</COVARIANCE_MATRIX>
		<ROI_SIZE>26538</ROI_SIZE>
		<MAX_VALUE>[0.09259253740310669, 0.07265757024288177, 0.06873936951160431, 0.08795227110385895, 0.06858719885349274, 0.050420284271240234]</MAX_VALUE>
		<MIN_VALUE>[0.07176714390516281, 0.03883851692080498, 0.0239429771900177, 0.011588441208004951, 0.0, 0.0]</MIN_VALUE>
		<SIGNATURE_THRESHOLD_MD>0</SIGNATURE_THRESHOLD_MD>
		<SIGNATURE_THRESHOLD_ML>0</SIGNATURE_THRESHOLD_ML>
		<SIGNATURE_THRESHOLD_SAM>0</SIGNATURE_THRESHOLD_SAM>
	</signature>
	<signature ID="20210513_132903433990_222">
		<MACROCLASSID>1</MACROCLASSID>
		<MACROCLASSINFO>waterbody</MACROCLASSINFO>
		<CLASSID>2</CLASSID>
		<CLASSINFO>C 1</CLASSINFO>
		<VALUES>[0.09609858724036534, 0.002868523715740129, 0.09071691862409276, 0.004774323308463156, 0.06545940180574553, 0.005359190669270833, 0.03952610811534464, 0.007647818906895892, 0.005670874382250786, 0.0055510121596317194, 0.0037838051107971886, 0.004406189587287842]</VALUES>
		<LCS_MIN>[0.08333680778741837, 0.05816369131207466, 0.044304970651865005, 0.03195212408900261, 0.0, 0.0]</LCS_MIN>
		<LCS_MAX>[0.12035971134901047, 0.11613918840885162, 0.10539095848798752, 0.09813409298658371, 0.06858719885349274, 0.059834327548742294]</LCS_MAX>
		<WAVELENGTH>[0.485, 0.56, 0.66, 0.83, 1.65, 2.215]</WAVELENGTH>
		<MEAN_VALUE>[0.09609858724036534, 0.09071691862409276, 0.06545940180574553, 0.03952610811534464, 0.005670874382250786, 0.0037838051107971886]</MEAN_VALUE>
		<CHECKBOX>2</CHECKBOX>
		<SD>[0.002868523715740129, 0.004774323308463156, 0.005359190669270833, 0.007647818906895892, 0.0055510121596317194, 0.004406189587287842]</SD>
		<WAVELENGTH_UNIT>E-6m</WAVELENGTH_UNIT>
		<COLOR>#d071bc</COLOR>
		<COVARIANCE_MATRIX>[[8.425483599788197e-06, 7.104570420545759e-06, 8.393602316154054e-06, 8.563917274029691e-07, 3.95513954816537e-07, 3.0651491458978496e-07], [7.104570420545759e-06, 2.6133057302012262e-05, 2.029316246924002e-05, -4.541393508364507e-06, -3.167717732597783e-06, -1.6708051174604069e-06], [8.393602316154054e-06, 2.029316246924002e-05, 3.0495625227730546e-05, 2.3166486956087987e-06, 1.0432024752179037e-06, 9.9201770971899e-07], [8.563917274029691e-07, -4.541393508364507e-06, 2.3166486956087987e-06, 4.535227446194259e-05, 2.3486402315226132e-05, 1.3599452295057233e-05], [3.95513954816537e-07, -3.167717732597783e-06, 1.0432024752179037e-06, 2.3486402315226132e-05, 2.5221479278223924e-05, 1.1276254162813478e-05], [3.0651491458978496e-07, -1.6708051174604069e-06, 9.9201770971899e-07, 1.3599452295057233e-05, 1.1276254162813478e-05, 1.68008758197131e-05]]</COVARIANCE_MATRIX>
		<ROI_SIZE>40985</ROI_SIZE>
		<MAX_VALUE>[0.12035971134901047, 0.11613918840885162, 0.10539095848798752, 0.09813409298658371, 0.06858719885349274, 0.059834327548742294]</MAX_VALUE>
		<MIN_VALUE>[0.08333680778741837, 0.05816369131207466, 0.044304970651865005, 0.03195212408900261, 0.0, 0.0]</MIN_VALUE>
		<SIGNATURE_THRESHOLD_MD>0</SIGNATURE_THRESHOLD_MD>
		<SIGNATURE_THRESHOLD_ML>0</SIGNATURE_THRESHOLD_ML>
		<SIGNATURE_THRESHOLD_SAM>0</SIGNATURE_THRESHOLD_SAM>
	</signature>
	<signature ID="20210513_132910670436_119">
		<MACROCLASSID>1</MACROCLASSID>
		<MACROCLASSINFO>waterbody</MACROCLASSINFO>
		<CLASSID>3</CLASSID>
		<CLASSINFO>C 1</CLASSINFO>
		<VALUES>[0.09279155652579797, 0.0023310112150758977, 0.08976868345172664, 0.003302510585554387, 0.06361249578975195, 0.004350039430671792, 0.03452586109437667, 0.004408336689907331, 0.003973774076984635, 0.0036711248433787284, 0.002892518136209961, 0.0034294345356865267]</VALUES>
		<LCS_MIN>[0.08333680778741837, 0.0678262785077095, 0.048377372324466705, 0.021770283579826355, 0.0, 0.0]</LCS_MIN>
		<LCS_MAX>[0.10647612065076828, 0.11613918840885162, 0.10131856799125671, 0.10322503000497818, 0.06858719885349274, 0.055127304047346115]</LCS_MAX>
		<WAVELENGTH>[0.485, 0.56, 0.66, 0.83, 1.65, 2.215]</WAVELENGTH>
		<MEAN_VALUE>[0.09279155652579797, 0.08976868345172664, 0.06361249578975195, 0.03452586109437667, 0.003973774076984635, 0.002892518136209961]</MEAN_VALUE>
		<CHECKBOX>2</CHECKBOX>
		<SD>[0.0023310112150758977, 0.003302510585554387, 0.004350039430671792, 0.004408336689907331, 0.0036711248433787284, 0.0034294345356865267]</SD>
		<WAVELENGTH_UNIT>E-6m</WAVELENGTH_UNIT>
		<COLOR>#e87186</COLOR>
		<COVARIANCE_MATRIX>[[5.4583984490913575e-06, 1.085197432782917e-06, 1.4335078438060904e-06, 2.0430289537257678e-07, -3.214862965477603e-07, -2.0022978215736953e-07], [1.085197432782917e-06, 1.0579498542044788e-05, 5.932856542107021e-06, 1.0322970176519851e-06, -1.2506492529158422e-06, -8.324560827558815e-07], [1.4335078438060904e-06, 5.932856542107021e-06, 1.754563931126058e-05, 8.538119344678536e-06, 1.910600718045104e-06, 1.3020308268096576e-06], [2.0430289537257678e-07, 1.0322970176519851e-06, 8.538119344678536e-06, 2.7372107999625744e-05, 1.2216947055912547e-05, 7.513336838962581e-06], [-3.214862965477603e-07, -1.2506492529158422e-06, 1.910600718045104e-06, 1.2216947055912547e-05, 1.6525381421095393e-05, 6.368342298462627e-06], [-2.0022978215736953e-07, -8.324560827558815e-07, 1.3020308268096576e-06, 7.513336838962581e-06, 6.368342298462627e-06, 1.2685411501374183e-05]]</COVARIANCE_MATRIX>
		<ROI_SIZE>72743</ROI_SIZE>
		<MAX_VALUE>[0.10647612065076828, 0.11613918840885162, 0.10131856799125671, 0.10322503000497818, 0.06858719885349274, 0.055127304047346115]</MAX_VALUE>
		<MIN_VALUE>[0.08333680778741837, 0.0678262785077095, 0.048377372324466705, 0.021770283579826355, 0.0, 0.0]</MIN_VALUE>
		<SIGNATURE_THRESHOLD_MD>0</SIGNATURE_THRESHOLD_MD>
		<SIGNATURE_THRESHOLD_ML>0</SIGNATURE_THRESHOLD_ML>
		<SIGNATURE_THRESHOLD_SAM>0</SIGNATURE_THRESHOLD_SAM>
	</signature>
	<signature ID="20210513_132919444792_531">
		<MACROCLASSID>1</MACROCLASSID>
		<MACROCLASSINFO>waterbody</MACROCLASSINFO>
		<CLASSID>4</CLASSID>
		<CLASSINFO>C 1</CLASSINFO>
		<VALUES>[0.09165150301147627, 0.0030929959811846967, 0.08825627324984742, 0.0034188606612677794, 0.061266801483249866, 0.003304070581397886, 0.03061626945191305, 0.005684721324982761, 0.004054719516101749, 0.00414220950082136, 0.0029377072083922842, 0.003636728271427635]</VALUES>
		<LCS_MIN>[0.0787089392542839, 0.05816369131207466, 0.044304970651865005, 0.021770283579826355, 0.0, 0.0]</LCS_MIN>
		<LCS_MAX>[0.10879006236791611, 0.10647659748792648, 0.09317375719547272, 0.09304317086935043, 0.07514253258705139, 0.06454133987426758]</LCS_MAX>
		<WAVELENGTH>[0.485, 0.56, 0.66, 0.83, 1.65, 2.215]</WAVELENGTH>
		<MEAN_VALUE>[0.09165150301147627, 0.08825627324984742, 0.061266801483249866, 0.03061626945191305, 0.004054719516101749, 0.0029377072083922842]</MEAN_VALUE>
		<CHECKBOX>2</CHECKBOX>
		<SD>[0.0030929959811846967, 0.0034188606612677794, 0.003304070581397886, 0.005684721324982761, 0.00414220950082136, 0.003636728271427635]</SD>
		<WAVELENGTH_UNIT>E-6m</WAVELENGTH_UNIT>
		<COLOR>#a9ca20</COLOR>
		<COVARIANCE_MATRIX>[[9.073180360839807e-06, 3.916188203680968e-06, 3.46129496676249e-06, 1.5785807174578773e-06, -4.807479975617939e-07, -4.005315245525892e-07], [3.916188203680968e-06, 1.1968217200737828e-05, 4.355358906286421e-06, -1.8419560191858417e-06, -2.9778806212287914e-06, -2.082363680474894e-06], [3.46129496676249e-06, 4.355358906286421e-06, 1.0937790373255636e-05, 5.7961240749165084e-06, 8.145916882661899e-07, 5.367336448653758e-07], [1.5785807174578773e-06, -1.8419560191858417e-06, 5.7961240749165084e-06, 3.87235725802244e-05, 1.552336754336611e-05, 1.0033820566709655e-05], [-4.807479975617939e-07, -2.9778806212287914e-06, 8.145916882661899e-07, 1.552336754336611e-05, 1.8266656411169056e-05, 7.952816507866588e-06], [-4.005315245525892e-07, -2.082363680474894e-06, 5.367336448653758e-07, 1.0033820566709655e-05, 7.952816507866588e-06, 1.3899129161616703e-05]]</COVARIANCE_MATRIX>
		<ROI_SIZE>80704</ROI_SIZE>
		<MAX_VALUE>[0.10879006236791611, 0.10647659748792648, 0.09317375719547272, 0.09304317086935043, 0.07514253258705139, 0.06454133987426758]</MAX_VALUE>
		<MIN_VALUE>[0.0787089392542839, 0.05816369131207466, 0.044304970651865005, 0.021770283579826355, 0.0, 0.0]</MIN_VALUE>
		<SIGNATURE_THRESHOLD_MD>0</SIGNATURE_THRESHOLD_MD>
		<SIGNATURE_THRESHOLD_ML>0</SIGNATURE_THRESHOLD_ML>
		<SIGNATURE_THRESHOLD_SAM>0</SIGNATURE_THRESHOLD_SAM>
	</signature>
	<signature ID="20210513_133643106874_844">
		<MACROCLASSID>1</MACROCLASSID>
		<MACROCLASSINFO>waterbody</MACROCLASSINFO>
		<CLASSID>5</CLASSID>
		<CLASSINFO>C 1</CLASSINFO>
		<VALUES>[0.08508483932234799, 0.002592512033928734, 0.05322823614214943, 0.002342664054569682, 0.03133852778011881, 0.002154435013157271, 0.02105613413127193, 0.002707903665410924, 0.0038211753429451983, 0.002733164948157048, 0.002908755322941371, 0.0030735603713295694]</VALUES>
		<LCS_MIN>[0.07639501243829727, 0.04366980865597725, 0.0239429771900177, 0.011588441208004951, 0.0, 0.0]</LCS_MIN>
		<LCS_MAX>[0.09490646421909332, 0.06299497932195663, 0.040232572704553604, 0.02686120569705963, 0.019422240555286407, 0.01747114583849907]</LCS_MAX>
		<WAVELENGTH>[0.485, 0.56, 0.66, 0.83, 1.65, 2.215]</WAVELENGTH>
		<MEAN_VALUE>[0.08508483932234799, 0.05322823614214943, 0.03133852778011881, 0.02105613413127193, 0.0038211753429451983, 0.002908755322941371]</MEAN_VALUE>
		<CHECKBOX>2</CHECKBOX>
		<SD>[0.002592512033928734, 0.002342664054569682, 0.002154435013157271, 0.002707903665410924, 0.002733164948157048, 0.0030735603713295694]</SD>
		<WAVELENGTH_UNIT>E-6m</WAVELENGTH_UNIT>
		<COLOR>#f0e70c</COLOR>
		<COVARIANCE_MATRIX>[[6.974541479513372e-06, 1.3825675001127769e-06, 1.0582241433250854e-06, 1.11931041269332e-06, 9.453232794430451e-08, -7.927895793605682e-08], [1.3825675001127769e-06, 5.876729783359068e-06, 9.684328287834659e-07, 9.69017809152468e-07, -1.7337609417089244e-07, -1.9807102027712908e-07], [1.0582241433250854e-06, 9.684328287834659e-07, 4.804048051077325e-06, 7.922301623830971e-07, -2.8223324927835624e-07, -2.3426554765479703e-07], [1.11931041269332e-06, 9.69017809152468e-07, 7.922301623830971e-07, 7.505538430342755e-06, -6.965419818781721e-08, 1.128664509252607e-09], [9.453232794430451e-08, -1.7337609417089244e-07, -2.8223324927835624e-07, -6.965419818781721e-08, 7.459098113593521e-06, 7.263017504269136e-07], [-7.927895793605682e-08, -1.9807102027712908e-07, -2.3426554765479703e-07, 1.128664509252607e-09, 7.263017504269136e-07, 9.364825871316244e-06]]</COVARIANCE_MATRIX>
		<ROI_SIZE>40400</ROI_SIZE>
		<MAX_VALUE>[0.09490646421909332, 0.06299497932195663, 0.040232572704553604, 0.02686120569705963, 0.019422240555286407, 0.01747114583849907]</MAX_VALUE>
		<MIN_VALUE>[0.07639501243829727, 0.04366980865597725, 0.0239429771900177, 0.011588441208004951, 0.0, 0.0]</MIN_VALUE>
		<SIGNATURE_THRESHOLD_MD>0</SIGNATURE_THRESHOLD_MD>
		<SIGNATURE_THRESHOLD_ML>0</SIGNATURE_THRESHOLD_ML>
		<SIGNATURE_THRESHOLD_SAM>0</SIGNATURE_THRESHOLD_SAM>
	</signature>
	<signature ID="20210513_133655286244_399">
		<MACROCLASSID>1</MACROCLASSID>
		<MACROCLASSINFO>waterbody</MACROCLASSINFO>
		<CLASSID>6</CLASSID>
		<CLASSINFO>C 1</CLASSINFO>
		<VALUES>[0.0827340119711802, 0.0027864676812783345, 0.050853148095561636, 0.0035293008384154356, 0.029976324937958834, 0.0032628263116960873, 0.020624211228313226, 0.004706376680118881, 0.003833106499174295, 0.004207067193955362, 0.0027827762295649424, 0.0036886598564198686]</VALUES>
		<LCS_MIN>[0.07408107072114944, 0.03883851692080498, 0.01987057738006115, 0.011588441208004951, 0.0, 0.0]</LCS_MIN>
		<LCS_MAX>[0.10416219383478165, 0.0871514230966568, 0.07688416540622711, 0.08286134898662567, 0.07186486572027206, 0.06924836337566376]</LCS_MAX>
		<WAVELENGTH>[0.485, 0.56, 0.66, 0.83, 1.65, 2.215]</WAVELENGTH>
		<MEAN_VALUE>[0.0827340119711802, 0.050853148095561636, 0.029976324937958834, 0.020624211228313226, 0.003833106499174295, 0.0027827762295649424]</MEAN_VALUE>
		<CHECKBOX>2</CHECKBOX>
		<SD>[0.0027864676812783345, 0.0035293008384154356, 0.0032628263116960873, 0.004706376680118881, 0.004207067193955362, 0.0036886598564198686]</SD>
		<WAVELENGTH_UNIT>E-6m</WAVELENGTH_UNIT>
		<COLOR>#6827d5</COLOR>
		<COVARIANCE_MATRIX>[[7.530844339045382e-06, 3.7573215088748157e-06, 2.8693167089860622e-06, 2.8502975949262784e-06, 1.134843335771347e-06, 7.466769688593509e-07], [3.7573215088748157e-06, 1.257202736608875e-05, 5.700148412650693e-06, 7.725565878561757e-06, 4.615014177213245e-06, 2.999151116247229e-06], [2.8693167089860622e-06, 5.700148412650693e-06, 1.0383151944147003e-05, 9.38064409982242e-06, 6.5359896429564926e-06, 4.601101708657553e-06], [2.8502975949262784e-06, 7.725565878561757e-06, 9.38064409982242e-06, 2.4889915833771116e-05, 1.3832001779600988e-05, 9.305861904950534e-06], [1.134843335771347e-06, 4.615014177213245e-06, 6.5359896429564926e-06, 1.3832001779600988e-05, 2.009832016806991e-05, 9.472836132349754e-06], [7.466769688593509e-07, 2.999151116247229e-06, 4.601101708657553e-06, 9.305861904950534e-06, 9.472836132349754e-06, 1.5251807440184538e-05]]</COVARIANCE_MATRIX>
		<ROI_SIZE>30399</ROI_SIZE>
		<MAX_VALUE>[0.10416219383478165, 0.0871514230966568, 0.07688416540622711, 0.08286134898662567, 0.07186486572027206, 0.06924836337566376]</MAX_VALUE>
		<MIN_VALUE>[0.07408107072114944, 0.03883851692080498, 0.01987057738006115, 0.011588441208004951, 0.0, 0.0]</MIN_VALUE>
		<SIGNATURE_THRESHOLD_MD>0</SIGNATURE_THRESHOLD_MD>
		<SIGNATURE_THRESHOLD_ML>0</SIGNATURE_THRESHOLD_ML>
		<SIGNATURE_THRESHOLD_SAM>0</SIGNATURE_THRESHOLD_SAM>
	</signature>
	<signature ID="20210513_133705670987_210">
		<MACROCLASSID>1</MACROCLASSID>
		<MACROCLASSINFO>waterbody</MACROCLASSINFO>
		<CLASSID>7</CLASSID>
		<CLASSINFO>C 1</CLASSINFO>
		<VALUES>[0.09413822949051498, 0.0058104682672382975, 0.0928015897750617, 0.013401153717852303, 0.07128106429058668, 0.012836450787880174, 0.03914946137536562, 0.016521350874386352, 0.015626007768094283, 0.017055778831790193, 0.010146720734158406, 0.011812008111304843]</VALUES>
		<LCS_MIN>[0.07408107072114944, 0.04366980865597725, 0.0320877768099308, 0.01667936146259308, 0.0, 0.0]</LCS_MIN>
		<LCS_MAX>[0.10647612065076828, 0.11130788177251816, 0.09724617004394531, 0.10322503000497818, 0.07186486572027206, 0.055127304047346115]</LCS_MAX>
		<WAVELENGTH>[0.485, 0.56, 0.66, 0.83, 1.65, 2.215]</WAVELENGTH>
		<MEAN_VALUE>[0.09413822949051498, 0.0928015897750617, 0.07128106429058668, 0.03914946137536562, 0.015626007768094283, 0.010146720734158406]</MEAN_VALUE>
		<CHECKBOX>2</CHECKBOX>
		<SD>[0.0058104682672382975, 0.013401153717852303, 0.012836450787880174, 0.016521350874386352, 0.017055778831790193, 0.011812008111304843]</SD>
		<WAVELENGTH_UNIT>E-6m</WAVELENGTH_UNIT>
		<COLOR>#ceb834</COLOR>
		<COVARIANCE_MATRIX>[[2.9650766620048586e-05, 6.0753989816105814e-05, 5.647590724097815e-05, -1.3705307307034632e-05, -2.6922321102503366e-05, -1.6216809536862054e-05], [6.0753989816105814e-05, 0.00016362158573643675, 0.00014099890103712762, -4.9805341862794477e-05, -8.424477031960863e-05, -5.1636172447754344e-05], [5.647590724097815e-05, 0.00014099890103712762, 0.00014940902908450356, 6.691702505706022e-06, -3.042860935163739e-05, -1.5255981228062656e-05], [-1.3705307307034632e-05, -4.9805341862794477e-05, 6.691702505706022e-06, 0.0002653787870598551, 0.00024152791523970456, 0.0001606162054985395], [-2.6922321102503366e-05, -8.424477031960863e-05, -3.042860935163739e-05, 0.00024152791523970456, 0.0003027097336001997, 0.00019494516313467862], [-1.6216809536862054e-05, -5.1636172447754344e-05, -1.5255981228062656e-05, 0.0001606162054985395, 0.00019494516313467862, 0.00014916102629765454]]</COVARIANCE_MATRIX>
		<ROI_SIZE>1963</ROI_SIZE>
		<MAX_VALUE>[0.10647612065076828, 0.11130788177251816, 0.09724617004394531, 0.10322503000497818, 0.07186486572027206, 0.055127304047346115]</MAX_VALUE>
		<MIN_VALUE>[0.07408107072114944, 0.04366980865597725, 0.0320877768099308, 0.01667936146259308, 0.0, 0.0]</MIN_VALUE>
		<SIGNATURE_THRESHOLD_MD>0</SIGNATURE_THRESHOLD_MD>
		<SIGNATURE_THRESHOLD_ML>0</SIGNATURE_THRESHOLD_ML>
		<SIGNATURE_THRESHOLD_SAM>0</SIGNATURE_THRESHOLD_SAM>
	</signature>
	<signature ID="20210513_133714812048_898">
		<MACROCLASSID>1</MACROCLASSID>
		<MACROCLASSINFO>waterbody</MACROCLASSINFO>
		<CLASSID>8</CLASSID>
		<CLASSINFO>C 1</CLASSINFO>
		<VALUES>[0.09133645798359717, 0.002948824184936276, 0.07889094925648367, 0.00399863055731502, 0.04717772189931537, 0.004860654433471623, 0.03018543475235886, 0.013600898910044443, 0.009765575089169524, 0.011085876356658855, 0.0062349105544447, 0.008032482762933127]</VALUES>
		<LCS_MIN>[0.07639501243829727, 0.05333239212632179, 0.0320877768099308, 0.011588441208004951, 0.0, 0.0]</LCS_MIN>
		<LCS_MAX>[0.10416219383478165, 0.09681402891874313, 0.08095657080411911, 0.09304317086935043, 0.07514253258705139, 0.055127304047346115]</LCS_MAX>
		<WAVELENGTH>[0.485, 0.56, 0.66, 0.83, 1.65, 2.215]</WAVELENGTH>
		<MEAN_VALUE>[0.09133645798359717, 0.07889094925648367, 0.04717772189931537, 0.03018543475235886, 0.009765575089169524, 0.0062349105544447]</MEAN_VALUE>
		<CHECKBOX>2</CHECKBOX>
		<SD>[0.002948824184936276, 0.00399863055731502, 0.004860654433471623, 0.013600898910044443, 0.011085876356658855, 0.008032482762933127]</SD>
		<WAVELENGTH_UNIT>E-6m</WAVELENGTH_UNIT>
		<COLOR>#eb4a2c</COLOR>
		<COVARIANCE_MATRIX>[[8.703171741271005e-06, 5.498876975120799e-06, 4.650334784304646e-06, -2.0973717463455003e-06, -9.15776955406675e-07, 1.1392319089512216e-06], [5.498876975120799e-06, 1.600303500085215e-05, 6.881936820635917e-06, -9.119298640663392e-06, -5.106051659669367e-06, -1.203597118044663e-06], [4.650334784304646e-06, 6.881936820635917e-06, 2.3646631654192293e-05, 3.542536049355915e-05, 2.800904751203572e-05, 2.1145556700968894e-05], [-2.0973717463455003e-06, -9.119298640663392e-06, 3.542536049355915e-05, 0.00018514629232586834, 0.00012729844962049912, 8.143645637899429e-05], [-9.15776955406675e-07, -5.106051659669367e-06, 2.800904751203572e-05, 0.00012729844962049912, 0.00012300417572775674, 7.57904432794459e-05], [1.1392319089512216e-06, -1.203597118044663e-06, 2.1145556700968894e-05, 8.143645637899429e-05, 7.57904432794459e-05, 6.457722796265925e-05]]</COVARIANCE_MATRIX>
		<ROI_SIZE>1144</ROI_SIZE>
		<MAX_VALUE>[0.10416219383478165, 0.09681402891874313, 0.08095657080411911, 0.09304317086935043, 0.07514253258705139, 0.055127304047346115]</MAX_VALUE>
		<MIN_VALUE>[0.07639501243829727, 0.05333239212632179, 0.0320877768099308, 0.011588441208004951, 0.0, 0.0]</MIN_VALUE>
		<SIGNATURE_THRESHOLD_MD>0</SIGNATURE_THRESHOLD_MD>
		<SIGNATURE_THRESHOLD_ML>0</SIGNATURE_THRESHOLD_ML>
		<SIGNATURE_THRESHOLD_SAM>0</SIGNATURE_THRESHOLD_SAM>
	</signature>
	<signature ID="20210513_133720720832_343">
		<MACROCLASSID>1</MACROCLASSID>
		<MACROCLASSINFO>waterbody</MACROCLASSINFO>
		<CLASSID>9</CLASSID>
		<CLASSINFO>C 1</CLASSINFO>
		<VALUES>[0.10508183375574072, 0.00919874054803377, 0.10687921017121814, 0.018241485299131176, 0.08761337084265854, 0.015880392906886278, 0.05453493333875371, 0.020527661352824543, 0.032869066607254825, 0.020116681324244996, 0.02403612488295693, 0.015051404614762499]</VALUES>
		<LCS_MIN>[0.07639501243829727, 0.05333239212632179, 0.0361601747572422, 0.021770283579826355, 0.006311581004410982, 0.0]</LCS_MIN>
		<LCS_MAX>[0.1157318577170372, 0.12580177187919617, 0.11760815978050232, 0.09813409298658371, 0.07514253258705139, 0.07395537942647934]</LCS_MAX>
		<WAVELENGTH>[0.485, 0.56, 0.66, 0.83, 1.65, 2.215]</WAVELENGTH>
		<MEAN_VALUE>[0.10508183375574072, 0.10687921017121814, 0.08761337084265854, 0.05453493333875371, 0.032869066607254825, 0.02403612488295693]</MEAN_VALUE>
		<CHECKBOX>2</CHECKBOX>
		<SD>[0.00919874054803377, 0.018241485299131176, 0.015880392906886278, 0.020527661352824543, 0.020116681324244996, 0.015051404614762499]</SD>
		<WAVELENGTH_UNIT>E-6m</WAVELENGTH_UNIT>
		<COLOR>#416309</COLOR>
		<COVARIANCE_MATRIX>[[8.516274268726678e-05, 0.000159671366969659, 0.00013822721825478598, -8.459025765413006e-05, -7.400110323746599e-05, -2.7547717872901354e-05], [0.000159671366969659, 0.0003348985716340212, 0.0002726249647648995, -0.00021623079485665574, -0.0001913863920090783, -9.106517397037569e-05], [0.00013822721825478598, 0.0002726249647648995, 0.0002538138909988718, -0.00011371361873008431, -0.00010326615248140009, -2.7816406381721974e-05], [-8.459025765413006e-05, -0.00021623079485665574, -0.00011371361873008431, 0.0004241034927492546, 0.0003589203961442948, 0.00024691873349699323], [-7.400110323746599e-05, -0.0001913863920090783, -0.00010326615248140009, 0.0003589203961442948, 0.00040729171180768696, 0.00026980627086465095], [-2.7547717872901354e-05, -9.106517397037569e-05, -2.7816406381721974e-05, 0.00024691873349699323, 0.00026980627086465095, 0.00022800636010876006]]</COVARIANCE_MATRIX>
		<ROI_SIZE>156</ROI_SIZE>
		<MAX_VALUE>[0.1157318577170372, 0.12580177187919617, 0.11760815978050232, 0.09813409298658371, 0.07514253258705139, 0.07395537942647934]</MAX_VALUE>
		<MIN_VALUE>[0.07639501243829727, 0.05333239212632179, 0.0361601747572422, 0.021770283579826355, 0.006311581004410982, 0.0]</MIN_VALUE>
		<SIGNATURE_THRESHOLD_MD>0</SIGNATURE_THRESHOLD_MD>
		<SIGNATURE_THRESHOLD_ML>0</SIGNATURE_THRESHOLD_ML>
		<SIGNATURE_THRESHOLD_SAM>0</SIGNATURE_THRESHOLD_SAM>
	</signature>
	<signature ID="20210513_133742447841_480">
		<MACROCLASSID>1</MACROCLASSID>
		<MACROCLASSINFO>waterbody</MACROCLASSINFO>
		<CLASSID>10</CLASSID>
		<CLASSINFO>C 1</CLASSINFO>
		<VALUES>[0.11596477235670032, 0.010163118020408386, 0.10628116760939112, 0.011885354047717237, 0.07911383424055887, 0.0103599447803278, 0.04987810951283488, 0.014076743798823992, 0.015943132792113263, 0.010561609254640069, 0.0092182859133575, 0.006687872824683169]</VALUES>
		<LCS_MIN>[0.08796466886997223, 0.0678262785077095, 0.040232572704553604, 0.03195212408900261, 0.0, 0.0]</LCS_MIN>
		<LCS_MAX>[0.14118510484695435, 0.13063305616378784, 0.10131856799125671, 0.09813409298658371, 0.05875420942902565, 0.04100624471902847]</LCS_MAX>
		<WAVELENGTH>[0.485, 0.56, 0.66, 0.83, 1.65, 2.215]</WAVELENGTH>
		<MEAN_VALUE>[0.11596477235670032, 0.10628116760939112, 0.07911383424055887, 0.04987810951283488, 0.015943132792113263, 0.0092182859133575]</MEAN_VALUE>
		<CHECKBOX>2</CHECKBOX>
		<SD>[0.010163118020408386, 0.011885354047717237, 0.0103599447803278, 0.014076743798823992, 0.010561609254640069, 0.006687872824683169]</SD>
		<WAVELENGTH_UNIT>E-6m</WAVELENGTH_UNIT>
		<COLOR>#46d785</COLOR>
		<COVARIANCE_MATRIX>[[9.175499038779477e-05, 0.00010154083630695475, 8.421872751638893e-05, 2.580500431296405e-06, -1.9565035393427565e-05, -7.674363331098146e-06], [0.00010154083630695475, 0.00013907861964864392, 0.0001080630799622878, -2.646826627626824e-05, -4.13866259299e-05, -1.7463372316919992e-05], [8.421872751638893e-05, 0.0001080630799622878, 9.544643494815061e-05, -9.417064276191897e-06, -2.3960351906493628e-05, -8.439181203436026e-06], [2.580500431296405e-06, -2.646826627626824e-05, -9.417064276191897e-06, 0.00017772712755410546, 0.00011838532245531066, 6.261140488549892e-05], [-1.9565035393427565e-05, -4.13866259299e-05, -2.3960351906493628e-05, 0.00011838532245531066, 0.00011115831367074654, 5.645131868759929e-05], [-7.674363331098146e-06, -1.7463372316919992e-05, -8.439181203436026e-06, 6.261140488549892e-05, 5.645131868759929e-05, 4.647460532450948e-05]]</COVARIANCE_MATRIX>
		<ROI_SIZE>3517</ROI_SIZE>
		<MAX_VALUE>[0.14118510484695435, 0.13063305616378784, 0.10131856799125671, 0.09813409298658371, 0.05875420942902565, 0.04100624471902847]</MAX_VALUE>
		<MIN_VALUE>[0.08796466886997223, 0.0678262785077095, 0.040232572704553604, 0.03195212408900261, 0.0, 0.0]</MIN_VALUE>
		<SIGNATURE_THRESHOLD_MD>0</SIGNATURE_THRESHOLD_MD>
		<SIGNATURE_THRESHOLD_ML>0</SIGNATURE_THRESHOLD_ML>
		<SIGNATURE_THRESHOLD_SAM>0</SIGNATURE_THRESHOLD_SAM>
	</signature>
	<signature ID="20210513_133800792384_312">
		<MACROCLASSID>1</MACROCLASSID>
		<MACROCLASSINFO>waterbody</MACROCLASSINFO>
		<CLASSID>11</CLASSID>
		<CLASSINFO>C 1</CLASSINFO>
		<VALUES>[0.09313221340411544, 0.0045087368962013616, 0.08938747660270972, 0.006238977973404868, 0.05840771920251714, 0.008923686988406468, 0.03402329200309558, 0.012199639167789334, 0.005760691715890264, 0.006150705014346142, 0.003661421473752427, 0.0043856191806064355]</VALUES>
		<LCS_MIN>[0.07639501243829727, 0.05816369131207466, 0.044304970651865005, 0.01667936146259308, 0.0, 0.0]</LCS_MIN>
		<LCS_MAX>[0.11804579198360443, 0.11613918840885162, 0.10946334898471832, 0.10322503000497818, 0.05219888314604759, 0.03629922494292259]</LCS_MAX>
		<WAVELENGTH>[0.485, 0.56, 0.66, 0.83, 1.65, 2.215]</WAVELENGTH>
		<MEAN_VALUE>[0.09313221340411544, 0.08938747660270972, 0.05840771920251714, 0.03402329200309558, 0.005760691715890264, 0.003661421473752427]</MEAN_VALUE>
		<CHECKBOX>2</CHECKBOX>
		<SD>[0.0045087368962013616, 0.006238977973404868, 0.008923686988406468, 0.012199639167789334, 0.006150705014346142, 0.0043856191806064355]</SD>
		<WAVELENGTH_UNIT>E-6m</WAVELENGTH_UNIT>
		<COLOR>#4f13a7</COLOR>
		<COVARIANCE_MATRIX>[[1.8845297694257236e-05, 1.820122897454778e-05, 2.9027729243605994e-05, 2.0457544345920757e-05, -2.6827580945339176e-07, -4.1503989573425785e-07], [1.820122897454778e-05, 3.789164614817235e-05, 3.593344022654485e-05, 1.2729100813343006e-05, -7.041006118904094e-06, -4.537204705038963e-06], [2.9027729243605994e-05, 3.593344022654485e-05, 7.219215848617986e-05, 5.8550185399125495e-05, 5.757705171166543e-06, 2.8969031341922052e-06], [2.0457544345920757e-05, 1.2729100813343006e-05, 5.8550185399125495e-05, 0.00015119470410874774, 5.253073723459997e-05, 2.8186736715300287e-05], [-2.6827580945339176e-07, -7.041006118904094e-06, 5.757705171166543e-06, 5.253073723459997e-05, 3.935900601878543e-05, 1.8597190407776275e-05], [-4.1503989573425785e-07, -4.537204705038963e-06, 2.8969031341922052e-06, 2.8186736715300287e-05, 1.8597190407776275e-05, 2.0244115143620493e-05]]</COVARIANCE_MATRIX>
		<ROI_SIZE>16221</ROI_SIZE>
		<MAX_VALUE>[0.11804579198360443, 0.11613918840885162, 0.10946334898471832, 0.10322503000497818, 0.05219888314604759, 0.03629922494292259]</MAX_VALUE>
		<MIN_VALUE>[0.07639501243829727, 0.05816369131207466, 0.044304970651865005, 0.01667936146259308, 0.0, 0.0]</MIN_VALUE>
		<SIGNATURE_THRESHOLD_MD>0</SIGNATURE_THRESHOLD_MD>
		<SIGNATURE_THRESHOLD_ML>0</SIGNATURE_THRESHOLD_ML>
		<SIGNATURE_THRESHOLD_SAM>0</SIGNATURE_THRESHOLD_SAM>
	</signature>
	<signature ID="20210513_133809042722_953">
		<MACROCLASSID>1</MACROCLASSID>
		<MACROCLASSINFO>waterbody</MACROCLASSINFO>
		<CLASSID>12</CLASSID>
		<CLASSINFO>C 1</CLASSINFO>
		<VALUES>[0.09270226456606799, 0.002342556002332928, 0.09053866064992921, 0.0033904901932779274, 0.058544390682745466, 0.0033387463629876253, 0.03305354687627182, 0.0061573908386357845, 0.005014366965009891, 0.0038608490496377847, 0.0031863277267683205, 0.0033938245694398626]</VALUES>
		<LCS_MIN>[0.08102288097143173, 0.05816369131207466, 0.0361601747572422, 0.021770283579826355, 0.0, 0.0]</LCS_MIN>
		<LCS_MAX>[0.10184825956821442, 0.10647659748792648, 0.08095657080411911, 0.07267951220273972, 0.05547654256224632, 0.03629922494292259]</LCS_MAX>
		<WAVELENGTH>[0.485, 0.56, 0.66, 0.83, 1.65, 2.215]</WAVELENGTH>
		<MEAN_VALUE>[0.09270226456606799, 0.09053866064992921, 0.058544390682745466, 0.03305354687627182, 0.005014366965009891, 0.0031863277267683205]</MEAN_VALUE>
		<CHECKBOX>2</CHECKBOX>
		<SD>[0.002342556002332928, 0.0033904901932779274, 0.0033387463629876253, 0.0061573908386357845, 0.0038608490496377847, 0.0033938245694398626]</SD>
		<WAVELENGTH_UNIT>E-6m</WAVELENGTH_UNIT>
		<COLOR>#ca86ab</COLOR>
		<COVARIANCE_MATRIX>[[5.638621353487954e-06, 1.5147003542612085e-06, 9.170994856858841e-07, 1.7733458775355062e-06, -6.619601283286816e-08, -1.8109314135574325e-07], [1.5147003542612085e-06, 1.1376898140527398e-05, 3.1017575612000173e-06, 6.642313231159619e-06, 2.5019683796792394e-07, -4.710075934661466e-07], [9.170994856858841e-07, 3.1017575612000173e-06, 9.28791003475886e-06, 6.2469778460241675e-06, 8.991970221719968e-07, 1.8998531916385697e-07], [1.7733458775355062e-06, 6.642313231159619e-06, 6.2469778460241675e-06, 3.984580664663972e-05, 1.1409290670565764e-05, 5.13036778069342e-06], [-6.619601283286816e-08, 2.5019683796792394e-07, 8.991970221719968e-07, 1.1409290670565764e-05, 1.395010954426203e-05, 3.715136959582563e-06], [-1.8109314135574325e-07, -4.710075934661466e-07, 1.8998531916385697e-07, 5.13036778069342e-06, 3.715136959582563e-06, 1.1138799724381548e-05]]</COVARIANCE_MATRIX>
		<ROI_SIZE>18906</ROI_SIZE>
		<MAX_VALUE>[0.10184825956821442, 0.10647659748792648, 0.08095657080411911, 0.07267951220273972, 0.05547654256224632, 0.03629922494292259]</MAX_VALUE>
		<MIN_VALUE>[0.08102288097143173, 0.05816369131207466, 0.0361601747572422, 0.021770283579826355, 0.0, 0.0]</MIN_VALUE>
		<SIGNATURE_THRESHOLD_MD>0</SIGNATURE_THRESHOLD_MD>
		<SIGNATURE_THRESHOLD_ML>0</SIGNATURE_THRESHOLD_ML>
		<SIGNATURE_THRESHOLD_SAM>0</SIGNATURE_THRESHOLD_SAM>
	</signature>
	<signature ID="20210513_133817509416_444">
		<MACROCLASSID>1</MACROCLASSID>
		<MACROCLASSINFO>waterbody</MACROCLASSINFO>
		<CLASSID>13</CLASSID>
		<CLASSINFO>C 1</CLASSINFO>
		<VALUES>[0.14987251955514763, 0.004468438768930665, 0.20287641682471452, 0.009211486304926289, 0.2278487128123903, 0.011648923589229844, 0.11007246331513273, 0.007535416934321889, 0.014671517625908589, 0.011970923323607809, 0.00988698579447224, 0.008867071195438015]</VALUES>
		<LCS_MIN>[0.13192938268184662, 0.16445210576057434, 0.18683890998363495, 0.09813409298658371, 0.0, 0.0]</LCS_MIN>
		<LCS_MAX>[0.15738263726234436, 0.21276500821113586, 0.24792492389678955, 0.1439523994922638, 0.05219888314604759, 0.04100624471902847]</LCS_MAX>
		<WAVELENGTH>[0.485, 0.56, 0.66, 0.83, 1.65, 2.215]</WAVELENGTH>
		<MEAN_VALUE>[0.14987251955514763, 0.20287641682471452, 0.2278487128123903, 0.11007246331513273, 0.014671517625908589, 0.00988698579447224]</MEAN_VALUE>
		<CHECKBOX>2</CHECKBOX>
		<SD>[0.004468438768930665, 0.009211486304926289, 0.011648923589229844, 0.007535416934321889, 0.011970923323607809, 0.008867071195438015]</SD>
		<WAVELENGTH_UNIT>E-6m</WAVELENGTH_UNIT>
		<COLOR>#41466b</COLOR>
		<COVARIANCE_MATRIX>[[2.008439764951597e-05, 3.281682423574751e-05, 4.1570324015176645e-05, -1.3478391268935439e-05, -3.430227498909449e-05, -2.322395686302996e-05], [3.281682423574751e-05, 8.535060629846726e-05, 9.70509318889664e-05, -3.5770838808127474e-05, -7.893200400015322e-05, -5.1060337618372755e-05], [4.1570324015176645e-05, 9.70509318889664e-05, 0.00013649564090999626, -4.696961094873157e-05, -9.84851416334711e-05, -6.477477847295301e-05], [-1.3478391268935439e-05, -3.5770838808127474e-05, -4.696961094873157e-05, 5.711652312920664e-05, 6.3640412027925e-05, 4.20719409397995e-05], [-3.430227498909449e-05, -7.893200400015322e-05, -9.84851416334711e-05, 6.3640412027925e-05, 0.0001441459640739309, 9.066571581052111e-05], [-2.322395686302996e-05, -5.1060337618372755e-05, -6.477477847295301e-05, 4.20719409397995e-05, 9.066571581052111e-05, 7.908745130017222e-05]]</COVARIANCE_MATRIX>
		<ROI_SIZE>171</ROI_SIZE>
		<MAX_VALUE>[0.15738263726234436, 0.21276500821113586, 0.24792492389678955, 0.1439523994922638, 0.05219888314604759, 0.04100624471902847]</MAX_VALUE>
		<MIN_VALUE>[0.13192938268184662, 0.16445210576057434, 0.18683890998363495, 0.09813409298658371, 0.0, 0.0]</MIN_VALUE>
		<SIGNATURE_THRESHOLD_MD>0</SIGNATURE_THRESHOLD_MD>
		<SIGNATURE_THRESHOLD_ML>0</SIGNATURE_THRESHOLD_ML>
		<SIGNATURE_THRESHOLD_SAM>0</SIGNATURE_THRESHOLD_SAM>
	</signature>
	<signature ID="20210513_133838573942_696">
		<MACROCLASSID>1</MACROCLASSID>
		<MACROCLASSINFO>waterbody</MACROCLASSINFO>
		<CLASSID>14</CLASSID>
		<CLASSINFO>C 1</CLASSINFO>
		<VALUES>[0.11588873322737418, 0.003636615038948944, 0.13423606172456579, 0.007835457556548204, 0.11243138234999218, 0.00622056505295069, 0.048174047116505914, 0.011109240021110975, 0.016200127632562386, 0.01277999252459164, 0.009620352853405272, 0.010379030983530673]</VALUES>
		<LCS_MIN>[0.10184825956821442, 0.11130788177251816, 0.09317375719547272, 0.037043049931526184, 0.0030339164659380913, 0.0]</LCS_MIN>
		<LCS_MAX>[0.1226736456155777, 0.14512693881988525, 0.12168055027723312, 0.08795227110385895, 0.05219888314604759, 0.04100624471902847]</LCS_MAX>
		<WAVELENGTH>[0.485, 0.56, 0.66, 0.83, 1.65, 2.215]</WAVELENGTH>
		<MEAN_VALUE>[0.11588873322737418, 0.13423606172456579, 0.11243138234999218, 0.048174047116505914, 0.016200127632562386, 0.009620352853405272]</MEAN_VALUE>
		<CHECKBOX>2</CHECKBOX>
		<SD>[0.003636615038948944, 0.007835457556548204, 0.00622056505295069, 0.011109240021110975, 0.01277999252459164, 0.010379030983530673]</SD>
		<WAVELENGTH_UNIT>E-6m</WAVELENGTH_UNIT>
		<COLOR>#3b829b</COLOR>
		<COVARIANCE_MATRIX>[[1.3452985647397714e-05, 2.1976352541245258e-05, 1.707311635208139e-05, -3.3257477866774326e-05, -2.838459408932817e-05, -2.2484645736411377e-05], [2.1976352541245258e-05, 6.245291917426961e-05, 4.0344585404627645e-05, -7.302534974598357e-05, -6.136086539179626e-05, -4.9463044350167646e-05], [1.707311635208139e-05, 4.0344585404627645e-05, 3.9362592156922326e-05, -5.2194188298523226e-05, -4.8036288772094926e-05, -3.629573201875651e-05], [-3.3257477866774326e-05, -7.302534974598357e-05, -5.2194188298523226e-05, 0.00012554306236125132, 0.00011444914482773341, 9.049801216403086e-05], [-2.838459408932817e-05, -6.136086539179626e-05, -4.8036288772094926e-05, 0.00011444914482773341, 0.00016614421253083572, 0.00012753686494091786], [-2.2484645736411377e-05, -4.9463044350167646e-05, -3.629573201875651e-05, 9.049801216403086e-05, 0.00012753686494091786, 0.0001095815994011774]]</COVARIANCE_MATRIX>
		<ROI_SIZE>59</ROI_SIZE>
		<MAX_VALUE>[0.1226736456155777, 0.14512693881988525, 0.12168055027723312, 0.08795227110385895, 0.05219888314604759, 0.04100624471902847]</MAX_VALUE>
		<MIN_VALUE>[0.10184825956821442, 0.11130788177251816, 0.09317375719547272, 0.037043049931526184, 0.0030339164659380913, 0.0]</MIN_VALUE>
		<SIGNATURE_THRESHOLD_MD>0</SIGNATURE_THRESHOLD_MD>
		<SIGNATURE_THRESHOLD_ML>0</SIGNATURE_THRESHOLD_ML>
		<SIGNATURE_THRESHOLD_SAM>0</SIGNATURE_THRESHOLD_SAM>
	</signature>
	<signature ID="20210513_133844141445_888">
		<MACROCLASSID>1</MACROCLASSID>
		<MACROCLASSINFO>waterbody</MACROCLASSINFO>
		<CLASSID>15</CLASSID>
		<CLASSINFO>C 1</CLASSINFO>
		<VALUES>[0.1003966349061956, 0.0037531296556948, 0.09476932202385602, 0.0063011502569144595, 0.06578802122744962, 0.004954958719069661, 0.03545094333058887, 0.011504038751164519, 0.013723736140556097, 0.010674499771561001, 0.008710968939496777, 0.007590920324763041]</VALUES>
		<LCS_MIN>[0.07639501243829727, 0.05333239212632179, 0.0320877768099308, 0.01667936146259308, 0.0, 0.0]</LCS_MIN>
		<LCS_MAX>[0.10879006236791611, 0.10647659748792648, 0.08095657080411911, 0.07267951220273972, 0.05875420942902565, 0.04100624471902847]</LCS_MAX>
		<WAVELENGTH>[0.485, 0.56, 0.66, 0.83, 1.65, 2.215]</WAVELENGTH>
		<MEAN_VALUE>[0.1003966349061956, 0.09476932202385602, 0.06578802122744962, 0.03545094333058887, 0.013723736140556097, 0.008710968939496777]</MEAN_VALUE>
		<CHECKBOX>2</CHECKBOX>
		<SD>[0.0037531296556948, 0.0063011502569144595, 0.004954958719069661, 0.011504038751164519, 0.010674499771561001, 0.007590920324763041]</SD>
		<WAVELENGTH_UNIT>E-6m</WAVELENGTH_UNIT>
		<COLOR>#1201ec</COLOR>
		<COVARIANCE_MATRIX>[[1.4112409946437825e-05, 1.7895680385607057e-05, 1.1725481796759663e-05, -1.646036734078548e-05, -1.0039937407126049e-05, -4.970338471797187e-06], [1.7895680385607057e-05, 3.9778987045316836e-05, 2.3263450595245155e-05, -3.431765571449752e-05, -2.3322100906025243e-05, -1.1308511313011304e-05], [1.1725481796759663e-05, 2.3263450595245155e-05, 2.4597678976929583e-05, -6.730317127407605e-06, -1.0049790314728354e-06, 3.2595648825051992e-06], [-1.646036734078548e-05, -3.431765571449752e-05, -6.730317127407605e-06, 0.00013259120572635925, 9.860556873624486e-05, 6.392142945090634e-05], [-1.0039937407126049e-05, -2.3322100906025243e-05, -1.0049790314728354e-06, 9.860556873624486e-05, 0.00011415872575837132, 6.691093864373877e-05], [-4.970338471797187e-06, -1.1308511313011304e-05, 3.2595648825051992e-06, 6.392142945090634e-05, 6.691093864373877e-05, 5.7730180328827294e-05]]</COVARIANCE_MATRIX>
		<ROI_SIZE>534</ROI_SIZE>
		<MAX_VALUE>[0.10879006236791611, 0.10647659748792648, 0.08095657080411911, 0.07267951220273972, 0.05875420942902565, 0.04100624471902847]</MAX_VALUE>
		<MIN_VALUE>[0.07639501243829727, 0.05333239212632179, 0.0320877768099308, 0.01667936146259308, 0.0, 0.0]</MIN_VALUE>
		<SIGNATURE_THRESHOLD_MD>0</SIGNATURE_THRESHOLD_MD>
		<SIGNATURE_THRESHOLD_ML>0</SIGNATURE_THRESHOLD_ML>
		<SIGNATURE_THRESHOLD_SAM>0</SIGNATURE_THRESHOLD_SAM>
	</signature>
	<signature ID="20210513_133852654273_303">
		<MACROCLASSID>1</MACROCLASSID>
		<MACROCLASSINFO>waterbody</MACROCLASSINFO>
		<CLASSID>16</CLASSID>
		<CLASSINFO>C 1</CLASSINFO>
		<VALUES>[0.16193206658807857, 0.0050582111739079045, 0.22627624743065594, 0.010776680369262593, 0.2527565862667762, 0.013126127103885684, 0.12134525381912617, 0.005948160209713748, 0.020977740823212312, 0.012149873380230079, 0.015715982788637024, 0.009167412939835994]</VALUES>
		<LCS_MIN>[0.14812691509723663, 0.19343985617160797, 0.21534574031829834, 0.10831594467163086, 0.006311581004410982, 0.0033500823192298412]</LCS_MIN>
		<LCS_MAX>[0.17126622796058655, 0.2417527586221695, 0.26828691363334656, 0.13886147737503052, 0.05219888314604759, 0.045713260769844055]</LCS_MAX>
		<WAVELENGTH>[0.485, 0.56, 0.66, 0.83, 1.65, 2.215]</WAVELENGTH>
		<MEAN_VALUE>[0.16193206658807857, 0.22627624743065594, 0.2527565862667762, 0.12134525381912617, 0.020977740823212312, 0.015715982788637024]</MEAN_VALUE>
		<CHECKBOX>2</CHECKBOX>
		<SD>[0.0050582111739079045, 0.010776680369262593, 0.013126127103885684, 0.005948160209713748, 0.012149873380230079, 0.009167412939835994]</SD>
		<WAVELENGTH_UNIT>E-6m</WAVELENGTH_UNIT>
		<COLOR>#1ff6ca</COLOR>
