<?xml version="1.0" ?>
<signaturelist MCID_LIST="[['1', 'waterbody', '#0000ff'], ['2', 'vegetation', '#00ff00'], ['3', 'barren', '#ffaa00'], ['4', 'builtup', '#ff0000']]">
	<signature ID="20190912_211345540794_666">
		<MACROCLASSID>1</MACROCLASSID>
		<MACROCLASSINFO>waterbody</MACROCLASSINFO>
		<CLASSID>34</CLASSID>
		<CLASSINFO>C 1</CLASSINFO>
		<VALUES>[303.58182949595397, 30.914640387779098, 352.54158888197435, 39.97039173694038, 217.91993362372975, 32.40669306356439, 146.8549056212404, 46.42403069204948, 92.40458411117993, 30.237260500351024, 71.35729101846063, 22.991291273625507]</VALUES>
		<LCS_MIN>[227.0, 279.0, 170.0, 94.0, 39.0, 4.0]</LCS_MIN>
		<LCS_MAX>[503.0, 597.0, 540.0, 681.0, 566.0, 558.0]</LCS_MAX>
		<WAVELENGTH>[0.48, 0.56, 0.655, 0.865, 1.61, 2.2]</WAVELENGTH>
		<MEAN_VALUE>[303.58182949595397, 352.54158888197435, 217.91993362372975, 146.8549056212404, 92.40458411117993, 71.35729101846063]</MEAN_VALUE>
		<CHECKBOX>2</CHECKBOX>
		<SD>[30.914640387779098, 39.97039173694038, 32.40669306356439, 46.42403069204948, 30.237260500351024, 22.991291273625507]</SD>
		<WAVELENGTH_UNIT>E-6m</WAVELENGTH_UNIT>
		<COLOR>#a93efe</COLOR>
		<COVARIANCE_MATRIX>[[954.6724494732904, 1189.4892986182313, 924.2479613098607, 1046.122315138984, 573.7717741807876, 418.99035471370865], [1189.4892986182313, 1608.854734466179, 1236.4189316497732, 1414.6928222245506, 798.3130110270058, 585.6002151855944], [924.2479613098607, 1236.4189316497732, 1104.0025204311632, 1357.7025711992453, 791.3752035136052, 568.2942589839911], [1046.122315138984, 1414.6928222245506, 1357.7025711992453, 2163.9096784473622, 1276.1528161195529, 889.853686604009], [573.7717741807876, 798.3130110270058, 791.3752035136052, 1276.1528161195529, 865.9712908610124, 612.1706053256597], [418.99035471370865, 585.6002151855944, 568.2942589839911, 889.853686604009, 612.1706053256597, 458.9479825656001]]</COVARIANCE_MATRIX>
		<ROI_SIZE>97184</ROI_SIZE>
		<MAX_VALUE>[503.0, 597.0, 540.0, 681.0, 566.0, 558.0]</MAX_VALUE>
		<MIN_VALUE>[227.0, 279.0, 170.0, 94.0, 39.0, 4.0]</MIN_VALUE>
		<SIGNATURE_THRESHOLD_MD>0</SIGNATURE_THRESHOLD_MD>
		<SIGNATURE_THRESHOLD_ML>0</SIGNATURE_THRESHOLD_ML>
		<SIGNATURE_THRESHOLD_SAM>0</SIGNATURE_THRESHOLD_SAM>
	</signature>
	<signature ID="20190912_211359226340_398">
		<MACROCLASSID>1</MACROCLASSID>
		<MACROCLASSINFO>waterbody</MACROCLASSINFO>
		<CLASSID>35</CLASSID>
		<CLASSINFO>C 1</CLASSINFO>
		<VALUES>[394.1317241379317, 35.161497758394034, 447.82068965517266, 39.19422353032474, 296.4151724137926, 41.904703597459886, 342.47103448275885, 75.6423767540312, 164.67103448275853, 81.74736559479128, 108.46206896551719, 68.56014934696398]</VALUES>
		<LCS_MIN>[119.0, 206.0, 120.0, 268.0, 93.0, 52.0]</LCS_MIN>
		<LCS_MAX>[563.0, 813.0, 705.0, 818.0, 630.0, 536.0]</LCS_MAX>
		<WAVELENGTH>[0.48, 0.56, 0.655, 0.865, 1.61, 2.2]</WAVELENGTH>
		<MEAN_VALUE>[394.1317241379317, 447.82068965517266, 296.4151724137926, 342.47103448275885, 164.67103448275853, 108.46206896551719]</MEAN_VALUE>
		<CHECKBOX>2</CHECKBOX>
		<SD>[35.161497758394034, 39.19422353032474, 41.904703597459886, 75.6423767540312, 81.74736559479128, 68.56014934696398]</SD>
		<WAVELENGTH_UNIT>E-6m</WAVELENGTH_UNIT>
		<COLOR>#7b858a</COLOR>
		<COVARIANCE_MATRIX>[[879.799116399998, 893.4827255975006, 807.5359860491801, 623.1097472811249, 590.8752758225204, 530.7985068685258], [893.4827255975006, 1456.526863321531, 1440.9624769395334, 1444.0924332121856, 1634.0379712690979, 1483.117842350637], [807.5359860491801, 1440.9624769395334, 1819.6927754506864, 2295.38976705804, 2629.748002238021, 2269.36799434206], [623.1097472811249, 1444.0924332121856, 2295.38976705804, 4515.619186117193, 4894.160929557189, 3981.9774805016036], [590.8752758225204, 1634.0379712690979, 2629.748002238021, 4894.160929557189, 6243.31914596995, 5214.199657989248], [530.7985068685258, 1483.117842350637, 2269.36799434206, 3981.9774805016036, 5214.199657989248, 4558.132946407352]]</COVARIANCE_MATRIX>
		<ROI_SIZE>13767</ROI_SIZE>
		<MAX_VALUE>[563.0, 813.0, 705.0, 818.0, 630.0, 536.0]</MAX_VALUE>
		<MIN_VALUE>[119.0, 206.0, 120.0, 268.0, 93.0, 52.0]</MIN_VALUE>
		<SIGNATURE_THRESHOLD_MD>0</SIGNATURE_THRESHOLD_MD>
		<SIGNATURE_THRESHOLD_ML>0</SIGNATURE_THRESHOLD_ML>
		<SIGNATURE_THRESHOLD_SAM>0</SIGNATURE_THRESHOLD_SAM>
	</signature>
	<signature ID="20190912_211407089868_506">
		<MACROCLASSID>1</MACROCLASSID>
		<MACROCLASSINFO>waterbody</MACROCLASSINFO>
		<CLASSID>36</CLASSID>
		<CLASSINFO>C 1</CLASSINFO>
		<VALUES>[358.66293142088756, 38.93531813085542, 467.5298072613172, 49.42853965488632, 319.8888390856125, 57.563725068735735, 255.56790676826546, 69.24617950559, 147.38547736441083, 70.28218874893827, 104.6432093231736, 63.676034580749786]</VALUES>
		<LCS_MIN>[261.0, 376.0, 243.0, 162.0, 80.0, 50.0]</LCS_MIN>
		<LCS_MAX>[608.0, 773.0, 731.0, 679.0, 575.0, 561.0]</LCS_MAX>
		<WAVELENGTH>[0.48, 0.56, 0.655, 0.865, 1.61, 2.2]</WAVELENGTH>
		<MEAN_VALUE>[358.66293142088756, 467.5298072613172, 319.8888390856125, 255.56790676826546, 147.38547736441083, 104.6432093231736]</MEAN_VALUE>
		<CHECKBOX>2</CHECKBOX>
		<SD>[38.93531813085542, 49.42853965488632, 57.563725068735735, 69.24617950559, 70.28218874893827, 63.676034580749786]</SD>
		<WAVELENGTH_UNIT>E-6m</WAVELENGTH_UNIT>
		<COLOR>#eac4f0</COLOR>
		<COVARIANCE_MATRIX>[[1084.899235000328, 1238.726621965877, 1334.7328937379125, 1452.3264713103354, 1413.2194768131353, 1206.2516072122116], [1238.726621965877, 1759.848453260868, 1894.5492375840522, 2053.7328435087197, 2038.6419116062173, 1789.802953960011], [1334.7328937379125, 1894.5492375840522, 2726.897844834514, 3183.7537355181685, 3272.2188420911784, 2865.3779456571046], [1452.3264713103354, 2053.7328435087197, 3183.7537355181685, 4463.15076582936, 4484.583458954858, 4110.018601184002], [1413.2194768131353, 2038.6419116062173, 3272.2188420911784, 4484.583458954858, 5126.044045847061, 4462.775996818302], [1206.2516072122116, 1789.802953960011, 2865.3779456571046, 4110.018601184002, 4462.775996818302, 4140.492138547004]]</COVARIANCE_MATRIX>
		<ROI_SIZE>16567</ROI_SIZE>
		<MAX_VALUE>[608.0, 773.0, 731.0, 679.0, 575.0, 561.0]</MAX_VALUE>
		<MIN_VALUE>[261.0, 376.0, 243.0, 162.0, 80.0, 50.0]</MIN_VALUE>
		<SIGNATURE_THRESHOLD_MD>0</SIGNATURE_THRESHOLD_MD>
		<SIGNATURE_THRESHOLD_ML>0</SIGNATURE_THRESHOLD_ML>
		<SIGNATURE_THRESHOLD_SAM>0</SIGNATURE_THRESHOLD_SAM>
	</signature>
	<signature ID="20190912_211416863811_548">
		<MACROCLASSID>2</MACROCLASSID>
		<MACROCLASSINFO>vegetation</MACROCLASSINFO>
		<CLASSID>37</CLASSID>
		<CLASSINFO>C 1</CLASSINFO>
		<VALUES>[153.88781804163466, 25.902301132360254, 321.83731688511955, 36.76160120216998, 242.30763299922884, 39.90225387915223, 1942.4680030840404, 246.56564232870795, 1041.2960678488826, 143.93307338639482, 497.80223592906617, 86.55897118324651]</VALUES>
		<LCS_MIN>[35.0, 213.0, 139.0, 1353.0, 640.0, 284.0]</LCS_MIN>
		<LCS_MAX>[285.0, 569.0, 509.0, 2352.0, 1320.0, 869.0]</LCS_MAX>
		<WAVELENGTH>[0.48, 0.56, 0.655, 0.865, 1.61, 2.2]</WAVELENGTH>
		<MEAN_VALUE>[153.88781804163466, 321.83731688511955, 242.30763299922884, 1942.4680030840404, 1041.2960678488826, 497.80223592906617]</MEAN_VALUE>
		<CHECKBOX>2</CHECKBOX>
		<SD>[25.902301132360254, 36.76160120216998, 39.90225387915223, 246.56564232870795, 143.93307338639482, 86.55897118324651]</SD>
		<WAVELENGTH_UNIT>E-6m</WAVELENGTH_UNIT>
		<COLOR>#8e18af</COLOR>
		<COVARIANCE_MATRIX>[[678.7903212918015, 745.397267260637, 910.9183072755837, 1657.8752793235003, 2719.519587221641, 1761.40399364609], [745.397267260637, 1352.8764704815726, 1273.6262764439582, 5844.062297184917, 4501.836984582586, 2482.7752361783537], [910.9183072755837, 1273.6262764439582, 1593.5186504990577, 3565.0665879672147, 4953.0529206260835, 3107.147839373831], [1657.8752793235003, 5844.062297184917, 3565.0665879672147, 58703.117538440434, 21558.679780160634, 7139.445238816485], [2719.519587221641, 4501.836984582586, 4953.0529206260835, 21558.679780160634, 21164.371164890552, 11624.499635212842], [1761.40399364609, 2482.7752361783537, 3107.147839373831, 7139.445238816485, 11624.499635212842, 7573.269893388643]]</COVARIANCE_MATRIX>
		<ROI_SIZE>4744</ROI_SIZE>
		<MAX_VALUE>[285.0, 569.0, 509.0, 2352.0, 1320.0, 869.0]</MAX_VALUE>
		<MIN_VALUE>[35.0, 213.0, 139.0, 1353.0, 640.0, 284.0]</MIN_VALUE>
		<SIGNATURE_THRESHOLD_MD>0</SIGNATURE_THRESHOLD_MD>
		<SIGNATURE_THRESHOLD_ML>0</SIGNATURE_THRESHOLD_ML>
		<SIGNATURE_THRESHOLD_SAM>0</SIGNATURE_THRESHOLD_SAM>
	</signature>
	<signature ID="20190912_211423485453_769">
		<MACROCLASSID>2</MACROCLASSID>
		<MACROCLASSINFO>vegetation</MACROCLASSINFO>
		<CLASSID>38</CLASSID>
		<CLASSINFO>C 1</CLASSINFO>
		<VALUES>[202.45719277810153, 51.40842265071545, 366.67821782178197, 58.11949069134759, 322.7210250436811, 78.76069921492972, 2084.3576004659253, 252.15955145581597, 1343.456027955735, 249.38689167932174, 684.1246359930102, 184.45352132859094]</VALUES>
		<LCS_MIN>[106.0, 243.0, 181.0, 1630.0, 948.0, 393.0]</LCS_MIN>
		<LCS_MAX>[522.0, 764.0, 835.0, 2629.0, 1947.0, 1312.0]</LCS_MAX>
		<WAVELENGTH>[0.48, 0.56, 0.655, 0.865, 1.61, 2.2]</WAVELENGTH>
		<MEAN_VALUE>[202.45719277810153, 366.67821782178197, 322.7210250436811, 2084.3576004659253, 1343.456027955735, 684.1246359930102]</MEAN_VALUE>
		<CHECKBOX>2</CHECKBOX>
		<SD>[51.40842265071545, 58.11949069134759, 78.76069921492972, 252.15955145581597, 249.38689167932174, 184.45352132859094]</SD>
		<WAVELENGTH_UNIT>E-6m</WAVELENGTH_UNIT>
		<COLOR>#6b85c5</COLOR>
		<COVARIANCE_MATRIX>[[2545.9036390250853, 2604.1108376185866, 3438.8847784646096, 1338.7691914287725, 9817.294322367828, 7548.42250730761], [2604.1108376185866, 3455.70917155742, 4122.162376922011, 5735.029459124003, 11432.942496590966, 8242.754283281012], [3438.8847784646096, 4122.162376922011, 6194.002498426883, 2178.2598387460803, 17136.19890812809, 13206.177751257605], [1338.7691914287725, 5735.029459124003, 2178.2598387460803, 64275.27437685398, 18356.4406538458, 3441.7964136028822], [9817.294322367828, 11432.942496590966, 17136.19890812809, 18356.4406538458, 62577.01563616629, 43921.78659703502], [7548.42250730761, 8242.754283281012, 13206.177751257605, 3441.7964136028822, 43921.78659703502, 33985.37557537642]]</COVARIANCE_MATRIX>
		<ROI_SIZE>33950</ROI_SIZE>
		<MAX_VALUE>[522.0, 764.0, 835.0, 2629.0, 1947.0, 1312.0]</MAX_VALUE>
		<MIN_VALUE>[106.0, 243.0, 181.0, 1630.0, 948.0, 393.0]</MIN_VALUE>
		<SIGNATURE_THRESHOLD_MD>0</SIGNATURE_THRESHOLD_MD>
		<SIGNATURE_THRESHOLD_ML>0</SIGNATURE_THRESHOLD_ML>
		<SIGNATURE_THRESHOLD_SAM>0</SIGNATURE_THRESHOLD_SAM>
	</signature>
	<signature ID="20190912_211441656991_712">
		<MACROCLASSID>2</MACROCLASSID>
		<MACROCLASSINFO>vegetation</MACROCLASSINFO>
		<CLASSID>39</CLASSID>
		<CLASSINFO>C 1</CLASSINFO>
		<VALUES>[202.35915937584622, 37.95928071811826, 397.06809777216404, 41.611224022608226, 281.98692161991517, 43.58634601880222, 2563.326598719212, 265.5995402027901, 1300.7363578966344, 180.48626789665582, 589.442319834042, 101.70835381796796]</VALUES>
		<LCS_MIN>[115.0, 270.0, 155.0, 2087.0, 848.0, 360.0]</LCS_MIN>
		<LCS_MAX>[477.0, 663.0, 668.0, 3087.0, 1816.0, 1062.0]</LCS_MAX>
		<WAVELENGTH>[0.48, 0.56, 0.655, 0.865, 1.61, 2.2]</WAVELENGTH>
		<MEAN_VALUE>[202.35915937584622, 397.06809777216404, 281.98692161991517, 2563.326598719212, 1300.7363578966344, 589.442319834042]</MEAN_VALUE>
		<CHECKBOX>2</CHECKBOX>
		<SD>[37.95928071811826, 41.611224022608226, 43.58634601880222, 265.5995402027901, 180.48626789665582, 101.70835381796796]</SD>
		<WAVELENGTH_UNIT>E-6m</WAVELENGTH_UNIT>
		<COLOR>#04fa8d</COLOR>
		<COVARIANCE_MATRIX>[[1596.1965759676336, 1222.4999023903497, 1275.1892751551622, 3049.2424924737943, 4246.930799208367, 2678.9307210992606], [1222.4999023903497, 1787.5560796792329, 1738.4565808960906, 6838.467507872886, 6327.222480451856, 3517.669008608049], [1275.1892751551622, 1738.4565808960906, 2052.9222028208337, 4837.3701649576315, 6855.401457047971, 4172.711736896229], [3049.2424924737943, 6838.467507872886, 4837.3701649576315, 72096.57719997213, 34708.67565259227, 13910.202215478028], [4246.930799208367, 6327.222480451856, 6855.401457047971, 34708.67565259227, 35033.15781399273, 18876.646652382584], [2678.9307210992606, 3517.669008608049, 4172.711736896229, 13910.202215478028, 18876.646652382584, 11295.184757974004]]</COVARIANCE_MATRIX>
		<ROI_SIZE>114221</ROI_SIZE>
		<MAX_VALUE>[477.0, 663.0, 668.0, 3087.0, 1816.0, 1062.0]</MAX_VALUE>
		<MIN_VALUE>[115.0, 270.0, 155.0, 2087.0, 848.0, 360.0]</MIN_VALUE>
		<SIGNATURE_THRESHOLD_MD>0</SIGNATURE_THRESHOLD_MD>
		<SIGNATURE_THRESHOLD_ML>0</SIGNATURE_THRESHOLD_ML>
		<SIGNATURE_THRESHOLD_SAM>0</SIGNATURE_THRESHOLD_SAM>
	</signature>
	<signature ID="20190912_211510783383_485">
		<MACROCLASSID>2</MACROCLASSID>
		<MACROCLASSINFO>vegetation</MACROCLASSINFO>
		<CLASSID>40</CLASSID>
		<CLASSINFO>C 1</CLASSINFO>
		<VALUES>[132.22892392049422, 38.668939309394226, 272.681802604524, 62.53339355660054, 239.64427690198804, 84.23985542336379, 1767.5253598355016, 272.72019332322157, 974.349040438657, 230.14973967801117, 467.22155586017897, 144.48643810573594]</VALUES>
		<LCS_MIN>[27.0, 134.0, 90.0, 1308.0, 546.0, 215.0]</LCS_MIN>
		<LCS_MAX>[333.0, 516.0, 637.0, 2307.0, 1528.0, 1013.0]</LCS_MAX>
		<WAVELENGTH>[0.48, 0.56, 0.655, 0.865, 1.61, 2.2]</WAVELENGTH>
		<MEAN_VALUE>[132.22892392049422, 272.681802604524, 239.64427690198804, 1767.5253598355016, 974.349040438657, 467.22155586017897]</MEAN_VALUE>
		<CHECKBOX>2</CHECKBOX>
		<SD>[38.668939309394226, 62.53339355660054, 84.23985542336379, 272.72019332322157, 230.14973967801117, 144.48643810573594]</SD>
		<WAVELENGTH_UNIT>E-6m</WAVELENGTH_UNIT>
		<COLOR>#8ee201</COLOR>
		<COVARIANCE_MATRIX>[[1396.2475127507334, 2020.029245645483, 2818.536757040372, 5470.91026118334, 7676.753032083596, 4926.333472518755], [2020.029245645483, 4034.5855636894094, 5142.47604292647, 12376.87174035413, 13088.9415075176, 8214.953294595893], [2818.536757040372, 5142.47604292647, 7315.213670813902, 12311.331437145012, 17305.2648793414, 11627.233843846021], [5470.91026118334, 12376.87174035413, 12311.331437145012, 74416.35660472274, 45356.95780884161, 22097.931833374154], [7676.753032083596, 13088.9415075176, 17305.2648793414, 45356.95780884161, 51835.60899607721, 31396.436254612738], [4926.333472518755, 8214.953294595893, 11627.233843846021, 22097.931833374154, 31396.436254612738, 20549.752197061513]]</COVARIANCE_MATRIX>
		<ROI_SIZE>61747</ROI_SIZE>
		<MAX_VALUE>[333.0, 516.0, 637.0, 2307.0, 1528.0, 1013.0]</MAX_VALUE>
		<MIN_VALUE>[27.0, 134.0, 90.0, 1308.0, 546.0, 215.0]</MIN_VALUE>
		<SIGNATURE_THRESHOLD_MD>0</SIGNATURE_THRESHOLD_MD>
		<SIGNATURE_THRESHOLD_ML>0</SIGNATURE_THRESHOLD_ML>
		<SIGNATURE_THRESHOLD_SAM>0</SIGNATURE_THRESHOLD_SAM>
	</signature>
	<signature ID="20190912_211520605879_646">
		<MACROCLASSID>2</MACROCLASSID>
		<MACROCLASSINFO>vegetation</MACROCLASSINFO>
		<CLASSID>41</CLASSID>
		<CLASSINFO>C 1</CLASSINFO>
		<VALUES>[176.3175675675673, 48.23489641246373, 394.09692874692973, 63.581226003826956, 332.6439189189185, 95.69271732229245, 2109.3761670761787, 214.76312094373884, 1142.904545454548, 214.75011028815288, 595.2879606879617, 152.09584077595565]</VALUES>
		<LCS_MIN>[2.0, 205.5, 144.5, 1704.0, 673.0, 278.0]</LCS_MIN>
		<LCS_MAX>[616.5, 872.0, 815.0, 2704.0, 1668.0, 1076.0]</LCS_MAX>
		<WAVELENGTH>[0.48, 0.56, 0.655, 0.865, 1.61, 2.2]</WAVELENGTH>
		<MEAN_VALUE>[176.3175675675673, 394.09692874692973, 332.6439189189185, 2109.3761670761787, 1142.904545454548, 595.2879606879617]</MEAN_VALUE>
		<CHECKBOX>2</CHECKBOX>
		<SD>[48.23489641246373, 63.581226003826956, 95.69271732229245, 214.76312094373884, 214.75011028815288, 152.09584077595565]</SD>
		<WAVELENGTH_UNIT>E-6m</WAVELENGTH_UNIT>
		<COLOR>#b7eb85</COLOR>
		<COVARIANCE_MATRIX>[[2050.8757769954173, 2402.7792497471346, 3878.96521571158, 2087.0461269393163, 8103.307840543999, 5935.075043463237], [2402.7792497471346, 3740.9265220471184, 5190.199717686342, 5995.198702273363, 10414.759053851738, 7387.8886692933975], [3878.96521571158, 5190.199717686342, 8617.102280388879, 4180.211665309521, 17175.34247642318, 12813.496930205001], [2087.0461269393163, 5995.198702273363, 4180.211665309521, 50170.82442481506, 20965.194748921298, 8453.662925674078], [8103.307840543999, 10414.759053851738, 17175.34247642318, 20965.194748921298, 45424.568591755, 30324.195763925105], [5935.075043463237, 7387.8886692933975, 12813.496930205001, 8453.662925674078, 30324.195763925105, 22183.02976821007]]</COVARIANCE_MATRIX>
		<ROI_SIZE>83687</ROI_SIZE>
		<MAX_VALUE>[616.5, 872.0, 815.0, 2704.0, 1668.0, 1076.0]</MAX_VALUE>
		<MIN_VALUE>[2.0, 205.5, 144.5, 1704.0, 673.0, 278.0]</MIN_VALUE>
		<SIGNATURE_THRESHOLD_MD>0</SIGNATURE_THRESHOLD_MD>
		<SIGNATURE_THRESHOLD_ML>0</SIGNATURE_THRESHOLD_ML>
		<SIGNATURE_THRESHOLD_SAM>0</SIGNATURE_THRESHOLD_SAM>
	</signature>
	<signature ID="20190912_211534862849_670">
		<MACROCLASSID>2</MACROCLASSID>
		<MACROCLASSINFO>vegetation</MACROCLASSINFO>
		<CLASSID>42</CLASSID>
		<CLASSINFO>C 1</CLASSINFO>
		<VALUES>[269.37457912457927, 62.49599524064854, 588.0799663299676, 91.80906021763872, 473.75, 118.14631953584215, 3810.8451178451182, 254.9520478807516, 1483.2154882154875, 211.33108456212176, 817.5917508417509, 184.09002015638157]</VALUES>
		<LCS_MIN>[89.0, 366.0, 238.0, 3228.0, 1005.0, 449.0]</LCS_MIN>
		<LCS_MAX>[565.0, 987.0, 886.0, 4227.0, 1990.0, 1282.0]</LCS_MAX>
		<WAVELENGTH>[0.48, 0.56, 0.655, 0.865, 1.61, 2.2]</WAVELENGTH>
		<MEAN_VALUE>[269.37457912457927, 588.0799663299676, 473.75, 3810.8451178451182, 1483.2154882154875, 817.5917508417509]</MEAN_VALUE>
		<CHECKBOX>2</CHECKBOX>
		<SD>[62.49599524064854, 91.80906021763872, 118.14631953584215, 254.9520478807516, 211.33108456212176, 184.09002015638157]</SD>
		<WAVELENGTH_UNIT>E-6m</WAVELENGTH_UNIT>
		<COLOR>#55df9a</COLOR>
		<COVARIANCE_MATRIX>[[3962.317650970487, 4813.463458207822, 6823.007741589707, -5977.17813713181, 10815.775416249107, 9699.452072933247], [4813.463458207822, 7978.583668719511, 9634.52123726484, -4229.369588951361, 15564.634492752182, 13181.739535206865], [6823.007741589707, 9634.52123726484, 13945.339642398108, -12401.328074676569, 21624.07568396449, 19418.278285337132], [-5977.17813713181, -4229.369588951361, -12401.328074676569, 67005.37517620728, -14001.465447317636, -19712.03104138101], [10815.775416249107, 15564.634492752182, 21624.07568396449, -14001.465447317636, 46299.70380596048, 36743.95223129721], [9699.452072933247, 13181.739535206865, 19418.278285337132, -19712.03104138101, 36743.95223129721, 33753.16661728436]]</COVARIANCE_MATRIX>
		<ROI_SIZE>2618</ROI_SIZE>
		<MAX_VALUE>[565.0, 987.0, 886.0, 4227.0, 1990.0, 1282.0]</MAX_VALUE>
		<MIN_VALUE>[89.0, 366.0, 238.0, 3228.0, 1005.0, 449.0]</MIN_VALUE>
		<SIGNATURE_THRESHOLD_MD>0</SIGNATURE_THRESHOLD_MD>
		<SIGNATURE_THRESHOLD_ML>0</SIGNATURE_THRESHOLD_ML>
		<SIGNATURE_THRESHOLD_SAM>0</SIGNATURE_THRESHOLD_SAM>
	</signature>
	<signature ID="20190912_211543662627_184">
		<MACROCLASSID>2</MACROCLASSID>
		<MACROCLASSINFO>vegetation</MACROCLASSINFO>
		<CLASSID>43</CLASSID>
		<CLASSINFO>C 1</CLASSINFO>
		<VALUES>[247.2146507666098, 50.7213208801647, 598.4787052810904, 78.71454999736665, 490.68654173764867, 107.42526679017331, 3733.264054514482, 234.48155894388256, 1454.9693356047694, 144.36321696448664, 792.7376490630311, 134.10858829612573]</VALUES>
		<LCS_MIN>[106.0, 366.0, 248.0, 3332.0, 1048.0, 511.0]</LCS_MIN>
		<LCS_MAX>[476.0, 918.0, 900.0, 4328.0, 1857.0, 1219.0]</LCS_MAX>
		<WAVELENGTH>[0.48, 0.56, 0.655, 0.865, 1.61, 2.2]</WAVELENGTH>
		<MEAN_VALUE>[247.2146507666098, 598.4787052810904, 490.68654173764867, 3733.264054514482, 1454.9693356047694, 792.7376490630311]</MEAN_VALUE>
		<CHECKBOX>2</CHECKBOX>
		<SD>[50.7213208801647, 78.71454999736665, 107.42526679017331, 234.48155894388256, 144.36321696448664, 134.10858829612573]</SD>
		<WAVELENGTH_UNIT>E-6m</WAVELENGTH_UNIT>
		<COLOR>#059fee</COLOR>
		<COVARIANCE_MATRIX>[[2577.0425836235618, 3165.217889308162, 4594.500845974498, -2554.741076567961, 5268.021951730034, 4971.612723921601], [3165.217889308162, 6206.553726648487, 7606.936999610442, 941.803414132135, 7799.05395340454, 7520.743550534622], [4594.500845974498, 7606.936999610442, 11559.88109842957, -4852.101389026171, 12479.213921077266, 12041.608749876446], [-2554.741076567961, 941.803414132135, -4852.101389026171, 55075.42674325983, -5750.773459076347, -10624.348695571283], [5268.021951730034, 7799.05395340454, 12479.213921077266, -5750.773459076347, 20876.30281235646, 17783.251327104328], [4971.612723921601, 7520.743550534622, 12041.608749876446, -10624.348695571283, 17783.251327104328, 18015.804774668442]]</COVARIANCE_MATRIX>
		<ROI_SIZE>587</ROI_SIZE>
		<MAX_VALUE>[476.0, 918.0, 900.0, 4328.0, 1857.0, 1219.0]</MAX_VALUE>
		<MIN_VALUE>[106.0, 366.0, 248.0, 3332.0, 1048.0, 511.0]</MIN_VALUE>
		<SIGNATURE_THRESHOLD_MD>0</SIGNATURE_THRESHOLD_MD>
		<SIGNATURE_THRESHOLD_ML>0</SIGNATURE_THRESHOLD_ML>
		<SIGNATURE_THRESHOLD_SAM>0</SIGNATURE_THRESHOLD_SAM>
	</signature>
	<signature ID="20190912_211550583172_206">
		<MACROCLASSID>2</MACROCLASSID>
		<MACROCLASSINFO>vegetation</MACROCLASSINFO>
		<CLASSID>44</CLASSID>
		<CLASSINFO>C 1</CLASSINFO>
		<VALUES>[276.0577777777777, 44.29829436841348, 641.9955555555554, 72.65048735955075, 461.3244444444446, 91.97220148998055, 4291.155555555555, 175.58764263727005, 1560.4888888888886, 123.22792292193482, 795.8222222222224, 117.91407208243523]</VALUES>
		<LCS_MIN>[193.0, 512.0, 273.0, 4024.0, 1312.0, 590.0]</LCS_MIN>
		<LCS_MAX>[417.0, 882.0, 740.0, 4923.0, 1927.0, 1157.0]</LCS_MAX>
		<WAVELENGTH>[0.48, 0.56, 0.655, 0.865, 1.61, 2.2]</WAVELENGTH>
		<MEAN_VALUE>[276.0577777777777, 641.9955555555554, 461.3244444444446, 4291.155555555555, 1560.4888888888886, 795.8222222222224]</MEAN_VALUE>
		<CHECKBOX>2</CHECKBOX>
		<SD>[44.29829436841348, 72.65048735955075, 91.97220148998055, 175.58764263727005, 123.22792292193482, 117.91407208243523]</SD>
		<WAVELENGTH_UNIT>E-6m</WAVELENGTH_UNIT>
		<COLOR>#dca5b5</COLOR>
		<COVARIANCE_MATRIX>[[1971.0993253968252, 2255.585079365079, 3147.280277777776, -1959.1920634920643, 4297.54751984127, 4282.246924603173], [2255.585079365079, 5301.656230158727, 6217.354126984126, -647.1600198412698, 6079.377182539682, 6051.021527777777], [3147.280277777776, 6217.354126984126, 8496.648730158728, -3779.5551587301575, 8815.33621031746, 8771.223115079365], [-1959.1920634920643, -647.1600198412698, -3779.5551587301575, 30968.658730158728, -3928.183531746032, -7005.414186507936], [4297.54751984127, 6079.377182539682, 8815.33621031746, -3928.183531746032, 15252.911706349203, 13375.591765873014], [4282.246924603173, 6051.021527777777, 8771.223115079365, -7005.414186507936, 13375.591765873014, 13965.798611111111]]</COVARIANCE_MATRIX>
		<ROI_SIZE>225</ROI_SIZE>
		<MAX_VALUE>[417.0, 882.0, 740.0, 4923.0, 1927.0, 1157.0]</MAX_VALUE>
		<MIN_VALUE>[193.0, 512.0, 273.0, 4024.0, 1312.0, 590.0]</MIN_VALUE>
		<SIGNATURE_THRESHOLD_MD>0</SIGNATURE_THRESHOLD_MD>
		<SIGNATURE_THRESHOLD_ML>0</SIGNATURE_THRESHOLD_ML>
		<SIGNATURE_THRESHOLD_SAM>0</SIGNATURE_THRESHOLD_SAM>
	</signature>
	<signature ID="20190912_211610050742_707">
		<MACROCLASSID>2</MACROCLASSID>
		<MACROCLASSINFO>vegetation</MACROCLASSINFO>
		<CLASSID>45</CLASSID>
		<CLASSINFO>C 1</CLASSINFO>
		<VALUES>[215.62337662337669, 38.24189548671191, 531.6753246753248, 54.70782881805397, 369.3506493506493, 75.65278962140405, 4342.519480519481, 226.7327284270841, 1476.2597402597403, 158.77554218058182, 690.2337662337663, 125.60749999361768]</VALUES>
		<LCS_MIN>[136.0, 446.0, 259.0, 4005.0, 1238.0, 522.0]</LCS_MIN>
		<LCS_MAX>[322.0, 689.0, 636.0, 4980.0, 1901.0, 999.0]</LCS_MAX>
		<WAVELENGTH>[0.48, 0.56, 0.655, 0.865, 1.61, 2.2]</WAVELENGTH>
		<MEAN_VALUE>[215.62337662337669, 531.6753246753248, 369.3506493506493, 4342.519480519481, 1476.2597402597403, 690.2337662337663]</MEAN_VALUE>
		<CHECKBOX>2</CHECKBOX>
		<SD>[38.24189548671191, 54.70782881805397, 75.65278962140405, 226.7327284270841, 158.77554218058182, 125.60749999361768]</SD>
		<WAVELENGTH_UNIT>E-6m</WAVELENGTH_UNIT>
		<COLOR>#5405b5</COLOR>
		<COVARIANCE_MATRIX>[[1481.6852358168144, 1616.6655844155837, 2461.3443267259054, -4069.4465140123034, 3470.296479835953, 3391.944463431304], [1616.6655844155837, 3032.327409432674, 3947.720608339029, -3909.40806561859, 7147.598598769648, 6128.497949419001], [2461.3443267259054, 3947.720608339029, 5798.651742993852, -8256.013499658236, 8790.92088174983, 8131.693267259056], [-4069.4465140123034, -3909.40806561859, -8256.013499658236, 52084.147641831856, -211.07091592617934, -8120.175666438826], [3470.296479835953, 7147.598598769648, 8790.92088174983, -211.07091592617934, 25541.37901572112, 18795.41216678059], [3391.944463431304, 6128.497949419001, 8131.693267259056, -8120.175666438826, 18795.41216678059, 15984.83937115516]]</COVARIANCE_MATRIX>
		<ROI_SIZE>77</ROI_SIZE>
		<MAX_VALUE>[322.0, 689.0, 636.0, 4980.0, 1901.0, 999.0]</MAX_VALUE>
		<MIN_VALUE>[136.0, 446.0, 259.0, 4005.0, 1238.0, 522.0]</MIN_VALUE>
		<SIGNATURE_THRESHOLD_MD>0</SIGNATURE_THRESHOLD_MD>
		<SIGNATURE_THRESHOLD_ML>0</SIGNATURE_THRESHOLD_ML>
		<SIGNATURE_THRESHOLD_SAM>0</SIGNATURE_THRESHOLD_SAM>
	</signature>
	<signature ID="20190912_211616227456_869">
		<MACROCLASSID>2</MACROCLASSID>
		<MACROCLASSINFO>vegetation</MACROCLASSINFO>
		<CLASSID>46</CLASSID>
		<CLASSINFO>C 1</CLASSINFO>
		<VALUES>[310.8021420518604, 46.26662565285176, 698.0118376550156, 59.34491480200751, 571.750281848929, 115.60047235165203, 3460.268320180383, 228.84980807489293, 1542.2429537767773, 155.17927278033147, 858.6296505073277, 143.54237160735767]</VALUES>
		<LCS_MIN>[209.0, 490.0, 312.0, 3060.0, 1144.0, 561.0]</LCS_MIN>
		<LCS_MAX>[563.0, 908.0, 935.0, 4058.0, 1997.0, 1299.0]</LCS_MAX>
		<WAVELENGTH>[0.48, 0.56, 0.655, 0.865, 1.61, 2.2]</WAVELENGTH>
		<MEAN_VALUE>[310.8021420518604, 698.0118376550156, 571.750281848929, 3460.268320180383, 1542.2429537767773, 858.6296505073277]</MEAN_VALUE>
		<CHECKBOX>2</CHECKBOX>
		<SD>[46.26662565285176, 59.34491480200751, 115.60047235165203, 228.84980807489293, 155.17927278033147, 143.54237160735767]</SD>
		<WAVELENGTH_UNIT>E-6m</WAVELENGTH_UNIT>
		<COLOR>#254ca7</COLOR>
		<COVARIANCE_MATRIX>[[2141.807981872647, 2289.382490139262, 4928.159813270713, -5745.339999783805, 6096.792598294219, 6004.389739045725], [2289.382490139262, 3523.805274342497, 6002.336855093725, -5357.12500548437, 6464.453411150981, 6445.129598048136], [4928.159813270713, 6002.336855093725, 13371.006415600157, -15087.429855702254, 15724.36696476205, 14895.67847443584], [-5745.339999783805, -5357.12500548437, -15087.429855702254, 52401.773423346945, -13316.817623236177, -16307.16904322701], [6096.792598294219, 6464.453411150981, 15724.36696476205, -13316.817623236177, 24094.188543103333, 21356.566621901486], [6004.389739045725, 6445.129598048136, 14895.67847443584, -16307.16904322701, 21356.566621901486, 20616.033660678688]]</COVARIANCE_MATRIX>
		<ROI_SIZE>1774</ROI_SIZE>
		<MAX_VALUE>[563.0, 908.0, 935.0, 4058.0, 1997.0, 1299.0]</MAX_VALUE>
		<MIN_VALUE>[209.0, 490.0, 312.0, 3060.0, 1144.0, 561.0]</MIN_VALUE>
		<SIGNATURE_THRESHOLD_MD>0</SIGNATURE_THRESHOLD_MD>
		<SIGNATURE_THRESHOLD_ML>0</SIGNATURE_THRESHOLD_ML>
		<SIGNATURE_THRESHOLD_SAM>0</SIGNATURE_THRESHOLD_SAM>
	</signature>
	<signature ID="20190912_211632329619_886">
		<MACROCLASSID>2</MACROCLASSID>
		<MACROCLASSINFO>vegetation</MACROCLASSINFO>
		<CLASSID>47</CLASSID>
		<CLASSINFO>C 1</CLASSINFO>
		<VALUES>[242.75153846153827, 40.325094753315895, 522.2461538461537, 55.95350563547747, 471.36461538461475, 86.73297736912762, 3500.8953846153836, 152.57226981715831, 1383.169230769232, 163.6495053207188, 772.0115384615384, 140.8952729646633]</VALUES>
		<LCS_MIN>[161.0, 393.0, 275.5, 3179.5, 1051.5, 509.5]</LCS_MIN>
		<LCS_MAX>[474.0, 743.5, 741.5, 4030.5, 1753.5, 1110.0]</LCS_MAX>
		<WAVELENGTH>[0.48, 0.56, 0.655, 0.865, 1.61, 2.2]</WAVELENGTH>
		<MEAN_VALUE>[242.75153846153827, 522.2461538461537, 471.36461538461475, 3500.8953846153836, 1383.169230769232, 772.0115384615384]</MEAN_VALUE>
		<CHECKBOX>2</CHECKBOX>
		<SD>[40.325094753315895, 55.95350563547747, 86.73297736912762, 152.57226981715831, 163.6495053207188, 140.8952729646633]</SD>
		<WAVELENGTH_UNIT>E-6m</WAVELENGTH_UNIT>
		<COLOR>#a65630</COLOR>
		<COVARIANCE_MATRIX>[[1628.618834301292, 1995.4664928292043, 3108.442427403105, -2593.0244921180515, 5750.90420765675, 5051.157339694204], [1995.4664928292043, 3135.618821856109, 4640.916658764964, -3333.174131800404, 8085.220990873535, 6937.589990517957], [3108.442427403105, 4640.916658764964, 7534.200440915016, -6805.039994073723, 13084.443208486431, 11166.43261230295], [-2593.0244921180515, -3333.174131800404, -6805.039994073723, 23314.1654640275, -11453.534656868553, -10693.055801825296], [5750.90420765675, 8085.220990873535, 13084.443208486431, -11453.534656868553, 26822.42586227332, 22178.86707360436], [5051.157339694204, 6937.589990517957, 11166.43261230295, -10693.055801825296, 22178.86707360436, 19882.065737228873]]</COVARIANCE_MATRIX>
		<ROI_SIZE>650</ROI_SIZE>
		<MAX_VALUE>[474.0, 743.5, 741.5, 4030.5, 1753.5, 1110.0]</MAX_VALUE>
		<MIN_VALUE>[161.0, 393.0, 275.5, 3179.5, 1051.5, 509.5]</MIN_VALUE>
		<SIGNATURE_THRESHOLD_MD>0</SIGNATURE_THRESHOLD_MD>
		<SIGNATURE_THRESHOLD_ML>0</SIGNATURE_THRESHOLD_ML>
		<SIGNATURE_THRESHOLD_SAM>0</SIGNATURE_THRESHOLD_SAM>
	</signature>
	<signature ID="20190912_211642806649_208">
		<MACROCLASSID>3</MACROCLASSID>
		<MACROCLASSINFO>barren</MACROCLASSINFO>
		<CLASSID>48</CLASSID>
		<CLASSINFO>C 1</CLASSINFO>
		<VALUES>[612.7660020986352, 35.42903461386592, 1034.6558237145866, 65.52031925467391, 1580.0385624344192, 105.30309752422215, 2358.646117523609, 110.96674075204696, 3464.536988457501, 117.68233969341145, 3049.129590766007, 123.62904539894465]</VALUES>
		<LCS_MIN>[511.5, 849.5, 1265.0, 2053.0, 3253.0, 2836.0]</LCS_MIN>
		<LCS_MAX>[767.5, 1266.0, 1892.0, 2836.5, 3840.5, 3439.5]</LCS_MAX>
		<WAVELENGTH>[0.48, 0.56, 0.655, 0.865, 1.61, 2.2]</WAVELENGTH>
		<MEAN_VALUE>[612.7660020986352, 1034.6558237145866, 1580.0385624344192, 2358.646117523609, 3464.536988457501, 3049.129590766007]</MEAN_VALUE>
		<CHECKBOX>2</CHECKBOX>
		<SD>[35.42903461386592, 65.52031925467391, 105.30309752422215, 110.96674075204696, 117.68233969341145, 123.62904539894465]</SD>
		<WAVELENGTH_UNIT>E-6m</WAVELENGTH_UNIT>
		<COLOR>#9a9104</COLOR>
		<COVARIANCE_MATRIX>[[1255.8753999664, 2019.6782138460396, 2727.343936401968, 3035.1834217404353, 2027.1217831244335, 1515.5665603578148], [2019.6782138460396, 4295.165732470744, 6505.1695784551075, 6386.005565929389, 3185.9913461564943, 2747.9139168202078], [2727.343936401968, 6505.1695784551075, 11094.56321032077, 10088.874546121791, 4820.051984959775, 4780.354317626614], [3035.1834217404353, 6386.005565929389, 10088.874546121791, 12320.081394367282, 7794.058109561464, 6310.768324919511], [2027.1217831244335, 3185.9913461564943, 4820.051984959775, 7794.058109561464, 13856.402961844484, 12866.785624068765], [1515.5665603578148, 2747.9139168202078, 4780.354317626614, 6310.768324919511, 12866.785624068765, 15292.164037312754]]</COVARIANCE_MATRIX>
		<ROI_SIZE>1906</ROI_SIZE>
		<MAX_VALUE>[767.5, 1266.0, 1892.0, 2836.5, 3840.5, 3439.5]</MAX_VALUE>
		<MIN_VALUE>[511.5, 849.5, 1265.0, 2053.0, 3253.0, 2836.0]</MIN_VALUE>
		<SIGNATURE_THRESHOLD_MD>0</SIGNATURE_THRESHOLD_MD>
		<SIGNATURE_THRESHOLD_ML>0</SIGNATURE_THRESHOLD_ML>
		<SIGNATURE_THRESHOLD_SAM>0</SIGNATURE_THRESHOLD_SAM>
	</signature>
	<signature ID="20190912_211650110894_497">
		<MACROCLASSID>3</MACROCLASSID>
		<MACROCLASSINFO>barren</MACROCLASSINFO>
		<CLASSID>49</CLASSID>
		<CLASSINFO>C 1</CLASSINFO>
		<VALUES>[670.0748440748437, 69.35527724351296, 1054.1070686070661, 97.66568614109623, 1546.1392931392938, 150.21857026033643, 2587.786902286904, 193.1886534886716, 2907.9209979210004, 242.09282423610443, 2176.335758835757, 214.04289345590803]</VALUES>
		<LCS_MIN>[485.0, 846.0, 1206.0, 2150.0, 2530.0, 1852.0]</LCS_MIN>
		<LCS_MAX>[946.0, 1359.0, 2019.0, 3098.0, 3526.0, 2837.0]</LCS_MAX>
		<WAVELENGTH>[0.48, 0.56, 0.655, 0.865, 1.61, 2.2]</WAVELENGTH>
		<MEAN_VALUE>[670.0748440748437, 1054.1070686070661, 1546.1392931392938, 2587.786902286904, 2907.9209979210004, 2176.335758835757]</MEAN_VALUE>
		<CHECKBOX>2</CHECKBOX>
		<SD>[69.35527724351296, 97.66568614109623, 150.21857026033643, 193.1886534886716, 242.09282423610443, 214.04289345590803]</SD>
		<WAVELENGTH_UNIT>E-6m</WAVELENGTH_UNIT>
		<COLOR>#9a8e96</COLOR>
		<COVARIANCE_MATRIX>[[4533.965592129584, 6052.774541971789, 8482.133297131004, 4810.5702048333915, 9591.947504139593, 10731.266932799617], [6052.774541971789, 9573.698006122318, 12521.148417522847, 7878.347788679208, 12458.866501617644, 14672.309048176596], [8482.133297131004, 12521.148417522847, 23177.272084948687, 11995.468541015558, 24645.069778654066, 26175.188869234746], [4810.5702048333915, 7878.347788679208, 11995.468541015558, 37524.570905394285, 34076.06010827857, 13771.09257332881], [9591.947504139593, 12458.866501617644, 24645.069778654066, 34076.06010827857, 58520.96396417039, 37720.669339452594], [10731.266932799617, 14672.309048176596, 26175.188869234746, 13771.09257332881, 37720.669339452594, 41128.02693674827]]</COVARIANCE_MATRIX>
		<ROI_SIZE>2288</ROI_SIZE>
		<MAX_VALUE>[946.0, 1359.0, 2019.0, 3098.0, 3526.0, 2837.0]</MAX_VALUE>
		<MIN_VALUE>[485.0, 846.0, 1206.0, 2150.0, 2530.0, 1852.0]</MIN_VALUE>
		<SIGNATURE_THRESHOLD_MD>0</SIGNATURE_THRESHOLD_MD>
		<SIGNATURE_THRESHOLD_ML>0</SIGNATURE_THRESHOLD_ML>
		<SIGNATURE_THRESHOLD_SAM>0</SIGNATURE_THRESHOLD_SAM>
	</signature>
	<signature ID="20190912_211707780767_567">
		<MACROCLASSID>3</MACROCLASSID>
		<MACROCLASSINFO>barren</MACROCLASSINFO>
		<CLASSID>50</CLASSID>
		<CLASSINFO>C 1</CLASSINFO>
		<VALUES>[567.1231979030144, 53.185676135580344, 874.4193971166449, 85.34265060152634, 1299.9960681520306, 145.19388667905602, 2217.5923984272595, 182.97623991135634, 2948.2935779816507, 234.3537899649723, 2111.9606815203138, 196.91603555719277]</VALUES>
		<LCS_MIN>[439.0, 683.0, 937.0, 1642.0, 2483.0, 1750.0]</LCS_MIN>
		<LCS_MAX>[730.0, 1137.0, 1675.0, 2523.0, 3479.0, 2665.0]</LCS_MAX>
		<WAVELENGTH>[0.48, 0.56, 0.655, 0.865, 1.61, 2.2]</WAVELENGTH>
		<MEAN_VALUE>[567.1231979030144, 874.4193971166449, 1299.9960681520306, 2217.5923984272595, 2948.2935779816507, 2111.9606815203138]</MEAN_VALUE>
		<CHECKBOX>2</CHECKBOX>
		<SD>[53.185676135580344, 85.34265060152634, 145.19388667905602, 182.97623991135634, 234.3537899649723, 196.91603555719277]</SD>
		<WAVELENGTH_UNIT>E-6m</WAVELENGTH_UNIT>
		<COLOR>#f90ee6</COLOR>
		<COVARIANCE_MATRIX>[[2832.4283719122254, 4003.8012817205185, 5537.581849860511, 6960.066029590338, 9076.277432637433, 8416.846057660223], [4003.8012817205185, 7292.926237431331, 11124.076454319358, 12561.11211614603, 11337.295347829227, 11185.408900148948], [5537.581849860511, 11124.076454319358, 21108.9304307145, 22235.84091495444, 15425.690132196778, 16219.946039428558], [6960.066029590338, 12561.11211614603, 22235.84091495444, 33524.24177941059, 29729.18149967492, 21037.246419885592], [9076.277432637433, 11337.295347829227, 15425.690132196778, 29729.18149967492, 54993.77459124949, 39188.939379710566], [8416.846057660223, 11185.408900148948, 16219.946039428558, 21037.246419885592, 39188.939379710566, 38826.81210032231]]</COVARIANCE_MATRIX>
		<ROI_SIZE>763</ROI_SIZE>
		<MAX_VALUE>[730.0, 1137.0, 1675.0, 2523.0, 3479.0, 2665.0]</MAX_VALUE>
		<MIN_VALUE>[439.0, 683.0, 937.0, 1642.0, 2483.0, 1750.0]</MIN_VALUE>
		<SIGNATURE_THRESHOLD_MD>0</SIGNATURE_THRESHOLD_MD>
		<SIGNATURE_THRESHOLD_ML>0</SIGNATURE_THRESHOLD_ML>
		<SIGNATURE_THRESHOLD_SAM>0</SIGNATURE_THRESHOLD_SAM>
	</signature>
	<signature ID="20190912_211717065105_981">
		<MACROCLASSID>3</MACROCLASSID>
		<MACROCLASSINFO>barren</MACROCLASSINFO>
		<CLASSID>51</CLASSID>
		<CLASSINFO>C 1</CLASSINFO>
		<VALUES>[571.7583014048543, 58.42088130401879, 874.3828224776474, 103.97556262505064, 1338.221264367814, 147.84245660293624, 1900.2215836526184, 190.17737084670816, 2272.4524265644923, 240.30692905232976, 2011.2362707535108, 203.00961697618106]</VALUES>
		<LCS_MIN>[438.0, 633.0, 899.0, 1434.0, 1767.0, 1544.0]</LCS_MIN>
		<LCS_MAX>[860.0, 1280.0, 1758.0, 2419.0, 2767.0, 2539.0]</LCS_MAX>
		<WAVELENGTH>[0.48, 0.56, 0.655, 0.865, 1.61, 2.2]</WAVELENGTH>
		<MEAN_VALUE>[571.7583014048543, 874.3828224776474, 1338.221264367814, 1900.2215836526184, 2272.4524265644923, 2011.2362707535108]</MEAN_VALUE>
		<CHECKBOX>2</CHECKBOX>
		<SD>[58.42088130401879, 103.97556262505064, 147.84245660293624, 190.17737084670816, 240.30692905232976, 203.00961697618106]</SD>
		<WAVELENGTH_UNIT>E-6m</WAVELENGTH_UNIT>
		<COLOR>#764c48</COLOR>
		<COVARIANCE_MATRIX>[[3570.1918109858425, 5656.489244513028, 6747.071493647084, 7966.455012044125, 8133.568065440402, 6711.754013668143], [5656.489244513028, 10588.244910460326, 13365.550510164312, 14776.040370964334, 10661.778648369253, 7695.081594073601], [6747.071493647084, 13365.550510164312, 21713.84642460049, 20394.833987533642, 14193.350245680344, 11737.312201972967], [7966.455012044125, 14776.040370964334, 20394.833987533642, 36059.015568624665, 27382.333803898666, 12071.417825698401], [8133.568065440402, 10661.778648369253, 14193.350245680344, 27382.333803898666, 58234.45110363181, 41811.99682002843], [6711.754013668143, 7695.081594073601, 11737.312201972967, 12071.417825698401, 41811.99682002843, 43126.09769913716]]</COVARIANCE_MATRIX>
		<ROI_SIZE>9439</ROI_SIZE>
		<MAX_VALUE>[860.0, 1280.0, 1758.0, 2419.0, 2767.0, 2539.0]</MAX_VALUE>
		<MIN_VALUE>[438.0, 633.0, 899.0, 1434.0, 1767.0, 1544.0]</MIN_VALUE>
		<SIGNATURE_THRESHOLD_MD>0</SIGNATURE_THRESHOLD_MD>
		<SIGNATURE_THRESHOLD_ML>0</SIGNATURE_THRESHOLD_ML>
		<SIGNATURE_THRESHOLD_SAM>0</SIGNATURE_THRESHOLD_SAM>
	</signature>
	<signature ID="20190912_211750301537_241">
		<MACROCLASSID>3</MACROCLASSID>
		<MACROCLASSINFO>barren</MACROCLASSINFO>
		<CLASSID>52</CLASSID>
		<CLASSINFO>C 1</CLASSINFO>
		<VALUES>[894.0448430493271, 74.41929301570552, 1099.5874439461888, 86.56038211941637, 1317.8878923766813, 153.00590857768685, 2148.381165919282, 117.5347787647065, 2793.9910313901355, 204.3224171347317, 2176.0896860986554, 247.9188371300923]</VALUES>
		<LCS_MIN>[659.0, 867.0, 889.0, 1742.0, 2208.0, 1583.0]</LCS_MIN>
		<LCS_MAX>[1017.0, 1262.0, 1619.0, 2389.0, 3108.0, 2562.0]</LCS_MAX>
		<WAVELENGTH>[0.48, 0.56, 0.655, 0.865, 1.61, 2.2]</WAVELENGTH>
		<MEAN_VALUE>[894.0448430493271, 1099.5874439461888, 1317.8878923766813, 2148.381165919282, 2793.9910313901355, 2176.0896860986554]</MEAN_VALUE>
		<CHECKBOX>2</CHECKBOX>
		<SD>[74.41929301570552, 86.56038211941637, 153.00590857768685, 117.5347787647065, 204.3224171347317, 247.9188371300923]</SD>
		<WAVELENGTH_UNIT>E-6m</WAVELENGTH_UNIT>
		<COLOR>#e79d36</COLOR>
		<COVARIANCE_MATRIX>[[5563.178160223001, 5812.311376398821, 9335.779824667716, -548.8189714378058, 11193.500403991438, 15884.473437563123], [5812.311376398821, 7526.450652446168, 12899.42651395791, 534.4687714620452, 14796.068355350864, 19248.60923928413], [9335.779824667716, 12899.42651395791, 23516.26215004242, -370.8804993334134, 26091.17917020159, 34088.21280248857], [-548.8189714378058, 534.4687714620452, -370.8804993334134, 13876.651355391261, 4616.724154647921, -3721.9217266593937], [11193.500403991438, 14796.068355350864, 26091.17917020159, 4616.724154647921, 41935.70262190441, 45171.924231406294], [15884.473437563123, 19248.60923928413, 34088.21280248857, -3721.9217266593937, 45171.924231406294, 61740.613541792954]]</COVARIANCE_MATRIX>
		<ROI_SIZE>223</ROI_SIZE>
		<MAX_VALUE>[1017.0, 1262.0, 1619.0, 2389.0, 3108.0, 2562.0]</MAX_VALUE>
		<MIN_VALUE>[659.0, 867.0, 889.0, 1742.0, 2208.0, 1583.0]</MIN_VALUE>
		<SIGNATURE_THRESHOLD_MD>0</SIGNATURE_THRESHOLD_MD>
		<SIGNATURE_THRESHOLD_ML>0</SIGNATURE_THRESHOLD_ML>
		<SIGNATURE_THRESHOLD_SAM>0</SIGNATURE_THRESHOLD_SAM>
	</signature>
	<signature ID="20190912_211800808570_311">
		<MACROCLASSID>3</MACROCLASSID>
		<MACROCLASSINFO>barren</MACROCLASSINFO>
		<CLASSID>53</CLASSID>
		<CLASSINFO>C 1</CLASSINFO>
