<?xml version="1.0" ?>
<signaturelist MCID_LIST="[['1', 'waterbody', '#f6b1e7'], ['2', 'vegetation', '#bfb7f9'], ['3', 'bareland', '#a4e327'], ['4', 'built-up', '#f09506']]">
	<signature ID="20210609_114429520454_345">
		<MACROCLASSID>1</MACROCLASSID>
		<MACROCLASSINFO>waterbody</MACROCLASSINFO>
		<CLASSID>1</CLASSID>
		<CLASSINFO>C 1</CLASSINFO>
		<VALUES>[0.1362667, 0.004864963, 0.13022815, 0.0062882733, 0.11376016, 0.0077989567, 0.06408155, 0.01123622, 0.005712977, 0.0024385774, 0.0033808397, 0.0027405042]</VALUES>
		<LCS_MIN>[0.120670825, 0.10966165, 0.091944955, 0.043378, 0.0, 0.0]</LCS_MIN>
		<LCS_MAX>[0.1643825, 0.16077071, 0.15348914, 0.1318551, 0.13851029, 0.11634725]</LCS_MAX>
		<WAVELENGTH>[0.485, 0.56, 0.66, 0.83, 1.65, 2.215]</WAVELENGTH>
		<MEAN_VALUE>[0.1362667, 0.13022815, 0.11376016, 0.06408155, 0.005712977, 0.0033808397]</MEAN_VALUE>
		<CHECKBOX>2</CHECKBOX>
		<SD>[0.004864963, 0.0062882733, 0.0077989567, 0.01123622, 0.0024385774, 0.0027405042]</SD>
		<WAVELENGTH_UNIT>E-6m</WAVELENGTH_UNIT>
		<COLOR>#f6b1e7</COLOR>
		<COVARIANCE_MATRIX>[[2.3667929781368002e-05, 2.5719869881868362e-05, 2.991152723552659e-05, 2.573051824583672e-05, 1.042084818436706e-06, 5.127172926222556e-07], [2.5719869881868362e-05, 3.954249405069277e-05, 4.204906872473657e-05, 3.5132281482219696e-05, 7.222110411930771e-07, 4.443524233010976e-07], [2.991152723552659e-05, 4.204906872473657e-05, 6.0823909734608606e-05, 6.678215868305415e-05, 3.785157787206117e-08, 1.3095430517751083e-07], [2.573051824583672e-05, 3.5132281482219696e-05, 6.678215868305415e-05, 0.00012625304225366563, -3.378380952767657e-08, 2.4300399559251673e-07], [1.042084818436706e-06, 7.222110411930771e-07, 3.785157787206117e-08, -3.378380952767657e-08, 5.946676537860185e-06, 1.7000829757307656e-06], [5.127172926222556e-07, 4.443524233010976e-07, 1.3095430517751083e-07, 2.4300399559251673e-07, 1.7000829757307656e-06, 7.510382147302153e-06]]</COVARIANCE_MATRIX>
		<ROI_SIZE>341980</ROI_SIZE>
		<MAX_VALUE>[0.1643825, 0.16077071, 0.15348914, 0.1318551, 0.13851029, 0.11634725]</MAX_VALUE>
		<MIN_VALUE>[0.120670825, 0.10966165, 0.091944955, 0.043378, 0.0, 0.0]</MIN_VALUE>
		<SIGNATURE_THRESHOLD_MD>0.0</SIGNATURE_THRESHOLD_MD>
		<SIGNATURE_THRESHOLD_ML>0.0</SIGNATURE_THRESHOLD_ML>
		<SIGNATURE_THRESHOLD_SAM>0.0</SIGNATURE_THRESHOLD_SAM>
	</signature>
	<signature ID="20210609_114843079398_117">
		<MACROCLASSID>1</MACROCLASSID>
		<MACROCLASSINFO>waterbody</MACROCLASSINFO>
		<CLASSID>2</CLASSID>
		<CLASSINFO>C 1</CLASSINFO>
		<VALUES>[0.13973321, 0.0027089436, 0.13138685, 0.0030031302, 0.11145403, 0.0026077852, 0.062622614, 0.0064895703, 0.008985561, 0.0030001004, 0.004812981, 0.0028305233]</VALUES>
		<LCS_MIN>[0.12941317, 0.12061359, 0.10117657, 0.04722483, 0.0, 0.0]</LCS_MIN>
		<LCS_MAX>[0.15039477, 0.14251748, 0.122717045, 0.085693136, 0.02458269, 0.013201645]</LCS_MAX>
		<WAVELENGTH>[0.485, 0.56, 0.66, 0.83, 1.65, 2.215]</WAVELENGTH>
		<MEAN_VALUE>[0.13973321, 0.13138685, 0.11145403, 0.062622614, 0.008985561, 0.004812981]</MEAN_VALUE>
		<CHECKBOX>2</CHECKBOX>
		<SD>[0.0027089436, 0.0030031302, 0.0026077852, 0.0064895703, 0.0030001004, 0.0028305233]</SD>
		<WAVELENGTH_UNIT>E-6m</WAVELENGTH_UNIT>
		<COLOR>#d3630a</COLOR>
		<COVARIANCE_MATRIX>[[7.338520390476333e-06, 4.038477072754176e-06, 2.8072511213395046e-06, 3.1246538583218353e-06, 1.6717111748221214e-06, 5.766718800259696e-07], [4.038477072754176e-06, 9.018971468321979e-06, 3.579169742806698e-06, 2.153059540432878e-06, 1.5444798009411898e-06, 6.143589530438476e-07], [2.8072511213395046e-06, 3.579169742806698e-06, 6.800677510909736e-06, 6.817015218985034e-06, 1.8651281834536348e-06, 6.941263563930988e-07], [3.1246538583218353e-06, 2.153059540432878e-06, 6.817015218985034e-06, 4.2115349060622975e-05, 1.0685987945180386e-05, 3.7986640109011205e-06], [1.6717111748221214e-06, 1.5444798009411898e-06, 1.8651281834536348e-06, 1.0685987945180386e-05, 9.00078157428652e-06, 2.3640716335648904e-06], [5.766718800259696e-07, 6.143589530438476e-07, 6.941263563930988e-07, 3.7986640109011205e-06, 2.3640716335648904e-06, 8.012022590264678e-06]]</COVARIANCE_MATRIX>
		<ROI_SIZE>50314</ROI_SIZE>
		<MAX_VALUE>[0.15039477, 0.14251748, 0.122717045, 0.085693136, 0.02458269, 0.013201645]</MAX_VALUE>
		<MIN_VALUE>[0.12941317, 0.12061359, 0.10117657, 0.04722483, 0.0, 0.0]</MIN_VALUE>
		<SIGNATURE_THRESHOLD_MD>0.0</SIGNATURE_THRESHOLD_MD>
		<SIGNATURE_THRESHOLD_ML>0.0</SIGNATURE_THRESHOLD_ML>
		<SIGNATURE_THRESHOLD_SAM>0.0</SIGNATURE_THRESHOLD_SAM>
	</signature>
	<signature ID="20210609_125550681456_259">
		<MACROCLASSID>1</MACROCLASSID>
		<MACROCLASSINFO>waterbody</MACROCLASSINFO>
		<CLASSID>3</CLASSID>
		<CLASSINFO>C 1</CLASSINFO>
		<VALUES>[0.13857332, 0.0025256919, 0.13001098, 0.0030373838, 0.11035877, 0.0023557765, 0.06136963, 0.005120901, 0.008234182, 0.0025009068, 0.0045150374, 0.0027969442]</VALUES>
		<LCS_MIN>[0.12941317, 0.12061359, 0.10117657, 0.051071662, 0.0, 0.0]</LCS_MIN>
		<LCS_MAX>[0.1486463, 0.13886683, 0.122717045, 0.0933868, 0.02458269, 0.020315131]</LCS_MAX>
		<WAVELENGTH>[0.485, 0.56, 0.66, 0.83, 1.65, 2.215]</WAVELENGTH>
		<MEAN_VALUE>[0.13857332, 0.13001098, 0.11035877, 0.06136963, 0.008234182, 0.0045150374]</MEAN_VALUE>
		<CHECKBOX>2</CHECKBOX>
		<SD>[0.0025256919, 0.0030373838, 0.0023557765, 0.005120901, 0.0025009068, 0.0027969442]</SD>
		<WAVELENGTH_UNIT>E-6m</WAVELENGTH_UNIT>
		<COLOR>#33fddd</COLOR>
		<COVARIANCE_MATRIX>[[6.3793686422286555e-06, 3.3329001780657563e-06, 2.2543904378835578e-06, 3.1455419957637787e-06, 1.15691591417999e-06, 3.9336282497970387e-07], [3.3329001780657563e-06, 9.226059773936868e-06, 3.024337956958334e-06, 2.1686141735699493e-06, 1.4441234270634595e-06, 5.788708676845999e-07], [2.2543904378835578e-06, 3.024337956958334e-06, 5.5498990150226746e-06, 4.9504392336530145e-06, 1.07373841728986e-06, 4.110476936602936e-07], [3.1455419957637787e-06, 2.1686141735699493e-06, 4.9504392336530145e-06, 2.622465035528876e-05, 4.539122528512962e-06, 1.726915115796146e-06], [1.15691591417999e-06, 1.4441234270634595e-06, 1.07373841728986e-06, 4.539122528512962e-06, 6.254778782022186e-06, 1.348068622064602e-06], [3.9336282497970387e-07, 5.788708676845999e-07, 4.110476936602936e-07, 1.726915115796146e-06, 1.348068622064602e-06, 7.823201485734899e-06]]</COVARIANCE_MATRIX>
		<ROI_SIZE>25644</ROI_SIZE>
		<MAX_VALUE>[0.1486463, 0.13886683, 0.122717045, 0.0933868, 0.02458269, 0.020315131]</MAX_VALUE>
		<MIN_VALUE>[0.12941317, 0.12061359, 0.10117657, 0.051071662, 0.0, 0.0]</MIN_VALUE>
		<SIGNATURE_THRESHOLD_MD>0.0</SIGNATURE_THRESHOLD_MD>
		<SIGNATURE_THRESHOLD_ML>0.0</SIGNATURE_THRESHOLD_ML>
		<SIGNATURE_THRESHOLD_SAM>0.0</SIGNATURE_THRESHOLD_SAM>
	</signature>
	<signature ID="20210609_131753846693_326">
		<MACROCLASSID>1</MACROCLASSID>
		<MACROCLASSINFO>waterbody</MACROCLASSINFO>
		<CLASSID>4</CLASSID>
		<CLASSINFO>C 1</CLASSINFO>
		<VALUES>[0.13361321, 0.0038397678, 0.119132206, 0.005050641, 0.08893482, 0.0043280865, 0.055467486, 0.0040997583, 0.013046427, 0.0030560833, 0.006755445, 0.0030022122]</VALUES>
		<LCS_MIN>[0.117173895, 0.098709695, 0.0734817, 0.043378, 0.0, 0.0]</LCS_MIN>
		<LCS_MAX>[0.14689784, 0.13156553, 0.10117657, 0.07799947, 0.04934956, 0.034542114]</LCS_MAX>
		<WAVELENGTH>[0.485, 0.56, 0.66, 0.83, 1.65, 2.215]</WAVELENGTH>
		<MEAN_VALUE>[0.13361321, 0.119132206, 0.08893482, 0.055467486, 0.013046427, 0.006755445]</MEAN_VALUE>
		<CHECKBOX>2</CHECKBOX>
		<SD>[0.0038397678, 0.005050641, 0.0043280865, 0.0040997583, 0.0030560833, 0.0030022122]</SD>
		<WAVELENGTH_UNIT>E-6m</WAVELENGTH_UNIT>
		<COLOR>#26fff5</COLOR>
		<COVARIANCE_MATRIX>[[1.4744194231752772e-05, 1.4589738384529483e-05, 1.1930341315746773e-05, -1.8524342522141524e-06, -3.922358757790789e-07, -2.3518008163136983e-07], [1.4589738384529483e-05, 2.5509616534691304e-05, 1.7073934941436164e-05, -4.805950993613806e-06, -1.5592626141369692e-06, -7.413673870360071e-07], [1.1930341315746773e-05, 1.7073934941436164e-05, 1.8732807802734897e-05, -8.747293804844958e-07, -2.5958385663216177e-07, -3.789834224221522e-09], [-1.8524342522141524e-06, -4.805950993613806e-06, -8.747293804844958e-07, 1.6808447981020436e-05, 5.400536338129314e-06, 2.6910736323770834e-06], [-3.922358757790789e-07, -1.5592626141369692e-06, -2.5958385663216177e-07, 5.400536338129314e-06, 9.339882126369048e-06, 2.9467330477928044e-06], [-2.3518008163136983e-07, -7.413673870360071e-07, -3.789834224221522e-09, 2.6910736323770834e-06, 2.9467330477928044e-06, 9.013505405164324e-06]]</COVARIANCE_MATRIX>
		<ROI_SIZE>39318</ROI_SIZE>
		<MAX_VALUE>[0.14689784, 0.13156553, 0.10117657, 0.07799947, 0.04934956, 0.034542114]</MAX_VALUE>
		<MIN_VALUE>[0.117173895, 0.098709695, 0.0734817, 0.043378, 0.0, 0.0]</MIN_VALUE>
		<SIGNATURE_THRESHOLD_MD>0.0</SIGNATURE_THRESHOLD_MD>
		<SIGNATURE_THRESHOLD_ML>0.0</SIGNATURE_THRESHOLD_ML>
		<SIGNATURE_THRESHOLD_SAM>0.0</SIGNATURE_THRESHOLD_SAM>
	</signature>
	<signature ID="20210609_133813576902_859">
		<MACROCLASSID>2</MACROCLASSID>
		<MACROCLASSINFO>vegetation</MACROCLASSINFO>
		<CLASSID>5</CLASSID>
		<CLASSINFO>C 1</CLASSINFO>
		<VALUES>[0.094327345, 0.0054443576, 0.077339455, 0.0059594642, 0.052043095, 0.0052492456, 0.27837795, 0.03620435, 0.14086169, 0.018259637, 0.056557976, 0.009106588]</VALUES>
		<LCS_MIN>[0.082204565, 0.06220322, 0.036555182, 0.13954878, 0.054302935, 0.020315131]</LCS_MIN>
		<LCS_MAX>[0.1224193, 0.10966165, 0.098099366, 0.44344845, 0.2425312, 0.20170915]</LCS_MAX>
		<WAVELENGTH>[0.485, 0.56, 0.66, 0.83, 1.65, 2.215]</WAVELENGTH>
		<MEAN_VALUE>[0.094327345, 0.077339455, 0.052043095, 0.27837795, 0.14086169, 0.056557976]</MEAN_VALUE>
		<CHECKBOX>2</CHECKBOX>
		<SD>[0.0054443576, 0.0059594642, 0.0052492456, 0.03620435, 0.018259637, 0.009106588]</SD>
		<WAVELENGTH_UNIT>E-6m</WAVELENGTH_UNIT>
		<COLOR>#bfb7f9</COLOR>
		<COVARIANCE_MATRIX>[[2.9642043955391273e-05, 2.4119999579852447e-05, 2.2745109163224697e-05, 5.162335583008826e-06, 1.1646831126199686e-06, 2.5590295535948826e-06], [2.4119999579852447e-05, 3.551642657839693e-05, 2.6483419787837192e-05, 9.279152436647564e-05, 3.597005343181081e-05, 1.8483124222257175e-05], [2.2745109163224697e-05, 2.6483419787837192e-05, 2.75555212283507e-05, 3.957776425522752e-05, 2.083502840832807e-05, 1.4048272532818373e-05], [5.162335583008826e-06, 9.279152436647564e-05, 3.957776425522752e-05, 0.0013107998529449105, 0.0005036229267716408, 0.00019084863015450537], [1.1646831126199686e-06, 3.597005343181081e-05, 2.083502840832807e-05, 0.0005036229267716408, 0.0003334257344249636, 0.00014593162632081658], [2.5590295535948826e-06, 1.8483124222257175e-05, 1.4048272532818373e-05, 0.00019084863015450537, 0.00014593162632081658, 8.293279097415507e-05]]</COVARIANCE_MATRIX>
		<ROI_SIZE>29238</ROI_SIZE>
		<MAX_VALUE>[0.1224193, 0.10966165, 0.098099366, 0.44344845, 0.2425312, 0.20170915]</MAX_VALUE>
		<MIN_VALUE>[0.082204565, 0.06220322, 0.036555182, 0.13954878, 0.054302935, 0.020315131]</MIN_VALUE>
		<SIGNATURE_THRESHOLD_MD>0.0</SIGNATURE_THRESHOLD_MD>
		<SIGNATURE_THRESHOLD_ML>0.0</SIGNATURE_THRESHOLD_ML>
		<SIGNATURE_THRESHOLD_SAM>0.0</SIGNATURE_THRESHOLD_SAM>
	</signature>
	<signature ID="20210609_134801126055_520">
		<MACROCLASSID>2</MACROCLASSID>
		<MACROCLASSINFO>vegetation</MACROCLASSINFO>
		<CLASSID>6</CLASSID>
		<CLASSINFO>C 1</CLASSINFO>
		<VALUES>[0.09863295, 0.003315811, 0.07509719, 0.0038182866, 0.052633446, 0.0030173187, 0.19583218, 0.021062903, 0.05582105, 0.011851106, 0.021009777, 0.0064160973]</VALUES>
		<LCS_MIN>[0.08919843, 0.06585386, 0.04578681, 0.13954878, 0.029536067, 0.0060881525]</LCS_MIN>
		<LCS_MAX>[0.11192849, 0.09505905, 0.0734817, 0.33958396, 0.12860355, 0.07010956]</LCS_MAX>
		<WAVELENGTH>[0.485, 0.56, 0.66, 0.83, 1.65, 2.215]</WAVELENGTH>
		<MEAN_VALUE>[0.09863295, 0.07509719, 0.052633446, 0.19583218, 0.05582105, 0.021009777]</MEAN_VALUE>
		<CHECKBOX>2</CHECKBOX>
		<SD>[0.003315811, 0.0038182866, 0.0030173187, 0.021062903, 0.011851106, 0.0064160973]</SD>
		<WAVELENGTH_UNIT>E-6m</WAVELENGTH_UNIT>
		<COLOR>#068317</COLOR>
		<COVARIANCE_MATRIX>[[1.09955844891374e-05, 7.850836482248269e-06, 5.643633812724147e-06, 3.092076804023236e-05, 1.6117588529596105e-05, 6.6227598836121615e-06], [7.850836482248269e-06, 1.4580614333681297e-05, 8.321230779984035e-06, 4.046913454658352e-05, 2.7611897166934796e-05, 1.240759502252331e-05], [5.643633812724147e-06, 8.321230779984035e-06, 9.10502603801433e-06, 2.0612586013157852e-05, 1.9803595932899043e-05, 9.712279279483482e-06], [3.092076804023236e-05, 4.046913454658352e-05, 2.0612586013157852e-05, 0.00044368559611029923, 0.0001284102618228644, 3.859876960632391e-05], [1.6117588529596105e-05, 2.7611897166934796e-05, 1.9803595932899043e-05, 0.0001284102618228644, 0.00014046119758859277, 6.277067586779594e-05], [6.6227598836121615e-06, 1.240759502252331e-05, 9.712279279483482e-06, 3.859876960632391e-05, 6.277067586779594e-05, 4.116997661185451e-05]]</COVARIANCE_MATRIX>
		<ROI_SIZE>11198</ROI_SIZE>
		<MAX_VALUE>[0.11192849, 0.09505905, 0.0734817, 0.33958396, 0.12860355, 0.07010956]</MAX_VALUE>
		<MIN_VALUE>[0.08919843, 0.06585386, 0.04578681, 0.13954878, 0.029536067, 0.0060881525]</MIN_VALUE>
		<SIGNATURE_THRESHOLD_MD>0.0</SIGNATURE_THRESHOLD_MD>
		<SIGNATURE_THRESHOLD_ML>0.0</SIGNATURE_THRESHOLD_ML>
		<SIGNATURE_THRESHOLD_SAM>0.0</SIGNATURE_THRESHOLD_SAM>
	</signature>
	<signature ID="20210609_140002812389_503">
		<MACROCLASSID>2</MACROCLASSID>
		<MACROCLASSINFO>vegetation</MACROCLASSINFO>
		<CLASSID>7</CLASSID>
		<CLASSINFO>C 1</CLASSINFO>
		<VALUES>[0.11076285, 0.0028785947, 0.08647232, 0.0033240335, 0.059814837, 0.0025867778, 0.26752362, 0.010356225, 0.104487814, 0.010476509, 0.037614606, 0.005024396]</VALUES>
		<LCS_MIN>[0.104934625, 0.07680581, 0.05501844, 0.24726002, 0.0815465, 0.027428625]</LCS_MIN>
		<LCS_MAX>[0.11892237, 0.09505905, 0.06732727, 0.30111566, 0.13603361, 0.048769094]</LCS_MAX>
		<WAVELENGTH>[0.485, 0.56, 0.66, 0.83, 1.65, 2.215]</WAVELENGTH>
		<MEAN_VALUE>[0.11076285, 0.08647232, 0.059814837, 0.26752362, 0.104487814, 0.037614606]</MEAN_VALUE>
		<CHECKBOX>2</CHECKBOX>
		<SD>[0.0028785947, 0.0033240335, 0.0025867778, 0.010356225, 0.010476509, 0.005024396]</SD>
		<WAVELENGTH_UNIT>E-6m</WAVELENGTH_UNIT>
		<COLOR>#6fad8b</COLOR>
		<COVARIANCE_MATRIX>[[8.32539353723405e-06, 5.479773790284526e-06, 4.145269031141652e-06, 1.0469802873558365e-05, 1.5816856830497272e-05, 6.883752575959079e-06], [5.479773790284526e-06, 1.110131688619731e-05, 4.657867521018488e-06, 1.5107989383977838e-05, 1.700480788713321e-05, 6.846762062195921e-06], [4.145269031141652e-06, 4.657867521018488e-06, 6.722981652274029e-06, 6.374105396389496e-06, 1.4297585948952474e-05, 7.134898623917252e-06], [1.0469802873558365e-05, 1.5107989383977838e-05, 6.374105396389496e-06, 0.00010775730333989486, 5.738973050029017e-05, 1.8636232198332436e-05], [1.5816856830497272e-05, 1.700480788713321e-05, 1.4297585948952474e-05, 5.738973050029017e-05, 0.0001102749738493003, 4.203464777674526e-05], [6.883752575959079e-06, 6.846762062195921e-06, 7.134898623917252e-06, 1.8636232198332436e-05, 4.203464777674526e-05, 2.536363354010973e-05]]</COVARIANCE_MATRIX>
		<ROI_SIZE>213</ROI_SIZE>
		<MAX_VALUE>[0.11892237, 0.09505905, 0.06732727, 0.30111566, 0.13603361, 0.048769094]</MAX_VALUE>
		<MIN_VALUE>[0.104934625, 0.07680581, 0.05501844, 0.24726002, 0.0815465, 0.027428625]</MIN_VALUE>
		<SIGNATURE_THRESHOLD_MD>0.0</SIGNATURE_THRESHOLD_MD>
		<SIGNATURE_THRESHOLD_ML>0.0</SIGNATURE_THRESHOLD_ML>
		<SIGNATURE_THRESHOLD_SAM>0.0</SIGNATURE_THRESHOLD_SAM>
	</signature>
	<signature ID="20210609_140640371957_626">
		<MACROCLASSID>2</MACROCLASSID>
		<MACROCLASSINFO>vegetation</MACROCLASSINFO>
		<CLASSID>8</CLASSID>
		<CLASSINFO>C 1</CLASSINFO>
		<VALUES>[0.10892332, 0.0019170605, 0.08604651, 0.002232645, 0.05857646, 0.0021907382, 0.2655325, 0.012202705, 0.10105041, 0.008596237, 0.036542784, 0.0051031476]</VALUES>
		<LCS_MIN>[0.104934625, 0.08045645, 0.05501844, 0.23956637, 0.086499885, 0.030985368]</LCS_MIN>
		<LCS_MAX>[0.11192849, 0.08775775, 0.061172854, 0.2857284, 0.12365019, 0.048769094]</LCS_MAX>
		<WAVELENGTH>[0.485, 0.56, 0.66, 0.83, 1.65, 2.215]</WAVELENGTH>
		<MEAN_VALUE>[0.10892332, 0.08604651, 0.05857646, 0.2655325, 0.10105041, 0.036542784]</MEAN_VALUE>
		<CHECKBOX>2</CHECKBOX>
		<SD>[0.0019170605, 0.002232645, 0.0021907382, 0.012202705, 0.008596237, 0.0051031476]</SD>
		<WAVELENGTH_UNIT>E-6m</WAVELENGTH_UNIT>
		<COLOR>#ff4c2a</COLOR>
		<COVARIANCE_MATRIX>[[3.793672931351466e-06, 1.4863717296975665e-06, 1.317976625614392e-06, -1.144511224993039e-05, 9.516400496067945e-06, 4.8020460781117436e-06], [1.4863717296975665e-06, 5.145499926584307e-06, 8.493302061651775e-07, 5.662675448547816e-07, 9.11447273210797e-07, 1.8324804784697335e-07], [1.317976625614392e-06, 8.493302061651775e-07, 4.95415088153095e-06, -9.450902325625066e-06, 5.8081582210434135e-06, 2.890674750233302e-06], [-1.144511224993039e-05, 5.662675448547816e-07, -9.450902325625066e-06, 0.00015370945038739592, -6.884311733301729e-05, -4.3032723624492064e-05], [9.516400496067945e-06, 9.11447273210797e-07, 5.8081582210434135e-06, -6.884311733301729e-05, 7.627900049556047e-05, 3.843258673441596e-05], [4.8020460781117436e-06, 1.8324804784697335e-07, 2.890674750233302e-06, -4.3032723624492064e-05, 3.843258673441596e-05, 2.6882182282861322e-05]]</COVARIANCE_MATRIX>
		<ROI_SIZE>32</ROI_SIZE>
		<MAX_VALUE>[0.11192849, 0.08775775, 0.061172854, 0.2857284, 0.12365019, 0.048769094]</MAX_VALUE>
		<MIN_VALUE>[0.104934625, 0.08045645, 0.05501844, 0.23956637, 0.086499885, 0.030985368]</MIN_VALUE>
		<SIGNATURE_THRESHOLD_MD>0.0</SIGNATURE_THRESHOLD_MD>
		<SIGNATURE_THRESHOLD_ML>0.0</SIGNATURE_THRESHOLD_ML>
		<SIGNATURE_THRESHOLD_SAM>0.0</SIGNATURE_THRESHOLD_SAM>
	</signature>
	<signature ID="20210609_141116107077_760">
		<MACROCLASSID>2</MACROCLASSID>
		<MACROCLASSINFO>vegetation</MACROCLASSINFO>
		<CLASSID>9</CLASSID>
		<CLASSINFO>C 1</CLASSINFO>
		<VALUES>[0.10763593, 0.0022723037, 0.082470626, 0.00403135, 0.057117652, 0.0027543064, 0.24306121, 0.028049037, 0.085967824, 0.0089308545, 0.029506192, 0.0046382854]</VALUES>
		<LCS_MIN>[0.097940765, 0.073155165, 0.048864014, 0.1780171, 0.056779627, 0.013201645]</LCS_MIN>
		<LCS_MAX>[0.117173895, 0.10966165, 0.0734817, 0.33958396, 0.14841706, 0.066552825]</LCS_MAX>
		<WAVELENGTH>[0.485, 0.56, 0.66, 0.83, 1.65, 2.215]</WAVELENGTH>
		<MEAN_VALUE>[0.10763593, 0.082470626, 0.057117652, 0.24306121, 0.085967824, 0.029506192]</MEAN_VALUE>
		<CHECKBOX>2</CHECKBOX>
		<SD>[0.0022723037, 0.00403135, 0.0027543064, 0.028049037, 0.0089308545, 0.0046382854]</SD>
		<WAVELENGTH_UNIT>E-6m</WAVELENGTH_UNIT>
		<COLOR>#bd2528</COLOR>
		<COVARIANCE_MATRIX>[[5.163585228729062e-06, 3.321387566757039e-06, 2.267603122163564e-06, 7.831976631678117e-07, 3.7961638099659467e-06, 1.8878087075790972e-06], [3.321387566757039e-06, 1.6252477507805452e-05, 7.003498467383906e-06, 3.7797464756295085e-05, 2.2798718418926e-05, 9.590605259290896e-06], [2.267603122163564e-06, 7.003498467383906e-06, 7.58652913646074e-06, 7.744113645458128e-06, 1.1732331586244982e-05, 5.754245648859069e-06], [7.831976631678117e-07, 3.7797464756295085e-05, 7.744113645458128e-06, 0.0007867825333960354, 0.00012137766316300258, 1.831782174122054e-05], [3.7961638099659467e-06, 2.2798718418926e-05, 1.1732331586244982e-05, 0.00012137766316300258, 7.976358756422997e-05, 2.9904258553870022e-05], [1.8878087075790972e-06, 9.590605259290896e-06, 5.754245648859069e-06, 1.831782174122054e-05, 2.9904258553870022e-05, 2.1514613763429224e-05]]</COVARIANCE_MATRIX>
		<ROI_SIZE>23312</ROI_SIZE>
		<MAX_VALUE>[0.117173895, 0.10966165, 0.0734817, 0.33958396, 0.14841706, 0.066552825]</MAX_VALUE>
		<MIN_VALUE>[0.097940765, 0.073155165, 0.048864014, 0.1780171, 0.056779627, 0.013201645]</MIN_VALUE>
		<SIGNATURE_THRESHOLD_MD>0.0</SIGNATURE_THRESHOLD_MD>
		<SIGNATURE_THRESHOLD_ML>0.0</SIGNATURE_THRESHOLD_ML>
		<SIGNATURE_THRESHOLD_SAM>0.0</SIGNATURE_THRESHOLD_SAM>
	</signature>
	<signature ID="20210609_144125096752_129">
		<MACROCLASSID>3</MACROCLASSID>
		<MACROCLASSINFO>bareland</MACROCLASSINFO>
		<CLASSID>10</CLASSID>
		<CLASSINFO>C 1</CLASSINFO>
		<VALUES>[0.12411788, 0.004173332, 0.119676225, 0.007275798, 0.115083665, 0.010961636, 0.24738951, 0.014897786, 0.17899247, 0.022034675, 0.10435267, 0.016778989]</VALUES>
		<LCS_MIN>[0.110180035, 0.09505905, 0.08271332, 0.17417026, 0.0840232, 0.048769094]</LCS_MIN>
		<LCS_MAX>[0.1381555, 0.13886683, 0.15041193, 0.28957516, 0.27720478, 0.18392542]</LCS_MAX>
		<WAVELENGTH>[0.485, 0.56, 0.66, 0.83, 1.65, 2.215]</WAVELENGTH>
		<MEAN_VALUE>[0.12411788, 0.119676225, 0.115083665, 0.24738951, 0.17899247, 0.10435267]</MEAN_VALUE>
		<CHECKBOX>2</CHECKBOX>
		<SD>[0.004173332, 0.007275798, 0.010961636, 0.014897786, 0.022034675, 0.016778989]</SD>
		<WAVELENGTH_UNIT>E-6m</WAVELENGTH_UNIT>
		<COLOR>#a4e327</COLOR>
		<COVARIANCE_MATRIX>[[1.7423071767552756e-05, 2.5216782887582667e-05, 3.78409749828279e-05, 9.575031981512439e-06, 5.160349246580154e-05, 4.1684175812406465e-05], [2.5216782887582667e-05, 5.295661321724765e-05, 7.128559809643775e-05, 3.141464912914671e-05, 9.11078677745536e-05, 7.187097071437165e-05], [3.78409749828279e-05, 7.128559809643775e-05, 0.00012020144640700892, 1.92190218513133e-05, 0.00016486208187416196, 0.00013556207704823464], [9.575031981512439e-06, 3.141464912914671e-05, 1.92190218513133e-05, 0.00022202523541636765, 4.943663225276396e-05, -2.3967152174009243e-06], [5.160349246580154e-05, 9.11078677745536e-05, 0.00016486208187416196, 4.943663225276396e-05, 0.0004857045423705131, 0.00035210157511755824], [4.1684175812406465e-05, 7.187097071437165e-05, 0.00013556207704823464, -2.3967152174009243e-06, 0.00035210157511755824, 0.000281637447187677]]</COVARIANCE_MATRIX>
		<ROI_SIZE>2734</ROI_SIZE>
		<MAX_VALUE>[0.1381555, 0.13886683, 0.15041193, 0.28957516, 0.27720478, 0.18392542]</MAX_VALUE>
		<MIN_VALUE>[0.110180035, 0.09505905, 0.08271332, 0.17417026, 0.0840232, 0.048769094]</MIN_VALUE>
		<SIGNATURE_THRESHOLD_MD>0.0</SIGNATURE_THRESHOLD_MD>
		<SIGNATURE_THRESHOLD_ML>0.0</SIGNATURE_THRESHOLD_ML>
		<SIGNATURE_THRESHOLD_SAM>0.0</SIGNATURE_THRESHOLD_SAM>
	</signature>
	<signature ID="20210609_144602141494_966">
		<MACROCLASSID>3</MACROCLASSID>
		<MACROCLASSINFO>bareland</MACROCLASSINFO>
		<CLASSID>11</CLASSID>
		<CLASSINFO>C 1</CLASSINFO>
		<VALUES>[0.14516862, 0.004566433, 0.13448766, 0.0053577106, 0.14292096, 0.00835375, 0.22184217, 0.014516328, 0.23139608, 0.032282624, 0.1571337, 0.022974377]</VALUES>
		<LCS_MIN>[0.12416776, 0.102360345, 0.091944955, 0.15493609, 0.09145325, 0.05943933]</LCS_MIN>
		<LCS_MAX>[0.16613097, 0.15712008, 0.15964355, 0.2511069, 0.27720478, 0.18748215]</LCS_MAX>
		<WAVELENGTH>[0.485, 0.56, 0.66, 0.83, 1.65, 2.215]</WAVELENGTH>
		<MEAN_VALUE>[0.14516862, 0.13448766, 0.14292096, 0.22184217, 0.23139608, 0.1571337]</MEAN_VALUE>
		<CHECKBOX>2</CHECKBOX>
		<SD>[0.004566433, 0.0053577106, 0.00835375, 0.014516328, 0.032282624, 0.022974377]</SD>
		<WAVELENGTH_UNIT>E-6m</WAVELENGTH_UNIT>
		<COLOR>#8d6a1f</COLOR>
		<COVARIANCE_MATRIX>[[2.0867619241471402e-05, 1.8488279238226824e-05, 2.4458760890411213e-05, 3.886056219926104e-05, 6.894450780237094e-05, 4.547701610135846e-05], [1.8488279238226824e-05, 2.8726137315970846e-05, 3.6991244996897876e-05, 6.131639383966103e-05, 0.00011206362978555262, 7.520975486841053e-05], [2.4458760890411213e-05, 3.6991244996897876e-05, 6.983638741075993e-05, 0.00010115220356965438, 0.00020421577210072428, 0.00014136437675915658], [3.886056219926104e-05, 6.131639383966103e-05, 0.00010115220356965438, 0.00021087848290335387, 0.00034477244480513036, 0.00022560525394510478], [6.894450780237094e-05, 0.00011206362978555262, 0.00020421577210072428, 0.00034477244480513036, 0.0010429330868646502, 0.0007251853821799159], [4.547701610135846e-05, 7.520975486841053e-05, 0.00014136437675915658, 0.00022560525394510478, 0.0007251853821799159, 0.0005282096099108458]]</COVARIANCE_MATRIX>
		<ROI_SIZE>1363</ROI_SIZE>
		<MAX_VALUE>[0.16613097, 0.15712008, 0.15964355, 0.2511069, 0.27720478, 0.18748215]</MAX_VALUE>
		<MIN_VALUE>[0.12416776, 0.102360345, 0.091944955, 0.15493609, 0.09145325, 0.05943933]</MIN_VALUE>
		<SIGNATURE_THRESHOLD_MD>0.0</SIGNATURE_THRESHOLD_MD>
		<SIGNATURE_THRESHOLD_ML>0.0</SIGNATURE_THRESHOLD_ML>
		<SIGNATURE_THRESHOLD_SAM>0.0</SIGNATURE_THRESHOLD_SAM>
	</signature>
	<signature ID="20210609_145343113589_557">
		<MACROCLASSID>3</MACROCLASSID>
		<MACROCLASSINFO>bareland</MACROCLASSINFO>
		<CLASSID>12</CLASSID>
		<CLASSINFO>C 1</CLASSINFO>
		<VALUES>[0.14613649, 0.016916966, 0.13810681, 0.022180984, 0.13454483, 0.025950024, 0.16522273, 0.027568517, 0.18690121, 0.04752254, 0.16261224, 0.0538089]</VALUES>
		<LCS_MIN>[0.11542544, 0.098709695, 0.08579054, 0.07799947, 0.01715263, 0.0096448995]</LCS_MIN>
		<LCS_MAX>[0.20984265, 0.22283174, 0.23657377, 0.270341, 0.346552, 0.34042218]</LCS_MAX>
		<WAVELENGTH>[0.485, 0.56, 0.66, 0.83, 1.65, 2.215]</WAVELENGTH>
		<MEAN_VALUE>[0.14613649, 0.13810681, 0.13454483, 0.16522273, 0.18690121, 0.16261224]</MEAN_VALUE>
		<CHECKBOX>2</CHECKBOX>
		<SD>[0.016916966, 0.022180984, 0.025950024, 0.027568517, 0.04752254, 0.0538089]</SD>
		<WAVELENGTH_UNIT>E-6m</WAVELENGTH_UNIT>
		<COLOR>#f71357</COLOR>
		<COVARIANCE_MATRIX>[[0.00028622604440897703, 0.0003692544705700129, 0.00042864560964517295, 0.0003225897962693125, 0.000670909124892205, 0.0008037350489757955], [0.0003692544705700129, 0.0004920687642879784, 0.0005678039160557091, 0.0004397451411932707, 0.0008934044744819403, 0.0010629089083522558], [0.00042864560964517295, 0.0005678039160557091, 0.0006735032075084746, 0.0005336517933756113, 0.0010833428241312504, 0.0012798358220607042], [0.0003225897962693125, 0.0004397451411932707, 0.0005336517933756113, 0.0007601354736834764, 0.0011544610606506467, 0.0011490092147141695], [0.000670909124892205, 0.0008934044744819403, 0.0010833428241312504, 0.0011544610606506467, 0.002258725930005312, 0.0024732998572289944], [0.0008037350489757955, 0.0010629089083522558, 0.0012798358220607042, 0.0011490092147141695, 0.0024732998572289944, 0.002895825542509556]]</COVARIANCE_MATRIX>
		<ROI_SIZE>6768</ROI_SIZE>
		<MAX_VALUE>[0.20984265, 0.22283174, 0.23657377, 0.270341, 0.346552, 0.34042218]</MAX_VALUE>
		<MIN_VALUE>[0.11542544, 0.098709695, 0.08579054, 0.07799947, 0.01715263, 0.0096448995]</MIN_VALUE>
		<SIGNATURE_THRESHOLD_MD>0.0</SIGNATURE_THRESHOLD_MD>
		<SIGNATURE_THRESHOLD_ML>0.0</SIGNATURE_THRESHOLD_ML>
		<SIGNATURE_THRESHOLD_SAM>0.0</SIGNATURE_THRESHOLD_SAM>
	</signature>
	<signature ID="20210609_145534574921_860">
		<MACROCLASSID>3</MACROCLASSID>
		<MACROCLASSINFO>bareland</MACROCLASSINFO>
		<CLASSID>13</CLASSID>
		<CLASSINFO>C 1</CLASSINFO>
		<VALUES>[0.1431585, 0.017068284, 0.13448659, 0.022167137, 0.13165824, 0.025066841, 0.16922513, 0.027675046, 0.18583323, 0.045603465, 0.15547588, 0.052979868]</VALUES>
		<LCS_MIN>[0.11542544, 0.09505905, 0.08271332, 0.07799947, 0.01715263, 0.0096448995]</LCS_MIN>
		<LCS_MAX>[0.20984265, 0.22283174, 0.23657377, 0.270341, 0.346552, 0.34042218]</LCS_MAX>
		<WAVELENGTH>[0.485, 0.56, 0.66, 0.83, 1.65, 2.215]</WAVELENGTH>
		<MEAN_VALUE>[0.1431585, 0.13448659, 0.13165824, 0.16922513, 0.18583323, 0.15547588]</MEAN_VALUE>
		<CHECKBOX>2</CHECKBOX>
		<SD>[0.017068284, 0.022167137, 0.025066841, 0.027675046, 0.045603465, 0.052979868]</SD>
		<WAVELENGTH_UNIT>E-6m</WAVELENGTH_UNIT>
		<COLOR>#d9cedf</COLOR>
		<COVARIANCE_MATRIX>[[0.0002913626958616078, 0.0003721889515873045, 0.0004122761602047831, 0.0002121144498232752, 0.0005952485953457654, 0.0008019073284231126], [0.0003721889515873045, 0.0004914433229714632, 0.0005432591424323618, 0.0003023071330972016, 0.0007967838319018483, 0.0010524083627387881], [0.0004122761602047831, 0.0005432591424323618, 0.0006284248665906489, 0.0004019140324089676, 0.0009627062827348709, 0.001214759424328804], [0.0002121144498232752, 0.0003023071330972016, 0.0004019140324089676, 0.0007660036208108068, 0.0010062544606626034, 0.0008501231204718351], [0.0005952485953457654, 0.0007967838319018483, 0.0009627062827348709, 0.0010062544606626034, 0.002079935045912862, 0.002246592892333865], [0.0008019073284231126, 0.0010524083627387881, 0.001214759424328804, 0.0008501231204718351, 0.002246592892333865, 0.002807216951623559]]</COVARIANCE_MATRIX>
		<ROI_SIZE>8021</ROI_SIZE>
		<MAX_VALUE>[0.20984265, 0.22283174, 0.23657377, 0.270341, 0.346552, 0.34042218]</MAX_VALUE>
		<MIN_VALUE>[0.11542544, 0.09505905, 0.08271332, 0.07799947, 0.01715263, 0.0096448995]</MIN_VALUE>
		<SIGNATURE_THRESHOLD_MD>0.0</SIGNATURE_THRESHOLD_MD>
		<SIGNATURE_THRESHOLD_ML>0.0</SIGNATURE_THRESHOLD_ML>
		<SIGNATURE_THRESHOLD_SAM>0.0</SIGNATURE_THRESHOLD_SAM>
	</signature>
	<signature ID="20210609_150055900086_388">
		<MACROCLASSID>3</MACROCLASSID>
		<MACROCLASSINFO>bareland</MACROCLASSINFO>
		<CLASSID>14</CLASSID>
		<CLASSINFO>C 1</CLASSINFO>
		<VALUES>[0.13970752, 0.015094982, 0.13075455, 0.020068394, 0.13034871, 0.02357202, 0.18348008, 0.034653194, 0.20324992, 0.050169513, 0.15459181, 0.046445422]</VALUES>
		<LCS_MIN>[0.11367696, 0.0914084, 0.0765589, 0.07030581, 0.01715263, 0.0096448995]</LCS_MIN>
		<LCS_MAX>[0.20984265, 0.22283174, 0.23657377, 0.29726887, 0.346552, 0.34042218]</LCS_MAX>
		<WAVELENGTH>[0.485, 0.56, 0.66, 0.83, 1.65, 2.215]</WAVELENGTH>
		<MEAN_VALUE>[0.13970752, 0.13075455, 0.13034871, 0.18348008, 0.20324992, 0.15459181]</MEAN_VALUE>
		<CHECKBOX>2</CHECKBOX>
		<SD>[0.015094982, 0.020068394, 0.02357202, 0.034653194, 0.050169513, 0.046445422]</SD>
		<WAVELENGTH_UNIT>E-6m</WAVELENGTH_UNIT>
		<COLOR>#77ed0d</COLOR>
		<COVARIANCE_MATRIX>[[0.00022787379566580057, 0.0002955446543637663, 0.00032490750891156495, 0.00012613527360372245, 0.00038347963709384203, 0.0005907195736654103], [0.0002955446543637663, 0.0004027674731332809, 0.00044959201477468014, 0.000233811981161125, 0.0005778096383437514, 0.0008041098481044173], [0.00032490750891156495, 0.00044959201477468014, 0.0005556776304729283, 0.00042321739601902664, 0.0008719715988263488, 0.0009895300026983023], [0.00012613527360372245, 0.000233811981161125, 0.00042321739601902664, 0.0012009241618216038, 0.0014738313620910048, 0.0007971684099175036], [0.00038347963709384203, 0.0005778096383437514, 0.0008719715988263488, 0.0014738313620910048, 0.0025171490851789713, 0.0019015144789591432], [0.0005907195736654103, 0.0008041098481044173, 0.0009895300026983023, 0.0007971684099175036, 0.0019015144789591432, 0.0021573221310973167]]</COVARIANCE_MATRIX>
		<ROI_SIZE>14900</ROI_SIZE>
		<MAX_VALUE>[0.20984265, 0.22283174, 0.23657377, 0.29726887, 0.346552, 0.34042218]</MAX_VALUE>
		<MIN_VALUE>[0.11367696, 0.0914084, 0.0765589, 0.07030581, 0.01715263, 0.0096448995]</MIN_VALUE>
		<SIGNATURE_THRESHOLD_MD>0.0</SIGNATURE_THRESHOLD_MD>
		<SIGNATURE_THRESHOLD_ML>0.0</SIGNATURE_THRESHOLD_ML>
		<SIGNATURE_THRESHOLD_SAM>0.0</SIGNATURE_THRESHOLD_SAM>
	</signature>
	<signature ID="20210609_175831801197_718">
		<MACROCLASSID>3</MACROCLASSID>
		<MACROCLASSINFO>bareland</MACROCLASSINFO>
		<CLASSID>15</CLASSID>
		<CLASSINFO>C 1</CLASSINFO>
		<VALUES>[0.14155446, 0.014698112, 0.13420016, 0.0184701, 0.1334228, 0.022164833, 0.18156557, 0.04036468, 0.19962567, 0.054177605, 0.15236665, 0.04746503]</VALUES>
		<LCS_MIN>[0.11542544, 0.0914084, 0.0734817, 0.0549185, 0.0072458796, 0.0]</LCS_MIN>
		<LCS_MAX>[0.2080942, 0.21553043, 0.22118774, 0.30111566, 0.33416858, 0.3333087]</LCS_MAX>
		<WAVELENGTH>[0.485, 0.56, 0.66, 0.83, 1.65, 2.215]</WAVELENGTH>
		<MEAN_VALUE>[0.14155446, 0.13420016, 0.1334228, 0.18156557, 0.19962567, 0.15236665]</MEAN_VALUE>
		<CHECKBOX>2</CHECKBOX>
		<SD>[0.014698112, 0.0184701, 0.022164833, 0.04036468, 0.054177605, 0.04746503]</SD>
		<WAVELENGTH_UNIT>E-6m</WAVELENGTH_UNIT>
		<COLOR>#5d4f1f</COLOR>
		<COVARIANCE_MATRIX>[[0.0002160490839742124, 0.0002619385486468673, 0.0002730063279159367, 9.388972830493003e-05, 0.0003687083371914923, 0.0005720891640521586], [0.0002619385486468673, 0.00034116761526092887, 0.000372961163520813, 0.0002200805174652487, 0.0005711218691430986, 0.0007550327572971582], [0.0002730063279159367, 0.000372961163520813, 0.0004913128213956952, 0.0005021119141019881, 0.0009531350224278867, 0.0009502706816419959], [9.388972830493003e-05, 0.0002200805174652487, 0.0005021119141019881, 0.0016294174129143357, 0.0018672167789191008, 0.0009490929078310728], [0.0003687083371914923, 0.0005711218691430986, 0.0009531350224278867, 0.0018672167789191008, 0.0029354109428822994, 0.002115599811077118], [0.0005720891640521586, 0.0007550327572971582, 0.0009502706816419959, 0.0009490929078310728, 0.002115599811077118, 0.002253080951049924]]</COVARIANCE_MATRIX>
		<ROI_SIZE>14829</ROI_SIZE>
		<MAX_VALUE>[0.2080942, 0.21553043, 0.22118774, 0.30111566, 0.33416858, 0.3333087]</MAX_VALUE>
		<MIN_VALUE>[0.11542544, 0.0914084, 0.0734817, 0.0549185, 0.0072458796, 0.0]</MIN_VALUE>
		<SIGNATURE_THRESHOLD_MD>0.0</SIGNATURE_THRESHOLD_MD>
		<SIGNATURE_THRESHOLD_ML>0.0</SIGNATURE_THRESHOLD_ML>
		<SIGNATURE_THRESHOLD_SAM>0.0</SIGNATURE_THRESHOLD_SAM>
	</signature>
	<signature ID="20210609_180646958060_507">
		<MACROCLASSID>3</MACROCLASSID>
		<MACROCLASSINFO>bareland</MACROCLASSINFO>
		<CLASSID>16</CLASSID>
		<CLASSINFO>C 1</CLASSINFO>
		<VALUES>[0.12763238, 0.0033697048, 0.11963325, 0.005525034, 0.10809363, 0.007863296, 0.23261736, 0.016000144, 0.12220249, 0.019433506, 0.06751295, 0.011998942]</VALUES>
		<LCS_MIN>[0.11542544, 0.09505905, 0.07963611, 0.1318551, 0.041919496, 0.023871876]</LCS_MIN>
		<LCS_MAX>[0.1381555, 0.13521619, 0.13194865, 0.28188154, 0.1954741, 0.11634725]</LCS_MAX>
		<WAVELENGTH>[0.485, 0.56, 0.66, 0.83, 1.65, 2.215]</WAVELENGTH>
		<MEAN_VALUE>[0.12763238, 0.11963325, 0.10809363, 0.23261736, 0.12220249, 0.06751295]</MEAN_VALUE>
		<CHECKBOX>2</CHECKBOX>
		<SD>[0.0033697048, 0.005525034, 0.007863296, 0.016000144, 0.019433506, 0.011998942]</SD>
		<WAVELENGTH_UNIT>E-6m</WAVELENGTH_UNIT>
		<COLOR>#b6d9cb</COLOR>
		<COVARIANCE_MATRIX>[[1.1357194125594106e-05, 1.1798858395195566e-05, 1.5329698726418428e-05, 1.667424658080563e-05, 2.3201906515168957e-05, 1.6864707504282705e-05], [1.1798858395195566e-05, 3.0532133678207174e-05, 3.6682900827145204e-05, 5.2877723646815866e-05, 5.961342321825214e-05, 4.032025026390329e-05], [1.5329698726418428e-05, 3.6682900827145204e-05, 6.184385711094365e-05, 6.806285091442987e-05, 8.403441461268812e-05, 5.937624518992379e-05], [1.667424658080563e-05, 5.2877723646815866e-05, 6.806285091442987e-05, 0.00025605602422729135, 0.0002352981682633981, 0.00012828377657569945], [2.3201906515168957e-05, 5.961342321825214e-05, 8.403441461268812e-05, 0.0002352981682633981, 0.0003777370438911021, 0.00021956133423373103], [1.6864707504282705e-05, 4.032025026390329e-05, 5.937624518992379e-05, 0.00012828377657569945, 0.00021956133423373103, 0.00014400352665688843]]</COVARIANCE_MATRIX>
		<ROI_SIZE>4975</ROI_SIZE>
		<MAX_VALUE>[0.1381555, 0.13521619, 0.13194865, 0.28188154, 0.1954741, 0.11634725]</MAX_VALUE>
		<MIN_VALUE>[0.11542544, 0.09505905, 0.07963611, 0.1318551, 0.041919496, 0.023871876]</MIN_VALUE>
		<SIGNATURE_THRESHOLD_MD>0.0</SIGNATURE_THRESHOLD_MD>
		<SIGNATURE_THRESHOLD_ML>0.0</SIGNATURE_THRESHOLD_ML>
		<SIGNATURE_THRESHOLD_SAM>0.0</SIGNATURE_THRESHOLD_SAM>
	</signature>
	<signature ID="20210609_182800177832_252">
		<MACROCLASSID>3</MACROCLASSID>
		<MACROCLASSINFO>bareland</MACROCLASSINFO>
		<CLASSID>17</CLASSID>
		<CLASSINFO>C 1</CLASSINFO>
		<VALUES>[0.13767542, 0.010481109, 0.12552544, 0.01134585, 0.13091984, 0.012719694, 0.20576541, 0.019988708, 0.20997462, 0.049838748, 0.13957562, 0.03564225]</VALUES>
		<LCS_MIN>[0.120670825, 0.098709695, 0.08579054, 0.11646779, 0.046872877, 0.023871876]</LCS_MIN>
		<LCS_MAX>[0.25879973, 0.2447356, 0.23657377, 0.3318903, 0.30692503, 0.2301631]</LCS_MAX>
		<WAVELENGTH>[0.485, 0.56, 0.66, 0.83, 1.65, 2.215]</WAVELENGTH>
		<MEAN_VALUE>[0.13767542, 0.12552544, 0.13091984, 0.20576541, 0.20997462, 0.13957562]</MEAN_VALUE>
		<CHECKBOX>2</CHECKBOX>
		<SD>[0.010481109, 0.01134585, 0.012719694, 0.019988708, 0.049838748, 0.03564225]</SD>
		<WAVELENGTH_UNIT>E-6m</WAVELENGTH_UNIT>
		<COLOR>#d78e19</COLOR>
		<COVARIANCE_MATRIX>[[0.00010986159031745046, 0.00011091234046034515, 0.00010074271267512813, 0.00013987976126372814, 0.00015542372420895845, 0.00012674300523940474], [0.00011091234046034515, 0.0001287376508116722, 0.00012663887173403054, 0.0001825375948101282, 0.00026764909853227437, 0.0002047848975053057], [0.00010074271267512813, 0.00012663887173403054, 0.00016180233797058463, 0.00022154967882670462, 0.0004451796121429652, 0.0003287453146185726], [0.00013987976126372814, 0.0001825375948101282, 0.00022154967882670462, 0.0003995773149654269, 0.0007067403639666736, 0.0004971168236806989], [0.00015542372420895845, 0.00026764909853227437, 0.0004451796121429652, 0.0007067403639666736, 0.002484080381691456, 0.0017562671564519405], [0.00012674300523940474, 0.0002047848975053057, 0.0003287453146185726, 0.0004971168236806989, 0.0017562671564519405, 0.0012704620603471994]]</COVARIANCE_MATRIX>
		<ROI_SIZE>13836</ROI_SIZE>
		<MAX_VALUE>[0.25879973, 0.2447356, 0.23657377, 0.3318903, 0.30692503, 0.2301631]</MAX_VALUE>
		<MIN_VALUE>[0.120670825, 0.098709695, 0.08579054, 0.11646779, 0.046872877, 0.023871876]</MIN_VALUE>
		<SIGNATURE_THRESHOLD_MD>0.0</SIGNATURE_THRESHOLD_MD>
		<SIGNATURE_THRESHOLD_ML>0.0</SIGNATURE_THRESHOLD_ML>
		<SIGNATURE_THRESHOLD_SAM>0.0</SIGNATURE_THRESHOLD_SAM>
	</signature>
	<signature ID="20210609_183717463064_305">
		<MACROCLASSID>3</MACROCLASSID>
		<MACROCLASSINFO>bareland</MACROCLASSINFO>
		<CLASSID>18</CLASSID>
		<CLASSINFO>C 1</CLASSINFO>
		<VALUES>[0.13418852, 0.0035852082, 0.13203743, 0.006544001, 0.13331279, 0.011503814, 0.25582922, 0.02087402, 0.1886038, 0.01899867, 0.11515415, 0.013837019]</VALUES>
		<LCS_MIN>[0.120670825, 0.106010996, 0.08886775, 0.16262977, 0.108790055, 0.05588258]</LCS_MIN>
		<LCS_MAX>[0.14340091, 0.14616811, 0.15348914, 0.30111566, 0.2400545, 0.15902819]</LCS_MAX>
		<WAVELENGTH>[0.485, 0.56, 0.66, 0.83, 1.65, 2.215]</WAVELENGTH>
		<MEAN_VALUE>[0.13418852, 0.13203743, 0.13331279, 0.25582922, 0.1886038, 0.11515415]</MEAN_VALUE>
		<CHECKBOX>2</CHECKBOX>
		<SD>[0.0035852082, 0.006544001, 0.011503814, 0.02087402, 0.01899867, 0.013837019]</SD>
		<WAVELENGTH_UNIT>E-6m</WAVELENGTH_UNIT>
		<COLOR>#a2c458</COLOR>
		<COVARIANCE_MATRIX>[[1.286392034671735e-05, 1.759297629178036e-05, 3.3910528145497665e-05, 4.070416616741568e-05, 4.728949716081843e-05, 3.379544796189293e-05], [1.759297629178036e-05, 4.285794057068415e-05, 6.800681876484305e-05, 0.00010747567284852266, 9.053108806256205e-05, 6.0858597862534225e-05], [3.3910528145497665e-05, 6.800681876484305e-05, 0.00013244275760371238, 0.00016440761100966483, 0.00017163412121590227, 0.0001218397737829946], [4.070416616741568e-05, 0.00010747567284852266, 0.00016440761100966483, 0.0004360705497674644, 0.0002220951864728704, 0.00011992849613307044], [4.728949716081843e-05, 9.053108806256205e-05, 0.00017163412121590227, 0.0002220951864728704, 0.00036123587051406503, 0.0002482976415194571], [3.379544796189293e-05, 6.0858597862534225e-05, 0.0001218397737829946, 0.00011992849613307044, 0.0002482976415194571, 0.000191615050425753]]</COVARIANCE_MATRIX>
		<ROI_SIZE>1261</ROI_SIZE>
		<MAX_VALUE>[0.14340091, 0.14616811, 0.15348914, 0.30111566, 0.2400545, 0.15902819]</MAX_VALUE>
		<MIN_VALUE>[0.120670825, 0.106010996, 0.08886775, 0.16262977, 0.108790055, 0.05588258]</MIN_VALUE>
		<SIGNATURE_THRESHOLD_MD>0.0</SIGNATURE_THRESHOLD_MD>
		<SIGNATURE_THRESHOLD_ML>0.0</SIGNATURE_THRESHOLD_ML>
		<SIGNATURE_THRESHOLD_SAM>0.0</SIGNATURE_THRESHOLD_SAM>
	</signature>
	<signature ID="20210609_184251502814_120">
		<MACROCLASSID>3</MACROCLASSID>
		<MACROCLASSINFO>bareland</MACROCLASSINFO>
		<CLASSID>19</CLASSID>
		<CLASSINFO>C 1</CLASSINFO>
		<VALUES>[0.13322215, 0.0040994994, 0.1269302, 0.00797499, 0.13154374, 0.012781969, 0.23151584, 0.02678439, 0.19626075, 0.038694445, 0.12462631, 0.028100528]</VALUES>
		<LCS_MIN>[0.117173895, 0.098709695, 0.08271332, 0.12800828, 0.05182625, 0.023871876]</LCS_MIN>
		<LCS_MAX>[0.14689784, 0.14616811, 0.15964355, 0.30111566, 0.30444837, 0.20526588]</LCS_MAX>
