<?xml version="1.0" ?>
<signaturelist MCID_LIST="[['1', 'waterbody', '#0000ff'], ['2', 'vegetation', '#00ff00'], ['3', 'bareland', '#ffaa00'], ['4', 'built-up', '#ff0000']]">
	<signature ID="20210208_150830418623_566">
		<MACROCLASSID>1</MACROCLASSID>
		<MACROCLASSINFO>waterbody</MACROCLASSINFO>
		<CLASSID>1</CLASSID>
		<CLASSINFO>C 1</CLASSINFO>
		<VALUES>[0.1450529013616099, 0.002366849270898769, 0.13546919539885607, 0.0034550923302964433, 0.12994771582979545, 0.0039491746670312034, 0.086343803776192, 0.014629120175058878, 0.023480639823148363, 0.01959499798271265, 0.015083789582115047, 0.01639595155520068]</VALUES>
		<LCS_MIN>[0.1349131315946579, 0.11868344992399216, 0.10622797906398773, 0.0699959248304367, 0.008100375533103943, 0.0]</LCS_MIN>
		<LCS_MAX>[0.1571885049343109, 0.14849214255809784, 0.14750917255878448, 0.15600556135177612, 0.10500695556402206, 0.09825843572616577]</LCS_MAX>
		<WAVELENGTH>[0.485, 0.56, 0.66, 0.83, 1.65, 2.215]</WAVELENGTH>
		<MEAN_VALUE>[0.1450529013616099, 0.13546919539885607, 0.12994771582979545, 0.086343803776192, 0.023480639823148363, 0.015083789582115047]</MEAN_VALUE>
		<CHECKBOX>2</CHECKBOX>
		<SD>[0.002366849270898769, 0.0034550923302964433, 0.0039491746670312034, 0.014629120175058878, 0.01959499798271265, 0.01639595155520068]</SD>
		<WAVELENGTH_UNIT>E-6m</WAVELENGTH_UNIT>
		<COLOR>#cd4447</COLOR>
		<COVARIANCE_MATRIX>[[5.559250083928118e-06, 3.1006883615415165e-06, 3.7676942837172853e-06, 1.342979281356668e-06, 5.15848083579291e-06, 5.646559311893281e-06], [3.1006883615415165e-06, 9.716914394109575e-06, 6.0599486154404606e-06, -8.995246134018487e-06, -5.8914881575352625e-06, -2.657785747278934e-06], [3.7676942837172853e-06, 6.0599486154404606e-06, 1.6245526486912993e-05, -3.3193330009328014e-06, -2.550130492015951e-06, 5.733113195629857e-07], [1.342979281356668e-06, -8.995246134018487e-06, -3.3193330009328014e-06, 0.00023007709109023418, 0.00027226643536489237, 0.00021097986499829334], [5.15848083579291e-06, -5.8914881575352625e-06, -2.550130492015951e-06, 0.00027226643536489237, 0.00038506100535910765, 0.0003002060161245432], [5.646559311893281e-06, -2.657785747278934e-06, 5.733113195629857e-07, 0.00021097986499829334, 0.0003002060161245432, 0.0002564040542004783]]</COVARIANCE_MATRIX>
		<ROI_SIZE>9645</ROI_SIZE>
		<MAX_VALUE>[0.1571885049343109, 0.14849214255809784, 0.14750917255878448, 0.15600556135177612, 0.10500695556402206, 0.09825843572616577]</MAX_VALUE>
		<MIN_VALUE>[0.1349131315946579, 0.11868344992399216, 0.10622797906398773, 0.0699959248304367, 0.008100375533103943, 0.0]</MIN_VALUE>
		<SIGNATURE_THRESHOLD_MD>0</SIGNATURE_THRESHOLD_MD>
		<SIGNATURE_THRESHOLD_ML>0</SIGNATURE_THRESHOLD_ML>
		<SIGNATURE_THRESHOLD_SAM>0</SIGNATURE_THRESHOLD_SAM>
	</signature>
	<signature ID="20210208_150841347384_923">
		<MACROCLASSID>1</MACROCLASSID>
		<MACROCLASSINFO>waterbody</MACROCLASSINFO>
		<CLASSID>2</CLASSID>
		<CLASSINFO>C 1</CLASSINFO>
		<VALUES>[0.1418283578278362, 0.0023589876295768857, 0.1346642096117499, 0.0038283960239019954, 0.12675557433839008, 0.005211011034827182, 0.07813983170162667, 0.014724971227267354, 0.022382894701409906, 0.018044873956009292, 0.014252044632131075, 0.014710129518600845]</VALUES>
		<LCS_MIN>[0.13319964706897736, 0.10750520974397659, 0.08902747929096222, 0.061394959688186646, 0.005331616383045912, 0.0]</LCS_MIN>
		<LCS_MAX>[0.148621067404747, 0.14103996753692627, 0.1371888816356659, 0.15600556135177612, 0.09946944564580917, 0.09030605852603912]</LCS_MAX>
		<WAVELENGTH>[0.485, 0.56, 0.66, 0.83, 1.65, 2.215]</WAVELENGTH>
		<MEAN_VALUE>[0.1418283578278362, 0.1346642096117499, 0.12675557433839008, 0.07813983170162667, 0.022382894701409906, 0.014252044632131075]</MEAN_VALUE>
		<CHECKBOX>2</CHECKBOX>
		<SD>[0.0023589876295768857, 0.0038283960239019954, 0.005211011034827182, 0.014724971227267354, 0.018044873956009292, 0.014710129518600845]</SD>
		<WAVELENGTH_UNIT>E-6m</WAVELENGTH_UNIT>
		<COLOR>#eb7ec3</COLOR>
		<COVARIANCE_MATRIX>[[5.394322687621795e-06, 2.2386470035458623e-06, 3.1703950237280676e-06, -2.88750315254226e-06, -1.2882923587030118e-06, 1.0107825149158493e-08], [2.2386470035458623e-06, 9.518795920105167e-06, 6.78280045559027e-06, -1.52855485618957e-05, -1.756499282573754e-05, -1.2805296556574484e-05], [3.1703950237280676e-06, 6.78280045559027e-06, 1.680397261781822e-05, -1.5178868450035354e-05, -1.7251100779641978e-05, -1.1495192376606328e-05], [-2.88750315254226e-06, -1.52855485618957e-05, -1.5178868450035354e-05, 0.00021223241001962898, 0.00022634717603341314, 0.00016501985368670604], [-1.2882923587030118e-06, -1.756499282573754e-05, -1.7251100779641978e-05, 0.00022634717603341314, 0.00029145167270770565, 0.00021477552830884784], [1.0107825149158493e-08, -1.2805296556574484e-05, -1.1495192376606328e-05, 0.00016501985368670604, 0.00021477552830884784, 0.0001797303480538156]]</COVARIANCE_MATRIX>
		<ROI_SIZE>12250</ROI_SIZE>
		<MAX_VALUE>[0.148621067404747, 0.14103996753692627, 0.1371888816356659, 0.15600556135177612, 0.09946944564580917, 0.09030605852603912]</MAX_VALUE>
		<MIN_VALUE>[0.13319964706897736, 0.10750520974397659, 0.08902747929096222, 0.061394959688186646, 0.005331616383045912, 0.0]</MIN_VALUE>
		<SIGNATURE_THRESHOLD_MD>0</SIGNATURE_THRESHOLD_MD>
		<SIGNATURE_THRESHOLD_ML>0</SIGNATURE_THRESHOLD_ML>
		<SIGNATURE_THRESHOLD_SAM>0</SIGNATURE_THRESHOLD_SAM>
	</signature>
	<signature ID="20210208_150848928297_830">
		<MACROCLASSID>1</MACROCLASSID>
		<MACROCLASSINFO>waterbody</MACROCLASSINFO>
		<CLASSID>3</CLASSID>
		<CLASSINFO>C 1</CLASSINFO>
		<VALUES>[0.14018647448423724, 0.0023106172469579854, 0.1319472530587792, 0.0037533774011767737, 0.12538155243996, 0.005047365678527685, 0.08288203564982148, 0.018742721178114433, 0.0261590049420309, 0.021394718573156092, 0.016294605443137898, 0.01640964545641774]</VALUES>
		<LCS_MIN>[0.12977266311645508, 0.10377912223339081, 0.09246758371591568, 0.061394959688186646, 0.005331616383045912, 0.0]</LCS_MIN>
		<LCS_MAX>[0.15033455193042755, 0.14476604759693146, 0.14062899351119995, 0.15600556135177612, 0.10500695556402206, 0.09428224712610245]</LCS_MAX>
		<WAVELENGTH>[0.485, 0.56, 0.66, 0.83, 1.65, 2.215]</WAVELENGTH>
		<MEAN_VALUE>[0.14018647448423724, 0.1319472530587792, 0.12538155243996, 0.08288203564982148, 0.0261590049420309, 0.016294605443137898]</MEAN_VALUE>
		<CHECKBOX>2</CHECKBOX>
		<SD>[0.0023106172469579854, 0.0037533774011767737, 0.005047365678527685, 0.018742721178114433, 0.021394718573156092, 0.01640964545641774]</SD>
		<WAVELENGTH_UNIT>E-6m</WAVELENGTH_UNIT>
		<COLOR>#51ec4d</COLOR>
		<COVARIANCE_MATRIX>[[4.621039702866774e-06, 1.75958381678295e-06, 1.691555668445698e-06, -4.268045984097345e-06, -2.5716214880612224e-06, -1.0783706938230668e-06], [1.75958381678295e-06, 8.122141325968905e-06, 4.370792122004823e-06, -1.923518123610212e-05, -1.8916547282822295e-05, -1.2879857273295136e-05], [1.691555668445698e-06, 4.370792122004823e-06, 1.629853231046434e-05, -1.9355201892792544e-05, -2.398405255888442e-05, -1.5225303640293907e-05], [-4.268045984097345e-06, -1.923518123610212e-05, -1.9355201892792544e-05, 0.0003105950928111894, 0.00031128166614582015, 0.0002133723414071288], [-2.5716214880612224e-06, -1.8916547282822295e-05, -2.398405255888442e-05, 0.00031128166614582015, 0.0003687615059249517, 0.0002543852367957909], [-1.0783706938230668e-06, -1.2879857273295136e-05, -1.5225303640293907e-05, 0.0002133723414071288, 0.0002543852367957909, 0.0001969495658824131]]</COVARIANCE_MATRIX>
		<ROI_SIZE>8160</ROI_SIZE>
		<MAX_VALUE>[0.15033455193042755, 0.14476604759693146, 0.14062899351119995, 0.15600556135177612, 0.10500695556402206, 0.09428224712610245]</MAX_VALUE>
		<MIN_VALUE>[0.12977266311645508, 0.10377912223339081, 0.09246758371591568, 0.061394959688186646, 0.005331616383045912, 0.0]</MIN_VALUE>
		<SIGNATURE_THRESHOLD_MD>0</SIGNATURE_THRESHOLD_MD>
		<SIGNATURE_THRESHOLD_ML>0</SIGNATURE_THRESHOLD_ML>
		<SIGNATURE_THRESHOLD_SAM>0</SIGNATURE_THRESHOLD_SAM>
	</signature>
	<signature ID="20210208_150931607503_666">
		<MACROCLASSID>1</MACROCLASSID>
		<MACROCLASSINFO>waterbody</MACROCLASSINFO>
		<CLASSID>4</CLASSID>
		<CLASSINFO>C 1</CLASSINFO>
		<VALUES>[0.14147632749995767, 0.0030744082441291802, 0.13220198873618577, 0.004983974430935608, 0.12235267199350103, 0.008950391751961342, 0.06639133543980237, 0.01156453145550501, 0.010614074026469642, 0.003756963506673693, 0.006339353885727412, 0.0033149655072128963]</VALUES>
		<LCS_MIN>[0.13319964706897736, 0.11123129725456238, 0.10622797906398773, 0.044193025678396225, 0.002562857000157237, 0.0]</LCS_MIN>
		<LCS_MAX>[0.16918295621871948, 0.1633964478969574, 0.15782947838306427, 0.09579882025718689, 0.03855672851204872, 0.026687055826187134]</LCS_MAX>
		<WAVELENGTH>[0.485, 0.56, 0.66, 0.83, 1.65, 2.215]</WAVELENGTH>
		<MEAN_VALUE>[0.14147632749995767, 0.13220198873618577, 0.12235267199350103, 0.06639133543980237, 0.010614074026469642, 0.006339353885727412]</MEAN_VALUE>
		<CHECKBOX>2</CHECKBOX>
		<SD>[0.0030744082441291802, 0.004983974430935608, 0.008950391751961342, 0.01156453145550501, 0.003756963506673693, 0.0033149655072128963]</SD>
		<WAVELENGTH_UNIT>E-6m</WAVELENGTH_UNIT>
		<COLOR>#fa73e6</COLOR>
		<COVARIANCE_MATRIX>[[9.48618440160614e-06, 8.692444052500503e-06, 1.245666546395854e-05, 3.5763109523899044e-06, 1.072236086194782e-06, 3.0248837693362797e-07], [8.692444052500503e-06, 2.3895691373676426e-05, 3.0102765643074515e-05, 1.7695550611330995e-06, -9.116914548982583e-07, -8.76519043740952e-07], [1.245666546395854e-05, 3.0102765643074515e-05, 7.739662247161302e-05, 5.043430391919048e-05, 3.024080092384445e-06, 5.534747523045588e-07], [3.5763109523899044e-06, 1.7695550611330995e-06, 5.043430391919048e-05, 0.00012763864180715334, 1.7816015244690777e-05, 7.946472844554432e-06], [1.072236086194782e-06, -9.116914548982583e-07, 3.024080092384445e-06, 1.7816015244690777e-05, 1.3935199612100642e-05, 4.877689383112641e-06], [3.0248837693362797e-07, -8.76519043740952e-07, 5.534747523045588e-07, 7.946472844554432e-06, 4.877689383112641e-06, 1.1716610770608217e-05]]</COVARIANCE_MATRIX>
		<ROI_SIZE>45201</ROI_SIZE>
		<MAX_VALUE>[0.16918295621871948, 0.1633964478969574, 0.15782947838306427, 0.09579882025718689, 0.03855672851204872, 0.026687055826187134]</MAX_VALUE>
		<MIN_VALUE>[0.13319964706897736, 0.11123129725456238, 0.10622797906398773, 0.044193025678396225, 0.002562857000157237, 0.0]</MIN_VALUE>
		<SIGNATURE_THRESHOLD_MD>0</SIGNATURE_THRESHOLD_MD>
		<SIGNATURE_THRESHOLD_ML>0</SIGNATURE_THRESHOLD_ML>
		<SIGNATURE_THRESHOLD_SAM>0</SIGNATURE_THRESHOLD_SAM>
	</signature>
	<signature ID="20210208_151010149516_222">
		<MACROCLASSID>1</MACROCLASSID>
		<MACROCLASSINFO>waterbody</MACROCLASSINFO>
		<CLASSID>5</CLASSID>
		<CLASSINFO>C 1</CLASSINFO>
		<VALUES>[0.14073721579039125, 0.002390986599013587, 0.12747286488577864, 0.003435876866948956, 0.1115559449984014, 0.003488110901673554, 0.07338236541672248, 0.013025801841466228, 0.025301414343953568, 0.013020561623283175, 0.01611821486481599, 0.01017482555645746]</VALUES>
		<LCS_MIN>[0.13148616254329681, 0.11123129725456238, 0.09246758371591568, 0.057094473391771317, 0.010869136080145836, 0.0]</LCS_MIN>
		<LCS_MAX>[0.148621067404747, 0.1373138576745987, 0.12342848628759384, 0.11300074309110641, 0.0690130814909935, 0.05849654972553253]</LCS_MAX>
		<WAVELENGTH>[0.485, 0.56, 0.66, 0.83, 1.65, 2.215]</WAVELENGTH>
		<MEAN_VALUE>[0.14073721579039125, 0.12747286488577864, 0.1115559449984014, 0.07338236541672248, 0.025301414343953568, 0.01611821486481599]</MEAN_VALUE>
		<CHECKBOX>2</CHECKBOX>
		<SD>[0.002390986599013587, 0.003435876866948956, 0.003488110901673554, 0.013025801841466228, 0.013020561623283175, 0.01017482555645746]</SD>
		<WAVELENGTH_UNIT>E-6m</WAVELENGTH_UNIT>
		<COLOR>#f3876b</COLOR>
		<COVARIANCE_MATRIX>[[5.7299007841876155e-06, 3.032688796202687e-06, 1.8667489991554357e-06, -2.7277878497715e-06, -3.4512745463050575e-07, 4.337946931049138e-07], [3.032688796202687e-06, 1.077007707188335e-05, 4.580240622744844e-06, -7.219377543837229e-06, -3.8065451457753423e-06, -1.7310751312026852e-06], [1.8667489991554357e-06, 4.580240622744844e-06, 1.1718451599825598e-05, 1.8269805434533524e-06, 3.849518106323552e-06, 4.1439122599554565e-06], [-2.7277878497715e-06, -7.219377543837229e-06, 1.8269805434533524e-06, 0.0001397286739479364, 0.00012222155998413225, 8.828606903347138e-05], [-3.4512745463050575e-07, -3.8065451457753423e-06, 3.849518106323552e-06, 0.00012222155998413225, 0.0001424508329388427, 9.698878312645804e-05], [4.337946931049138e-07, -1.7310751312026852e-06, 4.1439122599554565e-06, 8.828606903347138e-05, 9.698878312645804e-05, 8.514933802067305e-05]]</COVARIANCE_MATRIX>
		<ROI_SIZE>3981</ROI_SIZE>
		<MAX_VALUE>[0.148621067404747, 0.1373138576745987, 0.12342848628759384, 0.11300074309110641, 0.0690130814909935, 0.05849654972553253]</MAX_VALUE>
		<MIN_VALUE>[0.13148616254329681, 0.11123129725456238, 0.09246758371591568, 0.057094473391771317, 0.010869136080145836, 0.0]</MIN_VALUE>
		<SIGNATURE_THRESHOLD_MD>0</SIGNATURE_THRESHOLD_MD>
		<SIGNATURE_THRESHOLD_ML>0</SIGNATURE_THRESHOLD_ML>
		<SIGNATURE_THRESHOLD_SAM>0</SIGNATURE_THRESHOLD_SAM>
	</signature>
	<signature ID="20210208_151027415550_773">
		<MACROCLASSID>1</MACROCLASSID>
		<MACROCLASSINFO>waterbody</MACROCLASSINFO>
		<CLASSID>6</CLASSID>
		<CLASSINFO>C 1</CLASSINFO>
		<VALUES>[0.14203510298308428, 0.0022651713345083, 0.1334203953131067, 0.002505697524155162, 0.1272635374298803, 0.0038661358370872174, 0.07662911278299503, 0.009035708649747834, 0.01942418739602543, 0.009424336785283139, 0.011573480475483192, 0.0069537638330930485]</VALUES>
		<LCS_MIN>[0.13662661612033844, 0.12240953743457794, 0.11310818046331406, 0.057094473391771317, 0.008100375533103943, 0.0]</LCS_MIN>
		<LCS_MAX>[0.148621067404747, 0.14103996753692627, 0.13374878466129303, 0.1259021908044815, 0.06624433398246765, 0.05054417997598648]</LCS_MAX>
		<WAVELENGTH>[0.485, 0.56, 0.66, 0.83, 1.65, 2.215]</WAVELENGTH>
		<MEAN_VALUE>[0.14203510298308428, 0.1334203953131067, 0.1272635374298803, 0.07662911278299503, 0.01942418739602543, 0.011573480475483192]</MEAN_VALUE>
		<CHECKBOX>2</CHECKBOX>
		<SD>[0.0022651713345083, 0.002505697524155162, 0.0038661358370872174, 0.009035708649747834, 0.009424336785283139, 0.0069537638330930485]</SD>
		<WAVELENGTH_UNIT>E-6m</WAVELENGTH_UNIT>
		<COLOR>#51bfee</COLOR>
		<COVARIANCE_MATRIX>[[4.7315851571707635e-06, 1.2570158049957081e-06, 2.292394900427419e-06, -1.09725247907949e-06, -8.369554338860956e-07, -1.5489718759205102e-07], [1.2570158049957081e-06, 5.825727461222192e-06, 3.1415324749960842e-06, -4.533886220856438e-06, -4.042218906112934e-06, -2.2953035585036427e-06], [2.292394900427419e-06, 3.1415324749960842e-06, 1.2719326699167788e-05, -6.293382110537325e-06, -6.130454041557264e-06, -3.3514397174518753e-06], [-1.09725247907949e-06, -4.533886220856438e-06, -6.293382110537325e-06, 7.956193866872762e-05, 7.355623933349683e-05, 5.059267432368082e-05], [-8.369554338860956e-07, -4.042218906112934e-06, -6.130454041557264e-06, 7.355623933349683e-05, 9.298201451856204e-05, 5.9843962178389016e-05], [-1.5489718759205102e-07, -2.2953035585036427e-06, -3.3514397174518753e-06, 5.059267432368082e-05, 5.9843962178389016e-05, 5.4026594945763533e-05]]</COVARIANCE_MATRIX>
		<ROI_SIZE>7371</ROI_SIZE>
		<MAX_VALUE>[0.148621067404747, 0.14103996753692627, 0.13374878466129303, 0.1259021908044815, 0.06624433398246765, 0.05054417997598648]</MAX_VALUE>
		<MIN_VALUE>[0.13662661612033844, 0.12240953743457794, 0.11310818046331406, 0.057094473391771317, 0.008100375533103943, 0.0]</MIN_VALUE>
		<SIGNATURE_THRESHOLD_MD>0</SIGNATURE_THRESHOLD_MD>
		<SIGNATURE_THRESHOLD_ML>0</SIGNATURE_THRESHOLD_ML>
		<SIGNATURE_THRESHOLD_SAM>0</SIGNATURE_THRESHOLD_SAM>
	</signature>
	<signature ID="20210208_151051575854_527">
		<MACROCLASSID>1</MACROCLASSID>
		<MACROCLASSINFO>waterbody</MACROCLASSINFO>
		<CLASSID>7</CLASSID>
		<CLASSINFO>C 1</CLASSINFO>
		<VALUES>[0.14272840015463925, 0.002247779289267432, 0.13493928164243713, 0.0027798022673102126, 0.13961444588030802, 0.005823394360503646, 0.09623615038344412, 0.010033955958791791, 0.019320890873717925, 0.0067756948937955, 0.011585317024866407, 0.005535163497663745]</VALUES>
		<LCS_MIN>[0.13662661612033844, 0.12613563239574432, 0.11998838931322098, 0.07859687507152557, 0.002562857000157237, 0.0]</LCS_MIN>
		<LCS_MAX>[0.15033455193042755, 0.14476604759693146, 0.1543893963098526, 0.11730121821165085, 0.04963177070021629, 0.03463942930102348]</LCS_MAX>
		<WAVELENGTH>[0.485, 0.56, 0.66, 0.83, 1.65, 2.215]</WAVELENGTH>
		<MEAN_VALUE>[0.14272840015463925, 0.13493928164243713, 0.13961444588030802, 0.09623615038344412, 0.019320890873717925, 0.011585317024866407]</MEAN_VALUE>
		<CHECKBOX>2</CHECKBOX>
		<SD>[0.002247779289267432, 0.0027798022673102126, 0.005823394360503646, 0.010033955958791791, 0.0067756948937955, 0.005535163497663745]</SD>
		<WAVELENGTH_UNIT>E-6m</WAVELENGTH_UNIT>
		<COLOR>#c887d7</COLOR>
		<COVARIANCE_MATRIX>[[5.106833408996933e-06, 2.359343884907078e-06, 5.60812615830506e-06, 4.2818236724856156e-06, -2.2526670888318076e-06, -1.480305158161071e-06], [2.359343884907078e-06, 8.585571461178676e-06, 1.079449389107141e-05, 5.6859678222850425e-06, -6.342888627526703e-06, -3.7703735464037754e-06], [5.60812615830506e-06, 1.079449389107141e-05, 3.537579239197944e-05, 2.795186666178828e-05, -1.674975570378437e-05, -1.0525625628311342e-05], [4.2818236724856156e-06, 5.6859678222850425e-06, 2.795186666178828e-05, 9.471409488883963e-05, 1.6551554139602102e-05, 1.0428061018036853e-05], [-2.2526670888318076e-06, -6.342888627526703e-06, -1.674975570378437e-05, 1.6551554139602102e-05, 4.5370430430646374e-05, 2.6400650935806018e-05], [-1.480305158161071e-06, -3.7703735464037754e-06, -1.0525625628311342e-05, 1.0428061018036853e-05, 2.6400650935806018e-05, 2.81511894212346e-05]]</COVARIANCE_MATRIX>
		<ROI_SIZE>3476</ROI_SIZE>
		<MAX_VALUE>[0.15033455193042755, 0.14476604759693146, 0.1543893963098526, 0.11730121821165085, 0.04963177070021629, 0.03463942930102348]</MAX_VALUE>
		<MIN_VALUE>[0.13662661612033844, 0.12613563239574432, 0.11998838931322098, 0.07859687507152557, 0.002562857000157237, 0.0]</MIN_VALUE>
		<SIGNATURE_THRESHOLD_MD>0</SIGNATURE_THRESHOLD_MD>
		<SIGNATURE_THRESHOLD_ML>0</SIGNATURE_THRESHOLD_ML>
		<SIGNATURE_THRESHOLD_SAM>0</SIGNATURE_THRESHOLD_SAM>
	</signature>
	<signature ID="20210208_151101635109_280">
		<MACROCLASSID>1</MACROCLASSID>
		<MACROCLASSINFO>waterbody</MACROCLASSINFO>
		<CLASSID>8</CLASSID>
		<CLASSINFO>C 1</CLASSINFO>
		<VALUES>[0.14354461787548745, 0.00236083199563449, 0.13672766041087528, 0.0030307080761991442, 0.1384438306986993, 0.0035836747359932223, 0.08301153485255731, 0.006865908233070804, 0.014767723152507385, 0.0052450613162314174, 0.008505933432708859, 0.004343790738259911]</VALUES>
		<LCS_MIN>[0.13662661612033844, 0.1298617124557495, 0.12342848628759384, 0.0699959248304367, 0.005331616383045912, 0.0]</LCS_MIN>
		<LCS_MAX>[0.15033455193042755, 0.14849214255809784, 0.14750917255878448, 0.10439978539943695, 0.03855672851204872, 0.03066324256360531]</LCS_MAX>
		<WAVELENGTH>[0.485, 0.56, 0.66, 0.83, 1.65, 2.215]</WAVELENGTH>
		<MEAN_VALUE>[0.14354461787548745, 0.13672766041087528, 0.1384438306986993, 0.08301153485255731, 0.014767723152507385, 0.008505933432708859]</MEAN_VALUE>
		<CHECKBOX>2</CHECKBOX>
		<SD>[0.00236083199563449, 0.0030307080761991442, 0.0035836747359932223, 0.006865908233070804, 0.0052450613162314174, 0.004343790738259911]</SD>
		<WAVELENGTH_UNIT>E-6m</WAVELENGTH_UNIT>
		<COLOR>#4c1787</COLOR>
		<COVARIANCE_MATRIX>[[5.335205483881789e-06, 3.199181358192514e-06, 2.533807818980361e-06, -5.744587575692428e-06, -2.3089745114865097e-06, -1.417335795006849e-06], [3.199181358192514e-06, 1.0276152535227148e-05, 5.200817111901151e-06, -1.1905073306836427e-05, -5.579586425280923e-06, -3.549130799176701e-06], [2.533807818980361e-06, 5.200817111901151e-06, 1.1044806488499408e-05, -7.128731367717585e-06, -5.624993470123986e-06, -3.6059220936375423e-06], [-5.744587575692428e-06, -1.1905073306836427e-05, -7.128731367717585e-06, 4.7029409830396744e-05, 2.10118403942334e-05, 1.4029539865655965e-05], [-2.3089745114865097e-06, -5.579586425280923e-06, -5.624993470123986e-06, 2.10118403942334e-05, 2.5199045864713513e-05, 1.2724253253271063e-05], [-1.417335795006849e-06, -3.549130799176701e-06, -3.6059220936375423e-06, 1.4029539865655965e-05, 1.2724253253271063e-05, 1.8124195287664476e-05]]</COVARIANCE_MATRIX>
		<ROI_SIZE>5588</ROI_SIZE>
		<MAX_VALUE>[0.15033455193042755, 0.14849214255809784, 0.14750917255878448, 0.10439978539943695, 0.03855672851204872, 0.03066324256360531]</MAX_VALUE>
		<MIN_VALUE>[0.13662661612033844, 0.1298617124557495, 0.12342848628759384, 0.0699959248304367, 0.005331616383045912, 0.0]</MIN_VALUE>
		<SIGNATURE_THRESHOLD_MD>0</SIGNATURE_THRESHOLD_MD>
		<SIGNATURE_THRESHOLD_ML>0</SIGNATURE_THRESHOLD_ML>
		<SIGNATURE_THRESHOLD_SAM>0</SIGNATURE_THRESHOLD_SAM>
	</signature>
	<signature ID="20210208_151127763599_780">
		<MACROCLASSID>1</MACROCLASSID>
		<MACROCLASSINFO>waterbody</MACROCLASSINFO>
		<CLASSID>9</CLASSID>
		<CLASSINFO>C 1</CLASSINFO>
		<VALUES>[0.14042823897791554, 0.002127550075102769, 0.12103803582297028, 0.002520800189072585, 0.08990020749616219, 0.004839424738265947, 0.06033967171771613, 0.01107461181685172, 0.02093781585499254, 0.010494982435141041, 0.011989168922427167, 0.00733968928698712]</VALUES>
		<LCS_MIN>[0.1349131315946579, 0.10750520974397659, 0.08214728534221649, 0.044193025678396225, 0.008100375533103943, 0.0]</LCS_MIN>
		<LCS_MAX>[0.14690756797790527, 0.1298617124557495, 0.10622797906398773, 0.10009929537773132, 0.06347556412220001, 0.046567995101213455]</LCS_MAX>
		<WAVELENGTH>[0.485, 0.56, 0.66, 0.83, 1.65, 2.215]</WAVELENGTH>
		<MEAN_VALUE>[0.14042823897791554, 0.12103803582297028, 0.08990020749616219, 0.06033967171771613, 0.02093781585499254, 0.011989168922427167]</MEAN_VALUE>
		<CHECKBOX>2</CHECKBOX>
		<SD>[0.002127550075102769, 0.002520800189072585, 0.004839424738265947, 0.01107461181685172, 0.010494982435141041, 0.00733968928698712]</SD>
		<WAVELENGTH_UNIT>E-6m</WAVELENGTH_UNIT>
		<COLOR>#9ae034</COLOR>
		<COVARIANCE_MATRIX>[[4.674427663447572e-06, 1.209474541273548e-06, 6.986695774446599e-10, -1.5279795260988484e-06, -3.5947025386985317e-07, 1.2998876027611973e-07], [1.209474541273548e-06, 6.028904114850045e-06, 1.2804790828519904e-06, 6.226795488605956e-08, 9.107713663674269e-07, 1.1110802102812482e-06], [6.986695774446599e-10, 1.2804790828519904e-06, 1.8346677249492168e-05, 2.2056007404663895e-05, 1.9251210434237553e-05, 1.3362501633980333e-05], [-1.5279795260988484e-06, 6.226795488605956e-08, 2.2056007404663895e-05, 9.238410233741202e-05, 7.58533510863175e-05, 4.84985273572385e-05], [-3.5947025386985317e-07, 9.107713663674269e-07, 1.9251210434237553e-05, 7.58533510863175e-05, 8.703221303729439e-05, 5.331820849665921e-05], [1.2998876027611973e-07, 1.1110802102812482e-06, 1.3362501633980333e-05, 4.84985273572385e-05, 5.331820849665921e-05, 4.708700160088427e-05]]</COVARIANCE_MATRIX>
		<ROI_SIZE>6818</ROI_SIZE>
		<MAX_VALUE>[0.14690756797790527, 0.1298617124557495, 0.10622797906398773, 0.10009929537773132, 0.06347556412220001, 0.046567995101213455]</MAX_VALUE>
		<MIN_VALUE>[0.1349131315946579, 0.10750520974397659, 0.08214728534221649, 0.044193025678396225, 0.008100375533103943, 0.0]</MIN_VALUE>
		<SIGNATURE_THRESHOLD_MD>0</SIGNATURE_THRESHOLD_MD>
		<SIGNATURE_THRESHOLD_ML>0</SIGNATURE_THRESHOLD_ML>
		<SIGNATURE_THRESHOLD_SAM>0</SIGNATURE_THRESHOLD_SAM>
	</signature>
	<signature ID="20210208_151205172557_744">
		<MACROCLASSID>1</MACROCLASSID>
		<MACROCLASSINFO>waterbody</MACROCLASSINFO>
		<CLASSID>10</CLASSID>
		<CLASSINFO>C 1</CLASSINFO>
		<VALUES>[0.14253896887734196, 0.0027565935668160857, 0.12468787463779772, 0.0035411801828573604, 0.09728159635520946, 0.0071273264749732255, 0.06522944245498985, 0.009357266981464885, 0.023337124734424963, 0.008484026942753084, 0.0139214035019786, 0.0064679757512365885]</VALUES>
		<LCS_MIN>[0.1349131315946579, 0.11868344992399216, 0.08558739721775055, 0.052793990820646286, 0.008100375533103943, 0.002829933539032936]</LCS_MIN>
		<LCS_MAX>[0.15033455193042755, 0.1335877925157547, 0.11654828488826752, 0.08719784766435623, 0.04686300456523895, 0.03463942930102348]</LCS_MAX>
		<WAVELENGTH>[0.485, 0.56, 0.66, 0.83, 1.65, 2.215]</WAVELENGTH>
		<MEAN_VALUE>[0.14253896887734196, 0.12468787463779772, 0.09728159635520946, 0.06522944245498985, 0.023337124734424963, 0.0139214035019786]</MEAN_VALUE>
		<CHECKBOX>2</CHECKBOX>
		<SD>[0.0027565935668160857, 0.0035411801828573604, 0.0071273264749732255, 0.009357266981464885, 0.008484026942753084, 0.0064679757512365885]</SD>
		<WAVELENGTH_UNIT>E-6m</WAVELENGTH_UNIT>
		<COLOR>#a18c99</COLOR>
		<COVARIANCE_MATRIX>[[8.67188969277833e-06, 6.763641160766144e-06, 1.081402904462498e-05, 4.335262704424165e-06, -2.429639760258384e-06, -8.940644582199197e-07], [6.763641160766144e-06, 1.3822191154256282e-05, 1.5504154902179604e-05, 7.067110639277659e-06, -2.1102638231259e-06, -1.1921590103563406e-06], [1.081402904462498e-05, 1.5504154902179604e-05, 4.822967676635581e-05, 4.3137542176539176e-05, 8.8740673476998e-06, 5.8459132095865425e-06], [4.335262704424165e-06, 7.067110639277659e-06, 4.3137542176539176e-05, 9.414956451737054e-05, 5.1700141542395395e-05, 3.322954245488003e-05], [-2.429639760258384e-06, -2.1102638231259e-06, 8.8740673476998e-06, 5.1700141542395395e-05, 7.298576601772529e-05, 4.251746113206678e-05], [-8.940644582199197e-07, -1.1921590103563406e-06, 5.8459132095865425e-06, 3.322954245488003e-05, 4.251746113206678e-05, 4.182815298348244e-05]]</COVARIANCE_MATRIX>
		<ROI_SIZE>3190</ROI_SIZE>
		<MAX_VALUE>[0.15033455193042755, 0.1335877925157547, 0.11654828488826752, 0.08719784766435623, 0.04686300456523895, 0.03463942930102348]</MAX_VALUE>
		<MIN_VALUE>[0.1349131315946579, 0.11868344992399216, 0.08558739721775055, 0.052793990820646286, 0.008100375533103943, 0.002829933539032936]</MIN_VALUE>
		<SIGNATURE_THRESHOLD_MD>0</SIGNATURE_THRESHOLD_MD>
		<SIGNATURE_THRESHOLD_ML>0</SIGNATURE_THRESHOLD_ML>
		<SIGNATURE_THRESHOLD_SAM>0</SIGNATURE_THRESHOLD_SAM>
	</signature>
	<signature ID="20210208_151228523433_388">
		<MACROCLASSID>1</MACROCLASSID>
		<MACROCLASSINFO>waterbody</MACROCLASSINFO>
		<CLASSID>11</CLASSID>
		<CLASSINFO>C 1</CLASSINFO>
		<VALUES>[0.14111194365164811, 0.002459137740389518, 0.12339585690813903, 0.0026049461002197634, 0.10413694746938407, 0.004796749461301099, 0.10680298784784245, 0.013975086709493335, 0.06122255442189234, 0.014756859924723588, 0.03678345290359621, 0.010805955133103156]</VALUES>
		<LCS_MIN>[0.1349131315946579, 0.11868344992399216, 0.09246758371591568, 0.07859687507152557, 0.033019211143255234, 0.014758496545255184]</LCS_MIN>
		<LCS_MAX>[0.14690756797790527, 0.1298617124557495, 0.11654828488826752, 0.13020266592502594, 0.09393193572759628, 0.062472738325595856]</LCS_MAX>
		<WAVELENGTH>[0.485, 0.56, 0.66, 0.83, 1.65, 2.215]</WAVELENGTH>
		<MEAN_VALUE>[0.14111194365164811, 0.12339585690813903, 0.10413694746938407, 0.10680298784784245, 0.06122255442189234, 0.03678345290359621]</MEAN_VALUE>
		<CHECKBOX>2</CHECKBOX>
		<SD>[0.002459137740389518, 0.0026049461002197634, 0.004796749461301099, 0.013975086709493335, 0.014756859924723588, 0.010805955133103156]</SD>
		<WAVELENGTH_UNIT>E-6m</WAVELENGTH_UNIT>
		<COLOR>#2aa3c0</COLOR>
		<COVARIANCE_MATRIX>[[6.107233262111147e-06, 3.497228856603455e-06, 3.75233939057134e-06, -2.276755872212017e-06, 9.829734797042755e-06, 9.513427079889444e-06], [3.497228856603455e-06, 6.8529297710407564e-06, 3.478883372973365e-06, -7.629355705390653e-06, 9.087910723159214e-06, 9.159464092085203e-06], [3.75233939057134e-06, 3.478883372973365e-06, 2.3236615348893282e-05, 3.920386813854012e-05, 2.9663543453115006e-05, 2.1727283607462063e-05], [-2.276755872212017e-06, -7.629355705390653e-06, 3.920386813854012e-05, 0.00019723674208773723, 0.00010909432731391849, 6.014708268731721e-05], [9.829734797042755e-06, 9.087910723159214e-06, 2.9663543453115006e-05, 0.00010909432731391849, 0.00021992100310363498, 0.00013676961031399454], [9.513427079889444e-06, 9.159464092085203e-06, 2.1727283607462063e-05, 6.014708268731721e-05, 0.00013676961031399454, 0.00011792479174793188]]</COVARIANCE_MATRIX>
		<ROI_SIZE>102</ROI_SIZE>
		<MAX_VALUE>[0.14690756797790527, 0.1298617124557495, 0.11654828488826752, 0.13020266592502594, 0.09393193572759628, 0.062472738325595856]</MAX_VALUE>
		<MIN_VALUE>[0.1349131315946579, 0.11868344992399216, 0.09246758371591568, 0.07859687507152557, 0.033019211143255234, 0.014758496545255184]</MIN_VALUE>
		<SIGNATURE_THRESHOLD_MD>0</SIGNATURE_THRESHOLD_MD>
		<SIGNATURE_THRESHOLD_ML>0</SIGNATURE_THRESHOLD_ML>
		<SIGNATURE_THRESHOLD_SAM>0</SIGNATURE_THRESHOLD_SAM>
	</signature>
	<signature ID="20210208_151244572160_699">
		<MACROCLASSID>1</MACROCLASSID>
		<MACROCLASSINFO>waterbody</MACROCLASSINFO>
		<CLASSID>12</CLASSID>
		<CLASSINFO>C 1</CLASSINFO>
		<VALUES>[0.15933037033447858, 0.0028290616181333877, 0.15207491041376042, 0.003864082366173172, 0.14234903497764698, 0.006453491399798932, 0.12333843842721902, 0.014368906428501372, 0.06603134312452032, 0.023055678319769214, 0.04473282849917619, 0.016568779892272574]</VALUES>
		<LCS_MIN>[0.15033455193042755, 0.14103996753692627, 0.11998838931322098, 0.09579882025718689, 0.03025045059621334, 0.014758496545255184]</LCS_MIN>
		<LCS_MAX>[0.1657559871673584, 0.1596703827381134, 0.15782947838306427, 0.15600556135177612, 0.11885076016187668, 0.0863298624753952]</LCS_MAX>
		<WAVELENGTH>[0.485, 0.56, 0.66, 0.83, 1.65, 2.215]</WAVELENGTH>
		<MEAN_VALUE>[0.15933037033447858, 0.15207491041376042, 0.14234903497764698, 0.12333843842721902, 0.06603134312452032, 0.04473282849917619]</MEAN_VALUE>
		<CHECKBOX>2</CHECKBOX>
		<SD>[0.0028290616181333877, 0.003864082366173172, 0.006453491399798932, 0.014368906428501372, 0.023055678319769214, 0.016568779892272574]</SD>
		<WAVELENGTH_UNIT>E-6m</WAVELENGTH_UNIT>
		<COLOR>#1dcf86</COLOR>
		<COVARIANCE_MATRIX>[[8.160522769375778e-06, 7.824284822397775e-06, 1.3002758930624828e-05, -8.994302857949355e-06, -1.0046624332919304e-05, -6.679416970364521e-07], [7.824284822397775e-06, 1.5223899837130596e-05, 2.0860815282237808e-05, -1.325662645011475e-05, -1.1966048422416423e-05, -4.335186692768634e-06], [1.3002758930624828e-05, 2.0860815282237808e-05, 4.246416989918625e-05, -7.252130581450314e-07, 1.792901251320432e-05, 2.2261021599319754e-05], [-8.994302857949355e-06, -1.325662645011475e-05, -7.252130581450314e-07, 0.0002105138145383032, 0.0003041223822683052, 0.00019972652652215398], [-1.0046624332919304e-05, -1.1966048422416423e-05, 1.792901251320432e-05, 0.0003041223822683052, 0.000541987132251042, 0.00035297221450611866], [-6.679416970364521e-07, -4.335186692768634e-06, 2.2261021599319754e-05, 0.00019972652652215398, 0.00035297221450611866, 0.00027990729980717564]]</COVARIANCE_MATRIX>
		<ROI_SIZE>52</ROI_SIZE>
		<MAX_VALUE>[0.1657559871673584, 0.1596703827381134, 0.15782947838306427, 0.15600556135177612, 0.11885076016187668, 0.0863298624753952]</MAX_VALUE>
		<MIN_VALUE>[0.15033455193042755, 0.14103996753692627, 0.11998838931322098, 0.09579882025718689, 0.03025045059621334, 0.014758496545255184]</MIN_VALUE>
		<SIGNATURE_THRESHOLD_MD>0</SIGNATURE_THRESHOLD_MD>
		<SIGNATURE_THRESHOLD_ML>0</SIGNATURE_THRESHOLD_ML>
		<SIGNATURE_THRESHOLD_SAM>0</SIGNATURE_THRESHOLD_SAM>
	</signature>
	<signature ID="20210208_151257480040_205">
		<MACROCLASSID>1</MACROCLASSID>
		<MACROCLASSINFO>waterbody</MACROCLASSINFO>
		<CLASSID>13</CLASSID>
		<CLASSINFO>C 1</CLASSINFO>
		<VALUES>[0.13732968396747242, 0.0019642646408407566, 0.116747428860861, 0.002659411942933537, 0.08523983440755568, 0.0028119387104923016, 0.06489741313703273, 0.00811107525140914, 0.024872778133325984, 0.007298843067622964, 0.015012643757017014, 0.0063604092399719946]</VALUES>
		<LCS_MIN>[0.13148616254329681, 0.10750520974397659, 0.07870718091726303, 0.048493508249521255, 0.010869136080145836, 0.002829933539032936]</LCS_MIN>
		<LCS_MAX>[0.14519408345222473, 0.12613563239574432, 0.09590768814086914, 0.09579882025718689, 0.04963177070021629, 0.04259180277585983]</LCS_MAX>
		<WAVELENGTH>[0.485, 0.56, 0.66, 0.83, 1.65, 2.215]</WAVELENGTH>
		<MEAN_VALUE>[0.13732968396747242, 0.116747428860861, 0.08523983440755568, 0.06489741313703273, 0.024872778133325984, 0.015012643757017014]</MEAN_VALUE>
		<CHECKBOX>2</CHECKBOX>
		<SD>[0.0019642646408407566, 0.002659411942933537, 0.0028119387104923016, 0.00811107525140914, 0.007298843067622964, 0.0063604092399719946]</SD>
		<WAVELENGTH_UNIT>E-6m</WAVELENGTH_UNIT>
		<COLOR>#093db8</COLOR>
		<COVARIANCE_MATRIX>[[3.916036329093338e-06, 1.3902368203667303e-06, 6.545322131506016e-07, -1.9635713884400373e-07, 1.0467729388935577e-06, 5.356906500322554e-07], [1.3902368203667303e-06, 8.260525263089484e-06, 2.4026572434273733e-06, -1.9408547247920018e-07, -2.996423665850783e-07, -2.915140134404899e-07], [6.545322131506016e-07, 2.4026572434273733e-06, 1.2924232810942659e-05, 1.0977714239036694e-05, 5.06129161818003e-06, 2.4506920965898456e-06], [-1.9635713884400373e-07, -1.9408547247920018e-07, 1.0977714239036694e-05, 6.979819047947097e-05, 3.996077615196396e-05, 2.6238703039092347e-05], [1.0467729388935577e-06, -2.996423665850783e-07, 5.06129161818003e-06, 3.996077615196396e-05, 5.70721722390228e-05, 3.450798601403392e-05], [5.356906500322554e-07, -2.915140134404899e-07, 2.4506920965898456e-06, 2.6238703039092347e-05, 3.450798601403392e-05, 3.803082994858249e-05]]</COVARIANCE_MATRIX>
		<ROI_SIZE>900</ROI_SIZE>
		<MAX_VALUE>[0.14519408345222473, 0.12613563239574432, 0.09590768814086914, 0.09579882025718689, 0.04963177070021629, 0.04259180277585983]</MAX_VALUE>
		<MIN_VALUE>[0.13148616254329681, 0.10750520974397659, 0.07870718091726303, 0.048493508249521255, 0.010869136080145836, 0.002829933539032936]</MIN_VALUE>
		<SIGNATURE_THRESHOLD_MD>0</SIGNATURE_THRESHOLD_MD>
		<SIGNATURE_THRESHOLD_ML>0</SIGNATURE_THRESHOLD_ML>
		<SIGNATURE_THRESHOLD_SAM>0</SIGNATURE_THRESHOLD_SAM>
	</signature>
	<signature ID="20210208_151304065280_220">
		<MACROCLASSID>1</MACROCLASSID>
		<MACROCLASSINFO>waterbody</MACROCLASSINFO>
		<CLASSID>14</CLASSID>
		<CLASSINFO>C 1</CLASSINFO>
		<VALUES>[0.15608928383521303, 0.0043564216932338645, 0.15145894170932045, 0.0077044921316323555, 0.12982836902703884, 0.007356474057961942, 0.07637361676063179, 0.006439478450405883, 0.024598002736017383, 0.006190067597220873, 0.01522363462608378, 0.005909631605746994]</VALUES>
		<LCS_MIN>[0.1400536149740219, 0.12613563239574432, 0.10622797906398773, 0.061394959688186646, 0.01363789476454258, 0.002829933539032936]</LCS_MIN>
		<LCS_MAX>[0.16404248774051666, 0.1596703827381134, 0.14406909048557281, 0.10009929537773132, 0.04963177070021629, 0.03861561790108681]</LCS_MAX>
		<WAVELENGTH>[0.485, 0.56, 0.66, 0.83, 1.65, 2.215]</WAVELENGTH>
		<MEAN_VALUE>[0.15608928383521303, 0.15145894170932045, 0.12982836902703884, 0.07637361676063179, 0.024598002736017383, 0.01522363462608378]</MEAN_VALUE>
		<CHECKBOX>2</CHECKBOX>
		<SD>[0.0043564216932338645, 0.0077044921316323555, 0.007356474057961942, 0.006439478450405883, 0.006190067597220873, 0.005909631605746994]</SD>
		<WAVELENGTH_UNIT>E-6m</WAVELENGTH_UNIT>
		<COLOR>#638087</COLOR>
		<COVARIANCE_MATRIX>[[1.9050297885829158e-05, 2.9755119575143673e-05, 2.7245965993916623e-05, 4.4970218360641826e-06, -5.176550920411438e-06, -3.899840548407581e-06], [2.9755119575143673e-05, 5.958404445716675e-05, 5.085779541505949e-05, 1.0687674979388735e-05, -9.03648899482346e-06, -5.5380636379879425e-06], [2.7245965993916623e-05, 5.085779541505949e-05, 5.432270189336625e-05, 1.6355961160776642e-05, -2.4726937100970957e-06, -1.019238762508183e-06], [4.4970218360641826e-06, 1.0687674979388735e-05, 1.6355961160776642e-05, 4.162395423867065e-05, 2.2655465024478105e-05, 2.0080688206873702e-05], [-5.176550920411438e-06, -9.03648899482346e-06, -2.4726937100970957e-06, 2.2655465024478105e-05, 3.8462076770505316e-05, 2.4740744253814526e-05], [-3.899840548407581e-06, -5.5380636379879425e-06, -1.019238762508183e-06, 2.0080688206873702e-05, 2.4740744253814526e-05, 3.505603263123337e-05]]</COVARIANCE_MATRIX>
		<ROI_SIZE>265</ROI_SIZE>
		<MAX_VALUE>[0.16404248774051666, 0.1596703827381134, 0.14406909048557281, 0.10009929537773132, 0.04963177070021629, 0.03861561790108681]</MAX_VALUE>
		<MIN_VALUE>[0.1400536149740219, 0.12613563239574432, 0.10622797906398773, 0.061394959688186646, 0.01363789476454258, 0.002829933539032936]</MIN_VALUE>
		<SIGNATURE_THRESHOLD_MD>0</SIGNATURE_THRESHOLD_MD>
		<SIGNATURE_THRESHOLD_ML>0</SIGNATURE_THRESHOLD_ML>
		<SIGNATURE_THRESHOLD_SAM>0</SIGNATURE_THRESHOLD_SAM>
	</signature>
	<signature ID="20210208_151318947029_913">
		<MACROCLASSID>1</MACROCLASSID>
		<MACROCLASSINFO>waterbody</MACROCLASSINFO>
		<CLASSID>15</CLASSID>
		<CLASSINFO>C 1</CLASSINFO>
		<VALUES>[0.13813029959493756, 0.0017181289637685283, 0.12355017920537871, 0.002156183189878806, 0.11802261505199939, 0.0030294592030171196, 0.10712049202043186, 0.012123002523377347, 0.04917972531093626, 0.011386342905278913, 0.031068976398329343, 0.007060227255495678]</VALUES>
		<LCS_MIN>[0.1349131315946579, 0.11868344992399216, 0.10966809093952179, 0.08719784766435623, 0.027481691911816597, 0.018734682351350784]</LCS_MIN>
		<LCS_MAX>[0.14176709949970245, 0.12613563239574432, 0.12342848628759384, 0.13450315594673157, 0.07178184390068054, 0.046567995101213455]</LCS_MAX>
		<WAVELENGTH>[0.485, 0.56, 0.66, 0.83, 1.65, 2.215]</WAVELENGTH>
		<MEAN_VALUE>[0.13813029959493756, 0.12355017920537871, 0.11802261505199939, 0.10712049202043186, 0.04917972531093626, 0.031068976398329343]</MEAN_VALUE>
		<CHECKBOX>2</CHECKBOX>
		<SD>[0.0017181289637685283, 0.002156183189878806, 0.0030294592030171196, 0.012123002523377347, 0.011386342905278913, 0.007060227255495678]</SD>
		<WAVELENGTH_UNIT>E-6m</WAVELENGTH_UNIT>
		<COLOR>#cdccf1</COLOR>
		<COVARIANCE_MATRIX>[[3.013466451476585e-06, 7.763602143492772e-07, 2.771866791151662e-06, -7.860734408168049e-06, -4.050361587727882e-06, -6.227999779169337e-07], [7.763602143492772e-07, 4.745982738905862e-06, 2.823041428066984e-06, -9.510833848644882e-06, -8.07085248618173e-06, -3.5590294232301976e-06], [2.771866791151662e-06, 2.823041428066984e-06, 9.368823543218984e-06, -2.166278429112347e-05, -1.1027244707352949e-05, -4.030268342195556e-06], [-7.860734408168049e-06, -9.510833848644882e-06, -2.166278429112347e-05, 0.00015002900664393457, 0.00010271305320357924, 5.409031031509301e-05], [-4.050361587727882e-06, -8.07085248618173e-06, -1.1027244707352949e-05, 0.00010271305320357924, 0.00013234982152235782, 6.46363675604586e-05], [-6.227999779169337e-07, -3.5590294232301976e-06, -4.030268342195556e-06, 5.409031031509301e-05, 6.46363675604586e-05, 5.0885284084644946e-05]]</COVARIANCE_MATRIX>
		<ROI_SIZE>49</ROI_SIZE>
		<MAX_VALUE>[0.14176709949970245, 0.12613563239574432, 0.12342848628759384, 0.13450315594673157, 0.07178184390068054, 0.046567995101213455]</MAX_VALUE>
		<MIN_VALUE>[0.1349131315946579, 0.11868344992399216, 0.10966809093952179, 0.08719784766435623, 0.027481691911816597, 0.018734682351350784]</MIN_VALUE>
		<SIGNATURE_THRESHOLD_MD>0</SIGNATURE_THRESHOLD_MD>
		<SIGNATURE_THRESHOLD_ML>0</SIGNATURE_THRESHOLD_ML>
		<SIGNATURE_THRESHOLD_SAM>0</SIGNATURE_THRESHOLD_SAM>
	</signature>
	<signature ID="20210208_151330956625_792">
		<MACROCLASSID>1</MACROCLASSID>
		<MACROCLASSINFO>waterbody</MACROCLASSINFO>
		<CLASSID>16</CLASSID>
		<CLASSINFO>C 1</CLASSINFO>
		<VALUES>[0.14226117794133403, 0.0019790908215856357, 0.1337935238893777, 0.0022701060946363717, 0.13368546930741682, 0.0030833390235518675, 0.09579881394933339, 0.007769253677468363, 0.02928223489480881, 0.009940573381279249, 0.019320133365005085, 0.007213469133737773]</VALUES>
		<LCS_MIN>[0.13834011554718018, 0.12613563239574432, 0.12342848628759384, 0.0828973576426506, 0.008100375533103943, 0.006806120276451111]</LCS_MIN>
		<LCS_MAX>[0.14690756797790527, 0.1373138576745987, 0.14062899351119995, 0.11300074309110641, 0.04963177070021629, 0.03861561790108681]</LCS_MAX>
