<?xml version="1.0" ?>
<signaturelist MCID_LIST="[['1', 'waterbody', '#0000ff'], ['2', 'vegetation', '#00ff00'], ['3', 'bareland', '#ffaa00'], ['4', 'built-up', '#ff0000']]">
	<signature ID="20210107_135329874273_179">
		<MACROCLASSID>1</MACROCLASSID>
		<MACROCLASSINFO>waterbody</MACROCLASSINFO>
		<CLASSID>1</CLASSID>
		<CLASSINFO>C 1</CLASSINFO>
		<VALUES>[0.11555405482041804, 0.00606936666299157, 0.10164525341076744, 0.008989089700439545, 0.07413911551115489, 0.008740678470180518, 0.05151647440011347, 0.010444870938360561, 0.021463188276885023, 0.0055705964599319984, 0.0143919740395913, 0.004007068050346944]</VALUES>
		<LCS_MIN>[0.09137221425771713, 0.06589610129594803, 0.046787191182374954, 0.03560855612158775, 0.010988743044435978, 0.002280220855027437]</LCS_MIN>
		<LCS_MAX>[0.1291714757680893, 0.15468287467956543, 0.09945257753133774, 0.11877133697271347, 0.07345476746559143, 0.053541265428066254]</LCS_MAX>
		<WAVELENGTH>[0.485, 0.56, 0.66, 0.83, 1.65, 2.215]</WAVELENGTH>
		<MEAN_VALUE>[0.11555405482041804, 0.10164525341076744, 0.07413911551115489, 0.05151647440011347, 0.021463188276885023, 0.0143919740395913]</MEAN_VALUE>
		<CHECKBOX>2</CHECKBOX>
		<SD>[0.00606936666299157, 0.008989089700439545, 0.008740678470180518, 0.010444870938360561, 0.0055705964599319984, 0.004007068050346944]</SD>
		<WAVELENGTH_UNIT>E-6m</WAVELENGTH_UNIT>
		<COLOR>#59c040</COLOR>
		<COVARIANCE_MATRIX>[[3.683218760199271e-05, 4.93904175777883e-05, 4.523253144162976e-05, -6.602659040954769e-06, -2.2480013181065498e-06, 2.561791677725009e-06], [4.93904175777883e-05, 7.884578289446198e-05, 6.996302238648078e-05, -8.451257716546767e-06, -4.663078446093858e-06, 2.3339016085708927e-06], [4.523253144162976e-05, 6.996302238648078e-05, 7.794502739371472e-05, 5.379627530249361e-06, -6.945041287131852e-09, 4.149164412704546e-06], [-6.602659040954769e-06, -8.451257716546767e-06, 5.379627530249361e-06, 0.00010578064982690487, 4.522008741633644e-05, 2.1498980576076015e-05], [-2.2480013181065498e-06, -4.663078446093858e-06, -6.945041287131852e-09, 4.522008741633644e-05, 2.7969015635082665e-05, 1.2839599608847247e-05], [2.561791677725009e-06, 2.3339016085708927e-06, 4.149164412704546e-06, 2.1498980576076015e-05, 1.2839599608847247e-05, 1.5598282764388837e-05]]</COVARIANCE_MATRIX>
		<ROI_SIZE>44460</ROI_SIZE>
		<MAX_VALUE>[0.1291714757680893, 0.15468287467956543, 0.09945257753133774, 0.11877133697271347, 0.07345476746559143, 0.053541265428066254]</MAX_VALUE>
		<MIN_VALUE>[0.09137221425771713, 0.06589610129594803, 0.046787191182374954, 0.03560855612158775, 0.010988743044435978, 0.002280220855027437]</MIN_VALUE>
		<SIGNATURE_THRESHOLD_MD>0</SIGNATURE_THRESHOLD_MD>
		<SIGNATURE_THRESHOLD_ML>0</SIGNATURE_THRESHOLD_ML>
		<SIGNATURE_THRESHOLD_SAM>0</SIGNATURE_THRESHOLD_SAM>
	</signature>
	<signature ID="20210107_135338154341_962">
		<MACROCLASSID>1</MACROCLASSID>
		<MACROCLASSINFO>waterbody</MACROCLASSINFO>
		<CLASSID>2</CLASSID>
		<CLASSINFO>C 1</CLASSINFO>
		<VALUES>[0.1118547113660314, 0.008896761154652169, 0.09448803909020707, 0.010175384136504088, 0.06805917144074475, 0.00910669865546033, 0.047078899939422825, 0.011349979967769427, 0.017108425565979402, 0.004725594873901261, 0.010833340209659648, 0.003443667289187146]</VALUES>
		<LCS_MIN>[0.09609711170196533, 0.05931929126381874, 0.05233091115951538, 0.03214344382286072, 0.0042959535494446754, 0.0]</LCS_MIN>
		<LCS_MAX>[0.15594595670700073, 0.13824090361595154, 0.10776817053556442, 0.11530622839927673, 0.08460941165685654, 0.06315270811319351]</LCS_MAX>
		<WAVELENGTH>[0.485, 0.56, 0.66, 0.83, 1.65, 2.215]</WAVELENGTH>
		<MEAN_VALUE>[0.1118547113660314, 0.09448803909020707, 0.06805917144074475, 0.047078899939422825, 0.017108425565979402, 0.010833340209659648]</MEAN_VALUE>
		<CHECKBOX>2</CHECKBOX>
		<SD>[0.008896761154652169, 0.010175384136504088, 0.00910669865546033, 0.011349979967769427, 0.004725594873901261, 0.003443667289187146]</SD>
		<WAVELENGTH_UNIT>E-6m</WAVELENGTH_UNIT>
		<COLOR>#50ca72</COLOR>
		<COVARIANCE_MATRIX>[[7.603506103094004e-05, 7.664469915751405e-05, 6.934681436009394e-05, 7.42010605923151e-05, 2.3099207355269884e-05, 1.1203474314854041e-05], [7.664469915751405e-05, 9.295279713324145e-05, 7.808630033087098e-05, 7.127323375797235e-05, 2.429484774526619e-05, 1.2644969559506072e-05], [6.934681436009394e-05, 7.808630033087098e-05, 7.418138943398164e-05, 6.948922710143486e-05, 2.322766212408034e-05, 1.1958303753024655e-05], [7.42010605923151e-05, 7.127323375797235e-05, 6.948922710143486e-05, 0.00013489968463771367, 4.5481584146614815e-05, 2.1485554593506886e-05], [2.3099207355269884e-05, 2.429484774526619e-05, 2.322766212408034e-05, 4.5481584146614815e-05, 2.2574885662309944e-05, 9.847998146303399e-06], [1.1203474314854041e-05, 1.2644969559506072e-05, 1.1958303753024655e-05, 2.1485554593506886e-05, 9.847998146303399e-06, 1.1632150855706314e-05]]</COVARIANCE_MATRIX>
		<ROI_SIZE>57553</ROI_SIZE>
		<MAX_VALUE>[0.15594595670700073, 0.13824090361595154, 0.10776817053556442, 0.11530622839927673, 0.08460941165685654, 0.06315270811319351]</MAX_VALUE>
		<MIN_VALUE>[0.09609711170196533, 0.05931929126381874, 0.05233091115951538, 0.03214344382286072, 0.0042959535494446754, 0.0]</MIN_VALUE>
		<SIGNATURE_THRESHOLD_MD>0</SIGNATURE_THRESHOLD_MD>
		<SIGNATURE_THRESHOLD_ML>0</SIGNATURE_THRESHOLD_ML>
		<SIGNATURE_THRESHOLD_SAM>0</SIGNATURE_THRESHOLD_SAM>
	</signature>
	<signature ID="20210107_135346502985_808">
		<MACROCLASSID>1</MACROCLASSID>
		<MACROCLASSINFO>waterbody</MACROCLASSINFO>
		<CLASSID>3</CLASSID>
		<CLASSINFO>C 1</CLASSINFO>
		<VALUES>[0.09516155334492016, 0.0032435016393244642, 0.06974661359802266, 0.00442211606532071, 0.0481494281313613, 0.004670955403150846, 0.052786055753310045, 0.016740510908718587, 0.02402156622459491, 0.012241173698343173, 0.013843756449671512, 0.006840328413230173]</VALUES>
		<LCS_MIN>[0.08979722857475281, 0.06260769069194794, 0.04124346375465393, 0.028678322210907936, 0.006526881828904152, 0.0]</LCS_MIN>
		<LCS_MAX>[0.11657170951366425, 0.09549169987440109, 0.07450581341981888, 0.10837599635124207, 0.07568570971488953, 0.03752218931913376]</LCS_MAX>
		<WAVELENGTH>[0.485, 0.56, 0.66, 0.83, 1.65, 2.215]</WAVELENGTH>
		<MEAN_VALUE>[0.09516155334492016, 0.06974661359802266, 0.0481494281313613, 0.052786055753310045, 0.02402156622459491, 0.013843756449671512]</MEAN_VALUE>
		<CHECKBOX>2</CHECKBOX>
		<SD>[0.0032435016393244642, 0.00442211606532071, 0.004670955403150846, 0.016740510908718587, 0.012241173698343173, 0.006840328413230173]</SD>
		<WAVELENGTH_UNIT>E-6m</WAVELENGTH_UNIT>
		<COLOR>#d65eec</COLOR>
		<COVARIANCE_MATRIX>[[1.0565454398825361e-05, 1.173106765697364e-05, 1.147256195992316e-05, 2.1643811970646138e-05, 1.713121955245446e-05, 1.0895618030429234e-05], [1.173106765697364e-05, 1.963903800802233e-05, 1.613087260982383e-05, 3.661505656799066e-05, 2.8662290875710214e-05, 1.7094129018649418e-05], [1.147256195992316e-05, 1.613087260982383e-05, 2.191146310946113e-05, 4.8762607916045084e-05, 4.098270629976147e-05, 2.437924645789e-05], [2.1643811970646138e-05, 3.661505656799066e-05, 4.8762607916045084e-05, 0.0002814474724612561, 0.00018471477656754981, 9.054531264298092e-05], [1.713121955245446e-05, 2.8662290875710214e-05, 4.098270629976147e-05, 0.00018471477656754981, 0.00015048945082422316, 7.331387441708414e-05], [1.0895618030429234e-05, 1.7094129018649418e-05, 2.437924645789e-05, 9.054531264298092e-05, 7.331387441708414e-05, 4.6990908649774674e-05]]</COVARIANCE_MATRIX>
		<ROI_SIZE>234</ROI_SIZE>
		<MAX_VALUE>[0.11657170951366425, 0.09549169987440109, 0.07450581341981888, 0.10837599635124207, 0.07568570971488953, 0.03752218931913376]</MAX_VALUE>
		<MIN_VALUE>[0.08979722857475281, 0.06260769069194794, 0.04124346375465393, 0.028678322210907936, 0.006526881828904152, 0.0]</MIN_VALUE>
		<SIGNATURE_THRESHOLD_MD>0</SIGNATURE_THRESHOLD_MD>
		<SIGNATURE_THRESHOLD_ML>0</SIGNATURE_THRESHOLD_ML>
		<SIGNATURE_THRESHOLD_SAM>0</SIGNATURE_THRESHOLD_SAM>
	</signature>
	<signature ID="20210107_135400655712_907">
		<MACROCLASSID>1</MACROCLASSID>
		<MACROCLASSINFO>waterbody</MACROCLASSINFO>
		<CLASSID>4</CLASSID>
		<CLASSINFO>C 1</CLASSINFO>
		<VALUES>[0.11371831249580173, 0.009103385827717393, 0.09906599931057208, 0.012456126432276863, 0.07629647628293802, 0.014938086106791445, 0.053065303802080674, 0.015721270918628967, 0.022474123698690663, 0.01187040800591996, 0.01588204632085212, 0.009858671050786253]</VALUES>
		<LCS_MIN>[0.08822226524353027, 0.06260769069194794, 0.044015321880578995, 0.021748092025518417, 0.006526881828904152, 0.0]</LCS_MIN>
		<LCS_MAX>[0.16697074472904205, 0.15139450132846832, 0.12994307279586792, 0.1430271565914154, 0.08907127380371094, 0.07596797496080399]</LCS_MAX>
		<WAVELENGTH>[0.485, 0.56, 0.66, 0.83, 1.65, 2.215]</WAVELENGTH>
		<MEAN_VALUE>[0.11371831249580173, 0.09906599931057208, 0.07629647628293802, 0.053065303802080674, 0.022474123698690663, 0.01588204632085212]</MEAN_VALUE>
		<CHECKBOX>2</CHECKBOX>
		<SD>[0.009103385827717393, 0.012456126432276863, 0.014938086106791445, 0.015721270918628967, 0.01187040800591996, 0.009858671050786253]</SD>
		<WAVELENGTH_UNIT>E-6m</WAVELENGTH_UNIT>
		<COLOR>#0931ca</COLOR>
		<COVARIANCE_MATRIX>[[8.160199014199264e-05, 0.00010966799981765142, 0.00012058217834580879, 9.782028872523512e-05, 6.120823801179299e-05, 4.95189404495502e-05], [0.00010966799981765142, 0.000165135988555236, 0.0001800977767289825, 0.00013354400806720254, 7.074653466209657e-05, 5.694875415063026e-05], [0.00012058217834580879, 0.0001800977767289825, 0.00022543590499413121, 0.000173562254453446, 7.878152128092347e-05, 6.166478729229605e-05], [9.782028872523512e-05, 0.00013354400806720254, 0.000173562254453446, 0.00023020456069060337, 0.00013276462124073963, 9.971478245091512e-05], [6.120823801179299e-05, 7.074653466209657e-05, 7.878152128092347e-05, 0.00013276462124073963, 0.00011586016297673706, 8.977888695777146e-05], [4.95189404495502e-05, 5.694875415063026e-05, 6.166478729229605e-05, 9.971478245091512e-05, 8.977888695777146e-05, 8.118351027368291e-05]]</COVARIANCE_MATRIX>
		<ROI_SIZE>49647</ROI_SIZE>
		<MAX_VALUE>[0.16697074472904205, 0.15139450132846832, 0.12994307279586792, 0.1430271565914154, 0.08907127380371094, 0.07596797496080399]</MAX_VALUE>
		<MIN_VALUE>[0.08822226524353027, 0.06260769069194794, 0.044015321880578995, 0.021748092025518417, 0.006526881828904152, 0.0]</MIN_VALUE>
		<SIGNATURE_THRESHOLD_MD>0</SIGNATURE_THRESHOLD_MD>
		<SIGNATURE_THRESHOLD_ML>0</SIGNATURE_THRESHOLD_ML>
		<SIGNATURE_THRESHOLD_SAM>0</SIGNATURE_THRESHOLD_SAM>
	</signature>
	<signature ID="20210107_135416005594_188">
		<MACROCLASSID>1</MACROCLASSID>
		<MACROCLASSINFO>waterbody</MACROCLASSINFO>
		<CLASSID>5</CLASSID>
		<CLASSINFO>C 1</CLASSINFO>
		<VALUES>[0.12743683891080887, 0.008902977129144613, 0.1285669774254641, 0.015949612568400752, 0.11089181583743575, 0.020576122580264044, 0.06105228807126641, 0.011307292879833362, 0.01786852978380741, 0.0068797917488848705, 0.011986060586117134, 0.005889081589697335]</VALUES>
		<LCS_MIN>[0.10239699482917786, 0.0889148935675621, 0.07450581341981888, 0.04253878816962242, 0.006526881828904152, 0.0]</LCS_MIN>
		<LCS_MAX>[0.1748455911874771, 0.18427850306034088, 0.19369590282440186, 0.1430271565914154, 0.08684035390615463, 0.0791717916727066]</LCS_MAX>
		<WAVELENGTH>[0.485, 0.56, 0.66, 0.83, 1.65, 2.215]</WAVELENGTH>
		<MEAN_VALUE>[0.12743683891080887, 0.1285669774254641, 0.11089181583743575, 0.06105228807126641, 0.01786852978380741, 0.011986060586117134]</MEAN_VALUE>
		<CHECKBOX>2</CHECKBOX>
		<SD>[0.008902977129144613, 0.015949612568400752, 0.020576122580264044, 0.011307292879833362, 0.0068797917488848705, 0.005889081589697335]</SD>
		<WAVELENGTH_UNIT>E-6m</WAVELENGTH_UNIT>
		<COLOR>#92701f</COLOR>
		<COVARIANCE_MATRIX>[[8.142238708413049e-05, 0.00013678977711715037, 0.0001677144561223273, 5.594278680180464e-05, 1.9717417692232674e-05, 1.859323855833929e-05], [0.00013678977711715037, 0.00026292010780241666, 0.0003239015634215609, 0.00010205074571342248, 2.068951635854226e-05, 2.0542865933523956e-05], [0.0001677144561223273, 0.0003239015634215609, 0.00043303871173895234, 0.00014586879955785317, 2.1010635160719752e-05, 2.0530077526668697e-05], [5.594278680180464e-05, 0.00010205074571342248, 0.00014586879955785317, 0.00011661697194397601, 4.351978376189813e-05, 3.183922189314593e-05], [1.9717417692232674e-05, 2.068951635854226e-05, 2.1010635160719752e-05, 4.351978376189813e-05, 4.308277842424872e-05, 3.192808432070246e-05], [1.859323855833929e-05, 2.0542865933523956e-05, 2.0530077526668697e-05, 3.183922189314593e-05, 3.192808432070246e-05, 3.3413804478430154e-05]]</COVARIANCE_MATRIX>
		<ROI_SIZE>57374</ROI_SIZE>
		<MAX_VALUE>[0.1748455911874771, 0.18427850306034088, 0.19369590282440186, 0.1430271565914154, 0.08684035390615463, 0.0791717916727066]</MAX_VALUE>
		<MIN_VALUE>[0.10239699482917786, 0.0889148935675621, 0.07450581341981888, 0.04253878816962242, 0.006526881828904152, 0.0]</MIN_VALUE>
		<SIGNATURE_THRESHOLD_MD>0</SIGNATURE_THRESHOLD_MD>
		<SIGNATURE_THRESHOLD_ML>0</SIGNATURE_THRESHOLD_ML>
		<SIGNATURE_THRESHOLD_SAM>0</SIGNATURE_THRESHOLD_SAM>
	</signature>
	<signature ID="20210107_135437757371_101">
		<MACROCLASSID>1</MACROCLASSID>
		<MACROCLASSINFO>waterbody</MACROCLASSINFO>
		<CLASSID>6</CLASSID>
		<CLASSINFO>C 1</CLASSINFO>
		<VALUES>[0.11195079258859969, 0.006363850581105118, 0.10406316216984024, 0.01092878293235628, 0.07994550370802628, 0.010686032378659562, 0.05379282375083193, 0.00882957181416411, 0.017431850521633926, 0.004156791731982761, 0.011404891475231382, 0.0036337718059698595]</VALUES>
		<LCS_MIN>[0.09137221425771713, 0.06589610129594803, 0.03847159817814827, 0.02521321177482605, 0.006526881828904152, 0.0]</LCS_MIN>
		<LCS_MAX>[0.14177122712135315, 0.13495250046253204, 0.11885561048984528, 0.11877133697271347, 0.08014756441116333, 0.07596797496080399]</LCS_MAX>
		<WAVELENGTH>[0.485, 0.56, 0.66, 0.83, 1.65, 2.215]</WAVELENGTH>
		<MEAN_VALUE>[0.11195079258859969, 0.10406316216984024, 0.07994550370802628, 0.05379282375083193, 0.017431850521633926, 0.011404891475231382]</MEAN_VALUE>
		<CHECKBOX>2</CHECKBOX>
		<SD>[0.006363850581105118, 0.01092878293235628, 0.010686032378659562, 0.00882957181416411, 0.004156791731982761, 0.0036337718059698595]</SD>
		<WAVELENGTH_UNIT>E-6m</WAVELENGTH_UNIT>
		<COLOR>#a27c1c</COLOR>
		<COVARIANCE_MATRIX>[[5.074927734182231e-05, 7.904657717097111e-05, 7.730212466321946e-05, 2.807277786512066e-05, 1.2288255295956032e-05, 1.152708494958934e-05], [7.904657717097111e-05, 0.00014186526084093365, 0.00013131018725316058, 4.4669066323203706e-05, 1.4603148957145952e-05, 1.4329119300042702e-05], [7.730212466321946e-05, 0.00013131018725316058, 0.0001350592522843238, 4.9843415586794596e-05, 1.649471077915072e-05, 1.5588875938719057e-05], [2.807277786512066e-05, 4.4669066323203706e-05, 4.9843415586794596e-05, 7.482496271231659e-05, 3.116508929574903e-05, 2.0607703744395123e-05], [1.2288255295956032e-05, 1.4603148957145952e-05, 1.649471077915072e-05, 3.116508929574903e-05, 2.7224021810314e-05, 1.7834573532731407e-05], [1.152708494958934e-05, 1.4329119300042702e-05, 1.5588875938719057e-05, 2.0607703744395123e-05, 1.7834573532731407e-05, 2.085054090712348e-05]]</COVARIANCE_MATRIX>
		<ROI_SIZE>20923</ROI_SIZE>
		<MAX_VALUE>[0.14177122712135315, 0.13495250046253204, 0.11885561048984528, 0.11877133697271347, 0.08014756441116333, 0.07596797496080399]</MAX_VALUE>
		<MIN_VALUE>[0.09137221425771713, 0.06589610129594803, 0.03847159817814827, 0.02521321177482605, 0.006526881828904152, 0.0]</MIN_VALUE>
		<SIGNATURE_THRESHOLD_MD>0</SIGNATURE_THRESHOLD_MD>
		<SIGNATURE_THRESHOLD_ML>0</SIGNATURE_THRESHOLD_ML>
		<SIGNATURE_THRESHOLD_SAM>0</SIGNATURE_THRESHOLD_SAM>
	</signature>
	<signature ID="20210107_135451632857_988">
		<MACROCLASSID>1</MACROCLASSID>
		<MACROCLASSINFO>waterbody</MACROCLASSINFO>
		<CLASSID>7</CLASSID>
		<CLASSINFO>C 1</CLASSINFO>
		<VALUES>[0.11257055733103132, 0.004097757686744128, 0.09530504630833105, 0.005794236524778734, 0.06748289622302696, 0.004505432801955892, 0.04590513475986268, 0.007297894075061616, 0.01982039237522578, 0.00453584432344573, 0.013230306094759116, 0.0037631211130130494]</VALUES>
		<LCS_MIN>[0.09767207503318787, 0.033012088388204575, 0.046787191182374954, 0.03214344382286072, 0.008757812902331352, 0.0]</LCS_MIN>
		<LCS_MAX>[0.1291714757680893, 0.11522209644317627, 0.08836513012647629, 0.1222364529967308, 0.08907127380371094, 0.0791717916727066]</LCS_MAX>
		<WAVELENGTH>[0.485, 0.56, 0.66, 0.83, 1.65, 2.215]</WAVELENGTH>
		<MEAN_VALUE>[0.11257055733103132, 0.09530504630833105, 0.06748289622302696, 0.04590513475986268, 0.01982039237522578, 0.013230306094759116]</MEAN_VALUE>
		<CHECKBOX>2</CHECKBOX>
		<SD>[0.004097757686744128, 0.005794236524778734, 0.004505432801955892, 0.007297894075061616, 0.00453584432344573, 0.0037631211130130494]</SD>
		<WAVELENGTH_UNIT>E-6m</WAVELENGTH_UNIT>
		<COLOR>#ec061e</COLOR>
		<COVARIANCE_MATRIX>[[2.09541556136003e-05, 2.4016161304704496e-05, 1.6526488404935375e-05, 3.757028401656354e-06, 5.884345297247032e-06, 5.807893052140328e-06], [2.4016161304704496e-05, 3.7165011613497017e-05, 2.349625946021126e-05, 3.609754701568774e-06, 5.927810165082036e-06, 6.398573238917191e-06], [1.6526488404935375e-05, 2.349625946021126e-05, 2.3087369870626908e-05, 7.104161069351175e-06, 7.1875338056186965e-06, 6.491813898652131e-06], [3.757028401656354e-06, 3.609754701568774e-06, 7.104161069351175e-06, 6.366039554721295e-05, 3.3351922672219694e-05, 1.8277432935318212e-05], [5.884345297247032e-06, 5.927810165082036e-06, 7.1875338056186965e-06, 3.3351922672219694e-05, 2.6600789746879556e-05, 1.4357556366271803e-05], [5.807893052140328e-06, 6.398573238917191e-06, 6.491813898652131e-06, 1.8277432935318212e-05, 1.4357556366271803e-05, 1.727851896298197e-05]]</COVARIANCE_MATRIX>
		<ROI_SIZE>31684</ROI_SIZE>
		<MAX_VALUE>[0.1291714757680893, 0.11522209644317627, 0.08836513012647629, 0.1222364529967308, 0.08907127380371094, 0.0791717916727066]</MAX_VALUE>
		<MIN_VALUE>[0.09767207503318787, 0.033012088388204575, 0.046787191182374954, 0.03214344382286072, 0.008757812902331352, 0.0]</MIN_VALUE>
		<SIGNATURE_THRESHOLD_MD>0</SIGNATURE_THRESHOLD_MD>
		<SIGNATURE_THRESHOLD_ML>0</SIGNATURE_THRESHOLD_ML>
		<SIGNATURE_THRESHOLD_SAM>0</SIGNATURE_THRESHOLD_SAM>
	</signature>
	<signature ID="20210107_135507905650_788">
		<MACROCLASSID>1</MACROCLASSID>
		<MACROCLASSINFO>waterbody</MACROCLASSINFO>
		<CLASSID>8</CLASSID>
		<CLASSINFO>C 1</CLASSINFO>
		<VALUES>[0.08845786226638519, 0.0017952900095680173, 0.059966190733381955, 0.0027087183069633113, 0.0376252719491232, 0.003082496840687102, 0.045166029110092876, 0.013587477556695624, 0.012328214498740601, 0.006492513415513638, 0.005915799909118624, 0.0034250919001617853]</VALUES>
		<LCS_MIN>[0.08192238211631775, 0.05603089928627014, 0.032927874475717545, 0.028678322210907936, 0.0042959535494446754, 0.0]</LCS_MIN>
		<LCS_MAX>[0.0945221409201622, 0.08233809471130371, 0.06064649671316147, 0.1118411049246788, 0.062300119549036026, 0.024706929922103882]</LCS_MAX>
		<WAVELENGTH>[0.485, 0.56, 0.66, 0.83, 1.65, 2.215]</WAVELENGTH>
		<MEAN_VALUE>[0.08845786226638519, 0.059966190733381955, 0.0376252719491232, 0.045166029110092876, 0.012328214498740601, 0.005915799909118624]</MEAN_VALUE>
		<CHECKBOX>2</CHECKBOX>
		<SD>[0.0017952900095680173, 0.0027087183069633113, 0.003082496840687102, 0.013587477556695624, 0.006492513415513638, 0.0034250919001617853]</SD>
		<WAVELENGTH_UNIT>E-6m</WAVELENGTH_UNIT>
		<COLOR>#30e172</COLOR>
		<COVARIANCE_MATRIX>[[3.229684424242099e-06, 1.4637627002062194e-06, 1.6699454662914541e-06, 1.0494842322253566e-06, -7.813780129155863e-08, 4.649477722241903e-07], [1.4637627002062194e-06, 7.352220892898042e-06, 4.516535282704472e-06, 1.4300993877617877e-05, 4.374007083597906e-06, 2.0968615754292147e-06], [1.6699454662914541e-06, 4.516535282704472e-06, 9.521297628642358e-06, 1.9524643318371567e-05, 7.332486918591555e-06, 3.090601118995089e-06], [1.0494842322253566e-06, 1.4300993877617877e-05, 1.9524643318371567e-05, 0.00018499864193143536, 7.141279132312045e-05, 2.597994700800962e-05], [-7.813780129155863e-08, 4.374007083597906e-06, 7.332486918591555e-06, 7.141279132312045e-05, 4.223928636530758e-05, 1.3645771605552133e-05], [4.649477722241903e-07, 2.0968615754292147e-06, 3.090601118995089e-06, 2.597994700800962e-05, 1.3645771605552133e-05, 1.1755343342879425e-05]]</COVARIANCE_MATRIX>
		<ROI_SIZE>488</ROI_SIZE>
		<MAX_VALUE>[0.0945221409201622, 0.08233809471130371, 0.06064649671316147, 0.1118411049246788, 0.062300119549036026, 0.024706929922103882]</MAX_VALUE>
		<MIN_VALUE>[0.08192238211631775, 0.05603089928627014, 0.032927874475717545, 0.028678322210907936, 0.0042959535494446754, 0.0]</MIN_VALUE>
		<SIGNATURE_THRESHOLD_MD>0</SIGNATURE_THRESHOLD_MD>
		<SIGNATURE_THRESHOLD_ML>0</SIGNATURE_THRESHOLD_ML>
		<SIGNATURE_THRESHOLD_SAM>0</SIGNATURE_THRESHOLD_SAM>
	</signature>
	<signature ID="20210107_135530620885_791">
		<MACROCLASSID>1</MACROCLASSID>
		<MACROCLASSINFO>waterbody</MACROCLASSINFO>
		<CLASSID>9</CLASSID>
		<CLASSINFO>C 1</CLASSINFO>
		<VALUES>[0.0960504488546377, 0.004161757251182432, 0.06721036965722217, 0.005002325049960928, 0.044827383435028054, 0.00465375785698622, 0.038819270543543116, 0.008008922388776187, 0.014507617976875276, 0.0057687634211904286, 0.009526052897531355, 0.004789092604515316]</VALUES>
		<LCS_MIN>[0.0693226233124733, 0.052742499858140945, 0.030156008899211884, 0.021748092025518417, 0.0042959535494446754, 0.0]</LCS_MIN>
		<LCS_MAX>[0.1386212855577469, 0.13495250046253204, 0.09668071568012238, 0.1014457568526268, 0.08014756441116333, 0.06635652482509613]</LCS_MAX>
		<WAVELENGTH>[0.485, 0.56, 0.66, 0.83, 1.65, 2.215]</WAVELENGTH>
		<MEAN_VALUE>[0.0960504488546377, 0.06721036965722217, 0.044827383435028054, 0.038819270543543116, 0.014507617976875276, 0.009526052897531355]</MEAN_VALUE>
		<CHECKBOX>2</CHECKBOX>
		<SD>[0.004161757251182432, 0.005002325049960928, 0.00465375785698622, 0.008008922388776187, 0.0057687634211904286, 0.004789092604515316]</SD>
		<WAVELENGTH_UNIT>E-6m</WAVELENGTH_UNIT>
		<COLOR>#bfd94b</COLOR>
		<COVARIANCE_MATRIX>[[1.911889492997766e-05, 1.8661309119780415e-05, 1.9281331086554352e-05, 2.5858167971307736e-05, 2.4286679449917723e-05, 1.8658429450896577e-05], [1.8661309119780415e-05, 2.4717852345765132e-05, 2.1727938504259194e-05, 3.0353279714418225e-05, 2.7714914599191876e-05, 2.1024001812597324e-05], [1.9281331086554352e-05, 2.1727938504259194e-05, 2.5532533801766575e-05, 3.2982066610963914e-05, 2.9917852227686646e-05, 2.2498560904796483e-05], [2.5858167971307736e-05, 3.0353279714418225e-05, 3.2982066610963914e-05, 6.958091580135796e-05, 4.9812733279269285e-05, 3.399904988318682e-05], [2.4286679449917723e-05, 2.7714914599191876e-05, 2.9917852227686646e-05, 4.9812733279269285e-05, 4.7960280630999695e-05, 3.201481793540581e-05], [1.8658429450896577e-05, 2.1024001812597324e-05, 2.2498560904796483e-05, 3.399904988318682e-05, 3.201481793540581e-05, 2.9952464307418756e-05]]</COVARIANCE_MATRIX>
		<ROI_SIZE>31650</ROI_SIZE>
		<MAX_VALUE>[0.1386212855577469, 0.13495250046253204, 0.09668071568012238, 0.1014457568526268, 0.08014756441116333, 0.06635652482509613]</MAX_VALUE>
		<MIN_VALUE>[0.0693226233124733, 0.052742499858140945, 0.030156008899211884, 0.021748092025518417, 0.0042959535494446754, 0.0]</MIN_VALUE>
		<SIGNATURE_THRESHOLD_MD>0</SIGNATURE_THRESHOLD_MD>
		<SIGNATURE_THRESHOLD_ML>0</SIGNATURE_THRESHOLD_ML>
		<SIGNATURE_THRESHOLD_SAM>0</SIGNATURE_THRESHOLD_SAM>
	</signature>
	<signature ID="20210107_135550350742_304">
		<MACROCLASSID>1</MACROCLASSID>
		<MACROCLASSINFO>waterbody</MACROCLASSINFO>
		<CLASSID>10</CLASSID>
		<CLASSINFO>C 1</CLASSINFO>
		<VALUES>[0.1033296078350434, 0.0025549430252672003, 0.06649060160567535, 0.0031765816731437915, 0.045617182633618844, 0.0028477830944935783, 0.03425451043112456, 0.0032241449454186934, 0.015408352569977657, 0.003370504682213325, 0.010825904173282292, 0.003279878586573567]</VALUES>
		<LCS_MIN>[0.09137221425771713, 0.03630049154162407, 0.03569973632693291, 0.02521321177482605, 0.0042959535494446754, 0.0]</LCS_MIN>
		<LCS_MAX>[0.14177122712135315, 0.11193370074033737, 0.09390884637832642, 0.08758529275655746, 0.07345476746559143, 0.06315270811319351]</LCS_MAX>
		<WAVELENGTH>[0.485, 0.56, 0.66, 0.83, 1.65, 2.215]</WAVELENGTH>
		<MEAN_VALUE>[0.1033296078350434, 0.06649060160567535, 0.045617182633618844, 0.03425451043112456, 0.015408352569977657, 0.010825904173282292]</MEAN_VALUE>
		<CHECKBOX>2</CHECKBOX>
		<SD>[0.0025549430252672003, 0.0031765816731437915, 0.0028477830944935783, 0.0032241449454186934, 0.003370504682213325, 0.003279878586573567]</SD>
		<WAVELENGTH_UNIT>E-6m</WAVELENGTH_UNIT>
		<COLOR>#240509</COLOR>
		<COVARIANCE_MATRIX>[[7.358160145584605e-06, 5.94964057814158e-06, 5.226113985290312e-06, 5.3229172478814935e-06, 5.13848910781887e-06, 4.203880716812818e-06], [5.94964057814158e-06, 1.105508704908629e-05, 6.332702341602146e-06, 6.623697392129352e-06, 6.077043251030495e-06, 5.0009053933198416e-06], [5.226113985290312e-06, 6.332702341602146e-06, 8.258408199646296e-06, 6.239120839404171e-06, 5.8211613116155645e-06, 4.760595053638872e-06], [5.3229172478814935e-06, 6.623697392129352e-06, 6.239120839404171e-06, 9.933622698354038e-06, 6.333371956102394e-06, 5.175648549446691e-06], [5.13848910781887e-06, 6.077043251030495e-06, 5.8211613116155645e-06, 6.333371956102394e-06, 1.006796299346978e-05, 5.520921486106959e-06], [4.203880716812818e-06, 5.0009053933198416e-06, 4.760595053638872e-06, 5.175648549446691e-06, 5.520921486106959e-06, 1.041880008126362e-05]]</COVARIANCE_MATRIX>
		<ROI_SIZE>40358</ROI_SIZE>
		<MAX_VALUE>[0.14177122712135315, 0.11193370074033737, 0.09390884637832642, 0.08758529275655746, 0.07345476746559143, 0.06315270811319351]</MAX_VALUE>
		<MIN_VALUE>[0.09137221425771713, 0.03630049154162407, 0.03569973632693291, 0.02521321177482605, 0.0042959535494446754, 0.0]</MIN_VALUE>
		<SIGNATURE_THRESHOLD_MD>0</SIGNATURE_THRESHOLD_MD>
		<SIGNATURE_THRESHOLD_ML>0</SIGNATURE_THRESHOLD_ML>
		<SIGNATURE_THRESHOLD_SAM>0</SIGNATURE_THRESHOLD_SAM>
	</signature>
	<signature ID="20210107_135610622477_827">
		<MACROCLASSID>1</MACROCLASSID>
		<MACROCLASSINFO>waterbody</MACROCLASSINFO>
		<CLASSID>11</CLASSID>
		<CLASSINFO>C 1</CLASSINFO>
		<VALUES>[0.1193190252630463, 0.005894162423717603, 0.09581665202543116, 0.007596970230688779, 0.07518464252832872, 0.00966803491869001, 0.08808403610622988, 0.020892401361893468, 0.04509009555718438, 0.01557691909088604, 0.02777309311007647, 0.010009987513076817]</VALUES>
		<LCS_MIN>[0.10397195816040039, 0.07904969900846481, 0.05510277673602104, 0.056399259716272354, 0.02437431737780571, 0.011891668662428856]</LCS_MIN>
		<LCS_MAX>[0.14334619045257568, 0.12508729100227356, 0.11608376353979111, 0.13956205546855927, 0.10468778759241104, 0.06956034153699875]</LCS_MAX>
		<WAVELENGTH>[0.485, 0.56, 0.66, 0.83, 1.65, 2.215]</WAVELENGTH>
		<MEAN_VALUE>[0.1193190252630463, 0.09581665202543116, 0.07518464252832872, 0.08808403610622988, 0.04509009555718438, 0.02777309311007647]</MEAN_VALUE>
		<CHECKBOX>2</CHECKBOX>
		<SD>[0.005894162423717603, 0.007596970230688779, 0.00966803491869001, 0.020892401361893468, 0.01557691909088604, 0.010009987513076817]</SD>
		<WAVELENGTH_UNIT>E-6m</WAVELENGTH_UNIT>
		<COLOR>#586ae3</COLOR>
		<COVARIANCE_MATRIX>[[2.795704220375299e-05, 3.190745211149481e-05, 3.654296314155148e-05, 2.83072220154076e-05, 3.868383098735376e-05, 2.932275810758735e-05], [3.190745211149481e-05, 5.138997302355019e-05, 5.804720211420374e-05, 6.142331696912628e-05, 7.263523328341018e-05, 5.082263272911368e-05], [3.654296314155148e-05, 5.804720211420374e-05, 8.54411860373666e-05, 8.511560961595768e-05, 0.00010271304983716707, 7.283546816805871e-05], [2.83072220154076e-05, 6.142331696912628e-05, 8.511560961595768e-05, 0.00040205888400498787, 0.00025645174647588766, 0.00013410567971936877], [3.868383098735376e-05, 7.263523328341018e-05, 0.00010271304983716707, 0.00025645174647588766, 0.00023419288755122168, 0.0001365649120902003], [2.932275810758735e-05, 5.082263272911368e-05, 7.283546816805871e-05, 0.00013410567971936877, 0.0001365649120902003, 9.637979655056988e-05]]</COVARIANCE_MATRIX>
		<ROI_SIZE>1498</ROI_SIZE>
		<MAX_VALUE>[0.14334619045257568, 0.12508729100227356, 0.11608376353979111, 0.13956205546855927, 0.10468778759241104, 0.06956034153699875]</MAX_VALUE>
		<MIN_VALUE>[0.10397195816040039, 0.07904969900846481, 0.05510277673602104, 0.056399259716272354, 0.02437431737780571, 0.011891668662428856]</MIN_VALUE>
		<SIGNATURE_THRESHOLD_MD>0</SIGNATURE_THRESHOLD_MD>
		<SIGNATURE_THRESHOLD_ML>0</SIGNATURE_THRESHOLD_ML>
		<SIGNATURE_THRESHOLD_SAM>0</SIGNATURE_THRESHOLD_SAM>
	</signature>
	<signature ID="20210107_135620193100_720">
		<MACROCLASSID>1</MACROCLASSID>
		<MACROCLASSINFO>waterbody</MACROCLASSINFO>
		<CLASSID>12</CLASSID>
		<CLASSINFO>C 1</CLASSINFO>
		<VALUES>[0.11358717437758978, 0.005452996496726548, 0.08158106430745482, 0.007260428297505384, 0.05684383372191948, 0.006399702145572831, 0.050655186637228816, 0.01259300629461698, 0.025881416232889896, 0.01037607102285312, 0.018864675855374727, 0.006397726842754277]</VALUES>
		<LCS_MIN>[0.0945221409201622, 0.06589610129594803, 0.046787191182374954, 0.028678322210907936, 0.013219672255218029, 0.008687851019203663]</LCS_MIN>
		<LCS_MAX>[0.17012067139148712, 0.14481769502162933, 0.1243993416428566, 0.1222364529967308, 0.10022593289613724, 0.08557942509651184]</LCS_MAX>
		<WAVELENGTH>[0.485, 0.56, 0.66, 0.83, 1.65, 2.215]</WAVELENGTH>
		<MEAN_VALUE>[0.11358717437758978, 0.08158106430745482, 0.05684383372191948, 0.050655186637228816, 0.025881416232889896, 0.018864675855374727]</MEAN_VALUE>
		<CHECKBOX>2</CHECKBOX>
		<SD>[0.005452996496726548, 0.007260428297505384, 0.006399702145572831, 0.01259300629461698, 0.01037607102285312, 0.006397726842754277]</SD>
		<WAVELENGTH_UNIT>E-6m</WAVELENGTH_UNIT>
		<COLOR>#201b11</COLOR>
		<COVARIANCE_MATRIX>[[2.9267792916289854e-05, 2.940151698947816e-05, 2.1235537481612646e-05, 1.0333089620028196e-05, 1.232588036799698e-05, 1.3570862087311862e-05], [2.940151698947816e-05, 5.625693672491809e-05, 4.331354739295142e-05, 3.8017750739490057e-05, 2.641381604340146e-05, 1.9481229383835045e-05], [2.1235537481612646e-05, 4.331354739295142e-05, 4.6960132060128774e-05, 4.865150023487687e-05, 3.803288190049937e-05, 2.5874853622756007e-05], [1.0333089620028196e-05, 3.8017750739490057e-05, 4.865150023487687e-05, 0.00011338907636574463, 7.719767812774231e-05, 4.355660090607148e-05], [1.232588036799698e-05, 2.641381604340146e-05, 3.803288190049937e-05, 7.719767812774231e-05, 7.945345860561564e-05, 4.724423074487321e-05], [1.3570862087311862e-05, 1.9481229383835045e-05, 2.5874853622756007e-05, 4.355660090607148e-05, 4.724423074487321e-05, 4.207677953346762e-05]]</COVARIANCE_MATRIX>
		<ROI_SIZE>27695</ROI_SIZE>
		<MAX_VALUE>[0.17012067139148712, 0.14481769502162933, 0.1243993416428566, 0.1222364529967308, 0.10022593289613724, 0.08557942509651184]</MAX_VALUE>
		<MIN_VALUE>[0.0945221409201622, 0.06589610129594803, 0.046787191182374954, 0.028678322210907936, 0.013219672255218029, 0.008687851019203663]</MIN_VALUE>
		<SIGNATURE_THRESHOLD_MD>0</SIGNATURE_THRESHOLD_MD>
		<SIGNATURE_THRESHOLD_ML>0</SIGNATURE_THRESHOLD_ML>
		<SIGNATURE_THRESHOLD_SAM>0</SIGNATURE_THRESHOLD_SAM>
	</signature>
	<signature ID="20210107_135636175653_598">
		<MACROCLASSID>1</MACROCLASSID>
		<MACROCLASSINFO>waterbody</MACROCLASSINFO>
		<CLASSID>13</CLASSID>
		<CLASSINFO>C 1</CLASSINFO>
		<VALUES>[0.14357072616781083, 0.015505235052941109, 0.13389259986271526, 0.016556909834130166, 0.11222949131461223, 0.0213034560329324, 0.0986178267269957, 0.037651551211106374, 0.04591846297502761, 0.023240998311507062, 0.028466777289132304, 0.01254889154337095]</VALUES>
		<LCS_MIN>[0.12444654107093811, 0.11193370074033737, 0.09113698452711105, 0.056399259716272354, 0.022143390029668808, 0.011891668662428856]</LCS_MIN>
		<LCS_MAX>[0.20004509389400482, 0.19743211567401886, 0.18538032472133636, 0.19153878092765808, 0.11138057708740234, 0.06956034153699875]</LCS_MAX>
		<WAVELENGTH>[0.485, 0.56, 0.66, 0.83, 1.65, 2.215]</WAVELENGTH>
		<MEAN_VALUE>[0.14357072616781083, 0.13389259986271526, 0.11222949131461223, 0.0986178267269957, 0.04591846297502761, 0.028466777289132304]</MEAN_VALUE>
		<CHECKBOX>2</CHECKBOX>
		<SD>[0.015505235052941109, 0.016556909834130166, 0.0213034560329324, 0.037651551211106374, 0.023240998311507062, 0.01254889154337095]</SD>
		<WAVELENGTH_UNIT>E-6m</WAVELENGTH_UNIT>
		<COLOR>#f0e42c</COLOR>
		<COVARIANCE_MATRIX>[[0.0002451160909417375, 0.00023934818772670518, 0.0002648088644035039, 0.00026449798060334536, 3.954109309662848e-05, 4.926146255685022e-06], [0.00023934818772670518, 0.00027470796948512267, 0.0002876677497836791, 0.00021443312060140407, 8.666284649718693e-07, -1.522969979752939e-05], [0.0002648088644035039, 0.0002876677497836791, 0.0004318187173972636, 0.0005050568877708176, 0.00015195837654108295, 5.87218551491617e-05], [0.00026449798060334536, 0.00021443312060140407, 0.0005050568877708176, 0.0012489954305411428, 0.0006824612106081738, 0.000334027956855625], [3.954109309662848e-05, 8.666284649718693e-07, 0.00015195837654108295, 0.0006824612106081738, 0.0004998573532952279, 0.00025861563790457467], [4.926146255685022e-06, -1.522969979752939e-05, 5.87218551491617e-05, 0.000334027956855625, 0.00025861563790457467, 0.00014682703029949366]]</COVARIANCE_MATRIX>
		<ROI_SIZE>909</ROI_SIZE>
		<MAX_VALUE>[0.20004509389400482, 0.19743211567401886, 0.18538032472133636, 0.19153878092765808, 0.11138057708740234, 0.06956034153699875]</MAX_VALUE>
		<MIN_VALUE>[0.12444654107093811, 0.11193370074033737, 0.09113698452711105, 0.056399259716272354, 0.022143390029668808, 0.011891668662428856]</MIN_VALUE>
		<SIGNATURE_THRESHOLD_MD>0</SIGNATURE_THRESHOLD_MD>
		<SIGNATURE_THRESHOLD_ML>0</SIGNATURE_THRESHOLD_ML>
		<SIGNATURE_THRESHOLD_SAM>0</SIGNATURE_THRESHOLD_SAM>
	</signature>
	<signature ID="20210107_140758203885_590">
		<MACROCLASSID>1</MACROCLASSID>
		<MACROCLASSINFO>waterbody</MACROCLASSINFO>
		<CLASSID>14</CLASSID>
		<CLASSINFO>C 1</CLASSINFO>
		<VALUES>[0.1174608675890799, 0.003296136129420103, 0.08073737988972117, 0.0033850115932857173, 0.056183984384814804, 0.0031923730310653557, 0.04797435911177624, 0.004090776620610176, 0.02584280931355649, 0.0034398264885778036, 0.020132415229204687, 0.0035933709252403525]</VALUES>
		<LCS_MIN>[0.10712189227342606, 0.06918448954820633, 0.04124346375465393, 0.039073675870895386, 0.01545060146600008, 0.008687851019203663]</LCS_MIN>
		<LCS_MAX>[0.1748455911874771, 0.14152930676937103, 0.11885561048984528, 0.11530622839927673, 0.08460941165685654, 0.07596797496080399]</LCS_MAX>
		<WAVELENGTH>[0.485, 0.56, 0.66, 0.83, 1.65, 2.215]</WAVELENGTH>
		<MEAN_VALUE>[0.1174608675890799, 0.08073737988972117, 0.056183984384814804, 0.04797435911177624, 0.02584280931355649, 0.020132415229204687]</MEAN_VALUE>
		<CHECKBOX>2</CHECKBOX>
		<SD>[0.003296136129420103, 0.0033850115932857173, 0.0031923730310653557, 0.004090776620610176, 0.0034398264885778036, 0.0035933709252403525]</SD>
		<WAVELENGTH_UNIT>E-6m</WAVELENGTH_UNIT>
		<COLOR>#d54821</COLOR>
		<COVARIANCE_MATRIX>[[1.070981066410492e-05, 8.355959798573908e-06, 6.679684356767999e-06, 9.390908117117762e-06, 6.299681732843506e-06, 5.202982781388318e-06], [8.355959798573908e-06, 1.1637294663048206e-05, 6.833280454749311e-06, 9.556243210759447e-06, 6.502259050187462e-06, 5.361869407925354e-06], [6.679684356767999e-06, 6.833280454749311e-06, 9.483174337406352e-06, 8.853109180351434e-06, 6.683320785226653e-06, 5.580628958016896e-06], [9.390908117117762e-06, 9.556243210759447e-06, 8.853109180351434e-06, 1.6664955322513647e-05, 9.036942144981301e-06, 7.460534450974169e-06], [6.299681732843506e-06, 6.502259050187462e-06, 6.683320785226653e-06, 9.036942144981301e-06, 1.1241083779713664e-05, 6.511069871282722e-06], [5.202982781388318e-06, 5.361869407925354e-06, 5.580628958016896e-06, 7.460534450974169e-06, 6.511069871282722e-06, 1.3800977531587355e-05]]</COVARIANCE_MATRIX>
		<ROI_SIZE>40346</ROI_SIZE>
		<MAX_VALUE>[0.1748455911874771, 0.14152930676937103, 0.11885561048984528, 0.11530622839927673, 0.08460941165685654, 0.07596797496080399]</MAX_VALUE>
		<MIN_VALUE>[0.10712189227342606, 0.06918448954820633, 0.04124346375465393, 0.039073675870895386, 0.01545060146600008, 0.008687851019203663]</MIN_VALUE>
		<SIGNATURE_THRESHOLD_MD>0</SIGNATURE_THRESHOLD_MD>
		<SIGNATURE_THRESHOLD_ML>0</SIGNATURE_THRESHOLD_ML>
		<SIGNATURE_THRESHOLD_SAM>0</SIGNATURE_THRESHOLD_SAM>
	</signature>
	<signature ID="20210107_140821368118_862">
		<MACROCLASSID>1</MACROCLASSID>
		<MACROCLASSINFO>waterbody</MACROCLASSINFO>
		<CLASSID>15</CLASSID>
		<CLASSINFO>C 1</CLASSINFO>
		<VALUES>[0.09849241668213389, 0.006944152808033069, 0.06407558453978436, 0.01069252857089101, 0.0392480806092997, 0.008234613983192437, 0.0328774766384064, 0.007836631530076656, 0.01029561777311064, 0.006551582542487338, 0.006553110514326548, 0.004880420431938698]</VALUES>
		<LCS_MIN>[0.08507232367992401, 0.023146891966462135, 0.030156008899211884, 0.02521321177482605, 0.0, 0.0]</LCS_MIN>
		<LCS_MAX>[0.15122103691101074, 0.12508729100227356, 0.10776817053556442, 0.1014457568526268, 0.07568570971488953, 0.06635652482509613]</LCS_MAX>
		<WAVELENGTH>[0.485, 0.56, 0.66, 0.83, 1.65, 2.215]</WAVELENGTH>
		<MEAN_VALUE>[0.09849241668213389, 0.06407558453978436, 0.0392480806092997, 0.0328774766384064, 0.01029561777311064, 0.006553110514326548]</MEAN_VALUE>
		<CHECKBOX>2</CHECKBOX>
		<SD>[0.006944152808033069, 0.01069252857089101, 0.008234613983192437, 0.007836631530076656, 0.006551582542487338, 0.004880420431938698]</SD>
		<WAVELENGTH_UNIT>E-6m</WAVELENGTH_UNIT>
		<COLOR>#769846</COLOR>
		<COVARIANCE_MATRIX>[[5.1984840244178166e-05, 7.377609374418222e-05, 4.896728764622658e-05, 3.127402548375187e-05, 2.8273328496722647e-05, 1.914847586725178e-05], [7.377609374418222e-05, 0.00012120481601972717, 7.928600932717418e-05, 5.0249854781746984e-05, 4.144793830717756e-05, 2.731292834631278e-05], [4.896728764622658e-05, 7.928600932717418e-05, 7.68139815706265e-05, 5.4015200663625585e-05, 4.296962573507783e-05, 2.8700139992713236e-05], [3.127402548375187e-05, 5.0249854781746984e-05, 5.4015200663625585e-05, 7.46705068747473e-05, 5.3218414719886475e-05, 3.386015352432007e-05], [2.8273328496722647e-05, 4.144793830717756e-05, 4.296962573507783e-05, 5.3218414719886475e-05, 5.0102549017401944e-05, 3.112920176135152e-05], [1.914847586725178e-05, 2.731292834631278e-05, 2.8700139992713236e-05, 3.386015352432007e-05, 3.112920176135152e-05, 2.8078020833374032e-05]]</COVARIANCE_MATRIX>
		<ROI_SIZE>26505</ROI_SIZE>
		<MAX_VALUE>[0.15122103691101074, 0.12508729100227356, 0.10776817053556442, 0.1014457568526268, 0.07568570971488953, 0.06635652482509613]</MAX_VALUE>
		<MIN_VALUE>[0.08507232367992401, 0.023146891966462135, 0.030156008899211884, 0.02521321177482605, 0.0, 0.0]</MIN_VALUE>
		<SIGNATURE_THRESHOLD_MD>0</SIGNATURE_THRESHOLD_MD>
		<SIGNATURE_THRESHOLD_ML>0</SIGNATURE_THRESHOLD_ML>
		<SIGNATURE_THRESHOLD_SAM>0</SIGNATURE_THRESHOLD_SAM>
	</signature>
	<signature ID="20210107_140827416830_701">
		<MACROCLASSID>1</MACROCLASSID>
		<MACROCLASSINFO>waterbody</MACROCLASSINFO>
		<CLASSID>16</CLASSID>
		<CLASSINFO>C 1</CLASSINFO>
		<VALUES>[0.09695532905141808, 0.00789375277442742, 0.061322740566769375, 0.010212208694345628, 0.03781724682558728, 0.009927042429584879, 0.028730098960279806, 0.00922918124644685, 0.008941661375000945, 0.008979667789806434, 0.006084726094079195, 0.007420803215617355]</VALUES>
		<LCS_MIN>[0.07089759409427643, 0.026435289531946182, 0.02461228519678116, 0.018282976001501083, 0.0, 0.0]</LCS_MIN>
		<LCS_MAX>[0.14177122712135315, 0.11851049214601517, 0.10499630123376846, 0.09798065572977066, 0.07568570971488953, 0.05994889885187149]</LCS_MAX>
		<WAVELENGTH>[0.485, 0.56, 0.66, 0.83, 1.65, 2.215]</WAVELENGTH>
		<MEAN_VALUE>[0.09695532905141808, 0.061322740566769375, 0.03781724682558728, 0.028730098960279806, 0.008941661375000945, 0.006084726094079195]</MEAN_VALUE>
		<CHECKBOX>2</CHECKBOX>
