<?xml version="1.0" ?>
<signaturelist MCID_LIST="[['1', 'waterbody', '#0000ff'], ['2', 'vegetation', '#00ff00'], ['3', 'bareland', '#ffaa00'], ['4', 'built-up', '#ff0000']]">
	<signature ID="20220106_161523960396_553">
		<MACROCLASSID>1</MACROCLASSID>
		<MACROCLASSINFO>waterbody</MACROCLASSINFO>
		<CLASSID>1</CLASSID>
		<CLASSINFO>C 1</CLASSINFO>
		<VALUES>[0.11489579875088304, 0.004323663750741681, 0.12472955838463014, 0.007236179980490037, 0.13968553848167842, 0.011226091967828497, 0.1853683470092581, 0.013515627919176279, 0.1763893368505162, 0.017381565078215016, 0.1273980622989892, 0.017093974549949976]</VALUES>
		<LCS_MIN>[0.0995357483625412, 0.0964348316192627, 0.09994767606258392, 0.16016928851604462, 0.1285310834646225, 0.08054091036319733]</LCS_MIN>
		<LCS_MAX>[0.13058336079120636, 0.14927250146865845, 0.1731211394071579, 0.2177642583847046, 0.20269332826137543, 0.15885239839553833]</LCS_MAX>
		<WAVELENGTH>[0.485, 0.56, 0.66, 0.83, 1.65, 2.215]</WAVELENGTH>
		<MEAN_VALUE>[0.11489579875088304, 0.12472955838463014, 0.13968553848167842, 0.1853683470092581, 0.1763893368505162, 0.1273980622989892]</MEAN_VALUE>
		<CHECKBOX>2</CHECKBOX>
		<SD>[0.004323663750741681, 0.007236179980490037, 0.011226091967828497, 0.013515627919176279, 0.017381565078215016, 0.017093974549949976]</SD>
		<WAVELENGTH_UNIT>E-6m</WAVELENGTH_UNIT>
		<COLOR>#047a13</COLOR>
		<COVARIANCE_MATRIX>[[1.8805342445129267e-05, 2.8447613579803804e-05, 4.434897176011651e-05, -1.0807943086869481e-05, 4.619609451747342e-05, 4.778830912288759e-05], [2.8447613579803804e-05, 5.267398107141421e-05, 7.910045676321087e-05, -1.9256076908050014e-05, 8.005084459124444e-05, 7.856743772701092e-05], [4.434897176011651e-05, 7.910045676321087e-05, 0.00012677529051818, -3.126395237219627e-05, 0.0001254291483510138, 0.0001222690531328017], [-1.0807943086869481e-05, -1.9256076908050014e-05, -3.126395237219627e-05, 0.0001837595325618176, 2.3725996353338607e-05, 2.4677606441408763e-06], [4.619609451747342e-05, 8.005084459124444e-05, 0.0001254291483510138, 2.3725996353338607e-05, 0.0003039171307858913, 0.00027890177754194], [4.778830912288759e-05, 7.856743772701092e-05, 0.0001222690531328017, 2.4677606441408763e-06, 0.00027890177754194, 0.00029394327523525604]]</COVARIANCE_MATRIX>
		<ROI_SIZE>169</ROI_SIZE>
		<MAX_VALUE>[0.13058336079120636, 0.14927250146865845, 0.1731211394071579, 0.2177642583847046, 0.20269332826137543, 0.15885239839553833]</MAX_VALUE>
		<MIN_VALUE>[0.0995357483625412, 0.0964348316192627, 0.09994767606258392, 0.16016928851604462, 0.1285310834646225, 0.08054091036319733]</MIN_VALUE>
		<SIGNATURE_THRESHOLD_MD>0</SIGNATURE_THRESHOLD_MD>
		<SIGNATURE_THRESHOLD_ML>0</SIGNATURE_THRESHOLD_ML>
		<SIGNATURE_THRESHOLD_SAM>0</SIGNATURE_THRESHOLD_SAM>
	</signature>
	<signature ID="20220106_161554006440_243">
		<MACROCLASSID>1</MACROCLASSID>
		<MACROCLASSINFO>waterbody</MACROCLASSINFO>
		<CLASSID>2</CLASSID>
		<CLASSINFO>C 1</CLASSINFO>
		<VALUES>[0.10050597854635941, 0.002891586349010476, 0.0965515810953962, 0.0036068493100951454, 0.09446583648042921, 0.004581189200507178, 0.0934114511209455, 0.011698979068590394, 0.04137433988084511, 0.013740586943148432, 0.028953227775425378, 0.011667738003405783]</VALUES>
		<LCS_MIN>[0.09413615614175797, 0.08469311892986298, 0.0782666727900505, 0.07547076791524887, 0.02165021002292633, 0.011626814492046833]</LCS_MIN>
		<LCS_MAX>[0.11168479174375534, 0.10817652940750122, 0.10807806998491287, 0.13306574523448944, 0.0740000307559967, 0.06487861275672913]</LCS_MAX>
		<WAVELENGTH>[0.485, 0.56, 0.66, 0.83, 1.65, 2.215]</WAVELENGTH>
		<MEAN_VALUE>[0.10050597854635941, 0.0965515810953962, 0.09446583648042921, 0.0934114511209455, 0.04137433988084511, 0.028953227775425378]</MEAN_VALUE>
		<CHECKBOX>2</CHECKBOX>
		<SD>[0.002891586349010476, 0.0036068493100951454, 0.004581189200507178, 0.011698979068590394, 0.013740586943148432, 0.011667738003405783]</SD>
		<WAVELENGTH_UNIT>E-6m</WAVELENGTH_UNIT>
		<COLOR>#dc221c</COLOR>
		<COVARIANCE_MATRIX>[[7.36351127516082e-06, 6.498408078516983e-06, 8.525138573776542e-06, 1.140527202711237e-05, 2.050188058903304e-05, 2.0252556883068537e-05], [6.498408078516983e-06, 1.231013867517416e-05, 1.1799979932030115e-05, 1.1677150333304807e-05, 2.294626102872844e-05, 2.2476559434880453e-05], [8.525138573776542e-06, 1.1799979932030115e-05, 1.870493957342295e-05, 1.4036616318368418e-05, 3.0001638946655228e-05, 2.9995132242537562e-05], [1.140527202711237e-05, 1.1677150333304807e-05, 1.4036616318368418e-05, 0.00013305831513622397, 0.00012922214213378498, 9.884176010203964e-05], [2.050188058903304e-05, 2.294626102872844e-05, 3.0001638946655228e-05, 0.00012922214213378498, 0.00018806098049290633, 0.000147248318682717], [2.0252556883068537e-05, 2.2476559434880453e-05, 2.9995132242537562e-05, 9.884176010203964e-05, 0.000147248318682717, 0.0001379155338807491]]</COVARIANCE_MATRIX>
		<ROI_SIZE>1100</ROI_SIZE>
		<MAX_VALUE>[0.11168479174375534, 0.10817652940750122, 0.10807806998491287, 0.13306574523448944, 0.0740000307559967, 0.06487861275672913]</MAX_VALUE>
		<MIN_VALUE>[0.09413615614175797, 0.08469311892986298, 0.0782666727900505, 0.07547076791524887, 0.02165021002292633, 0.011626814492046833]</MIN_VALUE>
		<SIGNATURE_THRESHOLD_MD>0</SIGNATURE_THRESHOLD_MD>
		<SIGNATURE_THRESHOLD_ML>0</SIGNATURE_THRESHOLD_ML>
		<SIGNATURE_THRESHOLD_SAM>0</SIGNATURE_THRESHOLD_SAM>
	</signature>
	<signature ID="20220106_161600564886_199">
		<MACROCLASSID>1</MACROCLASSID>
		<MACROCLASSINFO>waterbody</MACROCLASSINFO>
		<CLASSID>3</CLASSID>
		<CLASSINFO>C 1</CLASSINFO>
		<VALUES>[0.0994483372933572, 0.002865660595124596, 0.09519589883532173, 0.003893743387186395, 0.09324060721720433, 0.0049692814108701815, 0.0922317290120273, 0.012473863440490748, 0.04152723652370972, 0.013336896175996505, 0.02888914196119963, 0.01098713956847288]</VALUES>
		<LCS_MIN>[0.09008646756410599, 0.08175769448280334, 0.0728464126586914, 0.07547076791524887, 0.023831453174352646, 0.011626814492046833]</LCS_MIN>
		<LCS_MAX>[0.10898500680923462, 0.10817652940750122, 0.11078821122646332, 0.13306574523448944, 0.07181878387928009, 0.06487861275672913]</LCS_MAX>
		<WAVELENGTH>[0.485, 0.56, 0.66, 0.83, 1.65, 2.215]</WAVELENGTH>
		<MEAN_VALUE>[0.0994483372933572, 0.09519589883532173, 0.09324060721720433, 0.0922317290120273, 0.04152723652370972, 0.02888914196119963]</MEAN_VALUE>
		<CHECKBOX>2</CHECKBOX>
		<SD>[0.002865660595124596, 0.003893743387186395, 0.0049692814108701815, 0.012473863440490748, 0.013336896175996505, 0.01098713956847288]</SD>
		<WAVELENGTH_UNIT>E-6m</WAVELENGTH_UNIT>
		<COLOR>#319738</COLOR>
		<COVARIANCE_MATRIX>[[7.010703767156407e-06, 6.734679776091571e-06, 9.115258738945027e-06, 1.1834426238468204e-05, 1.7073644595853715e-05, 1.698450964506937e-05], [6.734679776091571e-06, 1.273725409737639e-05, 1.299266854146367e-05, 1.1288746051051272e-05, 1.6770395515526374e-05, 1.7694732611657568e-05], [9.115258738945027e-06, 1.299266854146367e-05, 2.1592862209653096e-05, 1.512253931705839e-05, 2.2968294726404124e-05, 2.4873402558713483e-05], [1.1834426238468204e-05, 1.1288746051051272e-05, 1.512253931705839e-05, 0.0001273798980006234, 0.00011667765930056509, 9.013727355811044e-05], [1.7073644595853715e-05, 1.6770395515526374e-05, 2.2968294726404124e-05, 0.00011667765930056509, 0.00016826028490333169, 0.00013173011959611826], [1.698450964506937e-05, 1.7694732611657568e-05, 2.4873402558713483e-05, 9.013727355811044e-05, 0.00013173011959611826, 0.0001220178211062679]]</COVARIANCE_MATRIX>
		<ROI_SIZE>783</ROI_SIZE>
		<MAX_VALUE>[0.10898500680923462, 0.10817652940750122, 0.11078821122646332, 0.13306574523448944, 0.07181878387928009, 0.06487861275672913]</MAX_VALUE>
		<MIN_VALUE>[0.09008646756410599, 0.08175769448280334, 0.0728464126586914, 0.07547076791524887, 0.023831453174352646, 0.011626814492046833]</MIN_VALUE>
		<SIGNATURE_THRESHOLD_MD>0</SIGNATURE_THRESHOLD_MD>
		<SIGNATURE_THRESHOLD_ML>0</SIGNATURE_THRESHOLD_ML>
		<SIGNATURE_THRESHOLD_SAM>0</SIGNATURE_THRESHOLD_SAM>
	</signature>
	<signature ID="20220106_161614586951_461">
		<MACROCLASSID>1</MACROCLASSID>
		<MACROCLASSINFO>waterbody</MACROCLASSINFO>
		<CLASSID>4</CLASSID>
		<CLASSINFO>C 1</CLASSINFO>
		<VALUES>[0.10081398616803938, 0.002746443457462888, 0.09576797255981245, 0.0038129398906001717, 0.0947115576792421, 0.004300210873817195, 0.09668315624355507, 0.01024487496863115, 0.04238821908578497, 0.013028553629238857, 0.030168843453635324, 0.011104442509384766]</VALUES>
		<LCS_MIN>[0.09413615614175797, 0.08175769448280334, 0.07555654644966125, 0.07547076791524887, 0.02165021002292633, 0.011626814492046833]</LCS_MIN>
		<LCS_MAX>[0.11033491790294647, 0.10817652940750122, 0.11078821122646332, 0.13645368814468384, 0.0740000307559967, 0.061746157705783844]</LCS_MAX>
		<WAVELENGTH>[0.485, 0.56, 0.66, 0.83, 1.65, 2.215]</WAVELENGTH>
		<MEAN_VALUE>[0.10081398616803938, 0.09576797255981245, 0.0947115576792421, 0.09668315624355507, 0.04238821908578497, 0.030168843453635324]</MEAN_VALUE>
		<CHECKBOX>2</CHECKBOX>
		<SD>[0.002746443457462888, 0.0038129398906001717, 0.004300210873817195, 0.01024487496863115, 0.013028553629238857, 0.011104442509384766]</SD>
		<WAVELENGTH_UNIT>E-6m</WAVELENGTH_UNIT>
		<COLOR>#8a08ed</COLOR>
		<COVARIANCE_MATRIX>[[8.334120395131129e-06, 8.7611016326849e-06, 1.0648718327295705e-05, 9.283880513474057e-06, 1.7453513309820302e-05, 1.8079503773163407e-05], [8.7611016326849e-06, 1.7072436132032234e-05, 1.6628732249160938e-05, 1.0677684508566853e-05, 1.982778485602711e-05, 2.1694152219207795e-05], [1.0648718327295705e-05, 1.6628732249160938e-05, 2.3701962480316355e-05, 8.594401000759388e-06, 2.0346321603878282e-05, 2.3942399747984272e-05], [9.283880513474057e-06, 1.0677684508566853e-05, 8.594401000759388e-06, 0.00011122820401195358, 0.00011557369156379309, 8.522223426489697e-05], [1.7453513309820302e-05, 1.982778485602711e-05, 2.0346321603878282e-05, 0.00011557369156379309, 0.0001782435983672561, 0.000133829562847877], [1.8079503773163407e-05, 2.1694152219207795e-05, 2.3942399747984272e-05, 8.522223426489697e-05, 0.000133829562847877, 0.00012135397629639911]]</COVARIANCE_MATRIX>
		<ROI_SIZE>1948</ROI_SIZE>
		<MAX_VALUE>[0.11033491790294647, 0.10817652940750122, 0.11078821122646332, 0.13645368814468384, 0.0740000307559967, 0.061746157705783844]</MAX_VALUE>
		<MIN_VALUE>[0.09413615614175797, 0.08175769448280334, 0.07555654644966125, 0.07547076791524887, 0.02165021002292633, 0.011626814492046833]</MIN_VALUE>
		<SIGNATURE_THRESHOLD_MD>0</SIGNATURE_THRESHOLD_MD>
		<SIGNATURE_THRESHOLD_ML>0</SIGNATURE_THRESHOLD_ML>
		<SIGNATURE_THRESHOLD_SAM>0</SIGNATURE_THRESHOLD_SAM>
	</signature>
	<signature ID="20220106_161628453153_554">
		<MACROCLASSID>1</MACROCLASSID>
		<MACROCLASSINFO>waterbody</MACROCLASSINFO>
		<CLASSID>5</CLASSID>
		<CLASSINFO>C 1</CLASSINFO>
		<VALUES>[0.10377738467597084, 0.003930905313077805, 0.0996664910141481, 0.004737319745366796, 0.10151408793866087, 0.006811709456568029, 0.1104069576009151, 0.014097881984780295, 0.04931596468348021, 0.01968733218302236, 0.03448801777334113, 0.01647411671227335]</VALUES>
		<LCS_MIN>[0.09278625249862671, 0.0876285508275032, 0.0782666727900505, 0.09241046756505966, 0.019468968734145164, 0.011626814492046833]</LCS_MIN>
		<LCS_MAX>[0.12113407254219055, 0.11698281764984131, 0.12704895436763763, 0.15000544488430023, 0.1001749262213707, 0.08054091036319733]</LCS_MAX>
		<WAVELENGTH>[0.485, 0.56, 0.66, 0.83, 1.65, 2.215]</WAVELENGTH>
		<MEAN_VALUE>[0.10377738467597084, 0.0996664910141481, 0.10151408793866087, 0.1104069576009151, 0.04931596468348021, 0.03448801777334113]</MEAN_VALUE>
		<CHECKBOX>2</CHECKBOX>
		<SD>[0.003930905313077805, 0.004737319745366796, 0.006811709456568029, 0.014097881984780295, 0.01968733218302236, 0.01647411671227335]</SD>
		<WAVELENGTH_UNIT>E-6m</WAVELENGTH_UNIT>
		<COLOR>#18835f</COLOR>
		<COVARIANCE_MATRIX>[[1.3193243065232157e-05, 1.2841277151622129e-05, 1.7661408952624056e-05, 1.4607807078152987e-05, 3.86918559267913e-05, 3.764907352639021e-05], [1.2841277151622129e-05, 1.9619289414974973e-05, 2.307793832783635e-05, 1.374485871674613e-05, 3.722755063688876e-05, 3.7809314094509235e-05], [1.7661408952624056e-05, 2.307793832783635e-05, 3.603415882151861e-05, 1.1794247480734144e-05, 4.619961830971677e-05, 4.899653991613077e-05], [1.4607807078152987e-05, 1.374485871674613e-05, 1.1794247480734144e-05, 0.00018710583189445162, 0.0002200642310901877, 0.00015877227190029994], [3.86918559267913e-05, 3.722755063688876e-05, 4.619961830971677e-05, 0.0002200642310901877, 0.00038806516801920705, 0.00030148859712054744], [3.764907352639021e-05, 3.7809314094509235e-05, 4.899653991613077e-05, 0.00015877227190029994, 0.00030148859712054744, 0.00026087147742078794]]</COVARIANCE_MATRIX>
		<ROI_SIZE>1740</ROI_SIZE>
		<MAX_VALUE>[0.12113407254219055, 0.11698281764984131, 0.12704895436763763, 0.15000544488430023, 0.1001749262213707, 0.08054091036319733]</MAX_VALUE>
		<MIN_VALUE>[0.09278625249862671, 0.0876285508275032, 0.0782666727900505, 0.09241046756505966, 0.019468968734145164, 0.011626814492046833]</MIN_VALUE>
		<SIGNATURE_THRESHOLD_MD>0</SIGNATURE_THRESHOLD_MD>
		<SIGNATURE_THRESHOLD_ML>0</SIGNATURE_THRESHOLD_ML>
		<SIGNATURE_THRESHOLD_SAM>0</SIGNATURE_THRESHOLD_SAM>
	</signature>
	<signature ID="20220106_161638728909_614">
		<MACROCLASSID>1</MACROCLASSID>
		<MACROCLASSINFO>waterbody</MACROCLASSINFO>
		<CLASSID>6</CLASSID>
		<CLASSINFO>C 1</CLASSINFO>
		<VALUES>[0.10755395938554603, 0.0030731278503660924, 0.10433518123590876, 0.0037640284963584452, 0.10917516048243628, 0.004543065355031363, 0.11848878343860238, 0.010637447750127801, 0.04874744437231807, 0.015141015643192028, 0.03554398705716246, 0.01302357765462313]</VALUES>
		<LCS_MIN>[0.10088563710451126, 0.0964348316192627, 0.09452743828296661, 0.09579840302467346, 0.028193935751914978, 0.014759272336959839]</LCS_MIN>
		<LCS_MAX>[0.11978418380022049, 0.11991823464632034, 0.12704895436763763, 0.16016928851604462, 0.0870874673128128, 0.07427600026130676]</LCS_MAX>
		<WAVELENGTH>[0.485, 0.56, 0.66, 0.83, 1.65, 2.215]</WAVELENGTH>
		<MEAN_VALUE>[0.10755395938554603, 0.10433518123590876, 0.10917516048243628, 0.11848878343860238, 0.04874744437231807, 0.03554398705716246]</MEAN_VALUE>
		<CHECKBOX>2</CHECKBOX>
		<SD>[0.0030731278503660924, 0.0037640284963584452, 0.004543065355031363, 0.010637447750127801, 0.015141015643192028, 0.01302357765462313]</SD>
		<WAVELENGTH_UNIT>E-6m</WAVELENGTH_UNIT>
		<COLOR>#02445b</COLOR>
		<COVARIANCE_MATRIX>[[9.76592977168262e-06, 9.771392487299263e-06, 1.2087924026634198e-05, 8.467347878241532e-06, 2.589935973286879e-05, 2.504633300450787e-05], [9.771392487299263e-06, 1.5844601989770305e-05, 1.620092286441208e-05, 1.2243848084406378e-05, 3.1476623039189035e-05, 3.081561167561605e-05], [1.2087924026634198e-05, 1.620092286441208e-05, 2.4437120676056546e-05, 6.3450888765988425e-06, 3.0572305229017095e-05, 3.270514426948662e-05], [8.467347878241532e-06, 1.2243848084406378e-05, 6.3450888765988425e-06, 0.0001218598576865584, 0.00012592575955729693, 9.042861011677757e-05], [2.589935973286879e-05, 3.1476623039189035e-05, 3.0572305229017095e-05, 0.00012592575955729693, 0.00024064661459480223, 0.00019011900429414082], [2.504633300450787e-05, 3.081561167561605e-05, 3.270514426948662e-05, 9.042861011677757e-05, 0.00019011900429414082, 0.00017163265743628931]]</COVARIANCE_MATRIX>
		<ROI_SIZE>1146</ROI_SIZE>
		<MAX_VALUE>[0.11978418380022049, 0.11991823464632034, 0.12704895436763763, 0.16016928851604462, 0.0870874673128128, 0.07427600026130676]</MAX_VALUE>
		<MIN_VALUE>[0.10088563710451126, 0.0964348316192627, 0.09452743828296661, 0.09579840302467346, 0.028193935751914978, 0.014759272336959839]</MIN_VALUE>
		<SIGNATURE_THRESHOLD_MD>0</SIGNATURE_THRESHOLD_MD>
		<SIGNATURE_THRESHOLD_ML>0</SIGNATURE_THRESHOLD_ML>
		<SIGNATURE_THRESHOLD_SAM>0</SIGNATURE_THRESHOLD_SAM>
	</signature>
	<signature ID="20220106_161741161642_264">
		<MACROCLASSID>1</MACROCLASSID>
		<MACROCLASSINFO>waterbody</MACROCLASSINFO>
		<CLASSID>7</CLASSID>
		<CLASSINFO>C 1</CLASSINFO>
		<VALUES>[0.11161793445470529, 0.0034429718624171732, 0.10940341203943493, 0.004172396705445838, 0.11637626620638113, 0.005052800879999325, 0.12268166246336676, 0.010154438204482131, 0.05393664567693836, 0.01820809529605601, 0.040391129669344134, 0.015949843596338442]</VALUES>
		<LCS_MIN>[0.10223552584648132, 0.09349940717220306, 0.09723755717277527, 0.10596223175525665, 0.028193935751914978, 0.014759272336959839]</LCS_MIN>
		<LCS_MAX>[0.12248396128416061, 0.1257890909910202, 0.13517935574054718, 0.16016928851604462, 0.09799368679523468, 0.0836733803153038]</LCS_MAX>
		<WAVELENGTH>[0.485, 0.56, 0.66, 0.83, 1.65, 2.215]</WAVELENGTH>
		<MEAN_VALUE>[0.11161793445470529, 0.10940341203943493, 0.11637626620638113, 0.12268166246336676, 0.05393664567693836, 0.040391129669344134]</MEAN_VALUE>
		<CHECKBOX>2</CHECKBOX>
		<SD>[0.0034429718624171732, 0.004172396705445838, 0.005052800879999325, 0.010154438204482131, 0.01820809529605601, 0.015949843596338442]</SD>
		<WAVELENGTH_UNIT>E-6m</WAVELENGTH_UNIT>
		<COLOR>#14e72e</COLOR>
		<COVARIANCE_MATRIX>[[1.3222677043851309e-05, 1.2792546740614043e-05, 1.4763001385446322e-05, 1.7242994873041288e-05, 4.092918297401036e-05, 3.887076570214851e-05], [1.2792546740614043e-05, 1.845018171064806e-05, 1.8828502766594738e-05, 1.9705957633485258e-05, 4.204382296260823e-05, 4.102735967127289e-05], [1.4763001385446322e-05, 1.8828502766594738e-05, 2.7514484929908425e-05, 1.4042415383467554e-05, 3.702306467248353e-05, 3.9501739145588275e-05], [1.7242994873041288e-05, 1.9705957633485258e-05, 1.4042415383467554e-05, 0.00010447781340191552, 0.00014461691492553144, 0.00011408564663578855], [4.092918297401036e-05, 4.204382296260823e-05, 3.702306467248353e-05, 0.00014461691492553144, 0.00034110400265225673, 0.000283672674846235], [3.887076570214851e-05, 4.102735967127289e-05, 3.9501739145588275e-05, 0.00011408564663578855, 0.000283672674846235, 0.00026222171348062753]]</COVARIANCE_MATRIX>
		<ROI_SIZE>1149</ROI_SIZE>
		<MAX_VALUE>[0.12248396128416061, 0.1257890909910202, 0.13517935574054718, 0.16016928851604462, 0.09799368679523468, 0.0836733803153038]</MAX_VALUE>
		<MIN_VALUE>[0.10223552584648132, 0.09349940717220306, 0.09723755717277527, 0.10596223175525665, 0.028193935751914978, 0.014759272336959839]</MIN_VALUE>
		<SIGNATURE_THRESHOLD_MD>0</SIGNATURE_THRESHOLD_MD>
		<SIGNATURE_THRESHOLD_ML>0</SIGNATURE_THRESHOLD_ML>
		<SIGNATURE_THRESHOLD_SAM>0</SIGNATURE_THRESHOLD_SAM>
	</signature>
	<signature ID="20220106_161750437468_648">
		<MACROCLASSID>1</MACROCLASSID>
		<MACROCLASSINFO>waterbody</MACROCLASSINFO>
		<CLASSID>8</CLASSID>
		<CLASSINFO>C 1</CLASSINFO>
		<VALUES>[0.11440627914236262, 0.002560586068275571, 0.11098228206476536, 0.0026990583689501177, 0.11835261254784571, 0.00359908074277393, 0.1251605589945153, 0.01062576140604089, 0.05134663895430813, 0.015827850172000738, 0.03996990903104884, 0.013371814131365315]</VALUES>
		<LCS_MIN>[0.10898500680923462, 0.10524109750986099, 0.10807806998491287, 0.10935017466545105, 0.030375178903341293, 0.02102418802678585]</LCS_MIN>
		<LCS_MAX>[0.1292334645986557, 0.12872451543807983, 0.14330972731113434, 0.16016928851604462, 0.08926870673894882, 0.07740846276283264]</LCS_MAX>
		<WAVELENGTH>[0.485, 0.56, 0.66, 0.83, 1.65, 2.215]</WAVELENGTH>
		<MEAN_VALUE>[0.11440627914236262, 0.11098228206476536, 0.11835261254784571, 0.1251605589945153, 0.05134663895430813, 0.03996990903104884]</MEAN_VALUE>
		<CHECKBOX>2</CHECKBOX>
		<SD>[0.002560586068275571, 0.0026990583689501177, 0.00359908074277393, 0.01062576140604089, 0.015827850172000738, 0.013371814131365315]</SD>
		<WAVELENGTH_UNIT>E-6m</WAVELENGTH_UNIT>
		<COLOR>#988e61</COLOR>
		<COVARIANCE_MATRIX>[[6.054275407997852e-06, 3.949157955582742e-06, 4.7629290563138885e-06, 4.224103643871048e-06, 1.7169368166840392e-05, 1.7466691760418243e-05], [3.949157955582742e-06, 7.270230234057952e-06, 6.653807868601838e-06, 2.747946523137553e-06, 1.2785371545317958e-05, 1.440722012476315e-05], [4.7629290563138885e-06, 6.653807868601838e-06, 1.3510825252925318e-05, -9.505875134650303e-06, 1.7019156387317905e-06, 7.735227745879594e-06], [4.224103643871048e-06, 2.747946523137553e-06, -9.505875134650303e-06, 0.00011430215345446938, 0.00010323109929023848, 7.391548616491089e-05], [1.7169368166840392e-05, 1.2785371545317958e-05, 1.7019156387317905e-06, 0.00010323109929023848, 0.00023750530209716306, 0.00019271316809143073], [1.7466691760418243e-05, 1.440722012476315e-05, 7.735227745879594e-06, 7.391548616491089e-05, 0.00019271316809143073, 0.00017631426390622967]]</COVARIANCE_MATRIX>
		<ROI_SIZE>788</ROI_SIZE>
		<MAX_VALUE>[0.1292334645986557, 0.12872451543807983, 0.14330972731113434, 0.16016928851604462, 0.08926870673894882, 0.07740846276283264]</MAX_VALUE>
		<MIN_VALUE>[0.10898500680923462, 0.10524109750986099, 0.10807806998491287, 0.10935017466545105, 0.030375178903341293, 0.02102418802678585]</MIN_VALUE>
		<SIGNATURE_THRESHOLD_MD>0</SIGNATURE_THRESHOLD_MD>
		<SIGNATURE_THRESHOLD_ML>0</SIGNATURE_THRESHOLD_ML>
		<SIGNATURE_THRESHOLD_SAM>0</SIGNATURE_THRESHOLD_SAM>
	</signature>
	<signature ID="20220106_161758032830_877">
		<MACROCLASSID>1</MACROCLASSID>
		<MACROCLASSINFO>waterbody</MACROCLASSINFO>
		<CLASSID>9</CLASSID>
		<CLASSINFO>C 1</CLASSINFO>
		<VALUES>[0.11517290541907002, 0.0026910768171076876, 0.11007280204955311, 0.0027044851097550093, 0.1157462650414277, 0.0033370168472031552, 0.1176142925516887, 0.007136845843138322, 0.04233537468029235, 0.013747466017880381, 0.03307646943270701, 0.012249479123591376]</VALUES>
		<LCS_MIN>[0.11033491790294647, 0.10524109750986099, 0.10807806998491287, 0.10596223175525665, 0.023831453174352646, 0.01789172925055027]</LCS_MIN>
		<LCS_MAX>[0.12383386492729187, 0.1257890909910202, 0.13246923685073853, 0.16016928851604462, 0.07836250960826874, 0.06487861275672913]</LCS_MAX>
		<WAVELENGTH>[0.485, 0.56, 0.66, 0.83, 1.65, 2.215]</WAVELENGTH>
		<MEAN_VALUE>[0.11517290541907002, 0.11007280204955311, 0.1157462650414277, 0.1176142925516887, 0.04233537468029235, 0.03307646943270701]</MEAN_VALUE>
		<CHECKBOX>2</CHECKBOX>
		<SD>[0.0026910768171076876, 0.0027044851097550093, 0.0033370168472031552, 0.007136845843138322, 0.013747466017880381, 0.012249479123591376]</SD>
		<WAVELENGTH_UNIT>E-6m</WAVELENGTH_UNIT>
		<COLOR>#2d097c</COLOR>
		<COVARIANCE_MATRIX>[[7.0991883339469494e-06, 4.33462335422567e-06, 4.256615695654026e-06, 6.987912336953179e-06, 1.8597356982102297e-05, 1.831764721739292e-05], [4.33462335422567e-06, 7.953879475348013e-06, 5.6738371978960846e-06, 9.346453372378617e-06, 1.6474236682494287e-05, 1.6296230663616955e-05], [4.256615695654026e-06, 5.6738371978960846e-06, 1.084625866241681e-05, 7.472439332678354e-06, 1.0744699590208696e-05, 1.2002568881371138e-05], [6.987912336953179e-06, 9.346453372378617e-06, 7.472439332678354e-06, 5.823405574779375e-05, 6.841889674013588e-05, 5.581021361431437e-05], [1.8597356982102297e-05, 1.6474236682494287e-05, 1.0744699590208696e-05, 6.841889674013588e-05, 0.00018600784752463657, 0.00015413103285738885], [1.831764721739292e-05, 1.6296230663616955e-05, 1.2002568881371138e-05, 5.581021361431437e-05, 0.00015413103285738885, 0.00014012198067763897]]</COVARIANCE_MATRIX>
		<ROI_SIZE>795</ROI_SIZE>
		<MAX_VALUE>[0.12383386492729187, 0.1257890909910202, 0.13246923685073853, 0.16016928851604462, 0.07836250960826874, 0.06487861275672913]</MAX_VALUE>
		<MIN_VALUE>[0.11033491790294647, 0.10524109750986099, 0.10807806998491287, 0.10596223175525665, 0.023831453174352646, 0.01789172925055027]</MIN_VALUE>
		<SIGNATURE_THRESHOLD_MD>0</SIGNATURE_THRESHOLD_MD>
		<SIGNATURE_THRESHOLD_ML>0</SIGNATURE_THRESHOLD_ML>
		<SIGNATURE_THRESHOLD_SAM>0</SIGNATURE_THRESHOLD_SAM>
	</signature>
	<signature ID="20220106_161811759366_454">
		<MACROCLASSID>1</MACROCLASSID>
		<MACROCLASSINFO>waterbody</MACROCLASSINFO>
		<CLASSID>10</CLASSID>
		<CLASSINFO>C 1</CLASSINFO>
		<VALUES>[0.1176703309728986, 0.0038951553045141196, 0.11275171233347923, 0.004885854056741784, 0.11914690873234271, 0.00665070275155389, 0.12939858893717157, 0.013760573085620459, 0.054884190422110915, 0.02173288171179638, 0.041608923824415334, 0.018017421990337238]</VALUES>
		<LCS_MIN>[0.10898500680923462, 0.10230568051338196, 0.09452743828296661, 0.10596223175525665, 0.030375178903341293, 0.01789172925055027]</LCS_MIN>
		<LCS_MAX>[0.13733284175395966, 0.13753080368041992, 0.15415024757385254, 0.1703331023454666, 0.1154436245560646, 0.10246813297271729]</LCS_MAX>
		<WAVELENGTH>[0.485, 0.56, 0.66, 0.83, 1.65, 2.215]</WAVELENGTH>
		<MEAN_VALUE>[0.1176703309728986, 0.11275171233347923, 0.11914690873234271, 0.12939858893717157, 0.054884190422110915, 0.041608923824415334]</MEAN_VALUE>
		<CHECKBOX>2</CHECKBOX>
		<SD>[0.0038951553045141196, 0.004885854056741784, 0.00665070275155389, 0.013760573085620459, 0.02173288171179638, 0.018017421990337238]</SD>
		<WAVELENGTH_UNIT>E-6m</WAVELENGTH_UNIT>
		<COLOR>#a977cb</COLOR>
		<COVARIANCE_MATRIX>[[1.4737887996771575e-05, 1.4741762443535231e-05, 1.7328870859032552e-05, 2.429144789905263e-05, 5.4378466258537415e-05, 5.0384863296312716e-05], [1.4741762443535231e-05, 2.2718129156059777e-05, 2.504787002436234e-05, 2.8803534492482255e-05, 5.402521366321005e-05, 5.20758895377031e-05], [1.7328870859032552e-05, 2.504787002436234e-05, 3.7534470065827595e-05, 2.0603336067428107e-05, 4.0631264466572114e-05, 4.427308085153337e-05], [2.429144789905263e-05, 2.8803534492482255e-05, 2.0603336067428107e-05, 0.00017489723352694727, 0.00023131172628066288, 0.00017872275174691328], [5.4378466258537415e-05, 5.402521366321005e-05, 4.0631264466572114e-05, 0.00023131172628066288, 0.0005216899776846325, 0.0004232449308185408], [5.0384863296312716e-05, 5.20758895377031e-05, 4.427308085153337e-05, 0.00017872275174691328, 0.0004232449308185408, 0.00037343539699890736]]</COVARIANCE_MATRIX>
		<ROI_SIZE>1431</ROI_SIZE>
		<MAX_VALUE>[0.13733284175395966, 0.13753080368041992, 0.15415024757385254, 0.1703331023454666, 0.1154436245560646, 0.10246813297271729]</MAX_VALUE>
		<MIN_VALUE>[0.10898500680923462, 0.10230568051338196, 0.09452743828296661, 0.10596223175525665, 0.030375178903341293, 0.01789172925055027]</MIN_VALUE>
		<SIGNATURE_THRESHOLD_MD>0</SIGNATURE_THRESHOLD_MD>
		<SIGNATURE_THRESHOLD_ML>0</SIGNATURE_THRESHOLD_ML>
		<SIGNATURE_THRESHOLD_SAM>0</SIGNATURE_THRESHOLD_SAM>
	</signature>
	<signature ID="20220106_162731424565_979">
		<MACROCLASSID>1</MACROCLASSID>
		<MACROCLASSINFO>waterbody</MACROCLASSINFO>
		<CLASSID>11</CLASSID>
		<CLASSINFO>C 1</CLASSINFO>
		<VALUES>[0.12536708234882168, 0.00494925609351064, 0.11959207977777644, 0.006726565550826615, 0.12335739303150298, 0.00849246607802496, 0.13193643933215737, 0.011537272319623077, 0.10557866294258905, 0.021627001746769566, 0.09365084146459891, 0.019262319391339315]</VALUES>
		<LCS_MIN>[0.11438459903001785, 0.10524109750986099, 0.10265780985355377, 0.10935017466545105, 0.04782511666417122, 0.049216318875551224]</LCS_MIN>
		<LCS_MAX>[0.13733284175395966, 0.1345953643321991, 0.14330972731113434, 0.16694515943527222, 0.1416185349225998, 0.1337927132844925]</LCS_MAX>
		<WAVELENGTH>[0.485, 0.56, 0.66, 0.83, 1.65, 2.215]</WAVELENGTH>
		<MEAN_VALUE>[0.12536708234882168, 0.11959207977777644, 0.12335739303150298, 0.13193643933215737, 0.10557866294258905, 0.09365084146459891]</MEAN_VALUE>
		<CHECKBOX>2</CHECKBOX>
		<SD>[0.00494925609351064, 0.006726565550826615, 0.00849246607802496, 0.011537272319623077, 0.021627001746769566, 0.019262319391339315]</SD>
		<WAVELENGTH_UNIT>E-6m</WAVELENGTH_UNIT>
		<COLOR>#479798</COLOR>
		<COVARIANCE_MATRIX>[[2.7997606031201456e-05, 3.319964943876456e-05, 3.7517468729151366e-05, 4.2113075014212705e-05, 6.755424823983694e-05, 6.307097127707837e-05], [3.319964943876456e-05, 5.013469219548597e-05, 5.6007011400176885e-05, 6.104203194790182e-05, 8.306062794872224e-05, 7.794499369710106e-05], [3.7517468729151366e-05, 5.6007011400176885e-05, 7.767722787824744e-05, 7.581586991589152e-05, 7.495615287576331e-05, 6.919528157392203e-05], [4.2113075014212705e-05, 6.104203194790182e-05, 7.581586991589152e-05, 0.00014506006622673297, 0.000198198743263828, 0.00015829830982342738], [6.755424823983694e-05, 8.306062794872224e-05, 7.495615287576331e-05, 0.000198198743263828, 0.0005268904869371008, 0.00044242503624674273], [6.307097127707837e-05, 7.794499369710106e-05, 6.919528157392203e-05, 0.00015829830982342738, 0.00044242503624674273, 0.0004174618472289777]]</COVARIANCE_MATRIX>
		<ROI_SIZE>468</ROI_SIZE>
		<MAX_VALUE>[0.13733284175395966, 0.1345953643321991, 0.14330972731113434, 0.16694515943527222, 0.1416185349225998, 0.1337927132844925]</MAX_VALUE>
		<MIN_VALUE>[0.11438459903001785, 0.10524109750986099, 0.10265780985355377, 0.10935017466545105, 0.04782511666417122, 0.049216318875551224]</MIN_VALUE>
		<SIGNATURE_THRESHOLD_MD>0</SIGNATURE_THRESHOLD_MD>
		<SIGNATURE_THRESHOLD_ML>0</SIGNATURE_THRESHOLD_ML>
		<SIGNATURE_THRESHOLD_SAM>0</SIGNATURE_THRESHOLD_SAM>
	</signature>
	<signature ID="20220106_162746543606_566">
		<MACROCLASSID>1</MACROCLASSID>
		<MACROCLASSINFO>waterbody</MACROCLASSINFO>
		<CLASSID>12</CLASSID>
		<CLASSINFO>C 1</CLASSINFO>
		<VALUES>[0.09815911358535882, 0.005139303560964569, 0.08658225819616029, 0.008111201103015076, 0.08001080966821988, 0.011425667278787861, 0.13947265233733866, 0.017805812756998114, 0.09760494913795208, 0.017247364199943403, 0.05917196248722549, 0.013872163590934416]</VALUES>
		<LCS_MIN>[0.09008646756410599, 0.07001598179340363, 0.05929577350616455, 0.09918634593486786, 0.050006359815597534, 0.03355403244495392]</LCS_MIN>
		<LCS_MAX>[0.11438459903001785, 0.11111196130514145, 0.11349833011627197, 0.1703331023454666, 0.1285310834646225, 0.09620322287082672]</LCS_MAX>
		<WAVELENGTH>[0.485, 0.56, 0.66, 0.83, 1.65, 2.215]</WAVELENGTH>
		<MEAN_VALUE>[0.09815911358535882, 0.08658225819616029, 0.08001080966821988, 0.13947265233733866, 0.09760494913795208, 0.05917196248722549]</MEAN_VALUE>
		<CHECKBOX>2</CHECKBOX>
		<SD>[0.005139303560964569, 0.008111201103015076, 0.011425667278787861, 0.017805812756998114, 0.017247364199943403, 0.013872163590934416]</SD>
		<WAVELENGTH_UNIT>E-6m</WAVELENGTH_UNIT>
		<COLOR>#760cdd</COLOR>
		<COVARIANCE_MATRIX>[[2.6676565502660538e-05, 3.868558179833192e-05, 5.484976783555145e-05, 9.319715199459067e-06, 5.201794975105766e-05, 5.667690065158287e-05], [3.868558179833192e-05, 6.644949916688839e-05, 8.935230997038144e-05, 3.4616645615584996e-05, 8.9677681754029e-05, 9.281685835487126e-05], [5.484976783555145e-05, 8.935230997038144e-05, 0.00013185133149321913, 3.296974910104964e-05, 0.00012062799650688816, 0.00013043192702822713], [9.319715199459067e-06, 3.4616645615584996e-05, 3.296974910104964e-05, 0.0003202174376166498, 0.00013715983283770118, 6.2397791346839e-05], [5.201794975105766e-05, 8.9677681754029e-05, 0.00012062799650688816, 0.00013715983283770118, 0.0003004462875639443, 0.0002080684689607145], [5.667690065158287e-05, 9.281685835487126e-05, 0.00013043192702822713, 6.2397791346839e-05, 0.0002080684689607145, 0.00019436129192058294]]</COVARIANCE_MATRIX>
		<ROI_SIZE>101</ROI_SIZE>
		<MAX_VALUE>[0.11438459903001785, 0.11111196130514145, 0.11349833011627197, 0.1703331023454666, 0.1285310834646225, 0.09620322287082672]</MAX_VALUE>
		<MIN_VALUE>[0.09008646756410599, 0.07001598179340363, 0.05929577350616455, 0.09918634593486786, 0.050006359815597534, 0.03355403244495392]</MIN_VALUE>
		<SIGNATURE_THRESHOLD_MD>0</SIGNATURE_THRESHOLD_MD>
		<SIGNATURE_THRESHOLD_ML>0</SIGNATURE_THRESHOLD_ML>
		<SIGNATURE_THRESHOLD_SAM>0</SIGNATURE_THRESHOLD_SAM>
	</signature>
	<signature ID="20220106_162757508993_985">
		<MACROCLASSID>1</MACROCLASSID>
		<MACROCLASSINFO>waterbody</MACROCLASSINFO>
		<CLASSID>13</CLASSID>
		<CLASSINFO>C 1</CLASSINFO>
		<VALUES>[0.09967867074643866, 0.004735506375160991, 0.08907899654963437, 0.007142536162831239, 0.08123186528682713, 0.01001711067400373, 0.14853070553611306, 0.02130363757262702, 0.10499932240037359, 0.017578075893188574, 0.06421527588630421, 0.014574950214768187]</VALUES>
		<LCS_MIN>[0.09278625249862671, 0.07588683813810349, 0.06471603363752365, 0.09918634593486786, 0.05655008554458618, 0.03042156808078289]</LCS_MIN>
		<LCS_MAX>[0.11438459903001785, 0.10817652940750122, 0.10536795109510422, 0.1804969310760498, 0.1416185349225998, 0.10560058802366257]</LCS_MAX>
		<WAVELENGTH>[0.485, 0.56, 0.66, 0.83, 1.65, 2.215]</WAVELENGTH>
		<MEAN_VALUE>[0.09967867074643866, 0.08907899654963437, 0.08123186528682713, 0.14853070553611306, 0.10499932240037359, 0.06421527588630421]</MEAN_VALUE>
		<CHECKBOX>2</CHECKBOX>
		<SD>[0.004735506375160991, 0.007142536162831239, 0.01001711067400373, 0.02130363757262702, 0.017578075893188574, 0.014574950214768187]</SD>
		<WAVELENGTH_UNIT>E-6m</WAVELENGTH_UNIT>
		<COLOR>#43b1c7</COLOR>
		<COVARIANCE_MATRIX>[[2.2691985160490315e-05, 3.097148604245874e-05, 4.434285491534472e-05, 1.91601216301731e-05, 4.1400856203386825e-05, 5.098888602823417e-05], [3.097148604245874e-05, 5.162315406160615e-05, 6.80040123714661e-05, 3.732738207349715e-05, 6.670470132224296e-05, 7.978878616307774e-05], [4.434285491534472e-05, 6.80040123714661e-05, 0.00010153705990113534, 4.508702835237034e-05, 9.847518423195716e-05, 0.00011659674251161997], [1.91601216301731e-05, 3.732738207349715e-05, 4.508702835237034e-05, 0.00045924789018091556, 0.00019933737870755125, 0.00010020867279257496], [4.1400856203386825e-05, 6.670470132224296e-05, 9.847518423195716e-05, 0.00019933737870755125, 0.0003126671896317772, 0.00022407938481794036], [5.098888602823417e-05, 7.978878616307774e-05, 0.00011659674251161997, 0.00010020867279257496, 0.00022407938481794036, 0.0002149580924982446]]</COVARIANCE_MATRIX>
		<ROI_SIZE>85</ROI_SIZE>
		<MAX_VALUE>[0.11438459903001785, 0.10817652940750122, 0.10536795109510422, 0.1804969310760498, 0.1416185349225998, 0.10560058802366257]</MAX_VALUE>
		<MIN_VALUE>[0.09278625249862671, 0.07588683813810349, 0.06471603363752365, 0.09918634593486786, 0.05655008554458618, 0.03042156808078289]</MIN_VALUE>
		<SIGNATURE_THRESHOLD_MD>0</SIGNATURE_THRESHOLD_MD>
		<SIGNATURE_THRESHOLD_ML>0</SIGNATURE_THRESHOLD_ML>
		<SIGNATURE_THRESHOLD_SAM>0</SIGNATURE_THRESHOLD_SAM>
	</signature>
	<signature ID="20220106_162806706665_219">
		<MACROCLASSID>1</MACROCLASSID>
		<MACROCLASSINFO>waterbody</MACROCLASSINFO>
		<CLASSID>14</CLASSID>
		<CLASSINFO>C 1</CLASSINFO>
		<VALUES>[0.09997867373749612, 0.005467987404020608, 0.09148129681125282, 0.00926630224114495, 0.08809088030830023, 0.012850799569952536, 0.13957695243880155, 0.019139847641844714, 0.10290148109197615, 0.01670110910802072, 0.06874525081366299, 0.0140605890790625]</VALUES>
		<LCS_MIN>[0.09008646756410599, 0.07588683813810349, 0.06471603363752365, 0.09579840302467346, 0.06745629757642746, 0.0366864874958992]</LCS_MIN>
		<LCS_MAX>[0.11438459903001785, 0.11111196130514145, 0.11078821122646332, 0.16694515943527222, 0.13507479429244995, 0.10246813297271729]</LCS_MAX>
		<WAVELENGTH>[0.485, 0.56, 0.66, 0.83, 1.65, 2.215]</WAVELENGTH>
		<MEAN_VALUE>[0.09997867373749612, 0.09148129681125282, 0.08809088030830023, 0.13957695243880155, 0.10290148109197615, 0.06874525081366299]</MEAN_VALUE>
		<CHECKBOX>2</CHECKBOX>
		<SD>[0.005467987404020608, 0.00926630224114495, 0.012850799569952536, 0.019139847641844714, 0.01670110910802072, 0.0140605890790625]</SD>
		<WAVELENGTH_UNIT>E-6m</WAVELENGTH_UNIT>
		<COLOR>#5d7f4f</COLOR>
		<COVARIANCE_MATRIX>[[3.037347174656816e-05, 4.8143825920278285e-05, 6.439201565649889e-05, 2.363926628780674e-05, 3.98084736086233e-05, 4.7122738122408844e-05], [4.8143825920278285e-05, 8.722728352939463e-05, 0.00011648950285541309, 4.460474590733543e-05, 7.612307071991078e-05, 8.95154390341446e-05], [6.439201565649889e-05, 0.00011648950285541309, 0.0001677643678345064, 4.884184531838051e-05, 0.00010969013871314152, 0.00012931122247969285], [2.363926628780674e-05, 4.460474590733543e-05, 4.884184531838051e-05, 0.00037214858946339464, 0.00017281266622055946, 5.460799063172496e-05], [3.98084736086233e-05, 7.612307071991078e-05, 0.00010969013871314152, 0.00017281266622055946, 0.0002833544588576637, 0.00020012623552957532], [4.7122738122408844e-05, 8.95154390341446e-05, 0.00012931122247969285, 5.460799063172496e-05, 0.00020012623552957532, 0.00020083826311136644]]</COVARIANCE_MATRIX>
		<ROI_SIZE>64</ROI_SIZE>
		<MAX_VALUE>[0.11438459903001785, 0.11111196130514145, 0.11078821122646332, 0.16694515943527222, 0.13507479429244995, 0.10246813297271729]</MAX_VALUE>
		<MIN_VALUE>[0.09008646756410599, 0.07588683813810349, 0.06471603363752365, 0.09579840302467346, 0.06745629757642746, 0.0366864874958992]</MIN_VALUE>
		<SIGNATURE_THRESHOLD_MD>0</SIGNATURE_THRESHOLD_MD>
		<SIGNATURE_THRESHOLD_ML>0</SIGNATURE_THRESHOLD_ML>
		<SIGNATURE_THRESHOLD_SAM>0</SIGNATURE_THRESHOLD_SAM>
	</signature>
	<signature ID="20220106_162856337606_688">
		<MACROCLASSID>1</MACROCLASSID>
		<MACROCLASSINFO>waterbody</MACROCLASSINFO>
		<CLASSID>15</CLASSID>
		<CLASSINFO>C 1</CLASSINFO>
		<VALUES>[0.09748912468071903, 0.00689399029434411, 0.09001476678156083, 0.010068553646036949, 0.08739367704237658, 0.014485369527227145, 0.14576506638719183, 0.02069085670650072, 0.10832292331803234, 0.018629255767325777, 0.0742355801645786, 0.01482971837682534]</VALUES>
		<LCS_MIN>[0.08333698660135269, 0.067080557346344, 0.051165394484996796, 0.09241046756505966, 0.06309381127357483, 0.0366864874958992]</LCS_MIN>
		<LCS_MAX>[0.11573448777198792, 0.11698281764984131, 0.12162870913743973, 0.1804969310760498, 0.1416185349225998, 0.10560058802366257]</LCS_MAX>
		<WAVELENGTH>[0.485, 0.56, 0.66, 0.83, 1.65, 2.215]</WAVELENGTH>
		<MEAN_VALUE>[0.09748912468071903, 0.09001476678156083, 0.08739367704237658, 0.14576506638719183, 0.10832292331803234, 0.0742355801645786]</MEAN_VALUE>
		<CHECKBOX>2</CHECKBOX>
		<SD>[0.00689399029434411, 0.010068553646036949, 0.014485369527227145, 0.02069085670650072, 0.018629255767325777, 0.01482971837682534]</SD>
		<WAVELENGTH_UNIT>E-6m</WAVELENGTH_UNIT>
		<COLOR>#eb067c</COLOR>
		<COVARIANCE_MATRIX>[[4.7835719725124366e-05, 6.628298181681357e-05, 9.46529791838658e-05, 1.2023522865724597e-05, 7.037689823413555e-05, 8.157609028404254e-05], [6.628298181681357e-05, 0.00010203405676028695, 0.00014188805797089843, 4.1633795988774554e-05, 0.0001168869576475254, 0.00012279798553029033], [9.46529791838658e-05, 0.00014188805797089843, 0.00021118843638149174, 4.7837037570583495e-05, 0.00017227933762641666, 0.00018206574889289502], [1.2023522865724597e-05, 4.1633795988774554e-05, 4.7837037570583495e-05, 0.0004308914963869258, 0.00023449480864458903, 0.000108572044636428], [7.037689823413555e-05, 0.0001168869576475254, 0.00017227933762641666, 0.00023449480864458903, 0.00034930273648628804, 0.0002379214332995237], [8.157609028404254e-05, 0.00012279798553029033, 0.00018206574889289502, 0.000108572044636428, 0.0002379214332995237, 0.00022134860263683384]]</COVARIANCE_MATRIX>
		<ROI_SIZE>155</ROI_SIZE>
		<MAX_VALUE>[0.11573448777198792, 0.11698281764984131, 0.12162870913743973, 0.1804969310760498, 0.1416185349225998, 0.10560058802366257]</MAX_VALUE>
		<MIN_VALUE>[0.08333698660135269, 0.067080557346344, 0.051165394484996796, 0.09241046756505966, 0.06309381127357483, 0.0366864874958992]</MIN_VALUE>
		<SIGNATURE_THRESHOLD_MD>0</SIGNATURE_THRESHOLD_MD>
		<SIGNATURE_THRESHOLD_ML>0</SIGNATURE_THRESHOLD_ML>
		<SIGNATURE_THRESHOLD_SAM>0</SIGNATURE_THRESHOLD_SAM>
	</signature>
	<signature ID="20220106_162912739941_812">
		<MACROCLASSID>1</MACROCLASSID>
		<MACROCLASSINFO>waterbody</MACROCLASSINFO>
		<CLASSID>16</CLASSID>
		<CLASSINFO>C 1</CLASSINFO>
		<VALUES>[0.09782587218852272, 0.0030171165973151854, 0.09478540189919019, 0.004139911794188062, 0.09217865211623057, 0.0045819699584181825, 0.09308805692763554, 0.01091977390675752, 0.044999888007129944, 0.013847592441826009, 0.03221154539358049, 0.011080038321664806]</VALUES>
		<LCS_MIN>[0.08873657137155533, 0.08469311892986298, 0.08368691802024841, 0.07208282500505447, 0.02165021002292633, 0.014759272336959839]</LCS_MIN>
		<LCS_MAX>[0.10763511061668396, 0.10817652940750122, 0.11078821122646332, 0.12628987431526184, 0.08054374903440475, 0.061746157705783844]</LCS_MAX>
