<?xml version="1.0" ?>
<signaturelist MCID_LIST="[['1', 'waterbody', '#000000'], ['2', 'vegetation', '#000000'], ['3', 'bareland', '#000000'], ['4', 'built-up', '#000000']]">
	<signature ID="20220209_115254540644_632">
		<MACROCLASSID>1</MACROCLASSID>
		<MACROCLASSINFO>waterbody</MACROCLASSINFO>
		<CLASSID>1</CLASSID>
		<CLASSINFO>C 1</CLASSINFO>
		<VALUES>[0.11321746127905577, 0.0017247549496056057, 0.10875524872484793, 0.00208616996137124, 0.11486948734578499, 0.0028057553777626975, 0.1202704427750547, 0.007778118588185638, 0.04256112020099953, 0.011777616719627612, 0.031202823357245137, 0.009515452081005354]</VALUES>
		<LCS_MIN>[0.10898500680923462, 0.10230568051338196, 0.10536795109510422, 0.10935017466545105, 0.023831453174352646, 0.014759272336959839]</LCS_MIN>
		<LCS_MAX>[0.11978418380022049, 0.11991823464632034, 0.12433882802724838, 0.15000544488430023, 0.07618127018213272, 0.061746157705783844]</LCS_MAX>
		<WAVELENGTH>[0.485, 0.56, 0.66, 0.83, 1.65, 2.215]</WAVELENGTH>
		<MEAN_VALUE>[0.11321746127905577, 0.10875524872484793, 0.11486948734578499, 0.1202704427750547, 0.04256112020099953, 0.031202823357245137]</MEAN_VALUE>
		<CHECKBOX>2</CHECKBOX>
		<SD>[0.0017247549496056057, 0.00208616996137124, 0.0028057553777626975, 0.007778118588185638, 0.011777616719627612, 0.009515452081005354]</SD>
		<WAVELENGTH_UNIT>E-6m</WAVELENGTH_UNIT>
		<COLOR>#384277</COLOR>
		<COVARIANCE_MATRIX>[[2.9818625080224592e-06, 9.78955199570919e-07, 1.098923348763492e-06, 1.9956637515861075e-06, 8.157248885254376e-06, 7.035256203380413e-06], [9.78955199570919e-07, 4.362467279861448e-06, 2.4056914753600722e-06, 8.635141170998395e-07, 2.321867668797495e-06, 2.305329417140456e-06], [1.098923348763492e-06, 2.4056914753600722e-06, 7.891007044236176e-06, -4.843550868827151e-06, -7.051038664940279e-06, -4.388668003230123e-06], [1.9956637515861075e-06, 8.635141170998395e-07, -4.843550868827151e-06, 6.064317494747229e-05, 5.3697454859502614e-05, 3.440388536546379e-05], [8.157248885254376e-06, 2.321867668797495e-06, -7.051038664940279e-06, 5.3697454859502614e-05, 0.00013904251682106405, 0.00010239863331662491], [7.035256203380413e-06, 2.305329417140456e-06, -4.388668003230123e-06, 3.440388536546379e-05, 0.00010239863331662491, 9.075940761249512e-05]]</COVARIANCE_MATRIX>
		<ROI_SIZE>421</ROI_SIZE>
		<MAX_VALUE>[0.11978418380022049, 0.11991823464632034, 0.12433882802724838, 0.15000544488430023, 0.07618127018213272, 0.061746157705783844]</MAX_VALUE>
		<MIN_VALUE>[0.10898500680923462, 0.10230568051338196, 0.10536795109510422, 0.10935017466545105, 0.023831453174352646, 0.014759272336959839]</MIN_VALUE>
		<SIGNATURE_THRESHOLD_MD>0.0</SIGNATURE_THRESHOLD_MD>
		<SIGNATURE_THRESHOLD_ML>0.0</SIGNATURE_THRESHOLD_ML>
		<SIGNATURE_THRESHOLD_SAM>0.0</SIGNATURE_THRESHOLD_SAM>
	</signature>
	<signature ID="20220209_115259760841_910">
		<MACROCLASSID>1</MACROCLASSID>
		<MACROCLASSINFO>waterbody</MACROCLASSINFO>
		<CLASSID>2</CLASSID>
		<CLASSINFO>C 1</CLASSINFO>
		<VALUES>[0.11319104066423773, 0.0017810575793632895, 0.10980179665957471, 0.0017336802768829556, 0.1176860113391432, 0.0025838378112266187, 0.12131323663275798, 0.007807847395866159, 0.042809490514340395, 0.009918945777960738, 0.031925857456474624, 0.008009389639810722]</VALUES>
		<LCS_MIN>[0.10763511061668396, 0.10524109750986099, 0.10536795109510422, 0.11273811012506485, 0.030375178903341293, 0.02102418802678585]</LCS_MIN>
		<LCS_MAX>[0.11843428015708923, 0.11404738575220108, 0.12162870913743973, 0.15339340269565582, 0.0740000307559967, 0.05861370638012886]</LCS_MAX>
		<WAVELENGTH>[0.485, 0.56, 0.66, 0.83, 1.65, 2.215]</WAVELENGTH>
		<MEAN_VALUE>[0.11319104066423773, 0.10980179665957471, 0.1176860113391432, 0.12131323663275798, 0.042809490514340395, 0.031925857456474624]</MEAN_VALUE>
		<CHECKBOX>2</CHECKBOX>
		<SD>[0.0017810575793632895, 0.0017336802768829556, 0.0025838378112266187, 0.007807847395866159, 0.009918945777960738, 0.008009389639810722]</SD>
		<WAVELENGTH_UNIT>E-6m</WAVELENGTH_UNIT>
		<COLOR>#1dd424</COLOR>
		<COVARIANCE_MATRIX>[[3.181152351316996e-06, 4.074728394698468e-07, 9.187129421661666e-07, -5.930399993303581e-07, 1.4036306765774498e-06, 1.7526157307656831e-06], [4.074728394698468e-07, 3.014161848113872e-06, 1.3103009450787795e-06, -2.9043642371107126e-06, -1.0395300478194258e-06, -3.6791649904444057e-07], [9.187129421661666e-07, 1.3103009450787795e-06, 6.695130650768988e-06, -1.0521215699554887e-05, -9.28094596019946e-06, -5.3553571888187435e-06], [-5.930399993303581e-07, -2.9043642371107126e-06, -1.0521215699554887e-05, 6.113517883932218e-05, 4.4889959099236876e-05, 2.978491465910338e-05], [1.4036306765774498e-06, -1.0395300478194258e-06, -9.28094596019946e-06, 4.4889959099236876e-05, 9.866419713944197e-05, 7.136355270631611e-05], [1.7526157307656831e-06, -3.6791649904444057e-07, -5.3553571888187435e-06, 2.978491465910338e-05, 7.136355270631611e-05, 6.433205271605402e-05]]</COVARIANCE_MATRIX>
		<ROI_SIZE>354</ROI_SIZE>
		<MAX_VALUE>[0.11843428015708923, 0.11404738575220108, 0.12162870913743973, 0.15339340269565582, 0.0740000307559967, 0.05861370638012886]</MAX_VALUE>
		<MIN_VALUE>[0.10763511061668396, 0.10524109750986099, 0.10536795109510422, 0.11273811012506485, 0.030375178903341293, 0.02102418802678585]</MIN_VALUE>
		<SIGNATURE_THRESHOLD_MD>0.0</SIGNATURE_THRESHOLD_MD>
		<SIGNATURE_THRESHOLD_ML>0.0</SIGNATURE_THRESHOLD_ML>
		<SIGNATURE_THRESHOLD_SAM>0.0</SIGNATURE_THRESHOLD_SAM>
	</signature>
	<signature ID="20220209_115308477582_664">
		<MACROCLASSID>1</MACROCLASSID>
		<MACROCLASSINFO>waterbody</MACROCLASSINFO>
		<CLASSID>3</CLASSID>
		<CLASSINFO>C 1</CLASSINFO>
		<VALUES>[0.11435015735273459, 0.0029132488546652984, 0.11171102622637943, 0.003287507509369634, 0.1193610520995393, 0.0037274945738662874, 0.12551202970956052, 0.008208858259699598, 0.05789666767327153, 0.015359286249570557, 0.04488522040524655, 0.013297997239811803]</VALUES>
		<LCS_MIN>[0.10763511061668396, 0.10230568051338196, 0.10265780985355377, 0.11273811012506485, 0.03255642205476761, 0.02415665052831173]</LCS_MIN>
		<LCS_MAX>[0.12518376111984253, 0.12285365909337997, 0.13517935574054718, 0.16355721652507782, 0.09144996106624603, 0.07427600026130676]</LCS_MAX>
		<WAVELENGTH>[0.485, 0.56, 0.66, 0.83, 1.65, 2.215]</WAVELENGTH>
		<MEAN_VALUE>[0.11435015735273459, 0.11171102622637943, 0.1193610520995393, 0.12551202970956052, 0.05789666767327153, 0.04488522040524655]</MEAN_VALUE>
		<CHECKBOX>2</CHECKBOX>
		<SD>[0.0029132488546652984, 0.003287507509369634, 0.0037274945738662874, 0.008208858259699598, 0.015359286249570557, 0.013297997239811803]</SD>
		<WAVELENGTH_UNIT>E-6m</WAVELENGTH_UNIT>
		<COLOR>#1463ab</COLOR>
		<COVARIANCE_MATRIX>[[8.779459676588885e-06, 6.382053470588289e-06, 6.211440449988004e-06, 8.474792593915481e-06, 2.6628273189999163e-05, 2.4288807253469713e-05], [6.382053470588289e-06, 1.0238100003334694e-05, 7.968729732965585e-06, 7.1740478233550675e-06, 2.138926174666267e-05, 1.996692481043283e-05], [6.211440449988004e-06, 7.968729732965585e-06, 1.3967414815851953e-05, -6.120741886661563e-07, 1.3329447938303929e-05, 1.5120616808417253e-05], [8.474792593915481e-06, 7.1740478233550675e-06, -6.120741886661563e-07, 7.421057671308517e-05, 9.831178613239899e-05, 7.941453804960474e-05], [2.6628273189999163e-05, 2.138926174666267e-05, 1.3329447938303929e-05, 9.831178613239899e-05, 0.00024502663291059434, 0.00020131445489823818], [2.4288807253469713e-05, 1.996692481043283e-05, 1.5120616808417253e-05, 7.941453804960474e-05, 0.00020131445489823818, 0.00018743023974820971]]</COVARIANCE_MATRIX>
		<ROI_SIZE>260</ROI_SIZE>
		<MAX_VALUE>[0.12518376111984253, 0.12285365909337997, 0.13517935574054718, 0.16355721652507782, 0.09144996106624603, 0.07427600026130676]</MAX_VALUE>
		<MIN_VALUE>[0.10763511061668396, 0.10230568051338196, 0.10265780985355377, 0.11273811012506485, 0.03255642205476761, 0.02415665052831173]</MIN_VALUE>
		<SIGNATURE_THRESHOLD_MD>0.0</SIGNATURE_THRESHOLD_MD>
		<SIGNATURE_THRESHOLD_ML>0.0</SIGNATURE_THRESHOLD_ML>
		<SIGNATURE_THRESHOLD_SAM>0.0</SIGNATURE_THRESHOLD_SAM>
	</signature>
	<signature ID="20220209_115316567586_837">
		<MACROCLASSID>1</MACROCLASSID>
		<MACROCLASSINFO>waterbody</MACROCLASSINFO>
		<CLASSID>4</CLASSID>
		<CLASSINFO>C 1</CLASSINFO>
		<VALUES>[0.1125068050190057, 0.002980491223457891, 0.11057079013166486, 0.003433631900657722, 0.11919110955139779, 0.004122520020973323, 0.12186094406763269, 0.008391321066695677, 0.058548541021580136, 0.015504275768723787, 0.04536637479657903, 0.014439655670151146]</VALUES>
		<LCS_MIN>[0.1062852218747139, 0.10230568051338196, 0.11078821122646332, 0.10935017466545105, 0.034737661480903625, 0.02102418802678585]</LCS_MIN>
		<LCS_MAX>[0.12113407254219055, 0.12285365909337997, 0.13246923685073853, 0.15678134560585022, 0.09799368679523468, 0.08993829786777496]</LCS_MAX>
		<WAVELENGTH>[0.485, 0.56, 0.66, 0.83, 1.65, 2.215]</WAVELENGTH>
		<MEAN_VALUE>[0.1125068050190057, 0.11057079013166486, 0.11919110955139779, 0.12186094406763269, 0.058548541021580136, 0.04536637479657903]</MEAN_VALUE>
		<CHECKBOX>2</CHECKBOX>
		<SD>[0.002980491223457891, 0.003433631900657722, 0.004122520020973323, 0.008391321066695677, 0.015504275768723787, 0.014439655670151146]</SD>
		<WAVELENGTH_UNIT>E-6m</WAVELENGTH_UNIT>
		<COLOR>#f1d70e</COLOR>
		<COVARIANCE_MATRIX>[[8.933234312280547e-06, 6.925399702595314e-06, 8.01637906988617e-06, 1.4477837794402149e-05, 3.275509880040772e-05, 3.0976490961620584e-05], [6.925399702595314e-06, 1.1856062883452978e-05, 1.1276906661805697e-05, 1.8094433471560478e-05, 3.0260245694080368e-05, 2.9674441975657828e-05], [8.01637906988617e-06, 1.1276906661805697e-05, 1.7090649635065347e-05, 1.9732029613805935e-05, 3.090250902459957e-05, 3.215096876374446e-05], [1.4477837794402149e-05, 1.8094433471560478e-05, 1.9732029613805935e-05, 7.080985233187675e-05, 9.488121577305719e-05, 8.176474511856213e-05], [3.275509880040772e-05, 3.0260245694080368e-05, 3.090250902459957e-05, 9.488121577305719e-05, 0.00024173302517738193, 0.00020788014808204025], [3.0976490961620584e-05, 2.9674441975657828e-05, 3.215096876374446e-05, 8.176474511856213e-05, 0.00020788014808204025, 0.0002096750249620527]]</COVARIANCE_MATRIX>
		<ROI_SIZE>179</ROI_SIZE>
		<MAX_VALUE>[0.12113407254219055, 0.12285365909337997, 0.13246923685073853, 0.15678134560585022, 0.09799368679523468, 0.08993829786777496]</MAX_VALUE>
		<MIN_VALUE>[0.1062852218747139, 0.10230568051338196, 0.11078821122646332, 0.10935017466545105, 0.034737661480903625, 0.02102418802678585]</MIN_VALUE>
		<SIGNATURE_THRESHOLD_MD>0.0</SIGNATURE_THRESHOLD_MD>
		<SIGNATURE_THRESHOLD_ML>0.0</SIGNATURE_THRESHOLD_ML>
		<SIGNATURE_THRESHOLD_SAM>0.0</SIGNATURE_THRESHOLD_SAM>
	</signature>
	<signature ID="20220209_115324367269_676">
		<MACROCLASSID>1</MACROCLASSID>
		<MACROCLASSINFO>waterbody</MACROCLASSINFO>
		<CLASSID>5</CLASSID>
		<CLASSINFO>C 1</CLASSINFO>
		<VALUES>[0.11143410716738018, 0.0024606097001813325, 0.10909909307956696, 0.0029020917579234457, 0.11675048176021802, 0.0035953875397008524, 0.1179329519825322, 0.0058319581826793586, 0.050608796076405616, 0.01164754684508614, 0.03922228828249944, 0.011166053156926719]</VALUES>
		<LCS_MIN>[0.1062852218747139, 0.10230568051338196, 0.10807806998491287, 0.10596223175525665, 0.028193935751914978, 0.014759272336959839]</LCS_MIN>
		<LCS_MAX>[0.11978418380022049, 0.11698281764984131, 0.12975910305976868, 0.15000544488430023, 0.07618127018213272, 0.06487861275672913]</LCS_MAX>
		<WAVELENGTH>[0.485, 0.56, 0.66, 0.83, 1.65, 2.215]</WAVELENGTH>
		<MEAN_VALUE>[0.11143410716738018, 0.10909909307956696, 0.11675048176021802, 0.1179329519825322, 0.050608796076405616, 0.03922228828249944]</MEAN_VALUE>
		<CHECKBOX>2</CHECKBOX>
		<SD>[0.0024606097001813325, 0.0029020917579234457, 0.0035953875397008524, 0.0058319581826793586, 0.01164754684508614, 0.011166053156926719]</SD>
		<WAVELENGTH_UNIT>E-6m</WAVELENGTH_UNIT>
		<COLOR>#7fab3f</COLOR>
		<COVARIANCE_MATRIX>[[6.083569587644888e-06, 4.612018983607413e-06, 4.9852096708491445e-06, 7.282374099304434e-06, 1.5761561371618882e-05, 1.6318574125762098e-05], [4.612018983607413e-06, 8.462433470413089e-06, 6.805847988289315e-06, 9.221783329849131e-06, 1.6475061784149148e-05, 1.7359470803057775e-05], [4.9852096708491445e-06, 6.805847988289315e-06, 1.2988662092539016e-05, 9.120243703364395e-06, 1.6699110346962698e-05, 1.6938094631768763e-05], [7.282374099304434e-06, 9.221783329849131e-06, 9.120243703364395e-06, 3.417447078390978e-05, 4.579157757689245e-05, 4.2975054384442046e-05], [1.5761561371618882e-05, 1.6475061784149148e-05, 1.6699110346962698e-05, 4.579157757689245e-05, 0.00013631446927320212, 0.00011612395610427484], [1.6318574125762098e-05, 1.7359470803057775e-05, 1.6938094631768763e-05, 4.2975054384442046e-05, 0.00011612395610427484, 0.00012527730723377317]]</COVARIANCE_MATRIX>
		<ROI_SIZE>210</ROI_SIZE>
		<MAX_VALUE>[0.11978418380022049, 0.11698281764984131, 0.12975910305976868, 0.15000544488430023, 0.07618127018213272, 0.06487861275672913]</MAX_VALUE>
		<MIN_VALUE>[0.1062852218747139, 0.10230568051338196, 0.10807806998491287, 0.10596223175525665, 0.028193935751914978, 0.014759272336959839]</MIN_VALUE>
		<SIGNATURE_THRESHOLD_MD>0.0</SIGNATURE_THRESHOLD_MD>
		<SIGNATURE_THRESHOLD_ML>0.0</SIGNATURE_THRESHOLD_ML>
		<SIGNATURE_THRESHOLD_SAM>0.0</SIGNATURE_THRESHOLD_SAM>
	</signature>
	<signature ID="20220209_115331929060_114">
		<MACROCLASSID>1</MACROCLASSID>
		<MACROCLASSINFO>waterbody</MACROCLASSINFO>
		<CLASSID>6</CLASSID>
		<CLASSINFO>C 1</CLASSINFO>
		<VALUES>[0.111787116523914, 0.0038277848750449383, 0.10838466511087486, 0.004624137129025799, 0.11430010485547093, 0.00540233757046569, 0.12174224496470692, 0.009978624727274595, 0.05628876194066404, 0.018940581204573495, 0.043472206256463954, 0.01682159329497988]</VALUES>
		<LCS_MIN>[0.10493533313274384, 0.09937025606632233, 0.09452743828296661, 0.10596223175525665, 0.030375178903341293, 0.02102418802678585]</LCS_MIN>
		<LCS_MAX>[0.1265336573123932, 0.12872451543807983, 0.13517935574054718, 0.15678134560585022, 0.09799368679523468, 0.08680583536624908]</LCS_MAX>
		<WAVELENGTH>[0.485, 0.56, 0.66, 0.83, 1.65, 2.215]</WAVELENGTH>
		<MEAN_VALUE>[0.111787116523914, 0.10838466511087486, 0.11430010485547093, 0.12174224496470692, 0.05628876194066404, 0.043472206256463954]</MEAN_VALUE>
		<CHECKBOX>2</CHECKBOX>
		<SD>[0.0038277848750449383, 0.004624137129025799, 0.00540233757046569, 0.009978624727274595, 0.018940581204573495, 0.01682159329497988]</SD>
		<WAVELENGTH_UNIT>E-6m</WAVELENGTH_UNIT>
		<COLOR>#e21402</COLOR>
		<COVARIANCE_MATRIX>[[1.4687848306493834e-05, 1.5032353076094296e-05, 1.7250280507141724e-05, 2.1999370801495388e-05, 5.0753620598698035e-05, 4.821153561351821e-05], [1.5032353076094296e-05, 2.1435052985907532e-05, 2.1612517230096273e-05, 2.6883983082370833e-05, 5.656621578964405e-05, 5.497184247360565e-05], [1.7250280507141724e-05, 2.1612517230096273e-05, 2.9256783818709664e-05, 2.865734677470755e-05, 6.494610715890303e-05, 6.460407166741788e-05], [2.1999370801495388e-05, 2.6883983082370833e-05, 2.865734677470755e-05, 9.981699986383319e-05, 0.00015615236770827323, 0.00012834662629757077], [5.0753620598698035e-05, 5.656621578964405e-05, 6.494610715890303e-05, 0.00015615236770827323, 0.00035962488618679345, 0.00030449090991169214], [4.821153561351821e-05, 5.497184247360565e-05, 6.460407166741788e-05, 0.00012834662629757077, 0.00030449090991169214, 0.0002836595522239804]]</COVARIANCE_MATRIX>
		<ROI_SIZE>409</ROI_SIZE>
		<MAX_VALUE>[0.1265336573123932, 0.12872451543807983, 0.13517935574054718, 0.15678134560585022, 0.09799368679523468, 0.08680583536624908]</MAX_VALUE>
		<MIN_VALUE>[0.10493533313274384, 0.09937025606632233, 0.09452743828296661, 0.10596223175525665, 0.030375178903341293, 0.02102418802678585]</MIN_VALUE>
		<SIGNATURE_THRESHOLD_MD>0.0</SIGNATURE_THRESHOLD_MD>
		<SIGNATURE_THRESHOLD_ML>0.0</SIGNATURE_THRESHOLD_ML>
		<SIGNATURE_THRESHOLD_SAM>0.0</SIGNATURE_THRESHOLD_SAM>
	</signature>
	<signature ID="20220209_115340035796_649">
		<MACROCLASSID>1</MACROCLASSID>
		<MACROCLASSINFO>waterbody</MACROCLASSINFO>
		<CLASSID>7</CLASSID>
		<CLASSINFO>C 1</CLASSINFO>
		<VALUES>[0.10821540556030305, 0.002863935871377964, 0.1051426595531222, 0.0036265455873394263, 0.110300710924515, 0.004244098406264534, 0.11948300346096113, 0.010464048084991117, 0.05055166782084399, 0.015254200551700996, 0.03685839066463634, 0.012722948239658912]</VALUES>
		<LCS_MIN>[0.10088563710451126, 0.09937025606632233, 0.09723755717277527, 0.09579840302467346, 0.030375178903341293, 0.01789172925055027]</LCS_MIN>
		<LCS_MAX>[0.11978418380022049, 0.11991823464632034, 0.12704895436763763, 0.16016928851604462, 0.09144996106624603, 0.07427600026130676]</LCS_MAX>
		<WAVELENGTH>[0.485, 0.56, 0.66, 0.83, 1.65, 2.215]</WAVELENGTH>
		<MEAN_VALUE>[0.10821540556030305, 0.1051426595531222, 0.110300710924515, 0.11948300346096113, 0.05055166782084399, 0.03685839066463634]</MEAN_VALUE>
		<CHECKBOX>2</CHECKBOX>
		<SD>[0.002863935871377964, 0.0036265455873394263, 0.004244098406264534, 0.010464048084991117, 0.015254200551700996, 0.012722948239658912]</SD>
		<WAVELENGTH_UNIT>E-6m</WAVELENGTH_UNIT>
		<COLOR>#64b4be</COLOR>
		<COVARIANCE_MATRIX>[[8.227211765188258e-06, 7.497627393604489e-06, 8.674554010212887e-06, 1.0325595212634653e-05, 2.624566877784673e-05, 2.2930358682060614e-05], [7.497627393604489e-06, 1.3192052392696496e-05, 1.1653811270662118e-05, 1.5203443581413012e-05, 3.5729812225326896e-05, 3.097663648077287e-05], [8.674554010212887e-06, 1.1653811270662118e-05, 1.8067454220727086e-05, 1.1440964954090305e-05, 3.32044146489352e-05, 3.07963382510934e-05], [1.0325595212634653e-05, 1.5203443581413012e-05, 1.1440964954090305e-05, 0.00010983115498675033, 0.00011294485739199445, 8.114131924230605e-05], [2.624566877784673e-05, 3.5729812225326896e-05, 3.32044146489352e-05, 0.00011294485739199445, 0.00023340222833212465, 0.00018505622574593872], [2.2930358682060614e-05, 3.097663648077287e-05, 3.07963382510934e-05, 8.114131924230605e-05, 0.00018505622574593872, 0.00016236843657679856]]</COVARIANCE_MATRIX>
		<ROI_SIZE>328</ROI_SIZE>
		<MAX_VALUE>[0.11978418380022049, 0.11991823464632034, 0.12704895436763763, 0.16016928851604462, 0.09144996106624603, 0.07427600026130676]</MAX_VALUE>
		<MIN_VALUE>[0.10088563710451126, 0.09937025606632233, 0.09723755717277527, 0.09579840302467346, 0.030375178903341293, 0.01789172925055027]</MIN_VALUE>
		<SIGNATURE_THRESHOLD_MD>0.0</SIGNATURE_THRESHOLD_MD>
		<SIGNATURE_THRESHOLD_ML>0.0</SIGNATURE_THRESHOLD_ML>
		<SIGNATURE_THRESHOLD_SAM>0.0</SIGNATURE_THRESHOLD_SAM>
	</signature>
	<signature ID="20220209_115349244970_363">
		<MACROCLASSID>1</MACROCLASSID>
		<MACROCLASSINFO>waterbody</MACROCLASSINFO>
		<CLASSID>8</CLASSID>
		<CLASSINFO>C 1</CLASSINFO>
		<VALUES>[0.10554587788379659, 0.0021473152511015, 0.10175593581721981, 0.0025590081306427165, 0.10626812937402896, 0.003435550475284324, 0.11537184600484668, 0.008868060146237746, 0.043578244706240644, 0.011331994195023912, 0.030952869147694153, 0.009753783454045085]</VALUES>
		<LCS_MIN>[0.10088563710451126, 0.09349940717220306, 0.09452743828296661, 0.10257428884506226, 0.028193935751914978, 0.014759272336959839]</LCS_MIN>
		<LCS_MAX>[0.11168479174375534, 0.11111196130514145, 0.11891858279705048, 0.14661751687526703, 0.0740000307559967, 0.061746157705783844]</LCS_MAX>
		<WAVELENGTH>[0.485, 0.56, 0.66, 0.83, 1.65, 2.215]</WAVELENGTH>
		<MEAN_VALUE>[0.10554587788379659, 0.10175593581721981, 0.10626812937402896, 0.11537184600484668, 0.043578244706240644, 0.030952869147694153]</MEAN_VALUE>
		<CHECKBOX>2</CHECKBOX>
		<SD>[0.0021473152511015, 0.0025590081306427165, 0.003435550475284324, 0.008868060146237746, 0.011331994195023912, 0.009753783454045085]</SD>
		<WAVELENGTH_UNIT>E-6m</WAVELENGTH_UNIT>
		<COLOR>#20fab6</COLOR>
		<COVARIANCE_MATRIX>[[4.627313501259778e-06, 3.4000584037130466e-06, 4.2744054553622846e-06, 4.613811142917257e-06, 9.952807886293158e-06, 9.825839697441552e-06], [3.4000584037130466e-06, 6.571744506800314e-06, 5.800211056339322e-06, 4.803288902621716e-06, 9.645379577705171e-06, 1.0368588846176863e-05], [4.2744054553622846e-06, 5.800211056339322e-06, 1.1844861546705943e-05, 2.927933337559807e-06, 1.115247232519323e-05, 1.3518471860152204e-05], [4.613811142917257e-06, 4.803288902621716e-06, 2.927933337559807e-06, 7.892136636655778e-05, 7.569003355456516e-05, 5.474458521348424e-05], [9.952807886293158e-06, 9.645379577705171e-06, 1.115247232519323e-05, 7.569003355456516e-05, 0.00012886946205981076, 0.00010048980766441673], [9.825839697441552e-06, 1.0368588846176863e-05, 1.3518471860152204e-05, 5.474458521348424e-05, 0.00010048980766441673, 9.547365334583446e-05]]</COVARIANCE_MATRIX>
		<ROI_SIZE>283</ROI_SIZE>
		<MAX_VALUE>[0.11168479174375534, 0.11111196130514145, 0.11891858279705048, 0.14661751687526703, 0.0740000307559967, 0.061746157705783844]</MAX_VALUE>
		<MIN_VALUE>[0.10088563710451126, 0.09349940717220306, 0.09452743828296661, 0.10257428884506226, 0.028193935751914978, 0.014759272336959839]</MIN_VALUE>
		<SIGNATURE_THRESHOLD_MD>0.0</SIGNATURE_THRESHOLD_MD>
		<SIGNATURE_THRESHOLD_ML>0.0</SIGNATURE_THRESHOLD_ML>
		<SIGNATURE_THRESHOLD_SAM>0.0</SIGNATURE_THRESHOLD_SAM>
	</signature>
	<signature ID="20220209_115406793984_314">
		<MACROCLASSID>1</MACROCLASSID>
		<MACROCLASSINFO>waterbody</MACROCLASSINFO>
		<CLASSID>9</CLASSID>
		<CLASSINFO>C 1</CLASSINFO>
		<VALUES>[0.10264579374708377, 0.002922467510723861, 0.09811838334608901, 0.003811273097438991, 0.09911737408415938, 0.0052218399931187745, 0.10572141858146468, 0.012086827476245461, 0.04286920497486112, 0.015555759918433961, 0.029431157834444388, 0.012385252730969928]</VALUES>
		<LCS_MIN>[0.09278625249862671, 0.0876285508275032, 0.0782666727900505, 0.08902252465486526, 0.02165021002292633, 0.011626814492046833]</LCS_MIN>
		<LCS_MAX>[0.1130346953868866, 0.11111196130514145, 0.11620845645666122, 0.14322958886623383, 0.0870874673128128, 0.068011075258255]</LCS_MAX>
		<WAVELENGTH>[0.485, 0.56, 0.66, 0.83, 1.65, 2.215]</WAVELENGTH>
		<MEAN_VALUE>[0.10264579374708377, 0.09811838334608901, 0.09911737408415938, 0.10572141858146468, 0.04286920497486112, 0.029431157834444388]</MEAN_VALUE>
		<CHECKBOX>2</CHECKBOX>
		<SD>[0.002922467510723861, 0.003811273097438991, 0.0052218399931187745, 0.012086827476245461, 0.015555759918433961, 0.012385252730969928]</SD>
		<WAVELENGTH_UNIT>E-6m</WAVELENGTH_UNIT>
		<COLOR>#b1907c</COLOR>
		<COVARIANCE_MATRIX>[[8.561801223549992e-06, 8.517778951500077e-06, 1.1667213584587444e-05, 4.683644419856137e-06, 1.6261292330455035e-05, 1.7020011000568047e-05], [8.517778951500077e-06, 1.456149220757652e-05, 1.6373833204852417e-05, 2.4345113160961773e-06, 1.3335295079741627e-05, 1.6153209799085744e-05], [1.1667213584587444e-05, 1.6373833204852417e-05, 2.7334608603268862e-05, -5.953103027422912e-06, 9.673210115579423e-06, 1.6383841284550726e-05], [4.683644419856137e-06, 2.4345113160961773e-06, -5.953103027422912e-06, 0.00014645034389104694, 0.0001536288036732003, 0.00010859860049095005], [1.6261292330455035e-05, 1.3335295079741627e-05, 9.673210115579423e-06, 0.0001536288036732003, 0.00024257622135337442, 0.00017596856923773885], [1.7020011000568047e-05, 1.6153209799085744e-05, 1.6383841284550726e-05, 0.00010859860049095005, 0.00017596856923773885, 0.00015377136878669262]]</COVARIANCE_MATRIX>
		<ROI_SIZE>408</ROI_SIZE>
		<MAX_VALUE>[0.1130346953868866, 0.11111196130514145, 0.11620845645666122, 0.14322958886623383, 0.0870874673128128, 0.068011075258255]</MAX_VALUE>
		<MIN_VALUE>[0.09278625249862671, 0.0876285508275032, 0.0782666727900505, 0.08902252465486526, 0.02165021002292633, 0.011626814492046833]</MIN_VALUE>
		<SIGNATURE_THRESHOLD_MD>0.0</SIGNATURE_THRESHOLD_MD>
		<SIGNATURE_THRESHOLD_ML>0.0</SIGNATURE_THRESHOLD_ML>
		<SIGNATURE_THRESHOLD_SAM>0.0</SIGNATURE_THRESHOLD_SAM>
	</signature>
	<signature ID="20220209_115414719239_897">
		<MACROCLASSID>1</MACROCLASSID>
		<MACROCLASSINFO>waterbody</MACROCLASSINFO>
		<CLASSID>10</CLASSID>
		<CLASSINFO>C 1</CLASSINFO>
		<VALUES>[0.09912151227358876, 0.0024100185209825955, 0.09596855462350569, 0.003179654744389728, 0.09446872765406802, 0.0035966820369214576, 0.09222700672782287, 0.011242401697890798, 0.04567537167603787, 0.014131169565632413, 0.03294336791772271, 0.011674367152459881]</VALUES>
		<LCS_MIN>[0.09008646756410599, 0.08175769448280334, 0.08097679167985916, 0.07208282500505447, 0.023831453174352646, 0.014759272336959839]</LCS_MIN>
		<LCS_MAX>[0.1062852218747139, 0.10817652940750122, 0.10807806998491287, 0.12967780232429504, 0.08272498846054077, 0.06487861275672913]</LCS_MAX>
		<WAVELENGTH>[0.485, 0.56, 0.66, 0.83, 1.65, 2.215]</WAVELENGTH>
		<MEAN_VALUE>[0.09912151227358876, 0.09596855462350569, 0.09446872765406802, 0.09222700672782287, 0.04567537167603787, 0.03294336791772271]</MEAN_VALUE>
		<CHECKBOX>2</CHECKBOX>
		<SD>[0.0024100185209825955, 0.003179654744389728, 0.0035966820369214576, 0.011242401697890798, 0.014131169565632413, 0.011674367152459881]</SD>
		<WAVELENGTH_UNIT>E-6m</WAVELENGTH_UNIT>
		<COLOR>#e7133a</COLOR>
		<COVARIANCE_MATRIX>[[6.078209480619989e-06, 4.799870112037752e-06, 6.2095950852381065e-06, 1.2309917110542301e-05, 1.8375802028458565e-05, 1.789059206203092e-05], [4.799870112037752e-06, 9.294367373513523e-06, 7.80923892307328e-06, 1.3057412616035435e-05, 1.9537023035809398e-05, 1.777484612830449e-05], [6.2095950852381065e-06, 7.80923892307328e-06, 1.236618663824629e-05, 1.714606878522318e-05, 2.5448016458540224e-05, 2.2516416720463894e-05], [1.2309917110542301e-05, 1.3057412616035435e-05, 1.714606878522318e-05, 0.00012956805585417897, 0.0001348675723420456, 9.958701411960647e-05], [1.8375802028458565e-05, 1.9537023035809398e-05, 2.5448016458540224e-05, 0.0001348675723420456, 0.00018849378102459013, 0.00014112367352936417], [1.789059206203092e-05, 1.777484612830449e-05, 2.2516416720463894e-05, 9.958701411960647e-05, 0.00014112367352936417, 0.00013347256754059345]]</COVARIANCE_MATRIX>
		<ROI_SIZE>366</ROI_SIZE>
		<MAX_VALUE>[0.1062852218747139, 0.10817652940750122, 0.10807806998491287, 0.12967780232429504, 0.08272498846054077, 0.06487861275672913]</MAX_VALUE>
		<MIN_VALUE>[0.09008646756410599, 0.08175769448280334, 0.08097679167985916, 0.07208282500505447, 0.023831453174352646, 0.014759272336959839]</MIN_VALUE>
		<SIGNATURE_THRESHOLD_MD>0.0</SIGNATURE_THRESHOLD_MD>
		<SIGNATURE_THRESHOLD_ML>0.0</SIGNATURE_THRESHOLD_ML>
		<SIGNATURE_THRESHOLD_SAM>0.0</SIGNATURE_THRESHOLD_SAM>
	</signature>
	<signature ID="20220209_115420741316_473">
		<MACROCLASSID>1</MACROCLASSID>
		<MACROCLASSINFO>waterbody</MACROCLASSINFO>
		<CLASSID>11</CLASSID>
		<CLASSINFO>C 1</CLASSINFO>
		<VALUES>[0.09757535785352921, 0.004434704340830345, 0.0943981732001131, 0.0054465954579947145, 0.09114738371683644, 0.0072791919242423415, 0.100090435109614, 0.020163329476557437, 0.0521875999062165, 0.021574000132318725, 0.03720563055497456, 0.017185454335080348]</VALUES>
		<LCS_MIN>[0.09143636375665665, 0.08175769448280334, 0.0728464126586914, 0.07208282500505447, 0.02165021002292633, 0.011626814492046833]</LCS_MIN>
		<LCS_MAX>[0.11573448777198792, 0.11111196130514145, 0.11891858279705048, 0.15339340269565582, 0.1001749262213707, 0.08680583536624908]</LCS_MAX>
		<WAVELENGTH>[0.485, 0.56, 0.66, 0.83, 1.65, 2.215]</WAVELENGTH>
		<MEAN_VALUE>[0.09757535785352921, 0.0943981732001131, 0.09114738371683644, 0.100090435109614, 0.0521875999062165, 0.03720563055497456]</MEAN_VALUE>
		<CHECKBOX>2</CHECKBOX>
		<SD>[0.004434704340830345, 0.0054465954579947145, 0.0072791919242423415, 0.020163329476557437, 0.021574000132318725, 0.017185454335080348]</SD>
		<WAVELENGTH_UNIT>E-6m</WAVELENGTH_UNIT>
		<COLOR>#6d2da5</COLOR>
		<COVARIANCE_MATRIX>[[1.9722001525224186e-05, 2.0708848751382902e-05, 2.909402064688038e-05, 3.426757029956207e-05, 5.122513175592758e-05, 4.7498288040515035e-05], [2.0708848751382902e-05, 2.9748965971521102e-05, 3.6526249459711835e-05, 3.910538725904189e-05, 6.0403432144084945e-05, 5.6515807955292985e-05], [2.909402064688038e-05, 3.6526249459711835e-05, 5.313589281286113e-05, 4.998191798222251e-05, 7.936323527246714e-05, 7.634652138222009e-05], [3.426757029956207e-05, 3.910538725904189e-05, 4.998191798222251e-05, 0.00040770508348941803, 0.00039443428977392614, 0.00028269103495404124], [5.122513175592758e-05, 6.0403432144084945e-05, 7.936323527246714e-05, 0.00039443428977392614, 0.00046674857730977237, 0.00034382674493826926], [4.7498288040515035e-05, 5.6515807955292985e-05, 7.634652138222009e-05, 0.00028269103495404124, 0.00034382674493826926, 0.000296171783702448]]</COVARIANCE_MATRIX>
		<ROI_SIZE>356</ROI_SIZE>
		<MAX_VALUE>[0.11573448777198792, 0.11111196130514145, 0.11891858279705048, 0.15339340269565582, 0.1001749262213707, 0.08680583536624908]</MAX_VALUE>
		<MIN_VALUE>[0.09143636375665665, 0.08175769448280334, 0.0728464126586914, 0.07208282500505447, 0.02165021002292633, 0.011626814492046833]</MIN_VALUE>
		<SIGNATURE_THRESHOLD_MD>0.0</SIGNATURE_THRESHOLD_MD>
		<SIGNATURE_THRESHOLD_ML>0.0</SIGNATURE_THRESHOLD_ML>
		<SIGNATURE_THRESHOLD_SAM>0.0</SIGNATURE_THRESHOLD_SAM>
	</signature>
	<signature ID="20220209_115429826964_438">
		<MACROCLASSID>1</MACROCLASSID>
		<MACROCLASSINFO>waterbody</MACROCLASSINFO>
		<CLASSID>12</CLASSID>
		<CLASSINFO>C 1</CLASSINFO>
		<VALUES>[0.10011796398570363, 0.002588349322248854, 0.09491553800269817, 0.0034571672692880304, 0.09389535549540112, 0.004070166830020437, 0.09607983361513092, 0.009876234312873032, 0.03960887135598605, 0.0130641879989602, 0.027949627325200604, 0.011150496436397971]</VALUES>
		<LCS_MIN>[0.09413615614175797, 0.08469311892986298, 0.0782666727900505, 0.08563458919525146, 0.02165021002292633, 0.011626814492046833]</LCS_MIN>
		<LCS_MAX>[0.11033491790294647, 0.10524109750986099, 0.10807806998491287, 0.13306574523448944, 0.07836250960826874, 0.061746157705783844]</LCS_MAX>
		<WAVELENGTH>[0.485, 0.56, 0.66, 0.83, 1.65, 2.215]</WAVELENGTH>
		<MEAN_VALUE>[0.10011796398570363, 0.09491553800269817, 0.09389535549540112, 0.09607983361513092, 0.03960887135598605, 0.027949627325200604]</MEAN_VALUE>
		<CHECKBOX>2</CHECKBOX>
		<SD>[0.002588349322248854, 0.0034571672692880304, 0.004070166830020437, 0.009876234312873032, 0.0130641879989602, 0.011150496436397971]</SD>
		<WAVELENGTH_UNIT>E-6m</WAVELENGTH_UNIT>
		<COLOR>#1a01e1</COLOR>
		<COVARIANCE_MATRIX>[[9.508787115919404e-06, 1.0155289601243567e-05, 1.2756657270074356e-05, 8.3046943473164e-06, 1.995870661630761e-05, 2.0651365048252046e-05], [1.0155289601243567e-05, 1.8179192920797504e-05, 1.8203731087851338e-05, 1.0823659067682456e-05, 2.5743893274920993e-05, 2.731570384639781e-05], [1.2756657270074356e-05, 1.8203731087851338e-05, 2.598279206722509e-05, 8.94484492164338e-06, 2.8740731067955494e-05, 3.1778003176441416e-05], [8.3046943473164e-06, 1.0823659067682456e-05, 8.94484492164338e-06, 0.00011693838314386085, 0.00012358001549728215, 9.134689025813714e-05], [1.995870661630761e-05, 2.5743893274920993e-05, 2.8740731067955494e-05, 0.00012358001549728215, 0.00018873265071306378, 0.0001447452523279935], [2.0651365048252046e-05, 2.731570384639781e-05, 3.1778003176441416e-05, 9.134689025813714e-05, 0.0001447452523279935, 0.0001307571365032345]]</COVARIANCE_MATRIX>
		<ROI_SIZE>623</ROI_SIZE>
		<MAX_VALUE>[0.11033491790294647, 0.10524109750986099, 0.10807806998491287, 0.13306574523448944, 0.07836250960826874, 0.061746157705783844]</MAX_VALUE>
		<MIN_VALUE>[0.09413615614175797, 0.08469311892986298, 0.0782666727900505, 0.08563458919525146, 0.02165021002292633, 0.011626814492046833]</MIN_VALUE>
		<SIGNATURE_THRESHOLD_MD>0.0</SIGNATURE_THRESHOLD_MD>
		<SIGNATURE_THRESHOLD_ML>0.0</SIGNATURE_THRESHOLD_ML>
		<SIGNATURE_THRESHOLD_SAM>0.0</SIGNATURE_THRESHOLD_SAM>
	</signature>
	<signature ID="20220209_115438376934_459">
		<MACROCLASSID>1</MACROCLASSID>
		<MACROCLASSINFO>waterbody</MACROCLASSINFO>
		<CLASSID>13</CLASSID>
		<CLASSINFO>C 1</CLASSINFO>
		<VALUES>[0.10287195865628734, 0.0024471524683281915, 0.0986709982415583, 0.0033252087744622353, 0.10086226736937208, 0.004502048867744851, 0.108913016193558, 0.0113051240561268, 0.04350593162437084, 0.013824385729258369, 0.03027388420667751, 0.010882642878399932]</VALUES>
		<LCS_MIN>[0.09413615614175797, 0.07882227003574371, 0.0782666727900505, 0.09241046756505966, 0.02165021002292633, 0.014759272336959839]</LCS_MIN>
		<LCS_MAX>[0.11033491790294647, 0.10817652940750122, 0.11349833011627197, 0.15000544488430023, 0.07836250960826874, 0.061746157705783844]</LCS_MAX>
		<WAVELENGTH>[0.485, 0.56, 0.66, 0.83, 1.65, 2.215]</WAVELENGTH>
		<MEAN_VALUE>[0.10287195865628734, 0.0986709982415583, 0.10086226736937208, 0.108913016193558, 0.04350593162437084, 0.03027388420667751]</MEAN_VALUE>
		<CHECKBOX>2</CHECKBOX>
		<SD>[0.0024471524683281915, 0.0033252087744622353, 0.004502048867744851, 0.0113051240561268, 0.013824385729258369, 0.010882642878399932]</SD>
		<WAVELENGTH_UNIT>E-6m</WAVELENGTH_UNIT>
		<COLOR>#298bdf</COLOR>
		<COVARIANCE_MATRIX>[[6.003452199365711e-06, 4.812790393771138e-06, 6.8879799073329195e-06, 3.316449920021114e-06, 1.1574395102798007e-05, 1.1759407243516762e-05], [4.812790393771138e-06, 1.1084518519055564e-05, 1.1287872439424973e-05, 4.109797657747549e-07, 5.716476152883843e-06, 8.634097866888624e-06], [6.8879799073329195e-06, 1.1287872439424973e-05, 2.031886288023088e-05, -5.720338776882272e-06, 3.974819264840335e-06, 9.490626325714402e-06], [3.316449920021114e-06, 4.109797657747549e-07, -5.720338776882272e-06, 0.0001281237491639331, 0.0001250593486474827, 8.34896054584533e-05], [1.1574395102798007e-05, 5.716476152883843e-06, 3.974819264840335e-06, 0.0001250593486474827, 0.0001915890461532399, 0.00013582663086708635], [1.1759407243516762e-05, 8.634097866888624e-06, 9.490626325714402e-06, 8.34896054584533e-05, 0.00013582663086708635, 0.00011872652248712257]]</COVARIANCE_MATRIX>
		<ROI_SIZE>403</ROI_SIZE>
		<MAX_VALUE>[0.11033491790294647, 0.10817652940750122, 0.11349833011627197, 0.15000544488430023, 0.07836250960826874, 0.061746157705783844]</MAX_VALUE>
		<MIN_VALUE>[0.09413615614175797, 0.07882227003574371, 0.0782666727900505, 0.09241046756505966, 0.02165021002292633, 0.014759272336959839]</MIN_VALUE>
		<SIGNATURE_THRESHOLD_MD>0.0</SIGNATURE_THRESHOLD_MD>
		<SIGNATURE_THRESHOLD_ML>0.0</SIGNATURE_THRESHOLD_ML>
		<SIGNATURE_THRESHOLD_SAM>0.0</SIGNATURE_THRESHOLD_SAM>
	</signature>
	<signature ID="20220209_115446673277_956">
		<MACROCLASSID>1</MACROCLASSID>
		<MACROCLASSINFO>waterbody</MACROCLASSINFO>
		<CLASSID>14</CLASSID>
		<CLASSINFO>C 1</CLASSINFO>
		<VALUES>[0.12289190689449783, 0.005851967155201212, 0.12098273336068611, 0.007223360589659943, 0.12867206461973238, 0.008705015300090959, 0.13879919019374234, 0.011893028891444246, 0.09396677785604209, 0.02267833305317181, 0.08081629876415804, 0.02132211811589356]</VALUES>
		<LCS_MIN>[0.1062852218747139, 0.0964348316192627, 0.09452743828296661, 0.11612604558467865, 0.045643873512744904, 0.0366864874958992]</LCS_MIN>
		<LCS_MAX>[0.13868272304534912, 0.14340165257453918, 0.15144012868404388, 0.1771089881658554, 0.13289356231689453, 0.12439534813165665]</LCS_MAX>
		<WAVELENGTH>[0.485, 0.56, 0.66, 0.83, 1.65, 2.215]</WAVELENGTH>
		<MEAN_VALUE>[0.12289190689449783, 0.12098273336068611, 0.12867206461973238, 0.13879919019374234, 0.09396677785604209, 0.08081629876415804]</MEAN_VALUE>
		<CHECKBOX>2</CHECKBOX>
		<SD>[0.005851967155201212, 0.007223360589659943, 0.008705015300090959, 0.011893028891444246, 0.02267833305317181, 0.02132211811589356]</SD>
		<WAVELENGTH_UNIT>E-6m</WAVELENGTH_UNIT>
		<COLOR>#9e9912</COLOR>
		<COVARIANCE_MATRIX>[[3.44347208738327e-05, 3.815962918451987e-05, 4.2588151700329036e-05, 3.812632348854095e-05, 8.069648902164772e-05, 8.436352072749287e-05], [3.815962918451987e-05, 5.246520959190093e-05, 5.70709744351916e-05, 4.710480061476119e-05, 8.592043741373345e-05, 9.424715972272679e-05], [4.2588151700329036e-05, 5.70709744351916e-05, 7.619595271535218e-05, 4.700139106716961e-05, 6.875671533634886e-05, 7.980090595083311e-05], [3.812632348854095e-05, 4.710480061476119e-05, 4.700139106716961e-05, 0.00014222560275811702, 0.00021506771736312658, 0.00017583610315341502], [8.069648902164772e-05, 8.592043741373345e-05, 6.875671533634886e-05, 0.00021506771736312658, 0.0005171482916921377, 0.00045856303768232465], [8.436352072749287e-05, 9.424715972272679e-05, 7.980090595083311e-05, 0.00017583610315341502, 0.00045856303768232465, 0.00045714451698586345]]</COVARIANCE_MATRIX>
		<ROI_SIZE>182</ROI_SIZE>
		<MAX_VALUE>[0.13868272304534912, 0.14340165257453918, 0.15144012868404388, 0.1771089881658554, 0.13289356231689453, 0.12439534813165665]</MAX_VALUE>
		<MIN_VALUE>[0.1062852218747139, 0.0964348316192627, 0.09452743828296661, 0.11612604558467865, 0.045643873512744904, 0.0366864874958992]</MIN_VALUE>
		<SIGNATURE_THRESHOLD_MD>0.0</SIGNATURE_THRESHOLD_MD>
		<SIGNATURE_THRESHOLD_ML>0.0</SIGNATURE_THRESHOLD_ML>
		<SIGNATURE_THRESHOLD_SAM>0.0</SIGNATURE_THRESHOLD_SAM>
	</signature>
	<signature ID="20220209_115454450319_100">
		<MACROCLASSID>1</MACROCLASSID>
		<MACROCLASSINFO>waterbody</MACROCLASSINFO>
		<CLASSID>15</CLASSID>
		<CLASSINFO>C 1</CLASSINFO>
		<VALUES>[0.1253760971895623, 0.005540357475787381, 0.11978656989288834, 0.007365604840344163, 0.12393839745770027, 0.008889537102313811, 0.13513963783557925, 0.01406712137340434, 0.10890565201207633, 0.026093967150485346, 0.09509569798696955, 0.022025953964606132]</VALUES>
		<LCS_MIN>[0.11438459903001785, 0.10524109750986099, 0.10536795109510422, 0.10935017466545105, 0.05655008554458618, 0.04608386382460594]</LCS_MIN>
		<LCS_MAX>[0.14408230781555176, 0.14633709192276, 0.15144012868404388, 0.1703331023454666, 0.15252473950386047, 0.1306602954864502]</LCS_MAX>
		<WAVELENGTH>[0.485, 0.56, 0.66, 0.83, 1.65, 2.215]</WAVELENGTH>
		<MEAN_VALUE>[0.1253760971895623, 0.11978656989288834, 0.12393839745770027, 0.13513963783557925, 0.10890565201207633, 0.09509569798696955]</MEAN_VALUE>
		<CHECKBOX>2</CHECKBOX>
		<SD>[0.005540357475787381, 0.007365604840344163, 0.008889537102313811, 0.01406712137340434, 0.026093967150485346, 0.022025953964606132]</SD>
		<WAVELENGTH_UNIT>E-6m</WAVELENGTH_UNIT>
		<COLOR>#d32fb8</COLOR>
		<COVARIANCE_MATRIX>[[3.077676592511125e-05, 3.6600104067474604e-05, 4.082281520823017e-05, 4.943527528666891e-05, 7.96704480308108e-05, 7.091224688338116e-05], [3.6600104067474604e-05, 5.439565939013846e-05, 5.950725972070359e-05, 7.054687739582732e-05, 0.00010464881779626012, 9.394549124408513e-05], [4.082281520823017e-05, 5.950725972070359e-05, 7.923293014755473e-05, 8.28368793008849e-05, 0.00010044997907243669, 9.015349496621639e-05], [4.943527528666891e-05, 7.054687739582732e-05, 8.28368793008849e-05, 0.0001984074042411521, 0.0003070020175073296, 0.000243219910771586], [7.96704480308108e-05, 0.00010464881779626012, 0.00010044997907243669, 0.0003070020175073296, 0.0006826964090578258, 0.0005490046460181475], [7.091224688338116e-05, 9.394549124408513e-05, 9.015349496621639e-05, 0.000243219910771586, 0.0005490046460181475, 0.0004864260845351964]]</COVARIANCE_MATRIX>
		<ROI_SIZE>379</ROI_SIZE>
		<MAX_VALUE>[0.14408230781555176, 0.14633709192276, 0.15144012868404388, 0.1703331023454666, 0.15252473950386047, 0.1306602954864502]</MAX_VALUE>
		<MIN_VALUE>[0.11438459903001785, 0.10524109750986099, 0.10536795109510422, 0.10935017466545105, 0.05655008554458618, 0.04608386382460594]</MIN_VALUE>
		<SIGNATURE_THRESHOLD_MD>0.0</SIGNATURE_THRESHOLD_MD>
		<SIGNATURE_THRESHOLD_ML>0.0</SIGNATURE_THRESHOLD_ML>
		<SIGNATURE_THRESHOLD_SAM>0.0</SIGNATURE_THRESHOLD_SAM>
	</signature>
	<signature ID="20220209_115509534688_213">
		<MACROCLASSID>1</MACROCLASSID>
		<MACROCLASSINFO>waterbody</MACROCLASSINFO>
		<CLASSID>16</CLASSID>
		<CLASSINFO>C 1</CLASSINFO>
		<VALUES>[0.122427577468963, 0.004730464548106084, 0.13507055911398438, 0.00739386905829581, 0.15222556089530095, 0.010754221494842326, 0.19704741908738255, 0.011874454552594966, 0.21253452483107474, 0.016599013937859335, 0.16284363045704903, 0.018984777612023745]</VALUES>
		<LCS_MIN>[0.10763511061668396, 0.11111196130514145, 0.10807806998491287, 0.17372103035449982, 0.15906848013401031, 0.10246813297271729]</LCS_MIN>
