<?xml version="1.0" ?>
<signaturelist MCID_LIST="[['1', 'waterbody', '#000000'], ['2', 'vegetation', '#000000'], ['3', 'bareland', '#000000'], ['4', 'built-up', '#000000']]">
	<signature ID="20220209_115254540644_632">
		<MACROCLASSID>1</MACROCLASSID>
		<MACROCLASSINFO>waterbody</MACROCLASSINFO>
		<CLASSID>1</CLASSID>
		<CLASSINFO>C 1</CLASSINFO>
		<VALUES>[0.11321746127905577, 0.0017247549496056057, 0.10875524872484793, 0.00208616996137124, 0.11486948734578499, 0.0028057553777626975, 0.1202704427750547, 0.007778118588185638, 0.04256112020099953, 0.011777616719627612, 0.031202823357245137, 0.009515452081005354]</VALUES>
		<LCS_MIN>[0.10898500680923462, 0.10230568051338196, 0.10536795109510422, 0.10935017466545105, 0.023831453174352646, 0.014759272336959839]</LCS_MIN>
		<LCS_MAX>[0.11978418380022049, 0.11991823464632034, 0.12433882802724838, 0.15000544488430023, 0.07618127018213272, 0.061746157705783844]</LCS_MAX>
		<WAVELENGTH>[0.485, 0.56, 0.66, 0.83, 1.65, 2.215]</WAVELENGTH>
		<MEAN_VALUE>[0.11321746127905577, 0.10875524872484793, 0.11486948734578499, 0.1202704427750547, 0.04256112020099953, 0.031202823357245137]</MEAN_VALUE>
		<CHECKBOX>2</CHECKBOX>
		<SD>[0.0017247549496056057, 0.00208616996137124, 0.0028057553777626975, 0.007778118588185638, 0.011777616719627612, 0.009515452081005354]</SD>
		<WAVELENGTH_UNIT>E-6m</WAVELENGTH_UNIT>
		<COLOR>#384277</COLOR>
		<COVARIANCE_MATRIX>[[2.981862444846639e-06, 9.7895521493115e-07, 1.0989234031579133e-06, 1.995663821863711e-06, 8.157249094712047e-06, 7.035256110073056e-06], [9.7895521493115e-07, 4.362467262746088e-06, 2.4056914054759823e-06, 8.635141179086046e-07, 2.321867586862542e-06, 2.3053294457901777e-06], [1.0989234031579133e-06, 2.4056914054759823e-06, 7.89100672374867e-06, -4.8435510251649455e-06, -7.051038679781223e-06, -4.388667897847014e-06], [1.995663821863711e-06, 8.635141179086046e-07, -4.8435510251649455e-06, 6.0643174316573974e-05, 5.3697453438719004e-05, 3.440388526556809e-05], [8.157249094712047e-06, 2.321867586862542e-06, -7.051038679781223e-06, 5.3697453438719004e-05, 0.0001390425228696768, 0.00010239863307413393], [7.035256110073056e-06, 2.3053294457901777e-06, -4.388667897847014e-06, 3.440388526556809e-05, 0.00010239863307413393, 9.075940884949472e-05]]</COVARIANCE_MATRIX>
		<ROI_SIZE>421</ROI_SIZE>
		<MAX_VALUE>[0.11978418380022049, 0.11991823464632034, 0.12433882802724838, 0.15000544488430023, 0.07618127018213272, 0.061746157705783844]</MAX_VALUE>
		<MIN_VALUE>[0.10898500680923462, 0.10230568051338196, 0.10536795109510422, 0.10935017466545105, 0.023831453174352646, 0.014759272336959839]</MIN_VALUE>
		<SIGNATURE_THRESHOLD_MD>0</SIGNATURE_THRESHOLD_MD>
		<SIGNATURE_THRESHOLD_ML>0</SIGNATURE_THRESHOLD_ML>
		<SIGNATURE_THRESHOLD_SAM>0</SIGNATURE_THRESHOLD_SAM>
	</signature>
	<signature ID="20220209_115259760841_910">
		<MACROCLASSID>1</MACROCLASSID>
		<MACROCLASSINFO>waterbody</MACROCLASSINFO>
		<CLASSID>2</CLASSID>
		<CLASSINFO>C 1</CLASSINFO>
		<VALUES>[0.11319104066423773, 0.0017810575793632895, 0.10980179665957471, 0.0017336802768829556, 0.1176860113391432, 0.0025838378112266187, 0.12131323663275798, 0.007807847395866159, 0.042809490514340395, 0.009918945777960738, 0.031925857456474624, 0.008009389639810722]</VALUES>
		<LCS_MIN>[0.10763511061668396, 0.10524109750986099, 0.10536795109510422, 0.11273811012506485, 0.030375178903341293, 0.02102418802678585]</LCS_MIN>
		<LCS_MAX>[0.11843428015708923, 0.11404738575220108, 0.12162870913743973, 0.15339340269565582, 0.0740000307559967, 0.05861370638012886]</LCS_MAX>
		<WAVELENGTH>[0.485, 0.56, 0.66, 0.83, 1.65, 2.215]</WAVELENGTH>
		<MEAN_VALUE>[0.11319104066423773, 0.10980179665957471, 0.1176860113391432, 0.12131323663275798, 0.042809490514340395, 0.031925857456474624]</MEAN_VALUE>
		<CHECKBOX>2</CHECKBOX>
		<SD>[0.0017810575793632895, 0.0017336802768829556, 0.0025838378112266187, 0.007807847395866159, 0.009918945777960738, 0.008009389639810722]</SD>
		<WAVELENGTH_UNIT>E-6m</WAVELENGTH_UNIT>
		<COLOR>#1dd424</COLOR>
		<COVARIANCE_MATRIX>[[3.1811524072425864e-06, 4.0747283026161616e-07, 9.187129445897139e-07, -5.930399741546668e-07, 1.4036306594804305e-06, 1.7526156910482498e-06], [4.0747283026161616e-07, 3.0141618840463027e-06, 1.3103009949827958e-06, -2.9043643255552807e-06, -1.0395300556085017e-06, -3.6791649983528437e-07], [9.187129445897139e-07, 1.3103009949827958e-06, 6.695130633123005e-06, -1.0521216082654312e-05, -9.280945573119517e-06, -5.355357335994586e-06], [-5.930399741546668e-07, -2.9043643255552807e-06, -1.0521216082654312e-05, 6.113517920347144e-05, 4.488996081421481e-05, 2.9784915091174367e-05], [1.4036306594804305e-06, -1.0395300556085017e-06, -9.280945573119517e-06, 4.488996081421481e-05, 9.866419776920206e-05, 7.136355298154032e-05], [1.7526156910482498e-06, -3.6791649983528437e-07, -5.355357335994586e-06, 2.9784915091174367e-05, 7.136355298154032e-05, 6.433205136095407e-05]]</COVARIANCE_MATRIX>
		<ROI_SIZE>354</ROI_SIZE>
		<MAX_VALUE>[0.11843428015708923, 0.11404738575220108, 0.12162870913743973, 0.15339340269565582, 0.0740000307559967, 0.05861370638012886]</MAX_VALUE>
		<MIN_VALUE>[0.10763511061668396, 0.10524109750986099, 0.10536795109510422, 0.11273811012506485, 0.030375178903341293, 0.02102418802678585]</MIN_VALUE>
		<SIGNATURE_THRESHOLD_MD>0</SIGNATURE_THRESHOLD_MD>
		<SIGNATURE_THRESHOLD_ML>0</SIGNATURE_THRESHOLD_ML>
		<SIGNATURE_THRESHOLD_SAM>0</SIGNATURE_THRESHOLD_SAM>
	</signature>
	<signature ID="20220209_115308477582_664">
		<MACROCLASSID>1</MACROCLASSID>
		<MACROCLASSINFO>waterbody</MACROCLASSINFO>
		<CLASSID>3</CLASSID>
		<CLASSINFO>C 1</CLASSINFO>
		<VALUES>[0.11435015735273459, 0.0029132488546652984, 0.11171102622637943, 0.003287507509369634, 0.1193610520995393, 0.0037274945738662874, 0.12551202970956052, 0.008208858259699598, 0.05789666767327153, 0.015359286249570557, 0.04488522040524655, 0.013297997239811803]</VALUES>
		<LCS_MIN>[0.10763511061668396, 0.10230568051338196, 0.10265780985355377, 0.11273811012506485, 0.03255642205476761, 0.02415665052831173]</LCS_MIN>
		<LCS_MAX>[0.12518376111984253, 0.12285365909337997, 0.13517935574054718, 0.16355721652507782, 0.09144996106624603, 0.07427600026130676]</LCS_MAX>
		<WAVELENGTH>[0.485, 0.56, 0.66, 0.83, 1.65, 2.215]</WAVELENGTH>
		<MEAN_VALUE>[0.11435015735273459, 0.11171102622637943, 0.1193610520995393, 0.12551202970956052, 0.05789666767327153, 0.04488522040524655]</MEAN_VALUE>
		<CHECKBOX>2</CHECKBOX>
		<SD>[0.0029132488546652984, 0.003287507509369634, 0.0037274945738662874, 0.008208858259699598, 0.015359286249570557, 0.013297997239811803]</SD>
		<WAVELENGTH_UNIT>E-6m</WAVELENGTH_UNIT>
		<COLOR>#1463ab</COLOR>
		<COVARIANCE_MATRIX>[[8.77945940741141e-06, 6.382053436356764e-06, 6.211440639976067e-06, 8.474792372794117e-06, 2.6628272854740785e-05, 2.4288806622859806e-05], [6.382053436356764e-06, 1.0238100089601789e-05, 7.968729812764191e-06, 7.17404774041755e-06, 2.138926217138532e-05, 1.996692442352259e-05], [6.211440639976067e-06, 7.968729812764191e-06, 1.3967415215688299e-05, -6.120742068037286e-07, 1.3329448386164156e-05, 1.5120617126318988e-05], [8.474792372794117e-06, 7.17404774041755e-06, -6.120742068037286e-07, 7.421057446832618e-05, 9.831178458714874e-05, 7.941453872932138e-05], [2.6628272854740785e-05, 2.138926217138532e-05, 1.3329448386164156e-05, 9.831178458714874e-05, 0.00024502661851733557, 0.0002013144485943703], [2.4288806622859806e-05, 1.996692442352259e-05, 1.5120617126318988e-05, 7.941453872932138e-05, 0.0002013144485943703, 0.00018743024227482774]]</COVARIANCE_MATRIX>
		<ROI_SIZE>260</ROI_SIZE>
		<MAX_VALUE>[0.12518376111984253, 0.12285365909337997, 0.13517935574054718, 0.16355721652507782, 0.09144996106624603, 0.07427600026130676]</MAX_VALUE>
		<MIN_VALUE>[0.10763511061668396, 0.10230568051338196, 0.10265780985355377, 0.11273811012506485, 0.03255642205476761, 0.02415665052831173]</MIN_VALUE>
		<SIGNATURE_THRESHOLD_MD>0</SIGNATURE_THRESHOLD_MD>
		<SIGNATURE_THRESHOLD_ML>0</SIGNATURE_THRESHOLD_ML>
		<SIGNATURE_THRESHOLD_SAM>0</SIGNATURE_THRESHOLD_SAM>
	</signature>
	<signature ID="20220209_115316567586_837">
		<MACROCLASSID>1</MACROCLASSID>
		<MACROCLASSINFO>waterbody</MACROCLASSINFO>
		<CLASSID>4</CLASSID>
		<CLASSINFO>C 1</CLASSINFO>
		<VALUES>[0.1125068050190057, 0.002980491223457891, 0.11057079013166486, 0.003433631900657722, 0.11919110955139779, 0.004122520020973323, 0.12186094406763269, 0.008391321066695677, 0.058548541021580136, 0.015504275768723787, 0.04536637479657903, 0.014439655670151146]</VALUES>
		<LCS_MIN>[0.1062852218747139, 0.10230568051338196, 0.11078821122646332, 0.10935017466545105, 0.034737661480903625, 0.02102418802678585]</LCS_MIN>
		<LCS_MAX>[0.12113407254219055, 0.12285365909337997, 0.13246923685073853, 0.15678134560585022, 0.09799368679523468, 0.08993829786777496]</LCS_MAX>
		<WAVELENGTH>[0.485, 0.56, 0.66, 0.83, 1.65, 2.215]</WAVELENGTH>
		<MEAN_VALUE>[0.1125068050190057, 0.11057079013166486, 0.11919110955139779, 0.12186094406763269, 0.058548541021580136, 0.04536637479657903]</MEAN_VALUE>
		<CHECKBOX>2</CHECKBOX>
		<SD>[0.002980491223457891, 0.003433631900657722, 0.004122520020973323, 0.008391321066695677, 0.015504275768723787, 0.014439655670151146]</SD>
		<WAVELENGTH_UNIT>E-6m</WAVELENGTH_UNIT>
		<COLOR>#f1d70e</COLOR>
		<COVARIANCE_MATRIX>[[8.933234269812388e-06, 6.925399677830268e-06, 8.016378828204826e-06, 1.4477837470543853e-05, 3.275509730598758e-05, 3.097649009679439e-05], [6.925399677830268e-06, 1.1856063018142418e-05, 1.127690636776727e-05, 1.8094432989395945e-05, 3.0260245466283196e-05, 2.9674442409289935e-05], [8.016378828204826e-06, 1.127690636776727e-05, 1.7090649813906355e-05, 1.9732029312153236e-05, 3.0902507533071597e-05, 3.21509702778158e-05], [1.4477837470543853e-05, 1.8094432989395945e-05, 1.9732029312153236e-05, 7.080985502664236e-05, 9.488121384732616e-05, 8.176474625932147e-05], [3.275509730598758e-05, 3.0260245466283196e-05, 3.0902507533071597e-05, 9.488121384732616e-05, 0.00024173303097281893, 0.00020788015354515047], [3.097649009679439e-05, 2.9674442409289935e-05, 3.21509702778158e-05, 8.176474625932147e-05, 0.00020788015354515047, 0.00020967502472574442]]</COVARIANCE_MATRIX>
		<ROI_SIZE>179</ROI_SIZE>
		<MAX_VALUE>[0.12113407254219055, 0.12285365909337997, 0.13246923685073853, 0.15678134560585022, 0.09799368679523468, 0.08993829786777496]</MAX_VALUE>
		<MIN_VALUE>[0.1062852218747139, 0.10230568051338196, 0.11078821122646332, 0.10935017466545105, 0.034737661480903625, 0.02102418802678585]</MIN_VALUE>
		<SIGNATURE_THRESHOLD_MD>0</SIGNATURE_THRESHOLD_MD>
		<SIGNATURE_THRESHOLD_ML>0</SIGNATURE_THRESHOLD_ML>
		<SIGNATURE_THRESHOLD_SAM>0</SIGNATURE_THRESHOLD_SAM>
	</signature>
	<signature ID="20220209_115324367269_676">
		<MACROCLASSID>1</MACROCLASSID>
		<MACROCLASSINFO>waterbody</MACROCLASSINFO>
		<CLASSID>5</CLASSID>
		<CLASSINFO>C 1</CLASSINFO>
		<VALUES>[0.11143410716738018, 0.0024606097001813325, 0.10909909307956696, 0.0029020917579234457, 0.11675048176021802, 0.0035953875397008524, 0.1179329519825322, 0.0058319581826793586, 0.050608796076405616, 0.01164754684508614, 0.03922228828249944, 0.011166053156926719]</VALUES>
		<LCS_MIN>[0.1062852218747139, 0.10230568051338196, 0.10807806998491287, 0.10596223175525665, 0.028193935751914978, 0.014759272336959839]</LCS_MIN>
		<LCS_MAX>[0.11978418380022049, 0.11698281764984131, 0.12975910305976868, 0.15000544488430023, 0.07618127018213272, 0.06487861275672913]</LCS_MAX>
		<WAVELENGTH>[0.485, 0.56, 0.66, 0.83, 1.65, 2.215]</WAVELENGTH>
		<MEAN_VALUE>[0.11143410716738018, 0.10909909307956696, 0.11675048176021802, 0.1179329519825322, 0.050608796076405616, 0.03922228828249944]</MEAN_VALUE>
		<CHECKBOX>2</CHECKBOX>
		<SD>[0.0024606097001813325, 0.0029020917579234457, 0.0035953875397008524, 0.0058319581826793586, 0.01164754684508614, 0.011166053156926719]</SD>
		<WAVELENGTH_UNIT>E-6m</WAVELENGTH_UNIT>
		<COLOR>#7fab3f</COLOR>
		<COVARIANCE_MATRIX>[[6.083569475079229e-06, 4.6120189927631415e-06, 4.98520949768615e-06, 7.28237424307606e-06, 1.576156054445368e-05, 1.631857333339785e-05], [4.6120189927631415e-06, 8.462433875576598e-06, 6.805847818144183e-06, 9.221783723604288e-06, 1.6475061842985093e-05, 1.7359470101721308e-05], [4.98520949768615e-06, 6.805847818144183e-06, 1.2988662333653589e-05, 9.120243949483819e-06, 1.6699110250341087e-05, 1.693809391029797e-05], [7.28237424307606e-06, 9.221783723604288e-06, 9.120243949483819e-06, 3.4174471824638016e-05, 4.579157766626205e-05, 4.297505308413108e-05], [1.576156054445368e-05, 1.6475061842985093e-05, 1.6699110250341087e-05, 4.579157766626205e-05, 0.00013631446400373196, 0.00011612395565333296], [1.631857333339785e-05, 1.7359470101721308e-05, 1.693809391029797e-05, 4.297505308413108e-05, 0.00011612395565333296, 0.00012527730168275481]]</COVARIANCE_MATRIX>
		<ROI_SIZE>210</ROI_SIZE>
		<MAX_VALUE>[0.11978418380022049, 0.11698281764984131, 0.12975910305976868, 0.15000544488430023, 0.07618127018213272, 0.06487861275672913]</MAX_VALUE>
		<MIN_VALUE>[0.1062852218747139, 0.10230568051338196, 0.10807806998491287, 0.10596223175525665, 0.028193935751914978, 0.014759272336959839]</MIN_VALUE>
		<SIGNATURE_THRESHOLD_MD>0</SIGNATURE_THRESHOLD_MD>
		<SIGNATURE_THRESHOLD_ML>0</SIGNATURE_THRESHOLD_ML>
		<SIGNATURE_THRESHOLD_SAM>0</SIGNATURE_THRESHOLD_SAM>
	</signature>
	<signature ID="20220209_115331929060_114">
		<MACROCLASSID>1</MACROCLASSID>
		<MACROCLASSINFO>waterbody</MACROCLASSINFO>
		<CLASSID>6</CLASSID>
		<CLASSINFO>C 1</CLASSINFO>
		<VALUES>[0.111787116523914, 0.0038277848750449383, 0.10838466511087486, 0.004624137129025799, 0.11430010485547093, 0.00540233757046569, 0.12174224496470692, 0.009978624727274595, 0.05628876194066404, 0.018940581204573495, 0.043472206256463954, 0.01682159329497988]</VALUES>
		<LCS_MIN>[0.10493533313274384, 0.09937025606632233, 0.09452743828296661, 0.10596223175525665, 0.030375178903341293, 0.02102418802678585]</LCS_MIN>
		<LCS_MAX>[0.1265336573123932, 0.12872451543807983, 0.13517935574054718, 0.15678134560585022, 0.09799368679523468, 0.08680583536624908]</LCS_MAX>
		<WAVELENGTH>[0.485, 0.56, 0.66, 0.83, 1.65, 2.215]</WAVELENGTH>
		<MEAN_VALUE>[0.111787116523914, 0.10838466511087486, 0.11430010485547093, 0.12174224496470692, 0.05628876194066404, 0.043472206256463954]</MEAN_VALUE>
		<CHECKBOX>2</CHECKBOX>
		<SD>[0.0038277848750449383, 0.004624137129025799, 0.00540233757046569, 0.009978624727274595, 0.018940581204573495, 0.01682159329497988]</SD>
		<WAVELENGTH_UNIT>E-6m</WAVELENGTH_UNIT>
		<COLOR>#e21402</COLOR>
		<COVARIANCE_MATRIX>[[1.4687848660038576e-05, 1.503235272700862e-05, 1.72502796089851e-05, 2.199937052703216e-05, 5.07536218863235e-05, 4.821153446004715e-05], [1.503235272700862e-05, 2.1435052629672363e-05, 2.1612516406520497e-05, 2.688398386953927e-05, 5.6566216786196626e-05, 5.4971844065342197e-05], [1.72502796089851e-05, 2.1612516406520497e-05, 2.9256783703758416e-05, 2.8657346845061976e-05, 6.494610598122137e-05, 6.460407489912367e-05], [2.199937052703216e-05, 2.688398386953927e-05, 2.8657346845061976e-05, 9.981700279936386e-05, 0.00015615237075290297, 0.0001283466313503377], [5.07536218863235e-05, 5.6566216786196626e-05, 6.494610598122137e-05, 0.00015615237075290297, 0.00035962489483853087, 0.00030449090784900705], [4.821153446004715e-05, 5.4971844065342197e-05, 6.460407489912367e-05, 0.0001283466313503377, 0.00030449090784900705, 0.0002836595451017653]]</COVARIANCE_MATRIX>
		<ROI_SIZE>409</ROI_SIZE>
		<MAX_VALUE>[0.1265336573123932, 0.12872451543807983, 0.13517935574054718, 0.15678134560585022, 0.09799368679523468, 0.08680583536624908]</MAX_VALUE>
		<MIN_VALUE>[0.10493533313274384, 0.09937025606632233, 0.09452743828296661, 0.10596223175525665, 0.030375178903341293, 0.02102418802678585]</MIN_VALUE>
		<SIGNATURE_THRESHOLD_MD>0</SIGNATURE_THRESHOLD_MD>
		<SIGNATURE_THRESHOLD_ML>0</SIGNATURE_THRESHOLD_ML>
		<SIGNATURE_THRESHOLD_SAM>0</SIGNATURE_THRESHOLD_SAM>
	</signature>
	<signature ID="20220209_115340035796_649">
		<MACROCLASSID>1</MACROCLASSID>
		<MACROCLASSINFO>waterbody</MACROCLASSINFO>
		<CLASSID>7</CLASSID>
		<CLASSINFO>C 1</CLASSINFO>
		<VALUES>[0.10821540556030305, 0.002863935871377964, 0.1051426595531222, 0.0036265455873394263, 0.110300710924515, 0.004244098406264534, 0.11948300346096113, 0.010464048084991117, 0.05055166782084399, 0.015254200551700996, 0.03685839066463634, 0.012722948239658912]</VALUES>
		<LCS_MIN>[0.10088563710451126, 0.09937025606632233, 0.09723755717277527, 0.09579840302467346, 0.030375178903341293, 0.01789172925055027]</LCS_MIN>
		<LCS_MAX>[0.11978418380022049, 0.11991823464632034, 0.12704895436763763, 0.16016928851604462, 0.09144996106624603, 0.07427600026130676]</LCS_MAX>
		<WAVELENGTH>[0.485, 0.56, 0.66, 0.83, 1.65, 2.215]</WAVELENGTH>
		<MEAN_VALUE>[0.10821540556030305, 0.1051426595531222, 0.110300710924515, 0.11948300346096113, 0.05055166782084399, 0.03685839066463634]</MEAN_VALUE>
		<CHECKBOX>2</CHECKBOX>
		<SD>[0.002863935871377964, 0.0036265455873394263, 0.004244098406264534, 0.010464048084991117, 0.015254200551700996, 0.012722948239658912]</SD>
		<WAVELENGTH_UNIT>E-6m</WAVELENGTH_UNIT>
		<COLOR>#64b4be</COLOR>
		<COVARIANCE_MATRIX>[[8.227211637675463e-06, 7.49762731516076e-06, 8.674554444908859e-06, 1.032559482520215e-05, 2.6245669682094718e-05, 2.2930358508763118e-05], [7.49762731516076e-06, 1.3192052569519074e-05, 1.1653811481150371e-05, 1.5203443375319633e-05, 3.572981403136382e-05, 3.0976636157479935e-05], [8.674554444908859e-06, 1.1653811481150371e-05, 1.8067454986283748e-05, 1.1440964612082636e-05, 3.320441327017403e-05, 3.0796339988542725e-05], [1.032559482520215e-05, 1.5203443375319633e-05, 1.1440964612082636e-05, 0.00010983115340245278, 0.00011294485565714726, 8.114132148901191e-05], [2.6245669682094718e-05, 3.572981403136382e-05, 3.320441327017403e-05, 0.00011294485565714726, 0.0002334022266258621, 0.00018505621985580529], [2.2930358508763118e-05, 3.0976636157479935e-05, 3.0796339988542725e-05, 8.114132148901191e-05, 0.00018505621985580529, 0.00016236843763353233]]</COVARIANCE_MATRIX>
		<ROI_SIZE>328</ROI_SIZE>
		<MAX_VALUE>[0.11978418380022049, 0.11991823464632034, 0.12704895436763763, 0.16016928851604462, 0.09144996106624603, 0.07427600026130676]</MAX_VALUE>
		<MIN_VALUE>[0.10088563710451126, 0.09937025606632233, 0.09723755717277527, 0.09579840302467346, 0.030375178903341293, 0.01789172925055027]</MIN_VALUE>
		<SIGNATURE_THRESHOLD_MD>0</SIGNATURE_THRESHOLD_MD>
		<SIGNATURE_THRESHOLD_ML>0</SIGNATURE_THRESHOLD_ML>
		<SIGNATURE_THRESHOLD_SAM>0</SIGNATURE_THRESHOLD_SAM>
	</signature>
	<signature ID="20220209_115349244970_363">
		<MACROCLASSID>1</MACROCLASSID>
		<MACROCLASSINFO>waterbody</MACROCLASSINFO>
		<CLASSID>8</CLASSID>
		<CLASSINFO>C 1</CLASSINFO>
		<VALUES>[0.10554587788379659, 0.0021473152511015, 0.10175593581721981, 0.0025590081306427165, 0.10626812937402896, 0.003435550475284324, 0.11537184600484668, 0.008868060146237746, 0.043578244706240644, 0.011331994195023912, 0.030952869147694153, 0.009753783454045085]</VALUES>
		<LCS_MIN>[0.10088563710451126, 0.09349940717220306, 0.09452743828296661, 0.10257428884506226, 0.028193935751914978, 0.014759272336959839]</LCS_MIN>
		<LCS_MAX>[0.11168479174375534, 0.11111196130514145, 0.11891858279705048, 0.14661751687526703, 0.0740000307559967, 0.061746157705783844]</LCS_MAX>
		<WAVELENGTH>[0.485, 0.56, 0.66, 0.83, 1.65, 2.215]</WAVELENGTH>
		<MEAN_VALUE>[0.10554587788379659, 0.10175593581721981, 0.10626812937402896, 0.11537184600484668, 0.043578244706240644, 0.030952869147694153]</MEAN_VALUE>
		<CHECKBOX>2</CHECKBOX>
		<SD>[0.0021473152511015, 0.0025590081306427165, 0.003435550475284324, 0.008868060146237746, 0.011331994195023912, 0.009753783454045085]</SD>
		<WAVELENGTH_UNIT>E-6m</WAVELENGTH_UNIT>
		<COLOR>#20fab6</COLOR>
		<COVARIANCE_MATRIX>[[4.627313719484073e-06, 3.4000583361215902e-06, 4.274405426659412e-06, 4.613810976673938e-06, 9.952807714452265e-06, 9.82583967540883e-06], [3.4000583361215902e-06, 6.571744324088052e-06, 5.800210981566984e-06, 4.803289085123146e-06, 9.645379401880245e-06, 1.0368588939472363e-05], [4.274405426659412e-06, 5.800210981566984e-06, 1.1844861703220045e-05, 2.9279332529089467e-06, 1.1152471991820583e-05, 1.3518471989843668e-05], [4.613810976673938e-06, 4.803289085123146e-06, 2.9279332529089467e-06, 7.892136483798976e-05, 7.569003658247349e-05, 5.474458423080714e-05], [9.952807714452265e-06, 9.645379401880245e-06, 1.1152471991820583e-05, 7.569003658247349e-05, 0.0001288694615581693, 0.00010048980762739734], [9.82583967540883e-06, 1.0368588939472363e-05, 1.3518471989843668e-05, 5.474458423080714e-05, 0.00010048980762739734, 9.547365440481645e-05]]</COVARIANCE_MATRIX>
		<ROI_SIZE>283</ROI_SIZE>
		<MAX_VALUE>[0.11168479174375534, 0.11111196130514145, 0.11891858279705048, 0.14661751687526703, 0.0740000307559967, 0.061746157705783844]</MAX_VALUE>
		<MIN_VALUE>[0.10088563710451126, 0.09349940717220306, 0.09452743828296661, 0.10257428884506226, 0.028193935751914978, 0.014759272336959839]</MIN_VALUE>
		<SIGNATURE_THRESHOLD_MD>0</SIGNATURE_THRESHOLD_MD>
		<SIGNATURE_THRESHOLD_ML>0</SIGNATURE_THRESHOLD_ML>
		<SIGNATURE_THRESHOLD_SAM>0</SIGNATURE_THRESHOLD_SAM>
	</signature>
	<signature ID="20220209_115406793984_314">
		<MACROCLASSID>1</MACROCLASSID>
		<MACROCLASSINFO>waterbody</MACROCLASSINFO>
		<CLASSID>9</CLASSID>
		<CLASSINFO>C 1</CLASSINFO>
		<VALUES>[0.10264579374708377, 0.002922467510723861, 0.09811838334608901, 0.003811273097438991, 0.09911737408415938, 0.0052218399931187745, 0.10572141858146468, 0.012086827476245461, 0.04286920497486112, 0.015555759918433961, 0.029431157834444388, 0.012385252730969928]</VALUES>
		<LCS_MIN>[0.09278625249862671, 0.0876285508275032, 0.0782666727900505, 0.08902252465486526, 0.02165021002292633, 0.011626814492046833]</LCS_MIN>
		<LCS_MAX>[0.1130346953868866, 0.11111196130514145, 0.11620845645666122, 0.14322958886623383, 0.0870874673128128, 0.068011075258255]</LCS_MAX>
		<WAVELENGTH>[0.485, 0.56, 0.66, 0.83, 1.65, 2.215]</WAVELENGTH>
		<MEAN_VALUE>[0.10264579374708377, 0.09811838334608901, 0.09911737408415938, 0.10572141858146468, 0.04286920497486112, 0.029431157834444388]</MEAN_VALUE>
		<CHECKBOX>2</CHECKBOX>
		<SD>[0.002922467510723861, 0.003811273097438991, 0.0052218399931187745, 0.012086827476245461, 0.015555759918433961, 0.012385252730969928]</SD>
		<WAVELENGTH_UNIT>E-6m</WAVELENGTH_UNIT>
		<COLOR>#b1907c</COLOR>
		<COVARIANCE_MATRIX>[[8.561801157996264e-06, 8.517779331819537e-06, 1.1667213201385718e-05, 4.683644599644004e-06, 1.6261293178293324e-05, 1.7020011129818163e-05], [8.517779331819537e-06, 1.4561492555997508e-05, 1.637383347986376e-05, 2.434511400310282e-06, 1.3335295385717946e-05, 1.615320926376147e-05], [1.1667213201385718e-05, 1.637383347986376e-05, 2.7334609505660237e-05, -5.953102866546102e-06, 9.673209859632141e-06, 1.6383841156117137e-05], [4.683644599644004e-06, 2.434511400310282e-06, -5.953102866546102e-06, 0.0001464503453654375, 0.00015362879931689322, 0.00010859859863389164], [1.6261293178293324e-05, 1.3335295385717946e-05, 9.673209859632141e-06, 0.00015362879931689322, 0.00024257621618944034, 0.00017596856784050935], [1.7020011129818163e-05, 1.615320926376147e-05, 1.6383841156117137e-05, 0.00010859859863389164, 0.00017596856784050935, 0.00015377137583704964]]</COVARIANCE_MATRIX>
		<ROI_SIZE>408</ROI_SIZE>
		<MAX_VALUE>[0.1130346953868866, 0.11111196130514145, 0.11620845645666122, 0.14322958886623383, 0.0870874673128128, 0.068011075258255]</MAX_VALUE>
		<MIN_VALUE>[0.09278625249862671, 0.0876285508275032, 0.0782666727900505, 0.08902252465486526, 0.02165021002292633, 0.011626814492046833]</MIN_VALUE>
		<SIGNATURE_THRESHOLD_MD>0</SIGNATURE_THRESHOLD_MD>
		<SIGNATURE_THRESHOLD_ML>0</SIGNATURE_THRESHOLD_ML>
		<SIGNATURE_THRESHOLD_SAM>0</SIGNATURE_THRESHOLD_SAM>
	</signature>
	<signature ID="20220209_115414719239_897">
		<MACROCLASSID>1</MACROCLASSID>
		<MACROCLASSINFO>waterbody</MACROCLASSINFO>
		<CLASSID>10</CLASSID>
		<CLASSINFO>C 1</CLASSINFO>
		<VALUES>[0.09912151227358876, 0.0024100185209825955, 0.09596855462350569, 0.003179654744389728, 0.09446872765406802, 0.0035966820369214576, 0.09222700672782287, 0.011242401697890798, 0.04567537167603787, 0.014131169565632413, 0.03294336791772271, 0.011674367152459881]</VALUES>
		<LCS_MIN>[0.09008646756410599, 0.08175769448280334, 0.08097679167985916, 0.07208282500505447, 0.023831453174352646, 0.014759272336959839]</LCS_MIN>
		<LCS_MAX>[0.1062852218747139, 0.10817652940750122, 0.10807806998491287, 0.12967780232429504, 0.08272498846054077, 0.06487861275672913]</LCS_MAX>
		<WAVELENGTH>[0.485, 0.56, 0.66, 0.83, 1.65, 2.215]</WAVELENGTH>
		<MEAN_VALUE>[0.09912151227358876, 0.09596855462350569, 0.09446872765406802, 0.09222700672782287, 0.04567537167603787, 0.03294336791772271]</MEAN_VALUE>
		<CHECKBOX>2</CHECKBOX>
		<SD>[0.0024100185209825955, 0.003179654744389728, 0.0035966820369214576, 0.011242401697890798, 0.014131169565632413, 0.011674367152459881]</SD>
		<WAVELENGTH_UNIT>E-6m</WAVELENGTH_UNIT>
		<COLOR>#e7133a</COLOR>
		<COVARIANCE_MATRIX>[[6.078209612556864e-06, 4.799870271393311e-06, 6.209595171594305e-06, 1.2309916914670769e-05, 1.8375802913142063e-05, 1.789059285446033e-05], [4.799870271393311e-06, 9.294366993143087e-06, 7.809238822562596e-06, 1.3057412897935984e-05, 1.9537023906664913e-05, 1.777484694617012e-05], [6.209595171594305e-06, 7.809238822562596e-06, 1.2366186994738602e-05, 1.7146069654327002e-05, 2.5448016997227147e-05, 2.2516416477515875e-05], [1.2309916914670769e-05, 1.3057412897935984e-05, 1.7146069654327002e-05, 0.00012956805028876427, 0.00013486757724267819, 9.958701305644505e-05], [1.8375802913142063e-05, 1.9537023906664913e-05, 2.5448016997227147e-05, 0.00013486757724267819, 0.00018849378608023113, 0.00014112366712850424], [1.789059285446033e-05, 1.777484694617012e-05, 2.2516416477515875e-05, 9.958701305644505e-05, 0.00014112366712850424, 0.00013347257301627927]]</COVARIANCE_MATRIX>
		<ROI_SIZE>366</ROI_SIZE>
		<MAX_VALUE>[0.1062852218747139, 0.10817652940750122, 0.10807806998491287, 0.12967780232429504, 0.08272498846054077, 0.06487861275672913]</MAX_VALUE>
		<MIN_VALUE>[0.09008646756410599, 0.08175769448280334, 0.08097679167985916, 0.07208282500505447, 0.023831453174352646, 0.014759272336959839]</MIN_VALUE>
		<SIGNATURE_THRESHOLD_MD>0</SIGNATURE_THRESHOLD_MD>
		<SIGNATURE_THRESHOLD_ML>0</SIGNATURE_THRESHOLD_ML>
		<SIGNATURE_THRESHOLD_SAM>0</SIGNATURE_THRESHOLD_SAM>
	</signature>
	<signature ID="20220209_115420741316_473">
		<MACROCLASSID>1</MACROCLASSID>
		<MACROCLASSINFO>waterbody</MACROCLASSINFO>
		<CLASSID>11</CLASSID>
		<CLASSINFO>C 1</CLASSINFO>
		<VALUES>[0.09757535785352921, 0.004434704340830345, 0.0943981732001131, 0.0054465954579947145, 0.09114738371683644, 0.0072791919242423415, 0.100090435109614, 0.020163329476557437, 0.0521875999062165, 0.021574000132318725, 0.03720563055497456, 0.017185454335080348]</VALUES>
		<LCS_MIN>[0.09143636375665665, 0.08175769448280334, 0.0728464126586914, 0.07208282500505447, 0.02165021002292633, 0.011626814492046833]</LCS_MIN>
		<LCS_MAX>[0.11573448777198792, 0.11111196130514145, 0.11891858279705048, 0.15339340269565582, 0.1001749262213707, 0.08680583536624908]</LCS_MAX>
		<WAVELENGTH>[0.485, 0.56, 0.66, 0.83, 1.65, 2.215]</WAVELENGTH>
		<MEAN_VALUE>[0.09757535785352921, 0.0943981732001131, 0.09114738371683644, 0.100090435109614, 0.0521875999062165, 0.03720563055497456]</MEAN_VALUE>
		<CHECKBOX>2</CHECKBOX>
		<SD>[0.004434704340830345, 0.0054465954579947145, 0.0072791919242423415, 0.020163329476557437, 0.021574000132318725, 0.017185454335080348]</SD>
		<WAVELENGTH_UNIT>E-6m</WAVELENGTH_UNIT>
		<COLOR>#6d2da5</COLOR>
		<COVARIANCE_MATRIX>[[1.9722001471116277e-05, 2.0708848314912964e-05, 2.9094019842058294e-05, 3.426756878328066e-05, 5.122513092817128e-05, 4.7498289323587805e-05], [2.0708848314912964e-05, 2.9748966595958568e-05, 3.652624892203195e-05, 3.9105387629087126e-05, 6.04034321169422e-05, 5.651580711878158e-05], [2.9094019842058294e-05, 3.652624892203195e-05, 5.313589319691257e-05, 4.998191725354235e-05, 7.936323658504824e-05, 7.634651941536923e-05], [3.426756878328066e-05, 3.9105387629087126e-05, 4.998191725354235e-05, 0.0004077050946100136, 0.00039443427874230624, 0.0002826910324782442], [5.122513092817128e-05, 6.04034321169422e-05, 7.936323658504824e-05, 0.00039443427874230624, 0.00046674857320706093, 0.0003438267568234727], [4.7498289323587805e-05, 5.651580711878158e-05, 7.634651941536923e-05, 0.0002826910324782442, 0.0003438267568234727, 0.0002961717839163801]]</COVARIANCE_MATRIX>
		<ROI_SIZE>356</ROI_SIZE>
		<MAX_VALUE>[0.11573448777198792, 0.11111196130514145, 0.11891858279705048, 0.15339340269565582, 0.1001749262213707, 0.08680583536624908]</MAX_VALUE>
		<MIN_VALUE>[0.09143636375665665, 0.08175769448280334, 0.0728464126586914, 0.07208282500505447, 0.02165021002292633, 0.011626814492046833]</MIN_VALUE>
		<SIGNATURE_THRESHOLD_MD>0</SIGNATURE_THRESHOLD_MD>
		<SIGNATURE_THRESHOLD_ML>0</SIGNATURE_THRESHOLD_ML>
		<SIGNATURE_THRESHOLD_SAM>0</SIGNATURE_THRESHOLD_SAM>
	</signature>
	<signature ID="20220209_115429826964_438">
		<MACROCLASSID>1</MACROCLASSID>
		<MACROCLASSINFO>waterbody</MACROCLASSINFO>
		<CLASSID>12</CLASSID>
		<CLASSINFO>C 1</CLASSINFO>
		<VALUES>[0.10011796398570363, 0.002588349322248854, 0.09491553800269817, 0.0034571672692880304, 0.09389535549540112, 0.004070166830020437, 0.09607983361513092, 0.009876234312873032, 0.03960887135598605, 0.0130641879989602, 0.027949627325200604, 0.011150496436397971]</VALUES>
		<LCS_MIN>[0.09413615614175797, 0.08469311892986298, 0.0782666727900505, 0.08563458919525146, 0.02165021002292633, 0.011626814492046833]</LCS_MIN>
		<LCS_MAX>[0.11033491790294647, 0.10524109750986099, 0.10807806998491287, 0.13306574523448944, 0.07836250960826874, 0.061746157705783844]</LCS_MAX>
		<WAVELENGTH>[0.485, 0.56, 0.66, 0.83, 1.65, 2.215]</WAVELENGTH>
		<MEAN_VALUE>[0.10011796398570363, 0.09491553800269817, 0.09389535549540112, 0.09607983361513092, 0.03960887135598605, 0.027949627325200604]</MEAN_VALUE>
		<CHECKBOX>2</CHECKBOX>
		<SD>[0.002588349322248854, 0.0034571672692880304, 0.004070166830020437, 0.009876234312873032, 0.0130641879989602, 0.011150496436397971]</SD>
		<WAVELENGTH_UNIT>E-6m</WAVELENGTH_UNIT>
		<COLOR>#1a01e1</COLOR>
		<COVARIANCE_MATRIX>[[9.508786683466372e-06, 1.015528967222737e-05, 1.2756656952479051e-05, 8.304694187732888e-06, 1.9958706046448985e-05, 2.0651365678599464e-05], [1.015528967222737e-05, 1.8179193361316027e-05, 1.8203731144248567e-05, 1.0823659317674952e-05, 2.5743893859392903e-05, 2.7315703974242156e-05], [1.2756656952479051e-05, 1.8203731144248567e-05, 2.5982792823703237e-05, 8.944845208773017e-06, 2.8740731495853147e-05, 3.1778002055789925e-05], [8.304694187732888e-06, 1.0823659317674952e-05, 8.944845208773017e-06, 0.0001169383855367682, 0.00012358001477830201, 9.134689026289391e-05], [1.9958706046448985e-05, 2.5743893859392903e-05, 2.8740731495853147e-05, 0.00012358001477830201, 0.00018873265749945825, 0.00014474524684236678], [2.0651365678599464e-05, 2.7315703974242156e-05, 3.1778002055789925e-05, 9.134689026289391e-05, 0.00014474524684236678, 0.00013075714108529103]]</COVARIANCE_MATRIX>
		<ROI_SIZE>623</ROI_SIZE>
		<MAX_VALUE>[0.11033491790294647, 0.10524109750986099, 0.10807806998491287, 0.13306574523448944, 0.07836250960826874, 0.061746157705783844]</MAX_VALUE>
		<MIN_VALUE>[0.09413615614175797, 0.08469311892986298, 0.0782666727900505, 0.08563458919525146, 0.02165021002292633, 0.011626814492046833]</MIN_VALUE>
		<SIGNATURE_THRESHOLD_MD>0</SIGNATURE_THRESHOLD_MD>
		<SIGNATURE_THRESHOLD_ML>0</SIGNATURE_THRESHOLD_ML>
		<SIGNATURE_THRESHOLD_SAM>0</SIGNATURE_THRESHOLD_SAM>
	</signature>
	<signature ID="20220209_115438376934_459">
		<MACROCLASSID>1</MACROCLASSID>
		<MACROCLASSINFO>waterbody</MACROCLASSINFO>
		<CLASSID>13</CLASSID>
		<CLASSINFO>C 1</CLASSINFO>
		<VALUES>[0.10287195865628734, 0.0024471524683281915, 0.0986709982415583, 0.0033252087744622353, 0.10086226736937208, 0.004502048867744851, 0.108913016193558, 0.0113051240561268, 0.04350593162437084, 0.013824385729258369, 0.03027388420667751, 0.010882642878399932]</VALUES>
		<LCS_MIN>[0.09413615614175797, 0.07882227003574371, 0.0782666727900505, 0.09241046756505966, 0.02165021002292633, 0.014759272336959839]</LCS_MIN>
		<LCS_MAX>[0.11033491790294647, 0.10817652940750122, 0.11349833011627197, 0.15000544488430023, 0.07836250960826874, 0.061746157705783844]</LCS_MAX>
		<WAVELENGTH>[0.485, 0.56, 0.66, 0.83, 1.65, 2.215]</WAVELENGTH>
		<MEAN_VALUE>[0.10287195865628734, 0.0986709982415583, 0.10086226736937208, 0.108913016193558, 0.04350593162437084, 0.03027388420667751]</MEAN_VALUE>
		<CHECKBOX>2</CHECKBOX>
		<SD>[0.0024471524683281915, 0.0033252087744622353, 0.004502048867744851, 0.0113051240561268, 0.013824385729258369, 0.010882642878399932]</SD>
		<WAVELENGTH_UNIT>E-6m</WAVELENGTH_UNIT>
		<COLOR>#298bdf</COLOR>
		<COVARIANCE_MATRIX>[[6.0034521067354125e-06, 4.812790339663868e-06, 6.887979950344296e-06, 3.3164499201532684e-06, 1.1574395312523938e-05, 1.1759406809443486e-05], [4.812790339663868e-06, 1.1084518402202834e-05, 1.1287872387709966e-05, 4.1097977061543916e-07, 5.716476259510117e-06, 8.63409814928947e-06], [6.887979950344296e-06, 1.1287872387709966e-05, 2.031886302250674e-05, -5.720338921911271e-06, 3.974819266529703e-06, 9.490625898522708e-06], [3.3164499201532684e-06, 4.1097977061543916e-07, -5.720338921911271e-06, 0.00012812375487447755, 0.00012505934900713413, 8.348960416772839e-05], [1.1574395312523938e-05, 5.716476259510117e-06, 3.974819266529703e-06, 0.00012505934900713413, 0.0001915890478579673, 0.00013582663276002783], [1.1759406809443486e-05, 8.63409814928947e-06, 9.490625898522708e-06, 8.348960416772839e-05, 0.00013582663276002783, 0.00011872652277505431]]</COVARIANCE_MATRIX>
		<ROI_SIZE>403</ROI_SIZE>
		<MAX_VALUE>[0.11033491790294647, 0.10817652940750122, 0.11349833011627197, 0.15000544488430023, 0.07836250960826874, 0.061746157705783844]</MAX_VALUE>
		<MIN_VALUE>[0.09413615614175797, 0.07882227003574371, 0.0782666727900505, 0.09241046756505966, 0.02165021002292633, 0.014759272336959839]</MIN_VALUE>
		<SIGNATURE_THRESHOLD_MD>0</SIGNATURE_THRESHOLD_MD>
		<SIGNATURE_THRESHOLD_ML>0</SIGNATURE_THRESHOLD_ML>
		<SIGNATURE_THRESHOLD_SAM>0</SIGNATURE_THRESHOLD_SAM>
	</signature>
	<signature ID="20220209_115446673277_956">
		<MACROCLASSID>1</MACROCLASSID>
		<MACROCLASSINFO>waterbody</MACROCLASSINFO>
		<CLASSID>14</CLASSID>
		<CLASSINFO>C 1</CLASSINFO>
		<VALUES>[0.12289190689449783, 0.005851967155201212, 0.12098273336068611, 0.007223360589659943, 0.12867206461973238, 0.008705015300090959, 0.13879919019374234, 0.011893028891444246, 0.09396677785604209, 0.02267833305317181, 0.08081629876415804, 0.02132211811589356]</VALUES>
		<LCS_MIN>[0.1062852218747139, 0.0964348316192627, 0.09452743828296661, 0.11612604558467865, 0.045643873512744904, 0.0366864874958992]</LCS_MIN>
		<LCS_MAX>[0.13868272304534912, 0.14340165257453918, 0.15144012868404388, 0.1771089881658554, 0.13289356231689453, 0.12439534813165665]</LCS_MAX>
		<WAVELENGTH>[0.485, 0.56, 0.66, 0.83, 1.65, 2.215]</WAVELENGTH>
		<MEAN_VALUE>[0.12289190689449783, 0.12098273336068611, 0.12867206461973238, 0.13879919019374234, 0.09396677785604209, 0.08081629876415804]</MEAN_VALUE>
		<CHECKBOX>2</CHECKBOX>
		<SD>[0.005851967155201212, 0.007223360589659943, 0.008705015300090959, 0.011893028891444246, 0.02267833305317181, 0.02132211811589356]</SD>
		<WAVELENGTH_UNIT>E-6m</WAVELENGTH_UNIT>
		<COLOR>#9e9912</COLOR>
		<COVARIANCE_MATRIX>[[3.443472135121983e-05, 3.815962955784768e-05, 4.258815258821623e-05, 3.8126324387623256e-05, 8.069649265727637e-05, 8.436351943359925e-05], [3.815962955784768e-05, 5.246520858509359e-05, 5.707097321550777e-05, 4.710480196532045e-05, 8.592043870463041e-05, 9.424716178224352e-05], [4.258815258821623e-05, 5.707097321550777e-05, 7.619595044318683e-05, 4.7001390354618156e-05, 6.875671787283633e-05, 7.980090679199998e-05], [3.8126324387623256e-05, 4.710480196532045e-05, 4.7001390354618156e-05, 0.00014222559552881986, 0.00021506771570871784, 0.00017583610230583933], [8.069649265727637e-05, 8.592043870463041e-05, 6.875671787283633e-05, 0.00021506771570871784, 0.0005171482640488755, 0.0004585630367912956], [8.436351943359925e-05, 9.424716178224352e-05, 7.980090679199998e-05, 0.00017583610230583933, 0.0004585630367912956, 0.00045714450393678015]]</COVARIANCE_MATRIX>
		<ROI_SIZE>182</ROI_SIZE>
		<MAX_VALUE>[0.13868272304534912, 0.14340165257453918, 0.15144012868404388, 0.1771089881658554, 0.13289356231689453, 0.12439534813165665]</MAX_VALUE>
		<MIN_VALUE>[0.1062852218747139, 0.0964348316192627, 0.09452743828296661, 0.11612604558467865, 0.045643873512744904, 0.0366864874958992]</MIN_VALUE>
		<SIGNATURE_THRESHOLD_MD>0</SIGNATURE_THRESHOLD_MD>
		<SIGNATURE_THRESHOLD_ML>0</SIGNATURE_THRESHOLD_ML>
		<SIGNATURE_THRESHOLD_SAM>0</SIGNATURE_THRESHOLD_SAM>
	</signature>
	<signature ID="20220209_115454450319_100">
		<MACROCLASSID>1</MACROCLASSID>
		<MACROCLASSINFO>waterbody</MACROCLASSINFO>
		<CLASSID>15</CLASSID>
		<CLASSINFO>C 1</CLASSINFO>
		<VALUES>[0.1253760971895623, 0.005540357475787381, 0.11978656989288834, 0.007365604840344163, 0.12393839745770027, 0.008889537102313811, 0.13513963783557925, 0.01406712137340434, 0.10890565201207633, 0.026093967150485346, 0.09509569798696955, 0.022025953964606132]</VALUES>
		<LCS_MIN>[0.11438459903001785, 0.10524109750986099, 0.10536795109510422, 0.10935017466545105, 0.05655008554458618, 0.04608386382460594]</LCS_MIN>
		<LCS_MAX>[0.14408230781555176, 0.14633709192276, 0.15144012868404388, 0.1703331023454666, 0.15252473950386047, 0.1306602954864502]</LCS_MAX>
		<WAVELENGTH>[0.485, 0.56, 0.66, 0.83, 1.65, 2.215]</WAVELENGTH>
		<MEAN_VALUE>[0.1253760971895623, 0.11978656989288834, 0.12393839745770027, 0.13513963783557925, 0.10890565201207633, 0.09509569798696955]</MEAN_VALUE>
		<CHECKBOX>2</CHECKBOX>
		<SD>[0.005540357475787381, 0.007365604840344163, 0.008889537102313811, 0.01406712137340434, 0.026093967150485346, 0.022025953964606132]</SD>
		<WAVELENGTH_UNIT>E-6m</WAVELENGTH_UNIT>
		<COLOR>#d32fb8</COLOR>
		<COVARIANCE_MATRIX>[[3.077676614723677e-05, 3.660010374964518e-05, 4.08228139097537e-05, 4.943527516729956e-05, 7.967044610015249e-05, 7.091224871212571e-05], [3.660010374964518e-05, 5.439565882987941e-05, 5.950725864222947e-05, 7.054688041914819e-05, 0.00010464881833950951, 9.394549281200912e-05], [4.08228139097537e-05, 5.950725864222947e-05, 7.923292775027479e-05, 8.283688093252387e-05, 0.00010044997609272944, 9.015349685106343e-05], [4.943527516729956e-05, 7.054688041914819e-05, 8.283688093252387e-05, 0.00019840740612491983, 0.0003070020284098266, 0.00024321990695606136], [7.967044610015249e-05, 0.00010464881833950951, 0.00010044997609272944, 0.0003070020284098266, 0.0006826964314962449, 0.0005490046662634333], [7.091224871212571e-05, 9.394549281200912e-05, 9.015349685106343e-05, 0.00024321990695606136, 0.0005490046662634333, 0.0004864260942098133]]</COVARIANCE_MATRIX>
		<ROI_SIZE>379</ROI_SIZE>
		<MAX_VALUE>[0.14408230781555176, 0.14633709192276, 0.15144012868404388, 0.1703331023454666, 0.15252473950386047, 0.1306602954864502]</MAX_VALUE>
		<MIN_VALUE>[0.11438459903001785, 0.10524109750986099, 0.10536795109510422, 0.10935017466545105, 0.05655008554458618, 0.04608386382460594]</MIN_VALUE>
		<SIGNATURE_THRESHOLD_MD>0</SIGNATURE_THRESHOLD_MD>
		<SIGNATURE_THRESHOLD_ML>0</SIGNATURE_THRESHOLD_ML>
		<SIGNATURE_THRESHOLD_SAM>0</SIGNATURE_THRESHOLD_SAM>
	</signature>
	<signature ID="20220209_115509534688_213">
		<MACROCLASSID>1</MACROCLASSID>
		<MACROCLASSINFO>waterbody</MACROCLASSINFO>
		<CLASSID>16</CLASSID>
		<CLASSINFO>C 1</CLASSINFO>
		<VALUES>[0.122427577468963, 0.004730464548106084, 0.13507055911398438, 0.00739386905829581, 0.15222556089530095, 0.010754221494842326, 0.19704741908738255, 0.011874454552594966, 0.21253452483107474, 0.016599013937859335, 0.16284363045704903, 0.018984777612023745]</VALUES>
		<LCS_MIN>[0.10763511061668396, 0.11111196130514145, 0.10807806998491287, 0.17372103035449982, 0.15906848013401031, 0.10246813297271729]</LCS_MIN>
