<?xml version="1.0" ?>
<signaturelist MCID_LIST="[['1', 'waterbody', '#0000ff'], ['2', 'vegetation', '#00ff00'], ['3', 'bareland', '#ffaa00'], ['4', 'built-up', '#ff0000']]">
	<signature ID="20210204_160830885995_606">
		<MACROCLASSID>1</MACROCLASSID>
		<MACROCLASSINFO>waterbody</MACROCLASSINFO>
		<CLASSID>1</CLASSID>
		<CLASSINFO>C 1</CLASSINFO>
		<VALUES>[0.10794521472463676, 0.004660229476262943, 0.07918546921129833, 0.007764534087083209, 0.048997108861517806, 0.006262120549354155, 0.04198958087138084, 0.0126703292457321, 0.011098960784661738, 0.006746320324080844, 0.005309066530079804, 0.0036192203491243863]</VALUES>
		<LCS_MIN>[0.09512551128864288, 0.05852644890546799, 0.03213852271437645, 0.0263945534825325, 0.0, 0.0]</LCS_MIN>
		<LCS_MAX>[0.12514491379261017, 0.10609674453735352, 0.07113152742385864, 0.10081805288791656, 0.06624539196491241, 0.03391459211707115]</LCS_MAX>
		<WAVELENGTH>[0.485, 0.56, 0.66, 0.835, 1.65, 2.22]</WAVELENGTH>
		<MEAN_VALUE>[0.10794521472463676, 0.07918546921129833, 0.048997108861517806, 0.04198958087138084, 0.011098960784661738, 0.005309066530079804]</MEAN_VALUE>
		<CHECKBOX>2</CHECKBOX>
		<SD>[0.004660229476262943, 0.007764534087083209, 0.006262120549354155, 0.0126703292457321, 0.006746320324080844, 0.0036192203491243863]</SD>
		<WAVELENGTH_UNIT>E-6m</WAVELENGTH_UNIT>
		<COLOR>#cbe5ec</COLOR>
		<COVARIANCE_MATRIX>[[2.128718733729329e-05, 3.178926999680698e-05, 2.4352571927011013e-05, 9.857450095296372e-06, 4.432061814441113e-06, 2.80562767329684e-06], [3.178926999680698e-05, 5.973934821668081e-05, 4.4913627789355814e-05, 2.6712847102317028e-05, 1.1350222848705016e-05, 6.242083600227488e-06], [2.4352571927011013e-05, 4.4913627789355814e-05, 3.991794801549986e-05, 2.8262100386200473e-05, 1.298289316764567e-05, 6.758194103895221e-06], [9.857450095296372e-06, 2.6712847102317028e-05, 2.8262100386200473e-05, 0.0001669094490353018, 7.827462832210585e-05, 3.313017441541888e-05], [4.432061814441113e-06, 1.1350222848705016e-05, 1.298289316764567e-05, 7.827462832210585e-05, 4.949463254888542e-05, 2.039555511146318e-05], [2.80562767329684e-06, 6.242083600227488e-06, 6.758194103895221e-06, 3.313017441541888e-05, 2.039555511146318e-05, 1.4065408322494477e-05]]</COVARIANCE_MATRIX>
		<ROI_SIZE>47404</ROI_SIZE>
		<MAX_VALUE>[0.12514491379261017, 0.10609674453735352, 0.07113152742385864, 0.10081805288791656, 0.06624539196491241, 0.03391459211707115]</MAX_VALUE>
		<MIN_VALUE>[0.09512551128864288, 0.05852644890546799, 0.03213852271437645, 0.0263945534825325, 0.0, 0.0]</MIN_VALUE>
		<SIGNATURE_THRESHOLD_MD>0.0</SIGNATURE_THRESHOLD_MD>
		<SIGNATURE_THRESHOLD_ML>0.0</SIGNATURE_THRESHOLD_ML>
		<SIGNATURE_THRESHOLD_SAM>0.0</SIGNATURE_THRESHOLD_SAM>
	</signature>
	<signature ID="20210204_160841327442_484">
		<MACROCLASSID>1</MACROCLASSID>
		<MACROCLASSINFO>waterbody</MACROCLASSINFO>
		<CLASSID>2</CLASSID>
		<CLASSINFO>C 1</CLASSINFO>
		<VALUES>[0.1022061028304588, 0.002011077687020948, 0.06761947070972198, 0.0025385350701196893, 0.040731434042688947, 0.0024578036856394503, 0.03599245185649609, 0.01290134459427012, 0.009690022525229946, 0.0071123574081434, 0.004714970557802821, 0.003774839730101064]</VALUES>
		<LCS_MIN>[0.09512551128864288, 0.06035607308149338, 0.03213852271437645, 0.02247752994298935, 0.0, 0.0]</LCS_MIN>
		<LCS_MAX>[0.11013521999120712, 0.08414122462272644, 0.06435013562440872, 0.09298401325941086, 0.073323555290699, 0.051969967782497406]</LCS_MAX>
		<WAVELENGTH>[0.485, 0.56, 0.66, 0.835, 1.65, 2.22]</WAVELENGTH>
		<MEAN_VALUE>[0.1022061028304588, 0.06761947070972198, 0.040731434042688947, 0.03599245185649609, 0.009690022525229946, 0.004714970557802821]</MEAN_VALUE>
		<CHECKBOX>2</CHECKBOX>
		<SD>[0.002011077687020948, 0.0025385350701196893, 0.0024578036856394503, 0.01290134459427012, 0.0071123574081434, 0.003774839730101064]</SD>
		<WAVELENGTH_UNIT>E-6m</WAVELENGTH_UNIT>
		<COLOR>#59ac92</COLOR>
		<COVARIANCE_MATRIX>[[4.014279511466157e-06, 1.50139135257632e-06, 1.014788608699746e-06, 9.441483825867181e-07, 7.92168066254817e-07, 4.352638143245713e-07], [1.50139135257632e-06, 6.279542049014708e-06, 3.130909590254305e-06, 1.5255077414622065e-05, 7.3424234869889915e-06, 3.2115769954543794e-06], [1.014788608699746e-06, 3.130909590254305e-06, 5.871121175005101e-06, 1.4588718840968795e-05, 7.778463441354688e-06, 3.6209817153576296e-06], [9.441483825867181e-07, 1.5255077414622065e-05, 1.4588718840968795e-05, 0.0001526543783256784, 7.079490023897961e-05, 2.97205970127834e-05], [7.92168066254817e-07, 7.3424234869889915e-06, 7.778463441354688e-06, 7.079490023897961e-05, 4.611991244019009e-05, 1.8952045138576068e-05], [4.352638143245713e-07, 3.2115769954543794e-06, 3.6209817153576296e-06, 2.97205970127834e-05, 1.8952045138576068e-05, 1.347618399449857e-05]]</COVARIANCE_MATRIX>
		<ROI_SIZE>72424</ROI_SIZE>
		<MAX_VALUE>[0.11013521999120712, 0.08414122462272644, 0.06435013562440872, 0.09298401325941086, 0.073323555290699, 0.051969967782497406]</MAX_VALUE>
		<MIN_VALUE>[0.09512551128864288, 0.06035607308149338, 0.03213852271437645, 0.02247752994298935, 0.0, 0.0]</MIN_VALUE>
		<SIGNATURE_THRESHOLD_MD>0.0</SIGNATURE_THRESHOLD_MD>
		<SIGNATURE_THRESHOLD_ML>0.0</SIGNATURE_THRESHOLD_ML>
		<SIGNATURE_THRESHOLD_SAM>0.0</SIGNATURE_THRESHOLD_SAM>
	</signature>
	<signature ID="20210204_160855487907_602">
		<MACROCLASSID>1</MACROCLASSID>
		<MACROCLASSINFO>waterbody</MACROCLASSINFO>
		<CLASSID>3</CLASSID>
		<CLASSINFO>C 1</CLASSINFO>
		<VALUES>[0.0932620643353835, 0.002936598079840346, 0.06268336305733159, 0.004651381929021581, 0.03901109422546997, 0.004996530364071044, 0.0348434796738014, 0.013217914667896215, 0.009749888539051345, 0.007427455055448952, 0.005008194569309988, 0.004169115874841435]</VALUES>
		<LCS_MIN>[0.0834513008594513, 0.05486718565225601, 0.03044317476451397, 0.02247752994298935, 0.0, 0.0]</LCS_MIN>
		<LCS_MAX>[0.1151384487748146, 0.09877824783325195, 0.06604548543691635, 0.09298401325941086, 0.073323555290699, 0.04294228553771973]</LCS_MAX>
		<WAVELENGTH>[0.485, 0.56, 0.66, 0.835, 1.65, 2.22]</WAVELENGTH>
		<MEAN_VALUE>[0.0932620643353835, 0.06268336305733159, 0.03901109422546997, 0.0348434796738014, 0.009749888539051345, 0.005008194569309988]</MEAN_VALUE>
		<CHECKBOX>2</CHECKBOX>
		<SD>[0.002936598079840346, 0.004651381929021581, 0.004996530364071044, 0.013217914667896215, 0.007427455055448952, 0.004169115874841435]</SD>
		<WAVELENGTH_UNIT>E-6m</WAVELENGTH_UNIT>
		<COLOR>#f6c256</COLOR>
		<COVARIANCE_MATRIX>[[8.421437996730674e-06, 9.114707609114703e-06, 8.720588994037826e-06, -3.1063811434250965e-07, 8.678215408508549e-07, 1.052251036526286e-06], [9.114707609114703e-06, 1.916808651003521e-05, 1.7110081898863427e-05, 1.4201908925315365e-05, 7.875015398894902e-06, 4.333939614298288e-06], [8.720588994037826e-06, 1.7110081898863427e-05, 2.2076264940551482e-05, 1.9243241695221514e-05, 1.0902744179475121e-05, 5.951659659331199e-06], [-3.1063811434250965e-07, 1.4201908925315365e-05, 1.9243241695221514e-05, 0.00018754818302113563, 8.542688010493293e-05, 3.55874581146054e-05], [8.678215408508549e-07, 7.875015398894902e-06, 1.0902744179475121e-05, 8.542688010493293e-05, 5.306267848936841e-05, 2.2489475668407977e-05], [1.052251036526286e-06, 4.333939614298288e-06, 5.951659659331199e-06, 3.55874581146054e-05, 2.2489475668407977e-05, 1.556103779876139e-05]]</COVARIANCE_MATRIX>
		<ROI_SIZE>23951</ROI_SIZE>
		<MAX_VALUE>[0.1151384487748146, 0.09877824783325195, 0.06604548543691635, 0.09298401325941086, 0.073323555290699, 0.04294228553771973]</MAX_VALUE>
		<MIN_VALUE>[0.0834513008594513, 0.05486718565225601, 0.03044317476451397, 0.02247752994298935, 0.0, 0.0]</MIN_VALUE>
		<SIGNATURE_THRESHOLD_MD>0.0</SIGNATURE_THRESHOLD_MD>
		<SIGNATURE_THRESHOLD_ML>0.0</SIGNATURE_THRESHOLD_ML>
		<SIGNATURE_THRESHOLD_SAM>0.0</SIGNATURE_THRESHOLD_SAM>
	</signature>
	<signature ID="20210204_160919042256_236">
		<MACROCLASSID>1</MACROCLASSID>
		<MACROCLASSINFO>waterbody</MACROCLASSINFO>
		<CLASSID>4</CLASSID>
		<CLASSINFO>C 1</CLASSINFO>
		<VALUES>[0.12962424916980778, 0.0037799058892490672, 0.12465644701925249, 0.004938482186786101, 0.10228687411671539, 0.007316029223971448, 0.07020988017905751, 0.018982993170310984, 0.027772013334489153, 0.01789177334942786, 0.016721337458742186, 0.011842376343124222]</VALUES>
		<LCS_MIN>[0.11013521999120712, 0.09694861620664597, 0.0745222195982933, 0.0342286117374897, 0.0, 0.0]</LCS_MIN>
		<LCS_MAX>[0.140154629945755, 0.13903003931045532, 0.125382661819458, 0.12040319293737411, 0.08040172606706619, 0.06325457245111465]</LCS_MAX>
		<WAVELENGTH>[0.485, 0.56, 0.66, 0.835, 1.65, 2.22]</WAVELENGTH>
		<MEAN_VALUE>[0.12962424916980778, 0.12465644701925249, 0.10228687411671539, 0.07020988017905751, 0.027772013334489153, 0.016721337458742186]</MEAN_VALUE>
		<CHECKBOX>2</CHECKBOX>
		<SD>[0.0037799058892490672, 0.004938482186786101, 0.007316029223971448, 0.018982993170310984, 0.01789177334942786, 0.011842376343124222]</SD>
		<WAVELENGTH_UNIT>E-6m</WAVELENGTH_UNIT>
		<COLOR>#af1105</COLOR>
		<COVARIANCE_MATRIX>[[1.700794746284373e-05, 1.583167613716796e-05, 1.878341572592035e-05, 3.02593139167584e-06, 2.6379509563412284e-06, 3.3457260997238336e-06], [1.583167613716796e-05, 2.545281677157618e-05, 2.6656698537408374e-05, -1.074794909072807e-06, -1.2490411336329998e-06, 1.449458750357735e-06], [1.878341572592035e-05, 2.6656698537408374e-05, 4.4748107029590756e-05, 4.962037564837374e-05, 4.499707210925408e-05, 3.2183008443098515e-05], [3.02593139167584e-06, -1.074794909072807e-06, 4.962037564837374e-05, 0.00035820683115161955, 0.0003059351001866162, 0.00018685823306441307], [2.6379509563412284e-06, -1.2490411336329998e-06, 4.499707210925408e-05, 0.0003059351001866162, 0.0003246223786845803, 0.00020071124890819192], [3.3457260997238336e-06, 1.449458750357735e-06, 3.2183008443098515e-05, 0.00018685823306441307, 0.00020071124890819192, 0.0001373937848256901]]</COVARIANCE_MATRIX>
		<ROI_SIZE>1509</ROI_SIZE>
		<MAX_VALUE>[0.140154629945755, 0.13903003931045532, 0.125382661819458, 0.12040319293737411, 0.08040172606706619, 0.06325457245111465]</MAX_VALUE>
		<MIN_VALUE>[0.11013521999120712, 0.09694861620664597, 0.0745222195982933, 0.0342286117374897, 0.0, 0.0]</MIN_VALUE>
		<SIGNATURE_THRESHOLD_MD>0.0</SIGNATURE_THRESHOLD_MD>
		<SIGNATURE_THRESHOLD_ML>0.0</SIGNATURE_THRESHOLD_ML>
		<SIGNATURE_THRESHOLD_SAM>0.0</SIGNATURE_THRESHOLD_SAM>
	</signature>
	<signature ID="20210204_160933874286_476">
		<MACROCLASSID>1</MACROCLASSID>
		<MACROCLASSINFO>waterbody</MACROCLASSINFO>
		<CLASSID>5</CLASSID>
		<CLASSINFO>C 1</CLASSINFO>
		<VALUES>[0.13275955374524864, 0.002944474593817716, 0.13118385922946144, 0.004497392265195317, 0.11745863794392931, 0.006490904340925731, 0.07218938368171177, 0.019538520544098173, 0.029164488437559234, 0.02009831490348504, 0.01917031657372081, 0.014705134800441423]</VALUES>
		<LCS_MIN>[0.12347716093063354, 0.11524488776922226, 0.09656175225973129, 0.045979682356119156, 0.004901221953332424, 6.076947465771809e-05]</LCS_MIN>
		<LCS_MAX>[0.1451578587293625, 0.15366704761981964, 0.1525082290172577, 0.12432020902633667, 0.08512051403522491, 0.07002533227205276]</LCS_MAX>
		<WAVELENGTH>[0.485, 0.56, 0.66, 0.835, 1.65, 2.22]</WAVELENGTH>
		<MEAN_VALUE>[0.13275955374524864, 0.13118385922946144, 0.11745863794392931, 0.07218938368171177, 0.029164488437559234, 0.01917031657372081]</MEAN_VALUE>
		<CHECKBOX>2</CHECKBOX>
		<SD>[0.002944474593817716, 0.004497392265195317, 0.006490904340925731, 0.019538520544098173, 0.02009831490348504, 0.014705134800441423]</SD>
		<WAVELENGTH_UNIT>E-6m</WAVELENGTH_UNIT>
		<COLOR>#3b8773</COLOR>
		<COVARIANCE_MATRIX>[[1.166348192782607e-05, 1.2792795132554602e-05, 1.8933566025225446e-05, -3.0691264782944927e-06, -8.264268217317294e-06, -4.101417289348319e-06], [1.2792795132554602e-05, 2.3837437765905634e-05, 2.8485279472079128e-05, -1.174927456304431e-05, -1.7898011719807982e-05, -1.0268656296830159e-05], [1.8933566025225446e-05, 2.8485279472079128e-05, 5.594022513832897e-05, 2.535813291615341e-05, 1.1076519513153471e-05, 1.1574908967304509e-05], [-3.0691264782944927e-06, -1.174927456304431e-05, 2.535813291615341e-05, 0.0003377466928213835, 0.0003122525231447071, 0.00021222852228675038], [-8.264268217317294e-06, -1.7898011719807982e-05, 1.1076519513153471e-05, 0.0003122525231447071, 0.00036985575570724905, 0.00025591408484615386], [-4.101417289348319e-06, -1.0268656296830159e-05, 1.1574908967304509e-05, 0.00021222852228675038, 0.00025591408484615386, 0.0001898150658234954]]</COVARIANCE_MATRIX>
		<ROI_SIZE>3066</ROI_SIZE>
		<MAX_VALUE>[0.1451578587293625, 0.15366704761981964, 0.1525082290172577, 0.12432020902633667, 0.08512051403522491, 0.07002533227205276]</MAX_VALUE>
		<MIN_VALUE>[0.12347716093063354, 0.11524488776922226, 0.09656175225973129, 0.045979682356119156, 0.004901221953332424, 6.076947465771809e-05]</MIN_VALUE>
		<SIGNATURE_THRESHOLD_MD>0.0</SIGNATURE_THRESHOLD_MD>
		<SIGNATURE_THRESHOLD_ML>0.0</SIGNATURE_THRESHOLD_ML>
		<SIGNATURE_THRESHOLD_SAM>0.0</SIGNATURE_THRESHOLD_SAM>
	</signature>
	<signature ID="20210204_160946702721_162">
		<MACROCLASSID>1</MACROCLASSID>
		<MACROCLASSINFO>waterbody</MACROCLASSINFO>
		<CLASSID>6</CLASSID>
		<CLASSINFO>C 1</CLASSINFO>
		<VALUES>[0.10515932164719846, 0.004683062818281558, 0.0839012751325232, 0.005377529788634102, 0.056679380111029874, 0.005706895831543466, 0.1319616261075755, 0.02252312419742491, 0.05893514287032066, 0.017383669962481304, 0.028105796513254525, 0.009160451939818737]</VALUES>
		<LCS_MIN>[0.09512551128864288, 0.07133383303880692, 0.04570130258798599, 0.08906697481870651, 0.019057568162679672, 0.006831535138189793]</LCS_MIN>
		<LCS_MAX>[0.11347070336341858, 0.10060785710811615, 0.07791291922330856, 0.18699263036251068, 0.10163626074790955, 0.051969967782497406]</LCS_MAX>
		<WAVELENGTH>[0.485, 0.56, 0.66, 0.835, 1.65, 2.22]</WAVELENGTH>
		<MEAN_VALUE>[0.10515932164719846, 0.0839012751325232, 0.056679380111029874, 0.1319616261075755, 0.05893514287032066, 0.028105796513254525]</MEAN_VALUE>
		<CHECKBOX>2</CHECKBOX>
		<SD>[0.004683062818281558, 0.005377529788634102, 0.005706895831543466, 0.02252312419742491, 0.017383669962481304, 0.009160451939818737]</SD>
		<WAVELENGTH_UNIT>E-6m</WAVELENGTH_UNIT>
		<COLOR>#b30c4c</COLOR>
		<COVARIANCE_MATRIX>[[2.2296595489024185e-05, 2.1315287085599266e-05, 1.604670069355052e-05, -2.0633010535675567e-06, 1.0958478924294468e-05, 1.0888772521866485e-05], [2.1315287085599266e-05, 2.9399790946627036e-05, 2.2426585928769782e-05, 1.583919038239401e-05, 2.454918467265088e-05, 1.7646667402004823e-05], [1.604670069355052e-05, 2.2426585928769782e-05, 3.311147156637162e-05, 9.56555231823586e-06, 3.712339457706548e-05, 2.8801552616641857e-05], [-2.0633010535675567e-06, 1.583919038239401e-05, 9.56555231823586e-06, 0.0005157459527254105, 0.00028814453980885446, 0.00012056546256644651], [1.0958478924294468e-05, 2.454918467265088e-05, 3.712339457706548e-05, 0.00028814453980885446, 0.0003072285035159439, 0.00014905961870681494], [1.0888772521866485e-05, 1.7646667402004823e-05, 2.8801552616641857e-05, 0.00012056546256644651, 0.00014905961870681494, 8.531244384357706e-05]]</COVARIANCE_MATRIX>
		<ROI_SIZE>61</ROI_SIZE>
		<MAX_VALUE>[0.11347070336341858, 0.10060785710811615, 0.07791291922330856, 0.18699263036251068, 0.10163626074790955, 0.051969967782497406]</MAX_VALUE>
		<MIN_VALUE>[0.09512551128864288, 0.07133383303880692, 0.04570130258798599, 0.08906697481870651, 0.019057568162679672, 0.006831535138189793]</MIN_VALUE>
		<SIGNATURE_THRESHOLD_MD>0.0</SIGNATURE_THRESHOLD_MD>
		<SIGNATURE_THRESHOLD_ML>0.0</SIGNATURE_THRESHOLD_ML>
		<SIGNATURE_THRESHOLD_SAM>0.0</SIGNATURE_THRESHOLD_SAM>
	</signature>
	<signature ID="20210204_160957785468_632">
		<MACROCLASSID>1</MACROCLASSID>
		<MACROCLASSINFO>waterbody</MACROCLASSINFO>
		<CLASSID>7</CLASSID>
		<CLASSINFO>C 1</CLASSINFO>
		<VALUES>[0.10596585587451336, 0.002994373596344854, 0.0843819669987026, 0.004051598233140947, 0.054824956545704275, 0.0032653214540090047, 0.13292736569909674, 0.030979979867842528, 0.056683644309247806, 0.019312047159773898, 0.025569923601946546, 0.00924787033294418]</VALUES>
		<LCS_MIN>[0.09846099466085434, 0.0731634646654129, 0.04909200221300125, 0.06948184967041016, 0.021416958421468735, 0.009088456630706787]</LCS_MIN>
		<LCS_MAX>[0.11347070336341858, 0.09328935295343399, 0.06604548543691635, 0.19090968370437622, 0.09927686303853989, 0.047456126660108566]</LCS_MAX>
		<WAVELENGTH>[0.485, 0.56, 0.66, 0.835, 1.65, 2.22]</WAVELENGTH>
		<MEAN_VALUE>[0.10596585587451336, 0.0843819669987026, 0.054824956545704275, 0.13292736569909674, 0.056683644309247806, 0.025569923601946546]</MEAN_VALUE>
		<CHECKBOX>2</CHECKBOX>
		<SD>[0.002994373596344854, 0.004051598233140947, 0.0032653214540090047, 0.030979979867842528, 0.019312047159773898, 0.00924787033294418]</SD>
		<WAVELENGTH_UNIT>E-6m</WAVELENGTH_UNIT>
		<COLOR>#733ad7</COLOR>
		<COVARIANCE_MATRIX>[[9.085823876375798e-06, 8.625161171949003e-06, 3.939523594453931e-06, -3.862945595756173e-05, -2.4291215595440008e-05, -6.448932708735811e-06], [8.625161171949003e-06, 1.66343215823872e-05, 7.741576155240182e-06, -7.3553037509555e-06, -7.739963621133938e-06, 3.96270024793921e-06], [3.939523594453931e-06, 7.741576155240182e-06, 1.0804488738358486e-05, 1.3128829777997453e-05, 1.4481361176876817e-05, 1.2612586942850612e-05], [-3.862945595756173e-05, -7.3553037509555e-06, 1.3128829777997453e-05, 0.0009725559502840042, 0.0005410504527390003, 0.00023497376241721213], [-2.4291215595440008e-05, -7.739963621133938e-06, 1.4481361176876817e-05, 0.0005410504527390003, 0.00037792790681123734, 0.00016530170978512615], [-6.448932708735811e-06, 3.96270024793921e-06, 1.2612586942850612e-05, 0.00023497376241721213, 0.00016530170978512615, 8.666341454954818e-05]]</COVARIANCE_MATRIX>
		<ROI_SIZE>76</ROI_SIZE>
		<MAX_VALUE>[0.11347070336341858, 0.09328935295343399, 0.06604548543691635, 0.19090968370437622, 0.09927686303853989, 0.047456126660108566]</MAX_VALUE>
		<MIN_VALUE>[0.09846099466085434, 0.0731634646654129, 0.04909200221300125, 0.06948184967041016, 0.021416958421468735, 0.009088456630706787]</MIN_VALUE>
		<SIGNATURE_THRESHOLD_MD>0.0</SIGNATURE_THRESHOLD_MD>
		<SIGNATURE_THRESHOLD_ML>0.0</SIGNATURE_THRESHOLD_ML>
		<SIGNATURE_THRESHOLD_SAM>0.0</SIGNATURE_THRESHOLD_SAM>
	</signature>
	<signature ID="20210204_161014693380_490">
		<MACROCLASSID>1</MACROCLASSID>
		<MACROCLASSINFO>waterbody</MACROCLASSINFO>
		<CLASSID>8</CLASSID>
		<CLASSINFO>C 1</CLASSINFO>
		<VALUES>[0.09639617534620423, 0.007658229865008619, 0.07338127680122851, 0.011641639614151928, 0.048123231778542205, 0.009235131089140257, 0.12338759022809209, 0.03335567134999945, 0.05770663823932407, 0.02588658262207646, 0.026498994812191954, 0.013023692782620503]</VALUES>
		<LCS_MIN>[0.08511904627084732, 0.05486718565225601, 0.03552921861410141, 0.06556481868028641, 0.021416958421468735, 0.006831535138189793]</LCS_MIN>
		<LCS_MAX>[0.1084674745798111, 0.0914597436785698, 0.06943618506193161, 0.19482670724391937, 0.1110738217830658, 0.05422688648104668]</LCS_MAX>
		<WAVELENGTH>[0.485, 0.56, 0.66, 0.835, 1.65, 2.22]</WAVELENGTH>
		<MEAN_VALUE>[0.09639617534620423, 0.07338127680122851, 0.048123231778542205, 0.12338759022809209, 0.05770663823932407, 0.026498994812191954]</MEAN_VALUE>
		<CHECKBOX>2</CHECKBOX>
		<SD>[0.007658229865008619, 0.011641639614151928, 0.009235131089140257, 0.03335567134999945, 0.02588658262207646, 0.013023692782620503]</SD>
		<WAVELENGTH_UNIT>E-6m</WAVELENGTH_UNIT>
		<COLOR>#c9420a</COLOR>
		<COVARIANCE_MATRIX>[[6.0078935348428786e-05, 8.671720570418984e-05, 6.525697244796902e-05, 4.3277523218421265e-05, 6.054021650925279e-05, 4.325286136008799e-05], [8.671720570418984e-05, 0.00013883333303965628, 0.00010424179345136508, 0.00014983475557528436, 0.00014720260514877737, 9.119046444538981e-05], [6.525697244796902e-05, 0.00010424179345136508, 8.736782911000773e-05, 0.00010759358701761812, 0.00012606238306034356, 7.691197970416397e-05], [4.3277523218421265e-05, 0.00014983475557528436, 0.00010759358701761812, 0.001139737432822585, 0.0007411041879095137, 0.00032755767460912466], [6.054021650925279e-05, 0.00014720260514877737, 0.00012606238306034356, 0.0007411041879095137, 0.0006864594179205596, 0.000326325447531417], [4.325286136008799e-05, 9.119046444538981e-05, 7.691197970416397e-05, 0.00032755767460912466, 0.000326325447531417, 0.00017375356401316822]]</COVARIANCE_MATRIX>
		<ROI_SIZE>42</ROI_SIZE>
		<MAX_VALUE>[0.1084674745798111, 0.0914597436785698, 0.06943618506193161, 0.19482670724391937, 0.1110738217830658, 0.05422688648104668]</MAX_VALUE>
		<MIN_VALUE>[0.08511904627084732, 0.05486718565225601, 0.03552921861410141, 0.06556481868028641, 0.021416958421468735, 0.006831535138189793]</MIN_VALUE>
		<SIGNATURE_THRESHOLD_MD>0.0</SIGNATURE_THRESHOLD_MD>
		<SIGNATURE_THRESHOLD_ML>0.0</SIGNATURE_THRESHOLD_ML>
		<SIGNATURE_THRESHOLD_SAM>0.0</SIGNATURE_THRESHOLD_SAM>
	</signature>
	<signature ID="20210204_161026881379_335">
		<MACROCLASSID>1</MACROCLASSID>
		<MACROCLASSINFO>waterbody</MACROCLASSINFO>
		<CLASSID>9</CLASSID>
		<CLASSINFO>C 1</CLASSINFO>
		<VALUES>[0.10162093895569184, 0.002717753979503047, 0.08096345200350409, 0.003945402431507622, 0.052869356841894616, 0.00352224893181098, 0.1469977377799519, 0.028884381110711756, 0.06719742277473734, 0.022092682450279785, 0.02975710706883355, 0.010941155736246575]</VALUES>
		<LCS_MIN>[0.09679325670003891, 0.0731634646654129, 0.04570130258798599, 0.09690103679895401, 0.03321390971541405, 0.01360230054706335]</LCS_MIN>
		<LCS_MAX>[0.10679972916841507, 0.0896301120519638, 0.06095943972468376, 0.19874371588230133, 0.1110738217830658, 0.056483808904886246]</LCS_MAX>
		<WAVELENGTH>[0.485, 0.56, 0.66, 0.835, 1.65, 2.22]</WAVELENGTH>
		<MEAN_VALUE>[0.10162093895569184, 0.08096345200350409, 0.052869356841894616, 0.1469977377799519, 0.06719742277473734, 0.02975710706883355]</MEAN_VALUE>
		<CHECKBOX>2</CHECKBOX>
		<SD>[0.002717753979503047, 0.003945402431507622, 0.00352224893181098, 0.028884381110711756, 0.022092682450279785, 0.010941155736246575]</SD>
		<WAVELENGTH_UNIT>E-6m</WAVELENGTH_UNIT>
		<COLOR>#60ff98</COLOR>
		<COVARIANCE_MATRIX>[[7.518082838942064e-06, 7.224020464491332e-06, 2.593563294794876e-06, 2.652303692229907e-06, 4.38601955465856e-06, 1.9456492736935616e-06], [7.224020464491332e-06, 1.5844168956391513e-05, 8.396001248911489e-06, 4.583589907269925e-05, 2.9057311621727422e-05, 1.4277999980549794e-05], [2.593563294794876e-06, 8.396001248911489e-06, 1.2627777323359624e-05, 6.222558295121416e-05, 5.03394658153411e-05, 2.630199378472753e-05], [2.652303692229907e-06, 4.583589907269925e-05, 6.222558295121416e-05, 0.0008492058259434998, 0.0005095931119285524, 0.00022888716193847358], [4.38601955465856e-06, 2.9057311621727422e-05, 5.03394658153411e-05, 0.0005095931119285524, 0.0004968024441041052, 0.00022691639605909586], [1.9456492736935616e-06, 1.4277999980549794e-05, 2.630199378472753e-05, 0.00022888716193847358, 0.00022691639605909586, 0.0001218465476995334]]</COVARIANCE_MATRIX>
		<ROI_SIZE>57</ROI_SIZE>
		<MAX_VALUE>[0.10679972916841507, 0.0896301120519638, 0.06095943972468376, 0.19874371588230133, 0.1110738217830658, 0.056483808904886246]</MAX_VALUE>
		<MIN_VALUE>[0.09679325670003891, 0.0731634646654129, 0.04570130258798599, 0.09690103679895401, 0.03321390971541405, 0.01360230054706335]</MIN_VALUE>
		<SIGNATURE_THRESHOLD_MD>0.0</SIGNATURE_THRESHOLD_MD>
		<SIGNATURE_THRESHOLD_ML>0.0</SIGNATURE_THRESHOLD_ML>
		<SIGNATURE_THRESHOLD_SAM>0.0</SIGNATURE_THRESHOLD_SAM>
	</signature>
	<signature ID="20210204_161042483951_807">
		<MACROCLASSID>1</MACROCLASSID>
		<MACROCLASSINFO>waterbody</MACROCLASSINFO>
		<CLASSID>10</CLASSID>
		<CLASSINFO>C 1</CLASSINFO>
		<VALUES>[0.10504996190305617, 0.0032584056182736677, 0.09109980893916768, 0.005183649547202657, 0.0699364452577028, 0.00874941384745015, 0.15976609765994743, 0.026112269102508405, 0.08767329791530237, 0.025723002808810458, 0.046013172685367164, 0.017860225772481593]</VALUES>
		<LCS_MIN>[0.09846099466085434, 0.08231160044670105, 0.0575687438249588, 0.10865210741758347, 0.03557330742478371, 0.018116140738129616]</LCS_MIN>
		<LCS_MAX>[0.11347070336341858, 0.10609674453735352, 0.10164778679609299, 0.21049481630325317, 0.14410530030727386, 0.097108393907547]</LCS_MAX>
		<WAVELENGTH>[0.485, 0.56, 0.66, 0.835, 1.65, 2.22]</WAVELENGTH>
		<MEAN_VALUE>[0.10504996190305617, 0.09109980893916768, 0.0699364452577028, 0.15976609765994743, 0.08767329791530237, 0.046013172685367164]</MEAN_VALUE>
		<CHECKBOX>2</CHECKBOX>
		<SD>[0.0032584056182736677, 0.005183649547202657, 0.00874941384745015, 0.026112269102508405, 0.025723002808810458, 0.017860225772481593]</SD>
		<WAVELENGTH_UNIT>E-6m</WAVELENGTH_UNIT>
		<COLOR>#02dfd7</COLOR>
		<COVARIANCE_MATRIX>[[1.0794160516525153e-05, 1.4921597539796494e-05, 2.2236863514990546e-05, 3.736074359039776e-05, 5.5038595746736974e-05, 4.335350604378618e-05], [1.4921597539796494e-05, 2.73180594376754e-05, 3.967998782172799e-05, 6.815410597482696e-05, 9.302595572080463e-05, 7.476331666111946e-05], [2.2236863514990546e-05, 3.967998782172799e-05, 7.782811007928103e-05, 6.177142495289445e-05, 0.0001279012649320066, 0.00011686109792208299], [3.736074359039776e-05, 6.815410597482696e-05, 6.177142495289445e-05, 0.000693214766215533, 0.00046220608055591583, 0.0002675580617506057], [5.5038595746736974e-05, 9.302595572080463e-05, 0.0001279012649320066, 0.00046220608055591583, 0.0006727007566951215, 0.00043737419764511287], [4.335350604378618e-05, 7.476331666111946e-05, 0.00011686109792208299, 0.0002675580617506057, 0.00043737419764511287, 0.00032430412829853594]]</COVARIANCE_MATRIX>
		<ROI_SIZE>61</ROI_SIZE>
		<MAX_VALUE>[0.11347070336341858, 0.10609674453735352, 0.10164778679609299, 0.21049481630325317, 0.14410530030727386, 0.097108393907547]</MAX_VALUE>
		<MIN_VALUE>[0.09846099466085434, 0.08231160044670105, 0.0575687438249588, 0.10865210741758347, 0.03557330742478371, 0.018116140738129616]</MIN_VALUE>
		<SIGNATURE_THRESHOLD_MD>0.0</SIGNATURE_THRESHOLD_MD>
		<SIGNATURE_THRESHOLD_ML>0.0</SIGNATURE_THRESHOLD_ML>
		<SIGNATURE_THRESHOLD_SAM>0.0</SIGNATURE_THRESHOLD_SAM>
	</signature>
	<signature ID="20210204_161057966230_189">
		<MACROCLASSID>1</MACROCLASSID>
		<MACROCLASSINFO>waterbody</MACROCLASSINFO>
		<CLASSID>11</CLASSID>
		<CLASSINFO>C 1</CLASSINFO>
		<VALUES>[0.10467305357346865, 0.002573471583143644, 0.09068642249129874, 0.004287116732229887, 0.06580764648886474, 0.00587420332673202, 0.04631080396185299, 0.015441043171178953, 0.016909860952018962, 0.013445816774403357, 0.009374193981621036, 0.008045995698411034]</VALUES>
		<LCS_MIN>[0.09679325670003891, 0.08048196882009506, 0.05587339401245117, 0.0263945534825325, 0.0, 0.0]</LCS_MIN>
		<LCS_MAX>[0.1151384487748146, 0.11341525614261627, 0.09486640244722366, 0.09690103679895401, 0.07568295300006866, 0.051969967782497406]</LCS_MAX>
		<WAVELENGTH>[0.485, 0.56, 0.66, 0.835, 1.65, 2.22]</WAVELENGTH>
		<MEAN_VALUE>[0.10467305357346865, 0.09068642249129874, 0.06580764648886474, 0.04631080396185299, 0.016909860952018962, 0.009374193981621036]</MEAN_VALUE>
		<CHECKBOX>2</CHECKBOX>
		<SD>[0.002573471583143644, 0.004287116732229887, 0.00587420332673202, 0.015441043171178953, 0.013445816774403357, 0.008045995698411034]</SD>
		<WAVELENGTH_UNIT>E-6m</WAVELENGTH_UNIT>
		<COLOR>#1d5fe0</COLOR>
		<COVARIANCE_MATRIX>[[6.628717073908774e-06, 7.744181857560761e-06, 1.0164598279516213e-05, 1.1806107067968696e-05, 6.8572994678106625e-06, 4.322186669014627e-06], [7.744181857560761e-06, 1.839591277530417e-05, 2.0512619812507182e-05, 2.233692976005841e-05, 1.0912652214756235e-05, 6.22715151621378e-06], [1.0164598279516213e-05, 2.0512619812507182e-05, 3.453732279012911e-05, 5.596609116764739e-05, 3.760174513445236e-05, 2.1874964659218676e-05], [1.1806107067968696e-05, 2.233692976005841e-05, 5.596609116764739e-05, 0.00023864042304921895, 0.00018085481133311987, 9.950740059139207e-05], [6.8572994678106625e-06, 1.0912652214756235e-05, 3.760174513445236e-05, 0.00018085481133311987, 0.00018095271661877632, 0.00010106633271789178], [4.322186669014627e-06, 6.22715151621378e-06, 2.1874964659218676e-05, 9.950740059139207e-05, 0.00010106633271789178, 6.479631701949984e-05]]</COVARIANCE_MATRIX>
		<ROI_SIZE>1112</ROI_SIZE>
		<MAX_VALUE>[0.1151384487748146, 0.11341525614261627, 0.09486640244722366, 0.09690103679895401, 0.07568295300006866, 0.051969967782497406]</MAX_VALUE>
		<MIN_VALUE>[0.09679325670003891, 0.08048196882009506, 0.05587339401245117, 0.0263945534825325, 0.0, 0.0]</MIN_VALUE>
		<SIGNATURE_THRESHOLD_MD>0.0</SIGNATURE_THRESHOLD_MD>
		<SIGNATURE_THRESHOLD_ML>0.0</SIGNATURE_THRESHOLD_ML>
		<SIGNATURE_THRESHOLD_SAM>0.0</SIGNATURE_THRESHOLD_SAM>
	</signature>
	<signature ID="20210204_161104565992_181">
		<MACROCLASSID>1</MACROCLASSID>
		<MACROCLASSINFO>waterbody</MACROCLASSINFO>
		<CLASSID>12</CLASSID>
		<CLASSINFO>C 1</CLASSINFO>
		<VALUES>[0.09793554475602892, 0.0021586353355634432, 0.07726702174800427, 0.0036590523183533765, 0.05371779035475305, 0.00488495305524718, 0.05022353968892713, 0.01779527261311656, 0.019130796811092213, 0.014612611609889779, 0.010091466990275685, 0.008393197700421807]</VALUES>
		<LCS_MIN>[0.09179001301527023, 0.06950420886278152, 0.04231060668826103, 0.0303115863353014, 0.0, 0.0]</LCS_MIN>
		<LCS_MAX>[0.10679972916841507, 0.10426711291074753, 0.08638965338468552, 0.10081805288791656, 0.07804233580827713, 0.04971304535865784]</LCS_MAX>
		<WAVELENGTH>[0.485, 0.56, 0.66, 0.835, 1.65, 2.22]</WAVELENGTH>
		<MEAN_VALUE>[0.09793554475602892, 0.07726702174800427, 0.05371779035475305, 0.05022353968892713, 0.019130796811092213, 0.010091466990275685]</MEAN_VALUE>
		<CHECKBOX>2</CHECKBOX>
		<SD>[0.0021586353355634432, 0.0036590523183533765, 0.00488495305524718, 0.01779527261311656, 0.014612611609889779, 0.008393197700421807]</SD>
		<WAVELENGTH_UNIT>E-6m</WAVELENGTH_UNIT>
		<COLOR>#c58b48</COLOR>
		<COVARIANCE_MATRIX>[[4.6655168262077495e-06, 4.494990207604133e-06, 5.673553459928371e-06, 1.573777808516752e-05, 1.1578548765101004e-05, 6.686345386697212e-06], [4.494990207604133e-06, 1.3405358004092705e-05, 1.3826610484102275e-05, 4.041525244247168e-05, 2.778485941234976e-05, 1.5721954696346074e-05], [5.673553459928371e-06, 1.3826610484102275e-05, 2.389252040302381e-05, 6.383365689544007e-05, 4.819398236577399e-05, 2.723280522332061e-05], [1.573777808516752e-05, 4.041525244247168e-05, 6.383365689544007e-05, 0.0003170665877405554, 0.00022499774058815092, 0.00011971726053161547], [1.1578548765101004e-05, 2.778485941234976e-05, 4.819398236577399e-05, 0.00022499774058815092, 0.00021379465761128813, 0.0001149639138020575], [6.686345386697212e-06, 1.5721954696346074e-05, 2.723280522332061e-05, 0.00011971726053161547, 0.0001149639138020575, 7.053360604913905e-05]]</COVARIANCE_MATRIX>
		<ROI_SIZE>803</ROI_SIZE>
		<MAX_VALUE>[0.10679972916841507, 0.10426711291074753, 0.08638965338468552, 0.10081805288791656, 0.07804233580827713, 0.04971304535865784]</MAX_VALUE>
		<MIN_VALUE>[0.09179001301527023, 0.06950420886278152, 0.04231060668826103, 0.0303115863353014, 0.0, 0.0]</MIN_VALUE>
		<SIGNATURE_THRESHOLD_MD>0.0</SIGNATURE_THRESHOLD_MD>
		<SIGNATURE_THRESHOLD_ML>0.0</SIGNATURE_THRESHOLD_ML>
		<SIGNATURE_THRESHOLD_SAM>0.0</SIGNATURE_THRESHOLD_SAM>
	</signature>
	<signature ID="20210204_161110315090_854">
		<MACROCLASSID>1</MACROCLASSID>
		<MACROCLASSINFO>waterbody</MACROCLASSINFO>
		<CLASSID>13</CLASSID>
		<CLASSINFO>C 1</CLASSINFO>
		<VALUES>[0.09625026781848343, 0.0022399240796313713, 0.07147212057959204, 0.002957820027554211, 0.04841681873035985, 0.003527696002631097, 0.05578364024675174, 0.01863282171363789, 0.01779530337080361, 0.011306056867818876, 0.008979938280326878, 0.006204779201910108]</VALUES>
		<LCS_MIN>[0.0901222825050354, 0.06584495306015015, 0.04231060668826103, 0.0303115863353014, 0.0, 0.0]</LCS_MIN>
		<LCS_MAX>[0.1084674745798111, 0.08597085624933243, 0.06435013562440872, 0.10473509132862091, 0.07568295300006866, 0.04294228553771973]</LCS_MAX>
		<WAVELENGTH>[0.485, 0.56, 0.66, 0.835, 1.65, 2.22]</WAVELENGTH>
		<MEAN_VALUE>[0.09625026781848343, 0.07147212057959204, 0.04841681873035985, 0.05578364024675174, 0.01779530337080361, 0.008979938280326878]</MEAN_VALUE>
		<CHECKBOX>2</CHECKBOX>
		<SD>[0.0022399240796313713, 0.002957820027554211, 0.003527696002631097, 0.01863282171363789, 0.011306056867818876, 0.006204779201910108]</SD>
		<WAVELENGTH_UNIT>E-6m</WAVELENGTH_UNIT>
		<COLOR>#43c071</COLOR>
		<COVARIANCE_MATRIX>[[5.024563051847508e-06, 3.406365294722491e-06, 3.7895938476140145e-06, 6.110891717980849e-06, 7.3837982199620456e-06, 4.4885819079354405e-06], [3.406365294722491e-06, 8.761434401094448e-06, 7.322138571907999e-06, 1.9829421944450587e-05, 1.6323558156727813e-05, 9.181451787299011e-06], [3.7895938476140145e-06, 7.322138571907999e-06, 1.2462753147701733e-05, 3.26313529512845e-05, 2.23438491957495e-05, 1.2425253771652933e-05], [6.110891717980849e-06, 1.9829421944450587e-05, 3.26313529512845e-05, 0.00034768739715218544, 0.00015876145334914327, 7.792867836542428e-05], [7.3837982199620456e-06, 1.6323558156727813e-05, 2.23438491957495e-05, 0.00015876145334914327, 0.00012801299453713, 6.358896644087508e-05], [4.4885819079354405e-06, 9.181451787299011e-06, 1.2425253771652933e-05, 7.792867836542428e-05, 6.358896644087508e-05, 3.8555324863409624e-05]]</COVARIANCE_MATRIX>
		<ROI_SIZE>688</ROI_SIZE>
		<MAX_VALUE>[0.1084674745798111, 0.08597085624933243, 0.06435013562440872, 0.10473509132862091, 0.07568295300006866, 0.04294228553771973]</MAX_VALUE>
		<MIN_VALUE>[0.0901222825050354, 0.06584495306015015, 0.04231060668826103, 0.0303115863353014, 0.0, 0.0]</MIN_VALUE>
		<SIGNATURE_THRESHOLD_MD>0.0</SIGNATURE_THRESHOLD_MD>
		<SIGNATURE_THRESHOLD_ML>0.0</SIGNATURE_THRESHOLD_ML>
		<SIGNATURE_THRESHOLD_SAM>0.0</SIGNATURE_THRESHOLD_SAM>
	</signature>
	<signature ID="20210204_161132021965_923">
		<MACROCLASSID>1</MACROCLASSID>
		<MACROCLASSINFO>waterbody</MACROCLASSINFO>
		<CLASSID>14</CLASSID>
		<CLASSINFO>C 1</CLASSINFO>
		<VALUES>[0.10236533598382346, 0.004733048980587698, 0.08581483999426048, 0.007993137176762548, 0.059986913591161255, 0.009241971116153384, 0.09790306113833605, 0.026243506476251878, 0.040657883044896294, 0.020615738028122273, 0.02009219433414044, 0.012873294554871694]</VALUES>
		<LCS_MIN>[0.08511904627084732, 0.05486718565225601, 0.03213852271437645, 0.03814563527703285, 0.000182441042852588, 0.0]</LCS_MIN>
		<LCS_MAX>[0.11347070336341858, 0.10243748873472214, 0.08130361139774323, 0.13998833298683167, 0.09691745787858963, 0.060997650027275085]</LCS_MAX>
		<WAVELENGTH>[0.485, 0.56, 0.66, 0.835, 1.65, 2.22]</WAVELENGTH>
		<MEAN_VALUE>[0.10236533598382346, 0.08581483999426048, 0.059986913591161255, 0.09790306113833605, 0.040657883044896294, 0.02009219433414044]</MEAN_VALUE>
		<CHECKBOX>2</CHECKBOX>
		<SD>[0.004733048980587698, 0.007993137176762548, 0.009241971116153384, 0.026243506476251878, 0.020615738028122273, 0.012873294554871694]</SD>
		<WAVELENGTH_UNIT>E-6m</WAVELENGTH_UNIT>
		<COLOR>#9b4e97</COLOR>
		<COVARIANCE_MATRIX>[[2.257676715089474e-05, 3.4917764423880726e-05, 3.543627099134028e-05, -1.0322316484234761e-05, 1.0057825420517474e-05, 1.6955813407548703e-05], [3.4917764423880726e-05, 6.438938726205379e-05, 6.224768003448844e-05, -2.839729313564021e-05, 1.0984403161273804e-05, 2.3091704861144535e-05], [3.543627099134028e-05, 6.224768003448844e-05, 8.608133066445589e-05, 1.7998963812715374e-05, 5.863960541319102e-05, 5.943092764937319e-05], [-1.0322316484234761e-05, -2.839729313564021e-05, 1.7998963812715374e-05, 0.0006941022584214807, 0.0004499515634961426, 0.00023100058024283499], [1.0057825420517474e-05, 1.0984403161273804e-05, 5.863960541319102e-05, 0.0004499515634961426, 0.00042832904728129506, 0.0002458307717461139], [1.6955813407548703e-05, 2.3091704861144535e-05, 5.943092764937319e-05, 0.00023100058024283499, 0.0002458307717461139, 0.00016701642016414553]]</COVARIANCE_MATRIX>
		<ROI_SIZE>129</ROI_SIZE>
		<MAX_VALUE>[0.11347070336341858, 0.10243748873472214, 0.08130361139774323, 0.13998833298683167, 0.09691745787858963, 0.060997650027275085]</MAX_VALUE>
		<MIN_VALUE>[0.08511904627084732, 0.05486718565225601, 0.03213852271437645, 0.03814563527703285, 0.000182441042852588, 0.0]</MIN_VALUE>
		<SIGNATURE_THRESHOLD_MD>0.0</SIGNATURE_THRESHOLD_MD>
		<SIGNATURE_THRESHOLD_ML>0.0</SIGNATURE_THRESHOLD_ML>
		<SIGNATURE_THRESHOLD_SAM>0.0</SIGNATURE_THRESHOLD_SAM>
	</signature>
	<signature ID="20210204_161158871876_475">
		<MACROCLASSID>1</MACROCLASSID>
		<MACROCLASSINFO>waterbody</MACROCLASSINFO>
		<CLASSID>15</CLASSID>
		<CLASSINFO>C 1</CLASSINFO>
		<VALUES>[0.10280724524548558, 0.003043195105902196, 0.08763415072903487, 0.005083271940158211, 0.06594273549589244, 0.007057548609728808, 0.12966161424463446, 0.02637014709113383, 0.06595939804207193, 0.02207013816781406, 0.03528242586462787, 0.013495164749880061]</VALUES>
		<LCS_MIN>[0.09679325670003891, 0.07682272046804428, 0.05417804792523384, 0.08123292773962021, 0.02613573893904686, 0.011345379054546356]</LCS_MIN>
		<LCS_MAX>[0.1084674745798111, 0.09877824783325195, 0.08299896121025085, 0.17915859818458557, 0.10399564355611801, 0.060997650027275085]</LCS_MAX>
		<WAVELENGTH>[0.485, 0.56, 0.66, 0.835, 1.65, 2.22]</WAVELENGTH>
		<MEAN_VALUE>[0.10280724524548558, 0.08763415072903487, 0.06594273549589244, 0.12966161424463446, 0.06595939804207193, 0.03528242586462787]</MEAN_VALUE>
		<CHECKBOX>2</CHECKBOX>
		<SD>[0.003043195105902196, 0.005083271940158211, 0.007057548609728808, 0.02637014709113383, 0.02207013816781406, 0.013495164749880061]</SD>
		<WAVELENGTH_UNIT>E-6m</WAVELENGTH_UNIT>
		<COLOR>#c9472a</COLOR>
		<COVARIANCE_MATRIX>[[9.550443792250007e-06, 1.1043814993172418e-05, 1.459757004340645e-05, 8.314177648571786e-06, 1.5176779925241135e-05, 1.7982214558287524e-05], [1.1043814993172418e-05, 2.6647143386071548e-05, 3.23579806718044e-05, 5.9593559853965417e-05, 5.229223825153895e-05, 4.307637573219836e-05], [1.459757004340645e-05, 3.23579806718044e-05, 5.1365524996072054e-05, 7.983959221746773e-05, 9.146943193627521e-05, 7.06917344359681e-05], [8.314177648571786e-06, 5.9593559853965417e-05, 7.983959221746773e-05, 0.0007171154138632119, 0.0004711741057690233, 0.0002366822154726833], [1.5176779925241135e-05, 5.229223825153895e-05, 9.146943193627521e-05, 0.0004711741057690233, 0.0005023126141168177, 0.00028894966817460954], [1.7982214558287524e-05, 4.307637573219836e-05, 7.06917344359681e-05, 0.0002366822154726833, 0.00028894966817460954, 0.00018781069957185537]]</COVARIANCE_MATRIX>
		<ROI_SIZE>33</ROI_SIZE>
		<MAX_VALUE>[0.1084674745798111, 0.09877824783325195, 0.08299896121025085, 0.17915859818458557, 0.10399564355611801, 0.060997650027275085]</MAX_VALUE>
		<MIN_VALUE>[0.09679325670003891, 0.07682272046804428, 0.05417804792523384, 0.08123292773962021, 0.02613573893904686, 0.011345379054546356]</MIN_VALUE>
		<SIGNATURE_THRESHOLD_MD>0.0</SIGNATURE_THRESHOLD_MD>
		<SIGNATURE_THRESHOLD_ML>0.0</SIGNATURE_THRESHOLD_ML>
		<SIGNATURE_THRESHOLD_SAM>0.0</SIGNATURE_THRESHOLD_SAM>
	</signature>
	<signature ID="20210204_161215596672_415">
		<MACROCLASSID>1</MACROCLASSID>
		<MACROCLASSINFO>waterbody</MACROCLASSINFO>
		<CLASSID>16</CLASSID>
		<CLASSINFO>C 1</CLASSINFO>
		<VALUES>[0.0894870257929085, 0.002452762700666922, 0.06018499646878496, 0.0033881462175506393, 0.03392898299965979, 0.003510314650490425, 0.04195471365173447, 0.01691630011985953, 0.011233958527519121, 0.007993403880088639, 0.004820169888419722, 0.004098688700363338]</VALUES>
		<LCS_MIN>[0.07844806462526321, 0.04754868149757385, 0.02705247886478901, 0.0263945534825325, 0.0025418316945433617, 0.0]</LCS_MIN>
		<LCS_MAX>[0.10179649293422699, 0.08597085624933243, 0.06774082779884338, 0.09690103679895401, 0.06388599425554276, 0.03617151454091072]</LCS_MAX>
		<WAVELENGTH>[0.485, 0.56, 0.66, 0.835, 1.65, 2.22]</WAVELENGTH>
		<MEAN_VALUE>[0.0894870257929085, 0.06018499646878496, 0.03392898299965979, 0.04195471365173447, 0.011233958527519121, 0.004820169888419722]</MEAN_VALUE>
		<CHECKBOX>2</CHECKBOX>
