<?xml version="1.0" ?>
<signaturelist MCID_LIST="[['1', 'waterbody', '#000000'], ['2', 'vegetation', '#000000'], ['3', 'bareland', '#000000'], ['4', 'built-up', '#000000']]">
	<signature ID="20210602_091641125779_148">
		<MACROCLASSID>1</MACROCLASSID>
		<MACROCLASSINFO>waterbody</MACROCLASSINFO>
		<CLASSID>1</CLASSID>
		<CLASSINFO>C 1</CLASSINFO>
		<VALUES>[0.1279903965589312, 0.0028693281174683376, 0.1170839461085108, 0.004831808491565912, 0.09913098405009695, 0.005077958921284545, 0.07216723117324493, 0.013002927606720692, 0.02291286116005065, 0.00808672478185297, 0.011531516391131069, 0.004753752551694209]</VALUES>
		<LCS_MIN>[0.11847393214702606, 0.10426711291074753, 0.08469430357217789, 0.053813740611076355, 0.01197939645498991, 0.0023176921531558037]</LCS_MIN>
		<LCS_MAX>[0.13681912422180176, 0.12988190352916718, 0.1135152280330658, 0.10081805288791656, 0.05444842949509621, 0.03165767341852188]</LCS_MAX>
		<WAVELENGTH>[0.485, 0.56, 0.66, 0.835, 1.65, 2.22]</WAVELENGTH>
		<MEAN_VALUE>[0.1279903965589312, 0.1170839461085108, 0.09913098405009695, 0.07216723117324493, 0.02291286116005065, 0.011531516391131069]</MEAN_VALUE>
		<CHECKBOX>2</CHECKBOX>
		<SD>[0.0028693281174683376, 0.004831808491565912, 0.005077958921284545, 0.013002927606720692, 0.00808672478185297, 0.004753752551694209]</SD>
		<WAVELENGTH_UNIT>E-6m</WAVELENGTH_UNIT>
		<COLOR>#ae1119</COLOR>
		<COVARIANCE_MATRIX>[[8.275702384707984e-06, 1.0534175089560449e-05, 1.1022222679457627e-05, 3.015052243426908e-06, -3.233717507100664e-07, -8.639381690045411e-07], [1.0534175089560449e-05, 2.346733890590258e-05, 2.143147139577195e-05, -2.6247973892168375e-06, -6.053242941561621e-06, -3.6175999866827624e-06], [1.1022222679457627e-05, 2.143147139577195e-05, 2.5919271138263866e-05, 5.004400918551255e-06, -1.3347522553885938e-06, -1.3926683095633052e-06], [3.015052243426908e-06, -2.6247973892168375e-06, 5.004400918551255e-06, 0.00016995216719806194, 9.44135754252784e-05, 4.017265746369958e-05], [-3.233717507100664e-07, -6.053242941561621e-06, -1.3347522553885938e-06, 9.44135754252784e-05, 6.573395512532443e-05, 2.9545408324338496e-05], [-8.639381690045411e-07, -3.6175999866827624e-06, -1.3926683095633052e-06, 4.017265746369958e-05, 2.9545408324338496e-05, 2.2715252271154895e-05]]</COVARIANCE_MATRIX>
		<ROI_SIZE>194</ROI_SIZE>
		<MAX_VALUE>[0.13681912422180176, 0.12988190352916718, 0.1135152280330658, 0.10081805288791656, 0.05444842949509621, 0.03165767341852188]</MAX_VALUE>
		<MIN_VALUE>[0.11847393214702606, 0.10426711291074753, 0.08469430357217789, 0.053813740611076355, 0.01197939645498991, 0.0023176921531558037]</MIN_VALUE>
		<SIGNATURE_THRESHOLD_MD>0.0</SIGNATURE_THRESHOLD_MD>
		<SIGNATURE_THRESHOLD_ML>0.0</SIGNATURE_THRESHOLD_ML>
		<SIGNATURE_THRESHOLD_SAM>0.0</SIGNATURE_THRESHOLD_SAM>
	</signature>
	<signature ID="20210602_091651358594_201">
		<MACROCLASSID>1</MACROCLASSID>
		<MACROCLASSINFO>waterbody</MACROCLASSINFO>
		<CLASSID>2</CLASSID>
		<CLASSINFO>C 1</CLASSINFO>
		<VALUES>[0.1317429977438306, 0.0027705048457244376, 0.14125224694313593, 0.004625391532262675, 0.13385940163538154, 0.005421885613282169, 0.07560382011710416, 0.008258071195217907, 0.017301306337683238, 0.007261560411550364, 0.00867852023995439, 0.005287002182489121]</VALUES>
		<LCS_MIN>[0.11680619418621063, 0.11890415847301483, 0.10673382878303528, 0.057730771601200104, 0.000182441042852588, 0.0]</LCS_MIN>
		<LCS_MAX>[0.140154629945755, 0.14817816019058228, 0.14572684466838837, 0.10473509132862091, 0.04972964897751808, 0.03617151454091072]</LCS_MAX>
		<WAVELENGTH>[0.485, 0.56, 0.66, 0.835, 1.65, 2.22]</WAVELENGTH>
		<MEAN_VALUE>[0.1317429977438306, 0.14125224694313593, 0.13385940163538154, 0.07560382011710416, 0.017301306337683238, 0.00867852023995439]</MEAN_VALUE>
		<CHECKBOX>2</CHECKBOX>
		<SD>[0.0027705048457244376, 0.004625391532262675, 0.005421885613282169, 0.008258071195217907, 0.007261560411550364, 0.005287002182489121]</SD>
		<WAVELENGTH_UNIT>E-6m</WAVELENGTH_UNIT>
		<COLOR>#dbb75b</COLOR>
		<COVARIANCE_MATRIX>[[7.685876880714204e-06, 8.656613317725714e-06, 1.0023423783422913e-05, -1.0140466656594072e-05, -5.091126695333514e-06, -2.9897748845542083e-06], [8.656613317725714e-06, 2.14226220123237e-05, 2.133039743057452e-05, -2.1720537915825844e-05, -1.2838271686632652e-05, -7.315682523767464e-06], [1.0023423783422913e-05, 2.133039743057452e-05, 2.943583058367949e-05, -2.290786142111756e-05, -1.254107974091312e-05, -7.14644011168275e-06], [-1.0140466656594072e-05, -2.1720537915825844e-05, -2.290786142111756e-05, 6.828618643339723e-05, 4.4154192437417805e-05, 2.7133872208651155e-05], [-5.091126695333514e-06, -1.2838271686632652e-05, -1.254107974091312e-05, 4.4154192437417805e-05, 5.2800194680457935e-05, 3.230095899198204e-05], [-2.9897748845542083e-06, -7.315682523767464e-06, -7.14644011168275e-06, 2.7133872208651155e-05, 3.230095899198204e-05, 2.798946479742881e-05]]</COVARIANCE_MATRIX>
		<ROI_SIZE>755</ROI_SIZE>
		<MAX_VALUE>[0.140154629945755, 0.14817816019058228, 0.14572684466838837, 0.10473509132862091, 0.04972964897751808, 0.03617151454091072]</MAX_VALUE>
		<MIN_VALUE>[0.11680619418621063, 0.11890415847301483, 0.10673382878303528, 0.057730771601200104, 0.000182441042852588, 0.0]</MIN_VALUE>
		<SIGNATURE_THRESHOLD_MD>0.0</SIGNATURE_THRESHOLD_MD>
		<SIGNATURE_THRESHOLD_ML>0.0</SIGNATURE_THRESHOLD_ML>
		<SIGNATURE_THRESHOLD_SAM>0.0</SIGNATURE_THRESHOLD_SAM>
	</signature>
	<signature ID="20210602_091655559214_536">
		<MACROCLASSID>1</MACROCLASSID>
		<MACROCLASSINFO>waterbody</MACROCLASSINFO>
		<CLASSID>3</CLASSID>
		<CLASSINFO>C 1</CLASSINFO>
		<VALUES>[0.11886379570252706, 0.002304648145913236, 0.11291032890462643, 0.0028826261938308083, 0.08529428534161348, 0.004211229440662345, 0.059517592064697686, 0.010500547641155265, 0.02003043384575464, 0.00985962725698189, 0.010967904908402368, 0.006795170061780937]</VALUES>
		<LCS_MIN>[0.11013521999120712, 0.09694861620664597, 0.06943618506193161, 0.045979682356119156, 0.0025418316945433617, 0.0]</LCS_MIN>
		<LCS_MAX>[0.1268126666545868, 0.11890415847301483, 0.10164778679609299, 0.09298401325941086, 0.052089039236307144, 0.03391459211707115]</LCS_MAX>
		<WAVELENGTH>[0.485, 0.56, 0.66, 0.835, 1.65, 2.22]</WAVELENGTH>
		<MEAN_VALUE>[0.11886379570252706, 0.11291032890462643, 0.08529428534161348, 0.059517592064697686, 0.02003043384575464, 0.010967904908402368]</MEAN_VALUE>
		<CHECKBOX>2</CHECKBOX>
		<SD>[0.002304648145913236, 0.0028826261938308083, 0.004211229440662345, 0.010500547641155265, 0.00985962725698189, 0.006795170061780937]</SD>
		<WAVELENGTH_UNIT>E-6m</WAVELENGTH_UNIT>
		<COLOR>#7fb861</COLOR>
		<COVARIANCE_MATRIX>[[5.320039690559497e-06, 3.4221770874864887e-06, 4.758493560075294e-06, -2.365417003602488e-06, 9.637112725613406e-07, 1.928566007336485e-06], [3.4221770874864887e-06, 8.323045221914072e-06, 5.150405286258319e-06, -9.887148735288065e-06, -4.926791461912217e-06, -1.8489886315364856e-06], [4.758493560075294e-06, 5.150405286258319e-06, 1.7763290088623762e-05, 1.1041481229767669e-05, 1.7808804841479287e-05, 1.3814764315611683e-05], [-2.365417003602488e-06, -9.887148735288065e-06, 1.1041481229767669e-05, 0.00011044078564736992, 8.41098662931472e-05, 5.137542393640615e-05], [9.637112725613406e-07, -4.926791461912217e-06, 1.7808804841479287e-05, 8.41098662931472e-05, 9.737032087286934e-05, 6.070941890357062e-05], [1.928566007336485e-06, -1.8489886315364856e-06, 1.3814764315611683e-05, 5.137542393640615e-05, 6.070941890357062e-05, 4.624941720976494e-05]]</COVARIANCE_MATRIX>
		<ROI_SIZE>616</ROI_SIZE>
		<MAX_VALUE>[0.1268126666545868, 0.11890415847301483, 0.10164778679609299, 0.09298401325941086, 0.052089039236307144, 0.03391459211707115]</MAX_VALUE>
		<MIN_VALUE>[0.11013521999120712, 0.09694861620664597, 0.06943618506193161, 0.045979682356119156, 0.0025418316945433617, 0.0]</MIN_VALUE>
		<SIGNATURE_THRESHOLD_MD>0.0</SIGNATURE_THRESHOLD_MD>
		<SIGNATURE_THRESHOLD_ML>0.0</SIGNATURE_THRESHOLD_ML>
		<SIGNATURE_THRESHOLD_SAM>0.0</SIGNATURE_THRESHOLD_SAM>
	</signature>
	<signature ID="20210602_091704376049_733">
		<MACROCLASSID>3</MACROCLASSID>
		<MACROCLASSINFO>bareland</MACROCLASSINFO>
		<CLASSID>4</CLASSID>
		<CLASSINFO>C 1</CLASSINFO>
		<VALUES>[0.12156021766278938, 0.0027875613135839765, 0.11360453129157257, 0.004642201078926249, 0.11651618641683424, 0.008208252675972617, 0.2208951763037977, 0.016197501754673924, 0.22079905319487916, 0.011695486606475437, 0.139367317502526, 0.011733247042154083]</VALUES>
		<LCS_MIN>[0.1151384487748146, 0.10426711291074753, 0.09825708717107773, 0.19482670724391937, 0.20309005677700043, 0.11742069572210312]</LCS_MIN>
		<LCS_MAX>[0.1268126666545868, 0.12439300864934921, 0.13385941088199615, 0.26925021409988403, 0.24555908143520355, 0.16707296669483185]</LCS_MAX>
		<WAVELENGTH>[0.485, 0.56, 0.66, 0.835, 1.65, 2.22]</WAVELENGTH>
		<MEAN_VALUE>[0.12156021766278938, 0.11360453129157257, 0.11651618641683424, 0.2208951763037977, 0.22079905319487916, 0.139367317502526]</MEAN_VALUE>
		<CHECKBOX>2</CHECKBOX>
		<SD>[0.0027875613135839765, 0.004642201078926249, 0.008208252675972617, 0.016197501754673924, 0.011695486606475437, 0.011733247042154083]</SD>
		<WAVELENGTH_UNIT>E-6m</WAVELENGTH_UNIT>
		<COLOR>#84a49b</COLOR>
		<COVARIANCE_MATRIX>[[7.860852747398894e-06, 1.051456911227433e-05, 1.7359348930767737e-05, -1.6292209693347104e-05, 1.7687416402623057e-05, 2.422131183266174e-05], [1.051456911227433e-05, 2.180061346734874e-05, 3.4195047192042693e-05, -2.8074853616999462e-05, 3.124406430288218e-05, 4.3717227526940405e-05], [1.7359348930767737e-05, 3.4195047192042693e-05, 6.815884989919141e-05, -6.562707130797207e-05, 6.149355613160878e-05, 8.326505485456437e-05], [-1.6292209693347104e-05, -2.8074853616999462e-05, -6.562707130797207e-05, 0.0002654097625054419, 1.0657289749360643e-05, -6.962099723750725e-05], [1.7687416402623057e-05, 3.124406430288218e-05, 6.149355613160878e-05, 1.0657289749360643e-05, 0.00013837491860613227, 0.00011300913320155814], [2.422131183266174e-05, 4.3717227526940405e-05, 8.326505485456437e-05, -6.962099723750725e-05, 0.00011300913320155814, 0.0001392698904965073]]</COVARIANCE_MATRIX>
		<ROI_SIZE>87</ROI_SIZE>
		<MAX_VALUE>[0.1268126666545868, 0.12439300864934921, 0.13385941088199615, 0.26925021409988403, 0.24555908143520355, 0.16707296669483185]</MAX_VALUE>
		<MIN_VALUE>[0.1151384487748146, 0.10426711291074753, 0.09825708717107773, 0.19482670724391937, 0.20309005677700043, 0.11742069572210312]</MIN_VALUE>
		<SIGNATURE_THRESHOLD_MD>0.0</SIGNATURE_THRESHOLD_MD>
		<SIGNATURE_THRESHOLD_ML>0.0</SIGNATURE_THRESHOLD_ML>
		<SIGNATURE_THRESHOLD_SAM>0.0</SIGNATURE_THRESHOLD_SAM>
	</signature>
	<signature ID="20210602_091707490477_817">
		<MACROCLASSID>3</MACROCLASSID>
		<MACROCLASSINFO>bareland</MACROCLASSINFO>
		<CLASSID>5</CLASSID>
		<CLASSINFO>C 1</CLASSINFO>
		<VALUES>[0.12191365589387713, 0.003560780071982884, 0.11352961184456943, 0.004203109723330656, 0.12000522960443052, 0.008463774470865298, 0.22989631770178678, 0.011259954890704551, 0.2387021137401462, 0.012503642878888046, 0.1440805894089862, 0.01111315566874956]</VALUES>
		<LCS_MIN>[0.11347070336341858, 0.10426711291074753, 0.09656175225973129, 0.21049481630325317, 0.20780885219573975, 0.11516378074884415]</LCS_MIN>
		<LCS_MAX>[0.13014814257621765, 0.1262226402759552, 0.1355547457933426, 0.257499098777771, 0.2620748281478882, 0.1625591367483139]</LCS_MAX>
		<WAVELENGTH>[0.485, 0.56, 0.66, 0.835, 1.65, 2.22]</WAVELENGTH>
		<MEAN_VALUE>[0.12191365589387713, 0.11352961184456943, 0.12000522960443052, 0.22989631770178678, 0.2387021137401462, 0.1440805894089862]</MEAN_VALUE>
		<CHECKBOX>2</CHECKBOX>
		<SD>[0.003560780071982884, 0.004203109723330656, 0.008463774470865298, 0.011259954890704551, 0.012503642878888046, 0.01111315566874956]</SD>
		<WAVELENGTH_UNIT>E-6m</WAVELENGTH_UNIT>
		<COLOR>#2d198f</COLOR>
		<COVARIANCE_MATRIX>[[1.2880411304649897e-05, 1.1805835129052866e-05, 2.5836556233116426e-05, -1.242360031028511e-05, 3.1330546335084364e-05, 3.1411229429068044e-05], [1.1805835129052866e-05, 1.7946545995073393e-05, 3.100318645010702e-05, -6.804091299272841e-06, 3.745516005437821e-05, 3.622995063778944e-05], [2.5836556233116426e-05, 3.100318645010702e-05, 7.277254917426035e-05, -4.453665314940736e-05, 7.993821782292798e-05, 8.198765135603026e-05], [-1.242360031028511e-05, -6.804091299272841e-06, -4.453665314940736e-05, 0.00012879907444585115, -8.46704097057227e-06, -4.0071277908282354e-05], [3.1330546335084364e-05, 3.745516005437821e-05, 7.993821782292798e-05, -8.46704097057227e-06, 0.00015882268780842423, 0.00012789406173396856], [3.1411229429068044e-05, 3.622995063778944e-05, 8.198765135603026e-05, -4.0071277908282354e-05, 0.00012789406173396856, 0.00012546258221846074]]</COVARIANCE_MATRIX>
		<ROI_SIZE>64</ROI_SIZE>
		<MAX_VALUE>[0.13014814257621765, 0.1262226402759552, 0.1355547457933426, 0.257499098777771, 0.2620748281478882, 0.1625591367483139]</MAX_VALUE>
		<MIN_VALUE>[0.11347070336341858, 0.10426711291074753, 0.09656175225973129, 0.21049481630325317, 0.20780885219573975, 0.11516378074884415]</MIN_VALUE>
		<SIGNATURE_THRESHOLD_MD>0.0</SIGNATURE_THRESHOLD_MD>
		<SIGNATURE_THRESHOLD_ML>0.0</SIGNATURE_THRESHOLD_ML>
		<SIGNATURE_THRESHOLD_SAM>0.0</SIGNATURE_THRESHOLD_SAM>
	</signature>
	<signature ID="20210602_091714071802_292">
		<MACROCLASSID>3</MACROCLASSID>
		<MACROCLASSINFO>bareland</MACROCLASSINFO>
		<CLASSID>6</CLASSID>
		<CLASSINFO>C 1</CLASSINFO>
		<VALUES>[0.1224331845507378, 0.004113796642849047, 0.11122546793790315, 0.005069682667225048, 0.10808210148234067, 0.008655964014327572, 0.21626239129173475, 0.017419455300393002, 0.20076782801958531, 0.01784247720734579, 0.11690533979553873, 0.014270343651995018]</VALUES>
		<LCS_MIN>[0.10679972916841507, 0.09328935295343399, 0.07791291922330856, 0.17524155974388123, 0.17477737367153168, 0.09259455651044846]</LCS_MIN>
		<LCS_MAX>[0.13515138626098633, 0.12439300864934921, 0.12877334654331207, 0.24966509640216827, 0.24791847169399261, 0.16481603682041168]</LCS_MAX>
		<WAVELENGTH>[0.485, 0.56, 0.66, 0.835, 1.65, 2.22]</WAVELENGTH>
		<MEAN_VALUE>[0.1224331845507378, 0.11122546793790315, 0.10808210148234067, 0.21626239129173475, 0.20076782801958531, 0.11690533979553873]</MEAN_VALUE>
		<CHECKBOX>2</CHECKBOX>
		<SD>[0.004113796642849047, 0.005069682667225048, 0.008655964014327572, 0.017419455300393002, 0.01784247720734579, 0.014270343651995018]</SD>
		<WAVELENGTH_UNIT>E-6m</WAVELENGTH_UNIT>
		<COLOR>#563a18</COLOR>
		<COVARIANCE_MATRIX>[[1.6990214135148562e-05, 1.6821037206682377e-05, 3.068183286814019e-05, -2.127308107446879e-05, 3.046026176889427e-05, 3.155030572088435e-05], [1.6821037206682377e-05, 2.580327054602094e-05, 3.866609404212795e-05, -8.1971720646834e-06, 4.720826473203488e-05, 4.1678184061311185e-05], [3.068183286814019e-05, 3.866609404212795e-05, 7.522186206188053e-05, -4.0511906263418496e-05, 7.983882096596062e-05, 7.377478323178366e-05], [-2.127308107446879e-05, -8.1971720646834e-06, -4.0511906263418496e-05, 0.0003046367783099413, 0.00012193731527077034, 6.0149875935167074e-05], [3.046026176889427e-05, 4.720826473203488e-05, 7.983882096596062e-05, 0.00012193731527077034, 0.0003196122997906059, 0.00023229699581861496], [3.155030572088435e-05, 4.1678184061311185e-05, 7.377478323178366e-05, 6.0149875935167074e-05, 0.00023229699581861496, 0.00020444761321414262]]</COVARIANCE_MATRIX>
		<ROI_SIZE>254</ROI_SIZE>
		<MAX_VALUE>[0.13515138626098633, 0.12439300864934921, 0.12877334654331207, 0.24966509640216827, 0.24791847169399261, 0.16481603682041168]</MAX_VALUE>
		<MIN_VALUE>[0.10679972916841507, 0.09328935295343399, 0.07791291922330856, 0.17524155974388123, 0.17477737367153168, 0.09259455651044846]</MIN_VALUE>
		<SIGNATURE_THRESHOLD_MD>0.0</SIGNATURE_THRESHOLD_MD>
		<SIGNATURE_THRESHOLD_ML>0.0</SIGNATURE_THRESHOLD_ML>
		<SIGNATURE_THRESHOLD_SAM>0.0</SIGNATURE_THRESHOLD_SAM>
	</signature>
	<signature ID="20210602_091724264533_871">
		<MACROCLASSID>3</MACROCLASSID>
		<MACROCLASSINFO>bareland</MACROCLASSINFO>
		<CLASSID>7</CLASSID>
		<CLASSINFO>C 1</CLASSINFO>
		<VALUES>[0.12298808309278422, 0.0032940602998849365, 0.10795969999173084, 0.00389480789040995, 0.102345692370433, 0.005875961591363365, 0.1720380203048604, 0.013405057905411785, 0.10601551904052993, 0.02017941475821168, 0.057959646746543386, 0.011920827803654273]</VALUES>
		<LCS_MIN>[0.11013521999120712, 0.09694861620664597, 0.07791291922330856, 0.14390534162521362, 0.06624539196491241, 0.03391459211707115]</LCS_MIN>
		<LCS_MAX>[0.13014814257621765, 0.12073377519845963, 0.12199197709560394, 0.20657776296138763, 0.14174588024616241, 0.08582378178834915]</LCS_MAX>
		<WAVELENGTH>[0.485, 0.56, 0.66, 0.835, 1.65, 2.22]</WAVELENGTH>
		<MEAN_VALUE>[0.12298808309278422, 0.10795969999173084, 0.102345692370433, 0.1720380203048604, 0.10601551904052993, 0.057959646746543386]</MEAN_VALUE>
		<CHECKBOX>2</CHECKBOX>
		<SD>[0.0032940602998849365, 0.00389480789040995, 0.005875961591363365, 0.013405057905411785, 0.02017941475821168, 0.011920827803654273]</SD>
		<WAVELENGTH_UNIT>E-6m</WAVELENGTH_UNIT>
		<COLOR>#05d16d</COLOR>
		<COVARIANCE_MATRIX>[[1.0870634469029028e-05, 8.41869132273132e-06, 1.3741190741711762e-05, -1.4432201169256587e-05, -5.3075173127581365e-06, 1.8051036931865383e-07], [8.41869132273132e-06, 1.519720990472706e-05, 1.8604821889312007e-05, -2.7963330921920715e-06, 4.083946805621963e-06, 5.903588316868991e-06], [1.3741190741711762e-05, 1.8604821889312007e-05, 3.4589931601658463e-05, -1.281084132642718e-05, 1.6826361388666555e-06, 7.381732302746968e-06], [-1.4432201169256587e-05, -2.7963330921920715e-06, -1.281084132642718e-05, 0.00018002348951995373, 0.00018624233780428767, 9.01079474715516e-05], [-5.3075173127581365e-06, 4.083946805621963e-06, 1.6826361388666555e-06, 0.00018624233780428767, 0.0004079518548678607, 0.00022749295749235898], [1.8051036931865383e-07, 5.903588316868991e-06, 7.381732302746968e-06, 9.01079474715516e-05, 0.00022749295749235898, 0.00014236544666346163]]</COVARIANCE_MATRIX>
		<ROI_SIZE>549</ROI_SIZE>
		<MAX_VALUE>[0.13014814257621765, 0.12073377519845963, 0.12199197709560394, 0.20657776296138763, 0.14174588024616241, 0.08582378178834915]</MAX_VALUE>
		<MIN_VALUE>[0.11013521999120712, 0.09694861620664597, 0.07791291922330856, 0.14390534162521362, 0.06624539196491241, 0.03391459211707115]</MIN_VALUE>
		<SIGNATURE_THRESHOLD_MD>0.0</SIGNATURE_THRESHOLD_MD>
		<SIGNATURE_THRESHOLD_ML>0.0</SIGNATURE_THRESHOLD_ML>
		<SIGNATURE_THRESHOLD_SAM>0.0</SIGNATURE_THRESHOLD_SAM>
	</signature>
	<signature ID="20210602_091743565349_905">
		<MACROCLASSID>3</MACROCLASSID>
		<MACROCLASSINFO>bareland</MACROCLASSINFO>
		<CLASSID>8</CLASSID>
		<CLASSINFO>C 1</CLASSINFO>
		<VALUES>[0.13890305085527588, 0.007370294515733164, 0.13313472007731647, 0.009231443976170331, 0.13345058563964698, 0.012116216144388488, 0.2099151875378663, 0.009544650731374942, 0.18552953872665015, 0.016227538137037176, 0.10726248891598823, 0.014605915899618417]</VALUES>
		<LCS_MIN>[0.12014167755842209, 0.10609674453735352, 0.10503849387168884, 0.17524155974388123, 0.14174588024616241, 0.06551149487495422]</LCS_MIN>
		<LCS_MAX>[0.16183529794216156, 0.1609855592250824, 0.1694617122411728, 0.24966509640216827, 0.217246413230896, 0.1332191675901413]</LCS_MAX>
		<WAVELENGTH>[0.485, 0.56, 0.66, 0.835, 1.65, 2.22]</WAVELENGTH>
		<MEAN_VALUE>[0.13890305085527588, 0.13313472007731647, 0.13345058563964698, 0.2099151875378663, 0.18552953872665015, 0.10726248891598823]</MEAN_VALUE>
		<CHECKBOX>2</CHECKBOX>
		<SD>[0.007370294515733164, 0.009231443976170331, 0.012116216144388488, 0.009544650731374942, 0.016227538137037176, 0.014605915899618417]</SD>
		<WAVELENGTH_UNIT>E-6m</WAVELENGTH_UNIT>
		<COLOR>#4fbc40</COLOR>
		<COVARIANCE_MATRIX>[[5.980646164971404e-05, 6.973985000513494e-05, 9.049863729160279e-05, 4.958735189575236e-06, -4.2762552766362205e-05, -5.061714182374999e-05], [6.973985000513494e-05, 9.492768003838137e-05, 0.00011877695942530409, 1.9260785848018713e-05, -5.225382119533606e-05, -6.666863191640005e-05], [9.049863729160279e-05, 0.00011877695942530409, 0.00016293113003484905, 1.642950883251615e-05, -6.14564269199036e-05, -7.783300679875538e-05], [4.958735189575236e-06, 1.9260785848018713e-05, 1.642950883251615e-05, 0.00010263719741487876, 5.1319439080543816e-05, 1.8051134247798473e-05], [-4.2762552766362205e-05, -5.225382119533606e-05, -6.14564269199036e-05, 5.1319439080543816e-05, 0.0002938833204098046, 0.00023969609173946083], [-5.061714182374999e-05, -6.666863191640005e-05, -7.783300679875538e-05, 1.8051134247798473e-05, 0.00023969609173946083, 0.000231772632105276]]</COVARIANCE_MATRIX>
		<ROI_SIZE>4512</ROI_SIZE>
		<MAX_VALUE>[0.16183529794216156, 0.1609855592250824, 0.1694617122411728, 0.24966509640216827, 0.217246413230896, 0.1332191675901413]</MAX_VALUE>
		<MIN_VALUE>[0.12014167755842209, 0.10609674453735352, 0.10503849387168884, 0.17524155974388123, 0.14174588024616241, 0.06551149487495422]</MIN_VALUE>
		<SIGNATURE_THRESHOLD_MD>0.0</SIGNATURE_THRESHOLD_MD>
		<SIGNATURE_THRESHOLD_ML>0.0</SIGNATURE_THRESHOLD_ML>
		<SIGNATURE_THRESHOLD_SAM>0.0</SIGNATURE_THRESHOLD_SAM>
	</signature>
	<signature ID="20210602_091750949804_998">
		<MACROCLASSID>2</MACROCLASSID>
		<MACROCLASSINFO>vegetation</MACROCLASSINFO>
		<CLASSID>9</CLASSID>
		<CLASSINFO>C 1</CLASSINFO>
		<VALUES>[0.11016074385570017, 0.0025575850000579847, 0.0939894743187695, 0.003908194060210106, 0.07264523069393278, 0.00595314737659916, 0.3104389320526805, 0.012102085610041698, 0.17097345336663483, 0.009320265378349875, 0.08075723109044589, 0.011591617662801864]</VALUES>
		<LCS_MIN>[0.10346424579620361, 0.08414122462272644, 0.06095943972468376, 0.28491830825805664, 0.15118345618247986, 0.058740727603435516]</LCS_MIN>
		<LCS_MAX>[0.11680619418621063, 0.10426711291074753, 0.0914757028222084, 0.33975669741630554, 0.20780885219573975, 0.10839300602674484]</LCS_MAX>
		<WAVELENGTH>[0.485, 0.56, 0.66, 0.835, 1.65, 2.22]</WAVELENGTH>
		<MEAN_VALUE>[0.11016074385570017, 0.0939894743187695, 0.07264523069393278, 0.3104389320526805, 0.17097345336663483, 0.08075723109044589]</MEAN_VALUE>
		<CHECKBOX>2</CHECKBOX>
		<SD>[0.0025575850000579847, 0.003908194060210106, 0.00595314737659916, 0.012102085610041698, 0.009320265378349875, 0.011591617662801864]</SD>
		<WAVELENGTH_UNIT>E-6m</WAVELENGTH_UNIT>
		<COLOR>#2f32a2</COLOR>
		<COVARIANCE_MATRIX>[[6.574785857083043e-06, 6.741943252563942e-06, 1.0357312930864282e-05, -9.56593703449471e-06, 1.3778798347630072e-05, 1.850587250373792e-05], [6.741943252563942e-06, 1.5352308764704503e-05, 1.9963768863817677e-05, -1.3622171536553651e-05, 2.7802827389677987e-05, 3.499055310385302e-05], [1.0357312930864282e-05, 1.9963768863817677e-05, 3.562170604709536e-05, -3.273294714745134e-05, 4.2115625547012314e-05, 5.8764740970218554e-05], [-9.56593703449471e-06, -1.3622171536553651e-05, -3.273294714745134e-05, 0.0001472115545766428, -2.1619356630253606e-05, -6.55672192806378e-05], [1.3778798347630072e-05, 2.7802827389677987e-05, 4.2115625547012314e-05, -2.1619356630253606e-05, 8.73128228704445e-05, 9.187912655761465e-05], [1.850587250373792e-05, 3.499055310385302e-05, 5.8764740970218554e-05, -6.55672192806378e-05, 9.187912655761465e-05, 0.0001350546517642215]]</COVARIANCE_MATRIX>
		<ROI_SIZE>196</ROI_SIZE>
		<MAX_VALUE>[0.11680619418621063, 0.10426711291074753, 0.0914757028222084, 0.33975669741630554, 0.20780885219573975, 0.10839300602674484]</MAX_VALUE>
		<MIN_VALUE>[0.10346424579620361, 0.08414122462272644, 0.06095943972468376, 0.28491830825805664, 0.15118345618247986, 0.058740727603435516]</MIN_VALUE>
		<SIGNATURE_THRESHOLD_MD>0.0</SIGNATURE_THRESHOLD_MD>
		<SIGNATURE_THRESHOLD_ML>0.0</SIGNATURE_THRESHOLD_ML>
		<SIGNATURE_THRESHOLD_SAM>0.0</SIGNATURE_THRESHOLD_SAM>
	</signature>
	<signature ID="20210602_091756007474_962">
		<MACROCLASSID>2</MACROCLASSID>
		<MACROCLASSINFO>vegetation</MACROCLASSINFO>
		<CLASSID>10</CLASSID>
		<CLASSINFO>C 1</CLASSINFO>
		<VALUES>[0.11034072901456418, 0.0035568762085394644, 0.09480972616499608, 0.0058525336707384015, 0.074890133935954, 0.00815347222103222, 0.2846278359416787, 0.02087854961630965, 0.16043577272538379, 0.014091949853390488, 0.08243471604640902, 0.013697583738780739]</VALUES>
		<LCS_MIN>[0.10012874007225037, 0.07865233719348907, 0.05587339401245117, 0.24574805796146393, 0.11815197020769119, 0.03842843323945999]</LCS_MIN>
		<LCS_MAX>[0.12180941551923752, 0.11707451939582825, 0.10334314405918121, 0.32408857345581055, 0.19365249574184418, 0.10839300602674484]</LCS_MAX>
		<WAVELENGTH>[0.485, 0.56, 0.66, 0.835, 1.65, 2.22]</WAVELENGTH>
		<MEAN_VALUE>[0.11034072901456418, 0.09480972616499608, 0.074890133935954, 0.2846278359416787, 0.16043577272538379, 0.08243471604640902]</MEAN_VALUE>
		<CHECKBOX>2</CHECKBOX>
		<SD>[0.0035568762085394644, 0.0058525336707384015, 0.00815347222103222, 0.02087854961630965, 0.014091949853390488, 0.013697583738780739]</SD>
		<WAVELENGTH_UNIT>E-6m</WAVELENGTH_UNIT>
		<COLOR>#e89fab</COLOR>
		<COVARIANCE_MATRIX>[[1.2665180292970035e-05, 1.6519587006769143e-05, 2.308990224264562e-05, -2.129661652361392e-06, 2.255187246191781e-05, 2.5027447918546386e-05], [1.6519587006769143e-05, 3.42895436915569e-05, 3.900219962815754e-05, 2.1277144696796313e-05, 4.167802762822248e-05, 3.627243495429866e-05], [2.308990224264562e-05, 3.900219962815754e-05, 6.655168544966727e-05, -3.451757220318541e-05, 6.621213833568618e-05, 8.059733954723924e-05], [-2.129661652361392e-06, 2.1277144696796313e-05, -3.451757220318541e-05, 0.0004363897314760834, 4.9635917093837634e-05, -7.888928666943684e-05], [2.255187246191781e-05, 4.167802762822248e-05, 6.621213833568618e-05, 4.9635917093837634e-05, 0.0001987998402910307, 0.00015760885435156524], [2.5027447918546386e-05, 3.627243495429866e-05, 8.059733954723924e-05, -7.888928666943684e-05, 0.00015760885435156524, 0.00018782862753141671]]</COVARIANCE_MATRIX>
		<ROI_SIZE>917</ROI_SIZE>
		<MAX_VALUE>[0.12180941551923752, 0.11707451939582825, 0.10334314405918121, 0.32408857345581055, 0.19365249574184418, 0.10839300602674484]</MAX_VALUE>
		<MIN_VALUE>[0.10012874007225037, 0.07865233719348907, 0.05587339401245117, 0.24574805796146393, 0.11815197020769119, 0.03842843323945999]</MIN_VALUE>
		<SIGNATURE_THRESHOLD_MD>0.0</SIGNATURE_THRESHOLD_MD>
		<SIGNATURE_THRESHOLD_ML>0.0</SIGNATURE_THRESHOLD_ML>
		<SIGNATURE_THRESHOLD_SAM>0.0</SIGNATURE_THRESHOLD_SAM>
	</signature>
	<signature ID="20210602_091800119757_518">
		<MACROCLASSID>2</MACROCLASSID>
		<MACROCLASSINFO>vegetation</MACROCLASSINFO>
		<CLASSID>11</CLASSID>
		<CLASSINFO>C 1</CLASSINFO>
		<VALUES>[0.11007179548622853, 0.00314692535786497, 0.09599256925809549, 0.004521001682830942, 0.07092139953878562, 0.006686133247361164, 0.3243037316161146, 0.018999789815738855, 0.16949366337396737, 0.014295040860191144, 0.07784191658589205, 0.012291989384070095]</VALUES>
		<LCS_MIN>[0.10179649293422699, 0.08048196882009506, 0.05417804792523384, 0.2888353168964386, 0.12758953869342804, 0.04971304535865784]</LCS_MIN>
		<LCS_MAX>[0.12014167755842209, 0.1079263761639595, 0.09317104518413544, 0.3671758770942688, 0.20309005677700043, 0.11290685832500458]</LCS_MAX>
		<WAVELENGTH>[0.485, 0.56, 0.66, 0.835, 1.65, 2.22]</WAVELENGTH>
		<MEAN_VALUE>[0.11007179548622853, 0.09599256925809549, 0.07092139953878562, 0.3243037316161146, 0.16949366337396737, 0.07784191658589205]</MEAN_VALUE>
		<CHECKBOX>2</CHECKBOX>
		<SD>[0.00314692535786497, 0.004521001682830942, 0.006686133247361164, 0.018999789815738855, 0.014295040860191144, 0.012291989384070095]</SD>
		<WAVELENGTH_UNIT>E-6m</WAVELENGTH_UNIT>
		<COLOR>#3fbc40</COLOR>
		<COVARIANCE_MATRIX>[[9.917106581269763e-06, 1.0931018550763838e-05, 1.6233274436672218e-05, -4.378074152100453e-07, 2.229681376775261e-05, 2.3271362806553952e-05], [1.0931018550763838e-05, 2.046828558377456e-05, 2.4998642402351834e-05, 1.470112238166621e-05, 4.035004531033337e-05, 3.6348021239973605e-05], [1.6233274436672218e-05, 2.4998642402351834e-05, 4.476743197301403e-05, -1.7357357137370855e-05, 6.143243081169203e-05, 6.629739073105156e-05], [-4.378074152100453e-07, 1.470112238166621e-05, -1.7357357137370855e-05, 0.0003615011810325086, 8.480995165882632e-05, -1.957701715582516e-05], [2.229681376775261e-05, 4.035004531033337e-05, 6.143243081169203e-05, 8.480995165882632e-05, 0.00020463640976231545, 0.00014930751058273017], [2.3271362806553952e-05, 3.6348021239973605e-05, 6.629739073105156e-05, -1.957701715582516e-05, 0.00014930751058273017, 0.00015130611427593976]]</COVARIANCE_MATRIX>
		<ROI_SIZE>710</ROI_SIZE>
		<MAX_VALUE>[0.12014167755842209, 0.1079263761639595, 0.09317104518413544, 0.3671758770942688, 0.20309005677700043, 0.11290685832500458]</MAX_VALUE>
		<MIN_VALUE>[0.10179649293422699, 0.08048196882009506, 0.05417804792523384, 0.2888353168964386, 0.12758953869342804, 0.04971304535865784]</MIN_VALUE>
		<SIGNATURE_THRESHOLD_MD>0.0</SIGNATURE_THRESHOLD_MD>
		<SIGNATURE_THRESHOLD_ML>0.0</SIGNATURE_THRESHOLD_ML>
		<SIGNATURE_THRESHOLD_SAM>0.0</SIGNATURE_THRESHOLD_SAM>
	</signature>
	<signature ID="20210602_091803467581_686">
		<MACROCLASSID>2</MACROCLASSID>
		<MACROCLASSINFO>vegetation</MACROCLASSINFO>
		<CLASSID>12</CLASSID>
		<CLASSINFO>C 1</CLASSINFO>
		<VALUES>[0.10378648586561859, 0.0040041245591739575, 0.08336300230871331, 0.006018078131787491, 0.060712688260126296, 0.008987629181728829, 0.2703609227049755, 0.018169077000429534, 0.14433915407362946, 0.0167530119252707, 0.06501876723156828, 0.013554740558595424]</VALUES>
		<LCS_MIN>[0.09512551128864288, 0.0731634646654129, 0.04570130258798599, 0.24183101952075958, 0.10163626074790955, 0.03391459211707115]</LCS_MIN>
		<LCS_MAX>[0.11847393214702606, 0.1097560003399849, 0.09656175225973129, 0.3201715648174286, 0.17477737367153168, 0.09936532378196716]</LCS_MAX>
		<WAVELENGTH>[0.485, 0.56, 0.66, 0.835, 1.65, 2.22]</WAVELENGTH>
		<MEAN_VALUE>[0.10378648586561859, 0.08336300230871331, 0.060712688260126296, 0.2703609227049755, 0.14433915407362946, 0.06501876723156828]</MEAN_VALUE>
		<CHECKBOX>2</CHECKBOX>
		<SD>[0.0040041245591739575, 0.006018078131787491, 0.008987629181728829, 0.018169077000429534, 0.0167530119252707, 0.013554740558595424]</SD>
		<WAVELENGTH_UNIT>E-6m</WAVELENGTH_UNIT>
		<COLOR>#ac2064</COLOR>
		<COVARIANCE_MATRIX>[[1.6053156286943704e-05, 2.0081051843590103e-05, 3.076907523791306e-05, -1.6804764527478255e-05, 3.6653240385930985e-05, 3.777504389290698e-05], [2.0081051843590103e-05, 3.626276520662941e-05, 4.98270928801503e-05, -1.2774647075275425e-05, 6.862206646474078e-05, 6.224070966709405e-05], [3.076907523791306e-05, 4.98270928801503e-05, 8.087895548669621e-05, -4.302374873077497e-05, 0.00010057006875285879, 9.942371252691373e-05], [-1.6804764527478255e-05, -1.2774647075275425e-05, -4.302374873077497e-05, 0.00033053007791750133, 8.857028296915814e-05, -1.6388765288866125e-05], [3.6653240385930985e-05, 6.862206646474078e-05, 0.00010057006875285879, 8.857028296915814e-05, 0.0002810159930959344, 0.00019930637790821493], [3.777504389290698e-05, 6.224070966709405e-05, 9.942371252691373e-05, -1.6388765288866125e-05, 0.00019930637790821493, 0.0001839618053054437]]</COVARIANCE_MATRIX>
		<ROI_SIZE>797</ROI_SIZE>
		<MAX_VALUE>[0.11847393214702606, 0.1097560003399849, 0.09656175225973129, 0.3201715648174286, 0.17477737367153168, 0.09936532378196716]</MAX_VALUE>
		<MIN_VALUE>[0.09512551128864288, 0.0731634646654129, 0.04570130258798599, 0.24183101952075958, 0.10163626074790955, 0.03391459211707115]</MIN_VALUE>
		<SIGNATURE_THRESHOLD_MD>0.0</SIGNATURE_THRESHOLD_MD>
		<SIGNATURE_THRESHOLD_ML>0.0</SIGNATURE_THRESHOLD_ML>
		<SIGNATURE_THRESHOLD_SAM>0.0</SIGNATURE_THRESHOLD_SAM>
	</signature>
	<signature ID="20210602_091812180189_487">
		<MACROCLASSID>2</MACROCLASSID>
		<MACROCLASSINFO>vegetation</MACROCLASSINFO>
		<CLASSID>13</CLASSID>
		<CLASSINFO>C 1</CLASSINFO>
		<VALUES>[0.10757946772552332, 0.002503334620368513, 0.09198790090415854, 0.003465650782905468, 0.06658640238893791, 0.004906185946563674, 0.31070359082100124, 0.01663003052187794, 0.18083227175745822, 0.016740421485825017, 0.0850756399703948, 0.01264455100083436]</VALUES>
		<LCS_MIN>[0.09846099466085434, 0.08231160044670105, 0.05078734830021858, 0.28491830825805664, 0.13230833411216736, 0.047456126660108566]</LCS_MIN>
		<LCS_MAX>[0.11680619418621063, 0.10243748873472214, 0.08299896121025085, 0.36325880885124207, 0.20780885219573975, 0.11290685832500458]</LCS_MAX>
		<WAVELENGTH>[0.485, 0.56, 0.66, 0.835, 1.65, 2.22]</WAVELENGTH>
		<MEAN_VALUE>[0.10757946772552332, 0.09198790090415854, 0.06658640238893791, 0.31070359082100124, 0.18083227175745822, 0.0850756399703948]</MEAN_VALUE>
		<CHECKBOX>2</CHECKBOX>
		<SD>[0.002503334620368513, 0.003465650782905468, 0.004906185946563674, 0.01663003052187794, 0.016740421485825017, 0.01264455100083436]</SD>
		<WAVELENGTH_UNIT>E-6m</WAVELENGTH_UNIT>
		<COLOR>#a3389d</COLOR>
		<COVARIANCE_MATRIX>[[6.271015081438236e-06, 5.184484507481102e-06, 7.241438652272336e-06, -6.553393177455291e-06, 1.3641806617670227e-05, 1.5200040252238978e-05], [5.184484507481102e-06, 1.201903614855837e-05, 1.1321940291963983e-05, -2.553862486820435e-06, 2.975905044877436e-05, 2.685504477994982e-05], [7.241438652272336e-06, 1.1321940291963983e-05, 2.4087295969366096e-05, -3.612833097577095e-05, 3.0193059501470998e-05, 3.831067442661151e-05], [-6.553393177455291e-06, -2.553862486820435e-06, -3.612833097577095e-05, 0.0002767490514088422, 4.05824430345092e-05, -3.2180018024519086e-05], [1.3641806617670227e-05, 2.975905044877436e-05, 3.0193059501470998e-05, 4.05824430345092e-05, 0.00028043537167832255, 0.00018776769866235554], [1.5200040252238978e-05, 2.685504477994982e-05, 3.831067442661151e-05, -3.2180018024519086e-05, 0.00018776769866235554, 0.0001599951647222042]]</COVARIANCE_MATRIX>
		<ROI_SIZE>1448</ROI_SIZE>
		<MAX_VALUE>[0.11680619418621063, 0.10243748873472214, 0.08299896121025085, 0.36325880885124207, 0.20780885219573975, 0.11290685832500458]</MAX_VALUE>
		<MIN_VALUE>[0.09846099466085434, 0.08231160044670105, 0.05078734830021858, 0.28491830825805664, 0.13230833411216736, 0.047456126660108566]</MIN_VALUE>
		<SIGNATURE_THRESHOLD_MD>0.0</SIGNATURE_THRESHOLD_MD>
		<SIGNATURE_THRESHOLD_ML>0.0</SIGNATURE_THRESHOLD_ML>
		<SIGNATURE_THRESHOLD_SAM>0.0</SIGNATURE_THRESHOLD_SAM>
	</signature>
	<signature ID="20210602_091825740088_989">
		<MACROCLASSID>2</MACROCLASSID>
		<MACROCLASSINFO>vegetation</MACROCLASSINFO>
		<CLASSID>14</CLASSID>
		<CLASSINFO>C 1</CLASSINFO>
		<VALUES>[0.12075737472251877, 0.0034177067803221775, 0.10220625344457356, 0.005214826899517577, 0.08016931012008525, 0.007975237500112694, 0.30282067723919154, 0.01948283042455094, 0.164392912277163, 0.011483536273550988, 0.07564637432506782, 0.011648414487565237]</VALUES>
		<LCS_MIN>[0.11180295795202255, 0.0914597436785698, 0.06604548543691635, 0.2653331756591797, 0.12758953869342804, 0.04971304535865784]</LCS_MIN>
		<LCS_MAX>[0.1334836333990097, 0.12073377519845963, 0.11012452095746994, 0.3436737060546875, 0.20073066651821136, 0.11290685832500458]</LCS_MAX>
		<WAVELENGTH>[0.485, 0.56, 0.66, 0.835, 1.65, 2.22]</WAVELENGTH>
		<MEAN_VALUE>[0.12075737472251877, 0.10220625344457356, 0.08016931012008525, 0.30282067723919154, 0.164392912277163, 0.07564637432506782]</MEAN_VALUE>
		<CHECKBOX>2</CHECKBOX>
		<SD>[0.0034177067803221775, 0.005214826899517577, 0.007975237500112694, 0.01948283042455094, 0.011483536273550988, 0.011648414487565237]</SD>
		<WAVELENGTH_UNIT>E-6m</WAVELENGTH_UNIT>
		<COLOR>#d723bb</COLOR>
		<COVARIANCE_MATRIX>[[1.16871979116695e-05, 1.3510514691006392e-05, 2.0507875888142735e-05, -2.8506798116723076e-05, 1.0336450941395015e-05, 2.3148046238929965e-05], [1.3510514691006392e-05, 2.7209502150071785e-05, 3.546995503711514e-05, -4.339748193160631e-05, 2.4127884898916818e-05, 4.468019324121997e-05], [2.0507875888142735e-05, 3.546995503711514e-05, 6.363968714140356e-05, -0.00010128494614036754, 2.539446904847864e-05, 7.150669262045994e-05], [-2.8506798116723076e-05, -4.339748193160631e-05, -0.00010128494614036754, 0.0003797912213485688, 4.918179183732718e-05, -9.579725883668289e-05], [1.0336450941395015e-05, 2.4127884898916818e-05, 2.539446904847864e-05, 4.918179183732718e-05, 0.00013194474740885198, 9.165598748950288e-05], [2.3148046238929965e-05, 4.468019324121997e-05, 7.150669262045994e-05, -9.579725883668289e-05, 9.165598748950288e-05, 0.00013576081255450845]]</COVARIANCE_MATRIX>
		<ROI_SIZE>1804</ROI_SIZE>
		<MAX_VALUE>[0.1334836333990097, 0.12073377519845963, 0.11012452095746994, 0.3436737060546875, 0.20073066651821136, 0.11290685832500458]</MAX_VALUE>
		<MIN_VALUE>[0.11180295795202255, 0.0914597436785698, 0.06604548543691635, 0.2653331756591797, 0.12758953869342804, 0.04971304535865784]</MIN_VALUE>
		<SIGNATURE_THRESHOLD_MD>0.0</SIGNATURE_THRESHOLD_MD>
		<SIGNATURE_THRESHOLD_ML>0.0</SIGNATURE_THRESHOLD_ML>
		<SIGNATURE_THRESHOLD_SAM>0.0</SIGNATURE_THRESHOLD_SAM>
	</signature>
	<signature ID="20210602_091834971956_280">
		<MACROCLASSID>2</MACROCLASSID>
		<MACROCLASSINFO>vegetation</MACROCLASSINFO>
		<CLASSID>15</CLASSID>
		<CLASSINFO>C 1</CLASSINFO>
		<VALUES>[0.11807447480048963, 0.002799067220440057, 0.10388366141897472, 0.0031837269151473472, 0.08053207901602018, 0.005941924025904217, 0.3037763212969202, 0.012742271830621366, 0.1849919793134678, 0.010238684236836526, 0.09120256186066987, 0.009973904729210075]</VALUES>
		<LCS_MIN>[0.11180295795202255, 0.09511898458003998, 0.06943618506193161, 0.28491830825805664, 0.15590225160121918, 0.06776841729879379]</LCS_MIN>
		<LCS_MAX>[0.12514491379261017, 0.11707451939582825, 0.09995243698358536, 0.33975669741630554, 0.20780885219573975, 0.11516378074884415]</LCS_MAX>
		<WAVELENGTH>[0.485, 0.56, 0.66, 0.835, 1.65, 2.22]</WAVELENGTH>
		<MEAN_VALUE>[0.11807447480048963, 0.10388366141897472, 0.08053207901602018, 0.3037763212969202, 0.1849919793134678, 0.09120256186066987]</MEAN_VALUE>
		<CHECKBOX>2</CHECKBOX>
		<SD>[0.002799067220440057, 0.0031837269151473472, 0.005941924025904217, 0.012742271830621366, 0.010238684236836526, 0.009973904729210075]</SD>
		<WAVELENGTH_UNIT>E-6m</WAVELENGTH_UNIT>
		<COLOR>#2d147f</COLOR>
		<COVARIANCE_MATRIX>[[7.881974852352869e-06, 5.65449545320007e-06, 1.2242936463735532e-05, -2.0047396901645698e-05, 5.9538115237955935e-06, 1.3272047908685636e-05], [5.65449545320007e-06, 1.0197178198723122e-05, 1.5118215742404573e-05, -2.4457316612824798e-05, 9.609501830709632e-06, 1.854250513133593e-05], [1.2242936463735532e-05, 1.5118215742404573e-05, 3.551915142452344e-05, -5.3850177209824324e-05, 2.1060901417513378e-05, 3.955636566388421e-05], [-2.0047396901645698e-05, -2.4457316612824798e-05, -5.3850177209824324e-05, 0.00016334358952008188, 2.4613120785943465e-06, -4.5806169509887695e-05], [5.9538115237955935e-06, 9.609501830709632e-06, 2.1060901417513378e-05, 2.4613120785943465e-06, 0.00010546216799411923, 8.372130105271935e-05], [1.3272047908685636e-05, 1.854250513133593e-05, 3.955636566388421e-05, -4.5806169509887695e-05, 8.372130105271935e-05, 0.00010007804667111486]]</COVARIANCE_MATRIX>
		<ROI_SIZE>167</ROI_SIZE>
		<MAX_VALUE>[0.12514491379261017, 0.11707451939582825, 0.09995243698358536, 0.33975669741630554, 0.20780885219573975, 0.11516378074884415]</MAX_VALUE>
		<MIN_VALUE>[0.11180295795202255, 0.09511898458003998, 0.06943618506193161, 0.28491830825805664, 0.15590225160121918, 0.06776841729879379]</MIN_VALUE>
		<SIGNATURE_THRESHOLD_MD>0.0</SIGNATURE_THRESHOLD_MD>
		<SIGNATURE_THRESHOLD_ML>0.0</SIGNATURE_THRESHOLD_ML>
		<SIGNATURE_THRESHOLD_SAM>0.0</SIGNATURE_THRESHOLD_SAM>
	</signature>
	<signature ID="20210602_091846579342_409">
		<MACROCLASSID>2</MACROCLASSID>
		<MACROCLASSINFO>vegetation</MACROCLASSINFO>
		<CLASSID>16</CLASSID>
		<CLASSINFO>C 1</CLASSINFO>
		<VALUES>[0.10720228660723258, 0.0025027744048547558, 0.09101810177852371, 0.003803268031602042, 0.0684423554560234, 0.006444434539408974, 0.26870991597915517, 0.014317403540813643, 0.1528919873566463, 0.01155688886651783, 0.0745391808450222, 0.010367957879424726]</VALUES>
		<LCS_MIN>[0.10179649293422699, 0.08597085624933243, 0.05587339401245117, 0.24574805796146393, 0.1299489438533783, 0.056483808904886246]</LCS_MIN>
