<?xml version="1.0" ?>
<signaturelist MCID_LIST="[['1', 'Waterbody', '#000000'], ['2', 'Vegetation', '#000000'], ['3', 'Bareland', '#000000'], ['4', 'Built-up', '#000000']]">
	<signature ID="20211208_154331670356_153">
		<MACROCLASSID>1</MACROCLASSID>
		<MACROCLASSINFO>Waterbody</MACROCLASSINFO>
		<CLASSID>1</CLASSID>
		<CLASSINFO>C 1</CLASSINFO>
		<VALUES>[0.13548705471555383, 0.006348836135154779, 0.13317611014842978, 0.007522392698727483, 0.13568646968404446, 0.009811315416390895, 0.1508139448761939, 0.012610084350667999, 0.12500660126407934, 0.014552183514278436, 0.10685864521066346, 0.014392614774524816]</VALUES>
		<LCS_MIN>[0.10823293030261993, 0.10265377163887024, 0.10100249946117401, 0.12778803706169128, 0.09376832097768784, 0.0841914489865303]</LCS_MIN>
		<LCS_MAX>[0.1495456099510193, 0.15256312489509583, 0.156296968460083, 0.1815510094165802, 0.15310654044151306, 0.14100146293640137]</LCS_MAX>
		<WAVELENGTH>[0.485, 0.56, 0.66, 0.83, 1.65, 2.215]</WAVELENGTH>
		<MEAN_VALUE>[0.13548705471555383, 0.13317611014842978, 0.13568646968404446, 0.1508139448761939, 0.12500660126407934, 0.10685864521066346]</MEAN_VALUE>
		<CHECKBOX>2</CHECKBOX>
		<SD>[0.006348836135154779, 0.007522392698727483, 0.009811315416390895, 0.012610084350667999, 0.014552183514278436, 0.014392614774524816]</SD>
		<WAVELENGTH_UNIT>E-6m</WAVELENGTH_UNIT>
		<COLOR>#e2e32a</COLOR>
		<COVARIANCE_MATRIX>[[4.036153404740617e-05, 3.941982504329644e-05, 4.8496818635612726e-05, 3.6748824641108513e-06, 2.85041951428866e-05, 4.1882281948346645e-05], [3.941982504329644e-05, 5.666194192599505e-05, 6.876712723169476e-05, 3.7198409700067714e-05, 6.164363003335893e-05, 7.506489782826975e-05], [4.8496818635612726e-05, 6.876712723169476e-05, 9.639043128117919e-05, 6.0604252212215215e-05, 9.51022157096304e-05, 0.00010986275447066873], [3.6748824641108513e-06, 3.7198409700067714e-05, 6.0604252212215215e-05, 0.00015922653255984187, 0.00014182261656969786, 0.00011825908586615697], [2.85041951428866e-05, 6.164363003335893e-05, 9.51022157096304e-05, 0.00014182261656969786, 0.0002120487770298496, 0.00018937079585157335], [4.1882281948346645e-05, 7.506489782826975e-05, 0.00010986275447066873, 0.00011825908586615697, 0.00018937079585157335, 0.00020742393098771572]]</COVARIANCE_MATRIX>
		<ROI_SIZE>750</ROI_SIZE>
		<MAX_VALUE>[0.1495456099510193, 0.15256312489509583, 0.156296968460083, 0.1815510094165802, 0.15310654044151306, 0.14100146293640137]</MAX_VALUE>
		<MIN_VALUE>[0.10823293030261993, 0.10265377163887024, 0.10100249946117401, 0.12778803706169128, 0.09376832097768784, 0.0841914489865303]</MIN_VALUE>
		<SIGNATURE_THRESHOLD_MD>0.0</SIGNATURE_THRESHOLD_MD>
		<SIGNATURE_THRESHOLD_ML>0.0</SIGNATURE_THRESHOLD_ML>
		<SIGNATURE_THRESHOLD_SAM>0.0</SIGNATURE_THRESHOLD_SAM>
	</signature>
	<signature ID="20211208_154345454526_371">
		<MACROCLASSID>1</MACROCLASSID>
		<MACROCLASSINFO>Waterbody</MACROCLASSINFO>
		<CLASSID>2</CLASSID>
		<CLASSINFO>C 1</CLASSINFO>
		<VALUES>[0.12516432505151376, 0.00418900128756935, 0.12307453371049468, 0.004556073024123118, 0.1271793117415273, 0.005968566644801023, 0.14496708761330804, 0.01077065772360981, 0.11739658469743218, 0.013440941464698777, 0.09830158465889818, 0.01176681576118942]</VALUES>
		<LCS_MIN>[0.10364262014627457, 0.09599918872117996, 0.09793058782815933, 0.12394781410694122, 0.09376832097768784, 0.07709019631147385]</LCS_MIN>
		<LCS_MAX>[0.13577471673488617, 0.13592667877674103, 0.1440093070268631, 0.1700303554534912, 0.15310654044151306, 0.1339002102613449]</LCS_MAX>
		<WAVELENGTH>[0.485, 0.56, 0.66, 0.83, 1.65, 2.215]</WAVELENGTH>
		<MEAN_VALUE>[0.12516432505151376, 0.12307453371049468, 0.1271793117415273, 0.14496708761330804, 0.11739658469743218, 0.09830158465889818]</MEAN_VALUE>
		<CHECKBOX>2</CHECKBOX>
		<SD>[0.00418900128756935, 0.004556073024123118, 0.005968566644801023, 0.01077065772360981, 0.013440941464698777, 0.01176681576118942]</SD>
		<WAVELENGTH_UNIT>E-6m</WAVELENGTH_UNIT>
		<COLOR>#7c8a06</COLOR>
		<COVARIANCE_MATRIX>[[1.7566009773872793e-05, 1.3864434549759608e-05, 1.1521484339027666e-05, -1.1065223588957451e-05, -1.3414356544672046e-05, -5.265061645332025e-06], [1.3864434549759608e-05, 2.0779423721251078e-05, 2.0359102563816123e-05, 8.698063538759016e-06, 1.1392950909794308e-05, 1.6397223589592613e-05], [1.1521484339027666e-05, 2.0359102563816123e-05, 3.566089435480535e-05, 3.2844211091287434e-05, 4.427371095516719e-05, 4.5583481551148e-05], [-1.1065223588957451e-05, 8.698063538759016e-06, 3.2844211091287434e-05, 0.00011612790694925934, 0.00012323944247327745, 0.00010000304610002786], [-1.3414356544672046e-05, 1.1392950909794308e-05, 4.427371095516719e-05, 0.00012323944247327745, 0.00018084709881804883, 0.0001469686540076509], [-5.265061645332025e-06, 1.6397223589592613e-05, 4.5583481551148e-05, 0.00010000304610002786, 0.0001469686540076509, 0.00013860217586625367]]</COVARIANCE_MATRIX>
		<ROI_SIZE>961</ROI_SIZE>
		<MAX_VALUE>[0.13577471673488617, 0.13592667877674103, 0.1440093070268631, 0.1700303554534912, 0.15310654044151306, 0.1339002102613449]</MAX_VALUE>
		<MIN_VALUE>[0.10364262014627457, 0.09599918872117996, 0.09793058782815933, 0.12394781410694122, 0.09376832097768784, 0.07709019631147385]</MIN_VALUE>
		<SIGNATURE_THRESHOLD_MD>0.0</SIGNATURE_THRESHOLD_MD>
		<SIGNATURE_THRESHOLD_ML>0.0</SIGNATURE_THRESHOLD_ML>
		<SIGNATURE_THRESHOLD_SAM>0.0</SIGNATURE_THRESHOLD_SAM>
	</signature>
	<signature ID="20211208_154531920197_378">
		<MACROCLASSID>1</MACROCLASSID>
		<MACROCLASSINFO>Waterbody</MACROCLASSINFO>
		<CLASSID>3</CLASSID>
		<CLASSINFO>C 1</CLASSINFO>
		<VALUES>[0.10031279602761373, 0.0021083214045495243, 0.10020957356339091, 0.0032723807862398337, 0.08196954993210984, 0.0035427709540853613, 0.03990175836787787, 0.005186641671495976, 0.010875713403665627, 0.0062594586759249764, 0.007834062744165012, 0.00480737561221874]</VALUES>
		<LCS_MIN>[0.08987172693014145, 0.07936273515224457, 0.06413953006267548, 0.03178273141384125, 0.002288560848683119, 0.0]</LCS_MIN>
		<LCS_MAX>[0.10976302623748779, 0.10930834710597992, 0.09485866874456406, 0.06250443309545517, 0.0393749475479126, 0.03093205764889717]</LCS_MAX>
		<WAVELENGTH>[0.485, 0.56, 0.66, 0.83, 1.65, 2.215]</WAVELENGTH>
		<MEAN_VALUE>[0.10031279602761373, 0.10020957356339091, 0.08196954993210984, 0.03990175836787787, 0.010875713403665627, 0.007834062744165012]</MEAN_VALUE>
		<CHECKBOX>2</CHECKBOX>
		<SD>[0.0021083214045495243, 0.0032723807862398337, 0.0035427709540853613, 0.005186641671495976, 0.0062594586759249764, 0.00480737561221874]</SD>
		<WAVELENGTH_UNIT>E-6m</WAVELENGTH_UNIT>
		<COLOR>#8e7850</COLOR>
		<COVARIANCE_MATRIX>[[3.997355634055566e-06, 2.364077545280452e-06, 3.125466719211545e-06, 5.517014045608448e-08, -1.4500551515084226e-06, -1.1548845577635802e-06], [2.364077545280452e-06, 9.463418791710865e-06, 4.675243872043211e-06, -3.2382320114265895e-06, -7.258364803419681e-06, -5.379105004976736e-06], [3.125466719211545e-06, 4.675243872043211e-06, 1.132627312472323e-05, 3.3255748803640017e-06, 5.420313442527913e-08, -1.654486254665244e-07], [5.517014045608448e-08, -3.2382320114265895e-06, 3.3255748803640017e-06, 2.2565283870790154e-05, 2.2101905415183865e-05, 1.5154994798649568e-05], [-1.4500551515084226e-06, -7.258364803419681e-06, 5.420313442527913e-08, 2.2101905415183865e-05, 3.507143628667109e-05, 2.1619360268232413e-05], [-1.1548845577635802e-06, -5.379105004976736e-06, -1.654486254665244e-07, 1.5154994798649568e-05, 2.1619360268232413e-05, 2.2138608983368613e-05]]</COVARIANCE_MATRIX>
		<ROI_SIZE>5676</ROI_SIZE>
		<MAX_VALUE>[0.10976302623748779, 0.10930834710597992, 0.09485866874456406, 0.06250443309545517, 0.0393749475479126, 0.03093205764889717]</MAX_VALUE>
		<MIN_VALUE>[0.08987172693014145, 0.07936273515224457, 0.06413953006267548, 0.03178273141384125, 0.002288560848683119, 0.0]</MIN_VALUE>
		<SIGNATURE_THRESHOLD_MD>0.0</SIGNATURE_THRESHOLD_MD>
		<SIGNATURE_THRESHOLD_ML>0.0</SIGNATURE_THRESHOLD_ML>
		<SIGNATURE_THRESHOLD_SAM>0.0</SIGNATURE_THRESHOLD_SAM>
	</signature>
	<signature ID="20211208_154536776122_804">
		<MACROCLASSID>1</MACROCLASSID>
		<MACROCLASSINFO>Waterbody</MACROCLASSINFO>
		<CLASSID>4</CLASSID>
		<CLASSINFO>C 1</CLASSINFO>
		<VALUES>[0.1044990709628416, 0.001856470943475697, 0.10968745384464225, 0.002467745208903685, 0.10665359878830145, 0.0026949402039786233, 0.06385955158456239, 0.004491137346208682, 0.011002220880483339, 0.00425024356323252, 0.00745590581389688, 0.0032418424868501635]</VALUES>
		<LCS_MIN>[0.09752222895622253, 0.09599918872117996, 0.0887148529291153, 0.050983790308237076, 0.0047609866596758366, 0.0]</LCS_MIN>
		<LCS_MAX>[0.10976302623748779, 0.1159629300236702, 0.11329015344381332, 0.08938591927289963, 0.0369025282561779, 0.020280180498957634]</LCS_MAX>
		<WAVELENGTH>[0.485, 0.56, 0.66, 0.83, 1.65, 2.215]</WAVELENGTH>
		<MEAN_VALUE>[0.1044990709628416, 0.10968745384464225, 0.10665359878830145, 0.06385955158456239, 0.011002220880483339, 0.00745590581389688]</MEAN_VALUE>
		<CHECKBOX>2</CHECKBOX>
		<SD>[0.001856470943475697, 0.002467745208903685, 0.0026949402039786233, 0.004491137346208682, 0.00425024356323252, 0.0032418424868501635]</SD>
		<WAVELENGTH_UNIT>E-6m</WAVELENGTH_UNIT>
		<COLOR>#6fd49c</COLOR>
		<COVARIANCE_MATRIX>[[3.4503011647757376e-06, 1.2761399830196751e-06, 1.4895416597937583e-06, -7.259005769810756e-07, -1.1073268524341984e-06, -6.62328488942876e-07], [1.2761399830196751e-06, 6.096510333009064e-06, 2.7564403808355564e-06, -1.9434562545939116e-06, -2.295822241649148e-06, -1.0144514135390637e-06], [1.4895416597937583e-06, 2.7564403808355564e-06, 7.270745754794916e-06, -2.3493396383855725e-06, -2.834245833582827e-06, -1.0785549875436118e-06], [-7.259005769810756e-07, -1.9434562545939116e-06, -2.3493396383855725e-06, 2.0192652300465852e-05, 1.1258315680606756e-05, 4.953355528414249e-06], [-1.1073268524341984e-06, -2.295822241649148e-06, -2.834245833582827e-06, 1.1258315680606756e-05, 1.808457454899326e-05, 6.687111635983456e-06], [-6.62328488942876e-07, -1.0144514135390637e-06, -1.0785549875436118e-06, 4.953355528414249e-06, 6.687111635983456e-06, 1.052118113875622e-05]]</COVARIANCE_MATRIX>
		<ROI_SIZE>904</ROI_SIZE>
		<MAX_VALUE>[0.10976302623748779, 0.1159629300236702, 0.11329015344381332, 0.08938591927289963, 0.0369025282561779, 0.020280180498957634]</MAX_VALUE>
		<MIN_VALUE>[0.09752222895622253, 0.09599918872117996, 0.0887148529291153, 0.050983790308237076, 0.0047609866596758366, 0.0]</MIN_VALUE>
		<SIGNATURE_THRESHOLD_MD>0.0</SIGNATURE_THRESHOLD_MD>
		<SIGNATURE_THRESHOLD_ML>0.0</SIGNATURE_THRESHOLD_ML>
		<SIGNATURE_THRESHOLD_SAM>0.0</SIGNATURE_THRESHOLD_SAM>
	</signature>
	<signature ID="20211208_154553875932_400">
		<MACROCLASSID>1</MACROCLASSID>
		<MACROCLASSINFO>Waterbody</MACROCLASSINFO>
		<CLASSID>5</CLASSID>
		<CLASSINFO>C 1</CLASSINFO>
		<VALUES>[0.08486380648305766, 0.0018431677654125315, 0.06504668620637212, 0.0024125965733735703, 0.056489125675274934, 0.002664000909052332, 0.06568336326807825, 0.007589565076286358, 0.04642537040639577, 0.006637527241163714, 0.03746210637166714, 0.005326618712745112]</VALUES>
		<LCS_MIN>[0.0699804425239563, 0.05607170984148979, 0.04570803418755531, 0.04714357480406761, 0.027012819424271584, 0.023830806836485863]</LCS_MIN>
		<LCS_MAX>[0.08987172693014145, 0.07270815968513489, 0.06721143424510956, 0.0817054882645607, 0.06657164543867111, 0.0593370646238327]</LCS_MAX>
		<WAVELENGTH>[0.485, 0.56, 0.66, 0.83, 1.65, 2.215]</WAVELENGTH>
		<MEAN_VALUE>[0.08486380648305766, 0.06504668620637212, 0.056489125675274934, 0.06568336326807825, 0.04642537040639577, 0.03746210637166714]</MEAN_VALUE>
		<CHECKBOX>2</CHECKBOX>
		<SD>[0.0018431677654125315, 0.0024125965733735703, 0.002664000909052332, 0.007589565076286358, 0.006637527241163714, 0.005326618712745112]</SD>
		<WAVELENGTH_UNIT>E-6m</WAVELENGTH_UNIT>
		<COLOR>#aa7275</COLOR>
		<COVARIANCE_MATRIX>[[3.398594571990543e-06, 1.4765555533813313e-06, 1.8621160506882006e-06, 2.9944903872092254e-06, 9.417473734174564e-07, 5.656663120134908e-07], [1.4765555533813313e-06, 5.822896127938293e-06, 2.9502173219952965e-06, 7.160124368965626e-06, 4.280359917174792e-06, 2.8119186481490033e-06], [1.8621160506882006e-06, 2.9502173219952965e-06, 7.0996729846228845e-06, 5.039995357947191e-06, 1.8116506907972507e-06, 1.610269919183338e-06], [2.9944903872092254e-06, 7.160124368965626e-06, 5.039995357947191e-06, 5.762399814557284e-05, 3.5299166484037414e-05, 2.1209354599704966e-05], [9.417473734174564e-07, 4.280359917174792e-06, 1.8116506907972507e-06, 3.5299166484037414e-05, 4.407397864270024e-05, 2.6949350285576656e-05], [5.656663120134908e-07, 2.8119186481490033e-06, 1.610269919183338e-06, 2.1209354599704966e-05, 2.6949350285576656e-05, 2.8383950848365203e-05]]</COVARIANCE_MATRIX>
		<ROI_SIZE>2561</ROI_SIZE>
		<MAX_VALUE>[0.08987172693014145, 0.07270815968513489, 0.06721143424510956, 0.0817054882645607, 0.06657164543867111, 0.0593370646238327]</MAX_VALUE>
		<MIN_VALUE>[0.0699804425239563, 0.05607170984148979, 0.04570803418755531, 0.04714357480406761, 0.027012819424271584, 0.023830806836485863]</MIN_VALUE>
		<SIGNATURE_THRESHOLD_MD>0.0</SIGNATURE_THRESHOLD_MD>
		<SIGNATURE_THRESHOLD_ML>0.0</SIGNATURE_THRESHOLD_ML>
		<SIGNATURE_THRESHOLD_SAM>0.0</SIGNATURE_THRESHOLD_SAM>
	</signature>
	<signature ID="20211208_154646084970_960">
		<MACROCLASSID>1</MACROCLASSID>
		<MACROCLASSINFO>Waterbody</MACROCLASSINFO>
		<CLASSID>6</CLASSID>
		<CLASSINFO>C 1</CLASSINFO>
		<VALUES>[0.12307664966103678, 0.0027461033464076415, 0.12674793549652755, 0.003475640473608978, 0.1369297820432433, 0.005211836685053045, 0.17051591021918702, 0.010173659897932532, 0.15241029173478313, 0.009207580122762854, 0.12424822541317715, 0.007426431285145613]</VALUES>
		<LCS_MIN>[0.11435331404209137, 0.1159629300236702, 0.12250589579343796, 0.15082930028438568, 0.13332712650299072, 0.1090458333492279]</LCS_MIN>
		<LCS_MAX>[0.12965431809425354, 0.13592667877674103, 0.15015314519405365, 0.18923144042491913, 0.175358384847641, 0.1445521116256714]</LCS_MAX>
		<WAVELENGTH>[0.485, 0.56, 0.66, 0.83, 1.65, 2.215]</WAVELENGTH>
		<MEAN_VALUE>[0.12307664966103678, 0.12674793549652755, 0.1369297820432433, 0.17051591021918702, 0.15241029173478313, 0.12424822541317715]</MEAN_VALUE>
		<CHECKBOX>2</CHECKBOX>
		<SD>[0.0027461033464076415, 0.003475640473608978, 0.005211836685053045, 0.010173659897932532, 0.009207580122762854, 0.007426431285145613]</SD>
		<WAVELENGTH_UNIT>E-6m</WAVELENGTH_UNIT>
		<COLOR>#517874</COLOR>
		<COVARIANCE_MATRIX>[[7.584673767269123e-06, 6.578725788131123e-06, 8.807300218904857e-06, -1.0271802239003591e-05, -2.004009274969576e-06, 7.36863648853614e-06], [6.578725788131123e-06, 1.2149903341196477e-05, 1.3103920537105296e-05, -2.9034065391897457e-06, 6.69660903440672e-06, 1.4830435247858986e-05], [8.807300218904857e-06, 1.3103920537105296e-05, 2.732025495788548e-05, 2.911759111157153e-06, 1.9759248971240595e-05, 2.7547033823793754e-05], [-1.0271802239003591e-05, -2.9034065391897457e-06, 2.911759111157153e-06, 0.00010410164395580068, 6.581460911547765e-05, 1.945213443832472e-05], [-2.004009274969576e-06, 6.69660903440672e-06, 1.9759248971240595e-05, 6.581460911547765e-05, 8.526958845322952e-05, 4.773964610649273e-05], [7.36863648853614e-06, 1.4830435247858986e-05, 2.7547033823793754e-05, 1.945213443832472e-05, 4.773964610649273e-05, 5.5470678489655256e-05]]</COVARIANCE_MATRIX>
		<ROI_SIZE>174</ROI_SIZE>
		<MAX_VALUE>[0.12965431809425354, 0.13592667877674103, 0.15015314519405365, 0.18923144042491913, 0.175358384847641, 0.1445521116256714]</MAX_VALUE>
		<MIN_VALUE>[0.11435331404209137, 0.1159629300236702, 0.12250589579343796, 0.15082930028438568, 0.13332712650299072, 0.1090458333492279]</MIN_VALUE>
		<SIGNATURE_THRESHOLD_MD>0.0</SIGNATURE_THRESHOLD_MD>
		<SIGNATURE_THRESHOLD_ML>0.0</SIGNATURE_THRESHOLD_ML>
		<SIGNATURE_THRESHOLD_SAM>0.0</SIGNATURE_THRESHOLD_SAM>
	</signature>
	<signature ID="20211208_154709253315_624">
		<MACROCLASSID>1</MACROCLASSID>
		<MACROCLASSINFO>Waterbody</MACROCLASSINFO>
		<CLASSID>7</CLASSID>
		<CLASSINFO>C 1</CLASSINFO>
		<VALUES>[0.10707203627255014, 0.0018394695156011714, 0.10953994689988981, 0.0030405364413055753, 0.10002604464021474, 0.0032399854825192385, 0.04920178866165142, 0.006014419637616721, 0.014226190378487522, 0.004602114568693153, 0.00955416178687318, 0.003932936860103441]</VALUES>
		<LCS_MIN>[0.09752222895622253, 0.08601731806993484, 0.08257100731134415, 0.03946315497159958, 0.0047609866596758366, 0.0025270532350987196]</LCS_MIN>
		<LCS_MAX>[0.11129311472177505, 0.1159629300236702, 0.11021824181079865, 0.07402506470680237, 0.0369025282561779, 0.02738143503665924]</LCS_MAX>
		<WAVELENGTH>[0.485, 0.56, 0.66, 0.83, 1.65, 2.215]</WAVELENGTH>
		<MEAN_VALUE>[0.10707203627255014, 0.10953994689988981, 0.10002604464021474, 0.04920178866165142, 0.014226190378487522, 0.00955416178687318]</MEAN_VALUE>
		<CHECKBOX>2</CHECKBOX>
		<SD>[0.0018394695156011714, 0.0030405364413055753, 0.0032399854825192385, 0.006014419637616721, 0.004602114568693153, 0.003932936860103441]</SD>
		<WAVELENGTH_UNIT>E-6m</WAVELENGTH_UNIT>
		<COLOR>#a1e837</COLOR>
		<COVARIANCE_MATRIX>[[3.3915171115950216e-06, 2.471677817084128e-06, 2.930147275037598e-06, -3.0027315460756654e-06, -2.1303376342984848e-06, -1.4886978760841885e-06], [2.471677817084128e-06, 9.26636130316183e-06, 5.099544068798423e-06, -6.836822649347596e-06, -4.8373453864769544e-06, -2.867592911570682e-06], [2.930147275037598e-06, 5.099544068798423e-06, 1.0521918738959357e-05, -6.243336883926531e-06, -4.6722457227588166e-06, -2.8374174689815845e-06], [-3.0027315460756654e-06, -6.836822649347596e-06, -6.243336883926531e-06, 3.6257366446079686e-05, 1.9313014490762725e-05, 1.2075794984411914e-05], [-2.1303376342984848e-06, -4.8373453864769544e-06, -4.6722457227588166e-06, 1.9313014490762725e-05, 2.12287122849375e-05, 1.0809077139128931e-05], [-1.4886978760841885e-06, -2.867592911570682e-06, -2.8374174689815845e-06, 1.2075794984411914e-05, 1.0809077139128931e-05, 1.5503965187235735e-05]]</COVARIANCE_MATRIX>
		<ROI_SIZE>431</ROI_SIZE>
		<MAX_VALUE>[0.11129311472177505, 0.1159629300236702, 0.11021824181079865, 0.07402506470680237, 0.0369025282561779, 0.02738143503665924]</MAX_VALUE>
		<MIN_VALUE>[0.09752222895622253, 0.08601731806993484, 0.08257100731134415, 0.03946315497159958, 0.0047609866596758366, 0.0025270532350987196]</MIN_VALUE>
		<SIGNATURE_THRESHOLD_MD>0.0</SIGNATURE_THRESHOLD_MD>
		<SIGNATURE_THRESHOLD_ML>0.0</SIGNATURE_THRESHOLD_ML>
		<SIGNATURE_THRESHOLD_SAM>0.0</SIGNATURE_THRESHOLD_SAM>
	</signature>
	<signature ID="20211208_154718026203_210">
		<MACROCLASSID>1</MACROCLASSID>
		<MACROCLASSINFO>Waterbody</MACROCLASSINFO>
		<CLASSID>8</CLASSID>
		<CLASSINFO>C 1</CLASSINFO>
		<VALUES>[0.09399521717075575, 0.0018527775908434277, 0.08737079104629615, 0.0020427031791687774, 0.07228790993912745, 0.002378727671098838, 0.04968202568716921, 0.010113648267423442, 0.021439385458321893, 0.005050441854182976, 0.013660371410107966, 0.004689415687099693]</VALUES>
		<LCS_MIN>[0.08834163099527359, 0.08269003033638, 0.06721143424510956, 0.03178273141384125, 0.01465069130063057, 0.0025270532350987196]</LCS_MIN>
		<LCS_MAX>[0.09752222895622253, 0.09267189353704453, 0.07949909567832947, 0.0701848492026329, 0.0369025282561779, 0.023830806836485863]</LCS_MAX>
		<WAVELENGTH>[0.485, 0.56, 0.66, 0.83, 1.65, 2.215]</WAVELENGTH>
		<MEAN_VALUE>[0.09399521717075575, 0.08737079104629615, 0.07228790993912745, 0.04968202568716921, 0.021439385458321893, 0.013660371410107966]</MEAN_VALUE>
		<CHECKBOX>2</CHECKBOX>
		<SD>[0.0018527775908434277, 0.0020427031791687774, 0.002378727671098838, 0.010113648267423442, 0.005050441854182976, 0.004689415687099693]</SD>
		<WAVELENGTH_UNIT>E-6m</WAVELENGTH_UNIT>
		<COLOR>#cf23a1</COLOR>
		<COVARIANCE_MATRIX>[[3.462124823272461e-06, 7.242422839226492e-07, 1.5061790463732905e-06, -6.890556051075691e-06, -1.653959429859242e-06, 2.2666159793516272e-07], [7.242422839226492e-07, 4.208299742458621e-06, 2.155873971787514e-06, -2.2637789243162842e-06, -6.888167831675673e-07, -4.552385917122592e-07], [1.5061790463732905e-06, 2.155873971787514e-06, 5.7067072702920996e-06, -2.4096036668197485e-06, 3.619865083237528e-07, 2.1030741663707886e-06], [-6.890556051075691e-06, -2.2637789243162842e-06, -2.4096036668197485e-06, 0.00010316012048861012, 3.764020948437974e-05, 2.335733915970195e-05], [-1.653959429859242e-06, -6.888167831675673e-07, 3.619865083237528e-07, 3.764020948437974e-05, 2.5724970328155905e-05, 1.4936309526092373e-05], [2.2666159793516272e-07, -4.552385917122592e-07, 2.1030741663707886e-06, 2.335733915970195e-05, 1.4936309526092373e-05, 2.217857399955392e-05]]</COVARIANCE_MATRIX>
		<ROI_SIZE>118</ROI_SIZE>
		<MAX_VALUE>[0.09752222895622253, 0.09267189353704453, 0.07949909567832947, 0.0701848492026329, 0.0369025282561779, 0.023830806836485863]</MAX_VALUE>
		<MIN_VALUE>[0.08834163099527359, 0.08269003033638, 0.06721143424510956, 0.03178273141384125, 0.01465069130063057, 0.0025270532350987196]</MIN_VALUE>
		<SIGNATURE_THRESHOLD_MD>0.0</SIGNATURE_THRESHOLD_MD>
		<SIGNATURE_THRESHOLD_ML>0.0</SIGNATURE_THRESHOLD_ML>
		<SIGNATURE_THRESHOLD_SAM>0.0</SIGNATURE_THRESHOLD_SAM>
	</signature>
	<signature ID="20211208_154725797632_418">
		<MACROCLASSID>1</MACROCLASSID>
		<MACROCLASSINFO>Waterbody</MACROCLASSINFO>
		<CLASSID>9</CLASSID>
		<CLASSINFO>C 1</CLASSINFO>
		<VALUES>[0.10367416943778698, 0.0023197781293165533, 0.10570664308273914, 0.003959165038863744, 0.09937153576114743, 0.0033616003828550356, 0.061692836415982735, 0.005902635979261553, 0.018741663348544196, 0.006731019575168807, 0.012227216482248891, 0.005008785864792765]</VALUES>
		<LCS_MIN>[0.09752222895622253, 0.09267189353704453, 0.0887148529291153, 0.04714357480406761, 0.007233412005007267, 0.0025270532350987196]</LCS_MIN>
		<LCS_MAX>[0.10976302623748779, 0.11263564229011536, 0.11021824181079865, 0.0817054882645607, 0.0393749475479126, 0.03093205764889717]</LCS_MAX>
		<WAVELENGTH>[0.485, 0.56, 0.66, 0.83, 1.65, 2.215]</WAVELENGTH>
		<MEAN_VALUE>[0.10367416943778698, 0.10570664308273914, 0.09937153576114743, 0.061692836415982735, 0.018741663348544196, 0.012227216482248891]</MEAN_VALUE>
		<CHECKBOX>2</CHECKBOX>
		<SD>[0.0023197781293165533, 0.003959165038863744, 0.0033616003828550356, 0.005902635979261553, 0.006731019575168807, 0.005008785864792765]</SD>
		<WAVELENGTH_UNIT>E-6m</WAVELENGTH_UNIT>
		<COLOR>#b8cc2b</COLOR>
		<COVARIANCE_MATRIX>[[5.409253390098456e-06, 4.967895620211493e-06, 3.363874384376686e-06, -5.454385245684534e-06, -6.1473447203752585e-06, -4.3892582652915735e-06], [4.967895620211493e-06, 1.5756206266814843e-05, 6.858501819806406e-06, -1.2604144103534054e-05, -1.6645864889142103e-05, -9.811627023736946e-06], [3.363874384376686e-06, 6.858501819806406e-06, 1.1358908523106948e-05, -8.848698598740157e-06, -1.123804395319894e-05, -7.550743248430081e-06], [-5.454385245684534e-06, -1.2604144103534054e-05, -8.848698598740157e-06, 3.502163599478081e-05, 2.9607555916300043e-05, 1.8863876903196797e-05], [-6.1473447203752585e-06, -1.6645864889142103e-05, -1.123804395319894e-05, 2.9607555916300043e-05, 4.554137558443472e-05, 2.6428822820889764e-05], [-4.3892582652915735e-06, -9.811627023736946e-06, -7.550743248430081e-06, 1.8863876903196797e-05, 2.6428822820889764e-05, 2.5217925212928094e-05]]</COVARIANCE_MATRIX>
		<ROI_SIZE>194</ROI_SIZE>
		<MAX_VALUE>[0.10976302623748779, 0.11263564229011536, 0.11021824181079865, 0.0817054882645607, 0.0393749475479126, 0.03093205764889717]</MAX_VALUE>
		<MIN_VALUE>[0.09752222895622253, 0.09267189353704453, 0.0887148529291153, 0.04714357480406761, 0.007233412005007267, 0.0025270532350987196]</MIN_VALUE>
		<SIGNATURE_THRESHOLD_MD>0.0</SIGNATURE_THRESHOLD_MD>
		<SIGNATURE_THRESHOLD_ML>0.0</SIGNATURE_THRESHOLD_ML>
		<SIGNATURE_THRESHOLD_SAM>0.0</SIGNATURE_THRESHOLD_SAM>
	</signature>
	<signature ID="20211208_154734296130_191">
		<MACROCLASSID>1</MACROCLASSID>
		<MACROCLASSINFO>Waterbody</MACROCLASSINFO>
		<CLASSID>10</CLASSID>
		<CLASSINFO>C 1</CLASSINFO>
		<VALUES>[0.08071657025969792, 0.0016454784252069316, 0.06112191612852157, 0.002158138677917103, 0.045729925108281555, 0.002455426305626675, 0.035568213523885436, 0.006352201379718215, 0.014075161269788512, 0.005330874740905648, 0.009658468683690465, 0.004144741035244606]</VALUES>
		<LCS_MIN>[0.07610084116458893, 0.05607170984148979, 0.03956420347094536, 0.024102305993437767, 0.0047609866596758366, 0.0]</LCS_MIN>
		<LCS_MAX>[0.08375133574008942, 0.06938087195158005, 0.054923780262470245, 0.05866421014070511, 0.04184737056493759, 0.0344826839864254]</LCS_MAX>
		<WAVELENGTH>[0.485, 0.56, 0.66, 0.83, 1.65, 2.215]</WAVELENGTH>
		<MEAN_VALUE>[0.08071657025969792, 0.06112191612852157, 0.045729925108281555, 0.035568213523885436, 0.014075161269788512, 0.009658468683690465]</MEAN_VALUE>
		<CHECKBOX>2</CHECKBOX>
		<SD>[0.0016454784252069316, 0.002158138677917103, 0.002455426305626675, 0.006352201379718215, 0.005330874740905648, 0.004144741035244606]</SD>
		<WAVELENGTH_UNIT>E-6m</WAVELENGTH_UNIT>
		<COLOR>#c27f9f</COLOR>
		<COVARIANCE_MATRIX>[[2.7140458769281395e-06, 4.288068851110438e-07, 7.492593567803851e-07, 1.946047177625587e-06, 1.068532014869561e-06, 1.1116659379695193e-06], [4.288068851110438e-07, 4.668651854444761e-06, 1.6413855519203935e-06, 5.327213330019731e-06, 4.284545866539702e-06, 2.684480477910256e-06], [7.492593567803851e-07, 1.6413855519203935e-06, 6.043473604222527e-06, 8.764540325501002e-06, 6.757783921784721e-06, 4.0246218304673675e-06], [1.946047177625587e-06, 5.327213330019731e-06, 8.764540325501002e-06, 4.0446535422233865e-05, 2.3818056433810852e-05, 1.4374139027495403e-05], [1.068532014869561e-06, 4.284545866539702e-06, 6.757783921784721e-06, 2.3818056433810852e-05, 2.8485888833529316e-05, 1.5105134480108973e-05], [1.1116659379695193e-06, 2.684480477910256e-06, 4.0246218304673675e-06, 1.4374139027495403e-05, 1.5105134480108973e-05, 1.7219779692823067e-05]]</COVARIANCE_MATRIX>
		<ROI_SIZE>421</ROI_SIZE>
		<MAX_VALUE>[0.08375133574008942, 0.06938087195158005, 0.054923780262470245, 0.05866421014070511, 0.04184737056493759, 0.0344826839864254]</MAX_VALUE>
		<MIN_VALUE>[0.07610084116458893, 0.05607170984148979, 0.03956420347094536, 0.024102305993437767, 0.0047609866596758366, 0.0]</MIN_VALUE>
		<SIGNATURE_THRESHOLD_MD>0.0</SIGNATURE_THRESHOLD_MD>
		<SIGNATURE_THRESHOLD_ML>0.0</SIGNATURE_THRESHOLD_ML>
		<SIGNATURE_THRESHOLD_SAM>0.0</SIGNATURE_THRESHOLD_SAM>
	</signature>
	<signature ID="20211208_154807775009_639">
		<MACROCLASSID>1</MACROCLASSID>
		<MACROCLASSINFO>Waterbody</MACROCLASSINFO>
		<CLASSID>11</CLASSID>
		<CLASSINFO>C 1</CLASSINFO>
		<VALUES>[0.11975541080788406, 0.005229976803384097, 0.1213657623126958, 0.006099093326067425, 0.1301017372219126, 0.00737292230923182, 0.16058418557191578, 0.01285927248128722, 0.13653095778065852, 0.014223602375709491, 0.1174029311662318, 0.010944864712096856]</VALUES>
		<LCS_MIN>[0.10364262014627457, 0.0993264764547348, 0.11021824181079865, 0.13930867612361908, 0.11602015048265457, 0.09839395433664322]</LCS_MIN>
		<LCS_MAX>[0.12965431809425354, 0.13592667877674103, 0.15015314519405365, 0.193071648478508, 0.175358384847641, 0.14810273051261902]</LCS_MAX>
		<WAVELENGTH>[0.485, 0.56, 0.66, 0.83, 1.65, 2.215]</WAVELENGTH>
		<MEAN_VALUE>[0.11975541080788406, 0.1213657623126958, 0.1301017372219126, 0.16058418557191578, 0.13653095778065852, 0.1174029311662318]</MEAN_VALUE>
		<CHECKBOX>2</CHECKBOX>
		<SD>[0.005229976803384097, 0.006099093326067425, 0.00737292230923182, 0.01285927248128722, 0.014223602375709491, 0.010944864712096856]</SD>
		<WAVELENGTH_UNIT>E-6m</WAVELENGTH_UNIT>
		<COLOR>#ce2903</COLOR>
		<COVARIANCE_MATRIX>[[2.7440892154118046e-05, 2.769015554804355e-05, 2.841445166268386e-05, -2.039759056060575e-05, -1.9816037820419297e-05, 2.359588961553527e-06], [2.769015554804355e-05, 3.731893593794666e-05, 3.819092671619728e-05, -5.720909484807635e-06, -3.8051152841944713e-06, 1.636358501855284e-05], [2.841445166268386e-05, 3.819092671619728e-05, 5.453533958643675e-05, 1.5168081517913379e-05, 2.4659864720888436e-05, 3.9301408833125606e-05], [-2.039759056060575e-05, -5.720909484807635e-06, 1.5168081517913379e-05, 0.00016589430742897093, 0.00014273516717366874, 8.0824778706301e-05], [-1.9816037820419297e-05, -3.8051152841944713e-06, 2.4659864720888436e-05, 0.00014273516717366874, 0.00020296347793191671, 0.0001356008870061487], [2.359588961553527e-06, 1.636358501855284e-05, 3.9301408833125606e-05, 8.0824778706301e-05, 0.0001356008870061487, 0.00012017648259643465]]</COVARIANCE_MATRIX>
		<ROI_SIZE>311</ROI_SIZE>
		<MAX_VALUE>[0.12965431809425354, 0.13592667877674103, 0.15015314519405365, 0.193071648478508, 0.175358384847641, 0.14810273051261902]</MAX_VALUE>
		<MIN_VALUE>[0.10364262014627457, 0.0993264764547348, 0.11021824181079865, 0.13930867612361908, 0.11602015048265457, 0.09839395433664322]</MIN_VALUE>
		<SIGNATURE_THRESHOLD_MD>0.0</SIGNATURE_THRESHOLD_MD>
		<SIGNATURE_THRESHOLD_ML>0.0</SIGNATURE_THRESHOLD_ML>
		<SIGNATURE_THRESHOLD_SAM>0.0</SIGNATURE_THRESHOLD_SAM>
	</signature>
	<signature ID="20211208_154825019287_128">
		<MACROCLASSID>1</MACROCLASSID>
		<MACROCLASSINFO>Waterbody</MACROCLASSINFO>
		<CLASSID>12</CLASSID>
		<CLASSINFO>C 1</CLASSINFO>
		<VALUES>[0.12103606391156849, 0.005020978963063298, 0.12349435710414525, 0.005994078022312735, 0.13016819147302883, 0.0075420017675759295, 0.1558730032963632, 0.012569730879126396, 0.12668469566268115, 0.012748119587337904, 0.10837313261127213, 0.010770751688245936]</VALUES>
		<LCS_MIN>[0.10364262014627457, 0.09599918872117996, 0.11021824181079865, 0.13162823021411896, 0.1036580353975296, 0.0841914489865303]</LCS_MIN>
		<LCS_MAX>[0.13424460589885712, 0.13925395905971527, 0.15015314519405365, 0.18539120256900787, 0.16299626231193542, 0.14100146293640137]</LCS_MAX>
		<WAVELENGTH>[0.485, 0.56, 0.66, 0.83, 1.65, 2.215]</WAVELENGTH>
		<MEAN_VALUE>[0.12103606391156849, 0.12349435710414525, 0.13016819147302883, 0.1558730032963632, 0.12668469566268115, 0.10837313261127213]</MEAN_VALUE>
		<CHECKBOX>2</CHECKBOX>
		<SD>[0.005020978963063298, 0.005994078022312735, 0.0075420017675759295, 0.012569730879126396, 0.012748119587337904, 0.010770751688245936]</SD>
		<WAVELENGTH_UNIT>E-6m</WAVELENGTH_UNIT>
		<COLOR>#29ccf0</COLOR>
		<COVARIANCE_MATRIX>[[2.5246192308259197e-05, 2.5615257982281037e-05, 2.723291254369542e-05, -1.1582950719457585e-05, 2.456259835525998e-06, 2.2086818717070855e-05], [2.5615257982281037e-05, 3.598022522055544e-05, 3.879304858855903e-05, 7.546617780462839e-06, 2.333013435418252e-05, 3.898185968864709e-05], [2.723291254369542e-05, 3.879304858855903e-05, 5.696293374057859e-05, 3.196165198460221e-05, 5.3363339247880504e-05, 6.312094774330035e-05], [-1.1582950719457585e-05, 7.546617780462839e-06, 3.196165198460221e-05, 0.00015822352725081146, 0.0001357293949695304, 8.577274275012314e-05], [2.456259835525998e-06, 2.333013435418252e-05, 5.3363339247880504e-05, 0.0001357293949695304, 0.0001627463789191097, 0.00011410607839934528], [2.2086818717070855e-05, 3.898185968864709e-05, 6.312094774330035e-05, 8.577274275012314e-05, 0.00011410607839934528, 0.00011617458221735433]]</COVARIANCE_MATRIX>
		<ROI_SIZE>702</ROI_SIZE>
		<MAX_VALUE>[0.13424460589885712, 0.13925395905971527, 0.15015314519405365, 0.18539120256900787, 0.16299626231193542, 0.14100146293640137]</MAX_VALUE>
		<MIN_VALUE>[0.10364262014627457, 0.09599918872117996, 0.11021824181079865, 0.13162823021411896, 0.1036580353975296, 0.0841914489865303]</MIN_VALUE>
		<SIGNATURE_THRESHOLD_MD>0.0</SIGNATURE_THRESHOLD_MD>
		<SIGNATURE_THRESHOLD_ML>0.0</SIGNATURE_THRESHOLD_ML>
		<SIGNATURE_THRESHOLD_SAM>0.0</SIGNATURE_THRESHOLD_SAM>
	</signature>
	<signature ID="20211208_154859328207_107">
		<MACROCLASSID>1</MACROCLASSID>
		<MACROCLASSINFO>Waterbody</MACROCLASSINFO>
		<CLASSID>13</CLASSID>
		<CLASSINFO>C 1</CLASSINFO>
		<VALUES>[0.10978852295804596, 0.007543696466393523, 0.10506209285841103, 0.009689707341523829, 0.10729992567073719, 0.011490092237498764, 0.12260374471190426, 0.012114215354171799, 0.096641046154712, 0.01193624152631583, 0.0833967835065865, 0.01127736435255974]</VALUES>
		<LCS_MIN>[0.08834163099527359, 0.08269003033638, 0.07949909567832947, 0.0932261273264885, 0.05668192729353905, 0.045134562999010086]</LCS_MIN>
		<LCS_MAX>[0.12506403028964996, 0.12261750549077988, 0.1286497414112091, 0.14698909223079681, 0.11354774236679077, 0.10194457322359085]</LCS_MAX>
		<WAVELENGTH>[0.485, 0.56, 0.66, 0.83, 1.65, 2.215]</WAVELENGTH>
		<MEAN_VALUE>[0.10978852295804596, 0.10506209285841103, 0.10729992567073719, 0.12260374471190426, 0.096641046154712, 0.0833967835065865]</MEAN_VALUE>
		<CHECKBOX>2</CHECKBOX>
		<SD>[0.007543696466393523, 0.009689707341523829, 0.011490092237498764, 0.012114215354171799, 0.01193624152631583, 0.01127736435255974]</SD>
		<WAVELENGTH_UNIT>E-6m</WAVELENGTH_UNIT>
		<COLOR>#3f6a92</COLOR>
		<COVARIANCE_MATRIX>[[5.704317300114781e-05, 6.724039849359542e-05, 7.66709927120246e-05, 4.0015762351686135e-05, 3.986987940152176e-05, 5.2610968850785866e-05], [6.724039849359542e-05, 9.411451173946261e-05, 0.00010503634985070676, 6.591236888198182e-05, 5.8464560424908996e-05, 7.353524415520951e-05], [7.66709927120246e-05, 0.00010503634985070676, 0.00013233731442596763, 9.100570605369285e-05, 8.681957115186378e-05, 9.844351734500378e-05], [4.0015762351686135e-05, 6.591236888198182e-05, 9.100570605369285e-05, 0.00014710446703247726, 0.00011103061842732131, 9.209750714944676e-05], [3.986987940152176e-05, 5.8464560424908996e-05, 8.681957115186378e-05, 0.00011103061842732131, 0.0001428138930350542, 0.00011724894284270704], [5.2610968850785866e-05, 7.353524415520951e-05, 9.844351734500378e-05, 9.209750714944676e-05, 0.00011724894284270704, 0.00012748247536364943]]</COVARIANCE_MATRIX>
		<ROI_SIZE>420</ROI_SIZE>
		<MAX_VALUE>[0.12506403028964996, 0.12261750549077988, 0.1286497414112091, 0.14698909223079681, 0.11354774236679077, 0.10194457322359085]</MAX_VALUE>
		<MIN_VALUE>[0.08834163099527359, 0.08269003033638, 0.07949909567832947, 0.0932261273264885, 0.05668192729353905, 0.045134562999010086]</MIN_VALUE>
		<SIGNATURE_THRESHOLD_MD>0.0</SIGNATURE_THRESHOLD_MD>
		<SIGNATURE_THRESHOLD_ML>0.0</SIGNATURE_THRESHOLD_ML>
		<SIGNATURE_THRESHOLD_SAM>0.0</SIGNATURE_THRESHOLD_SAM>
	</signature>
	<signature ID="20211208_154911148822_281">
		<MACROCLASSID>1</MACROCLASSID>
		<MACROCLASSINFO>Waterbody</MACROCLASSINFO>
		<CLASSID>14</CLASSID>
		<CLASSINFO>C 1</CLASSINFO>
		<VALUES>[0.11134187402386295, 0.00690317156256976, 0.10983843113496611, 0.008416556196828434, 0.11472070876362858, 0.010291748013413387, 0.13680500027668815, 0.011395367072469052, 0.1115297947225033, 0.013163459901562506, 0.09403399231971483, 0.011472802674457855]</VALUES>
		<LCS_MIN>[0.09140182286500931, 0.08601731806993484, 0.0887148529291153, 0.10090654343366623, 0.07646134495735168, 0.06288769096136093]</LCS_MIN>
		<LCS_MAX>[0.1281242072582245, 0.1259448081254959, 0.13786548376083374, 0.15466952323913574, 0.13332712650299072, 0.11614707857370377]</LCS_MAX>
		<WAVELENGTH>[0.485, 0.56, 0.66, 0.83, 1.65, 2.215]</WAVELENGTH>
		<MEAN_VALUE>[0.11134187402386295, 0.10983843113496611, 0.11472070876362858, 0.13680500027668815, 0.1115297947225033, 0.09403399231971483]</MEAN_VALUE>
		<CHECKBOX>2</CHECKBOX>
		<SD>[0.00690317156256976, 0.008416556196828434, 0.010291748013413387, 0.011395367072469052, 0.013163459901562506, 0.011472802674457855]</SD>
		<WAVELENGTH_UNIT>E-6m</WAVELENGTH_UNIT>
		<COLOR>#8e3c0a</COLOR>
		<COVARIANCE_MATRIX>[[4.777086360263638e-05, 5.332416549208574e-05, 6.19930142420344e-05, 2.6498986699152738e-05, 3.1562147341901436e-05, 4.190023901173845e-05], [5.332416549208574e-05, 7.101246592355892e-05, 8.075791993178427e-05, 4.474880188354291e-05, 5.125988172949292e-05, 6.112537812441587e-05], [6.19930142420344e-05, 8.075791993178427e-05, 0.00010618031956255436, 6.764679710613564e-05, 7.972176535986364e-05, 8.576531399739906e-05], [2.6498986699152738e-05, 4.474880188354291e-05, 6.764679710613564e-05, 0.00013017344463150948, 0.00011820239160442725, 9.261079685529694e-05], [3.1562147341901436e-05, 5.125988172949292e-05, 7.972176535986364e-05, 0.00011820239160442725, 0.0001737024140311405, 0.00013463695358950645], [4.190023901173845e-05, 6.112537812441587e-05, 8.576531399739906e-05, 9.261079685529694e-05, 0.00013463695358950645, 0.0001319486036663875]]</COVARIANCE_MATRIX>
		<ROI_SIZE>408</ROI_SIZE>
		<MAX_VALUE>[0.1281242072582245, 0.1259448081254959, 0.13786548376083374, 0.15466952323913574, 0.13332712650299072, 0.11614707857370377]</MAX_VALUE>
		<MIN_VALUE>[0.09140182286500931, 0.08601731806993484, 0.0887148529291153, 0.10090654343366623, 0.07646134495735168, 0.06288769096136093]</MIN_VALUE>
		<SIGNATURE_THRESHOLD_MD>0.0</SIGNATURE_THRESHOLD_MD>
		<SIGNATURE_THRESHOLD_ML>0.0</SIGNATURE_THRESHOLD_ML>
		<SIGNATURE_THRESHOLD_SAM>0.0</SIGNATURE_THRESHOLD_SAM>
	</signature>
	<signature ID="20211208_154943277206_851">
		<MACROCLASSID>1</MACROCLASSID>
		<MACROCLASSINFO>Waterbody</MACROCLASSINFO>
		<CLASSID>15</CLASSID>
		<CLASSINFO>C 1</CLASSINFO>
		<VALUES>[0.11593618192549411, 0.005082442699912972, 0.11705290050855997, 0.007000894963651936, 0.12488928873991145, 0.008595367088868227, 0.1540736224630783, 0.011065879940551767, 0.13801622442130382, 0.011364351565326725, 0.11265767391385703, 0.009878837621127245]</VALUES>
		<LCS_MIN>[0.10211251676082611, 0.09599918872117996, 0.10714633017778397, 0.13162823021411896, 0.11849258095026016, 0.09484332799911499]</LCS_MIN>
		<LCS_MAX>[0.12506403028964996, 0.12927207350730896, 0.1440093070268631, 0.18539120256900787, 0.1728859543800354, 0.13034959137439728]</LCS_MAX>
		<WAVELENGTH>[0.485, 0.56, 0.66, 0.83, 1.65, 2.215]</WAVELENGTH>
		<MEAN_VALUE>[0.11593618192549411, 0.11705290050855997, 0.12488928873991145, 0.1540736224630783, 0.13801622442130382, 0.11265767391385703]</MEAN_VALUE>
		<CHECKBOX>2</CHECKBOX>
		<SD>[0.005082442699912972, 0.007000894963651936, 0.008595367088868227, 0.011065879940551767, 0.011364351565326725, 0.009878837621127245]</SD>
		<WAVELENGTH_UNIT>E-6m</WAVELENGTH_UNIT>
		<COLOR>#8a1ddc</COLOR>
		<COVARIANCE_MATRIX>[[2.6284402338205837e-05, 3.245296829845756e-05, 3.7062447518110275e-05, -1.3081287306704326e-06, -4.101178092241753e-06, 1.7915470380103216e-05], [3.245296829845756e-05, 4.9872400268213823e-05, 5.689031240763143e-05, 1.5231736142595764e-05, 9.664748176874127e-06, 3.267956344643608e-05], [3.7062447518110275e-05, 5.689031240763143e-05, 7.517648191424087e-05, 3.1661533284932375e-05, 2.740294257819187e-05, 5.41962799616158e-05], [-1.3081287306704326e-06, 1.5231736142595764e-05, 3.1661533284932375e-05, 0.00012460201105568558, 8.463041012873873e-05, 5.409933510236442e-05], [-4.101178092241753e-06, 9.664748176874127e-06, 2.740294257819187e-05, 8.463041012873873e-05, 0.00013141424278728664, 8.610844815848395e-05], [1.7915470380103216e-05, 3.267956344643608e-05, 5.41962799616158e-05, 5.409933510236442e-05, 8.610844815848395e-05, 9.930356463883072e-05]]</COVARIANCE_MATRIX>
		<ROI_SIZE>58</ROI_SIZE>
		<MAX_VALUE>[0.12506403028964996, 0.12927207350730896, 0.1440093070268631, 0.18539120256900787, 0.1728859543800354, 0.13034959137439728]</MAX_VALUE>
		<MIN_VALUE>[0.10211251676082611, 0.09599918872117996, 0.10714633017778397, 0.13162823021411896, 0.11849258095026016, 0.09484332799911499]</MIN_VALUE>
		<SIGNATURE_THRESHOLD_MD>0.0</SIGNATURE_THRESHOLD_MD>
		<SIGNATURE_THRESHOLD_ML>0.0</SIGNATURE_THRESHOLD_ML>
		<SIGNATURE_THRESHOLD_SAM>0.0</SIGNATURE_THRESHOLD_SAM>
	</signature>
	<signature ID="20211208_154953087858_575">
		<MACROCLASSID>1</MACROCLASSID>
		<MACROCLASSINFO>Waterbody</MACROCLASSINFO>
		<CLASSID>16</CLASSID>
		<CLASSINFO>C 1</CLASSINFO>
		<VALUES>[0.11891724102884188, 0.004889705249151551, 0.11907030913935998, 0.005914181652419658, 0.12479218973339301, 0.007372154530183634, 0.153797745833109, 0.012291344640526902, 0.12585302337404625, 0.013054500018891689, 0.10132219768718062, 0.0113855523831814]</VALUES>
		<LCS_MIN>[0.09752222895622253, 0.09267189353704453, 0.09793058782815933, 0.12778803706169128, 0.09624074399471283, 0.06643831729888916]</LCS_MIN>
