<?xml version="1.0" ?>
<signaturelist MCID_LIST="[['1', 'Waterbody', '#000000'], ['2', 'Vegetation', '#000000'], ['3', 'Bareland', '#000000'], ['4', 'Built-up', '#000000']]">
	<signature ID="20211221_111839498718_631">
		<MACROCLASSID>1</MACROCLASSID>
		<MACROCLASSINFO>Waterbody</MACROCLASSINFO>
		<CLASSID>1</CLASSID>
		<CLASSINFO>C 1</CLASSINFO>
		<VALUES>[0.1306429953529285, 0.003984869683900235, 0.1389468260682546, 0.006305614997575028, 0.15440655557008887, 0.009059918310705859, 0.18804982487971963, 0.013704824119628669, 0.17954248808897458, 0.016255780652716448, 0.15602334187580988, 0.01588827119667907]</VALUES>
		<LCS_MIN>[0.11741352081298828, 0.12261750549077988, 0.1317216455936432, 0.16234995424747467, 0.15310654044151306, 0.12679897248744965]</LCS_MIN>
		<LCS_MAX>[0.1388349086046219, 0.14923584461212158, 0.16858461499214172, 0.2161129117012024, 0.21244476735591888, 0.1836089789867401]</LCS_MAX>
		<WAVELENGTH>[0.485, 0.56, 0.66, 0.83, 1.65, 2.215]</WAVELENGTH>
		<MEAN_VALUE>[0.1306429953529285, 0.1389468260682546, 0.15440655557008887, 0.18804982487971963, 0.17954248808897458, 0.15602334187580988]</MEAN_VALUE>
		<CHECKBOX>2</CHECKBOX>
		<SD>[0.003984869683900235, 0.006305614997575028, 0.009059918310705859, 0.013704824119628669, 0.016255780652716448, 0.01588827119667907]</SD>
		<WAVELENGTH_UNIT>E-6m</WAVELENGTH_UNIT>
		<COLOR>#ee69fa</COLOR>
		<COVARIANCE_MATRIX>[[1.612729868513076e-05, 1.8763595625522357e-05, 2.672185069722045e-05, 1.055121087666241e-05, 2.866394106777153e-05, 4.280950405035788e-05], [1.8763595625522357e-05, 4.038204269291874e-05, 5.418929348320303e-05, 5.1140719522857014e-05, 8.099916870052698e-05, 8.812192495747244e-05], [2.672185069722045e-05, 5.418929348320303e-05, 8.336465291848616e-05, 8.620740149817186e-05, 0.00012848642903722112, 0.00013382310696200662], [1.055121087666241e-05, 5.1140719522857014e-05, 8.620740149817186e-05, 0.00019075692608979886, 0.00019506240917594475, 0.0001607702979180703], [2.866394106777153e-05, 8.099916870052698e-05, 0.00012848642903722112, 0.00019506240917594475, 0.0002683793172015619, 0.00023820546411911216], [4.280950405035788e-05, 8.812192495747244e-05, 0.00013382310696200662, 0.0001607702979180703, 0.00023820546411911216, 0.0002563814922695221]]</COVARIANCE_MATRIX>
		<ROI_SIZE>65</ROI_SIZE>
		<MAX_VALUE>[0.1388349086046219, 0.14923584461212158, 0.16858461499214172, 0.2161129117012024, 0.21244476735591888, 0.1836089789867401]</MAX_VALUE>
		<MIN_VALUE>[0.11741352081298828, 0.12261750549077988, 0.1317216455936432, 0.16234995424747467, 0.15310654044151306, 0.12679897248744965]</MIN_VALUE>
		<SIGNATURE_THRESHOLD_MD>0</SIGNATURE_THRESHOLD_MD>
		<SIGNATURE_THRESHOLD_ML>0</SIGNATURE_THRESHOLD_ML>
		<SIGNATURE_THRESHOLD_SAM>0</SIGNATURE_THRESHOLD_SAM>
	</signature>
	<signature ID="20211221_111846102285_886">
		<MACROCLASSID>1</MACROCLASSID>
		<MACROCLASSINFO>Waterbody</MACROCLASSINFO>
		<CLASSID>2</CLASSID>
		<CLASSINFO>C 1</CLASSINFO>
		<VALUES>[0.13255016969309902, 0.005246062658413882, 0.14142286198006726, 0.006900431853997794, 0.15664966581044362, 0.008516914322172447, 0.18897541722765676, 0.011996300558706794, 0.17852675213857955, 0.0144484445851707, 0.15319194661246405, 0.012915072325712864]</VALUES>
		<LCS_MIN>[0.11435331404209137, 0.1159629300236702, 0.1317216455936432, 0.1585097312927246, 0.14568927884101868, 0.119697704911232]</LCS_MIN>
		<LCS_MAX>[0.1449553221464157, 0.15589042007923126, 0.17780037224292755, 0.2122727334499359, 0.2050274908542633, 0.17650771141052246]</LCS_MAX>
		<WAVELENGTH>[0.485, 0.56, 0.66, 0.83, 1.65, 2.215]</WAVELENGTH>
		<MEAN_VALUE>[0.13255016969309902, 0.14142286198006726, 0.15664966581044362, 0.18897541722765676, 0.17852675213857955, 0.15319194661246405]</MEAN_VALUE>
		<CHECKBOX>2</CHECKBOX>
		<SD>[0.005246062658413882, 0.006900431853997794, 0.008516914322172447, 0.011996300558706794, 0.0144484445851707, 0.012915072325712864]</SD>
		<WAVELENGTH_UNIT>E-6m</WAVELENGTH_UNIT>
		<COLOR>#2514a7</COLOR>
		<COVARIANCE_MATRIX>[[2.7623482610859428e-05, 3.150992580685778e-05, 3.647266922083711e-05, 2.5353037400933207e-06, 1.9494191748172604e-05, 3.210340600149e-05], [3.150992580685778e-05, 4.7792970774535823e-05, 5.32256940086223e-05, 2.0459848746767165e-05, 4.096296602647928e-05, 5.457845496733519e-05], [3.647266922083711e-05, 5.32256940086223e-05, 7.280748693022682e-05, 4.008571998251744e-05, 6.884341810096402e-05, 7.921176628096541e-05], [2.5353037400933207e-06, 2.0459848746767165e-05, 4.008571998251744e-05, 0.0001444462130691595, 0.00014019832402219527, 9.254671789499194e-05], [1.9494191748172604e-05, 4.096296602647928e-05, 6.884341810096402e-05, 0.00014019832402219527, 0.0002095336013059568, 0.00015400394585874896], [3.210340600149e-05, 5.457845496733519e-05, 7.921176628096541e-05, 9.254671789499194e-05, 0.00015400394585874896, 0.00016741916415675284]]</COVARIANCE_MATRIX>
		<ROI_SIZE>270</ROI_SIZE>
		<MAX_VALUE>[0.1449553221464157, 0.15589042007923126, 0.17780037224292755, 0.2122727334499359, 0.2050274908542633, 0.17650771141052246]</MAX_VALUE>
		<MIN_VALUE>[0.11435331404209137, 0.1159629300236702, 0.1317216455936432, 0.1585097312927246, 0.14568927884101868, 0.119697704911232]</MIN_VALUE>
		<SIGNATURE_THRESHOLD_MD>0</SIGNATURE_THRESHOLD_MD>
		<SIGNATURE_THRESHOLD_ML>0</SIGNATURE_THRESHOLD_ML>
		<SIGNATURE_THRESHOLD_SAM>0</SIGNATURE_THRESHOLD_SAM>
	</signature>
	<signature ID="20211221_111857387024_991">
		<MACROCLASSID>1</MACROCLASSID>
		<MACROCLASSINFO>Waterbody</MACROCLASSINFO>
		<CLASSID>3</CLASSID>
		<CLASSINFO>C 1</CLASSINFO>
		<VALUES>[0.12263989377181646, 0.0078085557810487856, 0.1241791673232999, 0.008827253407250298, 0.1332929200168084, 0.00912152529698203, 0.17701190147705909, 0.012798181362888758, 0.16230473424739775, 0.015139747517136426, 0.12688058569056768, 0.01061522648339033]</VALUES>
		<LCS_MIN>[0.10823293030261993, 0.11263564229011536, 0.12250589579343796, 0.15466952323913574, 0.12838228046894073, 0.09839395433664322]</LCS_MIN>
		<LCS_MAX>[0.14648543298244476, 0.15256312489509583, 0.16858461499214172, 0.20843248069286346, 0.18524809181690216, 0.1552039533853531]</LCS_MAX>
		<WAVELENGTH>[0.485, 0.56, 0.66, 0.83, 1.65, 2.215]</WAVELENGTH>
		<MEAN_VALUE>[0.12263989377181646, 0.1241791673232999, 0.1332929200168084, 0.17701190147705909, 0.16230473424739775, 0.12688058569056768]</MEAN_VALUE>
		<CHECKBOX>2</CHECKBOX>
		<SD>[0.0078085557810487856, 0.008827253407250298, 0.00912152529698203, 0.012798181362888758, 0.015139747517136426, 0.01061522648339033]</SD>
		<WAVELENGTH_UNIT>E-6m</WAVELENGTH_UNIT>
		<COLOR>#4b1597</COLOR>
		<COVARIANCE_MATRIX>[[5.7956728856983176e-05, 6.004152969731329e-05, 5.5992136601083894e-05, -9.967874273798444e-06, -3.3053460394774066e-05, 6.174638987250812e-07], [6.004152969731329e-05, 7.340007176472629e-05, 6.834909823495793e-05, 6.857693420620971e-06, -1.8867314990546217e-05, 1.3172815137414892e-05], [5.5992136601083894e-05, 6.834909823495793e-05, 7.803328600464894e-05, 3.0231634126706866e-05, 1.3935562986295232e-05, 3.545022691532696e-05], [-9.967874273798444e-06, 6.857693420620971e-06, 3.0231634126706866e-05, 0.00015898205329225077, 0.00015900495541552732, 9.718421354085958e-05], [-3.3053460394774066e-05, -1.8867314990546217e-05, 1.3935562986295232e-05, 0.00015900495541552732, 0.00022491258522561563, 0.00013285691668203553], [6.174638987250812e-07, 1.3172815137414892e-05, 3.545022691532696e-05, 9.718421354085958e-05, 0.00013285691668203553, 0.00011020944439148646]]</COVARIANCE_MATRIX>
		<ROI_SIZE>848</ROI_SIZE>
		<MAX_VALUE>[0.14648543298244476, 0.15256312489509583, 0.16858461499214172, 0.20843248069286346, 0.18524809181690216, 0.1552039533853531]</MAX_VALUE>
		<MIN_VALUE>[0.10823293030261993, 0.11263564229011536, 0.12250589579343796, 0.15466952323913574, 0.12838228046894073, 0.09839395433664322]</MIN_VALUE>
		<SIGNATURE_THRESHOLD_MD>0</SIGNATURE_THRESHOLD_MD>
		<SIGNATURE_THRESHOLD_ML>0</SIGNATURE_THRESHOLD_ML>
		<SIGNATURE_THRESHOLD_SAM>0</SIGNATURE_THRESHOLD_SAM>
	</signature>
	<signature ID="20211221_111914753774_328">
		<MACROCLASSID>1</MACROCLASSID>
		<MACROCLASSINFO>Waterbody</MACROCLASSINFO>
		<CLASSID>4</CLASSID>
		<CLASSINFO>C 1</CLASSINFO>
		<VALUES>[0.11634910171446591, 0.0045067846796664045, 0.11557715612909066, 0.005928707234675041, 0.12019083756899485, 0.007729151609548362, 0.14353846683018442, 0.01249333556077697, 0.11752511128999184, 0.013974859493465129, 0.0942772853633632, 0.01135143559279577]</VALUES>
		<LCS_MIN>[0.10517272353172302, 0.0993264764547348, 0.10407441109418869, 0.12778803706169128, 0.09624074399471283, 0.07709019631147385]</LCS_MIN>
		<LCS_MAX>[0.1311844140291214, 0.13592667877674103, 0.14093737304210663, 0.1815510094165802, 0.15063412487506866, 0.12324833869934082]</LCS_MAX>
		<WAVELENGTH>[0.485, 0.56, 0.66, 0.83, 1.65, 2.215]</WAVELENGTH>
		<MEAN_VALUE>[0.11634910171446591, 0.11557715612909066, 0.12019083756899485, 0.14353846683018442, 0.11752511128999184, 0.0942772853633632]</MEAN_VALUE>
		<CHECKBOX>2</CHECKBOX>
		<SD>[0.0045067846796664045, 0.005928707234675041, 0.007729151609548362, 0.01249333556077697, 0.013974859493465129, 0.01135143559279577]</SD>
		<WAVELENGTH_UNIT>E-6m</WAVELENGTH_UNIT>
		<COLOR>#a8160c</COLOR>
		<COVARIANCE_MATRIX>[[2.0609800915771054e-05, 2.4439821490348393e-05, 2.7498778494389955e-05, 2.1072880183948524e-05, 2.1319627072439337e-05, 2.2717777427776045e-05], [2.4439821490348393e-05, 3.566647490793653e-05, 4.163181033224193e-05, 3.604225051279528e-05, 3.918097411247359e-05, 3.695765787162165e-05], [2.7498778494389955e-05, 4.163181033224193e-05, 6.061831084755162e-05, 6.284847734023447e-05, 7.177940692713541e-05, 6.491565844809834e-05], [2.1072880183948524e-05, 3.604225051279528e-05, 6.284847734023447e-05, 0.0001583787780435008, 0.0001567648289441474, 0.00010689885017253379], [2.1319627072439337e-05, 3.918097411247359e-05, 7.177940692713541e-05, 0.0001567648289441474, 0.00019816870812477058, 0.00014687417613172608], [2.2717777427776045e-05, 3.695765787162165e-05, 6.491565844809834e-05, 0.00010689885017253379, 0.00014687417613172608, 0.000130750017811764]]</COVARIANCE_MATRIX>
		<ROI_SIZE>69</ROI_SIZE>
		<MAX_VALUE>[0.1311844140291214, 0.13592667877674103, 0.14093737304210663, 0.1815510094165802, 0.15063412487506866, 0.12324833869934082]</MAX_VALUE>
		<MIN_VALUE>[0.10517272353172302, 0.0993264764547348, 0.10407441109418869, 0.12778803706169128, 0.09624074399471283, 0.07709019631147385]</MIN_VALUE>
		<SIGNATURE_THRESHOLD_MD>0</SIGNATURE_THRESHOLD_MD>
		<SIGNATURE_THRESHOLD_ML>0</SIGNATURE_THRESHOLD_ML>
		<SIGNATURE_THRESHOLD_SAM>0</SIGNATURE_THRESHOLD_SAM>
	</signature>
	<signature ID="20211221_111926938137_368">
		<MACROCLASSID>1</MACROCLASSID>
		<MACROCLASSINFO>Waterbody</MACROCLASSINFO>
		<CLASSID>5</CLASSID>
		<CLASSINFO>C 1</CLASSINFO>
		<VALUES>[0.13505087238005795, 0.005309949422179361, 0.13311366818897621, 0.006304046503569069, 0.13661369447546196, 0.008327760874538724, 0.1516971755118501, 0.01188320079255501, 0.12675233870151462, 0.014129701246171798, 0.108933574352108, 0.013197233540006688]</VALUES>
		<LCS_MIN>[0.11741352081298828, 0.11263564229011536, 0.11943399161100388, 0.12394781410694122, 0.10118559002876282, 0.08774209022521973]</LCS_MIN>
		<LCS_MAX>[0.1495456099510193, 0.15256312489509583, 0.16244079172611237, 0.17771078646183014, 0.16052381694316864, 0.1445521116256714]</LCS_MAX>
		<WAVELENGTH>[0.485, 0.56, 0.66, 0.83, 1.65, 2.215]</WAVELENGTH>
		<MEAN_VALUE>[0.13505087238005795, 0.13311366818897621, 0.13661369447546196, 0.1516971755118501, 0.12675233870151462, 0.108933574352108]</MEAN_VALUE>
		<CHECKBOX>2</CHECKBOX>
		<SD>[0.005309949422179361, 0.006304046503569069, 0.008327760874538724, 0.01188320079255501, 0.014129701246171798, 0.013197233540006688]</SD>
		<WAVELENGTH_UNIT>E-6m</WAVELENGTH_UNIT>
		<COLOR>#0a1f09</COLOR>
		<COVARIANCE_MATRIX>[[2.822861745328471e-05, 2.6281733311573206e-05, 3.251315683879742e-05, 9.425576200266752e-06, 2.400961218643806e-05, 2.8350142921193866e-05], [2.6281733311573206e-05, 3.978759200535029e-05, 4.7436562403022e-05, 3.942854051302956e-05, 5.2204121277693024e-05, 5.412781551128942e-05], [3.251315683879742e-05, 4.7436562403022e-05, 6.943290435018421e-05, 5.976741786028628e-05, 7.888538376020104e-05, 7.998197646190276e-05], [9.425576200266752e-06, 3.942854051302956e-05, 5.976741786028628e-05, 0.00014137600675153298, 0.00013351751885287997, 0.0001090189512466475], [2.400961218643806e-05, 5.2204121277693024e-05, 7.888538376020104e-05, 0.00013351751885287997, 0.00019988251176949963, 0.000167856640247017], [2.8350142921193866e-05, 5.412781551128942e-05, 7.998197646190276e-05, 0.0001090189512466475, 0.000167856640247017, 0.00017437115478955906]]</COVARIANCE_MATRIX>
		<ROI_SIZE>854</ROI_SIZE>
		<MAX_VALUE>[0.1495456099510193, 0.15256312489509583, 0.16244079172611237, 0.17771078646183014, 0.16052381694316864, 0.1445521116256714]</MAX_VALUE>
		<MIN_VALUE>[0.11741352081298828, 0.11263564229011536, 0.11943399161100388, 0.12394781410694122, 0.10118559002876282, 0.08774209022521973]</MIN_VALUE>
		<SIGNATURE_THRESHOLD_MD>0</SIGNATURE_THRESHOLD_MD>
		<SIGNATURE_THRESHOLD_ML>0</SIGNATURE_THRESHOLD_ML>
		<SIGNATURE_THRESHOLD_SAM>0</SIGNATURE_THRESHOLD_SAM>
	</signature>
	<signature ID="20211221_111934233927_794">
		<MACROCLASSID>1</MACROCLASSID>
		<MACROCLASSINFO>Waterbody</MACROCLASSINFO>
		<CLASSID>6</CLASSID>
		<CLASSINFO>C 1</CLASSINFO>
		<VALUES>[0.1344800138486486, 0.005570391552261707, 0.13182671410295183, 0.006829565749001656, 0.13521266656188402, 0.008985616517707866, 0.14681073809137188, 0.01161271218203471, 0.12263362701165827, 0.014292730508786586, 0.10600538207934458, 0.013458171487833423]</VALUES>
		<LCS_MIN>[0.11588340997695923, 0.10930834710597992, 0.11329015344381332, 0.12010760605335236, 0.09129589796066284, 0.07353956252336502]</LCS_MIN>
		<LCS_MAX>[0.15872621536254883, 0.14923584461212158, 0.1593688726425171, 0.17387057840824127, 0.15063412487506866, 0.13034959137439728]</LCS_MAX>
		<WAVELENGTH>[0.485, 0.56, 0.66, 0.83, 1.65, 2.215]</WAVELENGTH>
		<MEAN_VALUE>[0.1344800138486486, 0.13182671410295183, 0.13521266656188402, 0.14681073809137188, 0.12263362701165827, 0.10600538207934458]</MEAN_VALUE>
		<CHECKBOX>2</CHECKBOX>
		<SD>[0.005570391552261707, 0.006829565749001656, 0.008985616517707866, 0.01161271218203471, 0.014292730508786586, 0.013458171487833423]</SD>
		<WAVELENGTH_UNIT>E-6m</WAVELENGTH_UNIT>
		<COLOR>#9ccf0e</COLOR>
		<COVARIANCE_MATRIX>[[3.107436271708635e-05, 3.169804852049786e-05, 3.846034837660517e-05, 2.2888061442874194e-05, 3.1933087537019816e-05, 3.55088669340622e-05], [3.169804852049786e-05, 4.6710763332029453e-05, 5.584239285737071e-05, 4.941197771595126e-05, 5.892436095699283e-05, 6.224638712144616e-05], [3.846034837660517e-05, 5.584239285737071e-05, 8.085866075011169e-05, 7.675408846144263e-05, 9.302384418320597e-05, 9.400331190454017e-05], [2.2888061442874194e-05, 4.941197771595126e-05, 7.675408846144263e-05, 0.0001350510945196131, 0.00014139285183407174, 0.00012324357989375054], [3.1933087537019816e-05, 5.892436095699283e-05, 9.302384418320597e-05, 0.00014139285183407174, 0.00020457906711975936, 0.00017688983307695695], [3.55088669340622e-05, 6.224638712144616e-05, 9.400331190454017e-05, 0.00012324357989375054, 0.00017688983307695695, 0.00018138563906889177]]</COVARIANCE_MATRIX>
		<ROI_SIZE>689</ROI_SIZE>
		<MAX_VALUE>[0.15872621536254883, 0.14923584461212158, 0.1593688726425171, 0.17387057840824127, 0.15063412487506866, 0.13034959137439728]</MAX_VALUE>
		<MIN_VALUE>[0.11588340997695923, 0.10930834710597992, 0.11329015344381332, 0.12010760605335236, 0.09129589796066284, 0.07353956252336502]</MIN_VALUE>
		<SIGNATURE_THRESHOLD_MD>0</SIGNATURE_THRESHOLD_MD>
		<SIGNATURE_THRESHOLD_ML>0</SIGNATURE_THRESHOLD_ML>
		<SIGNATURE_THRESHOLD_SAM>0</SIGNATURE_THRESHOLD_SAM>
	</signature>
	<signature ID="20211221_111944616879_253">
		<MACROCLASSID>1</MACROCLASSID>
		<MACROCLASSINFO>Waterbody</MACROCLASSINFO>
		<CLASSID>7</CLASSID>
		<CLASSINFO>C 1</CLASSINFO>
		<VALUES>[0.13916558783758634, 0.005754444509476296, 0.1353735410324904, 0.0077680841599221525, 0.13823473932759825, 0.009298326315593098, 0.14950831243982698, 0.011845460535884849, 0.1264252133019594, 0.013488543129976228, 0.10764283399142881, 0.013818703403536449]</VALUES>
		<LCS_MIN>[0.10823293030261993, 0.10598105937242508, 0.11021824181079865, 0.12394781410694122, 0.09624074399471283, 0.07709019631147385]</LCS_MIN>
		<LCS_MAX>[0.15413591265678406, 0.15256312489509583, 0.16244079172611237, 0.17771078646183014, 0.15557897090911865, 0.1339002102613449]</LCS_MAX>
		<WAVELENGTH>[0.485, 0.56, 0.66, 0.83, 1.65, 2.215]</WAVELENGTH>
		<MEAN_VALUE>[0.13916558783758634, 0.1353735410324904, 0.13823473932759825, 0.14950831243982698, 0.1264252133019594, 0.10764283399142881]</MEAN_VALUE>
		<CHECKBOX>2</CHECKBOX>
		<SD>[0.005754444509476296, 0.0077680841599221525, 0.009298326315593098, 0.011845460535884849, 0.013488543129976228, 0.013818703403536449]</SD>
		<WAVELENGTH_UNIT>E-6m</WAVELENGTH_UNIT>
		<COLOR>#eb6aba</COLOR>
		<COVARIANCE_MATRIX>[[3.315603062879125e-05, 3.872156852196863e-05, 4.095904751547851e-05, 1.6041277687093322e-05, 2.5535775194798467e-05, 3.948896642416889e-05], [3.872156852196863e-05, 6.0420395448432e-05, 6.566700576637417e-05, 4.723719750072569e-05, 5.912425524923052e-05, 7.390357156352057e-05], [4.095904751547851e-05, 6.566700576637417e-05, 8.656957505264831e-05, 7.291564766044748e-05, 8.915134790179632e-05, 0.00010232875920821112], [1.6041277687093322e-05, 4.723719750072569e-05, 7.291564766044748e-05, 0.00014049459591579315, 0.00013870043322020907, 0.00012325252982417698], [2.5535775194798467e-05, 5.912425524923052e-05, 8.915134790179632e-05, 0.00013870043322020907, 0.00018217375453461818, 0.00016792317839495367], [3.948896642416889e-05, 7.390357156352057e-05, 0.00010232875920821112, 0.00012325252982417698, 0.00016792317839495367, 0.00019120106639736157]]</COVARIANCE_MATRIX>
		<ROI_SIZE>782</ROI_SIZE>
		<MAX_VALUE>[0.15413591265678406, 0.15256312489509583, 0.16244079172611237, 0.17771078646183014, 0.15557897090911865, 0.1339002102613449]</MAX_VALUE>
		<MIN_VALUE>[0.10823293030261993, 0.10598105937242508, 0.11021824181079865, 0.12394781410694122, 0.09624074399471283, 0.07709019631147385]</MIN_VALUE>
		<SIGNATURE_THRESHOLD_MD>0</SIGNATURE_THRESHOLD_MD>
		<SIGNATURE_THRESHOLD_ML>0</SIGNATURE_THRESHOLD_ML>
		<SIGNATURE_THRESHOLD_SAM>0</SIGNATURE_THRESHOLD_SAM>
	</signature>
	<signature ID="20211221_111954202787_243">
		<MACROCLASSID>1</MACROCLASSID>
		<MACROCLASSINFO>Waterbody</MACROCLASSINFO>
		<CLASSID>8</CLASSID>
		<CLASSINFO>C 1</CLASSINFO>
		<VALUES>[0.1376403849175634, 0.006011310922711524, 0.13584498623340283, 0.007693434174430712, 0.13865482747408434, 0.010268159410349847, 0.1575103944042507, 0.012742816605545708, 0.12733828401994787, 0.014015116883509591, 0.10979547216244487, 0.014512748371622293]</VALUES>
		<LCS_MIN>[0.11588340997695923, 0.11263564229011536, 0.11329015344381332, 0.12778803706169128, 0.09376832097768784, 0.08064082264900208]</LCS_MIN>
		<LCS_MAX>[0.15107572078704834, 0.15589042007923126, 0.16551269590854645, 0.1815510094165802, 0.15063412487506866, 0.13745082914829254]</LCS_MAX>
		<WAVELENGTH>[0.485, 0.56, 0.66, 0.83, 1.65, 2.215]</WAVELENGTH>
		<MEAN_VALUE>[0.1376403849175634, 0.13584498623340283, 0.13865482747408434, 0.1575103944042507, 0.12733828401994787, 0.10979547216244487]</MEAN_VALUE>
		<CHECKBOX>2</CHECKBOX>
		<SD>[0.006011310922711524, 0.007693434174430712, 0.010268159410349847, 0.012742816605545708, 0.014015116883509591, 0.014512748371622293]</SD>
		<WAVELENGTH_UNIT>E-6m</WAVELENGTH_UNIT>
		<COLOR>#deeb44</COLOR>
		<COVARIANCE_MATRIX>[[3.619509812264143e-05, 3.959605925320077e-05, 5.103000576999262e-05, 1.7164126589213237e-05, 3.926062701255991e-05, 5.203664630597531e-05], [3.959605925320077e-05, 5.928596042809567e-05, 7.38579576937268e-05, 5.090256076294058e-05, 6.832923403541698e-05, 8.043503108318338e-05], [5.103000576999262e-05, 7.38579576937268e-05, 0.00010560794209877622, 7.636700560429913e-05, 0.00010318473010985398, 0.00011893970619565322], [1.7164126589213237e-05, 5.090256076294058e-05, 7.636700560429913e-05, 0.00016264557073936254, 0.00012903156544262232, 0.0001145033431705845], [3.926062701255991e-05, 6.832923403541698e-05, 0.00010318473010985398, 0.00012903156544262232, 0.0001967455069982034, 0.00018738084417102763], [5.203664630597531e-05, 8.043503108318338e-05, 0.00011893970619565322, 0.0001145033431705845, 0.00018738084417102763, 0.00021096514376572713]]</COVARIANCE_MATRIX>
		<ROI_SIZE>611</ROI_SIZE>
		<MAX_VALUE>[0.15107572078704834, 0.15589042007923126, 0.16551269590854645, 0.1815510094165802, 0.15063412487506866, 0.13745082914829254]</MAX_VALUE>
		<MIN_VALUE>[0.11588340997695923, 0.11263564229011536, 0.11329015344381332, 0.12778803706169128, 0.09376832097768784, 0.08064082264900208]</MIN_VALUE>
		<SIGNATURE_THRESHOLD_MD>0</SIGNATURE_THRESHOLD_MD>
		<SIGNATURE_THRESHOLD_ML>0</SIGNATURE_THRESHOLD_ML>
		<SIGNATURE_THRESHOLD_SAM>0</SIGNATURE_THRESHOLD_SAM>
	</signature>
	<signature ID="20211221_111959933432_941">
		<MACROCLASSID>1</MACROCLASSID>
		<MACROCLASSINFO>Waterbody</MACROCLASSINFO>
		<CLASSID>9</CLASSID>
		<CLASSINFO>C 1</CLASSINFO>
		<VALUES>[0.158669077880155, 0.008124473846118604, 0.17742805442622098, 0.009709095795484938, 0.19732806939801736, 0.009640018939996046, 0.24315375658486393, 0.008674126205042957, 0.2486283644353699, 0.009006273412992788, 0.20492746418195149, 0.00952676834553596]</VALUES>
		<LCS_MIN>[0.13577471673488617, 0.15256312489509583, 0.17780037224292755, 0.22379334270954132, 0.23469659686088562, 0.18715959787368774]</LCS_MIN>
		<LCS_MAX>[0.1740272045135498, 0.19914519786834717, 0.22080717980861664, 0.2698758840560913, 0.28908997774124146, 0.23331773281097412]</LCS_MAX>
		<WAVELENGTH>[0.485, 0.56, 0.66, 0.83, 1.65, 2.215]</WAVELENGTH>
		<MEAN_VALUE>[0.158669077880155, 0.17742805442622098, 0.19732806939801736, 0.24315375658486393, 0.2486283644353699, 0.20492746418195149]</MEAN_VALUE>
		<CHECKBOX>2</CHECKBOX>
		<SD>[0.008124473846118604, 0.009709095795484938, 0.009640018939996046, 0.008674126205042957, 0.009006273412992788, 0.00952676834553596]</SD>
		<WAVELENGTH_UNIT>E-6m</WAVELENGTH_UNIT>
		<COLOR>#13bca3</COLOR>
		<COVARIANCE_MATRIX>[[6.628210475658307e-05, 7.130188780493108e-05, 6.484919198258237e-05, -6.763702209092151e-07, 2.517540371007162e-06, 3.9434003929069034e-05], [7.130188780493108e-05, 9.465931842076141e-05, 8.672303698370366e-05, 1.1833552603617452e-05, 1.6885769762466532e-05, 5.8849631908764286e-05], [6.484919198258237e-05, 8.672303698370366e-05, 9.331717335166371e-05, 2.2385969420335747e-05, 3.017153695620911e-05, 6.624511869856881e-05], [-6.763702209092151e-07, 1.1833552603617452e-05, 2.2385969420335747e-05, 7.555396736026718e-05, 5.5688093124707265e-05, 2.74383846800408e-05], [2.517540371007162e-06, 1.6885769762466532e-05, 3.017153695620911e-05, 5.5688093124707265e-05, 8.145093145953761e-05, 5.100275277643243e-05], [3.9434003929069034e-05, 5.8849631908764286e-05, 6.624511869856881e-05, 2.74383846800408e-05, 5.100275277643243e-05, 9.113747892246209e-05]]</COVARIANCE_MATRIX>
		<ROI_SIZE>241</ROI_SIZE>
		<MAX_VALUE>[0.1740272045135498, 0.19914519786834717, 0.22080717980861664, 0.2698758840560913, 0.28908997774124146, 0.23331773281097412]</MAX_VALUE>
		<MIN_VALUE>[0.13577471673488617, 0.15256312489509583, 0.17780037224292755, 0.22379334270954132, 0.23469659686088562, 0.18715959787368774]</MIN_VALUE>
		<SIGNATURE_THRESHOLD_MD>0</SIGNATURE_THRESHOLD_MD>
		<SIGNATURE_THRESHOLD_ML>0</SIGNATURE_THRESHOLD_ML>
		<SIGNATURE_THRESHOLD_SAM>0</SIGNATURE_THRESHOLD_SAM>
	</signature>
	<signature ID="20211221_112010758000_748">
		<MACROCLASSID>1</MACROCLASSID>
		<MACROCLASSINFO>Waterbody</MACROCLASSINFO>
		<CLASSID>10</CLASSID>
		<CLASSINFO>C 1</CLASSINFO>
		<VALUES>[0.14053950158127562, 0.00530336598593791, 0.1471927609098585, 0.006777615844797811, 0.15909941246112191, 0.008732032648264372, 0.19687817154223458, 0.009777382367007634, 0.1760307125616492, 0.00875228630044624, 0.152245116730531, 0.010998358885426244]</VALUES>
		<LCS_MIN>[0.12659409642219543, 0.12927207350730896, 0.13786548376083374, 0.17387057840824127, 0.15063412487506866, 0.13034959137439728]</LCS_MIN>
		<LCS_MAX>[0.1495456099510193, 0.16254498064517975, 0.17472845315933228, 0.21995313465595245, 0.19513778388500214, 0.17650771141052246]</LCS_MAX>
		<WAVELENGTH>[0.485, 0.56, 0.66, 0.83, 1.65, 2.215]</WAVELENGTH>
		<MEAN_VALUE>[0.14053950158127562, 0.1471927609098585, 0.15909941246112191, 0.19687817154223458, 0.1760307125616492, 0.152245116730531]</MEAN_VALUE>
		<CHECKBOX>2</CHECKBOX>
		<SD>[0.00530336598593791, 0.006777615844797811, 0.008732032648264372, 0.009777382367007634, 0.00875228630044624, 0.010998358885426244]</SD>
		<WAVELENGTH_UNIT>E-6m</WAVELENGTH_UNIT>
		<COLOR>#bdb57b</COLOR>
		<COVARIANCE_MATRIX>[[2.8374590699217482e-05, 3.0365544252953464e-05, 3.8898017599278886e-05, -6.753940146834304e-06, 2.8539192568777895e-05, 4.4944947880856795e-05], [3.0365544252953464e-05, 4.6342590491332755e-05, 5.425889755858276e-05, 2.4182395353342705e-06, 3.916932921654344e-05, 5.673490270382443e-05], [3.8898017599278886e-05, 5.425889755858276e-05, 7.692315872053504e-05, -2.2014589953166192e-06, 5.012208179152849e-05, 7.863489342800651e-05], [-6.753940146834304e-06, 2.4182395353342705e-06, -2.2014589953166192e-06, 9.644319892368656e-05, 3.564876918600231e-05, -9.45207400910424e-07], [2.8539192568777895e-05, 3.916932921654344e-05, 5.012208179152849e-05, 3.564876918600231e-05, 7.728041385210262e-05, 7.619819565992524e-05], [4.4944947880856795e-05, 5.673490270382443e-05, 7.863489342800651e-05, -9.45207400910424e-07, 7.619819565992524e-05, 0.00012203437514761361]]</COVARIANCE_MATRIX>
		<ROI_SIZE>114</ROI_SIZE>
		<MAX_VALUE>[0.1495456099510193, 0.16254498064517975, 0.17472845315933228, 0.21995313465595245, 0.19513778388500214, 0.17650771141052246]</MAX_VALUE>
		<MIN_VALUE>[0.12659409642219543, 0.12927207350730896, 0.13786548376083374, 0.17387057840824127, 0.15063412487506866, 0.13034959137439728]</MIN_VALUE>
		<SIGNATURE_THRESHOLD_MD>0</SIGNATURE_THRESHOLD_MD>
		<SIGNATURE_THRESHOLD_ML>0</SIGNATURE_THRESHOLD_ML>
		<SIGNATURE_THRESHOLD_SAM>0</SIGNATURE_THRESHOLD_SAM>
	</signature>
	<signature ID="20211221_112015827472_298">
		<MACROCLASSID>1</MACROCLASSID>
		<MACROCLASSINFO>Waterbody</MACROCLASSINFO>
		<CLASSID>11</CLASSID>
		<CLASSINFO>C 1</CLASSINFO>
		<VALUES>[0.14165768926513603, 0.004878500910185868, 0.14556434236723803, 0.0059484988476519165, 0.15714439004659653, 0.008925029747008692, 0.18909900815322483, 0.009513149203253378, 0.16934783371358078, 0.007697753928842293, 0.1488373320678185, 0.008411584412109332]</VALUES>
		<LCS_MIN>[0.1281242072582245, 0.1325993835926056, 0.14093737304210663, 0.1700303554534912, 0.15557897090911865, 0.1339002102613449]</LCS_MIN>
		<LCS_MAX>[0.15107572078704834, 0.1592176854610443, 0.18087229132652283, 0.2122727334499359, 0.19266535341739655, 0.17650771141052246]</LCS_MAX>
		<WAVELENGTH>[0.485, 0.56, 0.66, 0.83, 1.65, 2.215]</WAVELENGTH>
		<MEAN_VALUE>[0.14165768926513603, 0.14556434236723803, 0.15714439004659653, 0.18909900815322483, 0.16934783371358078, 0.1488373320678185]</MEAN_VALUE>
		<CHECKBOX>2</CHECKBOX>
		<SD>[0.004878500910185868, 0.0059484988476519165, 0.008925029747008692, 0.009513149203253378, 0.007697753928842293, 0.008411584412109332]</SD>
		<WAVELENGTH_UNIT>E-6m</WAVELENGTH_UNIT>
		<COLOR>#dc56ba</COLOR>
		<COVARIANCE_MATRIX>[[2.4217310975082313e-05, 2.12637058864825e-05, 3.129296102164385e-05, -1.0546790896780876e-05, 1.0826242069374338e-05, 2.0193129815216178e-05], [2.12637058864825e-05, 3.6005421672806005e-05, 4.996801160578226e-05, 6.4544357564820135e-06, 2.6326715746456073e-05, 3.590642797628876e-05], [3.129296102164385e-05, 4.996801160578226e-05, 8.105363240577933e-05, 7.357801742488427e-06, 4.0626548249881895e-05, 5.5624813886537824e-05], [-1.0546790896780876e-05, 6.4544357564820135e-06, 7.357801742488427e-06, 9.208772719780547e-05, 4.766277232662586e-05, 2.665164380290633e-05], [1.0826242069374338e-05, 2.6326715746456073e-05, 4.0626548249881895e-05, 4.766277232662586e-05, 6.029498424284923e-05, 4.900220678584701e-05], [2.0193129815216178e-05, 3.590642797628876e-05, 5.5624813886537824e-05, 2.665164380290633e-05, 4.900220678584701e-05, 7.199606376628699e-05]]</COVARIANCE_MATRIX>
		<ROI_SIZE>58</ROI_SIZE>
		<MAX_VALUE>[0.15107572078704834, 0.1592176854610443, 0.18087229132652283, 0.2122727334499359, 0.19266535341739655, 0.17650771141052246]</MAX_VALUE>
		<MIN_VALUE>[0.1281242072582245, 0.1325993835926056, 0.14093737304210663, 0.1700303554534912, 0.15557897090911865, 0.1339002102613449]</MIN_VALUE>
		<SIGNATURE_THRESHOLD_MD>0</SIGNATURE_THRESHOLD_MD>
		<SIGNATURE_THRESHOLD_ML>0</SIGNATURE_THRESHOLD_ML>
		<SIGNATURE_THRESHOLD_SAM>0</SIGNATURE_THRESHOLD_SAM>
	</signature>
	<signature ID="20211221_112033760631_280">
		<MACROCLASSID>1</MACROCLASSID>
		<MACROCLASSINFO>Waterbody</MACROCLASSINFO>
		<CLASSID>12</CLASSID>
		<CLASSINFO>C 1</CLASSINFO>
		<VALUES>[0.12520087067940208, 0.0039693858225208455, 0.12385749180124427, 0.004159752345259214, 0.12903134436896105, 0.005439006427534322, 0.14878755359916201, 0.011177985711104366, 0.1227248850076094, 0.013749917469867666, 0.10287523923083117, 0.011637432357128106]</VALUES>
		<LCS_MIN>[0.10517272353172302, 0.10265377163887024, 0.11021824181079865, 0.12394781410694122, 0.1036580353975296, 0.08774209022521973]</LCS_MIN>
		<LCS_MAX>[0.13577471673488617, 0.13592667877674103, 0.15015314519405365, 0.17387057840824127, 0.16299626231193542, 0.1445521116256714]</LCS_MAX>
		<WAVELENGTH>[0.485, 0.56, 0.66, 0.83, 1.65, 2.215]</WAVELENGTH>
		<MEAN_VALUE>[0.12520087067940208, 0.12385749180124427, 0.12903134436896105, 0.14878755359916201, 0.1227248850076094, 0.10287523923083117]</MEAN_VALUE>
		<CHECKBOX>2</CHECKBOX>
		<SD>[0.0039693858225208455, 0.004159752345259214, 0.005439006427534322, 0.011177985711104366, 0.013749917469867666, 0.011637432357128106]</SD>
		<WAVELENGTH_UNIT>E-6m</WAVELENGTH_UNIT>
		<COLOR>#cdcf03</COLOR>
		<COVARIANCE_MATRIX>[[1.5775620852566786e-05, 1.1120396103454278e-05, 7.278834093391482e-06, -1.4980024716243091e-05, -2.0163334926951905e-05, -1.0783646050202173e-05], [1.1120396103454278e-05, 1.7325061389279678e-05, 1.5658873420000832e-05, 5.967653736439282e-06, 6.021088063268283e-06, 1.1158124430072947e-05], [7.278834093391482e-06, 1.5658873420000832e-05, 2.961958543482797e-05, 3.195947036146461e-05, 3.970243636457523e-05, 4.001740681445927e-05], [-1.4980024716243091e-05, 5.967653736439282e-06, 3.195947036146461e-05, 0.00012510277172750138, 0.00013139745564685873, 0.00010214808616375676], [-2.0163334926951905e-05, 6.021088063268283e-06, 3.970243636457523e-05, 0.00013139745564685873, 0.00018929537996850587, 0.00014802318179962706], [-1.0783646050202173e-05, 1.1158124430072947e-05, 4.001740681445927e-05, 0.00010214808616375676, 0.00014802318179962706, 0.000135598276931243]]</COVARIANCE_MATRIX>
		<ROI_SIZE>805</ROI_SIZE>
		<MAX_VALUE>[0.13577471673488617, 0.13592667877674103, 0.15015314519405365, 0.17387057840824127, 0.16299626231193542, 0.1445521116256714]</MAX_VALUE>
		<MIN_VALUE>[0.10517272353172302, 0.10265377163887024, 0.11021824181079865, 0.12394781410694122, 0.1036580353975296, 0.08774209022521973]</MIN_VALUE>
		<SIGNATURE_THRESHOLD_MD>0</SIGNATURE_THRESHOLD_MD>
		<SIGNATURE_THRESHOLD_ML>0</SIGNATURE_THRESHOLD_ML>
		<SIGNATURE_THRESHOLD_SAM>0</SIGNATURE_THRESHOLD_SAM>
	</signature>
	<signature ID="20211221_112039387954_635">
		<MACROCLASSID>1</MACROCLASSID>
		<MACROCLASSINFO>Waterbody</MACROCLASSINFO>
		<CLASSID>13</CLASSID>
		<CLASSINFO>C 1</CLASSINFO>
		<VALUES>[0.13436086302971198, 0.005275050554987148, 0.1364869136646298, 0.006286013184572004, 0.1459899682100304, 0.008413987279270665, 0.16867407039572846, 0.012967744891133944, 0.1480043146001975, 0.01587797505142468, 0.12833003372382346, 0.013719898441741377]</VALUES>
		<LCS_MIN>[0.11894362419843674, 0.11929021030664444, 0.1286497414112091, 0.13930867612361908, 0.11849258095026016, 0.10549520701169968]</LCS_MIN>
		<LCS_MAX>[0.14648543298244476, 0.15589042007923126, 0.1716565489768982, 0.193071648478508, 0.17783083021640778, 0.16230522096157074]</LCS_MAX>
		<WAVELENGTH>[0.485, 0.56, 0.66, 0.83, 1.65, 2.215]</WAVELENGTH>
		<MEAN_VALUE>[0.13436086302971198, 0.1364869136646298, 0.1459899682100304, 0.16867407039572846, 0.1480043146001975, 0.12833003372382346]</MEAN_VALUE>
		<CHECKBOX>2</CHECKBOX>
		<SD>[0.005275050554987148, 0.006286013184572004, 0.008413987279270665, 0.012967744891133944, 0.01587797505142468, 0.013719898441741377]</SD>
		<WAVELENGTH_UNIT>E-6m</WAVELENGTH_UNIT>
		<COLOR>#701973</COLOR>
		<COVARIANCE_MATRIX>[[2.865549843719212e-05, 2.9526018170596048e-05, 3.212901512358633e-05, -6.82215885580232e-06, -7.848584378916858e-07, 1.561434189114587e-05], [2.9526018170596048e-05, 4.3617536497011394e-05, 4.9922373829889415e-05, 1.9537644110590544e-05, 3.182267059824872e-05, 4.694190050114578e-05], [3.212901512358633e-05, 4.9922373829889415e-05, 7.446175874731478e-05, 5.282005326831789e-05, 7.512998094043315e-05, 8.586334680694982e-05], [-6.82215885580232e-06, 1.9537644110590544e-05, 5.282005326831789e-05, 0.0001631731432293927, 0.00017473379938103315, 0.00013726973332072004], [-7.848584378916858e-07, 3.182267059824872e-05, 7.512998094043315e-05, 0.00017473379938103315, 0.0002426879114702581, 0.0001946958905377039], [1.561434189114587e-05, 4.694190050114578e-05, 8.586334680694982e-05, 0.00013726973332072004, 0.0001946958905377039, 0.00019035134544035333]]</COVARIANCE_MATRIX>
		<ROI_SIZE>1077</ROI_SIZE>
		<MAX_VALUE>[0.14648543298244476, 0.15589042007923126, 0.1716565489768982, 0.193071648478508, 0.17783083021640778, 0.16230522096157074]</MAX_VALUE>
		<MIN_VALUE>[0.11894362419843674, 0.11929021030664444, 0.1286497414112091, 0.13930867612361908, 0.11849258095026016, 0.10549520701169968]</MIN_VALUE>
		<SIGNATURE_THRESHOLD_MD>0</SIGNATURE_THRESHOLD_MD>
		<SIGNATURE_THRESHOLD_ML>0</SIGNATURE_THRESHOLD_ML>
		<SIGNATURE_THRESHOLD_SAM>0</SIGNATURE_THRESHOLD_SAM>
	</signature>
	<signature ID="20211221_112051107085_779">
		<MACROCLASSID>1</MACROCLASSID>
		<MACROCLASSINFO>Waterbody</MACROCLASSINFO>
		<CLASSID>14</CLASSID>
		<CLASSINFO>C 1</CLASSINFO>
		<VALUES>[0.12318312719486779, 0.0069531713419218955, 0.12133778016986166, 0.007639284926619657, 0.1261291908013156, 0.008773167578757898, 0.14503133764453965, 0.012810279261386791, 0.1176497946587443, 0.013602822171625608, 0.10115733494361241, 0.01094020767741711]</VALUES>
		<LCS_MIN>[0.10517272353172302, 0.10265377163887024, 0.10407441109418869, 0.12394781410694122, 0.08387862890958786, 0.06998893618583679]</LCS_MIN>
		<LCS_MAX>[0.15413591265678406, 0.15256312489509583, 0.1593688726425171, 0.17771078646183014, 0.14321684837341309, 0.12679897248744965]</LCS_MAX>
		<WAVELENGTH>[0.485, 0.56, 0.66, 0.83, 1.65, 2.215]</WAVELENGTH>
		<MEAN_VALUE>[0.12318312719486779, 0.12133778016986166, 0.1261291908013156, 0.14503133764453965, 0.1176497946587443, 0.10115733494361241]</MEAN_VALUE>
		<CHECKBOX>2</CHECKBOX>
		<SD>[0.0069531713419218955, 0.007639284926619657, 0.008773167578757898, 0.012810279261386791, 0.013602822171625608, 0.01094020767741711]</SD>
		<WAVELENGTH_UNIT>E-6m</WAVELENGTH_UNIT>
		<COLOR>#9332df</COLOR>
		<COVARIANCE_MATRIX>[[4.841962281542635e-05, 4.742352253450921e-05, 4.616754202928661e-05, 2.142229771296617e-05, 1.125309819873555e-05, 1.552125789840968e-05], [4.742352253450921e-05, 5.844682928704183e-05, 5.919266326654535e-05, 4.518448787651564e-05, 3.565316773646617e-05, 3.404029498204249e-05], [4.616754202928661e-05, 5.919266326654535e-05, 7.708473593500663e-05, 6.977699714081994e-05, 6.938332319550115e-05, 6.034205990199764e-05], [2.142229771296617e-05, 4.518448787651564e-05, 6.977699714081994e-05, 0.00016435114486763904, 0.0001410970453250551, 9.70538813488803e-05], [1.125309819873555e-05, 3.565316773646617e-05, 6.938332319550115e-05, 0.0001410970453250551, 0.00018531628277158955, 0.00013365432115531608], [1.552125789840968e-05, 3.404029498204249e-05, 6.034205990199764e-05, 9.70538813488803e-05, 0.00013365432115531608, 0.00011986894182565825]]</COVARIANCE_MATRIX>
		<ROI_SIZE>663</ROI_SIZE>
		<MAX_VALUE>[0.15413591265678406, 0.15256312489509583, 0.1593688726425171, 0.17771078646183014, 0.14321684837341309, 0.12679897248744965]</MAX_VALUE>
		<MIN_VALUE>[0.10517272353172302, 0.10265377163887024, 0.10407441109418869, 0.12394781410694122, 0.08387862890958786, 0.06998893618583679]</MIN_VALUE>
		<SIGNATURE_THRESHOLD_MD>0</SIGNATURE_THRESHOLD_MD>
		<SIGNATURE_THRESHOLD_ML>0</SIGNATURE_THRESHOLD_ML>
		<SIGNATURE_THRESHOLD_SAM>0</SIGNATURE_THRESHOLD_SAM>
	</signature>
	<signature ID="20211221_112059042111_936">
		<MACROCLASSID>1</MACROCLASSID>
		<MACROCLASSINFO>Waterbody</MACROCLASSINFO>
		<CLASSID>15</CLASSID>
		<CLASSINFO>C 1</CLASSINFO>
		<VALUES>[0.11927958487184061, 0.006616897233517664, 0.11506559169875698, 0.0075589968948949265, 0.11625943229776009, 0.00876036578070765, 0.132764726077031, 0.01082492590091352, 0.0999228327861834, 0.011758309003823568, 0.08478463119282645, 0.009806682028546466]</VALUES>
		<LCS_MIN>[0.09752222895622253, 0.09267189353704453, 0.09485866874456406, 0.10858697444200516, 0.0715164914727211, 0.0593370646238327]</LCS_MIN>
		<LCS_MAX>[0.13730481266975403, 0.1425812542438507, 0.1440093070268631, 0.16234995424747467, 0.13085472583770752, 0.10549520701169968]</LCS_MAX>
		<WAVELENGTH>[0.485, 0.56, 0.66, 0.83, 1.65, 2.215]</WAVELENGTH>
		<MEAN_VALUE>[0.11927958487184061, 0.11506559169875698, 0.11625943229776009, 0.132764726077031, 0.0999228327861834, 0.08478463119282645]</MEAN_VALUE>
		<CHECKBOX>2</CHECKBOX>
		<SD>[0.006616897233517664, 0.0075589968948949265, 0.00876036578070765, 0.01082492590091352, 0.011758309003823568, 0.009806682028546466]</SD>
		<WAVELENGTH_UNIT>E-6m</WAVELENGTH_UNIT>
		<COLOR>#d83d3c</COLOR>
		<COVARIANCE_MATRIX>[[4.388807380515126e-05, 4.5074510692874385e-05, 4.854474556755177e-05, 8.993409203791007e-06, 9.11361722509069e-06, 2.5599601450826287e-05], [4.5074510692874385e-05, 5.727512887534941e-05, 6.003641784417764e-05, 2.7035756234020725e-05, 2.675151983385506e-05, 3.9564855901127705e-05], [4.854474556755177e-05, 6.003641784417764e-05, 7.692760671852033e-05, 4.60059426829785e-05, 4.9401642446118226e-05, 5.775450701255975e-05], [8.993409203791007e-06, 2.7035756234020725e-05, 4.60059426829785e-05, 0.00011745935334581939, 0.00010415330107309274, 7.059894257943869e-05], [9.11361722509069e-06, 2.675151983385506e-05, 4.9401642446118226e-05, 0.00010415330107309274, 0.00013858859098975579, 9.748411184242001e-05], [2.5599601450826287e-05, 3.9564855901127705e-05, 5.775450701255975e-05, 7.059894257943869e-05, 9.748411184242001e-05, 9.64010866013823e-05]]</COVARIANCE_MATRIX>
		<ROI_SIZE>419</ROI_SIZE>
		<MAX_VALUE>[0.13730481266975403, 0.1425812542438507, 0.1440093070268631, 0.16234995424747467, 0.13085472583770752, 0.10549520701169968]</MAX_VALUE>
		<MIN_VALUE>[0.09752222895622253, 0.09267189353704453, 0.09485866874456406, 0.10858697444200516, 0.0715164914727211, 0.0593370646238327]</MIN_VALUE>
		<SIGNATURE_THRESHOLD_MD>0</SIGNATURE_THRESHOLD_MD>
		<SIGNATURE_THRESHOLD_ML>0</SIGNATURE_THRESHOLD_ML>
		<SIGNATURE_THRESHOLD_SAM>0</SIGNATURE_THRESHOLD_SAM>
	</signature>
	<signature ID="20211221_112104667123_870">
		<MACROCLASSID>1</MACROCLASSID>
		<MACROCLASSINFO>Waterbody</MACROCLASSINFO>
		<CLASSID>16</CLASSID>
		<CLASSINFO>C 1</CLASSINFO>
		<VALUES>[0.11930979788303372, 0.007327592741671296, 0.11516665317054489, 0.008386475903414745, 0.11751732567691396, 0.009480850161864614, 0.13412274041364333, 0.012121131349932045, 0.10563385346506401, 0.013064425536574834, 0.08941117272927206, 0.01047410368644719]</VALUES>
		<LCS_MIN>[0.09446202963590622, 0.08934460580348969, 0.09793058782815933, 0.11242718249559402, 0.08635104447603226, 0.06998893618583679]</LCS_MIN>
		<LCS_MAX>[0.13577471673488617, 0.1425812542438507, 0.14708122611045837, 0.16619014739990234, 0.14321684837341309, 0.119697704911232]</LCS_MAX>
		<WAVELENGTH>[0.485, 0.56, 0.66, 0.83, 1.65, 2.215]</WAVELENGTH>
