<?xml version="1.0" ?>
<signaturelist MCID_LIST="[['1', 'waterbody', '#000000'], ['2', 'vegetation', '#000000'], ['3', 'bareland', '#000000'], ['4', 'built-up', '#000000']]">
	<signature ID="20220207_140716945654_388">
		<MACROCLASSID>1</MACROCLASSID>
		<MACROCLASSINFO>waterbody</MACROCLASSINFO>
		<CLASSID>1</CLASSID>
		<CLASSINFO>C 1</CLASSINFO>
		<VALUES>[0.07406114790059956, 0.0006568314866460203, 0.057452544004413526, 0.0011787950387697232, 0.0355227580091151, 0.0009483877013533262, 0.014609672294210374, 0.0004458079975620477, 0.004256893639843116, 0.00029017914656889043, 0.002809650776869385, 0.00023583190065949543]</VALUES>
		<LCS_MIN>[0.07249104231595993, 0.05456950515508652, 0.03369680047035217, 0.013441154733300209, 0.0034340652637183666, 0.002146289683878422]</LCS_MIN>
		<LCS_MAX>[0.07581780105829239, 0.06025717034935951, 0.037747934460639954, 0.02095317840576172, 0.009229050949215889, 0.005177928134799004]</LCS_MAX>
		<WAVELENGTH>[0.48, 0.56, 0.655, 0.865, 1.61, 2.2]</WAVELENGTH>
		<MEAN_VALUE>[0.07406114790059956, 0.057452544004413526, 0.0355227580091151, 0.014609672294210374, 0.004256893639843116, 0.002809650776869385]</MEAN_VALUE>
		<CHECKBOX>2</CHECKBOX>
		<SD>[0.0006568314866460203, 0.0011787950387697232, 0.0009483877013533262, 0.0004458079975620477, 0.00029017914656889043, 0.00023583190065949543]</SD>
		<WAVELENGTH_UNIT>E-6m</WAVELENGTH_UNIT>
		<COLOR>#b98065</COLOR>
		<COVARIANCE_MATRIX>[[4.558022614066261e-07, 7.221208941065991e-07, 5.521165353031826e-07, 1.6847452427433163e-07, 3.514223251784508e-08, 8.367169616122221e-09], [7.221208941065991e-07, 1.3829287858217838e-06, 9.674282183101637e-07, 2.2715141993485605e-07, 2.257437668794132e-08, -1.6827788040326073e-08], [5.521165353031826e-07, 9.674282183101637e-07, 8.891302359182081e-07, 1.8572374837147584e-07, 1.2583038487608828e-08, -4.281899846832255e-09], [1.6847452427433163e-07, 2.2715141993485605e-07, 1.8572374837147584e-07, 2.0318900452484676e-07, 7.723690941495812e-08, 4.4172415461788026e-08], [3.514223251784508e-08, 2.257437668794132e-08, 1.2583038487608828e-08, 7.723690941495812e-08, 8.118335790574736e-08, 3.951059001839844e-08], [8.367169616122221e-09, -1.6827788040326073e-08, -4.281899846832255e-09, 4.4172415461788026e-08, 3.951059001839844e-08, 5.1003455490964813e-08]]</COVARIANCE_MATRIX>
		<ROI_SIZE>10201</ROI_SIZE>
		<MAX_VALUE>[0.07581780105829239, 0.06025717034935951, 0.037747934460639954, 0.02095317840576172, 0.009229050949215889, 0.005177928134799004]</MAX_VALUE>
		<MIN_VALUE>[0.07249104231595993, 0.05456950515508652, 0.03369680047035217, 0.013441154733300209, 0.0034340652637183666, 0.002146289683878422]</MIN_VALUE>
		<SIGNATURE_THRESHOLD_MD>0</SIGNATURE_THRESHOLD_MD>
		<SIGNATURE_THRESHOLD_ML>0</SIGNATURE_THRESHOLD_ML>
		<SIGNATURE_THRESHOLD_SAM>0</SIGNATURE_THRESHOLD_SAM>
	</signature>
	<signature ID="20220207_140723926407_797">
		<MACROCLASSID>1</MACROCLASSID>
		<MACROCLASSINFO>waterbody</MACROCLASSINFO>
		<CLASSID>2</CLASSID>
		<CLASSINFO>C 1</CLASSINFO>
		<VALUES>[0.07443536221297337, 0.0020003794767290517, 0.05578617820634462, 0.005267043617154387, 0.039658655941660945, 0.0069517186497766595, 0.017459676526211512, 0.00494070135122001, 0.0062353576711784145, 0.003066137105642638, 0.0040459049357684925, 0.0016480824884863886]</VALUES>
		<LCS_MIN>[0.07125692814588547, 0.048506226390600204, 0.03125538304448128, 0.006841305643320084, 0.002977978205308318, 0.002334085525944829]</LCS_MIN>
		<LCS_MAX>[0.08005672693252563, 0.07348371297121048, 0.06591802835464478, 0.05529388040304184, 0.03635282814502716, 0.020282460376620293]</LCS_MAX>
		<WAVELENGTH>[0.48, 0.56, 0.655, 0.865, 1.61, 2.2]</WAVELENGTH>
		<MEAN_VALUE>[0.07443536221297337, 0.05578617820634462, 0.039658655941660945, 0.017459676526211512, 0.0062353576711784145, 0.0040459049357684925]</MEAN_VALUE>
		<CHECKBOX>2</CHECKBOX>
		<SD>[0.0020003794767290517, 0.005267043617154387, 0.0069517186497766595, 0.00494070135122001, 0.003066137105642638, 0.0016480824884863886]</SD>
		<WAVELENGTH_UNIT>E-6m</WAVELENGTH_UNIT>
		<COLOR>#299f2e</COLOR>
		<COVARIANCE_MATRIX>[[6.046108234607454e-06, 1.6403918298292197e-05, 2.2914096865193324e-05, 2.647295540294618e-06, 5.638800871176367e-07, 5.888680850576754e-07], [1.6403918298292197e-05, 4.598162788373508e-05, 6.420217437784835e-05, 7.984319127124319e-06, 1.9733822122467986e-06, 1.8374128373359704e-06], [2.2914096865193324e-05, 6.420217437784835e-05, 9.122902189263158e-05, 1.1574607917561003e-05, 2.957694150175953e-06, 2.6959167807375334e-06], [2.647295540294618e-06, 7.984319127124319e-06, 1.1574607917561003e-05, 1.684975246788159e-05, 9.877068835917468e-06, 5.241547949574253e-06], [5.638800871176367e-07, 1.9733822122467986e-06, 2.957694150175953e-06, 9.877068835917468e-06, 6.532088416735181e-06, 3.5312136513874352e-06], [5.888680850576754e-07, 1.8374128373359704e-06, 2.6959167807375334e-06, 5.241547949574253e-06, 3.5312136513874352e-06, 2.0237167916077125e-06]]</COVARIANCE_MATRIX>
		<ROI_SIZE>7768</ROI_SIZE>
		<MAX_VALUE>[0.08005672693252563, 0.07348371297121048, 0.06591802835464478, 0.05529388040304184, 0.03635282814502716, 0.020282460376620293]</MAX_VALUE>
		<MIN_VALUE>[0.07125692814588547, 0.048506226390600204, 0.03125538304448128, 0.006841305643320084, 0.002977978205308318, 0.002334085525944829]</MIN_VALUE>
		<SIGNATURE_THRESHOLD_MD>0</SIGNATURE_THRESHOLD_MD>
		<SIGNATURE_THRESHOLD_ML>0</SIGNATURE_THRESHOLD_ML>
		<SIGNATURE_THRESHOLD_SAM>0</SIGNATURE_THRESHOLD_SAM>
	</signature>
	<signature ID="20220207_140729526092_343">
		<MACROCLASSID>1</MACROCLASSID>
		<MACROCLASSINFO>waterbody</MACROCLASSINFO>
		<CLASSID>3</CLASSID>
		<CLASSINFO>C 1</CLASSINFO>
		<VALUES>[0.07788676405343814, 0.0010065967840756983, 0.06312425836851213, 0.0022499600124140655, 0.04356572027766458, 0.004357044520885449, 0.018354905868719396, 0.0038817393064044295, 0.005825412159770533, 0.0025100127741985827, 0.0037793442451972375, 0.0013900035337389752]</VALUES>
		<LCS_MIN>[0.07495927810668945, 0.05746699497103691, 0.036030884832143784, 0.010785117745399475, 0.003621861105784774, 0.0027633472345769405]</LCS_MIN>
		<LCS_MAX>[0.0811835452914238, 0.07192763686180115, 0.06124983727931976, 0.05596458911895752, 0.04123565927147865, 0.021972673013806343]</LCS_MAX>
		<WAVELENGTH>[0.48, 0.56, 0.655, 0.865, 1.61, 2.2]</WAVELENGTH>
		<MEAN_VALUE>[0.07788676405343814, 0.06312425836851213, 0.04356572027766458, 0.018354905868719396, 0.005825412159770533, 0.0037793442451972375]</MEAN_VALUE>
		<CHECKBOX>2</CHECKBOX>
		<SD>[0.0010065967840756983, 0.0022499600124140655, 0.004357044520885449, 0.0038817393064044295, 0.0025100127741985827, 0.0013900035337389752]</SD>
		<WAVELENGTH_UNIT>E-6m</WAVELENGTH_UNIT>
		<COLOR>#02f21c</COLOR>
		<COVARIANCE_MATRIX>[[9.64078617121012e-07, 1.9677484217960077e-06, 3.926401705626619e-06, 1.6412270451295014e-06, 5.752156439736357e-07, 3.2264300153510376e-07], [1.9677484217960077e-06, 4.479504972528281e-06, 8.35647584858573e-06, 3.2966053917558216e-06, 1.161896521880743e-06, 6.566688130505398e-07], [3.926401705626619e-06, 8.35647584858573e-06, 1.826688570346723e-05, 7.474564353065377e-06, 2.5687847634110335e-06, 1.4431651190072858e-06], [1.6412270451295014e-06, 3.2966053917558216e-06, 7.474564353065377e-06, 1.2120978253559873e-05, 6.829333968281378e-06, 3.7092717318842336e-06], [5.752156439736357e-07, 1.161896521880743e-06, 2.5687847634110335e-06, 6.829333968281378e-06, 4.930082933899283e-06, 2.664145304166247e-06], [3.2264300153510376e-07, 6.566688130505398e-07, 1.4431651190072858e-06, 3.7092717318842336e-06, 2.664145304166247e-06, 1.51156170643457e-06]]</COVARIANCE_MATRIX>
		<ROI_SIZE>7513</ROI_SIZE>
		<MAX_VALUE>[0.0811835452914238, 0.07192763686180115, 0.06124983727931976, 0.05596458911895752, 0.04123565927147865, 0.021972673013806343]</MAX_VALUE>
		<MIN_VALUE>[0.07495927810668945, 0.05746699497103691, 0.036030884832143784, 0.010785117745399475, 0.003621861105784774, 0.0027633472345769405]</MIN_VALUE>
		<SIGNATURE_THRESHOLD_MD>0</SIGNATURE_THRESHOLD_MD>
		<SIGNATURE_THRESHOLD_ML>0</SIGNATURE_THRESHOLD_ML>
		<SIGNATURE_THRESHOLD_SAM>0</SIGNATURE_THRESHOLD_SAM>
	</signature>
	<signature ID="20220207_140735494756_809">
		<MACROCLASSID>1</MACROCLASSID>
		<MACROCLASSINFO>waterbody</MACROCLASSINFO>
		<CLASSID>4</CLASSID>
		<CLASSINFO>C 1</CLASSINFO>
		<VALUES>[0.07669400431433, 0.000656360575812177, 0.06838287082551327, 0.0018454440312964024, 0.044643521604962565, 0.0018556886548466692, 0.020075444105465204, 0.0038143325347436844, 0.007646317525994167, 0.0038945866074604775, 0.005239990221736769, 0.00282442599458389]</VALUES>
		<LCS_MIN>[0.0743153914809227, 0.06208151578903198, 0.03933081403374672, 0.0, 0.0, 0.0004829121462535113]</LCS_MIN>
		<LCS_MAX>[0.07986893504858017, 0.07439588755369186, 0.05840599536895752, 0.05725235491991043, 0.04499165713787079, 0.032409023493528366]</LCS_MAX>
		<WAVELENGTH>[0.48, 0.56, 0.655, 0.865, 1.61, 2.2]</WAVELENGTH>
		<MEAN_VALUE>[0.07669400431433, 0.06838287082551327, 0.044643521604962565, 0.020075444105465204, 0.007646317525994167, 0.005239990221736769]</MEAN_VALUE>
		<CHECKBOX>2</CHECKBOX>
		<SD>[0.000656360575812177, 0.0018454440312964024, 0.0018556886548466692, 0.0038143325347436844, 0.0038945866074604775, 0.00282442599458389]</SD>
		<WAVELENGTH_UNIT>E-6m</WAVELENGTH_UNIT>
		<COLOR>#36eaac</COLOR>
		<COVARIANCE_MATRIX>[[4.653151259912116e-07, 9.95507811957866e-07, 1.1675140573418357e-06, 9.166769515036458e-07, 7.927177851164018e-07, 6.016350566639031e-07], [9.95507811957866e-07, 3.0591191132139477e-06, 2.922232489402884e-06, 8.324635060375576e-07, 2.805689597873079e-07, 2.3400046312458075e-07], [1.1675140573418357e-06, 2.922232489402884e-06, 4.408377428762075e-06, 4.730144290288787e-06, 4.371717331849499e-06, 3.1969376998521684e-06], [9.166769515036458e-07, 8.324635060375576e-07, 4.730144290288787e-06, 1.661555914417961e-05, 1.622186361874664e-05, 1.1237617895737984e-05], [7.927177851164018e-07, 2.805689597873079e-07, 4.371717331849499e-06, 1.622186361874664e-05, 1.733205562062853e-05, 1.2338549059363208e-05], [6.016350566639031e-07, 2.3400046312458075e-07, 3.1969376998521684e-06, 1.1237617895737984e-05, 1.2338549059363208e-05, 9.081170789148713e-06]]</COVARIANCE_MATRIX>
		<ROI_SIZE>3133</ROI_SIZE>
		<MAX_VALUE>[0.07986893504858017, 0.07439588755369186, 0.05840599536895752, 0.05725235491991043, 0.04499165713787079, 0.032409023493528366]</MAX_VALUE>
		<MIN_VALUE>[0.0743153914809227, 0.06208151578903198, 0.03933081403374672, 0.0, 0.0, 0.0004829121462535113]</MIN_VALUE>
		<SIGNATURE_THRESHOLD_MD>0</SIGNATURE_THRESHOLD_MD>
		<SIGNATURE_THRESHOLD_ML>0</SIGNATURE_THRESHOLD_ML>
		<SIGNATURE_THRESHOLD_SAM>0</SIGNATURE_THRESHOLD_SAM>
	</signature>
	<signature ID="20220207_140739367367_418">
		<MACROCLASSID>1</MACROCLASSID>
		<MACROCLASSINFO>waterbody</MACROCLASSINFO>
		<CLASSID>5</CLASSID>
		<CLASSINFO>C 1</CLASSINFO>
		<VALUES>[0.07770903476676659, 0.0007388251694456163, 0.05875262435925992, 0.0014732273663192665, 0.036859135584289895, 0.0023076797548423345, 0.018041358215136874, 0.003569730123573066, 0.007580600067334425, 0.003997912193144183, 0.005273720071424884, 0.003086857968088691]</VALUES>
		<LCS_MIN>[0.07613974064588547, 0.05674261972308159, 0.03471629321575165, 0.012743611820042133, 0.0032730945385992527, 0.0033535799011588097]</LCS_MIN>
		<LCS_MAX>[0.08394689112901688, 0.07179351150989532, 0.06224248930811882, 0.05617921054363251, 0.045957501977682114, 0.03278462588787079]</LCS_MAX>
		<WAVELENGTH>[0.48, 0.56, 0.655, 0.865, 1.61, 2.2]</WAVELENGTH>
		<MEAN_VALUE>[0.07770903476676659, 0.05875262435925992, 0.036859135584289895, 0.018041358215136874, 0.007580600067334425, 0.005273720071424884]</MEAN_VALUE>
		<CHECKBOX>2</CHECKBOX>
		<SD>[0.0007388251694456163, 0.0014732273663192665, 0.0023076797548423345, 0.003569730123573066, 0.003997912193144183, 0.003086857968088691]</SD>
		<WAVELENGTH_UNIT>E-6m</WAVELENGTH_UNIT>
		<COLOR>#a18cd8</COLOR>
		<COVARIANCE_MATRIX>[[3.8396791062349265e-07, 5.873385524120437e-07, 8.76320166013693e-07, 1.1070777777450003e-06, 1.2572467746446982e-06, 1.0234818083120318e-06], [5.873385524120437e-07, 1.3773636678517113e-06, 1.7715232814429114e-06, 2.493422952697242e-06, 2.8316460614369117e-06, 2.29281840617757e-06], [8.76320166013693e-07, 1.7715232814429114e-06, 3.4190116060294642e-06, 4.943880443841703e-06, 5.3820575682644826e-06, 4.210721210490893e-06], [1.1070777777450003e-06, 2.493422952697242e-06, 4.943880443841703e-06, 9.360097058482642e-06, 9.78082384320075e-06, 7.3222851442522e-06], [1.2572467746446982e-06, 2.8316460614369117e-06, 5.3820575682644826e-06, 9.78082384320075e-06, 1.2056026093323007e-05, 9.138323504444763e-06], [1.0234818083120318e-06, 2.29281840617757e-06, 4.210721210490893e-06, 7.3222851442522e-06, 9.138323504444763e-06, 7.171900726484651e-06]]</COVARIANCE_MATRIX>
		<ROI_SIZE>4658</ROI_SIZE>
		<MAX_VALUE>[0.08394689112901688, 0.07179351150989532, 0.06224248930811882, 0.05617921054363251, 0.045957501977682114, 0.03278462588787079]</MAX_VALUE>
		<MIN_VALUE>[0.07613974064588547, 0.05674261972308159, 0.03471629321575165, 0.012743611820042133, 0.0032730945385992527, 0.0033535799011588097]</MIN_VALUE>
		<SIGNATURE_THRESHOLD_MD>0</SIGNATURE_THRESHOLD_MD>
		<SIGNATURE_THRESHOLD_ML>0</SIGNATURE_THRESHOLD_ML>
		<SIGNATURE_THRESHOLD_SAM>0</SIGNATURE_THRESHOLD_SAM>
	</signature>
	<signature ID="20220207_140743543671_733">
		<MACROCLASSID>1</MACROCLASSID>
		<MACROCLASSINFO>waterbody</MACROCLASSINFO>
		<CLASSID>6</CLASSID>
		<CLASSINFO>C 1</CLASSINFO>
		<VALUES>[0.07790978808766749, 0.0008681708614881447, 0.059493874974686584, 0.0014974587330356035, 0.036911447589440614, 0.002646448264007163, 0.018711022757772817, 0.004695209065332988, 0.008653670168683156, 0.0052121582303390444, 0.006206556159577692, 0.004142413486852966]</VALUES>
		<LCS_MIN>[0.07608608901500702, 0.056876763701438904, 0.03474311903119087, 0.012985068373382092, 0.0003487665671855211, 0.0032462594099342823]</LCS_MIN>
		<LCS_MAX>[0.08649561554193497, 0.068976491689682, 0.059318169951438904, 0.05432803928852081, 0.04552823677659035, 0.03600405901670456]</LCS_MAX>
		<WAVELENGTH>[0.48, 0.56, 0.655, 0.865, 1.61, 2.2]</WAVELENGTH>
		<MEAN_VALUE>[0.07790978808766749, 0.059493874974686584, 0.036911447589440614, 0.018711022757772817, 0.008653670168683156, 0.006206556159577692]</MEAN_VALUE>
		<CHECKBOX>2</CHECKBOX>
		<SD>[0.0008681708614881447, 0.0014974587330356035, 0.002646448264007163, 0.004695209065332988, 0.0052121582303390444, 0.004142413486852966]</SD>
		<WAVELENGTH_UNIT>E-6m</WAVELENGTH_UNIT>
		<COLOR>#2f0c12</COLOR>
		<COVARIANCE_MATRIX>[[5.183900167986986e-07, 7.684431519882807e-07, 1.099855202172654e-06, 1.6405298877228665e-06, 1.8663126115797171e-06, 1.537916355906313e-06], [7.684431519882807e-07, 1.46856584685115e-06, 2.0436913354710486e-06, 2.9978207390938935e-06, 3.294387930933686e-06, 2.666525804194149e-06], [1.099855202172654e-06, 2.0436913354710486e-06, 4.644932144233015e-06, 7.659851164643688e-06, 8.533681884791647e-06, 6.767118226163064e-06], [1.6405298877228665e-06, 2.9978207390938935e-06, 7.659851164643688e-06, 1.5445962538268208e-05, 1.6754076547141983e-05, 1.2747811869540309e-05], [1.8663126115797171e-06, 3.294387930933686e-06, 8.533681884791647e-06, 1.6754076547141983e-05, 2.0411338259373716e-05, 1.5742141040532056e-05], [1.537916355906313e-06, 2.666525804194149e-06, 6.767118226163064e-06, 1.2747811869540309e-05, 1.5742141040532056e-05, 1.2562736115198447e-05]]</COVARIANCE_MATRIX>
		<ROI_SIZE>3882</ROI_SIZE>
		<MAX_VALUE>[0.08649561554193497, 0.068976491689682, 0.059318169951438904, 0.05432803928852081, 0.04552823677659035, 0.03600405901670456]</MAX_VALUE>
		<MIN_VALUE>[0.07608608901500702, 0.056876763701438904, 0.03474311903119087, 0.012985068373382092, 0.0003487665671855211, 0.0032462594099342823]</MIN_VALUE>
		<SIGNATURE_THRESHOLD_MD>0</SIGNATURE_THRESHOLD_MD>
		<SIGNATURE_THRESHOLD_ML>0</SIGNATURE_THRESHOLD_ML>
		<SIGNATURE_THRESHOLD_SAM>0</SIGNATURE_THRESHOLD_SAM>
	</signature>
	<signature ID="20220207_140753549635_469">
		<MACROCLASSID>1</MACROCLASSID>
		<MACROCLASSINFO>waterbody</MACROCLASSINFO>
		<CLASSID>7</CLASSID>
		<CLASSINFO>C 1</CLASSINFO>
		<VALUES>[0.10058598659075929, 0.0025994852960327343, 0.09206989571088693, 0.003524094509390674, 0.0782830473360077, 0.004667675190066336, 0.03999555091461238, 0.012017501425800617, 0.02454943794964808, 0.011305001440036894, 0.019048627246924098, 0.009712938482199611]</VALUES>
		<LCS_MIN>[0.08831996470689774, 0.06269857287406921, 0.05124275013804436, 0.026292087510228157, 0.012046068906784058, 0.006733985152095556]</LCS_MIN>
		<LCS_MAX>[0.1089780256152153, 0.10264645516872406, 0.09196866303682327, 0.0739666223526001, 0.05507924035191536, 0.053550008684396744]</LCS_MAX>
		<WAVELENGTH>[0.48, 0.56, 0.655, 0.865, 1.61, 2.2]</WAVELENGTH>
		<MEAN_VALUE>[0.10058598659075929, 0.09206989571088693, 0.0782830473360077, 0.03999555091461238, 0.02454943794964808, 0.019048627246924098]</MEAN_VALUE>
		<CHECKBOX>2</CHECKBOX>
		<SD>[0.0025994852960327343, 0.003524094509390674, 0.004667675190066336, 0.012017501425800617, 0.011305001440036894, 0.009712938482199611]</SD>
		<WAVELENGTH_UNIT>E-6m</WAVELENGTH_UNIT>
		<COLOR>#c9d080</COLOR>
		<COVARIANCE_MATRIX>[[1.2568178038453176e-05, 1.5977473986984593e-05, 2.088463161901719e-05, 1.538688810471718e-05, 1.3768162253961725e-05, 1.4402147114143342e-05], [1.5977473986984593e-05, 2.8205176859506595e-05, 2.9931837804116595e-05, 3.932444416091003e-06, 6.518702032845774e-06, 1.1488041370158353e-05], [2.088463161901719e-05, 2.9931837804116595e-05, 4.0242693939900875e-05, 2.9438412058766616e-05, 2.855526060918733e-05, 2.8522308871950856e-05], [1.538688810471718e-05, 3.932444416091003e-06, 2.9438412058766616e-05, 0.0001474374845413406, 0.00012622133451760747, 0.00010116489375222264], [1.3768162253961725e-05, 6.518702032845774e-06, 2.855526060918733e-05, 0.00012622133451760747, 0.000125096515727264, 0.0001013726368648553], [1.4402147114143342e-05, 1.1488041370158353e-05, 2.8522308871950856e-05, 0.00010116489375222264, 0.0001013726368648553, 8.956303655948502e-05]]</COVARIANCE_MATRIX>
		<ROI_SIZE>440</ROI_SIZE>
		<MAX_VALUE>[0.1089780256152153, 0.10264645516872406, 0.09196866303682327, 0.0739666223526001, 0.05507924035191536, 0.053550008684396744]</MAX_VALUE>
		<MIN_VALUE>[0.08831996470689774, 0.06269857287406921, 0.05124275013804436, 0.026292087510228157, 0.012046068906784058, 0.006733985152095556]</MIN_VALUE>
		<SIGNATURE_THRESHOLD_MD>0</SIGNATURE_THRESHOLD_MD>
		<SIGNATURE_THRESHOLD_ML>0</SIGNATURE_THRESHOLD_ML>
		<SIGNATURE_THRESHOLD_SAM>0</SIGNATURE_THRESHOLD_SAM>
	</signature>
	<signature ID="20220207_140801924476_477">
		<MACROCLASSID>1</MACROCLASSID>
		<MACROCLASSINFO>waterbody</MACROCLASSINFO>
		<CLASSID>8</CLASSID>
		<CLASSINFO>C 1</CLASSINFO>
		<VALUES>[0.10023971802051762, 0.0022689268958055674, 0.09087376421467849, 0.004351979802049734, 0.07796134438759046, 0.005199268973541458, 0.038044957519271755, 0.009769318602999167, 0.022161804778813743, 0.009619787418143247, 0.017546690983107738, 0.008410783133703663]</VALUES>
		<LCS_MIN>[0.09352471679449081, 0.07646168023347855, 0.06589120626449585, 0.025567708536982536, 0.011777777224779129, 0.00925588607788086]</LCS_MIN>
		<LCS_MAX>[0.10908534377813339, 0.10371959954500198, 0.0979246199131012, 0.06921795755624771, 0.05518656224012375, 0.045850180089473724]</LCS_MAX>
		<WAVELENGTH>[0.48, 0.56, 0.655, 0.865, 1.61, 2.2]</WAVELENGTH>
		<MEAN_VALUE>[0.10023971802051762, 0.09087376421467849, 0.07796134438759046, 0.038044957519271755, 0.022161804778813743, 0.017546690983107738]</MEAN_VALUE>
		<CHECKBOX>2</CHECKBOX>
		<SD>[0.0022689268958055674, 0.004351979802049734, 0.005199268973541458, 0.009769318602999167, 0.009619787418143247, 0.008410783133703663]</SD>
		<WAVELENGTH_UNIT>E-6m</WAVELENGTH_UNIT>
		<COLOR>#6c77da</COLOR>
		<COVARIANCE_MATRIX>[[5.1640667328354754e-06, 7.459427792853786e-06, 9.803359867076845e-06, 1.3822619529986988e-05, 1.5199839647896887e-05, 1.304264637751257e-05], [7.459427792853786e-06, 1.899873046597664e-05, 2.0736868566861672e-05, 1.1684619733782449e-05, 1.523967803349352e-05, 1.4472372198809386e-05], [9.803359867076845e-06, 2.0736868566861672e-05, 2.7116610936673873e-05, 3.1142611568310555e-05, 3.31043814114681e-05, 2.9188672542486633e-05], [1.3822619529986988e-05, 1.1684619733782449e-05, 3.1142611568310555e-05, 9.573690554935702e-05, 9.095133088034037e-05, 7.566508222748228e-05], [1.5199839647896887e-05, 1.523967803349352e-05, 3.31043814114681e-05, 9.095133088034037e-05, 9.282859754026793e-05, 7.868468209963634e-05], [1.304264637751257e-05, 1.4472372198809386e-05, 2.9188672542486633e-05, 7.566508222748228e-05, 7.868468209963634e-05, 7.096165071945937e-05]]</COVARIANCE_MATRIX>
		<ROI_SIZE>322</ROI_SIZE>
		<MAX_VALUE>[0.10908534377813339, 0.10371959954500198, 0.0979246199131012, 0.06921795755624771, 0.05518656224012375, 0.045850180089473724]</MAX_VALUE>
		<MIN_VALUE>[0.09352471679449081, 0.07646168023347855, 0.06589120626449585, 0.025567708536982536, 0.011777777224779129, 0.00925588607788086]</MIN_VALUE>
		<SIGNATURE_THRESHOLD_MD>0</SIGNATURE_THRESHOLD_MD>
		<SIGNATURE_THRESHOLD_ML>0</SIGNATURE_THRESHOLD_ML>
		<SIGNATURE_THRESHOLD_SAM>0</SIGNATURE_THRESHOLD_SAM>
	</signature>
	<signature ID="20220207_140808337343_996">
		<MACROCLASSID>1</MACROCLASSID>
		<MACROCLASSINFO>waterbody</MACROCLASSINFO>
		<CLASSID>9</CLASSID>
		<CLASSINFO>C 1</CLASSINFO>
		<VALUES>[0.09657472345445839, 0.002448082379414222, 0.08907124162873344, 0.004186282994933094, 0.07738879485987135, 0.004618743175222717, 0.03854352308415056, 0.010714675629962148, 0.02140048560630975, 0.009420152479869616, 0.015515027235129054, 0.007468906103817322]</VALUES>
		<LCS_MIN>[0.08802484720945358, 0.073859304189682, 0.061491284519433975, 0.025031136348843575, 0.009524167515337467, 0.008772964589297771]</LCS_MIN>
		<LCS_MAX>[0.11061457544565201, 0.10371959954500198, 0.09585881978273392, 0.07136424630880356, 0.055106066167354584, 0.04365023970603943]</LCS_MAX>
		<WAVELENGTH>[0.48, 0.56, 0.655, 0.865, 1.61, 2.2]</WAVELENGTH>
		<MEAN_VALUE>[0.09657472345445839, 0.08907124162873344, 0.07738879485987135, 0.03854352308415056, 0.02140048560630975, 0.015515027235129054]</MEAN_VALUE>
		<CHECKBOX>2</CHECKBOX>
		<SD>[0.002448082379414222, 0.004186282994933094, 0.004618743175222717, 0.010714675629962148, 0.009420152479869616, 0.007468906103817322]</SD>
		<WAVELENGTH_UNIT>E-6m</WAVELENGTH_UNIT>
		<COLOR>#b5f86e</COLOR>
		<COVARIANCE_MATRIX>[[6.010997209044366e-06, 8.436166888221569e-06, 9.950302749238996e-06, 6.251248974625093e-06, 8.042847379052818e-06, 7.682007662429727e-06], [8.436166888221569e-06, 1.7577278642960564e-05, 1.8261310435113352e-05, 5.858783613511093e-08, 5.500309484468022e-06, 6.1154273032011775e-06], [9.950302749238996e-06, 1.8261310435113352e-05, 2.1396468484393782e-05, 1.149992452936085e-05, 1.5285660802365595e-05, 1.4333377367437969e-05], [6.251248974625093e-06, 5.858783613511093e-08, 1.149992452936085e-05, 0.00011514697318024598, 9.37335285997549e-05, 6.969953625456525e-05], [8.042847379052818e-06, 5.500309484468022e-06, 1.5285660802365595e-05, 9.37335285997549e-05, 8.900416609546823e-05, 6.791625823938095e-05], [7.682007662429727e-06, 6.1154273032011775e-06, 1.4333377367437969e-05, 6.969953625456525e-05, 6.791625823938095e-05, 5.595107945745351e-05]]</COVARIANCE_MATRIX>
		<ROI_SIZE>336</ROI_SIZE>
		<MAX_VALUE>[0.11061457544565201, 0.10371959954500198, 0.09585881978273392, 0.07136424630880356, 0.055106066167354584, 0.04365023970603943]</MAX_VALUE>
		<MIN_VALUE>[0.08802484720945358, 0.073859304189682, 0.061491284519433975, 0.025031136348843575, 0.009524167515337467, 0.008772964589297771]</MIN_VALUE>
		<SIGNATURE_THRESHOLD_MD>0</SIGNATURE_THRESHOLD_MD>
		<SIGNATURE_THRESHOLD_ML>0</SIGNATURE_THRESHOLD_ML>
		<SIGNATURE_THRESHOLD_SAM>0</SIGNATURE_THRESHOLD_SAM>
	</signature>
	<signature ID="20220207_140823129983_708">
		<MACROCLASSID>1</MACROCLASSID>
		<MACROCLASSINFO>waterbody</MACROCLASSINFO>
		<CLASSID>10</CLASSID>
		<CLASSINFO>C 1</CLASSINFO>
		<VALUES>[0.14195258773801728, 0.006841986610526891, 0.1448479555362513, 0.008734243961307966, 0.15601107394399757, 0.011464636633810185, 0.19626720015667695, 0.012834783212019502, 0.1800359000844403, 0.01779964411077169, 0.14328089527601073, 0.01603390796645194]</VALUES>
		<LCS_MIN>[0.11603397130966187, 0.11694614589214325, 0.12478011846542358, 0.1621524542570114, 0.14431138336658478, 0.1062951534986496]</LCS_MIN>
		<LCS_MAX>[0.16056954860687256, 0.16904740035533905, 0.18777380883693695, 0.23247037827968597, 0.2192438393831253, 0.18095935881137848]</LCS_MAX>
		<WAVELENGTH>[0.48, 0.56, 0.655, 0.865, 1.61, 2.2]</WAVELENGTH>
		<MEAN_VALUE>[0.14195258773801728, 0.1448479555362513, 0.15601107394399757, 0.19626720015667695, 0.1800359000844403, 0.14328089527601073]</MEAN_VALUE>
		<CHECKBOX>2</CHECKBOX>
		<SD>[0.006841986610526891, 0.008734243961307966, 0.011464636633810185, 0.012834783212019502, 0.01779964411077169, 0.01603390796645194]</SD>
		<WAVELENGTH_UNIT>E-6m</WAVELENGTH_UNIT>
		<COLOR>#ec9b54</COLOR>
		<COVARIANCE_MATRIX>[[4.689028538256733e-05, 5.767839705532797e-05, 7.529369491882036e-05, 2.3652773518643364e-05, 5.058497407205868e-05, 6.367698898887355e-05], [5.767839705532797e-05, 7.641332058487588e-05, 9.770429038066592e-05, 4.385216941839496e-05, 7.07313817965974e-05, 8.288262568111095e-05], [7.529369491882036e-05, 9.770429038066592e-05, 0.00013165550555117216, 6.60813496420617e-05, 0.00011763506207927921, 0.00012998995934075541], [2.3652773518643364e-05, 4.385216941839496e-05, 6.60813496420617e-05, 0.0001650043946361261, 0.00018141664699971465, 0.00013813734250471432], [5.058497407205868e-05, 7.07313817965974e-05, 0.00011763506207927921, 0.00018141664699971465, 0.0003173518790305102, 0.0002709374311508935], [6.367698898887355e-05, 8.288262568111095e-05, 0.00012998995934075541, 0.00013813734250471432, 0.0002709374311508935, 0.0002575118440883674]]</COVARIANCE_MATRIX>
		<ROI_SIZE>605</ROI_SIZE>
		<MAX_VALUE>[0.16056954860687256, 0.16904740035533905, 0.18777380883693695, 0.23247037827968597, 0.2192438393831253, 0.18095935881137848]</MAX_VALUE>
		<MIN_VALUE>[0.11603397130966187, 0.11694614589214325, 0.12478011846542358, 0.1621524542570114, 0.14431138336658478, 0.1062951534986496]</MIN_VALUE>
		<SIGNATURE_THRESHOLD_MD>0</SIGNATURE_THRESHOLD_MD>
		<SIGNATURE_THRESHOLD_ML>0</SIGNATURE_THRESHOLD_ML>
		<SIGNATURE_THRESHOLD_SAM>0</SIGNATURE_THRESHOLD_SAM>
	</signature>
	<signature ID="20220207_140827413464_481">
		<MACROCLASSID>1</MACROCLASSID>
		<MACROCLASSINFO>waterbody</MACROCLASSINFO>
		<CLASSID>11</CLASSID>
		<CLASSINFO>C 1</CLASSINFO>
		<VALUES>[0.09687193898820494, 0.0022975479216162846, 0.0890849015180955, 0.0032759030957696276, 0.07858223825532473, 0.004090326081495795, 0.04004137915862859, 0.010262266965557525, 0.023164630236199517, 0.009560130243831212, 0.017158118856699288, 0.007718855185947643]</VALUES>
		<LCS_MIN>[0.09019796550273895, 0.07627388834953308, 0.0631546601653099, 0.020067838951945305, 0.004963296931236982, 0.0034877255093306303]</LCS_MIN>
		<LCS_MAX>[0.10481959581375122, 0.0992124006152153, 0.09438323974609375, 0.0745568573474884, 0.05526703596115112, 0.04783549904823303]</LCS_MAX>
		<WAVELENGTH>[0.48, 0.56, 0.655, 0.865, 1.61, 2.2]</WAVELENGTH>
		<MEAN_VALUE>[0.09687193898820494, 0.0890849015180955, 0.07858223825532473, 0.04004137915862859, 0.023164630236199517, 0.017158118856699288]</MEAN_VALUE>
		<CHECKBOX>2</CHECKBOX>
		<SD>[0.0022975479216162846, 0.0032759030957696276, 0.004090326081495795, 0.010262266965557525, 0.009560130243831212, 0.007718855185947643]</SD>
		<WAVELENGTH_UNIT>E-6m</WAVELENGTH_UNIT>
		<COLOR>#c299bd</COLOR>
		<COVARIANCE_MATRIX>[[5.292993280372279e-06, 6.737278793203482e-06, 8.588764925409368e-06, 9.497953446646217e-06, 1.146029822244263e-05, 9.629410157352647e-06], [6.737278793203482e-06, 1.0760545257988896e-05, 1.2222488401984282e-05, 8.229598628071034e-06, 1.1491991927043202e-05, 1.0034426715433964e-05], [8.588764925409368e-06, 1.2222488401984282e-05, 1.6775985743378106e-05, 1.863447932664636e-05, 2.2870766508433134e-05, 1.924039957215454e-05], [9.497953446646217e-06, 8.229598628071034e-06, 1.863447932664636e-05, 0.00010559875603797425, 9.073270207864141e-05, 6.882420798336092e-05], [1.146029822244263e-05, 1.1491991927043202e-05, 2.2870766508433134e-05, 9.073270207864141e-05, 9.164310673922978e-05, 7.06828992832873e-05], [9.629410157352647e-06, 1.0034426715433964e-05, 1.924039957215454e-05, 6.882420798336092e-05, 7.06828992832873e-05, 5.974175436914872e-05]]</COVARIANCE_MATRIX>
		<ROI_SIZE>371</ROI_SIZE>
		<MAX_VALUE>[0.10481959581375122, 0.0992124006152153, 0.09438323974609375, 0.0745568573474884, 0.05526703596115112, 0.04783549904823303]</MAX_VALUE>
		<MIN_VALUE>[0.09019796550273895, 0.07627388834953308, 0.0631546601653099, 0.020067838951945305, 0.004963296931236982, 0.0034877255093306303]</MIN_VALUE>
		<SIGNATURE_THRESHOLD_MD>0</SIGNATURE_THRESHOLD_MD>
		<SIGNATURE_THRESHOLD_ML>0</SIGNATURE_THRESHOLD_ML>
		<SIGNATURE_THRESHOLD_SAM>0</SIGNATURE_THRESHOLD_SAM>
	</signature>
	<signature ID="20220207_140833683078_210">
		<MACROCLASSID>1</MACROCLASSID>
		<MACROCLASSINFO>waterbody</MACROCLASSINFO>
		<CLASSID>12</CLASSID>
		<CLASSINFO>C 1</CLASSINFO>
		<VALUES>[0.09462737762011021, 0.005283711155649852, 0.08406400356728294, 0.008659145576243329, 0.0740933370848114, 0.009871915652158092, 0.04335976061052999, 0.013484826216626984, 0.026869418258922025, 0.012765385766817985, 0.019207667843035712, 0.009210636925806781]</VALUES>
		<LCS_MIN>[0.07707873731851578, 0.052235398441553116, 0.04067225009202957, 0.018377626314759254, 0.0044535500928759575, 0.0009389991755597293]</LCS_MIN>
		<LCS_MAX>[0.10642930120229721, 0.10058066248893738, 0.09331009536981583, 0.0790909007191658, 0.06111569330096245, 0.04697699472308159]</LCS_MAX>
		<WAVELENGTH>[0.48, 0.56, 0.655, 0.865, 1.61, 2.2]</WAVELENGTH>
		<MEAN_VALUE>[0.09462737762011021, 0.08406400356728294, 0.0740933370848114, 0.04335976061052999, 0.026869418258922025, 0.019207667843035712]</MEAN_VALUE>
		<CHECKBOX>2</CHECKBOX>
		<SD>[0.005283711155649852, 0.008659145576243329, 0.009871915652158092, 0.013484826216626984, 0.012765385766817985, 0.009210636925806781]</SD>
		<WAVELENGTH_UNIT>E-6m</WAVELENGTH_UNIT>
		<COLOR>#4f9967</COLOR>
		<COVARIANCE_MATRIX>[[2.8025393551536768e-05, 4.411994928504586e-05, 5.0617806274592874e-05, -3.6957827861455527e-06, -3.3339785092110866e-06, 6.5337791848154665e-06], [4.411994928504586e-05, 7.527030327702474e-05, 8.473762072758546e-05, -2.1249611745147292e-05, -2.0801888840789852e-05, -6.439533183809216e-07], [5.0617806274592874e-05, 8.473762072758546e-05, 9.783099168827894e-05, -1.3003088709763653e-05, -1.3263987971662653e-05, 7.248895968040924e-06], [-3.6957827861455527e-06, -2.1249611745147292e-05, -1.3003088709763653e-05, 0.00018254262511229307, 0.0001523426006749714, 0.00010592102901554522], [-3.3339785092110866e-06, -2.0801888840789852e-05, -1.3263987971662653e-05, 0.0001523426006749714, 0.00016358424394469738, 0.0001139228061101061], [6.5337791848154665e-06, -6.439533183809216e-07, 7.248895968040924e-06, 0.00010592102901554522, 0.0001139228061101061, 8.516338405617451e-05]]</COVARIANCE_MATRIX>
		<ROI_SIZE>260</ROI_SIZE>
		<MAX_VALUE>[0.10642930120229721, 0.10058066248893738, 0.09331009536981583, 0.0790909007191658, 0.06111569330096245, 0.04697699472308159]</MAX_VALUE>
		<MIN_VALUE>[0.07707873731851578, 0.052235398441553116, 0.04067225009202957, 0.018377626314759254, 0.0044535500928759575, 0.0009389991755597293]</MIN_VALUE>
		<SIGNATURE_THRESHOLD_MD>0</SIGNATURE_THRESHOLD_MD>
		<SIGNATURE_THRESHOLD_ML>0</SIGNATURE_THRESHOLD_ML>
		<SIGNATURE_THRESHOLD_SAM>0</SIGNATURE_THRESHOLD_SAM>
	</signature>
	<signature ID="20220207_140838536357_548">
		<MACROCLASSID>1</MACROCLASSID>
		<MACROCLASSINFO>waterbody</MACROCLASSINFO>
		<CLASSID>13</CLASSID>
		<CLASSINFO>C 1</CLASSINFO>
		<VALUES>[0.0938816226018972, 0.003266727023368983, 0.0840737122993964, 0.005403453357602101, 0.07540340868361073, 0.0064805752521071465, 0.04537179646811961, 0.012810560023411749, 0.025746802005158862, 0.01076156898461406, 0.017712140040576953, 0.008332610632638586]</VALUES>
		<LCS_MIN>[0.08099572360515594, 0.05899622663855553, 0.047459907829761505, 0.028760317713022232, 0.014621620066463947, 0.00501695740967989]</LCS_MIN>
		<LCS_MAX>[0.10345133394002914, 0.09706611186265945, 0.0922369509935379, 0.07750800251960754, 0.06229615956544876, 0.05220857262611389]</LCS_MAX>
		<WAVELENGTH>[0.48, 0.56, 0.655, 0.865, 1.61, 2.2]</WAVELENGTH>
		<MEAN_VALUE>[0.0938816226018972, 0.0840737122993964, 0.07540340868361073, 0.04537179646811961, 0.025746802005158862, 0.017712140040576953]</MEAN_VALUE>
		<CHECKBOX>2</CHECKBOX>
		<SD>[0.003266727023368983, 0.005403453357602101, 0.0064805752521071465, 0.012810560023411749, 0.01076156898461406, 0.008332610632638586]</SD>
		<WAVELENGTH_UNIT>E-6m</WAVELENGTH_UNIT>
		<COLOR>#23db39</COLOR>
		<COVARIANCE_MATRIX>[[1.0717903294970955e-05, 1.6529898350027502e-05, 1.9966777207410773e-05, -2.885351983989836e-06, 2.0949675358995697e-06, 7.426188152321185e-06], [1.6529898350027502e-05, 2.9324253005989266e-05, 3.4229959663204074e-05, -1.4316277210497599e-05, -4.3382062884620855e-06, 5.737720672674625e-06], [1.9966777207410773e-05, 3.4229959663204074e-05, 4.218045497038971e-05, -1.3256242456007375e-05, 2.765293744011737e-07, 1.1917342903691623e-05], [-2.885351983989836e-06, -1.4316277210497599e-05, -1.3256242456007375e-05, 0.00016482397180088505, 0.00012927623876757573, 8.830901877741509e-05], [2.0949675358995697e-06, -4.3382062884620855e-06, 2.765293744011737e-07, 0.00012927623876757573, 0.00011631489469326212, 8.412995512257999e-05], [7.426188152321185e-06, 5.737720672674625e-06, 1.1917342903691623e-05, 8.830901877741509e-05, 8.412995512257999e-05, 6.973427995496669e-05]]</COVARIANCE_MATRIX>
		<ROI_SIZE>231</ROI_SIZE>
		<MAX_VALUE>[0.10345133394002914, 0.09706611186265945, 0.0922369509935379, 0.07750800251960754, 0.06229615956544876, 0.05220857262611389]</MAX_VALUE>
		<MIN_VALUE>[0.08099572360515594, 0.05899622663855553, 0.047459907829761505, 0.028760317713022232, 0.014621620066463947, 0.00501695740967989]</MIN_VALUE>
		<SIGNATURE_THRESHOLD_MD>0</SIGNATURE_THRESHOLD_MD>
		<SIGNATURE_THRESHOLD_ML>0</SIGNATURE_THRESHOLD_ML>
		<SIGNATURE_THRESHOLD_SAM>0</SIGNATURE_THRESHOLD_SAM>
	</signature>
	<signature ID="20220207_140847123366_957">
		<MACROCLASSID>1</MACROCLASSID>
		<MACROCLASSINFO>waterbody</MACROCLASSINFO>
		<CLASSID>14</CLASSID>
		<CLASSINFO>C 1</CLASSINFO>
		<VALUES>[0.10265352596577847, 0.00524621797954572, 0.09746994313440824, 0.007745829407690243, 0.07803469533590895, 0.013142054008537648, 0.0643393694374122, 0.02572339024732817, 0.04687814360582512, 0.020544614383396432, 0.03332754881366303, 0.013777720127957475]</VALUES>
		<LCS_MIN>[0.09701244533061981, 0.0882662907242775, 0.06189372017979622, 0.02935055084526539, 0.01607036590576172, 0.012394835241138935]</LCS_MIN>
		<LCS_MAX>[0.11638274043798447, 0.11842172592878342, 0.10626833140850067, 0.12751664221286774, 0.08045916259288788, 0.058379169553518295]</LCS_MAX>
		<WAVELENGTH>[0.48, 0.56, 0.655, 0.865, 1.61, 2.2]</WAVELENGTH>
		<MEAN_VALUE>[0.10265352596577847, 0.09746994313440824, 0.07803469533590895, 0.0643393694374122, 0.04687814360582512, 0.03332754881366303]</MEAN_VALUE>
		<CHECKBOX>2</CHECKBOX>
		<SD>[0.00524621797954572, 0.007745829407690243, 0.013142054008537648, 0.02572339024732817, 0.020544614383396432, 0.013777720127957475]</SD>
		<WAVELENGTH_UNIT>E-6m</WAVELENGTH_UNIT>
		<COLOR>#009f11</COLOR>
		<COVARIANCE_MATRIX>[[2.8266662631852265e-05, 4.0758203272656084e-05, 6.426712068148054e-05, 3.321424800638673e-05, 2.4879817980802745e-05, 2.301276212191661e-05], [4.0758203272656084e-05, 6.161943735393193e-05, 9.470934856370758e-05, 4.615517727311014e-05, 2.688578855348784e-05, 2.7430043875047645e-05], [6.426712068148054e-05, 9.470934856370758e-05, 0.00017738151825422117, 0.00015147368131661457, 0.00011201653489446274, 8.515190693004666e-05], [3.321424800638673e-05, 4.615517727311014e-05, 0.00015147368131661457, 0.0006795763951627257, 0.000488598631605247, 0.00028369147965920545], [2.4879817980802745e-05, 2.688578855348784e-05, 0.00011201653489446274, 0.000488598631605247, 0.00043348877962630974, 0.0002766362339813812], [2.301276212191661e-05, 2.7430043875047645e-05, 8.515190693004666e-05, 0.00028369147965920545, 0.0002766362339813812, 0.0001949559927871441]]</COVARIANCE_MATRIX>
		<ROI_SIZE>38</ROI_SIZE>
		<MAX_VALUE>[0.11638274043798447, 0.11842172592878342, 0.10626833140850067, 0.12751664221286774, 0.08045916259288788, 0.058379169553518295]</MAX_VALUE>
		<MIN_VALUE>[0.09701244533061981, 0.0882662907242775, 0.06189372017979622, 0.02935055084526539, 0.01607036590576172, 0.012394835241138935]</MIN_VALUE>
		<SIGNATURE_THRESHOLD_MD>0</SIGNATURE_THRESHOLD_MD>
		<SIGNATURE_THRESHOLD_ML>0</SIGNATURE_THRESHOLD_ML>
		<SIGNATURE_THRESHOLD_SAM>0</SIGNATURE_THRESHOLD_SAM>
	</signature>
	<signature ID="20220207_140853963943_513">
		<MACROCLASSID>1</MACROCLASSID>
		<MACROCLASSINFO>waterbody</MACROCLASSINFO>
		<CLASSID>15</CLASSID>
		<CLASSINFO>C 1</CLASSINFO>
		<VALUES>[0.09077056305749075, 0.006383198713936557, 0.07770807210888182, 0.010403480430820485, 0.06031543176089017, 0.0138945152043308, 0.04022382918213095, 0.014841645497854137, 0.025865892533745088, 0.011421548780818394, 0.01981871209240386, 0.00969362331448437]</VALUES>
		<LCS_MIN>[0.07705191522836685, 0.0552402101457119, 0.03621870279312134, 0.021865352988243103, 0.00917540118098259, 0.006733985152095556]</LCS_MIN>
		<LCS_MAX>[0.1003660261631012, 0.0951344445347786, 0.08877605199813843, 0.08408103883266449, 0.05218174681067467, 0.04394535720348358]</LCS_MAX>
		<WAVELENGTH>[0.48, 0.56, 0.655, 0.865, 1.61, 2.2]</WAVELENGTH>
		<MEAN_VALUE>[0.09077056305749075, 0.07770807210888182, 0.06031543176089017, 0.04022382918213095, 0.025865892533745088, 0.01981871209240386]</MEAN_VALUE>
		<CHECKBOX>2</CHECKBOX>
		<SD>[0.006383198713936557, 0.010403480430820485, 0.0138945152043308, 0.014841645497854137, 0.011421548780818394, 0.00969362331448437]</SD>
		<WAVELENGTH_UNIT>E-6m</WAVELENGTH_UNIT>
		<COLOR>#e92108</COLOR>
		<COVARIANCE_MATRIX>[[4.194361481635436e-05, 6.557595565793336e-05, 8.597344538488388e-05, 1.5170214697292726e-05, 3.615173325689486e-05, 4.049414458530432e-05], [6.557595565793336e-05, 0.00011141571110606659, 0.00014180176867089936, 1.8193377415669237e-05, 5.091310565931664e-05, 6.282583877053825e-05], [8.597344538488388e-05, 0.00014180176867089936, 0.00019873571607994937, 6.274264176856623e-05, 8.805795446902292e-05, 9.54048668062445e-05], [1.5170214697292726e-05, 1.8193377415669237e-05, 6.274264176856623e-05, 0.00022675310111585555, 0.00013895821721887595, 9.592796242843226e-05], [3.615173325689486e-05, 5.091310565931664e-05, 8.805795446902292e-05, 0.00013895821721887595, 0.000134288593510044, 0.00010837456784474492], [4.049414458530432e-05, 6.282583877053825e-05, 9.54048668062445e-05, 9.592796242843226e-05, 0.00010837456784474492, 9.673004863850066e-05]]</COVARIANCE_MATRIX>
		<ROI_SIZE>35</ROI_SIZE>
		<MAX_VALUE>[0.1003660261631012, 0.0951344445347786, 0.08877605199813843, 0.08408103883266449, 0.05218174681067467, 0.04394535720348358]</MAX_VALUE>
		<MIN_VALUE>[0.07705191522836685, 0.0552402101457119, 0.03621870279312134, 0.021865352988243103, 0.00917540118098259, 0.006733985152095556]</MIN_VALUE>
		<SIGNATURE_THRESHOLD_MD>0</SIGNATURE_THRESHOLD_MD>
		<SIGNATURE_THRESHOLD_ML>0</SIGNATURE_THRESHOLD_ML>
		<SIGNATURE_THRESHOLD_SAM>0</SIGNATURE_THRESHOLD_SAM>
	</signature>
	<signature ID="20220207_140908101179_886">
		<MACROCLASSID>1</MACROCLASSID>
		<MACROCLASSINFO>waterbody</MACROCLASSINFO>
		<CLASSID>16</CLASSID>
		<CLASSINFO>C 1</CLASSINFO>
		<VALUES>[0.09018572733590476, 0.003036098716526395, 0.07834345991151372, 0.004398576830620527, 0.061534126011426, 0.007229312164777938, 0.035645405418778725, 0.01357300723909859, 0.02516622343835862, 0.01283466020382144, 0.019725182453137747, 0.010486369516089746]</VALUES>
		<LCS_MIN>[0.08550294488668442, 0.07208860665559769, 0.051108602434396744, 0.01880688965320587, 0.006573014426976442, 0.006546189077198505]</LCS_MIN>
