<?xml version="1.0" ?>
<signaturelist MCID_LIST="[['1', 'waterbody', '#000000'], ['2', 'vegetation', '#000000'], ['3', 'bareland', '#000000'], ['4', 'built-up', '#000000']]">
	<signature ID="20220207_140716945654_388">
		<MACROCLASSID>1</MACROCLASSID>
		<MACROCLASSINFO>waterbody</MACROCLASSINFO>
		<CLASSID>1</CLASSID>
		<CLASSINFO>C 1</CLASSINFO>
		<VALUES>[0.07406114790059956, 0.0006568314866460203, 0.057452544004413526, 0.0011787950387697232, 0.0355227580091151, 0.0009483877013533262, 0.014609672294210374, 0.0004458079975620477, 0.004256893639843116, 0.00029017914656889043, 0.002809650776869385, 0.00023583190065949543]</VALUES>
		<LCS_MIN>[0.07249104231595993, 0.05456950515508652, 0.03369680047035217, 0.013441154733300209, 0.0034340652637183666, 0.002146289683878422]</LCS_MIN>
		<LCS_MAX>[0.07581780105829239, 0.06025717034935951, 0.037747934460639954, 0.02095317840576172, 0.009229050949215889, 0.005177928134799004]</LCS_MAX>
		<WAVELENGTH>[0.48, 0.56, 0.655, 0.865, 1.61, 2.2]</WAVELENGTH>
		<MEAN_VALUE>[0.07406114790059956, 0.057452544004413526, 0.0355227580091151, 0.014609672294210374, 0.004256893639843116, 0.002809650776869385]</MEAN_VALUE>
		<CHECKBOX>2</CHECKBOX>
		<SD>[0.0006568314866460203, 0.0011787950387697232, 0.0009483877013533262, 0.0004458079975620477, 0.00029017914656889043, 0.00023583190065949543]</SD>
		<WAVELENGTH_UNIT>E-6m</WAVELENGTH_UNIT>
		<COLOR>#b98065</COLOR>
		<COVARIANCE_MATRIX>[[4.55802251053683e-07, 7.221208875307639e-07, 5.5211654625964e-07, 1.6847452855017764e-07, 3.5142232235330084e-08, 8.367169179734901e-09], [7.221208875307639e-07, 1.3829287581756944e-06, 9.674282637206488e-07, 2.271514176754863e-07, 2.2574376146167197e-08, -1.682778716372013e-08], [5.5211654625964e-07, 9.674282637206488e-07, 8.891302627489495e-07, 1.8572374926861812e-07, 1.2583038611069242e-08, -4.281899723679317e-09], [1.6847452855017764e-07, 2.271514176754863e-07, 1.8572374926861812e-07, 2.031890034004391e-07, 7.723691197725202e-08, 4.417241683540851e-08], [3.5142232235330084e-08, 2.2574376146167197e-08, 1.2583038611069242e-08, 7.723691197725202e-08, 8.118335870221927e-08, 3.951058857865064e-08], [8.367169179734901e-09, -1.682778716372013e-08, -4.281899723679317e-09, 4.417241683540851e-08, 3.951058857865064e-08, 5.1003453904741036e-08]]</COVARIANCE_MATRIX>
		<ROI_SIZE>10201</ROI_SIZE>
		<MAX_VALUE>[0.07581780105829239, 0.06025717034935951, 0.037747934460639954, 0.02095317840576172, 0.009229050949215889, 0.005177928134799004]</MAX_VALUE>
		<MIN_VALUE>[0.07249104231595993, 0.05456950515508652, 0.03369680047035217, 0.013441154733300209, 0.0034340652637183666, 0.002146289683878422]</MIN_VALUE>
		<SIGNATURE_THRESHOLD_MD>0.0</SIGNATURE_THRESHOLD_MD>
		<SIGNATURE_THRESHOLD_ML>0.0</SIGNATURE_THRESHOLD_ML>
		<SIGNATURE_THRESHOLD_SAM>0.0</SIGNATURE_THRESHOLD_SAM>
	</signature>
	<signature ID="20220207_140723926407_797">
		<MACROCLASSID>1</MACROCLASSID>
		<MACROCLASSINFO>waterbody</MACROCLASSINFO>
		<CLASSID>2</CLASSID>
		<CLASSINFO>C 1</CLASSINFO>
		<VALUES>[0.07443536221297337, 0.0020003794767290517, 0.05578617820634462, 0.005267043617154387, 0.039658655941660945, 0.0069517186497766595, 0.017459676526211512, 0.00494070135122001, 0.0062353576711784145, 0.003066137105642638, 0.0040459049357684925, 0.0016480824884863886]</VALUES>
		<LCS_MIN>[0.07125692814588547, 0.048506226390600204, 0.03125538304448128, 0.006841305643320084, 0.002977978205308318, 0.002334085525944829]</LCS_MIN>
		<LCS_MAX>[0.08005672693252563, 0.07348371297121048, 0.06591802835464478, 0.05529388040304184, 0.03635282814502716, 0.020282460376620293]</LCS_MAX>
		<WAVELENGTH>[0.48, 0.56, 0.655, 0.865, 1.61, 2.2]</WAVELENGTH>
		<MEAN_VALUE>[0.07443536221297337, 0.05578617820634462, 0.039658655941660945, 0.017459676526211512, 0.0062353576711784145, 0.0040459049357684925]</MEAN_VALUE>
		<CHECKBOX>2</CHECKBOX>
		<SD>[0.0020003794767290517, 0.005267043617154387, 0.0069517186497766595, 0.00494070135122001, 0.003066137105642638, 0.0016480824884863886]</SD>
		<WAVELENGTH_UNIT>E-6m</WAVELENGTH_UNIT>
		<COLOR>#299f2e</COLOR>
		<COVARIANCE_MATRIX>[[6.046108410373563e-06, 1.6403917470597662e-05, 2.2914096916792914e-05, 2.6472955596545944e-06, 5.638800644192088e-07, 5.888680902899068e-07], [1.6403917470597662e-05, 4.598162922775373e-05, 6.420217687264085e-05, 7.984319381648675e-06, 1.973382268261048e-06, 1.8374128103459952e-06], [2.2914096916792914e-05, 6.420217687264085e-05, 9.122901974478737e-05, 1.1574607924558222e-05, 2.9576940505648963e-06, 2.6959166916640243e-06], [2.6472955596545944e-06, 7.984319381648675e-06, 1.1574607924558222e-05, 1.684975177340675e-05, 9.877068805508316e-06, 5.241548024059739e-06], [5.638800644192088e-07, 1.973382268261048e-06, 2.9576940505648963e-06, 9.877068805508316e-06, 6.53208826406626e-06, 3.53121367879794e-06], [5.888680902899068e-07, 1.8374128103459952e-06, 2.6959166916640243e-06, 5.241548024059739e-06, 3.53121367879794e-06, 2.023716888288618e-06]]</COVARIANCE_MATRIX>
		<ROI_SIZE>7768</ROI_SIZE>
		<MAX_VALUE>[0.08005672693252563, 0.07348371297121048, 0.06591802835464478, 0.05529388040304184, 0.03635282814502716, 0.020282460376620293]</MAX_VALUE>
		<MIN_VALUE>[0.07125692814588547, 0.048506226390600204, 0.03125538304448128, 0.006841305643320084, 0.002977978205308318, 0.002334085525944829]</MIN_VALUE>
		<SIGNATURE_THRESHOLD_MD>0.0</SIGNATURE_THRESHOLD_MD>
		<SIGNATURE_THRESHOLD_ML>0.0</SIGNATURE_THRESHOLD_ML>
		<SIGNATURE_THRESHOLD_SAM>0.0</SIGNATURE_THRESHOLD_SAM>
	</signature>
	<signature ID="20220207_140729526092_343">
		<MACROCLASSID>1</MACROCLASSID>
		<MACROCLASSINFO>waterbody</MACROCLASSINFO>
		<CLASSID>3</CLASSID>
		<CLASSINFO>C 1</CLASSINFO>
		<VALUES>[0.07788676405343814, 0.0010065967840756983, 0.06312425836851213, 0.0022499600124140655, 0.04356572027766458, 0.004357044520885449, 0.018354905868719396, 0.0038817393064044295, 0.005825412159770533, 0.0025100127741985827, 0.0037793442451972375, 0.0013900035337389752]</VALUES>
		<LCS_MIN>[0.07495927810668945, 0.05746699497103691, 0.036030884832143784, 0.010785117745399475, 0.003621861105784774, 0.0027633472345769405]</LCS_MIN>
		<LCS_MAX>[0.0811835452914238, 0.07192763686180115, 0.06124983727931976, 0.05596458911895752, 0.04123565927147865, 0.021972673013806343]</LCS_MAX>
		<WAVELENGTH>[0.48, 0.56, 0.655, 0.865, 1.61, 2.2]</WAVELENGTH>
		<MEAN_VALUE>[0.07788676405343814, 0.06312425836851213, 0.04356572027766458, 0.018354905868719396, 0.005825412159770533, 0.0037793442451972375]</MEAN_VALUE>
		<CHECKBOX>2</CHECKBOX>
		<SD>[0.0010065967840756983, 0.0022499600124140655, 0.004357044520885449, 0.0038817393064044295, 0.0025100127741985827, 0.0013900035337389752]</SD>
		<WAVELENGTH_UNIT>E-6m</WAVELENGTH_UNIT>
		<COLOR>#02f21c</COLOR>
		<COVARIANCE_MATRIX>[[9.640785947340191e-07, 1.9677484033309156e-06, 3.926401859644102e-06, 1.6412270724686095e-06, 5.752156653215934e-07, 3.226429896585614e-07], [1.9677484033309156e-06, 4.479505150811747e-06, 8.356475518667139e-06, 3.296605427749455e-06, 1.161896534540574e-06, 6.566688171005808e-07], [3.926401859644102e-06, 8.356475518667139e-06, 1.826688639994245e-05, 7.474564426956931e-06, 2.568784793766099e-06, 1.443165160708304e-06], [1.6412270724686095e-06, 3.296605427749455e-06, 7.474564426956931e-06, 1.2120978681195993e-05, 6.829333869973198e-06, 3.7092718230269384e-06], [5.752156653215934e-07, 1.161896534540574e-06, 2.568784793766099e-06, 6.829333869973198e-06, 4.930082923237933e-06, 2.6641453132469906e-06], [3.226429896585614e-07, 6.566688171005808e-07, 1.443165160708304e-06, 3.7092718230269384e-06, 2.6641453132469906e-06, 1.5115616633920581e-06]]</COVARIANCE_MATRIX>
		<ROI_SIZE>7513</ROI_SIZE>
		<MAX_VALUE>[0.0811835452914238, 0.07192763686180115, 0.06124983727931976, 0.05596458911895752, 0.04123565927147865, 0.021972673013806343]</MAX_VALUE>
		<MIN_VALUE>[0.07495927810668945, 0.05746699497103691, 0.036030884832143784, 0.010785117745399475, 0.003621861105784774, 0.0027633472345769405]</MIN_VALUE>
		<SIGNATURE_THRESHOLD_MD>0.0</SIGNATURE_THRESHOLD_MD>
		<SIGNATURE_THRESHOLD_ML>0.0</SIGNATURE_THRESHOLD_ML>
		<SIGNATURE_THRESHOLD_SAM>0.0</SIGNATURE_THRESHOLD_SAM>
	</signature>
	<signature ID="20220207_140735494756_809">
		<MACROCLASSID>1</MACROCLASSID>
		<MACROCLASSINFO>waterbody</MACROCLASSINFO>
		<CLASSID>4</CLASSID>
		<CLASSINFO>C 1</CLASSINFO>
		<VALUES>[0.07669400431433, 0.000656360575812177, 0.06838287082551327, 0.0018454440312964024, 0.044643521604962565, 0.0018556886548466692, 0.020075444105465204, 0.0038143325347436844, 0.007646317525994167, 0.0038945866074604775, 0.005239990221736769, 0.00282442599458389]</VALUES>
		<LCS_MIN>[0.0743153914809227, 0.06208151578903198, 0.03933081403374672, 0.0, 0.0, 0.0004829121462535113]</LCS_MIN>
		<LCS_MAX>[0.07986893504858017, 0.07439588755369186, 0.05840599536895752, 0.05725235491991043, 0.04499165713787079, 0.032409023493528366]</LCS_MAX>
		<WAVELENGTH>[0.48, 0.56, 0.655, 0.865, 1.61, 2.2]</WAVELENGTH>
		<MEAN_VALUE>[0.07669400431433, 0.06838287082551327, 0.044643521604962565, 0.020075444105465204, 0.007646317525994167, 0.005239990221736769]</MEAN_VALUE>
		<CHECKBOX>2</CHECKBOX>
		<SD>[0.000656360575812177, 0.0018454440312964024, 0.0018556886548466692, 0.0038143325347436844, 0.0038945866074604775, 0.00282442599458389]</SD>
		<WAVELENGTH_UNIT>E-6m</WAVELENGTH_UNIT>
		<COLOR>#36eaac</COLOR>
		<COVARIANCE_MATRIX>[[4.6531513930858637e-07, 9.955077757695108e-07, 1.1675140285660746e-06, 9.166769245894102e-07, 7.927177989586198e-07, 6.016350653226255e-07], [9.955077757695108e-07, 3.0591190807172097e-06, 2.922232397395419e-06, 8.324635132339608e-07, 2.805689689466817e-07, 2.3400046700317034e-07], [1.1675140285660746e-06, 2.922232397395419e-06, 4.408377208164893e-06, 4.730144155473681e-06, 4.37171729572583e-06, 3.1969377687346423e-06], [9.166769245894102e-07, 8.324635132339608e-07, 4.730144155473681e-06, 1.6615558706689626e-05, 1.6221863916143775e-05, 1.123761830967851e-05], [7.927177989586198e-07, 2.805689689466817e-07, 4.37171729572583e-06, 1.6221863916143775e-05, 1.7332054994767532e-05, 1.2338548913248815e-05], [6.016350653226255e-07, 2.3400046700317034e-07, 3.1969377687346423e-06, 1.123761830967851e-05, 1.2338548913248815e-05, 9.081170901481528e-06]]</COVARIANCE_MATRIX>
		<ROI_SIZE>3133</ROI_SIZE>
		<MAX_VALUE>[0.07986893504858017, 0.07439588755369186, 0.05840599536895752, 0.05725235491991043, 0.04499165713787079, 0.032409023493528366]</MAX_VALUE>
		<MIN_VALUE>[0.0743153914809227, 0.06208151578903198, 0.03933081403374672, 0.0, 0.0, 0.0004829121462535113]</MIN_VALUE>
		<SIGNATURE_THRESHOLD_MD>0.0</SIGNATURE_THRESHOLD_MD>
		<SIGNATURE_THRESHOLD_ML>0.0</SIGNATURE_THRESHOLD_ML>
		<SIGNATURE_THRESHOLD_SAM>0.0</SIGNATURE_THRESHOLD_SAM>
	</signature>
	<signature ID="20220207_140739367367_418">
		<MACROCLASSID>1</MACROCLASSID>
		<MACROCLASSINFO>waterbody</MACROCLASSINFO>
		<CLASSID>5</CLASSID>
		<CLASSINFO>C 1</CLASSINFO>
		<VALUES>[0.07770903476676659, 0.0007388251694456163, 0.05875262435925992, 0.0014732273663192665, 0.036859135584289895, 0.0023076797548423345, 0.018041358215136874, 0.003569730123573066, 0.007580600067334425, 0.003997912193144183, 0.005273720071424884, 0.003086857968088691]</VALUES>
		<LCS_MIN>[0.07613974064588547, 0.05674261972308159, 0.03471629321575165, 0.012743611820042133, 0.0032730945385992527, 0.0033535799011588097]</LCS_MIN>
		<LCS_MAX>[0.08394689112901688, 0.07179351150989532, 0.06224248930811882, 0.05617921054363251, 0.045957501977682114, 0.03278462588787079]</LCS_MAX>
		<WAVELENGTH>[0.48, 0.56, 0.655, 0.865, 1.61, 2.2]</WAVELENGTH>
		<MEAN_VALUE>[0.07770903476676659, 0.05875262435925992, 0.036859135584289895, 0.018041358215136874, 0.007580600067334425, 0.005273720071424884]</MEAN_VALUE>
		<CHECKBOX>2</CHECKBOX>
		<SD>[0.0007388251694456163, 0.0014732273663192665, 0.0023076797548423345, 0.003569730123573066, 0.003997912193144183, 0.003086857968088691]</SD>
		<WAVELENGTH_UNIT>E-6m</WAVELENGTH_UNIT>
		<COLOR>#a18cd8</COLOR>
		<COVARIANCE_MATRIX>[[3.839679152406461e-07, 5.873385475752002e-07, 8.763201435613155e-07, 1.1070777645727503e-06, 1.2572468222060706e-06, 1.023481786432967e-06], [5.873385475752002e-07, 1.3773636737823836e-06, 1.7715233298076782e-06, 2.493422925908817e-06, 2.831646042977809e-06, 2.2928184080228675e-06], [8.763201435613155e-07, 1.7715233298076782e-06, 3.419011591176968e-06, 4.943880412611179e-06, 5.382057679526042e-06, 4.2107212721020915e-06], [1.1070777645727503e-06, 2.493422925908817e-06, 4.943880412611179e-06, 9.360097465105355e-06, 9.7808242571773e-06, 7.3222850005549844e-06], [1.2572468222060706e-06, 2.831646042977809e-06, 5.382057679526042e-06, 9.7808242571773e-06, 1.2056026207574178e-05, 9.138323548540939e-06], [1.023481786432967e-06, 2.2928184080228675e-06, 4.2107212721020915e-06, 7.3222850005549844e-06, 9.138323548540939e-06, 7.171900506364182e-06]]</COVARIANCE_MATRIX>
		<ROI_SIZE>4658</ROI_SIZE>
		<MAX_VALUE>[0.08394689112901688, 0.07179351150989532, 0.06224248930811882, 0.05617921054363251, 0.045957501977682114, 0.03278462588787079]</MAX_VALUE>
		<MIN_VALUE>[0.07613974064588547, 0.05674261972308159, 0.03471629321575165, 0.012743611820042133, 0.0032730945385992527, 0.0033535799011588097]</MIN_VALUE>
		<SIGNATURE_THRESHOLD_MD>0.0</SIGNATURE_THRESHOLD_MD>
		<SIGNATURE_THRESHOLD_ML>0.0</SIGNATURE_THRESHOLD_ML>
		<SIGNATURE_THRESHOLD_SAM>0.0</SIGNATURE_THRESHOLD_SAM>
	</signature>
	<signature ID="20220207_140743543671_733">
		<MACROCLASSID>1</MACROCLASSID>
		<MACROCLASSINFO>waterbody</MACROCLASSINFO>
		<CLASSID>6</CLASSID>
		<CLASSINFO>C 1</CLASSINFO>
		<VALUES>[0.07790978808766749, 0.0008681708614881447, 0.059493874974686584, 0.0014974587330356035, 0.036911447589440614, 0.002646448264007163, 0.018711022757772817, 0.004695209065332988, 0.008653670168683156, 0.0052121582303390444, 0.006206556159577692, 0.004142413486852966]</VALUES>
		<LCS_MIN>[0.07608608901500702, 0.056876763701438904, 0.03474311903119087, 0.012985068373382092, 0.0003487665671855211, 0.0032462594099342823]</LCS_MIN>
		<LCS_MAX>[0.08649561554193497, 0.068976491689682, 0.059318169951438904, 0.05432803928852081, 0.04552823677659035, 0.03600405901670456]</LCS_MAX>
		<WAVELENGTH>[0.48, 0.56, 0.655, 0.865, 1.61, 2.2]</WAVELENGTH>
		<MEAN_VALUE>[0.07790978808766749, 0.059493874974686584, 0.036911447589440614, 0.018711022757772817, 0.008653670168683156, 0.006206556159577692]</MEAN_VALUE>
		<CHECKBOX>2</CHECKBOX>
		<SD>[0.0008681708614881447, 0.0014974587330356035, 0.002646448264007163, 0.004695209065332988, 0.0052121582303390444, 0.004142413486852966]</SD>
		<WAVELENGTH_UNIT>E-6m</WAVELENGTH_UNIT>
		<COLOR>#2f0c12</COLOR>
		<COVARIANCE_MATRIX>[[5.183900384508888e-07, 7.684431579946249e-07, 1.099855239772296e-06, 1.6405298310928629e-06, 1.8663125729290186e-06, 1.5379163187390077e-06], [7.684431579946249e-07, 1.4685658697999315e-06, 2.0436914383026306e-06, 2.9978207294334425e-06, 3.294387852292857e-06, 2.666525915628881e-06], [1.099855239772296e-06, 2.0436914383026306e-06, 4.644932232622523e-06, 7.65985078032827e-06, 8.533681466360576e-06, 6.767118065909017e-06], [1.6405298310928629e-06, 2.9978207294334425e-06, 7.65985078032827e-06, 1.544596307212487e-05, 1.6754076568759046e-05, 1.2747811524604913e-05], [1.8663125729290186e-06, 3.294387852292857e-06, 8.533681466360576e-06, 1.6754076568759046e-05, 2.041133848251775e-05, 1.5742141840746626e-05], [1.5379163187390077e-06, 2.666525915628881e-06, 6.767118065909017e-06, 1.2747811524604913e-05, 1.5742141840746626e-05, 1.2562735719257034e-05]]</COVARIANCE_MATRIX>
		<ROI_SIZE>3882</ROI_SIZE>
		<MAX_VALUE>[0.08649561554193497, 0.068976491689682, 0.059318169951438904, 0.05432803928852081, 0.04552823677659035, 0.03600405901670456]</MAX_VALUE>
		<MIN_VALUE>[0.07608608901500702, 0.056876763701438904, 0.03474311903119087, 0.012985068373382092, 0.0003487665671855211, 0.0032462594099342823]</MIN_VALUE>
		<SIGNATURE_THRESHOLD_MD>0.0</SIGNATURE_THRESHOLD_MD>
		<SIGNATURE_THRESHOLD_ML>0.0</SIGNATURE_THRESHOLD_ML>
		<SIGNATURE_THRESHOLD_SAM>0.0</SIGNATURE_THRESHOLD_SAM>
	</signature>
	<signature ID="20220207_140753549635_469">
		<MACROCLASSID>1</MACROCLASSID>
		<MACROCLASSINFO>waterbody</MACROCLASSINFO>
		<CLASSID>7</CLASSID>
		<CLASSINFO>C 1</CLASSINFO>
		<VALUES>[0.10058598659075929, 0.0025994852960327343, 0.09206989571088693, 0.003524094509390674, 0.0782830473360077, 0.004667675190066336, 0.03999555091461238, 0.012017501425800617, 0.02454943794964808, 0.011305001440036894, 0.019048627246924098, 0.009712938482199611]</VALUES>
		<LCS_MIN>[0.08831996470689774, 0.06269857287406921, 0.05124275013804436, 0.026292087510228157, 0.012046068906784058, 0.006733985152095556]</LCS_MIN>
		<LCS_MAX>[0.1089780256152153, 0.10264645516872406, 0.09196866303682327, 0.0739666223526001, 0.05507924035191536, 0.053550008684396744]</LCS_MAX>
		<WAVELENGTH>[0.48, 0.56, 0.655, 0.865, 1.61, 2.2]</WAVELENGTH>
		<MEAN_VALUE>[0.10058598659075929, 0.09206989571088693, 0.0782830473360077, 0.03999555091461238, 0.02454943794964808, 0.019048627246924098]</MEAN_VALUE>
		<CHECKBOX>2</CHECKBOX>
		<SD>[0.0025994852960327343, 0.003524094509390674, 0.004667675190066336, 0.012017501425800617, 0.011305001440036894, 0.009712938482199611]</SD>
		<WAVELENGTH_UNIT>E-6m</WAVELENGTH_UNIT>
		<COLOR>#c9d080</COLOR>
		<COVARIANCE_MATRIX>[[1.2568178135552444e-05, 1.597747359483037e-05, 2.0884632249362767e-05, 1.538688775326591e-05, 1.3768161807092838e-05, 1.44021469168365e-05], [1.597747359483037e-05, 2.820517693180591e-05, 2.9931838071206585e-05, 3.932444542442681e-06, 6.5187018662982155e-06, 1.1488041309348773e-05], [2.0884632249362767e-05, 2.9931838071206585e-05, 4.02426921937149e-05, 2.943841172964312e-05, 2.8555261451401748e-05, 2.852230863936711e-05], [1.538688775326591e-05, 3.932444542442681e-06, 2.943841172964312e-05, 0.00014743748761247844, 0.00012622133363038301, 0.00010116489283973351], [1.3768161807092838e-05, 6.5187018662982155e-06, 2.8555261451401748e-05, 0.00012622133363038301, 0.00012509651423897594, 0.00010137263598153368], [1.44021469168365e-05, 1.1488041309348773e-05, 2.852230863936711e-05, 0.00010116489283973351, 0.00010137263598153368, 8.956303645391017e-05]]</COVARIANCE_MATRIX>
		<ROI_SIZE>440</ROI_SIZE>
		<MAX_VALUE>[0.1089780256152153, 0.10264645516872406, 0.09196866303682327, 0.0739666223526001, 0.05507924035191536, 0.053550008684396744]</MAX_VALUE>
		<MIN_VALUE>[0.08831996470689774, 0.06269857287406921, 0.05124275013804436, 0.026292087510228157, 0.012046068906784058, 0.006733985152095556]</MIN_VALUE>
		<SIGNATURE_THRESHOLD_MD>0.0</SIGNATURE_THRESHOLD_MD>
		<SIGNATURE_THRESHOLD_ML>0.0</SIGNATURE_THRESHOLD_ML>
		<SIGNATURE_THRESHOLD_SAM>0.0</SIGNATURE_THRESHOLD_SAM>
	</signature>
	<signature ID="20220207_140801924476_477">
		<MACROCLASSID>1</MACROCLASSID>
		<MACROCLASSINFO>waterbody</MACROCLASSINFO>
		<CLASSID>8</CLASSID>
		<CLASSINFO>C 1</CLASSINFO>
		<VALUES>[0.10023971802051762, 0.0022689268958055674, 0.09087376421467849, 0.004351979802049734, 0.07796134438759046, 0.005199268973541458, 0.038044957519271755, 0.009769318602999167, 0.022161804778813743, 0.009619787418143247, 0.017546690983107738, 0.008410783133703663]</VALUES>
		<LCS_MIN>[0.09352471679449081, 0.07646168023347855, 0.06589120626449585, 0.025567708536982536, 0.011777777224779129, 0.00925588607788086]</LCS_MIN>
		<LCS_MAX>[0.10908534377813339, 0.10371959954500198, 0.0979246199131012, 0.06921795755624771, 0.05518656224012375, 0.045850180089473724]</LCS_MAX>
		<WAVELENGTH>[0.48, 0.56, 0.655, 0.865, 1.61, 2.2]</WAVELENGTH>
		<MEAN_VALUE>[0.10023971802051762, 0.09087376421467849, 0.07796134438759046, 0.038044957519271755, 0.022161804778813743, 0.017546690983107738]</MEAN_VALUE>
		<CHECKBOX>2</CHECKBOX>
		<SD>[0.0022689268958055674, 0.004351979802049734, 0.005199268973541458, 0.009769318602999167, 0.009619787418143247, 0.008410783133703663]</SD>
		<WAVELENGTH_UNIT>E-6m</WAVELENGTH_UNIT>
		<COLOR>#6c77da</COLOR>
		<COVARIANCE_MATRIX>[[5.1640668061736505e-06, 7.459427706635324e-06, 9.80335971689783e-06, 1.3822619621350896e-05, 1.5199839253909886e-05, 1.304264606005745e-05], [7.459427706635324e-06, 1.8998731320607476e-05, 2.0736868464155123e-05, 1.1684619494189974e-05, 1.5239677850331645e-05, 1.4472372640739195e-05], [9.80335971689783e-06, 2.0736868464155123e-05, 2.711661181820091e-05, 3.114261198788881e-05, 3.31043811456766e-05, 2.918867176049389e-05], [1.3822619621350896e-05, 1.1684619494189974e-05, 3.114261198788881e-05, 9.573690476827323e-05, 9.095133282244205e-05, 7.566508429590613e-05], [1.5199839253909886e-05, 1.5239677850331645e-05, 3.31043811456766e-05, 9.095133282244205e-05, 9.28285953705199e-05, 7.868467946536839e-05], [1.304264606005745e-05, 1.4472372640739195e-05, 2.918867176049389e-05, 7.566508429590613e-05, 7.868467946536839e-05, 7.096165063558146e-05]]</COVARIANCE_MATRIX>
		<ROI_SIZE>322</ROI_SIZE>
		<MAX_VALUE>[0.10908534377813339, 0.10371959954500198, 0.0979246199131012, 0.06921795755624771, 0.05518656224012375, 0.045850180089473724]</MAX_VALUE>
		<MIN_VALUE>[0.09352471679449081, 0.07646168023347855, 0.06589120626449585, 0.025567708536982536, 0.011777777224779129, 0.00925588607788086]</MIN_VALUE>
		<SIGNATURE_THRESHOLD_MD>0.0</SIGNATURE_THRESHOLD_MD>
		<SIGNATURE_THRESHOLD_ML>0.0</SIGNATURE_THRESHOLD_ML>
		<SIGNATURE_THRESHOLD_SAM>0.0</SIGNATURE_THRESHOLD_SAM>
	</signature>
	<signature ID="20220207_140808337343_996">
		<MACROCLASSID>1</MACROCLASSID>
		<MACROCLASSINFO>waterbody</MACROCLASSINFO>
		<CLASSID>9</CLASSID>
		<CLASSINFO>C 1</CLASSINFO>
		<VALUES>[0.09657472345445839, 0.002448082379414222, 0.08907124162873344, 0.004186282994933094, 0.07738879485987135, 0.004618743175222717, 0.03854352308415056, 0.010714675629962148, 0.02140048560630975, 0.009420152479869616, 0.015515027235129054, 0.007468906103817322]</VALUES>
		<LCS_MIN>[0.08802484720945358, 0.073859304189682, 0.061491284519433975, 0.025031136348843575, 0.009524167515337467, 0.008772964589297771]</LCS_MIN>
		<LCS_MAX>[0.11061457544565201, 0.10371959954500198, 0.09585881978273392, 0.07136424630880356, 0.055106066167354584, 0.04365023970603943]</LCS_MAX>
		<WAVELENGTH>[0.48, 0.56, 0.655, 0.865, 1.61, 2.2]</WAVELENGTH>
		<MEAN_VALUE>[0.09657472345445839, 0.08907124162873344, 0.07738879485987135, 0.03854352308415056, 0.02140048560630975, 0.015515027235129054]</MEAN_VALUE>
		<CHECKBOX>2</CHECKBOX>
		<SD>[0.002448082379414222, 0.004186282994933094, 0.004618743175222717, 0.010714675629962148, 0.009420152479869616, 0.007468906103817322]</SD>
		<WAVELENGTH_UNIT>E-6m</WAVELENGTH_UNIT>
		<COLOR>#b5f86e</COLOR>
		<COVARIANCE_MATRIX>[[6.010997367411619e-06, 8.436167263425887e-06, 9.950303137884475e-06, 6.251249033084605e-06, 8.042847184697166e-06, 7.682007890252862e-06], [8.436167263425887e-06, 1.757727841322776e-05, 1.8261311197420582e-05, 5.858783680423585e-08, 5.5003092711558565e-06, 6.11542736805859e-06], [9.950303137884475e-06, 1.8261311197420582e-05, 2.1396468582679518e-05, 1.1499924767122138e-05, 1.5285660992958583e-05, 1.4333377293951344e-05], [6.251249033084605e-06, 5.858783680423585e-08, 1.1499924767122138e-05, 0.00011514696961967275, 9.373352804686874e-05, 6.969953392399475e-05], [8.042847184697166e-06, 5.5003092711558565e-06, 1.5285660992958583e-05, 9.373352804686874e-05, 8.900416287360713e-05, 6.79162549204193e-05], [7.682007890252862e-06, 6.11542736805859e-06, 1.4333377293951344e-05, 6.969953392399475e-05, 6.79162549204193e-05, 5.595108086708933e-05]]</COVARIANCE_MATRIX>
		<ROI_SIZE>336</ROI_SIZE>
		<MAX_VALUE>[0.11061457544565201, 0.10371959954500198, 0.09585881978273392, 0.07136424630880356, 0.055106066167354584, 0.04365023970603943]</MAX_VALUE>
		<MIN_VALUE>[0.08802484720945358, 0.073859304189682, 0.061491284519433975, 0.025031136348843575, 0.009524167515337467, 0.008772964589297771]</MIN_VALUE>
		<SIGNATURE_THRESHOLD_MD>0.0</SIGNATURE_THRESHOLD_MD>
		<SIGNATURE_THRESHOLD_ML>0.0</SIGNATURE_THRESHOLD_ML>
		<SIGNATURE_THRESHOLD_SAM>0.0</SIGNATURE_THRESHOLD_SAM>
	</signature>
	<signature ID="20220207_140823129983_708">
		<MACROCLASSID>1</MACROCLASSID>
		<MACROCLASSINFO>waterbody</MACROCLASSINFO>
		<CLASSID>10</CLASSID>
		<CLASSINFO>C 1</CLASSINFO>
		<VALUES>[0.14195258773801728, 0.006841986610526891, 0.1448479555362513, 0.008734243961307966, 0.15601107394399757, 0.011464636633810185, 0.19626720015667695, 0.012834783212019502, 0.1800359000844403, 0.01779964411077169, 0.14328089527601073, 0.01603390796645194]</VALUES>
		<LCS_MIN>[0.11603397130966187, 0.11694614589214325, 0.12478011846542358, 0.1621524542570114, 0.14431138336658478, 0.1062951534986496]</LCS_MIN>
		<LCS_MAX>[0.16056954860687256, 0.16904740035533905, 0.18777380883693695, 0.23247037827968597, 0.2192438393831253, 0.18095935881137848]</LCS_MAX>
		<WAVELENGTH>[0.48, 0.56, 0.655, 0.865, 1.61, 2.2]</WAVELENGTH>
		<MEAN_VALUE>[0.14195258773801728, 0.1448479555362513, 0.15601107394399757, 0.19626720015667695, 0.1800359000844403, 0.14328089527601073]</MEAN_VALUE>
		<CHECKBOX>2</CHECKBOX>
		<SD>[0.006841986610526891, 0.008734243961307966, 0.011464636633810185, 0.012834783212019502, 0.01779964411077169, 0.01603390796645194]</SD>
		<WAVELENGTH_UNIT>E-6m</WAVELENGTH_UNIT>
		<COLOR>#ec9b54</COLOR>
		<COVARIANCE_MATRIX>[[4.6890287194401026e-05, 5.7678396842675284e-05, 7.529369759140536e-05, 2.3652773961657658e-05, 5.0584974815137684e-05, 6.367699097609147e-05], [5.7678396842675284e-05, 7.641332194907591e-05, 9.770428732736036e-05, 4.385217107483186e-05, 7.073138112900779e-05, 8.288262324640527e-05], [7.529369759140536e-05, 9.770428732736036e-05, 0.00013165549898985773, 6.608135299757123e-05, 0.00011763506336137652, 0.000129989959532395], [2.3652773961657658e-05, 4.385217107483186e-05, 6.608135299757123e-05, 0.0001650043996050954, 0.00018141664622817189, 0.00013813734403811395], [5.0584974815137684e-05, 7.073138112900779e-05, 0.00011763506336137652, 0.00018141664622817189, 0.00031735189259052277, 0.0002709374239202589], [6.367699097609147e-05, 8.288262324640527e-05, 0.000129989959532395, 0.00013813734403811395, 0.0002709374239202589, 0.0002575118560343981]]</COVARIANCE_MATRIX>
		<ROI_SIZE>605</ROI_SIZE>
		<MAX_VALUE>[0.16056954860687256, 0.16904740035533905, 0.18777380883693695, 0.23247037827968597, 0.2192438393831253, 0.18095935881137848]</MAX_VALUE>
		<MIN_VALUE>[0.11603397130966187, 0.11694614589214325, 0.12478011846542358, 0.1621524542570114, 0.14431138336658478, 0.1062951534986496]</MIN_VALUE>
		<SIGNATURE_THRESHOLD_MD>0.0</SIGNATURE_THRESHOLD_MD>
		<SIGNATURE_THRESHOLD_ML>0.0</SIGNATURE_THRESHOLD_ML>
		<SIGNATURE_THRESHOLD_SAM>0.0</SIGNATURE_THRESHOLD_SAM>
	</signature>
	<signature ID="20220207_140827413464_481">
		<MACROCLASSID>1</MACROCLASSID>
		<MACROCLASSINFO>waterbody</MACROCLASSINFO>
		<CLASSID>11</CLASSID>
		<CLASSINFO>C 1</CLASSINFO>
		<VALUES>[0.09687193898820494, 0.0022975479216162846, 0.0890849015180955, 0.0032759030957696276, 0.07858223825532473, 0.004090326081495795, 0.04004137915862859, 0.010262266965557525, 0.023164630236199517, 0.009560130243831212, 0.017158118856699288, 0.007718855185947643]</VALUES>
		<LCS_MIN>[0.09019796550273895, 0.07627388834953308, 0.0631546601653099, 0.020067838951945305, 0.004963296931236982, 0.0034877255093306303]</LCS_MIN>
		<LCS_MAX>[0.10481959581375122, 0.0992124006152153, 0.09438323974609375, 0.0745568573474884, 0.05526703596115112, 0.04783549904823303]</LCS_MAX>
		<WAVELENGTH>[0.48, 0.56, 0.655, 0.865, 1.61, 2.2]</WAVELENGTH>
		<MEAN_VALUE>[0.09687193898820494, 0.0890849015180955, 0.07858223825532473, 0.04004137915862859, 0.023164630236199517, 0.017158118856699288]</MEAN_VALUE>
		<CHECKBOX>2</CHECKBOX>
		<SD>[0.0022975479216162846, 0.0032759030957696276, 0.004090326081495795, 0.010262266965557525, 0.009560130243831212, 0.007718855185947643]</SD>
		<WAVELENGTH_UNIT>E-6m</WAVELENGTH_UNIT>
		<COLOR>#c299bd</COLOR>
		<COVARIANCE_MATRIX>[[5.292993137118174e-06, 6.7372789089859e-06, 8.588765012973454e-06, 9.497953215031885e-06, 1.1460298082965892e-05, 9.62940976023674e-06], [6.7372789089859e-06, 1.0760545592347626e-05, 1.2222488294355571e-05, 8.22959827928571e-06, 1.1491992154333275e-05, 1.0034426850324962e-05], [8.588765012973454e-06, 1.2222488294355571e-05, 1.6775986296124756e-05, 1.8634478692547418e-05, 2.287076677021105e-05, 1.9240400433773175e-05], [9.497953215031885e-06, 8.22959827928571e-06, 1.8634478692547418e-05, 0.00010559875954641029, 9.073270484805107e-05, 6.882420711917803e-05], [1.1460298082965892e-05, 1.1491992154333275e-05, 2.287076677021105e-05, 9.073270484805107e-05, 9.164310904452577e-05, 7.068290142342448e-05], [9.62940976023674e-06, 1.0034426850324962e-05, 1.9240400433773175e-05, 6.882420711917803e-05, 7.068290142342448e-05, 5.97417529206723e-05]]</COVARIANCE_MATRIX>
		<ROI_SIZE>371</ROI_SIZE>
		<MAX_VALUE>[0.10481959581375122, 0.0992124006152153, 0.09438323974609375, 0.0745568573474884, 0.05526703596115112, 0.04783549904823303]</MAX_VALUE>
		<MIN_VALUE>[0.09019796550273895, 0.07627388834953308, 0.0631546601653099, 0.020067838951945305, 0.004963296931236982, 0.0034877255093306303]</MIN_VALUE>
		<SIGNATURE_THRESHOLD_MD>0.0</SIGNATURE_THRESHOLD_MD>
		<SIGNATURE_THRESHOLD_ML>0.0</SIGNATURE_THRESHOLD_ML>
		<SIGNATURE_THRESHOLD_SAM>0.0</SIGNATURE_THRESHOLD_SAM>
	</signature>
	<signature ID="20220207_140833683078_210">
		<MACROCLASSID>1</MACROCLASSID>
		<MACROCLASSINFO>waterbody</MACROCLASSINFO>
		<CLASSID>12</CLASSID>
		<CLASSINFO>C 1</CLASSINFO>
		<VALUES>[0.09462737762011021, 0.005283711155649852, 0.08406400356728294, 0.008659145576243329, 0.0740933370848114, 0.009871915652158092, 0.04335976061052999, 0.013484826216626984, 0.026869418258922025, 0.012765385766817985, 0.019207667843035712, 0.009210636925806781]</VALUES>
		<LCS_MIN>[0.07707873731851578, 0.052235398441553116, 0.04067225009202957, 0.018377626314759254, 0.0044535500928759575, 0.0009389991755597293]</LCS_MIN>
		<LCS_MAX>[0.10642930120229721, 0.10058066248893738, 0.09331009536981583, 0.0790909007191658, 0.06111569330096245, 0.04697699472308159]</LCS_MAX>
		<WAVELENGTH>[0.48, 0.56, 0.655, 0.865, 1.61, 2.2]</WAVELENGTH>
		<MEAN_VALUE>[0.09462737762011021, 0.08406400356728294, 0.0740933370848114, 0.04335976061052999, 0.026869418258922025, 0.019207667843035712]</MEAN_VALUE>
		<CHECKBOX>2</CHECKBOX>
		<SD>[0.005283711155649852, 0.008659145576243329, 0.009871915652158092, 0.013484826216626984, 0.012765385766817985, 0.009210636925806781]</SD>
		<WAVELENGTH_UNIT>E-6m</WAVELENGTH_UNIT>
		<COLOR>#4f9967</COLOR>
		<COVARIANCE_MATRIX>[[2.8025393476127647e-05, 4.411994814290665e-05, 5.061780757387169e-05, -3.6957828797312686e-06, -3.3339786114083836e-06, 6.533779014716856e-06], [4.411994814290665e-05, 7.527030538767576e-05, 8.473762136418372e-05, -2.1249612473184243e-05, -2.080188824038487e-05, -6.439533422053501e-07], [5.061780757387169e-05, 8.473762136418372e-05, 9.783099085325375e-05, -1.3003088497498538e-05, -1.3263987966638524e-05, 7.248896054079523e-06], [-3.6957828797312686e-06, -2.1249612473184243e-05, -1.3003088497498538e-05, 0.00018254262977279723, 0.00015234260354191065, 0.0001059210262610577], [-3.3339786114083836e-06, -2.080188824038487e-05, -1.3263987966638524e-05, 0.00015234260354191065, 0.0001635842490941286, 0.00011392280430300161], [6.533779014716856e-06, -6.439533422053501e-07, 7.248896054079523e-06, 0.0001059210262610577, 0.00011392280430300161, 8.516338129993528e-05]]</COVARIANCE_MATRIX>
		<ROI_SIZE>260</ROI_SIZE>
		<MAX_VALUE>[0.10642930120229721, 0.10058066248893738, 0.09331009536981583, 0.0790909007191658, 0.06111569330096245, 0.04697699472308159]</MAX_VALUE>
		<MIN_VALUE>[0.07707873731851578, 0.052235398441553116, 0.04067225009202957, 0.018377626314759254, 0.0044535500928759575, 0.0009389991755597293]</MIN_VALUE>
		<SIGNATURE_THRESHOLD_MD>0.0</SIGNATURE_THRESHOLD_MD>
		<SIGNATURE_THRESHOLD_ML>0.0</SIGNATURE_THRESHOLD_ML>
		<SIGNATURE_THRESHOLD_SAM>0.0</SIGNATURE_THRESHOLD_SAM>
	</signature>
	<signature ID="20220207_140838536357_548">
		<MACROCLASSID>1</MACROCLASSID>
		<MACROCLASSINFO>waterbody</MACROCLASSINFO>
		<CLASSID>13</CLASSID>
		<CLASSINFO>C 1</CLASSINFO>
		<VALUES>[0.0938816226018972, 0.003266727023368983, 0.0840737122993964, 0.005403453357602101, 0.07540340868361073, 0.0064805752521071465, 0.04537179646811961, 0.012810560023411749, 0.025746802005158862, 0.01076156898461406, 0.017712140040576953, 0.008332610632638586]</VALUES>
		<LCS_MIN>[0.08099572360515594, 0.05899622663855553, 0.047459907829761505, 0.028760317713022232, 0.014621620066463947, 0.00501695740967989]</LCS_MIN>
		<LCS_MAX>[0.10345133394002914, 0.09706611186265945, 0.0922369509935379, 0.07750800251960754, 0.06229615956544876, 0.05220857262611389]</LCS_MAX>
		<WAVELENGTH>[0.48, 0.56, 0.655, 0.865, 1.61, 2.2]</WAVELENGTH>
		<MEAN_VALUE>[0.0938816226018972, 0.0840737122993964, 0.07540340868361073, 0.04537179646811961, 0.025746802005158862, 0.017712140040576953]</MEAN_VALUE>
		<CHECKBOX>2</CHECKBOX>
		<SD>[0.003266727023368983, 0.005403453357602101, 0.0064805752521071465, 0.012810560023411749, 0.01076156898461406, 0.008332610632638586]</SD>
		<WAVELENGTH_UNIT>E-6m</WAVELENGTH_UNIT>
		<COLOR>#23db39</COLOR>
		<COVARIANCE_MATRIX>[[1.07179030237603e-05, 1.6529898857697845e-05, 1.9966777472291142e-05, -2.885351932491176e-06, 2.094967612720211e-06, 7.426187949022278e-06], [1.6529898857697845e-05, 2.9324253773665987e-05, 3.422996087465435e-05, -1.4316276974568609e-05, -4.3382065086916555e-06, 5.7377205848752055e-06], [1.9966777472291142e-05, 3.422996087465435e-05, 4.218045432935469e-05, -1.3256242709758226e-05, 2.7652936296362896e-07, 1.1917342817469034e-05], [-2.885351932491176e-06, -1.4316276974568609e-05, -1.3256242709758226e-05, 0.00016482397040817887, 0.0001292762317461893, 8.830901788314804e-05], [2.094967612720211e-06, -4.3382065086916555e-06, 2.7652936296362896e-07, 0.0001292762317461893, 0.00011631489178398624, 8.412995521211997e-05], [7.426187949022278e-06, 5.7377205848752055e-06, 1.1917342817469034e-05, 8.830901788314804e-05, 8.412995521211997e-05, 6.973427662160248e-05]]</COVARIANCE_MATRIX>
		<ROI_SIZE>231</ROI_SIZE>
		<MAX_VALUE>[0.10345133394002914, 0.09706611186265945, 0.0922369509935379, 0.07750800251960754, 0.06229615956544876, 0.05220857262611389]</MAX_VALUE>
		<MIN_VALUE>[0.08099572360515594, 0.05899622663855553, 0.047459907829761505, 0.028760317713022232, 0.014621620066463947, 0.00501695740967989]</MIN_VALUE>
		<SIGNATURE_THRESHOLD_MD>0.0</SIGNATURE_THRESHOLD_MD>
		<SIGNATURE_THRESHOLD_ML>0.0</SIGNATURE_THRESHOLD_ML>
		<SIGNATURE_THRESHOLD_SAM>0.0</SIGNATURE_THRESHOLD_SAM>
	</signature>
	<signature ID="20220207_140847123366_957">
		<MACROCLASSID>1</MACROCLASSID>
		<MACROCLASSINFO>waterbody</MACROCLASSINFO>
		<CLASSID>14</CLASSID>
		<CLASSINFO>C 1</CLASSINFO>
		<VALUES>[0.10265352596577847, 0.00524621797954572, 0.09746994313440824, 0.007745829407690243, 0.07803469533590895, 0.013142054008537648, 0.0643393694374122, 0.02572339024732817, 0.04687814360582512, 0.020544614383396432, 0.03332754881366303, 0.013777720127957475]</VALUES>
		<LCS_MIN>[0.09701244533061981, 0.0882662907242775, 0.06189372017979622, 0.02935055084526539, 0.01607036590576172, 0.012394835241138935]</LCS_MIN>
		<LCS_MAX>[0.11638274043798447, 0.11842172592878342, 0.10626833140850067, 0.12751664221286774, 0.08045916259288788, 0.058379169553518295]</LCS_MAX>
		<WAVELENGTH>[0.48, 0.56, 0.655, 0.865, 1.61, 2.2]</WAVELENGTH>
		<MEAN_VALUE>[0.10265352596577847, 0.09746994313440824, 0.07803469533590895, 0.0643393694374122, 0.04687814360582512, 0.03332754881366303]</MEAN_VALUE>
		<CHECKBOX>2</CHECKBOX>
		<SD>[0.00524621797954572, 0.007745829407690243, 0.013142054008537648, 0.02572339024732817, 0.020544614383396432, 0.013777720127957475]</SD>
		<WAVELENGTH_UNIT>E-6m</WAVELENGTH_UNIT>
		<COLOR>#009f11</COLOR>
		<COVARIANCE_MATRIX>[[2.8266662411624566e-05, 4.075820470461622e-05, 6.426712207030505e-05, 3.321424810565077e-05, 2.4879818738554604e-05, 2.301276254002005e-05], [4.075820470461622e-05, 6.161943747429177e-05, 9.470935037825257e-05, 4.615517900674604e-05, 2.6885789338848554e-05, 2.74300437013153e-05], [6.426712207030505e-05, 9.470935037825257e-05, 0.00017738151655066758, 0.0001514736795797944, 0.00011201653251191601, 8.515190711477771e-05], [3.321424810565077e-05, 4.615517900674604e-05, 0.0001514736795797944, 0.000679576420225203, 0.0004885986563749611, 0.00028369147912599146], [2.4879818738554604e-05, 2.6885789338848554e-05, 0.00011201653251191601, 0.0004885986563749611, 0.000433488778071478, 0.0002766362449619919], [2.301276254002005e-05, 2.74300437013153e-05, 8.515190711477771e-05, 0.00028369147912599146, 0.0002766362449619919, 0.00019495599553920329]]</COVARIANCE_MATRIX>
		<ROI_SIZE>38</ROI_SIZE>
		<MAX_VALUE>[0.11638274043798447, 0.11842172592878342, 0.10626833140850067, 0.12751664221286774, 0.08045916259288788, 0.058379169553518295]</MAX_VALUE>
		<MIN_VALUE>[0.09701244533061981, 0.0882662907242775, 0.06189372017979622, 0.02935055084526539, 0.01607036590576172, 0.012394835241138935]</MIN_VALUE>
		<SIGNATURE_THRESHOLD_MD>0.0</SIGNATURE_THRESHOLD_MD>
		<SIGNATURE_THRESHOLD_ML>0.0</SIGNATURE_THRESHOLD_ML>
		<SIGNATURE_THRESHOLD_SAM>0.0</SIGNATURE_THRESHOLD_SAM>
	</signature>
	<signature ID="20220207_140853963943_513">
		<MACROCLASSID>1</MACROCLASSID>
		<MACROCLASSINFO>waterbody</MACROCLASSINFO>
		<CLASSID>15</CLASSID>
		<CLASSINFO>C 1</CLASSINFO>
		<VALUES>[0.09077056305749075, 0.006383198713936557, 0.07770807210888182, 0.010403480430820485, 0.06031543176089017, 0.0138945152043308, 0.04022382918213095, 0.014841645497854137, 0.025865892533745088, 0.011421548780818394, 0.01981871209240386, 0.00969362331448437]</VALUES>
		<LCS_MIN>[0.07705191522836685, 0.0552402101457119, 0.03621870279312134, 0.021865352988243103, 0.00917540118098259, 0.006733985152095556]</LCS_MIN>
		<LCS_MAX>[0.1003660261631012, 0.0951344445347786, 0.08877605199813843, 0.08408103883266449, 0.05218174681067467, 0.04394535720348358]</LCS_MAX>
		<WAVELENGTH>[0.48, 0.56, 0.655, 0.865, 1.61, 2.2]</WAVELENGTH>
		<MEAN_VALUE>[0.09077056305749075, 0.07770807210888182, 0.06031543176089017, 0.04022382918213095, 0.025865892533745088, 0.01981871209240386]</MEAN_VALUE>
		<CHECKBOX>2</CHECKBOX>
		<SD>[0.006383198713936557, 0.010403480430820485, 0.0138945152043308, 0.014841645497854137, 0.011421548780818394, 0.00969362331448437]</SD>
		<WAVELENGTH_UNIT>E-6m</WAVELENGTH_UNIT>
		<COLOR>#e92108</COLOR>
		<COVARIANCE_MATRIX>[[4.1943614633055404e-05, 6.557595770573243e-05, 8.597344276495278e-05, 1.5170214282989036e-05, 3.615173409343697e-05, 4.0494145650882274e-05], [6.557595770573243e-05, 0.0001114157130359672, 0.0001418017636751756, 1.8193377400166355e-05, 5.091310595162213e-05, 6.282584217842668e-05], [8.597344276495278e-05, 0.0001418017636751756, 0.0001987357100006193, 6.27426416031085e-05, 8.805795368971303e-05, 9.540486644254997e-05], [1.5170214282989036e-05, 1.8193377400166355e-05, 6.27426416031085e-05, 0.00022675309446640313, 0.00013895821757614613, 9.592796413926408e-05], [3.615173409343697e-05, 5.091310595162213e-05, 8.805795368971303e-05, 0.00013895821757614613, 0.00013428859529085457, 0.00010837456648005173], [4.0494145650882274e-05, 6.282584217842668e-05, 9.540486644254997e-05, 9.592796413926408e-05, 0.00010837456648005173, 9.673005115473643e-05]]</COVARIANCE_MATRIX>
		<ROI_SIZE>35</ROI_SIZE>
		<MAX_VALUE>[0.1003660261631012, 0.0951344445347786, 0.08877605199813843, 0.08408103883266449, 0.05218174681067467, 0.04394535720348358]</MAX_VALUE>
		<MIN_VALUE>[0.07705191522836685, 0.0552402101457119, 0.03621870279312134, 0.021865352988243103, 0.00917540118098259, 0.006733985152095556]</MIN_VALUE>
		<SIGNATURE_THRESHOLD_MD>0.0</SIGNATURE_THRESHOLD_MD>
		<SIGNATURE_THRESHOLD_ML>0.0</SIGNATURE_THRESHOLD_ML>
		<SIGNATURE_THRESHOLD_SAM>0.0</SIGNATURE_THRESHOLD_SAM>
	</signature>
	<signature ID="20220207_140908101179_886">
		<MACROCLASSID>1</MACROCLASSID>
		<MACROCLASSINFO>waterbody</MACROCLASSINFO>
		<CLASSID>16</CLASSID>
		<CLASSINFO>C 1</CLASSINFO>
		<VALUES>[0.09018572733590476, 0.003036098716526395, 0.07834345991151372, 0.004398576830620527, 0.061534126011426, 0.007229312164777938, 0.035645405418778725, 0.01357300723909859, 0.02516622343835862, 0.01283466020382144, 0.019725182453137747, 0.010486369516089746]</VALUES>
