<?xml version="1.0" ?>
<signaturelist MCID_LIST="[['1', 'waterbody', '#000000'], ['2', 'vegetation', '#000000'], ['3', 'bareland', '#000000'], ['4', 'built-up', '#000000']]">
	<signature ID="20211203_133035609971_219">
		<MACROCLASSID>1</MACROCLASSID>
		<MACROCLASSINFO>waterbody</MACROCLASSINFO>
		<CLASSID>1</CLASSID>
		<CLASSINFO>C 1</CLASSINFO>
		<VALUES>[0.07344505824640454, 0.00037596517908494194, 0.0564452161059618, 0.0007450731986391813, 0.03476733643401765, 0.00049176942163778, 0.01446399177061913, 0.0004897691621640303, 0.004303622379685415, 0.00035803473472440753, 0.0028706440025488664, 0.0002812146339848126]</VALUES>
		<LCS_MIN>[0.07230325043201447, 0.0540865920484066, 0.03361630439758301, 0.013441154733300209, 0.0035145506262779236, 0.002146289683878422]</LCS_MIN>
		<LCS_MAX>[0.07517391443252563, 0.058888908475637436, 0.03723817691206932, 0.029645666480064392, 0.012716776691377163, 0.007270567584782839]</LCS_MAX>
		<WAVELENGTH>[0.48, 0.56, 0.655, 0.865, 1.61, 2.2]</WAVELENGTH>
		<MEAN_VALUE>[0.07344505824640454, 0.0564452161059618, 0.03476733643401765, 0.01446399177061913, 0.004303622379685415, 0.0028706440025488664]</MEAN_VALUE>
		<CHECKBOX>2</CHECKBOX>
		<SD>[0.00037596517908494194, 0.0007450731986391813, 0.00049176942163778, 0.0004897691621640303, 0.00035803473472440753, 0.0002812146339848126]</SD>
		<WAVELENGTH_UNIT>E-6m</WAVELENGTH_UNIT>
		<COLOR>#e77f29</COLOR>
		<COVARIANCE_MATRIX>[[1.2336831156339183e-07, 1.476608947897945e-07, 9.771675932474538e-08, 3.2910538750816835e-08, 6.38455263325167e-09, -3.6386747857491923e-10], [1.476608947897945e-07, 4.1364283769552216e-07, 9.589068368222359e-08, -1.5555596646690866e-08, -3.14451559288645e-08, -4.2023540485066776e-08], [9.771675932474538e-08, 9.589068368222359e-08, 2.3521137767075667e-07, 8.914682709732585e-08, 2.3252944663428483e-08, 1.6659860604099084e-08], [3.2910538750816835e-08, -1.5555596646690866e-08, 8.914682709732585e-08, 2.9561439507458834e-07, 1.4943582295661736e-07, 9.242133228440846e-08], [6.38455263325167e-09, -3.14451559288645e-08, 2.3252944663428483e-08, 1.4943582295661736e-07, 1.3100385481028696e-07, 7.26340169995251e-08], [-3.6386747857491923e-10, -4.2023540485066776e-08, 1.6659860604099084e-08, 9.242133228440846e-08, 7.26340169995251e-08, 7.510319766395629e-08]]</COVARIANCE_MATRIX>
		<ROI_SIZE>10201</ROI_SIZE>
		<MAX_VALUE>[0.07517391443252563, 0.058888908475637436, 0.03723817691206932, 0.029645666480064392, 0.012716776691377163, 0.007270567584782839]</MAX_VALUE>
		<MIN_VALUE>[0.07230325043201447, 0.0540865920484066, 0.03361630439758301, 0.013441154733300209, 0.0035145506262779236, 0.002146289683878422]</MIN_VALUE>
		<SIGNATURE_THRESHOLD_MD>0</SIGNATURE_THRESHOLD_MD>
		<SIGNATURE_THRESHOLD_ML>0</SIGNATURE_THRESHOLD_ML>
		<SIGNATURE_THRESHOLD_SAM>0</SIGNATURE_THRESHOLD_SAM>
	</signature>
	<signature ID="20211203_133040984127_358">
		<MACROCLASSID>1</MACROCLASSID>
		<MACROCLASSINFO>waterbody</MACROCLASSINFO>
		<CLASSID>2</CLASSID>
		<CLASSINFO>C 1</CLASSINFO>
		<VALUES>[0.07742177074979859, 0.0009676356555970671, 0.061913173573078344, 0.0018361955654181495, 0.03985908358516364, 0.0021952808247381415, 0.01737199491034394, 0.0028566685875350095, 0.005649325207386865, 0.0019419221006606786, 0.0037095569040251006, 0.0011898691528682865]</VALUES>
		<LCS_MIN>[0.07495927810668945, 0.05746699497103691, 0.03595041111111641, 0.015211842954158783, 0.0023877457715570927, 0.0016365422634407878]</LCS_MIN>
		<LCS_MAX>[0.0811835452914238, 0.06991548836231232, 0.05553532764315605, 0.05440853163599968, 0.04260392114520073, 0.023823846131563187]</LCS_MAX>
		<WAVELENGTH>[0.48, 0.56, 0.655, 0.865, 1.61, 2.2]</WAVELENGTH>
		<MEAN_VALUE>[0.07742177074979859, 0.061913173573078344, 0.03985908358516364, 0.01737199491034394, 0.005649325207386865, 0.0037095569040251006]</MEAN_VALUE>
		<CHECKBOX>2</CHECKBOX>
		<SD>[0.0009676356555970671, 0.0018361955654181495, 0.0021952808247381415, 0.0028566685875350095, 0.0019419221006606786, 0.0011898691528682865]</SD>
		<WAVELENGTH_UNIT>E-6m</WAVELENGTH_UNIT>
		<COLOR>#dc9fb6</COLOR>
		<COVARIANCE_MATRIX>[[1.019915953949809e-06, 1.7621407838207328e-06, 2.127657780121803e-06, 1.4456927512479105e-06, 8.801193222635387e-07, 5.849215248335487e-07], [1.7621407838207328e-06, 3.3527649215794476e-06, 3.7325924371267488e-06, 2.4139508093190255e-06, 1.4539701819888708e-06, 9.564040557426017e-07], [2.127657780121803e-06, 3.7325924371267488e-06, 5.529943231928308e-06, 3.7238169099636453e-06, 2.057737215161068e-06, 1.3159703207674183e-06], [1.4456927512479105e-06, 2.4139508093190255e-06, 3.7238169099636453e-06, 6.777143596675058e-06, 4.14846508292508e-06, 2.5420825864192312e-06], [8.801193222635387e-07, 1.4539701819888708e-06, 2.057737215161068e-06, 4.14846508292508e-06, 3.116874448733381e-06, 1.910603380637478e-06], [5.849215248335487e-07, 9.564040557426017e-07, 1.3159703207674183e-06, 2.5420825864192312e-06, 1.910603380637478e-06, 1.2316667152738244e-06]]</COVARIANCE_MATRIX>
		<ROI_SIZE>8024</ROI_SIZE>
		<MAX_VALUE>[0.0811835452914238, 0.06991548836231232, 0.05553532764315605, 0.05440853163599968, 0.04260392114520073, 0.023823846131563187]</MAX_VALUE>
		<MIN_VALUE>[0.07495927810668945, 0.05746699497103691, 0.03595041111111641, 0.015211842954158783, 0.0023877457715570927, 0.0016365422634407878]</MIN_VALUE>
		<SIGNATURE_THRESHOLD_MD>0</SIGNATURE_THRESHOLD_MD>
		<SIGNATURE_THRESHOLD_ML>0</SIGNATURE_THRESHOLD_ML>
		<SIGNATURE_THRESHOLD_SAM>0</SIGNATURE_THRESHOLD_SAM>
	</signature>
	<signature ID="20211203_133057913539_973">
		<MACROCLASSID>1</MACROCLASSID>
		<MACROCLASSINFO>waterbody</MACROCLASSINFO>
		<CLASSID>3</CLASSID>
		<CLASSINFO>C 1</CLASSINFO>
		<VALUES>[0.0777068494894246, 0.0007384600371347509, 0.058771770467227265, 0.00146086225502233, 0.03684701188220765, 0.0023501535575420583, 0.01803444381522431, 0.0036001323727359777, 0.007557117873567481, 0.0039673444226443425, 0.005257483690744847, 0.0030852214306187043]</VALUES>
		<LCS_MIN>[0.07613974064588547, 0.05674261972308159, 0.03471629321575165, 0.012743611820042133, 0.0032730945385992527, 0.0033535799011588097]</LCS_MIN>
		<LCS_MAX>[0.08394689112901688, 0.07179351150989532, 0.06224248930811882, 0.05617921054363251, 0.045957501977682114, 0.0340723916888237]</LCS_MAX>
		<WAVELENGTH>[0.48, 0.56, 0.655, 0.865, 1.61, 2.2]</WAVELENGTH>
		<MEAN_VALUE>[0.0777068494894246, 0.058771770467227265, 0.03684701188220765, 0.01803444381522431, 0.007557117873567481, 0.005257483690744847]</MEAN_VALUE>
		<CHECKBOX>2</CHECKBOX>
		<SD>[0.0007384600371347509, 0.00146086225502233, 0.0023501535575420583, 0.0036001323727359777, 0.0039673444226443425, 0.0030852214306187043]</SD>
		<WAVELENGTH_UNIT>E-6m</WAVELENGTH_UNIT>
		<COLOR>#bfce6d</COLOR>
		<COVARIANCE_MATRIX>[[3.9717954193625626e-07, 6.02212712319242e-07, 9.054332982088512e-07, 1.1401638305361384e-06, 1.2901032465400884e-06, 1.0545370490270136e-06], [6.02212712319242e-07, 1.3978954565550035e-06, 1.8288895732557137e-06, 2.5511503403619182e-06, 2.898433176717888e-06, 2.3564761870647535e-06], [9.054332982088512e-07, 1.8288895732557137e-06, 3.5690218726913913e-06, 5.142504436547264e-06, 5.605768941996218e-06, 4.407940972082522e-06], [1.1401638305361384e-06, 2.5511503403619182e-06, 5.142504436547264e-06, 9.622595281586894e-06, 1.0097559953365607e-05, 7.600933071448537e-06], [1.2901032465400884e-06, 2.898433176717888e-06, 5.605768941996218e-06, 1.0097559953365607e-05, 1.2431066326057414e-05, 9.470350373883775e-06], [1.0545370490270136e-06, 2.3564761870647535e-06, 4.407940972082522e-06, 7.600933071448537e-06, 9.470350373883775e-06, 7.464256892132928e-06]]</COVARIANCE_MATRIX>
		<ROI_SIZE>4676</ROI_SIZE>
		<MAX_VALUE>[0.08394689112901688, 0.07179351150989532, 0.06224248930811882, 0.05617921054363251, 0.045957501977682114, 0.0340723916888237]</MAX_VALUE>
		<MIN_VALUE>[0.07613974064588547, 0.05674261972308159, 0.03471629321575165, 0.012743611820042133, 0.0032730945385992527, 0.0033535799011588097]</MIN_VALUE>
		<SIGNATURE_THRESHOLD_MD>0</SIGNATURE_THRESHOLD_MD>
		<SIGNATURE_THRESHOLD_ML>0</SIGNATURE_THRESHOLD_ML>
		<SIGNATURE_THRESHOLD_SAM>0</SIGNATURE_THRESHOLD_SAM>
	</signature>
	<signature ID="20211203_133103125710_382">
		<MACROCLASSID>1</MACROCLASSID>
		<MACROCLASSINFO>waterbody</MACROCLASSINFO>
		<CLASSID>4</CLASSID>
		<CLASSINFO>C 1</CLASSINFO>
		<VALUES>[0.0754272661019778, 0.0005511657213921678, 0.06459010123798052, 0.0007168652977164198, 0.03940946435837776, 0.002146163027302518, 0.018649146176155353, 0.004014939037035085, 0.007623844106234298, 0.004227514333395949, 0.005241912665457213, 0.0032827094532203727]</VALUES>
		<LCS_MIN>[0.07415442168712616, 0.06200104206800461, 0.03777476027607918, 0.009792458266019821, 0.005151102785021067, 0.003058463567867875]</LCS_MIN>
		<LCS_MAX>[0.08123718947172165, 0.0731617733836174, 0.06476438790559769, 0.05604506656527519, 0.045850180089473724, 0.03662111982703209]</LCS_MAX>
		<WAVELENGTH>[0.48, 0.56, 0.655, 0.865, 1.61, 2.2]</WAVELENGTH>
		<MEAN_VALUE>[0.0754272661019778, 0.06459010123798052, 0.03940946435837776, 0.018649146176155353, 0.007623844106234298, 0.005241912665457213]</MEAN_VALUE>
		<CHECKBOX>2</CHECKBOX>
		<SD>[0.0005511657213921678, 0.0007168652977164198, 0.002146163027302518, 0.004014939037035085, 0.004227514333395949, 0.0032827094532203727]</SD>
		<WAVELENGTH_UNIT>E-6m</WAVELENGTH_UNIT>
		<COLOR>#aa222d</COLOR>
		<COVARIANCE_MATRIX>[[2.875001288131985e-07, 2.615582649685004e-07, 8.329939404579122e-07, 1.2853698632624274e-06, 1.4527539139395149e-06, 1.1864691193823906e-06], [2.615582649685004e-07, 5.249378066235077e-07, 8.81035934885476e-07, 1.1888697599352597e-06, 1.3446039994298165e-06, 1.1118403997623375e-06], [8.329939404579122e-07, 8.81035934885476e-07, 4.211293614313596e-06, 6.872519874511645e-06, 7.5748915186319756e-06, 6.0326491532258575e-06], [1.2853698632624274e-06, 1.1888697599352597e-06, 6.872519874511645e-06, 1.4207398175315535e-05, 1.4856546034779906e-05, 1.1322769566316384e-05], [1.4527539139395149e-06, 1.3446039994298165e-06, 7.5748915186319756e-06, 1.4856546034779906e-05, 1.6298674202481995e-05, 1.2566557042074119e-05], [1.1864691193823906e-06, 1.1118403997623375e-06, 6.0326491532258575e-06, 1.1322769566316384e-05, 1.2566557042074119e-05, 9.954285940096004e-06]]</COVARIANCE_MATRIX>
		<ROI_SIZE>3189</ROI_SIZE>
		<MAX_VALUE>[0.08123718947172165, 0.0731617733836174, 0.06476438790559769, 0.05604506656527519, 0.045850180089473724, 0.03662111982703209]</MAX_VALUE>
		<MIN_VALUE>[0.07415442168712616, 0.06200104206800461, 0.03777476027607918, 0.009792458266019821, 0.005151102785021067, 0.003058463567867875]</MIN_VALUE>
		<SIGNATURE_THRESHOLD_MD>0</SIGNATURE_THRESHOLD_MD>
		<SIGNATURE_THRESHOLD_ML>0</SIGNATURE_THRESHOLD_ML>
		<SIGNATURE_THRESHOLD_SAM>0</SIGNATURE_THRESHOLD_SAM>
	</signature>
	<signature ID="20211203_133235368163_323">
		<MACROCLASSID>1</MACROCLASSID>
		<MACROCLASSINFO>waterbody</MACROCLASSINFO>
		<CLASSID>5</CLASSID>
		<CLASSINFO>C 1</CLASSINFO>
		<VALUES>[0.07962261928998408, 0.0008873587373890935, 0.07188012427155001, 0.0018871881829450308, 0.051253875796782235, 0.0029507705615392445, 0.021123001797798465, 0.00676136158384363, 0.009168833414924901, 0.005611626848843778, 0.0065667380881000385, 0.003557975358204107]</VALUES>
		<LCS_MIN>[0.0783933475613594, 0.06911063939332962, 0.04794281721115112, 0.010463176295161247, 0.003863327205181122, 0.004319414496421814]</LCS_MIN>
		<LCS_MAX>[0.08217619359493256, 0.07702508568763733, 0.060713257640600204, 0.05317441746592522, 0.04161125048995018, 0.03206024691462517]</LCS_MAX>
		<WAVELENGTH>[0.48, 0.56, 0.655, 0.865, 1.61, 2.2]</WAVELENGTH>
		<MEAN_VALUE>[0.07962261928998408, 0.07188012427155001, 0.051253875796782235, 0.021123001797798465, 0.009168833414924901, 0.0065667380881000385]</MEAN_VALUE>
		<CHECKBOX>2</CHECKBOX>
		<SD>[0.0008873587373890935, 0.0018871881829450308, 0.0029507705615392445, 0.00676136158384363, 0.005611626848843778, 0.003557975358204107]</SD>
		<WAVELENGTH_UNIT>E-6m</WAVELENGTH_UNIT>
		<COLOR>#60402d</COLOR>
		<COVARIANCE_MATRIX>[[7.916162535738127e-07, 1.57747867768027e-06, 2.474402859649652e-06, 1.6583228788471334e-06, 9.361567724758771e-07, 5.160813237852304e-07], [1.57747867768027e-06, 3.5805245813652753e-06, 5.1394080408285285e-06, 2.424365570497237e-06, 6.769564575595953e-07, 4.174891139392211e-08], [2.474402859649652e-06, 5.1394080408285285e-06, 8.75360865501157e-06, 9.14218945927447e-06, 5.038580067866556e-06, 3.4358538406451467e-06], [1.6583228788471334e-06, 2.424365570497237e-06, 9.14218945927447e-06, 4.5960481111687545e-05, 2.9359166324547825e-05, 1.9453960072584717e-05], [9.361567724758771e-07, 6.769564575595953e-07, 5.038580067866556e-06, 2.9359166324547825e-05, 3.16587535157481e-05, 1.7376744698674072e-05], [5.160813237852304e-07, 4.174891139392211e-08, 3.4358538406451467e-06, 1.9453960072584717e-05, 1.7376744698674072e-05, 1.2726884845574756e-05]]</COVARIANCE_MATRIX>
		<ROI_SIZE>188</ROI_SIZE>
		<MAX_VALUE>[0.08217619359493256, 0.07702508568763733, 0.060713257640600204, 0.05317441746592522, 0.04161125048995018, 0.03206024691462517]</MAX_VALUE>
		<MIN_VALUE>[0.0783933475613594, 0.06911063939332962, 0.04794281721115112, 0.010463176295161247, 0.003863327205181122, 0.004319414496421814]</MIN_VALUE>
		<SIGNATURE_THRESHOLD_MD>0</SIGNATURE_THRESHOLD_MD>
		<SIGNATURE_THRESHOLD_ML>0</SIGNATURE_THRESHOLD_ML>
		<SIGNATURE_THRESHOLD_SAM>0</SIGNATURE_THRESHOLD_SAM>
	</signature>
	<signature ID="20211203_133243819513_401">
		<MACROCLASSID>1</MACROCLASSID>
		<MACROCLASSINFO>waterbody</MACROCLASSINFO>
		<CLASSID>6</CLASSID>
		<CLASSINFO>C 1</CLASSINFO>
		<VALUES>[0.09800168938653647, 0.003106978783526166, 0.09005711403376658, 0.0035761266761247345, 0.08349535487732804, 0.0047790856459922, 0.046582403091959754, 0.01368290288804415, 0.02938788616370832, 0.012937255258279212, 0.02280600446952894, 0.010121794049344617]</VALUES>
		<LCS_MIN>[0.0912979319691658, 0.07863481342792511, 0.06878869980573654, 0.02272387593984604, 0.00694861588999629, 0.006626674439758062]</LCS_MIN>
		<LCS_MAX>[0.10771708935499191, 0.10388059169054031, 0.10044651478528976, 0.07793726027011871, 0.06028401479125023, 0.04947205260396004]</LCS_MAX>
		<WAVELENGTH>[0.48, 0.56, 0.655, 0.865, 1.61, 2.2]</WAVELENGTH>
		<MEAN_VALUE>[0.09800168938653647, 0.09005711403376658, 0.08349535487732804, 0.046582403091959754, 0.02938788616370832, 0.02280600446952894]</MEAN_VALUE>
		<CHECKBOX>2</CHECKBOX>
		<SD>[0.003106978783526166, 0.0035761266761247345, 0.0047790856459922, 0.01368290288804415, 0.012937255258279212, 0.010121794049344617]</SD>
		<WAVELENGTH_UNIT>E-6m</WAVELENGTH_UNIT>
		<COLOR>#66d6a5</COLOR>
		<COVARIANCE_MATRIX>[[9.699067479581698e-06, 1.0197326451817893e-05, 1.3494486791091326e-05, 2.221959487545942e-05, 2.1313440955274435e-05, 1.7286841624732092e-05], [1.0197326451817893e-05, 1.2849291871007018e-05, 1.6172116399727985e-05, 1.910463765370321e-05, 1.853769070401775e-05, 1.5494611150717843e-05], [1.3494486791091326e-05, 1.6172116399727985e-05, 2.2947904444011878e-05, 3.407598311315079e-05, 3.3655358756740626e-05, 2.6603837286380907e-05], [2.221959487545942e-05, 1.910463765370321e-05, 3.407598311315079e-05, 0.00018810913870167387, 0.0001706864304776454, 0.00012703183451639246], [2.1313440955274435e-05, 1.853769070401775e-05, 3.3655358756740626e-05, 0.0001706864304776454, 0.00016816580856392937, 0.00012832067569772457], [1.7286841624732092e-05, 1.5494611150717843e-05, 2.6603837286380907e-05, 0.00012703183451639246, 0.00012832067569772457, 0.00010293626318861509]]</COVARIANCE_MATRIX>
		<ROI_SIZE>212</ROI_SIZE>
		<MAX_VALUE>[0.10771708935499191, 0.10388059169054031, 0.10044651478528976, 0.07793726027011871, 0.06028401479125023, 0.04947205260396004]</MAX_VALUE>
		<MIN_VALUE>[0.0912979319691658, 0.07863481342792511, 0.06878869980573654, 0.02272387593984604, 0.00694861588999629, 0.006626674439758062]</MIN_VALUE>
		<SIGNATURE_THRESHOLD_MD>0</SIGNATURE_THRESHOLD_MD>
		<SIGNATURE_THRESHOLD_ML>0</SIGNATURE_THRESHOLD_ML>
		<SIGNATURE_THRESHOLD_SAM>0</SIGNATURE_THRESHOLD_SAM>
	</signature>
	<signature ID="20211203_133252656373_263">
		<MACROCLASSID>1</MACROCLASSID>
		<MACROCLASSINFO>waterbody</MACROCLASSINFO>
		<CLASSID>7</CLASSID>
		<CLASSINFO>C 1</CLASSINFO>
		<VALUES>[0.09409673089411714, 0.0018494580604005303, 0.08524207017426175, 0.003168789664599174, 0.07989085309985855, 0.004141473150327648, 0.04268189716333553, 0.011533847431500249, 0.024359320815124395, 0.011040084015686511, 0.018439396211543852, 0.0082287737065069]</VALUES>
		<LCS_MIN>[0.08644194900989532, 0.0676887035369873, 0.06208151578903198, 0.0226165559142828, 0.007109586615115404, 0.004346239380538464]</LCS_MIN>
		<LCS_MAX>[0.1003660261631012, 0.0925857201218605, 0.09180769324302673, 0.07474465668201447, 0.057386502623558044, 0.049552544951438904]</LCS_MAX>
		<WAVELENGTH>[0.48, 0.56, 0.655, 0.865, 1.61, 2.2]</WAVELENGTH>
		<MEAN_VALUE>[0.09409673089411714, 0.08524207017426175, 0.07989085309985855, 0.04268189716333553, 0.024359320815124395, 0.018439396211543852]</MEAN_VALUE>
		<CHECKBOX>2</CHECKBOX>
		<SD>[0.0018494580604005303, 0.003168789664599174, 0.004141473150327648, 0.011533847431500249, 0.011040084015686511, 0.0082287737065069]</SD>
		<WAVELENGTH_UNIT>E-6m</WAVELENGTH_UNIT>
		<COLOR>#b7d8c7</COLOR>
		<COVARIANCE_MATRIX>[[3.4333059603159673e-06, 4.685855989035134e-06, 5.883043600826406e-06, 5.177716627486871e-06, 6.705288273329268e-06, 5.769220127190833e-06], [4.685855989035134e-06, 1.0078835533745728e-05, 1.26409856796471e-05, 6.14109498615145e-07, 3.0216528183197617e-06, 2.8259110916726014e-06], [5.883043600826406e-06, 1.26409856796471e-05, 1.7216038805652145e-05, 1.8533133810905458e-06, 5.943877727908468e-06, 5.488737408428648e-06], [5.177716627486871e-06, 6.14109498615145e-07, 1.8533133810905458e-06, 0.00013352787491235007, 0.00011193343680129339, 7.704584831943522e-05], [6.705288273329268e-06, 3.0216528183197617e-06, 5.943877727908468e-06, 0.00011193343680129339, 0.00012233994741451577, 8.863271648829335e-05], [5.769220127190833e-06, 2.8259110916726014e-06, 5.488737408428648e-06, 7.704584831943522e-05, 8.863271648829335e-05, 6.796632239347195e-05]]</COVARIANCE_MATRIX>
		<ROI_SIZE>268</ROI_SIZE>
		<MAX_VALUE>[0.1003660261631012, 0.0925857201218605, 0.09180769324302673, 0.07474465668201447, 0.057386502623558044, 0.049552544951438904]</MAX_VALUE>
		<MIN_VALUE>[0.08644194900989532, 0.0676887035369873, 0.06208151578903198, 0.0226165559142828, 0.007109586615115404, 0.004346239380538464]</MIN_VALUE>
		<SIGNATURE_THRESHOLD_MD>0</SIGNATURE_THRESHOLD_MD>
		<SIGNATURE_THRESHOLD_ML>0</SIGNATURE_THRESHOLD_ML>
		<SIGNATURE_THRESHOLD_SAM>0</SIGNATURE_THRESHOLD_SAM>
	</signature>
	<signature ID="20211203_133300396490_565">
		<MACROCLASSID>1</MACROCLASSID>
		<MACROCLASSINFO>waterbody</MACROCLASSINFO>
		<CLASSID>8</CLASSID>
		<CLASSINFO>C 1</CLASSINFO>
		<VALUES>[0.09454931966250849, 0.002220191439435278, 0.08580093821954164, 0.0036313860420166557, 0.08113913929888181, 0.005200224956878374, 0.04682591612938615, 0.012572641741670693, 0.028671532614333996, 0.011644671602254016, 0.022069445872191517, 0.009068260588243752]</VALUES>
		<LCS_MIN>[0.08861508220434189, 0.07241056859493256, 0.06344977766275406, 0.02253607101738453, 0.012153379619121552, 0.007807139772921801]</LCS_MIN>
		<LCS_MAX>[0.10149283707141876, 0.09352471679449081, 0.09188816696405411, 0.0736178606748581, 0.052503690123558044, 0.045179471373558044]</LCS_MAX>
		<WAVELENGTH>[0.48, 0.56, 0.655, 0.865, 1.61, 2.2]</WAVELENGTH>
		<MEAN_VALUE>[0.09454931966250849, 0.08580093821954164, 0.08113913929888181, 0.04682591612938615, 0.028671532614333996, 0.022069445872191517]</MEAN_VALUE>
		<CHECKBOX>2</CHECKBOX>
		<SD>[0.002220191439435278, 0.0036313860420166557, 0.005200224956878374, 0.012572641741670693, 0.011644671602254016, 0.009068260588243752]</SD>
		<WAVELENGTH_UNIT>E-6m</WAVELENGTH_UNIT>
		<COLOR>#f40785</COLOR>
		<COVARIANCE_MATRIX>[[4.988638582292788e-06, 6.057494166827595e-06, 8.230437477439926e-06, 5.522713565557699e-06, 8.384285037587828e-06, 8.086140710449731e-06], [6.057494166827595e-06, 1.3345843677552794e-05, 1.860519547105448e-05, -1.0630205321802672e-06, 6.116728872597998e-06, 5.404436650778184e-06], [8.230437477439926e-06, 1.860519547105448e-05, 2.7368150922648432e-05, 6.908073256293174e-07, 1.2052971552864722e-05, 1.0348166111329973e-05], [5.522713565557699e-06, -1.0630205321802672e-06, 6.908073256293174e-07, 0.00015997579410373042, 0.00012457839205210763, 9.240946631730685e-05], [8.384285037587828e-06, 6.116728872597998e-06, 1.2052971552864722e-05, 0.00012457839205210763, 0.00013723209210656209, 0.00010380567968576878], [8.086140710449731e-06, 5.404436650778184e-06, 1.0348166111329973e-05, 9.240946631730685e-05, 0.00010380567968576878, 8.322411335046716e-05]]</COVARIANCE_MATRIX>
		<ROI_SIZE>84</ROI_SIZE>
		<MAX_VALUE>[0.10149283707141876, 0.09352471679449081, 0.09188816696405411, 0.0736178606748581, 0.052503690123558044, 0.045179471373558044]</MAX_VALUE>
		<MIN_VALUE>[0.08861508220434189, 0.07241056859493256, 0.06344977766275406, 0.02253607101738453, 0.012153379619121552, 0.007807139772921801]</MIN_VALUE>
		<SIGNATURE_THRESHOLD_MD>0</SIGNATURE_THRESHOLD_MD>
		<SIGNATURE_THRESHOLD_ML>0</SIGNATURE_THRESHOLD_ML>
		<SIGNATURE_THRESHOLD_SAM>0</SIGNATURE_THRESHOLD_SAM>
	</signature>
	<signature ID="20211203_133311020226_204">
		<MACROCLASSID>1</MACROCLASSID>
		<MACROCLASSINFO>waterbody</MACROCLASSINFO>
		<CLASSID>9</CLASSID>
		<CLASSINFO>C 1</CLASSINFO>
		<VALUES>[0.09420373054747364, 0.005753417085861797, 0.0833139548945518, 0.010155494376020495, 0.07670847168689922, 0.012227514166957238, 0.04916659496610858, 0.012274490958464378, 0.031851763698407476, 0.012346231418121337, 0.023798863623888427, 0.009439700873495107]</VALUES>
		<LCS_MIN>[0.07756166905164719, 0.05263783410191536, 0.04083322361111641, 0.03101392835378647, 0.011616806499660015, 0.01000708993524313]</LCS_MIN>
		<LCS_MAX>[0.10508788377046585, 0.0974685326218605, 0.09706611186265945, 0.08241765946149826, 0.06412050873041153, 0.05121592432260513]</LCS_MAX>
		<WAVELENGTH>[0.48, 0.56, 0.655, 0.865, 1.61, 2.2]</WAVELENGTH>
		<MEAN_VALUE>[0.09420373054747364, 0.0833139548945518, 0.07670847168689922, 0.04916659496610858, 0.031851763698407476, 0.023798863623888427]</MEAN_VALUE>
		<CHECKBOX>2</CHECKBOX>
		<SD>[0.005753417085861797, 0.010155494376020495, 0.012227514166957238, 0.012274490958464378, 0.012346231418121337, 0.009439700873495107]</SD>
		<WAVELENGTH_UNIT>E-6m</WAVELENGTH_UNIT>
		<COLOR>#212f37</COLOR>
		<COVARIANCE_MATRIX>[[3.322863501508906e-05, 5.700553214924417e-05, 6.908260518913654e-05, 1.291590666218415e-05, 1.0265921075370312e-05, 1.5902487545688017e-05], [5.700553214924417e-05, 0.00010352921569962674, 0.00012380628037220938, 1.2058933268344228e-05, 4.563536430973175e-06, 1.7881832991009063e-05], [6.908260518913654e-05, 0.00012380628037220938, 0.00015008494600851562, 2.3171258352361818e-05, 1.5113650450333542e-05, 2.8328302245165247e-05], [1.291590666218415e-05, 1.2058933268344228e-05, 2.3171258352361818e-05, 0.0001512403816545174, 0.00014264587760799723, 0.00010223527540077365], [1.0265921075370312e-05, 4.563536430973175e-06, 1.5113650450333542e-05, 0.00014264587760799723, 0.0001530134510352845, 0.00011217198734327639], [1.5902487545688017e-05, 1.7881832991009063e-05, 2.8328302245165247e-05, 0.00010223527540077365, 0.00011217198734327639, 8.944936236106841e-05]]</COVARIANCE_MATRIX>
		<ROI_SIZE>262</ROI_SIZE>
		<MAX_VALUE>[0.10508788377046585, 0.0974685326218605, 0.09706611186265945, 0.08241765946149826, 0.06412050873041153, 0.05121592432260513]</MAX_VALUE>
		<MIN_VALUE>[0.07756166905164719, 0.05263783410191536, 0.04083322361111641, 0.03101392835378647, 0.011616806499660015, 0.01000708993524313]</MIN_VALUE>
		<SIGNATURE_THRESHOLD_MD>0</SIGNATURE_THRESHOLD_MD>
		<SIGNATURE_THRESHOLD_ML>0</SIGNATURE_THRESHOLD_ML>
		<SIGNATURE_THRESHOLD_SAM>0</SIGNATURE_THRESHOLD_SAM>
	</signature>
	<signature ID="20211203_133319442913_610">
		<MACROCLASSID>1</MACROCLASSID>
		<MACROCLASSINFO>waterbody</MACROCLASSINFO>
		<CLASSID>10</CLASSID>
		<CLASSINFO>C 1</CLASSINFO>
		<VALUES>[0.09428041465411896, 0.0025700689002163307, 0.08418700844049455, 0.003806116615864646, 0.0752003780519801, 0.005026280609695383, 0.04362340300129012, 0.011728998090038136, 0.02367720149491169, 0.008566422091399392, 0.016260714725300475, 0.006158929933904965]</VALUES>
		<LCS_MIN>[0.08504685759544373, 0.06771555542945862, 0.05456950515508652, 0.028679832816123962, 0.01392406690865755, 0.010329031385481358]</LCS_MIN>
		<LCS_MAX>[0.1013050451874733, 0.09449054300785065, 0.08971504867076874, 0.07530806213617325, 0.054113417863845825, 0.04807696491479874]</LCS_MAX>
		<WAVELENGTH>[0.48, 0.56, 0.655, 0.865, 1.61, 2.2]</WAVELENGTH>
		<MEAN_VALUE>[0.09428041465411896, 0.08418700844049455, 0.0752003780519801, 0.04362340300129012, 0.02367720149491169, 0.016260714725300475]</MEAN_VALUE>
		<CHECKBOX>2</CHECKBOX>
		<SD>[0.0025700689002163307, 0.003806116615864646, 0.005026280609695383, 0.011728998090038136, 0.008566422091399392, 0.006158929933904965]</SD>
		<WAVELENGTH_UNIT>E-6m</WAVELENGTH_UNIT>
		<COLOR>#e3aad6</COLOR>
		<COVARIANCE_MATRIX>[[6.635278034367648e-06, 8.959194118295482e-06, 1.2154763377204266e-05, -5.35154187991784e-06, 1.859861372821643e-06, 5.104136757095816e-06], [8.959194118295482e-06, 1.4552371528531675e-05, 1.7584693079876473e-05, -1.3528610220810207e-05, -2.7490536079779334e-06, 3.4895888190553987e-06], [1.2154763377204266e-05, 1.7584693079876473e-05, 2.5378330843615186e-05, -1.4387242666881658e-05, 1.1071192135161123e-06, 8.25511950436967e-06], [-5.35154187991784e-06, -1.3528610220810207e-05, -1.4387242666881658e-05, 0.00013819471163337334, 9.241094509836975e-05, 5.3515280208427735e-05], [1.859861372821643e-06, -2.7490536079779334e-06, 1.1071192135161123e-06, 9.241094509836975e-05, 7.37171492091429e-05, 4.847508974025536e-05], [5.104136757095816e-06, 3.4895888190553987e-06, 8.25511950436967e-06, 5.3515280208427735e-05, 4.847508974025536e-05, 3.8104838012254045e-05]]</COVARIANCE_MATRIX>
		<ROI_SIZE>221</ROI_SIZE>
		<MAX_VALUE>[0.1013050451874733, 0.09449054300785065, 0.08971504867076874, 0.07530806213617325, 0.054113417863845825, 0.04807696491479874]</MAX_VALUE>
		<MIN_VALUE>[0.08504685759544373, 0.06771555542945862, 0.05456950515508652, 0.028679832816123962, 0.01392406690865755, 0.010329031385481358]</MIN_VALUE>
		<SIGNATURE_THRESHOLD_MD>0</SIGNATURE_THRESHOLD_MD>
		<SIGNATURE_THRESHOLD_ML>0</SIGNATURE_THRESHOLD_ML>
		<SIGNATURE_THRESHOLD_SAM>0</SIGNATURE_THRESHOLD_SAM>
	</signature>
	<signature ID="20211203_133330729585_230">
		<MACROCLASSID>1</MACROCLASSID>
		<MACROCLASSINFO>waterbody</MACROCLASSINFO>
		<CLASSID>11</CLASSID>
		<CLASSINFO>C 1</CLASSINFO>
		<VALUES>[0.09867557579087553, 0.0016628134718689302, 0.0905551065203794, 0.002959399078264325, 0.0778128440842169, 0.003590768718292704, 0.03867905279365157, 0.010846124133994684, 0.021794223517111144, 0.009995459369639699, 0.01669320803767907, 0.008411396149889018]</VALUES>
		<LCS_MIN>[0.0930418074131012, 0.07740069925785065, 0.06878869980573654, 0.025433573871850967, 0.010490002110600471, 0.007941275835037231]</LCS_MIN>
		<LCS_MAX>[0.10712685436010361, 0.09824655950069427, 0.09446371346712112, 0.06886917352676392, 0.0540865920484066, 0.05003545805811882]</LCS_MAX>
		<WAVELENGTH>[0.48, 0.56, 0.655, 0.865, 1.61, 2.2]</WAVELENGTH>
		<MEAN_VALUE>[0.09867557579087553, 0.0905551065203794, 0.0778128440842169, 0.03867905279365157, 0.021794223517111144, 0.01669320803767907]</MEAN_VALUE>
		<CHECKBOX>2</CHECKBOX>
		<SD>[0.0016628134718689302, 0.002959399078264325, 0.003590768718292704, 0.010846124133994684, 0.009995459369639699, 0.008411396149889018]</SD>
		<WAVELENGTH_UNIT>E-6m</WAVELENGTH_UNIT>
		<COLOR>#500d86</COLOR>
		<COVARIANCE_MATRIX>[[2.7776903410409215e-06, 2.8852109073639563e-06, 3.437013553001326e-06, 5.62979979685933e-06, 6.860722420972224e-06, 6.215026902098099e-06], [2.8852109073639563e-06, 8.798402549152616e-06, 7.932835970491207e-06, -6.682424019882643e-07, 2.3053799674582095e-06, 1.3959879174522673e-06], [3.437013553001326e-06, 7.932835970491207e-06, 1.2953037591901969e-05, 2.186119710092226e-05, 2.2784595428016328e-05, 1.6888537749347555e-05], [5.62979979685933e-06, -6.682424019882643e-07, 2.186119710092226e-05, 0.00011818052121264865, 0.00010289567597241309, 7.846497376779464e-05], [6.860722420972224e-06, 2.3053799674582095e-06, 2.2784595428016328e-05, 0.00010289567597241309, 0.00010036961910693893, 7.886752393864734e-05], [6.215026902098099e-06, 1.3959879174522673e-06, 1.6888537749347555e-05, 7.846497376779464e-05, 7.886752393864734e-05, 7.1077629361752e-05]]</COVARIANCE_MATRIX>
		<ROI_SIZE>218</ROI_SIZE>
		<MAX_VALUE>[0.10712685436010361, 0.09824655950069427, 0.09446371346712112, 0.06886917352676392, 0.0540865920484066, 0.05003545805811882]</MAX_VALUE>
		<MIN_VALUE>[0.0930418074131012, 0.07740069925785065, 0.06878869980573654, 0.025433573871850967, 0.010490002110600471, 0.007941275835037231]</MIN_VALUE>
		<SIGNATURE_THRESHOLD_MD>0</SIGNATURE_THRESHOLD_MD>
		<SIGNATURE_THRESHOLD_ML>0</SIGNATURE_THRESHOLD_ML>
		<SIGNATURE_THRESHOLD_SAM>0</SIGNATURE_THRESHOLD_SAM>
	</signature>
	<signature ID="20211203_133338516909_607">
		<MACROCLASSID>1</MACROCLASSID>
		<MACROCLASSINFO>waterbody</MACROCLASSINFO>
		<CLASSID>12</CLASSID>
		<CLASSINFO>C 1</CLASSINFO>
		<VALUES>[0.10045092098795583, 0.002510282343638349, 0.09190462080992917, 0.0034448885417775734, 0.07800247744541534, 0.004436366982694106, 0.03881774326093007, 0.010595209170138457, 0.02352589389554015, 0.010190842677313447, 0.018143417859232448, 0.008673537170145913]</VALUES>
		<LCS_MIN>[0.08831996470689774, 0.06269857287406921, 0.05124275013804436, 0.026292087510228157, 0.012046068906784058, 0.006733985152095556]</LCS_MIN>
		<LCS_MAX>[0.1089780256152153, 0.10264645516872406, 0.09194183349609375, 0.06953989714384079, 0.05253051593899727, 0.046896498650312424]</LCS_MAX>
		<WAVELENGTH>[0.48, 0.56, 0.655, 0.865, 1.61, 2.2]</WAVELENGTH>
		<MEAN_VALUE>[0.10045092098795583, 0.09190462080992917, 0.07800247744541534, 0.03881774326093007, 0.02352589389554015, 0.018143417859232448]</MEAN_VALUE>
		<CHECKBOX>2</CHECKBOX>
		<SD>[0.002510282343638349, 0.0034448885417775734, 0.004436366982694106, 0.010595209170138457, 0.010190842677313447, 0.008673537170145913]</SD>
		<WAVELENGTH_UNIT>E-6m</WAVELENGTH_UNIT>
		<COLOR>#73be4a</COLOR>
		<COVARIANCE_MATRIX>[[1.1849697228230268e-05, 1.5229842126095626e-05, 1.9515078248257993e-05, 1.1042790851475064e-05, 9.705513514783075e-06, 1.0838167496312486e-05], [1.5229842126095626e-05, 2.7436167741970595e-05, 2.8549931440328364e-05, -1.471915502223482e-06, 1.3435749053367708e-06, 6.98958971990026e-06], [1.9515078248257993e-05, 2.8549931440328364e-05, 3.7493230735576114e-05, 2.0247179920798727e-05, 2.0102970648347307e-05, 2.129317762914632e-05], [1.1042790851475064e-05, -1.471915502223482e-06, 2.0247179920798727e-05, 0.00012012736926318462, 0.00010325615426299778, 8.13881988967505e-05], [9.705513514783075e-06, 1.3435749053367708e-06, 2.0102970648347307e-05, 0.00010325615426299778, 0.00010454761246650178, 8.357132000887208e-05], [1.0838167496312486e-05, 6.98958971990026e-06, 2.129317762914632e-05, 8.13881988967505e-05, 8.357132000887208e-05, 7.35215002651654e-05]]</COVARIANCE_MATRIX>
		<ROI_SIZE>428</ROI_SIZE>
		<MAX_VALUE>[0.1089780256152153, 0.10264645516872406, 0.09194183349609375, 0.06953989714384079, 0.05253051593899727, 0.046896498650312424]</MAX_VALUE>
		<MIN_VALUE>[0.08831996470689774, 0.06269857287406921, 0.05124275013804436, 0.026292087510228157, 0.012046068906784058, 0.006733985152095556]</MIN_VALUE>
		<SIGNATURE_THRESHOLD_MD>0</SIGNATURE_THRESHOLD_MD>
		<SIGNATURE_THRESHOLD_ML>0</SIGNATURE_THRESHOLD_ML>
		<SIGNATURE_THRESHOLD_SAM>0</SIGNATURE_THRESHOLD_SAM>
	</signature>
	<signature ID="20211203_133354445029_216">
		<MACROCLASSID>1</MACROCLASSID>
		<MACROCLASSINFO>waterbody</MACROCLASSINFO>
		<CLASSID>13</CLASSID>
		<CLASSINFO>C 1</CLASSINFO>
		<VALUES>[0.10407873000725205, 0.005885957259811793, 0.09447471456355362, 0.009299817958613746, 0.08618109915629923, 0.011495278452496115, 0.0682537331279502, 0.022036057271987243, 0.06254246182380668, 0.023022619647829468, 0.0536754255418677, 0.01871691966969279]</VALUES>
		<LCS_MIN>[0.08982237428426743, 0.07061304152011871, 0.062215663492679596, 0.03141636401414871, 0.022911671549081802, 0.02269704081118107]</LCS_MIN>
		<LCS_MAX>[0.12303625047206879, 0.11764367669820786, 0.12139969319105148, 0.11198283731937408, 0.10610736161470413, 0.10007090866565704]</LCS_MAX>
		<WAVELENGTH>[0.48, 0.56, 0.655, 0.865, 1.61, 2.2]</WAVELENGTH>
		<MEAN_VALUE>[0.10407873000725205, 0.09447471456355362, 0.08618109915629923, 0.0682537331279502, 0.06254246182380668, 0.0536754255418677]</MEAN_VALUE>
		<CHECKBOX>2</CHECKBOX>
		<SD>[0.005885957259811793, 0.009299817958613746, 0.011495278452496115, 0.022036057271987243, 0.023022619647829468, 0.01871691966969279]</SD>
		<WAVELENGTH_UNIT>E-6m</WAVELENGTH_UNIT>
		<COLOR>#a27764</COLOR>
		<COVARIANCE_MATRIX>[[3.506698667974985e-05, 5.3572828776569184e-05, 6.464783102263437e-05, 2.1874955775033395e-05, 2.8809696222516028e-05, 4.7982949119320486e-05], [5.3572828776569184e-05, 8.754132886900554e-05, 9.727811729917412e-05, -3.898452832144878e-06, 9.0380008891867e-06, 4.873959203532395e-05], [6.464783102263437e-05, 9.727811729917412e-05, 0.00013375290751384123, 8.260861179295453e-05, 9.670417538409523e-05, 0.00010831606625464634], [2.1874955775033395e-05, -3.898452832144878e-06, 8.260861179295453e-05, 0.0004915096227783788, 0.0005000961217946536, 0.00036480689345597155], [2.8809696222516028e-05, 9.0380008891867e-06, 9.670417538409523e-05, 0.0005000961217946536, 0.0005365049302711676, 0.00040824698658378046], [4.7982949119320486e-05, 4.873959203532395e-05, 0.00010831606625464634, 0.00036480689345597155, 0.00040824698658378046, 0.0003545953146280954]]</COVARIANCE_MATRIX>
		<ROI_SIZE>83</ROI_SIZE>
		<MAX_VALUE>[0.12303625047206879, 0.11764367669820786, 0.12139969319105148, 0.11198283731937408, 0.10610736161470413, 0.10007090866565704]</MAX_VALUE>
		<MIN_VALUE>[0.08982237428426743, 0.07061304152011871, 0.062215663492679596, 0.03141636401414871, 0.022911671549081802, 0.02269704081118107]</MIN_VALUE>
		<SIGNATURE_THRESHOLD_MD>0</SIGNATURE_THRESHOLD_MD>
		<SIGNATURE_THRESHOLD_ML>0</SIGNATURE_THRESHOLD_ML>
		<SIGNATURE_THRESHOLD_SAM>0</SIGNATURE_THRESHOLD_SAM>
	</signature>
	<signature ID="20211203_133403794251_186">
		<MACROCLASSID>1</MACROCLASSID>
		<MACROCLASSINFO>waterbody</MACROCLASSINFO>
		<CLASSID>14</CLASSID>
		<CLASSINFO>C 1</CLASSINFO>
		<VALUES>[0.10194471983981773, 0.0012717466440371698, 0.10566819115446607, 0.001817111038090447, 0.0959234482964544, 0.0023133095315819017, 0.03605413520883668, 0.0064607020580147905, 0.016120661524491913, 0.005056675470311589, 0.011759183315136368, 0.0035959852571551694]</VALUES>
		<LCS_MIN>[0.09797828644514084, 0.09768316894769669, 0.08823946863412857, 0.02736523188650608, 0.008236391469836235, 0.007994935847818851]</LCS_MIN>
		<LCS_MAX>[0.10506103932857513, 0.10948778688907623, 0.10294157266616821, 0.0729203075170517, 0.04864037036895752, 0.038096699863672256]</LCS_MAX>
		<WAVELENGTH>[0.48, 0.56, 0.655, 0.865, 1.61, 2.2]</WAVELENGTH>
		<MEAN_VALUE>[0.10194471983981773, 0.10566819115446607, 0.0959234482964544, 0.03605413520883668, 0.016120661524491913, 0.011759183315136368]</MEAN_VALUE>
		<CHECKBOX>2</CHECKBOX>
		<SD>[0.0012717466440371698, 0.001817111038090447, 0.0023133095315819017, 0.0064607020580147905, 0.005056675470311589, 0.0035959852571551694]</SD>
		<WAVELENGTH_UNIT>E-6m</WAVELENGTH_UNIT>
		<COLOR>#325e6b</COLOR>
		<COVARIANCE_MATRIX>[[1.6207230821148734e-06, 2.173147841557925e-06, 2.3876184895030112e-06, -1.8788563121874542e-06, -1.4789835139152938e-06, -9.045078773701972e-07], [2.173147841557925e-06, 3.3088002496972715e-06, 3.55868986098451e-06, -3.9816282155182085e-06, -3.19525349746087e-06, -2.1262522409125927e-06], [2.3876184895030112e-06, 3.55868986098451e-06, 5.3625963884660885e-06, -6.167216057829527e-07, -1.1366754948944013e-06, -8.076588056720292e-07], [-1.8788563121874542e-06, -3.9816282155182085e-06, -6.167216057829527e-07, 4.1827994662106936e-05, 3.0924637604788e-05, 2.079711579702513e-05], [-1.4789835139152938e-06, -3.19525349746087e-06, -1.1366754948944013e-06, 3.0924637604788e-05, 2.5623460466469477e-05, 1.7725962186616712e-05], [-9.045078773701972e-07, -2.1262522409125927e-06, -8.076588056720292e-07, 2.079711579702513e-05, 1.7725962186616712e-05, 1.2958162500994649e-05]]</COVARIANCE_MATRIX>
		<ROI_SIZE>479</ROI_SIZE>
		<MAX_VALUE>[0.10506103932857513, 0.10948778688907623, 0.10294157266616821, 0.0729203075170517, 0.04864037036895752, 0.038096699863672256]</MAX_VALUE>
		<MIN_VALUE>[0.09797828644514084, 0.09768316894769669, 0.08823946863412857, 0.02736523188650608, 0.008236391469836235, 0.007994935847818851]</MIN_VALUE>
		<SIGNATURE_THRESHOLD_MD>0</SIGNATURE_THRESHOLD_MD>
		<SIGNATURE_THRESHOLD_ML>0</SIGNATURE_THRESHOLD_ML>
		<SIGNATURE_THRESHOLD_SAM>0</SIGNATURE_THRESHOLD_SAM>
	</signature>
	<signature ID="20211203_133421987123_291">
		<MACROCLASSID>1</MACROCLASSID>
		<MACROCLASSINFO>waterbody</MACROCLASSINFO>
		<CLASSID>15</CLASSID>
		<CLASSINFO>C 1</CLASSINFO>
		<VALUES>[0.09663003854519504, 0.002514539060919721, 0.08910970323908647, 0.0042186264597622895, 0.07747445113759126, 0.004715668213060623, 0.038728160948484316, 0.010968641476175845, 0.021562247641472534, 0.009672699459062725, 0.01565297713343901, 0.0077187164814833216]</VALUES>
		<LCS_MIN>[0.08802484720945358, 0.073859304189682, 0.061491284519433975, 0.025031136348843575, 0.009524167515337467, 0.008772964589297771]</LCS_MIN>
		<LCS_MAX>[0.11061457544565201, 0.10371959954500198, 0.09604661911725998, 0.07171301543712616, 0.055106066167354584, 0.04560873284935951]</LCS_MAX>
		<WAVELENGTH>[0.48, 0.56, 0.655, 0.865, 1.61, 2.2]</WAVELENGTH>
		<MEAN_VALUE>[0.09663003854519504, 0.08910970323908647, 0.07747445113759126, 0.038728160948484316, 0.021562247641472534, 0.01565297713343901]</MEAN_VALUE>
		<CHECKBOX>2</CHECKBOX>
		<SD>[0.002514539060919721, 0.0042186264597622895, 0.004715668213060623, 0.010968641476175845, 0.009672699459062725, 0.0077187164814833216]</SD>
		<WAVELENGTH_UNIT>E-6m</WAVELENGTH_UNIT>
		<COLOR>#58bc4d</COLOR>
		<COVARIANCE_MATRIX>[[6.341613513414415e-06, 8.6987906591152e-06, 1.0498513099902012e-05, 7.662136013980615e-06, 9.271226359523839e-06, 8.744307755020576e-06], [8.6987906591152e-06, 1.7849462488684087e-05, 1.872746021684489e-05, 1.0654876911295814e-06, 6.267256867620454e-06, 6.751561018450621e-06], [1.0498513099902012e-05, 1.872746021684489e-05, 2.230331819476998e-05, 1.3697796463058665e-05, 1.7146803996114583e-05, 1.5923357013378885e-05], [7.662136013980615e-06, 1.0654876911295814e-06, 1.3697796463058665e-05, 0.00012066704582055627, 9.893754749188637e-05, 7.433527850042057e-05], [9.271226359523839e-06, 6.267256867620454e-06, 1.7146803996114583e-05, 9.893754749188637e-05, 9.383792285738e-05, 7.222392869895337e-05], [8.744307755020576e-06, 6.751561018450621e-06, 1.5923357013378885e-05, 7.433527850042057e-05, 7.222392869895337e-05, 5.975485212188182e-05]]</COVARIANCE_MATRIX>
		<ROI_SIZE>339</ROI_SIZE>
		<MAX_VALUE>[0.11061457544565201, 0.10371959954500198, 0.09604661911725998, 0.07171301543712616, 0.055106066167354584, 0.04560873284935951]</MAX_VALUE>
		<MIN_VALUE>[0.08802484720945358, 0.073859304189682, 0.061491284519433975, 0.025031136348843575, 0.009524167515337467, 0.008772964589297771]</MIN_VALUE>
		<SIGNATURE_THRESHOLD_MD>0</SIGNATURE_THRESHOLD_MD>
		<SIGNATURE_THRESHOLD_ML>0</SIGNATURE_THRESHOLD_ML>
		<SIGNATURE_THRESHOLD_SAM>0</SIGNATURE_THRESHOLD_SAM>
	</signature>
	<signature ID="20211203_133439425635_217">
		<MACROCLASSID>1</MACROCLASSID>
		<MACROCLASSINFO>waterbody</MACROCLASSINFO>
		<CLASSID>16</CLASSID>
		<CLASSINFO>C 1</CLASSINFO>
		<VALUES>[0.09762747998132648, 0.0026542566053331675, 0.08920808837005183, 0.0031970761720762873, 0.08262730392176404, 0.004093411350830609, 0.04712015708451562, 0.011145344252740016, 0.029463605088351674, 0.011070834150305851, 0.022852786031768404, 0.009096209166987]</VALUES>
