<?xml version="1.0" ?>
<signaturelist MCID_LIST="[['1', 'waterbody', '#000000'], ['2', 'vegetation', '#000000'], ['3', 'bareland', '#000000'], ['4', 'built-up', '#000000']]">
	<signature ID="20211203_133035609971_219">
		<MACROCLASSID>1</MACROCLASSID>
		<MACROCLASSINFO>waterbody</MACROCLASSINFO>
		<CLASSID>1</CLASSID>
		<CLASSINFO>C 1</CLASSINFO>
		<VALUES>[0.07344505824640454, 0.00037596517908494194, 0.0564452161059618, 0.0007450731986391813, 0.03476733643401765, 0.00049176942163778, 0.01446399177061913, 0.0004897691621640303, 0.004303622379685415, 0.00035803473472440753, 0.0028706440025488664, 0.0002812146339848126]</VALUES>
		<LCS_MIN>[0.07230325043201447, 0.0540865920484066, 0.03361630439758301, 0.013441154733300209, 0.0035145506262779236, 0.002146289683878422]</LCS_MIN>
		<LCS_MAX>[0.07517391443252563, 0.058888908475637436, 0.03723817691206932, 0.029645666480064392, 0.012716776691377163, 0.007270567584782839]</LCS_MAX>
		<WAVELENGTH>[0.48, 0.56, 0.655, 0.865, 1.61, 2.2]</WAVELENGTH>
		<MEAN_VALUE>[0.07344505824640454, 0.0564452161059618, 0.03476733643401765, 0.01446399177061913, 0.004303622379685415, 0.0028706440025488664]</MEAN_VALUE>
		<CHECKBOX>2</CHECKBOX>
		<SD>[0.00037596517908494194, 0.0007450731986391813, 0.00049176942163778, 0.0004897691621640303, 0.00035803473472440753, 0.0002812146339848126]</SD>
		<WAVELENGTH_UNIT>E-6m</WAVELENGTH_UNIT>
		<COLOR>#e77f29</COLOR>
		<COVARIANCE_MATRIX>[[1.2336830934600584e-07, 1.4766089861950604e-07, 9.771675735237295e-08, 3.291053829457269e-08, 6.38455244228453e-09, -3.638674916928153e-10], [1.4766089861950604e-07, 4.1364285152667435e-07, 9.589068383775157e-08, -1.555559592247846e-08, -3.1445157588905204e-08, -4.2023540203217635e-08], [9.771675735237295e-08, 9.589068383775157e-08, 2.352113739334527e-07, 8.914683036209681e-08, 2.3252944458818092e-08, 1.6659861046264268e-08], [3.291053829457269e-08, -1.555559592247846e-08, 8.914683036209681e-08, 2.956143987375981e-07, 1.4943582016258006e-07, 9.242133103271044e-08], [6.38455244228453e-09, -3.1445157588905204e-08, 2.3252944458818092e-08, 1.4943582016258006e-07, 1.3100385842790274e-07, 7.263401613499809e-08], [-3.638674916928153e-10, -4.2023540203217635e-08, 1.6659861046264268e-08, 9.242133103271044e-08, 7.263401613499809e-08, 7.510319477432859e-08]]</COVARIANCE_MATRIX>
		<ROI_SIZE>10201</ROI_SIZE>
		<MAX_VALUE>[0.07517391443252563, 0.058888908475637436, 0.03723817691206932, 0.029645666480064392, 0.012716776691377163, 0.007270567584782839]</MAX_VALUE>
		<MIN_VALUE>[0.07230325043201447, 0.0540865920484066, 0.03361630439758301, 0.013441154733300209, 0.0035145506262779236, 0.002146289683878422]</MIN_VALUE>
		<SIGNATURE_THRESHOLD_MD>0.0</SIGNATURE_THRESHOLD_MD>
		<SIGNATURE_THRESHOLD_ML>0.0</SIGNATURE_THRESHOLD_ML>
		<SIGNATURE_THRESHOLD_SAM>0.0</SIGNATURE_THRESHOLD_SAM>
	</signature>
	<signature ID="20211203_133040984127_358">
		<MACROCLASSID>1</MACROCLASSID>
		<MACROCLASSINFO>waterbody</MACROCLASSINFO>
		<CLASSID>2</CLASSID>
		<CLASSINFO>C 1</CLASSINFO>
		<VALUES>[0.07742177074979859, 0.0009676356555970671, 0.061913173573078344, 0.0018361955654181495, 0.03985908358516364, 0.0021952808247381415, 0.01737199491034394, 0.0028566685875350095, 0.005649325207386865, 0.0019419221006606786, 0.0037095569040251006, 0.0011898691528682865]</VALUES>
		<LCS_MIN>[0.07495927810668945, 0.05746699497103691, 0.03595041111111641, 0.015211842954158783, 0.0023877457715570927, 0.0016365422634407878]</LCS_MIN>
		<LCS_MAX>[0.0811835452914238, 0.06991548836231232, 0.05553532764315605, 0.05440853163599968, 0.04260392114520073, 0.023823846131563187]</LCS_MAX>
		<WAVELENGTH>[0.48, 0.56, 0.655, 0.865, 1.61, 2.2]</WAVELENGTH>
		<MEAN_VALUE>[0.07742177074979859, 0.061913173573078344, 0.03985908358516364, 0.01737199491034394, 0.005649325207386865, 0.0037095569040251006]</MEAN_VALUE>
		<CHECKBOX>2</CHECKBOX>
		<SD>[0.0009676356555970671, 0.0018361955654181495, 0.0021952808247381415, 0.0028566685875350095, 0.0019419221006606786, 0.0011898691528682865]</SD>
		<WAVELENGTH_UNIT>E-6m</WAVELENGTH_UNIT>
		<COLOR>#dc9fb6</COLOR>
		<COVARIANCE_MATRIX>[[1.0199159987678286e-06, 1.7621407550905133e-06, 2.127657808159711e-06, 1.4456927601713687e-06, 8.801193303042965e-07, 5.849215085618198e-07], [1.7621407550905133e-06, 3.3527649065945297e-06, 3.7325924040487735e-06, 2.4139508241205476e-06, 1.4539701851390419e-06, 9.564040510667837e-07], [2.127657808159711e-06, 3.7325924040487735e-06, 5.529943337023724e-06, 3.723816917045042e-06, 2.0577372197294608e-06, 1.315970280302281e-06], [1.4456927601713687e-06, 2.4139508241205476e-06, 3.723816917045042e-06, 6.77714342600666e-06, 4.148464995523682e-06, 2.5420824840693967e-06], [8.801193303042965e-07, 1.4539701851390419e-06, 2.0577372197294608e-06, 4.148464995523682e-06, 3.1168744953902205e-06, 1.91060348697647e-06], [5.849215085618198e-07, 9.564040510667837e-07, 1.315970280302281e-06, 2.5420824840693967e-06, 1.91060348697647e-06, 1.2316667152845184e-06]]</COVARIANCE_MATRIX>
		<ROI_SIZE>8024</ROI_SIZE>
		<MAX_VALUE>[0.0811835452914238, 0.06991548836231232, 0.05553532764315605, 0.05440853163599968, 0.04260392114520073, 0.023823846131563187]</MAX_VALUE>
		<MIN_VALUE>[0.07495927810668945, 0.05746699497103691, 0.03595041111111641, 0.015211842954158783, 0.0023877457715570927, 0.0016365422634407878]</MIN_VALUE>
		<SIGNATURE_THRESHOLD_MD>0.0</SIGNATURE_THRESHOLD_MD>
		<SIGNATURE_THRESHOLD_ML>0.0</SIGNATURE_THRESHOLD_ML>
		<SIGNATURE_THRESHOLD_SAM>0.0</SIGNATURE_THRESHOLD_SAM>
	</signature>
	<signature ID="20211203_133057913539_973">
		<MACROCLASSID>1</MACROCLASSID>
		<MACROCLASSINFO>waterbody</MACROCLASSINFO>
		<CLASSID>3</CLASSID>
		<CLASSINFO>C 1</CLASSINFO>
		<VALUES>[0.0777068494894246, 0.0007384600371347509, 0.058771770467227265, 0.00146086225502233, 0.03684701188220765, 0.0023501535575420583, 0.01803444381522431, 0.0036001323727359777, 0.007557117873567481, 0.0039673444226443425, 0.005257483690744847, 0.0030852214306187043]</VALUES>
		<LCS_MIN>[0.07613974064588547, 0.05674261972308159, 0.03471629321575165, 0.012743611820042133, 0.0032730945385992527, 0.0033535799011588097]</LCS_MIN>
		<LCS_MAX>[0.08394689112901688, 0.07179351150989532, 0.06224248930811882, 0.05617921054363251, 0.045957501977682114, 0.0340723916888237]</LCS_MAX>
		<WAVELENGTH>[0.48, 0.56, 0.655, 0.865, 1.61, 2.2]</WAVELENGTH>
		<MEAN_VALUE>[0.0777068494894246, 0.058771770467227265, 0.03684701188220765, 0.01803444381522431, 0.007557117873567481, 0.005257483690744847]</MEAN_VALUE>
		<CHECKBOX>2</CHECKBOX>
		<SD>[0.0007384600371347509, 0.00146086225502233, 0.0023501535575420583, 0.0036001323727359777, 0.0039673444226443425, 0.0030852214306187043]</SD>
		<WAVELENGTH_UNIT>E-6m</WAVELENGTH_UNIT>
		<COLOR>#bfce6d</COLOR>
		<COVARIANCE_MATRIX>[[3.971795479174034e-07, 6.02212708145089e-07, 9.054332963387424e-07, 1.1401638175811968e-06, 1.2901032278023195e-06, 1.0545370514591923e-06], [6.02212708145089e-07, 1.3978954029880697e-06, 1.828889594435168e-06, 2.5511503736197483e-06, 2.898433194786776e-06, 2.356476215936709e-06], [9.054332963387424e-07, 1.828889594435168e-06, 3.5690218282979913e-06, 5.142504505784018e-06, 5.605768819805235e-06, 4.407941105455393e-06], [1.1401638175811968e-06, 2.5511503736197483e-06, 5.142504505784018e-06, 9.622594916436356e-06, 1.0097560334543232e-05, 7.600933258800069e-06], [1.2901032278023195e-06, 2.898433194786776e-06, 5.605768819805235e-06, 1.0097560334543232e-05, 1.2431066352291964e-05, 9.470350050833076e-06], [1.0545370514591923e-06, 2.356476215936709e-06, 4.407941105455393e-06, 7.600933258800069e-06, 9.470350050833076e-06, 7.464256668754388e-06]]</COVARIANCE_MATRIX>
		<ROI_SIZE>4676</ROI_SIZE>
		<MAX_VALUE>[0.08394689112901688, 0.07179351150989532, 0.06224248930811882, 0.05617921054363251, 0.045957501977682114, 0.0340723916888237]</MAX_VALUE>
		<MIN_VALUE>[0.07613974064588547, 0.05674261972308159, 0.03471629321575165, 0.012743611820042133, 0.0032730945385992527, 0.0033535799011588097]</MIN_VALUE>
		<SIGNATURE_THRESHOLD_MD>0.0</SIGNATURE_THRESHOLD_MD>
		<SIGNATURE_THRESHOLD_ML>0.0</SIGNATURE_THRESHOLD_ML>
		<SIGNATURE_THRESHOLD_SAM>0.0</SIGNATURE_THRESHOLD_SAM>
	</signature>
	<signature ID="20211203_133103125710_382">
		<MACROCLASSID>1</MACROCLASSID>
		<MACROCLASSINFO>waterbody</MACROCLASSINFO>
		<CLASSID>4</CLASSID>
		<CLASSINFO>C 1</CLASSINFO>
		<VALUES>[0.0754272661019778, 0.0005511657213921678, 0.06459010123798052, 0.0007168652977164198, 0.03940946435837776, 0.002146163027302518, 0.018649146176155353, 0.004014939037035085, 0.007623844106234298, 0.004227514333395949, 0.005241912665457213, 0.0032827094532203727]</VALUES>
		<LCS_MIN>[0.07415442168712616, 0.06200104206800461, 0.03777476027607918, 0.009792458266019821, 0.005151102785021067, 0.003058463567867875]</LCS_MIN>
		<LCS_MAX>[0.08123718947172165, 0.0731617733836174, 0.06476438790559769, 0.05604506656527519, 0.045850180089473724, 0.03662111982703209]</LCS_MAX>
		<WAVELENGTH>[0.48, 0.56, 0.655, 0.865, 1.61, 2.2]</WAVELENGTH>
		<MEAN_VALUE>[0.0754272661019778, 0.06459010123798052, 0.03940946435837776, 0.018649146176155353, 0.007623844106234298, 0.005241912665457213]</MEAN_VALUE>
		<CHECKBOX>2</CHECKBOX>
		<SD>[0.0005511657213921678, 0.0007168652977164198, 0.002146163027302518, 0.004014939037035085, 0.004227514333395949, 0.0032827094532203727]</SD>
		<WAVELENGTH_UNIT>E-6m</WAVELENGTH_UNIT>
		<COLOR>#aa222d</COLOR>
		<COVARIANCE_MATRIX>[[2.875001428037649e-07, 2.615582559428731e-07, 8.32993919175351e-07, 1.28536987631378e-06, 1.452753963349096e-06, 1.1864691487062373e-06], [2.615582559428731e-07, 5.249378318694653e-07, 8.81035930433427e-07, 1.188869759971567e-06, 1.3446040156850358e-06, 1.111840447265422e-06], [8.32993919175351e-07, 8.81035930433427e-07, 4.2112937990168575e-06, 6.872519861644832e-06, 7.574891697004205e-06, 6.032649253029376e-06], [1.28536987631378e-06, 1.188869759971567e-06, 6.872519861644832e-06, 1.4207397725840565e-05, 1.4856545931252185e-05, 1.1322769751132e-05], [1.452753963349096e-06, 1.3446040156850358e-06, 7.574891697004205e-06, 1.4856545931252185e-05, 1.6298674381687306e-05, 1.2566557415993884e-05], [1.1864691487062373e-06, 1.111840447265422e-06, 6.032649253029376e-06, 1.1322769751132e-05, 1.2566557415993884e-05, 9.954285815183539e-06]]</COVARIANCE_MATRIX>
		<ROI_SIZE>3189</ROI_SIZE>
		<MAX_VALUE>[0.08123718947172165, 0.0731617733836174, 0.06476438790559769, 0.05604506656527519, 0.045850180089473724, 0.03662111982703209]</MAX_VALUE>
		<MIN_VALUE>[0.07415442168712616, 0.06200104206800461, 0.03777476027607918, 0.009792458266019821, 0.005151102785021067, 0.003058463567867875]</MIN_VALUE>
		<SIGNATURE_THRESHOLD_MD>0.0</SIGNATURE_THRESHOLD_MD>
		<SIGNATURE_THRESHOLD_ML>0.0</SIGNATURE_THRESHOLD_ML>
		<SIGNATURE_THRESHOLD_SAM>0.0</SIGNATURE_THRESHOLD_SAM>
	</signature>
	<signature ID="20211203_133235368163_323">
		<MACROCLASSID>1</MACROCLASSID>
		<MACROCLASSINFO>waterbody</MACROCLASSINFO>
		<CLASSID>5</CLASSID>
		<CLASSINFO>C 1</CLASSINFO>
		<VALUES>[0.07962261928998408, 0.0008873587373890935, 0.07188012427155001, 0.0018871881829450308, 0.051253875796782235, 0.0029507705615392445, 0.021123001797798465, 0.00676136158384363, 0.009168833414924901, 0.005611626848843778, 0.0065667380881000385, 0.003557975358204107]</VALUES>
		<LCS_MIN>[0.0783933475613594, 0.06911063939332962, 0.04794281721115112, 0.010463176295161247, 0.003863327205181122, 0.004319414496421814]</LCS_MIN>
		<LCS_MAX>[0.08217619359493256, 0.07702508568763733, 0.060713257640600204, 0.05317441746592522, 0.04161125048995018, 0.03206024691462517]</LCS_MAX>
		<WAVELENGTH>[0.48, 0.56, 0.655, 0.865, 1.61, 2.2]</WAVELENGTH>
		<MEAN_VALUE>[0.07962261928998408, 0.07188012427155001, 0.051253875796782235, 0.021123001797798465, 0.009168833414924901, 0.0065667380881000385]</MEAN_VALUE>
		<CHECKBOX>2</CHECKBOX>
		<SD>[0.0008873587373890935, 0.0018871881829450308, 0.0029507705615392445, 0.00676136158384363, 0.005611626848843778, 0.003557975358204107]</SD>
		<WAVELENGTH_UNIT>E-6m</WAVELENGTH_UNIT>
		<COLOR>#60402d</COLOR>
		<COVARIANCE_MATRIX>[[7.916162303445162e-07, 1.5774786561451037e-06, 2.474402890584315e-06, 1.6583228443778353e-06, 9.361567663290771e-07, 5.160813429938571e-07], [1.5774786561451037e-06, 3.5805246625386644e-06, 5.139408131071832e-06, 2.424365675324225e-06, 6.769564606656786e-07, 4.174891188313268e-08], [2.474402890584315e-06, 5.139408131071832e-06, 8.753609108680394e-06, 9.142189810518175e-06, 5.0385801841912325e-06, 3.4358538414380746e-06], [1.6583228443778353e-06, 2.424365675324225e-06, 9.142189810518175e-06, 4.5960481656948105e-05, 2.9359165637288243e-05, 1.945396070368588e-05], [9.361567663290771e-07, 6.769564606656786e-07, 5.0385801841912325e-06, 2.9359165637288243e-05, 3.165875386912376e-05, 1.7376743926433846e-05], [5.160813429938571e-07, 4.174891188313268e-08, 3.4358538414380746e-06, 1.945396070368588e-05, 1.7376743926433846e-05, 1.272688496101182e-05]]</COVARIANCE_MATRIX>
		<ROI_SIZE>188</ROI_SIZE>
		<MAX_VALUE>[0.08217619359493256, 0.07702508568763733, 0.060713257640600204, 0.05317441746592522, 0.04161125048995018, 0.03206024691462517]</MAX_VALUE>
		<MIN_VALUE>[0.0783933475613594, 0.06911063939332962, 0.04794281721115112, 0.010463176295161247, 0.003863327205181122, 0.004319414496421814]</MIN_VALUE>
		<SIGNATURE_THRESHOLD_MD>0.0</SIGNATURE_THRESHOLD_MD>
		<SIGNATURE_THRESHOLD_ML>0.0</SIGNATURE_THRESHOLD_ML>
		<SIGNATURE_THRESHOLD_SAM>0.0</SIGNATURE_THRESHOLD_SAM>
	</signature>
	<signature ID="20211203_133243819513_401">
		<MACROCLASSID>1</MACROCLASSID>
		<MACROCLASSINFO>waterbody</MACROCLASSINFO>
		<CLASSID>6</CLASSID>
		<CLASSINFO>C 1</CLASSINFO>
		<VALUES>[0.09800168938653647, 0.003106978783526166, 0.09005711403376658, 0.0035761266761247345, 0.08349535487732804, 0.0047790856459922, 0.046582403091959754, 0.01368290288804415, 0.02938788616370832, 0.012937255258279212, 0.02280600446952894, 0.010121794049344617]</VALUES>
		<LCS_MIN>[0.0912979319691658, 0.07863481342792511, 0.06878869980573654, 0.02272387593984604, 0.00694861588999629, 0.006626674439758062]</LCS_MIN>
		<LCS_MAX>[0.10771708935499191, 0.10388059169054031, 0.10044651478528976, 0.07793726027011871, 0.06028401479125023, 0.04947205260396004]</LCS_MAX>
		<WAVELENGTH>[0.48, 0.56, 0.655, 0.865, 1.61, 2.2]</WAVELENGTH>
		<MEAN_VALUE>[0.09800168938653647, 0.09005711403376658, 0.08349535487732804, 0.046582403091959754, 0.02938788616370832, 0.02280600446952894]</MEAN_VALUE>
		<CHECKBOX>2</CHECKBOX>
		<SD>[0.003106978783526166, 0.0035761266761247345, 0.0047790856459922, 0.01368290288804415, 0.012937255258279212, 0.010121794049344617]</SD>
		<WAVELENGTH_UNIT>E-6m</WAVELENGTH_UNIT>
		<COLOR>#66d6a5</COLOR>
		<COVARIANCE_MATRIX>[[9.699067049950827e-06, 1.0197326446359511e-05, 1.3494486665877048e-05, 2.221959402959328e-05, 2.1313440811354667e-05, 1.7286842194152996e-05], [1.0197326446359511e-05, 1.2849292033934034e-05, 1.61721163749462e-05, 1.9104638340650126e-05, 1.8537690266384743e-05, 1.5494611943722703e-05], [1.3494486665877048e-05, 1.61721163749462e-05, 2.2947904653847218e-05, 3.4075983421644196e-05, 3.365536031196825e-05, 2.6603836886351928e-05], [2.221959402959328e-05, 1.9104638340650126e-05, 3.4075983421644196e-05, 0.00018810914480127394, 0.00017068642773665488, 0.00012703183165285736], [2.1313440811354667e-05, 1.8537690266384743e-05, 3.365536031196825e-05, 0.00017068642773665488, 0.00016816580318845809, 0.0001283206802327186], [1.7286842194152996e-05, 1.5494611943722703e-05, 2.6603836886351928e-05, 0.00012703183165285736, 0.0001283206802327186, 0.00010293626110069454]]</COVARIANCE_MATRIX>
		<ROI_SIZE>212</ROI_SIZE>
		<MAX_VALUE>[0.10771708935499191, 0.10388059169054031, 0.10044651478528976, 0.07793726027011871, 0.06028401479125023, 0.04947205260396004]</MAX_VALUE>
		<MIN_VALUE>[0.0912979319691658, 0.07863481342792511, 0.06878869980573654, 0.02272387593984604, 0.00694861588999629, 0.006626674439758062]</MIN_VALUE>
		<SIGNATURE_THRESHOLD_MD>0.0</SIGNATURE_THRESHOLD_MD>
		<SIGNATURE_THRESHOLD_ML>0.0</SIGNATURE_THRESHOLD_ML>
		<SIGNATURE_THRESHOLD_SAM>0.0</SIGNATURE_THRESHOLD_SAM>
	</signature>
	<signature ID="20211203_133252656373_263">
		<MACROCLASSID>1</MACROCLASSID>
		<MACROCLASSINFO>waterbody</MACROCLASSINFO>
		<CLASSID>7</CLASSID>
		<CLASSINFO>C 1</CLASSINFO>
		<VALUES>[0.09409673089411714, 0.0018494580604005303, 0.08524207017426175, 0.003168789664599174, 0.07989085309985855, 0.004141473150327648, 0.04268189716333553, 0.011533847431500249, 0.024359320815124395, 0.011040084015686511, 0.018439396211543852, 0.0082287737065069]</VALUES>
		<LCS_MIN>[0.08644194900989532, 0.0676887035369873, 0.06208151578903198, 0.0226165559142828, 0.007109586615115404, 0.004346239380538464]</LCS_MIN>
		<LCS_MAX>[0.1003660261631012, 0.0925857201218605, 0.09180769324302673, 0.07474465668201447, 0.057386502623558044, 0.049552544951438904]</LCS_MAX>
		<WAVELENGTH>[0.48, 0.56, 0.655, 0.865, 1.61, 2.2]</WAVELENGTH>
		<MEAN_VALUE>[0.09409673089411714, 0.08524207017426175, 0.07989085309985855, 0.04268189716333553, 0.024359320815124395, 0.018439396211543852]</MEAN_VALUE>
		<CHECKBOX>2</CHECKBOX>
		<SD>[0.0018494580604005303, 0.003168789664599174, 0.004141473150327648, 0.011533847431500249, 0.011040084015686511, 0.0082287737065069]</SD>
		<WAVELENGTH_UNIT>E-6m</WAVELENGTH_UNIT>
		<COLOR>#b7d8c7</COLOR>
		<COVARIANCE_MATRIX>[[3.4333058920310577e-06, 4.6858558562234975e-06, 5.883043741050642e-06, 5.177716502657859e-06, 6.705288342345739e-06, 5.769220024376409e-06], [4.6858558562234975e-06, 1.007883565762313e-05, 1.2640985914913472e-05, 6.141095241218864e-07, 3.021652901225025e-06, 2.8259109967621043e-06], [5.883043741050642e-06, 1.2640985914913472e-05, 1.7216038031619973e-05, 1.8533133925302536e-06, 5.943877567915479e-06, 5.488737315317849e-06], [5.177716502657859e-06, 6.141095241218864e-07, 1.8533133925302536e-06, 0.00013352787937037647, 0.00011193343380000442, 7.704585004830733e-05], [6.705288342345739e-06, 3.021652901225025e-06, 5.943877567915479e-06, 0.00011193343380000442, 0.0001223399449372664, 8.863271796144545e-05], [5.769220024376409e-06, 2.8259109967621043e-06, 5.488737315317849e-06, 7.704585004830733e-05, 8.863271796144545e-05, 6.79663207847625e-05]]</COVARIANCE_MATRIX>
		<ROI_SIZE>268</ROI_SIZE>
		<MAX_VALUE>[0.1003660261631012, 0.0925857201218605, 0.09180769324302673, 0.07474465668201447, 0.057386502623558044, 0.049552544951438904]</MAX_VALUE>
		<MIN_VALUE>[0.08644194900989532, 0.0676887035369873, 0.06208151578903198, 0.0226165559142828, 0.007109586615115404, 0.004346239380538464]</MIN_VALUE>
		<SIGNATURE_THRESHOLD_MD>0.0</SIGNATURE_THRESHOLD_MD>
		<SIGNATURE_THRESHOLD_ML>0.0</SIGNATURE_THRESHOLD_ML>
		<SIGNATURE_THRESHOLD_SAM>0.0</SIGNATURE_THRESHOLD_SAM>
	</signature>
	<signature ID="20211203_133300396490_565">
		<MACROCLASSID>1</MACROCLASSID>
		<MACROCLASSINFO>waterbody</MACROCLASSINFO>
		<CLASSID>8</CLASSID>
		<CLASSINFO>C 1</CLASSINFO>
		<VALUES>[0.09454931966250849, 0.002220191439435278, 0.08580093821954164, 0.0036313860420166557, 0.08113913929888181, 0.005200224956878374, 0.04682591612938615, 0.012572641741670693, 0.028671532614333996, 0.011644671602254016, 0.022069445872191517, 0.009068260588243752]</VALUES>
		<LCS_MIN>[0.08861508220434189, 0.07241056859493256, 0.06344977766275406, 0.02253607101738453, 0.012153379619121552, 0.007807139772921801]</LCS_MIN>
		<LCS_MAX>[0.10149283707141876, 0.09352471679449081, 0.09188816696405411, 0.0736178606748581, 0.052503690123558044, 0.045179471373558044]</LCS_MAX>
		<WAVELENGTH>[0.48, 0.56, 0.655, 0.865, 1.61, 2.2]</WAVELENGTH>
		<MEAN_VALUE>[0.09454931966250849, 0.08580093821954164, 0.08113913929888181, 0.04682591612938615, 0.028671532614333996, 0.022069445872191517]</MEAN_VALUE>
		<CHECKBOX>2</CHECKBOX>
		<SD>[0.002220191439435278, 0.0036313860420166557, 0.005200224956878374, 0.012572641741670693, 0.011644671602254016, 0.009068260588243752]</SD>
		<WAVELENGTH_UNIT>E-6m</WAVELENGTH_UNIT>
		<COLOR>#f40785</COLOR>
		<COVARIANCE_MATRIX>[[4.988638465874828e-06, 6.057494374545058e-06, 8.230437742895447e-06, 5.522713763639331e-06, 8.38428513816325e-06, 8.086140951490961e-06], [6.057494374545058e-06, 1.334584339929279e-05, 1.8605194782139733e-05, -1.063020476976817e-06, 6.116728854976827e-06, 5.404436706157867e-06], [8.230437742895447e-06, 1.8605194782139733e-05, 2.7368150767870247e-05, 6.908073260092351e-07, 1.2052971214870922e-05, 1.0348166142648552e-05], [5.522713763639331e-06, -1.063020476976817e-06, 6.908073260092351e-07, 0.00015997579612303525, 0.00012457839329726994, 9.240946383215487e-05], [8.38428513816325e-06, 6.116728854976827e-06, 1.2052971214870922e-05, 0.00012457839329726994, 0.0001372320984955877, 0.00010380567982792854], [8.086140951490961e-06, 5.404436706157867e-06, 1.0348166142648552e-05, 9.240946383215487e-05, 0.00010380567982792854, 8.322411304106936e-05]]</COVARIANCE_MATRIX>
		<ROI_SIZE>84</ROI_SIZE>
		<MAX_VALUE>[0.10149283707141876, 0.09352471679449081, 0.09188816696405411, 0.0736178606748581, 0.052503690123558044, 0.045179471373558044]</MAX_VALUE>
		<MIN_VALUE>[0.08861508220434189, 0.07241056859493256, 0.06344977766275406, 0.02253607101738453, 0.012153379619121552, 0.007807139772921801]</MIN_VALUE>
		<SIGNATURE_THRESHOLD_MD>0.0</SIGNATURE_THRESHOLD_MD>
		<SIGNATURE_THRESHOLD_ML>0.0</SIGNATURE_THRESHOLD_ML>
		<SIGNATURE_THRESHOLD_SAM>0.0</SIGNATURE_THRESHOLD_SAM>
	</signature>
	<signature ID="20211203_133311020226_204">
		<MACROCLASSID>1</MACROCLASSID>
		<MACROCLASSINFO>waterbody</MACROCLASSINFO>
		<CLASSID>9</CLASSID>
		<CLASSINFO>C 1</CLASSINFO>
		<VALUES>[0.09420373054747364, 0.005753417085861797, 0.0833139548945518, 0.010155494376020495, 0.07670847168689922, 0.012227514166957238, 0.04916659496610858, 0.012274490958464378, 0.031851763698407476, 0.012346231418121337, 0.023798863623888427, 0.009439700873495107]</VALUES>
		<LCS_MIN>[0.07756166905164719, 0.05263783410191536, 0.04083322361111641, 0.03101392835378647, 0.011616806499660015, 0.01000708993524313]</LCS_MIN>
		<LCS_MAX>[0.10508788377046585, 0.0974685326218605, 0.09706611186265945, 0.08241765946149826, 0.06412050873041153, 0.05121592432260513]</LCS_MAX>
		<WAVELENGTH>[0.48, 0.56, 0.655, 0.865, 1.61, 2.2]</WAVELENGTH>
		<MEAN_VALUE>[0.09420373054747364, 0.0833139548945518, 0.07670847168689922, 0.04916659496610858, 0.031851763698407476, 0.023798863623888427]</MEAN_VALUE>
		<CHECKBOX>2</CHECKBOX>
		<SD>[0.005753417085861797, 0.010155494376020495, 0.012227514166957238, 0.012274490958464378, 0.012346231418121337, 0.009439700873495107]</SD>
		<WAVELENGTH_UNIT>E-6m</WAVELENGTH_UNIT>
		<COLOR>#212f37</COLOR>
		<COVARIANCE_MATRIX>[[3.3228636311832815e-05, 5.700553083443083e-05, 6.908260547788814e-05, 1.291590706387069e-05, 1.0265921446261927e-05, 1.5902487575658597e-05], [5.700553083443083e-05, 0.00010352921526646242, 0.00012380628322716802, 1.2058932952641044e-05, 4.563536549540004e-06, 1.7881833628052846e-05], [6.908260547788814e-05, 0.00012380628322716802, 0.00015008494665380567, 2.3171258362708613e-05, 1.5113650079001673e-05, 2.8328302505542524e-05], [1.291590706387069e-05, 1.2058932952641044e-05, 2.3171258362708613e-05, 0.00015124038327485323, 0.00014264587662182748, 0.00010223527351627126], [1.0265921446261927e-05, 4.563536549540004e-06, 1.5113650079001673e-05, 0.00014264587662182748, 0.00015301344683393836, 0.00011217199062230065], [1.5902487575658597e-05, 1.7881833628052846e-05, 2.8328302505542524e-05, 0.00010223527351627126, 0.00011217199062230065, 8.944936416810378e-05]]</COVARIANCE_MATRIX>
		<ROI_SIZE>262</ROI_SIZE>
		<MAX_VALUE>[0.10508788377046585, 0.0974685326218605, 0.09706611186265945, 0.08241765946149826, 0.06412050873041153, 0.05121592432260513]</MAX_VALUE>
		<MIN_VALUE>[0.07756166905164719, 0.05263783410191536, 0.04083322361111641, 0.03101392835378647, 0.011616806499660015, 0.01000708993524313]</MIN_VALUE>
		<SIGNATURE_THRESHOLD_MD>0.0</SIGNATURE_THRESHOLD_MD>
		<SIGNATURE_THRESHOLD_ML>0.0</SIGNATURE_THRESHOLD_ML>
		<SIGNATURE_THRESHOLD_SAM>0.0</SIGNATURE_THRESHOLD_SAM>
	</signature>
	<signature ID="20211203_133319442913_610">
		<MACROCLASSID>1</MACROCLASSID>
		<MACROCLASSINFO>waterbody</MACROCLASSINFO>
		<CLASSID>10</CLASSID>
		<CLASSINFO>C 1</CLASSINFO>
		<VALUES>[0.09428041465411896, 0.0025700689002163307, 0.08418700844049455, 0.003806116615864646, 0.0752003780519801, 0.005026280609695383, 0.04362340300129012, 0.011728998090038136, 0.02367720149491169, 0.008566422091399392, 0.016260714725300475, 0.006158929933904965]</VALUES>
		<LCS_MIN>[0.08504685759544373, 0.06771555542945862, 0.05456950515508652, 0.028679832816123962, 0.01392406690865755, 0.010329031385481358]</LCS_MIN>
		<LCS_MAX>[0.1013050451874733, 0.09449054300785065, 0.08971504867076874, 0.07530806213617325, 0.054113417863845825, 0.04807696491479874]</LCS_MAX>
		<WAVELENGTH>[0.48, 0.56, 0.655, 0.865, 1.61, 2.2]</WAVELENGTH>
		<MEAN_VALUE>[0.09428041465411896, 0.08418700844049455, 0.0752003780519801, 0.04362340300129012, 0.02367720149491169, 0.016260714725300475]</MEAN_VALUE>
		<CHECKBOX>2</CHECKBOX>
		<SD>[0.0025700689002163307, 0.003806116615864646, 0.005026280609695383, 0.011728998090038136, 0.008566422091399392, 0.006158929933904965]</SD>
		<WAVELENGTH_UNIT>E-6m</WAVELENGTH_UNIT>
		<COLOR>#e3aad6</COLOR>
		<COVARIANCE_MATRIX>[[6.635278168687364e-06, 8.959194019553252e-06, 1.2154763680882752e-05, -5.351541858544806e-06, 1.8598614133225055e-06, 5.104136562295025e-06], [8.959194019553252e-06, 1.4552371794707142e-05, 1.7584692614036612e-05, -1.3528609997592866e-05, -2.749053692241432e-06, 3.489588834781898e-06], [1.2154763680882752e-05, 1.7584692614036612e-05, 2.5378330974490382e-05, -1.4387243027158547e-05, 1.1071192602685187e-06, 8.25511961011216e-06], [-5.351541858544806e-06, -1.3528609997592866e-05, -1.4387243027158547e-05, 0.00013819470768794417, 9.241094812750816e-05, 5.351527943275869e-05], [1.8598614133225055e-06, -2.749053692241432e-06, 1.1071192602685187e-06, 9.241094812750816e-05, 7.371715037152171e-05, 4.847508898819797e-05], [5.104136562295025e-06, 3.489588834781898e-06, 8.25511961011216e-06, 5.351527943275869e-05, 4.847508898819797e-05, 3.8104837585706264e-05]]</COVARIANCE_MATRIX>
		<ROI_SIZE>221</ROI_SIZE>
		<MAX_VALUE>[0.1013050451874733, 0.09449054300785065, 0.08971504867076874, 0.07530806213617325, 0.054113417863845825, 0.04807696491479874]</MAX_VALUE>
		<MIN_VALUE>[0.08504685759544373, 0.06771555542945862, 0.05456950515508652, 0.028679832816123962, 0.01392406690865755, 0.010329031385481358]</MIN_VALUE>
		<SIGNATURE_THRESHOLD_MD>0.0</SIGNATURE_THRESHOLD_MD>
		<SIGNATURE_THRESHOLD_ML>0.0</SIGNATURE_THRESHOLD_ML>
		<SIGNATURE_THRESHOLD_SAM>0.0</SIGNATURE_THRESHOLD_SAM>
	</signature>
	<signature ID="20211203_133330729585_230">
		<MACROCLASSID>1</MACROCLASSID>
		<MACROCLASSINFO>waterbody</MACROCLASSINFO>
		<CLASSID>11</CLASSID>
		<CLASSINFO>C 1</CLASSINFO>
		<VALUES>[0.09867557579087553, 0.0016628134718689302, 0.0905551065203794, 0.002959399078264325, 0.0778128440842169, 0.003590768718292704, 0.03867905279365157, 0.010846124133994684, 0.021794223517111144, 0.009995459369639699, 0.01669320803767907, 0.008411396149889018]</VALUES>
		<LCS_MIN>[0.0930418074131012, 0.07740069925785065, 0.06878869980573654, 0.025433573871850967, 0.010490002110600471, 0.007941275835037231]</LCS_MIN>
		<LCS_MAX>[0.10712685436010361, 0.09824655950069427, 0.09446371346712112, 0.06886917352676392, 0.0540865920484066, 0.05003545805811882]</LCS_MAX>
		<WAVELENGTH>[0.48, 0.56, 0.655, 0.865, 1.61, 2.2]</WAVELENGTH>
		<MEAN_VALUE>[0.09867557579087553, 0.0905551065203794, 0.0778128440842169, 0.03867905279365157, 0.021794223517111144, 0.01669320803767907]</MEAN_VALUE>
		<CHECKBOX>2</CHECKBOX>
		<SD>[0.0016628134718689302, 0.002959399078264325, 0.003590768718292704, 0.010846124133994684, 0.009995459369639699, 0.008411396149889018]</SD>
		<WAVELENGTH_UNIT>E-6m</WAVELENGTH_UNIT>
		<COLOR>#500d86</COLOR>
		<COVARIANCE_MATRIX>[[2.77769026979513e-06, 2.885210960812401e-06, 3.437013447182835e-06, 5.62979994356283e-06, 6.860722351120785e-06, 6.215027042344445e-06], [2.885210960812401e-06, 8.798402632237412e-06, 7.932835615065414e-06, -6.682424213977356e-07, 2.3053798940964043e-06, 1.3959879652247764e-06], [3.437013447182835e-06, 7.932835615065414e-06, 1.295303718507057e-05, 2.1861196728423238e-05, 2.278459578519687e-05, 1.688853808445856e-05], [5.62979994356283e-06, -6.682424213977356e-07, 2.1861196728423238e-05, 0.00011818052007583901, 0.00010289567580912262, 7.846497464925051e-05], [6.860722351120785e-06, 2.3053798940964043e-06, 2.278459578519687e-05, 0.00010289567580912262, 0.00010036961612058803, 7.886752428021282e-05], [6.215027042344445e-06, 1.3959879652247764e-06, 1.688853808445856e-05, 7.846497464925051e-05, 7.886752428021282e-05, 7.107762939995155e-05]]</COVARIANCE_MATRIX>
		<ROI_SIZE>218</ROI_SIZE>
		<MAX_VALUE>[0.10712685436010361, 0.09824655950069427, 0.09446371346712112, 0.06886917352676392, 0.0540865920484066, 0.05003545805811882]</MAX_VALUE>
		<MIN_VALUE>[0.0930418074131012, 0.07740069925785065, 0.06878869980573654, 0.025433573871850967, 0.010490002110600471, 0.007941275835037231]</MIN_VALUE>
		<SIGNATURE_THRESHOLD_MD>0.0</SIGNATURE_THRESHOLD_MD>
		<SIGNATURE_THRESHOLD_ML>0.0</SIGNATURE_THRESHOLD_ML>
		<SIGNATURE_THRESHOLD_SAM>0.0</SIGNATURE_THRESHOLD_SAM>
	</signature>
	<signature ID="20211203_133338516909_607">
		<MACROCLASSID>1</MACROCLASSID>
		<MACROCLASSINFO>waterbody</MACROCLASSINFO>
		<CLASSID>12</CLASSID>
		<CLASSINFO>C 1</CLASSINFO>
		<VALUES>[0.10045092098795583, 0.002510282343638349, 0.09190462080992917, 0.0034448885417775734, 0.07800247744541534, 0.004436366982694106, 0.03881774326093007, 0.010595209170138457, 0.02352589389554015, 0.010190842677313447, 0.018143417859232448, 0.008673537170145913]</VALUES>
		<LCS_MIN>[0.08831996470689774, 0.06269857287406921, 0.05124275013804436, 0.026292087510228157, 0.012046068906784058, 0.006733985152095556]</LCS_MIN>
		<LCS_MAX>[0.1089780256152153, 0.10264645516872406, 0.09194183349609375, 0.06953989714384079, 0.05253051593899727, 0.046896498650312424]</LCS_MAX>
		<WAVELENGTH>[0.48, 0.56, 0.655, 0.865, 1.61, 2.2]</WAVELENGTH>
		<MEAN_VALUE>[0.10045092098795583, 0.09190462080992917, 0.07800247744541534, 0.03881774326093007, 0.02352589389554015, 0.018143417859232448]</MEAN_VALUE>
		<CHECKBOX>2</CHECKBOX>
		<SD>[0.002510282343638349, 0.0034448885417775734, 0.004436366982694106, 0.010595209170138457, 0.010190842677313447, 0.008673537170145913]</SD>
		<WAVELENGTH_UNIT>E-6m</WAVELENGTH_UNIT>
		<COLOR>#73be4a</COLOR>
		<COVARIANCE_MATRIX>[[1.184969733003527e-05, 1.5229842574626673e-05, 1.951507874764502e-05, 1.1042790902138222e-05, 9.705513548396993e-06, 1.0838167327165138e-05], [1.5229842574626673e-05, 2.7436168238637038e-05, 2.854993181244936e-05, -1.4719155387865612e-06, 1.3435749224299798e-06, 6.989589564909693e-06], [1.951507874764502e-05, 2.854993181244936e-05, 3.7493231502594426e-05, 2.0247180145815946e-05, 2.010297066590283e-05, 2.1293177269399166e-05], [1.1042790902138222e-05, -1.4719155387865612e-06, 2.0247180145815946e-05, 0.00012012736988253891, 0.00010325615585315973, 8.138819976011291e-05], [9.705513548396993e-06, 1.3435749224299798e-06, 2.010297066590283e-05, 0.00010325615585315973, 0.00010454760922584683, 8.357132173841819e-05], [1.0838167327165138e-05, 6.989589564909693e-06, 2.1293177269399166e-05, 8.138819976011291e-05, 8.357132173841819e-05, 7.352149987127632e-05]]</COVARIANCE_MATRIX>
		<ROI_SIZE>428</ROI_SIZE>
		<MAX_VALUE>[0.1089780256152153, 0.10264645516872406, 0.09194183349609375, 0.06953989714384079, 0.05253051593899727, 0.046896498650312424]</MAX_VALUE>
		<MIN_VALUE>[0.08831996470689774, 0.06269857287406921, 0.05124275013804436, 0.026292087510228157, 0.012046068906784058, 0.006733985152095556]</MIN_VALUE>
		<SIGNATURE_THRESHOLD_MD>0.0</SIGNATURE_THRESHOLD_MD>
		<SIGNATURE_THRESHOLD_ML>0.0</SIGNATURE_THRESHOLD_ML>
		<SIGNATURE_THRESHOLD_SAM>0.0</SIGNATURE_THRESHOLD_SAM>
	</signature>
	<signature ID="20211203_133354445029_216">
		<MACROCLASSID>1</MACROCLASSID>
		<MACROCLASSINFO>waterbody</MACROCLASSINFO>
		<CLASSID>13</CLASSID>
		<CLASSINFO>C 1</CLASSINFO>
		<VALUES>[0.10407873000725205, 0.005885957259811793, 0.09447471456355362, 0.009299817958613746, 0.08618109915629923, 0.011495278452496115, 0.0682537331279502, 0.022036057271987243, 0.06254246182380668, 0.023022619647829468, 0.0536754255418677, 0.01871691966969279]</VALUES>
		<LCS_MIN>[0.08982237428426743, 0.07061304152011871, 0.062215663492679596, 0.03141636401414871, 0.022911671549081802, 0.02269704081118107]</LCS_MIN>
		<LCS_MAX>[0.12303625047206879, 0.11764367669820786, 0.12139969319105148, 0.11198283731937408, 0.10610736161470413, 0.10007090866565704]</LCS_MAX>
		<WAVELENGTH>[0.48, 0.56, 0.655, 0.865, 1.61, 2.2]</WAVELENGTH>
		<MEAN_VALUE>[0.10407873000725205, 0.09447471456355362, 0.08618109915629923, 0.0682537331279502, 0.06254246182380668, 0.0536754255418677]</MEAN_VALUE>
		<CHECKBOX>2</CHECKBOX>
		<SD>[0.005885957259811793, 0.009299817958613746, 0.011495278452496115, 0.022036057271987243, 0.023022619647829468, 0.01871691966969279]</SD>
		<WAVELENGTH_UNIT>E-6m</WAVELENGTH_UNIT>
		<COLOR>#a27764</COLOR>
		<COVARIANCE_MATRIX>[[3.5066987038590014e-05, 5.357282861950807e-05, 6.464782927650958e-05, 2.187495556427166e-05, 2.880969623220153e-05, 4.7982950491132215e-05], [5.357282861950807e-05, 8.754133159527555e-05, 9.727811993798241e-05, -3.898452632711269e-06, 9.038000825967174e-06, 4.873959187534638e-05], [6.464782927650958e-05, 9.727811993798241e-05, 0.00013375291018746793, 8.260861068265513e-05, 9.670417784946039e-05, 0.00010831606778083369], [2.187495556427166e-05, -3.898452632711269e-06, 8.260861068265513e-05, 0.0004915096214972436, 0.0005000961245968938, 0.0003648068814072758], [2.880969623220153e-05, 9.038000825967174e-06, 9.670417784946039e-05, 0.0005000961245968938, 0.0005365049582906067, 0.0004082469968125224], [4.7982950491132215e-05, 4.873959187534638e-05, 0.00010831606778083369, 0.0003648068814072758, 0.0004082469968125224, 0.000354595307726413]]</COVARIANCE_MATRIX>
		<ROI_SIZE>83</ROI_SIZE>
		<MAX_VALUE>[0.12303625047206879, 0.11764367669820786, 0.12139969319105148, 0.11198283731937408, 0.10610736161470413, 0.10007090866565704]</MAX_VALUE>
		<MIN_VALUE>[0.08982237428426743, 0.07061304152011871, 0.062215663492679596, 0.03141636401414871, 0.022911671549081802, 0.02269704081118107]</MIN_VALUE>
		<SIGNATURE_THRESHOLD_MD>0.0</SIGNATURE_THRESHOLD_MD>
		<SIGNATURE_THRESHOLD_ML>0.0</SIGNATURE_THRESHOLD_ML>
		<SIGNATURE_THRESHOLD_SAM>0.0</SIGNATURE_THRESHOLD_SAM>
	</signature>
	<signature ID="20211203_133403794251_186">
		<MACROCLASSID>1</MACROCLASSID>
		<MACROCLASSINFO>waterbody</MACROCLASSINFO>
		<CLASSID>14</CLASSID>
		<CLASSINFO>C 1</CLASSINFO>
		<VALUES>[0.10194471983981773, 0.0012717466440371698, 0.10566819115446607, 0.001817111038090447, 0.0959234482964544, 0.0023133095315819017, 0.03605413520883668, 0.0064607020580147905, 0.016120661524491913, 0.005056675470311589, 0.011759183315136368, 0.0035959852571551694]</VALUES>
		<LCS_MIN>[0.09797828644514084, 0.09768316894769669, 0.08823946863412857, 0.02736523188650608, 0.008236391469836235, 0.007994935847818851]</LCS_MIN>
		<LCS_MAX>[0.10506103932857513, 0.10948778688907623, 0.10294157266616821, 0.0729203075170517, 0.04864037036895752, 0.038096699863672256]</LCS_MAX>
		<WAVELENGTH>[0.48, 0.56, 0.655, 0.865, 1.61, 2.2]</WAVELENGTH>
		<MEAN_VALUE>[0.10194471983981773, 0.10566819115446607, 0.0959234482964544, 0.03605413520883668, 0.016120661524491913, 0.011759183315136368]</MEAN_VALUE>
		<CHECKBOX>2</CHECKBOX>
		<SD>[0.0012717466440371698, 0.001817111038090447, 0.0023133095315819017, 0.0064607020580147905, 0.005056675470311589, 0.0035959852571551694]</SD>
		<WAVELENGTH_UNIT>E-6m</WAVELENGTH_UNIT>
		<COLOR>#325e6b</COLOR>
		<COVARIANCE_MATRIX>[[1.6207230828513275e-06, 2.173147777284612e-06, 2.3876184513937915e-06, -1.8788563238558709e-06, -1.4789835631745518e-06, -9.045078854796884e-07], [2.173147777284612e-06, 3.308800160084502e-06, 3.558689968485851e-06, -3.981628196925158e-06, -3.195253384546959e-06, -2.1262521840981208e-06], [2.3876184513937915e-06, 3.558689968485851e-06, 5.362596311897505e-06, -6.167215929053782e-07, -1.1366754506525467e-06, -8.076588073890889e-07], [-1.8788563238558709e-06, -3.981628196925158e-06, -6.167215929053782e-07, 4.182799602858722e-05, 3.0924638849683106e-05, 2.0797115212189965e-05], [-1.4789835631745518e-06, -3.195253384546959e-06, -1.1366754506525467e-06, 3.0924638849683106e-05, 2.5623459805501625e-05, 1.7725962607073598e-05], [-9.045078854796884e-07, -2.1262521840981208e-06, -8.076588073890889e-07, 2.0797115212189965e-05, 1.7725962607073598e-05, 1.2958162187715061e-05]]</COVARIANCE_MATRIX>
		<ROI_SIZE>479</ROI_SIZE>
		<MAX_VALUE>[0.10506103932857513, 0.10948778688907623, 0.10294157266616821, 0.0729203075170517, 0.04864037036895752, 0.038096699863672256]</MAX_VALUE>
		<MIN_VALUE>[0.09797828644514084, 0.09768316894769669, 0.08823946863412857, 0.02736523188650608, 0.008236391469836235, 0.007994935847818851]</MIN_VALUE>
		<SIGNATURE_THRESHOLD_MD>0.0</SIGNATURE_THRESHOLD_MD>
		<SIGNATURE_THRESHOLD_ML>0.0</SIGNATURE_THRESHOLD_ML>
		<SIGNATURE_THRESHOLD_SAM>0.0</SIGNATURE_THRESHOLD_SAM>
	</signature>
	<signature ID="20211203_133421987123_291">
		<MACROCLASSID>1</MACROCLASSID>
		<MACROCLASSINFO>waterbody</MACROCLASSINFO>
		<CLASSID>15</CLASSID>
		<CLASSINFO>C 1</CLASSINFO>
		<VALUES>[0.09663003854519504, 0.002514539060919721, 0.08910970323908647, 0.0042186264597622895, 0.07747445113759126, 0.004715668213060623, 0.038728160948484316, 0.010968641476175845, 0.021562247641472534, 0.009672699459062725, 0.01565297713343901, 0.0077187164814833216]</VALUES>
		<LCS_MIN>[0.08802484720945358, 0.073859304189682, 0.061491284519433975, 0.025031136348843575, 0.009524167515337467, 0.008772964589297771]</LCS_MIN>
		<LCS_MAX>[0.11061457544565201, 0.10371959954500198, 0.09604661911725998, 0.07171301543712616, 0.055106066167354584, 0.04560873284935951]</LCS_MAX>
		<WAVELENGTH>[0.48, 0.56, 0.655, 0.865, 1.61, 2.2]</WAVELENGTH>
		<MEAN_VALUE>[0.09663003854519504, 0.08910970323908647, 0.07747445113759126, 0.038728160948484316, 0.021562247641472534, 0.01565297713343901]</MEAN_VALUE>
		<CHECKBOX>2</CHECKBOX>
		<SD>[0.002514539060919721, 0.0042186264597622895, 0.004715668213060623, 0.010968641476175845, 0.009672699459062725, 0.0077187164814833216]</SD>
		<WAVELENGTH_UNIT>E-6m</WAVELENGTH_UNIT>
		<COLOR>#58bc4d</COLOR>
		<COVARIANCE_MATRIX>[[6.341613698168658e-06, 8.698790225025732e-06, 1.049851289280923e-05, 7.662136340513825e-06, 9.271226190321613e-06, 8.744307706365362e-06], [8.698790225025732e-06, 1.7849462892627344e-05, 1.8727459973888472e-05, 1.0654877087290515e-06, 6.26725704933051e-06, 6.751561159035191e-06], [1.049851289280923e-05, 1.8727459973888472e-05, 2.230331847385969e-05, 1.369779602100607e-05, 1.714680365694221e-05, 1.592335684108548e-05], [7.662136340513825e-06, 1.0654877087290515e-06, 1.369779602100607e-05, 0.00012066704221069813, 9.893754759104922e-05, 7.433527935063466e-05], [9.271226190321613e-06, 6.26725704933051e-06, 1.714680365694221e-05, 9.893754759104922e-05, 9.383792348671705e-05, 7.222392741823569e-05], [8.744307706365362e-06, 6.751561159035191e-06, 1.592335684108548e-05, 7.433527935063466e-05, 7.222392741823569e-05, 5.9754853282356635e-05]]</COVARIANCE_MATRIX>
		<ROI_SIZE>339</ROI_SIZE>
		<MAX_VALUE>[0.11061457544565201, 0.10371959954500198, 0.09604661911725998, 0.07171301543712616, 0.055106066167354584, 0.04560873284935951]</MAX_VALUE>
		<MIN_VALUE>[0.08802484720945358, 0.073859304189682, 0.061491284519433975, 0.025031136348843575, 0.009524167515337467, 0.008772964589297771]</MIN_VALUE>
		<SIGNATURE_THRESHOLD_MD>0.0</SIGNATURE_THRESHOLD_MD>
		<SIGNATURE_THRESHOLD_ML>0.0</SIGNATURE_THRESHOLD_ML>
		<SIGNATURE_THRESHOLD_SAM>0.0</SIGNATURE_THRESHOLD_SAM>
	</signature>
	<signature ID="20211203_133439425635_217">
		<MACROCLASSID>1</MACROCLASSID>
		<MACROCLASSINFO>waterbody</MACROCLASSINFO>
		<CLASSID>16</CLASSID>
		<CLASSINFO>C 1</CLASSINFO>
