<?xml version="1.0" ?>
<signaturelist MCID_LIST="[['1', 'waterbody', '#000000'], ['2', 'vegetation', '#000000'], ['3', 'bareland', '#000000'], ['4', 'built-up', '#000000']]">
	<signature ID="20210514_140137796807_590">
		<MACROCLASSID>1</MACROCLASSID>
		<MACROCLASSINFO>waterbody</MACROCLASSINFO>
		<CLASSID>1</CLASSID>
		<CLASSINFO>C 1</CLASSINFO>
		<VALUES>[0.10838933834352255, 0.0037066887568150087, 0.09102533563536963, 0.004982321752706108, 0.051094198555651345, 0.00414853698710958, 0.043679907470567644, 0.005410277038547062, 0.016411877229229134, 0.0061848021786414, 0.009950994685795755, 0.005026880292594999]</VALUES>
		<LCS_MIN>[0.09348294883966446, 0.07678598910570145, 0.042963363230228424, 0.032698340713977814, 0.0, 0.0]</LCS_MIN>
		<LCS_MAX>[0.11757130175828934, 0.12089675664901733, 0.08368854224681854, 0.08360905200242996, 0.05515986308455467, 0.0462234690785408]</LCS_MAX>
		<WAVELENGTH>[0.485, 0.56, 0.66, 0.83, 1.65, 2.215]</WAVELENGTH>
		<MEAN_VALUE>[0.10838933834352255, 0.09102533563536963, 0.051094198555651345, 0.043679907470567644, 0.016411877229229134, 0.009950994685795755]</MEAN_VALUE>
		<CHECKBOX>2</CHECKBOX>
		<SD>[0.0037066887568150087, 0.004982321752706108, 0.00414853698710958, 0.005410277038547062, 0.0061848021786414, 0.005026880292594999]</SD>
		<WAVELENGTH_UNIT>E-6m</WAVELENGTH_UNIT>
		<COLOR>#d28b9c</COLOR>
		<COVARIANCE_MATRIX>[[1.4247146231018765e-05, 1.5231180026484141e-05, 7.348366555056194e-06, 3.4590428438070444e-06, 1.743447694944159e-06, 1.6287774822891212e-06], [1.5231180026484141e-05, 2.955780092772598e-05, 1.9406253072924413e-05, 1.3803745536838287e-05, 1.5261572303620972e-05, 1.2042413275964587e-05], [7.348366555056194e-06, 1.9406253072924413e-05, 2.3250702878595793e-05, 1.985257867411298e-05, 2.193052015233042e-05, 1.722712784312161e-05], [3.4590428438070444e-06, 1.3803745536838287e-05, 1.985257867411298e-05, 2.9963019890534302e-05, 2.667434131526354e-05, 2.0385578180556582e-05], [1.743447694944159e-06, 1.5261572303620972e-05, 2.193052015233042e-05, 2.667434131526354e-05, 4.143976127177875e-05, 2.8009898145388363e-05], [1.6287774822891212e-06, 1.2042413275964587e-05, 1.722712784312161e-05, 2.0385578180556582e-05, 2.8009898145388363e-05, 2.7968103478748096e-05]]</COVARIANCE_MATRIX>
		<ROI_SIZE>5583</ROI_SIZE>
		<MAX_VALUE>[0.11757130175828934, 0.12089675664901733, 0.08368854224681854, 0.08360905200242996, 0.05515986308455467, 0.0462234690785408]</MAX_VALUE>
		<MIN_VALUE>[0.09348294883966446, 0.07678598910570145, 0.042963363230228424, 0.032698340713977814, 0.0, 0.0]</MIN_VALUE>
		<SIGNATURE_THRESHOLD_MD>0</SIGNATURE_THRESHOLD_MD>
		<SIGNATURE_THRESHOLD_ML>0</SIGNATURE_THRESHOLD_ML>
		<SIGNATURE_THRESHOLD_SAM>0</SIGNATURE_THRESHOLD_SAM>
	</signature>
	<signature ID="20210514_140222556496_835">
		<MACROCLASSID>1</MACROCLASSID>
		<MACROCLASSINFO>waterbody</MACROCLASSINFO>
		<CLASSID>2</CLASSID>
		<CLASSINFO>C 1</CLASSINFO>
		<VALUES>[0.10990106649696828, 0.0023196003455667187, 0.1020118311047554, 0.002927411411309628, 0.08177955336868763, 0.0034030338719678852, 0.1356334362179041, 0.023902020507870155, 0.07646530363708735, 0.017946020153347782, 0.04342859489843248, 0.010707936541370632]</VALUES>
		<LCS_MIN>[0.10616103559732437, 0.09608444571495056, 0.07605257630348206, 0.09315481036901474, 0.04491685703396797, 0.022687679156661034]</LCS_MIN>
		<LCS_MAX>[0.11503568291664124, 0.10711213946342468, 0.08877920359373093, 0.1822485476732254, 0.11252066493034363, 0.06975926458835602]</LCS_MAX>
		<WAVELENGTH>[0.485, 0.56, 0.66, 0.83, 1.65, 2.215]</WAVELENGTH>
		<MEAN_VALUE>[0.10990106649696828, 0.1020118311047554, 0.08177955336868763, 0.1356334362179041, 0.07646530363708735, 0.04342859489843248]</MEAN_VALUE>
		<CHECKBOX>2</CHECKBOX>
		<SD>[0.0023196003455667187, 0.002927411411309628, 0.0034030338719678852, 0.023902020507870155, 0.017946020153347782, 0.010707936541370632]</SD>
		<WAVELENGTH_UNIT>E-6m</WAVELENGTH_UNIT>
		<COLOR>#999864</COLOR>
		<COVARIANCE_MATRIX>[[5.663732382266579e-06, 5.178492769048792e-06, 4.118643210296313e-06, -5.445984820807918e-06, 6.069292070248683e-06, 1.3839639273825177e-06], [5.178492769048792e-06, 9.02077639059561e-06, 7.109611929075712e-06, -3.2549904075523627e-06, 1.7478575035830074e-05, 9.75431620214237e-06], [4.118643210296313e-06, 7.109611929075712e-06, 1.2190146877642873e-05, -1.0550006422667618e-05, 1.9485222614406737e-05, 1.2907433821303342e-05], [-5.445984820807918e-06, -3.2549904075523627e-06, -1.0550006422667618e-05, 0.0006013753519564688, 0.00032599272134321703, 0.00015995205731853887], [6.069292070248683e-06, 1.7478575035830074e-05, 1.9485222614406737e-05, 0.00032599272134321703, 0.0003390101466782788, 0.00018448744997288255], [1.3839639273825177e-06, 9.75431620214237e-06, 1.2907433821303342e-05, 0.00015995205731853887, 0.00018448744997288255, 0.00012069463681475831]]</COVARIANCE_MATRIX>
		<ROI_SIZE>20</ROI_SIZE>
		<MAX_VALUE>[0.11503568291664124, 0.10711213946342468, 0.08877920359373093, 0.1822485476732254, 0.11252066493034363, 0.06975926458835602]</MAX_VALUE>
		<MIN_VALUE>[0.10616103559732437, 0.09608444571495056, 0.07605257630348206, 0.09315481036901474, 0.04491685703396797, 0.022687679156661034]</MIN_VALUE>
		<SIGNATURE_THRESHOLD_MD>0</SIGNATURE_THRESHOLD_MD>
		<SIGNATURE_THRESHOLD_ML>0</SIGNATURE_THRESHOLD_ML>
		<SIGNATURE_THRESHOLD_SAM>0</SIGNATURE_THRESHOLD_SAM>
	</signature>
	<signature ID="20210514_140230126712_129">
		<MACROCLASSID>1</MACROCLASSID>
		<MACROCLASSINFO>waterbody</MACROCLASSINFO>
		<CLASSID>3</CLASSID>
		<CLASSINFO>C 1</CLASSINFO>
		<VALUES>[0.10997459939122205, 0.002540660741416133, 0.10475221446156499, 0.0035340969915173557, 0.07857753545045856, 0.004123058622209033, 0.08978197461366651, 0.014900217407216176, 0.03406747121363876, 0.011410608837047012, 0.01726267906650901, 0.006767603402143321]</VALUES>
		<LCS_MIN>[0.10108979791402817, 0.0905706062912941, 0.06587128341197968, 0.06769945472478867, 0.016236454248428345, 0.007977810688316822]</LCS_MIN>
		<LCS_MAX>[0.11503568291664124, 0.11262597888708115, 0.08623386919498444, 0.1281559318304062, 0.06950006633996964, 0.0462234690785408]</LCS_MAX>
		<WAVELENGTH>[0.485, 0.56, 0.66, 0.83, 1.65, 2.215]</WAVELENGTH>
		<MEAN_VALUE>[0.10997459939122205, 0.10475221446156499, 0.07857753545045856, 0.08978197461366651, 0.03406747121363876, 0.01726267906650901]</MEAN_VALUE>
		<CHECKBOX>2</CHECKBOX>
		<SD>[0.002540660741416133, 0.0035340969915173557, 0.004123058622209033, 0.014900217407216176, 0.011410608837047012, 0.006767603402143321]</SD>
		<WAVELENGTH_UNIT>E-6m</WAVELENGTH_UNIT>
		<COLOR>#5cb7ba</COLOR>
		<COVARIANCE_MATRIX>[[6.699041120640208e-06, 6.170548994721988e-06, 7.789916958316104e-06, -2.233488177377125e-06, -1.568201031097006e-06, 5.934274396298787e-07], [6.170548994721988e-06, 1.2832880051519797e-05, 1.155112591010819e-05, -3.7183489195117144e-06, -1.1116979502210877e-06, 1.1355189032665029e-06], [7.789916958316104e-06, 1.155112591010819e-05, 1.81093515431395e-05, 4.054369319696281e-06, 3.1670331519784844e-06, 4.468151275722397e-06], [-2.233488177377125e-06, -3.7183489195117144e-06, 4.054369319696281e-06, 0.00021783937417221234, 0.00012522622829336537, 6.930320297123364e-05], [-1.568201031097006e-06, -1.1116979502210877e-06, 3.1670331519784844e-06, 0.00012522622829336537, 0.00011832303076458082, 6.17074987116541e-05], [5.934274396298787e-07, 1.1355189032665029e-06, 4.468151275722397e-06, 6.930320297123364e-05, 6.17074987116541e-05, 4.2664122545510906e-05]]</COVARIANCE_MATRIX>
		<ROI_SIZE>381</ROI_SIZE>
		<MAX_VALUE>[0.11503568291664124, 0.11262597888708115, 0.08623386919498444, 0.1281559318304062, 0.06950006633996964, 0.0462234690785408]</MAX_VALUE>
		<MIN_VALUE>[0.10108979791402817, 0.0905706062912941, 0.06587128341197968, 0.06769945472478867, 0.016236454248428345, 0.007977810688316822]</MIN_VALUE>
		<SIGNATURE_THRESHOLD_MD>0</SIGNATURE_THRESHOLD_MD>
		<SIGNATURE_THRESHOLD_ML>0</SIGNATURE_THRESHOLD_ML>
		<SIGNATURE_THRESHOLD_SAM>0</SIGNATURE_THRESHOLD_SAM>
	</signature>
	<signature ID="20210514_140243308604_458">
		<MACROCLASSID>1</MACROCLASSID>
		<MACROCLASSINFO>waterbody</MACROCLASSINFO>
		<CLASSID>4</CLASSID>
		<CLASSINFO>C 1</CLASSINFO>
		<VALUES>[0.11143076009672098, 0.003888012342293546, 0.11252851633712496, 0.006599979805074664, 0.09281572206604359, 0.00744073672655181, 0.11517112039857436, 0.02686535099242544, 0.04974865839073452, 0.01765609548710886, 0.026521159411229265, 0.010911771604892291]</VALUES>
		<LCS_MIN>[0.10108979791402817, 0.09332752227783203, 0.07096192985773087, 0.07406329363584518, 0.022382255643606186, 0.007977810688316822]</LCS_MIN>
		<LCS_MAX>[0.12137474119663239, 0.1264105886220932, 0.11423243582248688, 0.16952088475227356, 0.09818046540021896, 0.057991355657577515]</LCS_MAX>
		<WAVELENGTH>[0.485, 0.56, 0.66, 0.83, 1.65, 2.215]</WAVELENGTH>
		<MEAN_VALUE>[0.11143076009672098, 0.11252851633712496, 0.09281572206604359, 0.11517112039857436, 0.04974865839073452, 0.026521159411229265]</MEAN_VALUE>
		<CHECKBOX>2</CHECKBOX>
		<SD>[0.003888012342293546, 0.006599979805074664, 0.00744073672655181, 0.02686535099242544, 0.01765609548710886, 0.010911771604892291]</SD>
		<WAVELENGTH_UNIT>E-6m</WAVELENGTH_UNIT>
		<COLOR>#3e9aff</COLOR>
		<COVARIANCE_MATRIX>[[1.5193374186892048e-05, 2.2286122628257747e-05, 2.5616637013008738e-05, -5.8637121146506084e-05, -2.1161711340450417e-05, 5.226708647259472e-07], [2.2286122628257747e-05, 4.3780848825501984e-05, 4.509931201462629e-05, -0.00011972040912974176, -4.912438863792895e-05, -8.146975385403726e-06], [2.5616637013008738e-05, 4.509931201462629e-05, 5.564560142489175e-05, -0.00011867431785204538, -3.712504046604018e-05, 4.099479254213752e-06], [-5.8637121146506084e-05, -0.00011972040912974176, -0.00011867431785204538, 0.000725410774727667, 0.00039712234448688983, 0.00018916353520706796], [-2.1161711340450417e-05, -4.912438863792895e-05, -3.712504046604018e-05, 0.00039712234448688983, 0.0003133201327628494, 0.00016763687262243485], [5.226708647259472e-07, -8.146975385403726e-06, 4.099479254213752e-06, 0.00018916353520706796, 0.00016763687262243485, 0.00011967115935204095]]</COVARIANCE_MATRIX>
		<ROI_SIZE>198</ROI_SIZE>
		<MAX_VALUE>[0.12137474119663239, 0.1264105886220932, 0.11423243582248688, 0.16952088475227356, 0.09818046540021896, 0.057991355657577515]</MAX_VALUE>
		<MIN_VALUE>[0.10108979791402817, 0.09332752227783203, 0.07096192985773087, 0.07406329363584518, 0.022382255643606186, 0.007977810688316822]</MIN_VALUE>
		<SIGNATURE_THRESHOLD_MD>0</SIGNATURE_THRESHOLD_MD>
		<SIGNATURE_THRESHOLD_ML>0</SIGNATURE_THRESHOLD_ML>
		<SIGNATURE_THRESHOLD_SAM>0</SIGNATURE_THRESHOLD_SAM>
	</signature>
	<signature ID="20210514_140257028505_210">
		<MACROCLASSID>1</MACROCLASSID>
		<MACROCLASSINFO>waterbody</MACROCLASSINFO>
		<CLASSID>5</CLASSID>
		<CLASSINFO>C 1</CLASSINFO>
		<VALUES>[0.11294420860755214, 0.002896941263017135, 0.11541802673392994, 0.004530485816563269, 0.09690153983178412, 0.004597710961267631, 0.10024825981847797, 0.018227055944035273, 0.043729452784084216, 0.015244864689742807, 0.02561091365304532, 0.0095460691309328]</VALUES>
		<LCS_MIN>[0.10362542420625687, 0.09608444571495056, 0.07859789580106735, 0.07406329363584518, 0.020333655178546906, 0.010919785127043724]</LCS_MIN>
		<LCS_MAX>[0.12137474119663239, 0.12365367263555527, 0.1065964624285698, 0.14088359475135803, 0.0838402584195137, 0.05504939332604408]</LCS_MAX>
		<WAVELENGTH>[0.485, 0.56, 0.66, 0.83, 1.65, 2.215]</WAVELENGTH>
		<MEAN_VALUE>[0.11294420860755214, 0.11541802673392994, 0.09690153983178412, 0.10024825981847797, 0.043729452784084216, 0.02561091365304532]</MEAN_VALUE>
		<CHECKBOX>2</CHECKBOX>
		<SD>[0.002896941263017135, 0.004530485816563269, 0.004597710961267631, 0.018227055944035273, 0.015244864689742807, 0.0095460691309328]</SD>
		<WAVELENGTH_UNIT>E-6m</WAVELENGTH_UNIT>
		<COLOR>#f69797</COLOR>
		<COVARIANCE_MATRIX>[[8.44606527548266e-06, 9.551425442877424e-06, 1.0104802870146647e-05, -1.726400551999922e-05, -1.4170240834996861e-05, -4.438758935933479e-06], [9.551425442877424e-06, 2.0656874181094276e-05, 1.8380636699571162e-05, -5.1310047327034485e-05, -3.601727697019359e-05, -1.5233077908578006e-05], [1.0104802870146647e-05, 1.8380636699571162e-05, 2.1274452147997452e-05, -4.2202069063945935e-05, -2.5991937027768114e-05, -7.4791138151752985e-06], [-1.726400551999922e-05, -5.1310047327034485e-05, -4.2202069063945935e-05, 0.00033435521946639514, 0.00023219438853719148, 0.00012896923716570365], [-1.4170240834996861e-05, -3.601727697019359e-05, -2.5991937027768114e-05, 0.00023219438853719148, 0.00023389568081503228, 0.00013137237442685998], [-4.438758935933479e-06, -1.5233077908578006e-05, -7.4791138151752985e-06, 0.00012896923716570365, 0.00013137237442685998, 9.171158608237216e-05]]</COVARIANCE_MATRIX>
		<ROI_SIZE>157</ROI_SIZE>
		<MAX_VALUE>[0.12137474119663239, 0.12365367263555527, 0.1065964624285698, 0.14088359475135803, 0.0838402584195137, 0.05504939332604408]</MAX_VALUE>
		<MIN_VALUE>[0.10362542420625687, 0.09608444571495056, 0.07859789580106735, 0.07406329363584518, 0.020333655178546906, 0.010919785127043724]</MIN_VALUE>
		<SIGNATURE_THRESHOLD_MD>0</SIGNATURE_THRESHOLD_MD>
		<SIGNATURE_THRESHOLD_ML>0</SIGNATURE_THRESHOLD_ML>
		<SIGNATURE_THRESHOLD_SAM>0</SIGNATURE_THRESHOLD_SAM>
	</signature>
	<signature ID="20210514_140307212122_266">
		<MACROCLASSID>1</MACROCLASSID>
		<MACROCLASSINFO>waterbody</MACROCLASSINFO>
		<CLASSID>6</CLASSID>
		<CLASSINFO>C 1</CLASSINFO>
		<VALUES>[0.11192251582940418, 0.002716260840458862, 0.12358628087573577, 0.004936406150466408, 0.1344253398974735, 0.007866293225104785, 0.11655251996384731, 0.014537207390052024, 0.03762839374442898, 0.01990249039972898, 0.023321837531402732, 0.013659048262062698]</VALUES>
		<LCS_MIN>[0.10362542420625687, 0.10435522347688675, 0.1015058159828186, 0.09951864928007126, 0.016236454248428345, 0.005035835783928633]</LCS_MIN>
		<LCS_MAX>[0.1239103451371193, 0.14846597611904144, 0.16004826128482819, 0.1663389503955841, 0.094083271920681, 0.06975926458835602]</LCS_MAX>
		<WAVELENGTH>[0.485, 0.56, 0.66, 0.83, 1.65, 2.215]</WAVELENGTH>
		<MEAN_VALUE>[0.11192251582940418, 0.12358628087573577, 0.1344253398974735, 0.11655251996384731, 0.03762839374442898, 0.023321837531402732]</MEAN_VALUE>
		<CHECKBOX>2</CHECKBOX>
		<SD>[0.002716260840458862, 0.004936406150466408, 0.007866293225104785, 0.014537207390052024, 0.01990249039972898, 0.013659048262062698]</SD>
		<WAVELENGTH_UNIT>E-6m</WAVELENGTH_UNIT>
		<COLOR>#1efd29</COLOR>
		<COVARIANCE_MATRIX>[[7.394505187159515e-06, 9.52816026558207e-06, 1.3722461562035391e-05, -8.953702286562031e-06, -1.1102411332966499e-05, -4.74174903577439e-06], [9.52816026558207e-06, 2.442237763265733e-05, 3.4668497283204186e-05, -4.323853618243093e-05, -5.8807058686082904e-05, -3.6121535462050075e-05], [1.3722461562035391e-05, 3.4668497283204186e-05, 6.201638328841487e-05, -8.610211481267789e-05, -0.00011262225599129597, -6.977161265480695e-05], [-8.953702286562031e-06, -4.323853618243093e-05, -8.610211481267789e-05, 0.0002118010677408071, 0.0002585280385680685, 0.00016572166394159918], [-1.1102411332966499e-05, -5.8807058686082904e-05, -0.00011262225599129597, 0.0002585280385680685, 0.00039699132706032725, 0.0002585015853085516], [-4.74174903577439e-06, -3.6121535462050075e-05, -6.977161265480695e-05, 0.00016572166394159918, 0.0002585015853085516, 0.00018698512191851033]]</COVARIANCE_MATRIX>
		<ROI_SIZE>450</ROI_SIZE>
		<MAX_VALUE>[0.1239103451371193, 0.14846597611904144, 0.16004826128482819, 0.1663389503955841, 0.094083271920681, 0.06975926458835602]</MAX_VALUE>
		<MIN_VALUE>[0.10362542420625687, 0.10435522347688675, 0.1015058159828186, 0.09951864928007126, 0.016236454248428345, 0.005035835783928633]</MIN_VALUE>
		<SIGNATURE_THRESHOLD_MD>0</SIGNATURE_THRESHOLD_MD>
		<SIGNATURE_THRESHOLD_ML>0</SIGNATURE_THRESHOLD_ML>
		<SIGNATURE_THRESHOLD_SAM>0</SIGNATURE_THRESHOLD_SAM>
	</signature>
	<signature ID="20210514_140317716663_355">
		<MACROCLASSID>1</MACROCLASSID>
		<MACROCLASSINFO>waterbody</MACROCLASSINFO>
		<CLASSID>7</CLASSID>
		<CLASSINFO>C 1</CLASSINFO>
		<VALUES>[0.11346124677464016, 0.0023431886977898914, 0.12507701257980156, 0.003377536529795013, 0.13681478893687563, 0.005579182629753424, 0.12188827849404753, 0.009763550737427656, 0.0302908051975591, 0.01053314130464525, 0.016386381595200585, 0.007453947802332091]</VALUES>
		<LCS_MIN>[0.10616103559732437, 0.11262597888708115, 0.11168711632490158, 0.10906439274549484, 0.018285056576132774, 0.005035835783928633]</LCS_MIN>
		<LCS_MAX>[0.1239103451371193, 0.1346813589334488, 0.1447763293981552, 0.15679317712783813, 0.0633542612195015, 0.0462234690785408]</LCS_MAX>
		<WAVELENGTH>[0.485, 0.56, 0.66, 0.83, 1.65, 2.215]</WAVELENGTH>
		<MEAN_VALUE>[0.11346124677464016, 0.12507701257980156, 0.13681478893687563, 0.12188827849404753, 0.0302908051975591, 0.016386381595200585]</MEAN_VALUE>
		<CHECKBOX>2</CHECKBOX>
		<SD>[0.0023431886977898914, 0.003377536529795013, 0.005579182629753424, 0.009763550737427656, 0.01053314130464525, 0.007453947802332091]</SD>
		<WAVELENGTH_UNIT>E-6m</WAVELENGTH_UNIT>
		<COLOR>#5d51e8</COLOR>
		<COVARIANCE_MATRIX>[[5.503331719309161e-06, 4.568206204095708e-06, 6.850361136723743e-06, -5.123498570933969e-06, -2.1523186142127993e-06, 1.2715128721410447e-06], [4.568206204095708e-06, 1.1434344508957565e-05, 1.487520764256676e-05, -2.0851319159030758e-05, -1.687796433025315e-05, -8.460684376741366e-06], [6.850361136723743e-06, 1.487520764256676e-05, 3.119983657562047e-05, -4.2597002517511724e-05, -3.70191580188002e-05, -2.1064966751738467e-05], [-5.123498570933969e-06, -2.0851319159030758e-05, -4.2597002517511724e-05, 9.554913028204987e-05, 7.935854805359244e-05, 4.9508003053799815e-05], [-2.1523186142127993e-06, -1.687796433025315e-05, -3.70191580188002e-05, 7.935854805359244e-05, 0.00011120568361249031, 7.098131320169034e-05], [1.2715128721410447e-06, -8.460684376741366e-06, -2.1064966751738467e-05, 4.9508003053799815e-05, 7.098131320169034e-05, 5.569085144790976e-05]]</COVARIANCE_MATRIX>
		<ROI_SIZE>430</ROI_SIZE>
		<MAX_VALUE>[0.1239103451371193, 0.1346813589334488, 0.1447763293981552, 0.15679317712783813, 0.0633542612195015, 0.0462234690785408]</MAX_VALUE>
		<MIN_VALUE>[0.10616103559732437, 0.11262597888708115, 0.11168711632490158, 0.10906439274549484, 0.018285056576132774, 0.005035835783928633]</MIN_VALUE>
		<SIGNATURE_THRESHOLD_MD>0</SIGNATURE_THRESHOLD_MD>
		<SIGNATURE_THRESHOLD_ML>0</SIGNATURE_THRESHOLD_ML>
		<SIGNATURE_THRESHOLD_SAM>0</SIGNATURE_THRESHOLD_SAM>
	</signature>
	<signature ID="20210514_140326043912_500">
		<MACROCLASSID>1</MACROCLASSID>
		<MACROCLASSINFO>waterbody</MACROCLASSINFO>
		<CLASSID>8</CLASSID>
		<CLASSINFO>C 1</CLASSINFO>
		<VALUES>[0.1079497080999654, 0.003618840118251582, 0.11529614777675458, 0.00496534339396798, 0.12496106921844977, 0.006597126176540254, 0.12731037828159525, 0.007854714543676164, 0.02816990930652181, 0.009550009587104877, 0.01643855636288133, 0.007901603125899558]</VALUES>
		<LCS_MIN>[0.09855418652296066, 0.0988413617014885, 0.09641517698764801, 0.10906439274549484, 0.014187855646014214, 0.0020938627421855927]</LCS_MIN>
		<LCS_MAX>[0.12137474119663239, 0.13192443549633026, 0.1422310173511505, 0.15679317712783813, 0.059257060289382935, 0.0462234690785408]</LCS_MAX>
		<WAVELENGTH>[0.485, 0.56, 0.66, 0.83, 1.65, 2.215]</WAVELENGTH>
		<MEAN_VALUE>[0.1079497080999654, 0.11529614777675458, 0.12496106921844977, 0.12731037828159525, 0.02816990930652181, 0.01643855636288133]</MEAN_VALUE>
		<CHECKBOX>2</CHECKBOX>
		<SD>[0.003618840118251582, 0.00496534339396798, 0.006597126176540254, 0.007854714543676164, 0.009550009587104877, 0.007901603125899558]</SD>
		<WAVELENGTH_UNIT>E-6m</WAVELENGTH_UNIT>
		<COLOR>#a3b414</COLOR>
		<COVARIANCE_MATRIX>[[1.3118939009525747e-05, 1.5428030439370133e-05, 1.9437987535549615e-05, 7.449568903420907e-06, 5.654246484471619e-06, 9.413931876015409e-06], [1.5428030439370133e-05, 2.4697813014802658e-05, 2.9701942834902967e-05, 2.430703789420362e-06, -2.2368396123198625e-06, 5.550654277624054e-06], [1.9437987535549615e-05, 2.9701942834902967e-05, 4.359829458391942e-05, -6.3588772451388725e-06, -1.1885243451457323e-05, 8.690346646216481e-07], [7.449568903420907e-06, 2.430703789420362e-06, -6.3588772451388725e-06, 6.180459054610882e-05, 5.691314190994763e-05, 4.169277804120452e-05], [5.654246484471619e-06, -2.2368396123198625e-06, -1.1885243451457323e-05, 5.691314190994763e-05, 9.136240760261076e-05, 6.683015793910884e-05], [9.413931876015409e-06, 5.550654277624054e-06, 8.690346646216481e-07, 4.169277804120452e-05, 6.683015793910884e-05, 6.254467579803341e-05]]</COVARIANCE_MATRIX>
		<ROI_SIZE>572</ROI_SIZE>
		<MAX_VALUE>[0.12137474119663239, 0.13192443549633026, 0.1422310173511505, 0.15679317712783813, 0.059257060289382935, 0.0462234690785408]</MAX_VALUE>
		<MIN_VALUE>[0.09855418652296066, 0.0988413617014885, 0.09641517698764801, 0.10906439274549484, 0.014187855646014214, 0.0020938627421855927]</MIN_VALUE>
		<SIGNATURE_THRESHOLD_MD>0</SIGNATURE_THRESHOLD_MD>
		<SIGNATURE_THRESHOLD_ML>0</SIGNATURE_THRESHOLD_ML>
		<SIGNATURE_THRESHOLD_SAM>0</SIGNATURE_THRESHOLD_SAM>
	</signature>
	<signature ID="20210514_140332083078_423">
		<MACROCLASSID>1</MACROCLASSID>
		<MACROCLASSINFO>waterbody</MACROCLASSINFO>
		<CLASSID>9</CLASSID>
		<CLASSINFO>C 1</CLASSINFO>
		<VALUES>[0.10611471098202932, 0.0037164062333014712, 0.11629481031917603, 0.004930411170552655, 0.13108052167181783, 0.007082901209990204, 0.13570686279294597, 0.007677827552779688, 0.029678424132558032, 0.011248673392128554, 0.018625491967675507, 0.00862042667197354]</VALUES>
		<LCS_MIN>[0.09728637337684631, 0.0988413617014885, 0.1040511429309845, 0.11861015856266022, 0.016236454248428345, 0.005035835783928633]</LCS_MIN>
		<LCS_MAX>[0.12010692805051804, 0.1346813589334488, 0.149866983294487, 0.16952088475227356, 0.06540286540985107, 0.052107419818639755]</LCS_MAX>
		<WAVELENGTH>[0.485, 0.56, 0.66, 0.83, 1.65, 2.215]</WAVELENGTH>
		<MEAN_VALUE>[0.10611471098202932, 0.11629481031917603, 0.13108052167181783, 0.13570686279294597, 0.029678424132558032, 0.018625491967675507]</MEAN_VALUE>
		<CHECKBOX>2</CHECKBOX>
		<SD>[0.0037164062333014712, 0.004930411170552655, 0.007082901209990204, 0.007677827552779688, 0.011248673392128554, 0.00862042667197354]</SD>
		<WAVELENGTH_UNIT>E-6m</WAVELENGTH_UNIT>
		<COLOR>#c9b1d3</COLOR>
		<COVARIANCE_MATRIX>[[1.1945897776630898e-05, 1.2783052453958074e-05, 1.726430487644044e-05, 7.574459006258657e-06, 5.388745167936918e-06, 7.2578478845942654e-06], [1.2783052453958074e-05, 2.1369647528474906e-05, 2.741964231254947e-05, 1.5298257418622995e-06, -7.691589667253238e-06, -1.16008178519908e-06], [1.726430487644044e-05, 2.741964231254947e-05, 4.565493737010222e-05, -6.320247675963483e-06, -2.6132792202039712e-05, -1.2901169909983151e-05], [7.574459006258657e-06, 1.5298257418622995e-06, -6.320247675963483e-06, 5.396378461561824e-05, 5.760768008535617e-05, 4.061377593511316e-05], [5.388745167936918e-06, -7.691589667253238e-06, -2.6132792202039712e-05, 5.760768008535617e-05, 0.00012653044029228445, 8.90169808848475e-05], [7.2578478845942654e-06, -1.16008178519908e-06, -1.2901169909983151e-05, 4.061377593511316e-05, 8.90169808848475e-05, 7.537360561946309e-05]]</COVARIANCE_MATRIX>
		<ROI_SIZE>714</ROI_SIZE>
		<MAX_VALUE>[0.12010692805051804, 0.1346813589334488, 0.149866983294487, 0.16952088475227356, 0.06540286540985107, 0.052107419818639755]</MAX_VALUE>
		<MIN_VALUE>[0.09728637337684631, 0.0988413617014885, 0.1040511429309845, 0.11861015856266022, 0.016236454248428345, 0.005035835783928633]</MIN_VALUE>
		<SIGNATURE_THRESHOLD_MD>0</SIGNATURE_THRESHOLD_MD>
		<SIGNATURE_THRESHOLD_ML>0</SIGNATURE_THRESHOLD_ML>
		<SIGNATURE_THRESHOLD_SAM>0</SIGNATURE_THRESHOLD_SAM>
	</signature>
	<signature ID="20210514_140337739705_227">
		<MACROCLASSID>1</MACROCLASSID>
		<MACROCLASSINFO>waterbody</MACROCLASSINFO>
		<CLASSID>10</CLASSID>
		<CLASSINFO>C 1</CLASSINFO>
		<VALUES>[0.10380175620388929, 0.0035965999457851683, 0.11491350080969817, 0.0056524479379477304, 0.1316285354199168, 0.008123552879604153, 0.13887677972408216, 0.006136839267251793, 0.033691314739181855, 0.012263762401103452, 0.021996279509528135, 0.010065231927204385]</VALUES>
		<LCS_MIN>[0.09348294883966446, 0.0905706062912941, 0.09641517698764801, 0.12497399002313614, 0.014187855646014214, 0.005035835783928633]</LCS_MIN>
		<LCS_MAX>[0.11757130175828934, 0.12916752696037292, 0.1524123102426529, 0.1663389503955841, 0.0633542612195015, 0.052107419818639755]</LCS_MAX>
		<WAVELENGTH>[0.485, 0.56, 0.66, 0.83, 1.65, 2.215]</WAVELENGTH>
		<MEAN_VALUE>[0.10380175620388929, 0.11491350080969817, 0.1316285354199168, 0.13887677972408216, 0.033691314739181855, 0.021996279509528135]</MEAN_VALUE>
		<CHECKBOX>2</CHECKBOX>
		<SD>[0.0035965999457851683, 0.0056524479379477304, 0.008123552879604153, 0.006136839267251793, 0.012263762401103452, 0.010065231927204385]</SD>
		<WAVELENGTH_UNIT>E-6m</WAVELENGTH_UNIT>
		<COLOR>#91db72</COLOR>
		<COVARIANCE_MATRIX>[[1.296662619687287e-05, 1.669381163176675e-05, 2.2322017824281307e-05, 1.0915050540836078e-05, 1.3411743203899623e-06, 3.0809894263520313e-06], [1.669381163176675e-05, 3.202697097892883e-05, 4.215842984232739e-05, 1.1159824037874789e-05, -1.925221448073594e-05, -1.1399673009235666e-05], [2.2322017824281307e-05, 4.215842984232739e-05, 6.615074627086858e-05, 8.536722737214415e-06, -4.4774394832157016e-05, -2.9830981703267605e-05], [1.0915050540836078e-05, 1.1159824037874789e-05, 8.536722737214415e-06, 3.775132695216073e-05, 4.1929194844435214e-05, 3.243069965860011e-05], [1.3411743203899623e-06, -1.925221448073594e-05, -4.4774394832157016e-05, 4.1929194844435214e-05, 0.0001507614063755041, 0.00011084618516561834], [3.0809894263520313e-06, -1.1399673009235666e-05, -2.9830981703267605e-05, 3.243069965860011e-05, 0.00011084618516561834, 0.00010155242474300214]]</COVARIANCE_MATRIX>
		<ROI_SIZE>417</ROI_SIZE>
		<MAX_VALUE>[0.11757130175828934, 0.12916752696037292, 0.1524123102426529, 0.1663389503955841, 0.0633542612195015, 0.052107419818639755]</MAX_VALUE>
		<MIN_VALUE>[0.09348294883966446, 0.0905706062912941, 0.09641517698764801, 0.12497399002313614, 0.014187855646014214, 0.005035835783928633]</MIN_VALUE>
		<SIGNATURE_THRESHOLD_MD>0</SIGNATURE_THRESHOLD_MD>
		<SIGNATURE_THRESHOLD_ML>0</SIGNATURE_THRESHOLD_ML>
		<SIGNATURE_THRESHOLD_SAM>0</SIGNATURE_THRESHOLD_SAM>
	</signature>
	<signature ID="20210514_140343640251_334">
		<MACROCLASSID>1</MACROCLASSID>
		<MACROCLASSINFO>waterbody</MACROCLASSINFO>
		<CLASSID>11</CLASSID>
		<CLASSINFO>C 1</CLASSINFO>
		<VALUES>[0.10398818321723859, 0.003971880029608603, 0.11540730352510742, 0.006329710496953496, 0.12819042149107018, 0.008642854408115385, 0.13697894537343377, 0.009546557735100998, 0.031404556788965685, 0.011607650744551145, 0.019051434051871808, 0.008860741008422907]</VALUES>
		<LCS_MIN>[0.0922151505947113, 0.09332752227783203, 0.09641517698764801, 0.11542823910713196, 0.016236454248428345, 0.005035835783928633]</LCS_MIN>
		<LCS_MAX>[0.12137474119663239, 0.1346813589334488, 0.1524123102426529, 0.17588472366333008, 0.059257060289382935, 0.043281491845846176]</LCS_MAX>
		<WAVELENGTH>[0.485, 0.56, 0.66, 0.83, 1.65, 2.215]</WAVELENGTH>
		<MEAN_VALUE>[0.10398818321723859, 0.11540730352510742, 0.12819042149107018, 0.13697894537343377, 0.031404556788965685, 0.019051434051871808]</MEAN_VALUE>
		<CHECKBOX>2</CHECKBOX>
		<SD>[0.003971880029608603, 0.006329710496953496, 0.008642854408115385, 0.009546557735100998, 0.011607650744551145, 0.008860741008422907]</SD>
		<WAVELENGTH_UNIT>E-6m</WAVELENGTH_UNIT>
		<COLOR>#489bdb</COLOR>
		<COVARIANCE_MATRIX>[[1.5822505025726752e-05, 2.092125975495404e-05, 2.5807025334935317e-05, 1.795078021069506e-05, 1.1055901908181172e-05, 1.0537298811418098e-05], [2.092125975495404e-05, 4.0183771173394916e-05, 5.029485010635597e-05, 2.1040082189617357e-05, -4.448293207152319e-06, 5.929050374649484e-07], [2.5807025334935317e-05, 5.029485010635597e-05, 7.49199350782225e-05, 1.3783941550652818e-05, -2.4363608174902492e-05, -1.3476622352801976e-05], [1.795078021069506e-05, 2.1040082189617357e-05, 1.3783941550652818e-05, 9.140639998781106e-05, 7.523480790939407e-05, 5.3558616267889256e-05], [1.1055901908181172e-05, -4.448293207152319e-06, -2.4363608174902492e-05, 7.523480790939407e-05, 0.00013513618762939423, 9.399387318334423e-05], [1.0537298811418098e-05, 5.929050374649484e-07, -1.3476622352801976e-05, 5.3558616267889256e-05, 9.399387318334423e-05, 7.874501740538385e-05]]</COVARIANCE_MATRIX>
		<ROI_SIZE>339</ROI_SIZE>
		<MAX_VALUE>[0.12137474119663239, 0.1346813589334488, 0.1524123102426529, 0.17588472366333008, 0.059257060289382935, 0.043281491845846176]</MAX_VALUE>
		<MIN_VALUE>[0.0922151505947113, 0.09332752227783203, 0.09641517698764801, 0.11542823910713196, 0.016236454248428345, 0.005035835783928633]</MIN_VALUE>
		<SIGNATURE_THRESHOLD_MD>0</SIGNATURE_THRESHOLD_MD>
		<SIGNATURE_THRESHOLD_ML>0</SIGNATURE_THRESHOLD_ML>
		<SIGNATURE_THRESHOLD_SAM>0</SIGNATURE_THRESHOLD_SAM>
	</signature>
	<signature ID="20210514_140348976795_191">
		<MACROCLASSID>1</MACROCLASSID>
		<MACROCLASSINFO>waterbody</MACROCLASSINFO>
		<CLASSID>12</CLASSID>
		<CLASSINFO>C 1</CLASSINFO>
		<VALUES>[0.10676336485421517, 0.0035427834488261437, 0.11934400337009593, 0.005036918926190885, 0.13562388528295402, 0.00698018816166835, 0.14438249461952313, 0.006795435061152963, 0.030776806939321884, 0.01020526284120609, 0.019537174076883844, 0.008263549082030334]</VALUES>
		<LCS_MIN>[0.09348294883966446, 0.09608444571495056, 0.0989604964852333, 0.10270056128501892, 0.016236454248428345, 0.005035835783928633]</LCS_MIN>
		<LCS_MAX>[0.11757130175828934, 0.14019520580768585, 0.1575029492378235, 0.1663389503955841, 0.0633542612195015, 0.052107419818639755]</LCS_MAX>
		<WAVELENGTH>[0.485, 0.56, 0.66, 0.83, 1.65, 2.215]</WAVELENGTH>
		<MEAN_VALUE>[0.10676336485421517, 0.11934400337009593, 0.13562388528295402, 0.14438249461952313, 0.030776806939321884, 0.019537174076883844]</MEAN_VALUE>
		<CHECKBOX>2</CHECKBOX>
		<SD>[0.0035427834488261437, 0.005036918926190885, 0.00698018816166835, 0.006795435061152963, 0.01020526284120609, 0.008263549082030334]</SD>
		<WAVELENGTH_UNIT>E-6m</WAVELENGTH_UNIT>
		<COLOR>#ff905c</COLOR>
		<COVARIANCE_MATRIX>[[1.2575405380181127e-05, 1.497171990592751e-05, 1.9471869555226042e-05, 1.445057262059675e-05, 4.241160131665826e-06, 4.764895639632959e-06], [1.497171990592751e-05, 2.5419248146695607e-05, 3.1366754299013655e-05, 1.7583117274987543e-05, -4.91369090892064e-06, -6.51351638187397e-07], [1.9471869555226042e-05, 3.1366754299013655e-05, 4.8816545057846386e-05, 2.051930009026596e-05, -1.930224140529152e-05, -1.0880900214099827e-05], [1.445057262059675e-05, 1.7583117274987543e-05, 2.051930009026596e-05, 4.6266570948025255e-05, 3.1552951656682615e-05, 2.4412338771014512e-05], [4.241160131665826e-06, -4.91369090892064e-06, -1.930224140529152e-05, 3.1552951656682615e-05, 0.00010434728867855893, 7.56155628889642e-05], [4.764895639632959e-06, -6.51351638187397e-07, -1.0880900214099827e-05, 2.4412338771014512e-05, 7.56155628889642e-05, 6.841731107686546e-05]]</COVARIANCE_MATRIX>
		<ROI_SIZE>522</ROI_SIZE>
		<MAX_VALUE>[0.11757130175828934, 0.14019520580768585, 0.1575029492378235, 0.1663389503955841, 0.0633542612195015, 0.052107419818639755]</MAX_VALUE>
		<MIN_VALUE>[0.09348294883966446, 0.09608444571495056, 0.0989604964852333, 0.10270056128501892, 0.016236454248428345, 0.005035835783928633]</MIN_VALUE>
		<SIGNATURE_THRESHOLD_MD>0</SIGNATURE_THRESHOLD_MD>
		<SIGNATURE_THRESHOLD_ML>0</SIGNATURE_THRESHOLD_ML>
		<SIGNATURE_THRESHOLD_SAM>0</SIGNATURE_THRESHOLD_SAM>
	</signature>
	<signature ID="20210514_140358561480_645">
		<MACROCLASSID>1</MACROCLASSID>
		<MACROCLASSINFO>waterbody</MACROCLASSINFO>
		<CLASSID>13</CLASSID>
		<CLASSINFO>C 1</CLASSINFO>
		<VALUES>[0.11059175777093823, 0.0031483107119266033, 0.12662119301967328, 0.005104546502888127, 0.14500169811718577, 0.007590533273429731, 0.1309235296470838, 0.010056202587800057, 0.029879563339313266, 0.011732132519942061, 0.017314490731223483, 0.008593564720975102]</VALUES>
		<LCS_MIN>[0.10108979791402817, 0.10711213946342468, 0.11423243582248688, 0.11542823910713196, 0.014187855646014214, 0.005035835783928633]</LCS_MIN>
		<LCS_MAX>[0.12137474119663239, 0.1429521143436432, 0.16259358823299408, 0.17588472366333008, 0.06745145469903946, 0.05504939332604408]</LCS_MAX>
		<WAVELENGTH>[0.485, 0.56, 0.66, 0.83, 1.65, 2.215]</WAVELENGTH>
		<MEAN_VALUE>[0.11059175777093823, 0.12662119301967328, 0.14500169811718577, 0.1309235296470838, 0.029879563339313266, 0.017314490731223483]</MEAN_VALUE>
		<CHECKBOX>2</CHECKBOX>
		<SD>[0.0031483107119266033, 0.005104546502888127, 0.007590533273429731, 0.010056202587800057, 0.011732132519942061, 0.008593564720975102]</SD>
		<WAVELENGTH_UNIT>E-6m</WAVELENGTH_UNIT>
		<COLOR>#ddb7e0</COLOR>
		<COVARIANCE_MATRIX>[[9.929098356812494e-06, 1.2760566343061184e-05, 1.6509605552672128e-05, -2.8686781152184473e-06, -3.3381002042319966e-06, 1.748302895664346e-06], [1.2760566343061184e-05, 2.6101710469712995e-05, 3.434314163967975e-05, -1.8342052245897243e-05, -2.4074754631404935e-05, -1.1011468488731045e-05], [1.6509605552672128e-05, 3.434314163967975e-05, 5.771639745395707e-05, -4.154248008704492e-05, -5.227635368846184e-05, -2.8570777406445356e-05], [-2.8686781152184473e-06, -1.8342052245897243e-05, -4.154248008704492e-05, 0.00010130308389641892, 9.644495206325243e-05, 6.295593720013093e-05], [-3.3381002042319966e-06, -2.4074754631404935e-05, -5.227635368846184e-05, 9.644495206325243e-05, 0.00013788231248020467, 9.022602482706095e-05], [1.748302895664346e-06, -1.1011468488731045e-05, -2.8570777406445356e-05, 6.295593720013093e-05, 9.022602482706095e-05, 7.39777882737854e-05]]</COVARIANCE_MATRIX>
		<ROI_SIZE>576</ROI_SIZE>
		<MAX_VALUE>[0.12137474119663239, 0.1429521143436432, 0.16259358823299408, 0.17588472366333008, 0.06745145469903946, 0.05504939332604408]</MAX_VALUE>
		<MIN_VALUE>[0.10108979791402817, 0.10711213946342468, 0.11423243582248688, 0.11542823910713196, 0.014187855646014214, 0.005035835783928633]</MIN_VALUE>
		<SIGNATURE_THRESHOLD_MD>0</SIGNATURE_THRESHOLD_MD>
		<SIGNATURE_THRESHOLD_ML>0</SIGNATURE_THRESHOLD_ML>
		<SIGNATURE_THRESHOLD_SAM>0</SIGNATURE_THRESHOLD_SAM>
	</signature>
	<signature ID="20210514_140408507336_724">
		<MACROCLASSID>1</MACROCLASSID>
		<MACROCLASSINFO>waterbody</MACROCLASSINFO>
		<CLASSID>14</CLASSID>
		<CLASSINFO>C 1</CLASSINFO>
		<VALUES>[0.118103288055635, 0.002349965519540812, 0.12682143064106213, 0.0032681397877789634, 0.13662130628146368, 0.005543161091859198, 0.12053179156546497, 0.00781188000972052, 0.035991387836196834, 0.010015141128093942, 0.022433860859304072, 0.007474757353645915]</VALUES>
		<LCS_MIN>[0.11250007897615433, 0.11262597888708115, 0.10914178192615509, 0.10906439274549484, 0.020333655178546906, 0.010919785127043724]</LCS_MIN>
		<LCS_MAX>[0.1264459639787674, 0.13743829727172852, 0.1447763293981552, 0.15361127257347107, 0.06745145469903946, 0.04916544258594513]</LCS_MAX>
		<WAVELENGTH>[0.485, 0.56, 0.66, 0.83, 1.65, 2.215]</WAVELENGTH>
		<MEAN_VALUE>[0.118103288055635, 0.12682143064106213, 0.13662130628146368, 0.12053179156546497, 0.035991387836196834, 0.022433860859304072]</MEAN_VALUE>
		<CHECKBOX>2</CHECKBOX>
		<SD>[0.002349965519540812, 0.0032681397877789634, 0.005543161091859198, 0.00781188000972052, 0.010015141128093942, 0.007474757353645915]</SD>
		<WAVELENGTH_UNIT>E-6m</WAVELENGTH_UNIT>
		<COLOR>#b4893f</COLOR>
		<COVARIANCE_MATRIX>[[5.609391110857521e-06, 3.7945264358533e-06, 5.264521815349583e-06, 1.4335413220238021e-06, 3.197538168870795e-06, 4.734092071397103e-06], [3.7945264358533e-06, 9.217656538707697e-06, 1.2129083439979629e-05, -9.890710854038783e-06, -1.2210662811685403e-05, -6.20161654070639e-06], [5.264521815349583e-06, 1.2129083439979629e-05, 2.592309232452754e-05, -2.3481735135003548e-05, -2.92366027336747e-05, -1.706460044925018e-05], [1.4335413220238021e-06, -9.890710854038783e-06, -2.3481735135003548e-05, 6.211067216289334e-05, 6.69621223769789e-05, 4.728747176575895e-05], [3.197538168870795e-06, -1.2210662811685403e-05, -2.92366027336747e-05, 6.69621223769789e-05, 0.00011627548249796092, 8.266362673156904e-05], [4.734092071397103e-06, -6.20161654070639e-06, -1.706460044925018e-05, 4.728747176575895e-05, 8.266362673156904e-05, 7.455775164917019e-05]]</COVARIANCE_MATRIX>
		<ROI_SIZE>450</ROI_SIZE>
		<MAX_VALUE>[0.1264459639787674, 0.13743829727172852, 0.1447763293981552, 0.15361127257347107, 0.06745145469903946, 0.04916544258594513]</MAX_VALUE>
		<MIN_VALUE>[0.11250007897615433, 0.11262597888708115, 0.10914178192615509, 0.10906439274549484, 0.020333655178546906, 0.010919785127043724]</MIN_VALUE>
		<SIGNATURE_THRESHOLD_MD>0</SIGNATURE_THRESHOLD_MD>
		<SIGNATURE_THRESHOLD_ML>0</SIGNATURE_THRESHOLD_ML>
		<SIGNATURE_THRESHOLD_SAM>0</SIGNATURE_THRESHOLD_SAM>
	</signature>
	<signature ID="20210514_140414127914_194">
		<MACROCLASSID>1</MACROCLASSID>
		<MACROCLASSINFO>waterbody</MACROCLASSINFO>
		<CLASSID>15</CLASSID>
		<CLASSINFO>C 1</CLASSINFO>
		<VALUES>[0.12319021382166834, 0.002024867737662839, 0.12807527762395393, 0.0024177063539304287, 0.13545764100722302, 0.003468097921828703, 0.1272598208063829, 0.008933492858131973, 0.037851876834838635, 0.010902661582937958, 0.022154050463530504, 0.008097481526725217]</VALUES>
		<LCS_MIN>[0.11757130175828934, 0.1181398332118988, 0.12186840921640396, 0.11542823910713196, 0.022382255643606186, 0.007977810688316822]</LCS_MIN>
		<LCS_MAX>[0.13024939596652985, 0.1346813589334488, 0.1422310173511505, 0.16315703094005585, 0.07154867053031921, 0.05504939332604408]</LCS_MAX>
		<WAVELENGTH>[0.485, 0.56, 0.66, 0.83, 1.65, 2.215]</WAVELENGTH>
		<MEAN_VALUE>[0.12319021382166834, 0.12807527762395393, 0.13545764100722302, 0.1272598208063829, 0.037851876834838635, 0.022154050463530504]</MEAN_VALUE>
		<CHECKBOX>2</CHECKBOX>
		<SD>[0.002024867737662839, 0.0024177063539304287, 0.003468097921828703, 0.008933492858131973, 0.010902661582937958, 0.008097481526725217]</SD>
		<WAVELENGTH_UNIT>E-6m</WAVELENGTH_UNIT>
		<COLOR>#c50ff8</COLOR>
		<COVARIANCE_MATRIX>[[4.1098981812360176e-06, 2.188367482166755e-06, 2.5527024218304658e-06, 1.4859842287188044e-06, -2.471641169453826e-06, -2.1519790009987285e-06], [2.188367482166755e-06, 5.859287994729872e-06, 5.611426529300943e-06, -6.269672375171977e-06, -9.734846903941265e-06, -6.424799952458444e-06], [2.5527024218304658e-06, 5.611426529300943e-06, 1.2056477604950962e-05, -1.7263873002151242e-05, -2.1609448464225397e-05, -1.3332777123372232e-05], [1.4859842287188044e-06, -6.269672375171977e-06, -1.7263873002151242e-05, 7.999822118851064e-05, 6.521686802392412e-05, 3.777139627463492e-05], [-2.471641169453826e-06, -9.734846903941265e-06, -2.1609448464225397e-05, 6.521686802392412e-05, 0.00011915240286860725, 7.927141456417098e-05], [-2.1519790009987285e-06, -6.424799952458444e-06, -1.3332777123372232e-05, 3.777139627463492e-05, 7.927141456417098e-05, 6.572607120741616e-05]]</COVARIANCE_MATRIX>
		<ROI_SIZE>419</ROI_SIZE>
		<MAX_VALUE>[0.13024939596652985, 0.1346813589334488, 0.1422310173511505, 0.16315703094005585, 0.07154867053031921, 0.05504939332604408]</MAX_VALUE>
		<MIN_VALUE>[0.11757130175828934, 0.1181398332118988, 0.12186840921640396, 0.11542823910713196, 0.022382255643606186, 0.007977810688316822]</MIN_VALUE>
		<SIGNATURE_THRESHOLD_MD>0</SIGNATURE_THRESHOLD_MD>
		<SIGNATURE_THRESHOLD_ML>0</SIGNATURE_THRESHOLD_ML>
		<SIGNATURE_THRESHOLD_SAM>0</SIGNATURE_THRESHOLD_SAM>
	</signature>
	<signature ID="20210514_140434399537_786">
		<MACROCLASSID>1</MACROCLASSID>
		<MACROCLASSINFO>waterbody</MACROCLASSINFO>
		<CLASSID>16</CLASSID>
		<CLASSINFO>C 1</CLASSINFO>
		<VALUES>[0.1131137884251631, 0.003280562578184137, 0.11506682548932967, 0.005159778383106627, 0.0852449244469594, 0.005128202721898214, 0.07602919244272698, 0.01212322638165352, 0.03921470322474174, 0.013200360269951783, 0.024973798086451487, 0.009797448594443479]</VALUES>
		<LCS_MIN>[0.10362542420625687, 0.09332752227783203, 0.07096192985773087, 0.04860793799161911, 0.018285056576132774, 0.007977810688316822]</LCS_MIN>
