<?xml version="1.0" ?>
<signaturelist MCID_LIST="[[u'1', u'water', u'#805a70'], [u'2', u'vegetation', u'#61e435'], [u'3', u'barren', u'#9a8ff9'], [u'4', u'builtup', u'#d91620']]">
	<signature ID="20180511_203251633000_236">
		<MACROCLASSID>2</MACROCLASSID>
		<MACROCLASSINFO>vegetation</MACROCLASSINFO>
		<CLASSID>91</CLASSID>
		<CLASSINFO>C 1</CLASSINFO>
		<VALUES>[0.07476422072516471, 0.008347247257213234, 0.09241030322341565, 0.013126658525032496, 0.10295003872894541, 0.01888564720761218, 0.2613512335626858, 0.021718738064638053, 0.24191709125149613, 0.023614078839047238, 0.1677667385904839, 0.025263111648833606]</VALUES>
		<LCS_MIN>[0.05579497292637825, 0.06418237090110779, 0.06641770899295807, 0.22830094397068024, 0.19595538079738617, 0.12489301711320877]</LCS_MIN>
		<LCS_MAX>[0.10311645269393921, 0.12792633473873138, 0.15776066482067108, 0.3223382830619812, 0.29541993141174316, 0.22425995767116547]</LCS_MAX>
		<WAVELENGTH>[0.485, 0.56, 0.66, 0.83, 1.65, 2.215]</WAVELENGTH>
		<MEAN_VALUE>[0.07476422072516471, 0.09241030322341565, 0.10295003872894541, 0.2613512335626858, 0.24191709125149613, 0.1677667385904839]</MEAN_VALUE>
		<CHECKBOX>2</CHECKBOX>
		<SD>[0.008347247257213234, 0.013126658525032496, 0.01888564720761218, 0.021718738064638053, 0.023614078839047238, 0.025263111648833606]</SD>
		<WAVELENGTH_UNIT>E-6m</WAVELENGTH_UNIT>
		<COLOR>#a63d68</COLOR>
		<COVARIANCE_MATRIX>[[7.613266096311106e-05, 0.00010585660940587292, 0.00014154454179891854, 3.896463630723319e-05, 0.0001548256373279853, 0.00017287113320455045], [0.00010585660940587292, 0.0001735272367383654, 0.00023505799925728382, 4.525350262565942e-05, 0.00025247996810705064, 0.0002853250461459323], [0.00014154454179891854, 0.00023505799925728382, 0.0003433420255071864, 1.436924471310124e-05, 0.0003564541645618524, 0.00041571722668129094], [3.896463630723319e-05, 4.525350262565942e-05, 1.436924471310124e-05, 0.00045368760836435177, 0.00011246160091638637, 4.384192727939049e-05], [0.0001548256373279853, 0.00025247996810705064, 0.0003564541645618524, 0.00011246160091638637, 0.0005277273852744096, 0.0005230462263779743], [0.00017287113320455045, 0.0002853250461459323, 0.00041571722668129094, 4.384192727939049e-05, 0.0005230462263779743, 0.0006066343106322156]]</COVARIANCE_MATRIX>
		<ROI_SIZE>2213</ROI_SIZE>
		<MAX_VALUE>[0.10311645269393921, 0.12792633473873138, 0.15776066482067108, 0.3223382830619812, 0.29541993141174316, 0.22425995767116547]</MAX_VALUE>
		<MIN_VALUE>[0.05579497292637825, 0.06418237090110779, 0.06641770899295807, 0.22830094397068024, 0.19595538079738617, 0.12489301711320877]</MIN_VALUE>
		<SIGNATURE_THRESHOLD_MD>0.0</SIGNATURE_THRESHOLD_MD>
		<SIGNATURE_THRESHOLD_ML>0.0</SIGNATURE_THRESHOLD_ML>
		<SIGNATURE_THRESHOLD_SAM>0.0</SIGNATURE_THRESHOLD_SAM>
	</signature>
	<signature ID="20180510_091314186000_781">
		<MACROCLASSID>4</MACROCLASSID>
		<MACROCLASSINFO>barren</MACROCLASSINFO>
		<CLASSID>18</CLASSID>
		<CLASSINFO>C 1</CLASSINFO>
		<VALUES>[0.07201568173325584, 0.005915400529333342, 0.07937007063756817, 0.0075578530119099095, 0.0893352105565693, 0.009833277956433307, 0.1717033108939294, 0.01171177055154918, 0.17335494717826017, 0.010501354768277207, 0.1371248709766762, 0.011699826042737286]</VALUES>
		<LCS_MIN>[0.057321466505527496, 0.06099517270922661, 0.06641770899295807, 0.1409805715084076, 0.1527099460363388, 0.11557736992835999]</LCS_MIN>
		<LCS_MAX>[0.08327195793390274, 0.09605435281991959, 0.11208918690681458, 0.19135768711566925, 0.20027993619441986, 0.16836604475975037]</LCS_MAX>
		<WAVELENGTH>[0.485, 0.56, 0.66, 0.83, 1.65, 2.215]</WAVELENGTH>
		<MEAN_VALUE>[0.07201568173325584, 0.07937007063756817, 0.0893352105565693, 0.1717033108939294, 0.17335494717826017, 0.1371248709766762]</MEAN_VALUE>
		<CHECKBOX>2</CHECKBOX>
		<SD>[0.005915400529333342, 0.0075578530119099095, 0.009833277956433307, 0.01171177055154918, 0.010501354768277207, 0.011699826042737286]</SD>
		<WAVELENGTH_UNIT>E-6m</WAVELENGTH_UNIT>
		<COLOR>#c60e68</COLOR>
		<COVARIANCE_MATRIX>[[3.529891182552092e-05, 4.092383096576668e-05, 5.05365060234908e-05, -4.5260599108587485e-06, 1.1134286069136579e-05, 2.1762212782050483e-05], [4.092383096576668e-05, 5.7622204622020945e-05, 6.927600043127313e-05, 4.0366940083913505e-06, 2.0480800230870955e-05, 3.3541648008394986e-05], [5.05365060234908e-05, 6.927600043127313e-05, 9.754154598340392e-05, -1.267733068743837e-06, 4.1916155169019476e-05, 6.0424408729886636e-05], [-4.5260599108587485e-06, 4.0366940083913505e-06, -1.267733068743837e-06, 0.0001383687776979059, 4.5028477870801e-06, -4.6011580707272515e-05], [1.1134286069136579e-05, 2.0480800230870955e-05, 4.1916155169019476e-05, 4.5028477870801e-06, 0.00011124580487376079, 0.00010017505701398477], [2.1762212782050483e-05, 3.3541648008394986e-05, 6.0424408729886636e-05, -4.6011580707272515e-05, 0.00010017505701398477, 0.000138086688821204]]</COVARIANCE_MATRIX>
		<ROI_SIZE>115</ROI_SIZE>
		<MAX_VALUE>[0.08327195793390274, 0.09605435281991959, 0.11208918690681458, 0.19135768711566925, 0.20027993619441986, 0.16836604475975037]</MAX_VALUE>
		<MIN_VALUE>[0.057321466505527496, 0.06099517270922661, 0.06641770899295807, 0.1409805715084076, 0.1527099460363388, 0.11557736992835999]</MIN_VALUE>
		<SIGNATURE_THRESHOLD_MD>0.0</SIGNATURE_THRESHOLD_MD>
		<SIGNATURE_THRESHOLD_ML>0.0</SIGNATURE_THRESHOLD_ML>
		<SIGNATURE_THRESHOLD_SAM>0.0</SIGNATURE_THRESHOLD_SAM>
	</signature>
	<signature ID="20180510_210054878000_513">
		<MACROCLASSID>3</MACROCLASSID>
		<MACROCLASSINFO>barren</MACROCLASSINFO>
		<CLASSID>46</CLASSID>
		<CLASSINFO>C 1</CLASSINFO>
		<VALUES>[0.11905988388591343, 0.011957274027185605, 0.16983209660759685, 0.01919591728326407, 0.22850667823244022, 0.03037733252270566, 0.30467519715980257, 0.025846981530640085, 0.3464334849958066, 0.03306728339012531, 0.2622126015248122, 0.02970415017007712]</VALUES>
		<LCS_MIN>[0.10006345063447952, 0.14704953134059906, 0.171193465590477, 0.26188570261001587, 0.2910953462123871, 0.20873385667800903]</LCS_MIN>
		<LCS_MAX>[0.13975243270397186, 0.20760630071163177, 0.2947750985622406, 0.3492060899734497, 0.3992089629173279, 0.30810078978538513]</LCS_MAX>
		<WAVELENGTH>[0.485, 0.56, 0.66, 0.83, 1.65, 2.215]</WAVELENGTH>
		<MEAN_VALUE>[0.11905988388591343, 0.16983209660759685, 0.22850667823244022, 0.30467519715980257, 0.3464334849958066, 0.2622126015248122]</MEAN_VALUE>
		<CHECKBOX>2</CHECKBOX>
		<SD>[0.011957274027185605, 0.01919591728326407, 0.03037733252270566, 0.025846981530640085, 0.03306728339012531, 0.02970415017007712]</SD>
		<WAVELENGTH_UNIT>E-6m</WAVELENGTH_UNIT>
		<COLOR>#aa37b3</COLOR>
		<COVARIANCE_MATRIX>[[0.00014847549027763307, 0.00022814715339336544, 0.00034669451997615397, 0.0002654277777764946, 0.0003073323459830135, 0.00028027419466525316], [0.00022814715339336544, 0.00038265567854978144, 0.000569961208384484, 0.0004714086535386741, 0.0005615662666969001, 0.0004914635210298002], [0.00034669451997615397, 0.000569961208384484, 0.0009582739439792931, 0.0006598167237825692, 0.0008091732743196189, 0.000642360479105264], [0.0002654277777764946, 0.0004714086535386741, 0.0006598167237825692, 0.0006937613361515105, 0.0008072337950579822, 0.0006857158150523901], [0.0003073323459830135, 0.0005615662666969001, 0.0008091732743196189, 0.0008072337950579822, 0.0011355008464306593, 0.0009463179158046842], [0.00028027419466525316, 0.0004914635210298002, 0.000642360479105264, 0.0006857158150523901, 0.0009463179158046842, 0.0009162725764326751]]</COVARIANCE_MATRIX>
		<ROI_SIZE>27</ROI_SIZE>
		<MAX_VALUE>[0.13975243270397186, 0.20760630071163177, 0.2947750985622406, 0.3492060899734497, 0.3992089629173279, 0.30810078978538513]</MAX_VALUE>
		<MIN_VALUE>[0.10006345063447952, 0.14704953134059906, 0.171193465590477, 0.26188570261001587, 0.2910953462123871, 0.20873385667800903]</MIN_VALUE>
		<SIGNATURE_THRESHOLD_MD>0.0</SIGNATURE_THRESHOLD_MD>
		<SIGNATURE_THRESHOLD_ML>0.0</SIGNATURE_THRESHOLD_ML>
		<SIGNATURE_THRESHOLD_SAM>0.0</SIGNATURE_THRESHOLD_SAM>
	</signature>
	<signature ID="20180510_210619017000_907">
		<MACROCLASSID>2</MACROCLASSID>
		<MACROCLASSINFO>vegetation</MACROCLASSINFO>
		<CLASSID>67</CLASSID>
		<CLASSINFO>C 1</CLASSINFO>
		<VALUES>[0.0466936278235876, 0.004013542508069105, 0.050278800214506994, 0.006039491157238867, 0.05094847410629342, 0.008668068896389162, 0.1729148408994371, 0.018997244556311924, 0.14034691898967805, 0.019729566094163438, 0.08228186369073141, 0.0154812322593302]</VALUES>
		<LCS_MIN>[0.03595048189163208, 0.03549758717417717, 0.03149246424436569, 0.12754665315151215, 0.07703043520450592, 0.04415738210082054]</LCS_MIN>
		<LCS_MAX>[0.06495396792888641, 0.08011837303638458, 0.09059673547744751, 0.22158396244049072, 0.17649494111537933, 0.11868258565664291]</LCS_MAX>
		<WAVELENGTH>[0.485, 0.56, 0.66, 0.83, 1.65, 2.215]</WAVELENGTH>
		<MEAN_VALUE>[0.0466936278235876, 0.050278800214506994, 0.05094847410629342, 0.1729148408994371, 0.14034691898967805, 0.08228186369073141]</MEAN_VALUE>
		<CHECKBOX>2</CHECKBOX>
		<SD>[0.004013542508069105, 0.006039491157238867, 0.008668068896389162, 0.018997244556311924, 0.019729566094163438, 0.0154812322593302]</SD>
		<WAVELENGTH_UNIT>E-6m</WAVELENGTH_UNIT>
		<COLOR>#8ef9bc</COLOR>
		<COVARIANCE_MATRIX>[[1.6226387742790394e-05, 2.134231908712536e-05, 3.0071165383560583e-05, 2.0262188627384603e-05, 5.116641114000231e-05, 4.444141814019531e-05], [2.134231908712536e-05, 3.927584475604817e-05, 4.8684756620787084e-05, 4.856492523686029e-05, 8.291504491353408e-05, 6.778025272069499e-05], [3.0071165383560583e-05, 4.8684756620787084e-05, 7.472900324501097e-05, 3.8017271435819566e-05, 0.00011961876589339226, 0.00010483595542609692], [2.0262188627384603e-05, 4.856492523686029e-05, 3.8017271435819566e-05, 0.00037019606679677963, 0.000182396310265176, 7.538520731031895e-05], [5.116641114000231e-05, 8.291504491353408e-05, 0.00011961876589339226, 0.000182396310265176, 0.0003626714460551739, 0.00026060405070893466], [4.444141814019531e-05, 6.778025272069499e-05, 0.00010483595542609692, 7.538520731031895e-05, 0.00026060405070893466, 0.00022510398412123322]]</COVARIANCE_MATRIX>
		<ROI_SIZE>8475</ROI_SIZE>
		<MAX_VALUE>[0.06495396792888641, 0.08011837303638458, 0.09059673547744751, 0.22158396244049072, 0.17649494111537933, 0.11868258565664291]</MAX_VALUE>
		<MIN_VALUE>[0.03595048189163208, 0.03549758717417717, 0.03149246424436569, 0.12754665315151215, 0.07703043520450592, 0.04415738210082054]</MIN_VALUE>
		<SIGNATURE_THRESHOLD_MD>0.0</SIGNATURE_THRESHOLD_MD>
		<SIGNATURE_THRESHOLD_ML>0.0</SIGNATURE_THRESHOLD_ML>
		<SIGNATURE_THRESHOLD_SAM>0.0</SIGNATURE_THRESHOLD_SAM>
	</signature>
	<signature ID="20180510_205931387000_553">
		<MACROCLASSID>3</MACROCLASSID>
		<MACROCLASSINFO>barren</MACROCLASSINFO>
		<CLASSID>38</CLASSID>
		<CLASSINFO>C 1</CLASSINFO>
		<VALUES>[0.07858808345010142, 0.003914669692420453, 0.10458079056862074, 0.00669109199242482, 0.12384574981326733, 0.009801908802516838, 0.24259599915936458, 0.00821662897974064, 0.2590308952280599, 0.010032180378231902, 0.1945878822579344, 0.011077200731080736]</VALUES>
		<LCS_MIN>[0.06953345239162445, 0.08649276196956635, 0.10134295374155045, 0.21822549402713776, 0.24136309325695038, 0.17768169939517975]</LCS_MIN>
		<LCS_MAX>[0.09090444445610046, 0.12155192345380783, 0.14701442420482635, 0.26188570261001587, 0.2824462652206421, 0.22115473449230194]</LCS_MAX>
		<WAVELENGTH>[0.485, 0.56, 0.66, 0.83, 1.65, 2.215]</WAVELENGTH>
		<MEAN_VALUE>[0.07858808345010142, 0.10458079056862074, 0.12384574981326733, 0.24259599915936458, 0.2590308952280599, 0.1945878822579344]</MEAN_VALUE>
		<CHECKBOX>2</CHECKBOX>
		<SD>[0.003914669692420453, 0.00669109199242482, 0.009801908802516838, 0.00821662897974064, 0.010032180378231902, 0.011077200731080736]</SD>
		<WAVELENGTH_UNIT>E-6m</WAVELENGTH_UNIT>
		<COLOR>#415192</COLOR>
		<COVARIANCE_MATRIX>[[1.5456747860298492e-05, 2.153303830709774e-05, 3.0121671443339437e-05, 1.383555991196772e-05, 1.8648082914296538e-05, 2.3845861505833454e-05], [2.153303830709774e-05, 4.5156666601542383e-05, 6.195259629748762e-05, 2.7474867238197476e-05, 4.2983050661860034e-05, 5.169347787159495e-05], [3.0121671443339437e-05, 6.195259629748762e-05, 9.690567094366997e-05, 3.622457734309137e-05, 6.978284363867715e-05, 8.532519859727472e-05], [1.383555991196772e-05, 2.7474867238197476e-05, 3.622457734309137e-05, 6.809500337112695e-05, 3.3672342397039756e-05, 2.14569408854004e-05], [1.8648082914296538e-05, 4.2983050661860034e-05, 6.978284363867715e-05, 3.3672342397039756e-05, 0.00010151226888410747, 9.37174991122447e-05], [2.3845861505833454e-05, 5.169347787159495e-05, 8.532519859727472e-05, 2.14569408854004e-05, 9.37174991122447e-05, 0.00012376217637211084]]</COVARIANCE_MATRIX>
		<ROI_SIZE>117</ROI_SIZE>
		<MAX_VALUE>[0.09090444445610046, 0.12155192345380783, 0.14701442420482635, 0.26188570261001587, 0.2824462652206421, 0.22115473449230194]</MAX_VALUE>
		<MIN_VALUE>[0.06953345239162445, 0.08649276196956635, 0.10134295374155045, 0.21822549402713776, 0.24136309325695038, 0.17768169939517975]</MIN_VALUE>
		<SIGNATURE_THRESHOLD_MD>0.0</SIGNATURE_THRESHOLD_MD>
		<SIGNATURE_THRESHOLD_ML>0.0</SIGNATURE_THRESHOLD_ML>
		<SIGNATURE_THRESHOLD_SAM>0.0</SIGNATURE_THRESHOLD_SAM>
	</signature>
	<signature ID="20180510_091213496000_636">
		<MACROCLASSID>4</MACROCLASSID>
		<MACROCLASSINFO>builtup</MACROCLASSINFO>
		<CLASSID>15</CLASSID>
		<CLASSINFO>C 1</CLASSINFO>
		<VALUES>[0.07006385303654906, 0.005981434728122551, 0.07824116424357484, 0.007540949736201536, 0.08878671264244341, 0.010585481304662574, 0.17114991707316915, 0.012478352938550288, 0.1730316421490604, 0.010374247642297477, 0.13822176566315922, 0.0122232883425882]</VALUES>
		<LCS_MIN>[0.05884796380996704, 0.06099517270922661, 0.06373114883899689, 0.13762207329273224, 0.1527099460363388, 0.11868258565664291]</LCS_MIN>
		<LCS_MAX>[0.10006345063447952, 0.1088031455874443, 0.12820853292942047, 0.19135768711566925, 0.20892903208732605, 0.1838921308517456]</LCS_MAX>
		<WAVELENGTH>[0.485, 0.56, 0.66, 0.83, 1.65, 2.215]</WAVELENGTH>
		<MEAN_VALUE>[0.07006385303654906, 0.07824116424357484, 0.08878671264244341, 0.17114991707316915, 0.1730316421490604, 0.13822176566315922]</MEAN_VALUE>
		<CHECKBOX>2</CHECKBOX>
		<SD>[0.005981434728122551, 0.007540949736201536, 0.010585481304662574, 0.012478352938550288, 0.010374247642297477, 0.0122232883425882]</SD>
		<WAVELENGTH_UNIT>E-6m</WAVELENGTH_UNIT>
		<COLOR>#60fb01</COLOR>
		<COVARIANCE_MATRIX>[[3.5929806472267956e-05, 4.066726614837535e-05, 5.661594695993699e-05, -3.512346680167866e-08, 4.054026067024097e-05, 4.830931356991641e-05], [4.066726614837535e-05, 5.7107907196041197e-05, 7.5290743552614e-05, 1.2236602742632385e-05, 5.5465989134972915e-05, 6.151432171463966e-05], [5.661594695993699e-05, 7.5290743552614e-05, 0.00011252923286519945, 4.043155513500096e-06, 8.074186189332977e-05, 9.717897046357393e-05], [-3.512346680167866e-08, 1.2236602742632385e-05, 4.043155513500096e-06, 0.00015637188334949315, 1.2873513696831651e-05, -4.0775710658635944e-05], [4.054026067024097e-05, 5.5465989134972915e-05, 8.074186189332977e-05, 1.2873513696831651e-05, 0.00010808298975462094, 0.00010624394053593278], [4.830931356991641e-05, 6.151432171463966e-05, 9.717897046357393e-05, -4.0775710658635944e-05, 0.00010624394053593278, 0.00015004456508904696]]</COVARIANCE_MATRIX>
		<ROI_SIZE>236</ROI_SIZE>
		<MAX_VALUE>[0.10006345063447952, 0.1088031455874443, 0.12820853292942047, 0.19135768711566925, 0.20892903208732605, 0.1838921308517456]</MAX_VALUE>
		<MIN_VALUE>[0.05884796380996704, 0.06099517270922661, 0.06373114883899689, 0.13762207329273224, 0.1527099460363388, 0.11868258565664291]</MIN_VALUE>
		<SIGNATURE_THRESHOLD_MD>0.0</SIGNATURE_THRESHOLD_MD>
		<SIGNATURE_THRESHOLD_ML>0.0</SIGNATURE_THRESHOLD_ML>
		<SIGNATURE_THRESHOLD_SAM>0.0</SIGNATURE_THRESHOLD_SAM>
	</signature>
	<signature ID="20180510_090927837000_908">
		<MACROCLASSID>3</MACROCLASSID>
		<MACROCLASSINFO>barren</MACROCLASSINFO>
		<CLASSID>7</CLASSID>
		<CLASSINFO>C 1</CLASSINFO>
		<VALUES>[0.10017353525528541, 0.008426324650676439, 0.1450422067338457, 0.014542739864925063, 0.18178468856673977, 0.018353288199410685, 0.27294607446170766, 0.0200065250675213, 0.3104622318194461, 0.016209141221116323, 0.2567303672146339, 0.020987411826362268]</VALUES>
		<LCS_MIN>[0.08632496744394302, 0.11836474388837814, 0.14701442420482635, 0.24173486232757568, 0.27595946192741394, 0.21804951131343842]</LCS_MIN>
		<LCS_MAX>[0.12754042446613312, 0.1884830892086029, 0.23567083477973938, 0.32569679617881775, 0.3538012206554413, 0.30189037322998047]</LCS_MAX>
		<WAVELENGTH>[0.485, 0.56, 0.66, 0.83, 1.65, 2.215]</WAVELENGTH>
		<MEAN_VALUE>[0.10017353525528541, 0.1450422067338457, 0.18178468856673977, 0.27294607446170766, 0.3104622318194461, 0.2567303672146339]</MEAN_VALUE>
		<CHECKBOX>2</CHECKBOX>
		<SD>[0.008426324650676439, 0.014542739864925063, 0.018353288199410685, 0.0200065250675213, 0.016209141221116323, 0.020987411826362268]</SD>
		<WAVELENGTH_UNIT>E-6m</WAVELENGTH_UNIT>
		<COLOR>#38572c</COLOR>
		<COVARIANCE_MATRIX>[[7.134595944080502e-05, 0.00011783430090872571, 0.00014307763194665313, 0.00010574404586805031, 0.00011360564531059936, 0.0001296351256314665], [0.00011783430090872571, 0.0002125129831256345, 0.0002540005079936236, 0.00019579871150199324, 0.0001968707947526127, 0.0002229839301435277], [0.00014307763194665313, 0.0002540005079936236, 0.00033847044687718153, 0.0001738520950311795, 0.00025600535445846617, 0.0003200107312295586], [0.00010574404586805031, 0.00019579871150199324, 0.0001738520950311795, 0.0004021946806460619, 0.0001509094436187297, 8.101914136204869e-05], [0.00011360564531059936, 0.0001968707947526127, 0.00025600535445846617, 0.0001509094436187297, 0.0002640055026859045, 0.00031152216251939535], [0.0001296351256314665, 0.0002229839301435277, 0.0003200107312295586, 8.101914136204869e-05, 0.00031152216251939535, 0.0004425993247423321]]</COVARIANCE_MATRIX>
		<ROI_SIZE>208</ROI_SIZE>
		<MAX_VALUE>[0.12754042446613312, 0.1884830892086029, 0.23567083477973938, 0.32569679617881775, 0.3538012206554413, 0.30189037322998047]</MAX_VALUE>
		<MIN_VALUE>[0.08632496744394302, 0.11836474388837814, 0.14701442420482635, 0.24173486232757568, 0.27595946192741394, 0.21804951131343842]</MIN_VALUE>
		<SIGNATURE_THRESHOLD_MD>0.0</SIGNATURE_THRESHOLD_MD>
		<SIGNATURE_THRESHOLD_ML>0.0</SIGNATURE_THRESHOLD_ML>
		<SIGNATURE_THRESHOLD_SAM>0.0</SIGNATURE_THRESHOLD_SAM>
	</signature>
	<signature ID="20180510_210749384000_669">
		<MACROCLASSID>2</MACROCLASSID>
		<MACROCLASSINFO>vegetation</MACROCLASSINFO>
		<CLASSID>73</CLASSID>
		<CLASSINFO>C 1</CLASSINFO>
		<VALUES>[0.05696282570967007, 0.005139032612662774, 0.06379375022777167, 0.008015604503382992, 0.0665725107931404, 0.010645391478921481, 0.22531076946666245, 0.016712372497200645, 0.17744264372219443, 0.019451526687309584, 0.10862583943182176, 0.01617919185756812]</VALUES>
		<LCS_MIN>[0.04205647483468056, 0.04187198728322983, 0.03686558082699776, 0.19807465374469757, 0.14189858734607697, 0.06899912655353546]</LCS_MIN>
		<LCS_MAX>[0.07716595381498337, 0.08967996388673782, 0.09059673547744751, 0.27196115255355835, 0.2197403758764267, 0.14352431893348694]</LCS_MAX>
		<WAVELENGTH>[0.485, 0.56, 0.66, 0.83, 1.65, 2.215]</WAVELENGTH>
		<MEAN_VALUE>[0.05696282570967007, 0.06379375022777167, 0.0665725107931404, 0.22531076946666245, 0.17744264372219443, 0.10862583943182176]</MEAN_VALUE>
		<CHECKBOX>2</CHECKBOX>
		<SD>[0.005139032612662774, 0.008015604503382992, 0.010645391478921481, 0.016712372497200645, 0.019451526687309584, 0.01617919185756812]</SD>
		<WAVELENGTH_UNIT>E-6m</WAVELENGTH_UNIT>
		<COLOR>#cf9221</COLOR>
		<COVARIANCE_MATRIX>[[2.6418963898322545e-05, 3.4489417885197327e-05, 4.456698297872208e-05, 8.114764568745159e-06, 5.11377293150872e-05, 5.367515768739395e-05], [3.4489417885197327e-05, 6.074376869946718e-05, 7.50612307456322e-05, 2.6504110792302527e-05, 9.993921412387863e-05, 9.282770042773336e-05], [4.456698297872208e-05, 7.50612307456322e-05, 0.00011238754086662084, 4.842073849431472e-06, 0.00014469894813373685, 0.00014017867215443403], [8.114764568745159e-06, 2.6504110792302527e-05, 4.842073849431472e-06, 0.0002759849885478616, 0.00010041992936749011, 2.893721466534771e-05], [5.11377293150872e-05, 9.993921412387863e-05, 0.00014469894813373685, 0.00010041992936749011, 0.00037059743772260845, 0.00027750793378800154], [5.367515768739395e-05, 9.282770042773336e-05, 0.00014017867215443403, 2.893721466534771e-05, 0.00027750793378800154, 0.00025931638083420694]]</COVARIANCE_MATRIX>
		<ROI_SIZE>12121</ROI_SIZE>
		<MAX_VALUE>[0.07716595381498337, 0.08967996388673782, 0.09059673547744751, 0.27196115255355835, 0.2197403758764267, 0.14352431893348694]</MAX_VALUE>
		<MIN_VALUE>[0.04205647483468056, 0.04187198728322983, 0.03686558082699776, 0.19807465374469757, 0.14189858734607697, 0.06899912655353546]</MIN_VALUE>
		<SIGNATURE_THRESHOLD_MD>0.0</SIGNATURE_THRESHOLD_MD>
		<SIGNATURE_THRESHOLD_ML>0.0</SIGNATURE_THRESHOLD_ML>
		<SIGNATURE_THRESHOLD_SAM>0.0</SIGNATURE_THRESHOLD_SAM>
	</signature>
	<signature ID="20180510_091604556000_376">
		<MACROCLASSID>4</MACROCLASSID>
		<MACROCLASSINFO>builtup</MACROCLASSINFO>
		<CLASSID>22</CLASSID>
		<CLASSINFO>C 1</CLASSINFO>
		<VALUES>[0.07518151002851402, 0.005772696652536878, 0.07945195588875902, 0.007432460919145552, 0.09054787639867175, 0.009056251832874042, 0.13063034794547343, 0.012608073875977736, 0.15054767551747242, 0.010636972204446773, 0.12777240140871562, 0.011028063403759999]</VALUES>
		<LCS_MIN>[0.06342745572328568, 0.06099517270922661, 0.07179082185029984, 0.1040373221039772, 0.11811359226703644, 0.09384084492921829]</LCS_MIN>
		<LCS_MAX>[0.08785147219896317, 0.0928671583533287, 0.11208918690681458, 0.15777292847633362, 0.17217038571834564, 0.14662954211235046]</LCS_MAX>
		<WAVELENGTH>[0.485, 0.56, 0.66, 0.83, 1.65, 2.215]</WAVELENGTH>
		<MEAN_VALUE>[0.07518151002851402, 0.07945195588875902, 0.09054787639867175, 0.13063034794547343, 0.15054767551747242, 0.12777240140871562]</MEAN_VALUE>
		<CHECKBOX>2</CHECKBOX>
		<SD>[0.005772696652536878, 0.007432460919145552, 0.009056251832874042, 0.012608073875977736, 0.010636972204446773, 0.011028063403759999]</SD>
		<WAVELENGTH_UNIT>E-6m</WAVELENGTH_UNIT>
		<COLOR>#998283</COLOR>
		<COVARIANCE_MATRIX>[[3.3629752579145133e-05, 3.8971171306911856e-05, 4.7459085180889815e-05, 1.172559495898895e-05, 2.29232718993444e-05, 2.9293036277522333e-05], [3.8971171306911856e-05, 5.5748278100509197e-05, 6.336175283649936e-05, 2.5249777536373585e-05, 2.9589582482003607e-05, 3.507760266074911e-05], [4.7459085180889815e-05, 6.336175283649936e-05, 8.27681360533461e-05, 2.5978577468777075e-05, 4.364796041045338e-05, 5.2874736866215244e-05], [1.172559495898895e-05, 2.5249777536373585e-05, 2.5978577468777075e-05, 0.0001604219141881913, 4.5237211452331394e-05, -3.3156632071040804e-06], [2.29232718993444e-05, 2.9589582482003607e-05, 4.364796041045338e-05, 4.5237211452331394e-05, 0.00011418320355005562, 8.9934968855232e-05], [2.9293036277522333e-05, 3.507760266074911e-05, 5.2874736866215244e-05, -3.3156632071040804e-06, 8.9934968855232e-05, 0.00012273395259398967]]</COVARIANCE_MATRIX>
		<ROI_SIZE>110</ROI_SIZE>
		<MAX_VALUE>[0.08785147219896317, 0.0928671583533287, 0.11208918690681458, 0.15777292847633362, 0.17217038571834564, 0.14662954211235046]</MAX_VALUE>
		<MIN_VALUE>[0.06342745572328568, 0.06099517270922661, 0.07179082185029984, 0.1040373221039772, 0.11811359226703644, 0.09384084492921829]</MIN_VALUE>
		<SIGNATURE_THRESHOLD_MD>0.0</SIGNATURE_THRESHOLD_MD>
		<SIGNATURE_THRESHOLD_ML>0.0</SIGNATURE_THRESHOLD_ML>
		<SIGNATURE_THRESHOLD_SAM>0.0</SIGNATURE_THRESHOLD_SAM>
	</signature>
	<signature ID="20180510_210042643000_325">
		<MACROCLASSID>3</MACROCLASSID>
		<MACROCLASSINFO>barren</MACROCLASSINFO>
		<CLASSID>45</CLASSID>
		<CLASSINFO>C 1</CLASSINFO>
		<VALUES>[0.08788394008545167, 0.004702238140726181, 0.11944974110798635, 0.007043714309939423, 0.14461367973621855, 0.010214840981212184, 0.24973802427028086, 0.009811215575370257, 0.2812731177248852, 0.01042569260504985, 0.2218154197994699, 0.01106582037324139]</VALUES>
		<LCS_MIN>[0.08021896332502365, 0.10561595112085342, 0.12552198767662048, 0.2316594272851944, 0.2608235478401184, 0.20252342522144318]</LCS_MIN>
		<LCS_MAX>[0.10158994793891907, 0.13748793303966522, 0.16850687563419342, 0.2686026692390442, 0.3105557858943939, 0.2491016536951065]</LCS_MAX>
		<WAVELENGTH>[0.485, 0.56, 0.66, 0.83, 1.65, 2.215]</WAVELENGTH>
		<MEAN_VALUE>[0.08788394008545167, 0.11944974110798635, 0.14461367973621855, 0.24973802427028086, 0.2812731177248852, 0.2218154197994699]</MEAN_VALUE>
		<CHECKBOX>2</CHECKBOX>
		<SD>[0.004702238140726181, 0.007043714309939423, 0.010214840981212184, 0.009811215575370257, 0.01042569260504985, 0.01106582037324139]</SD>
		<WAVELENGTH_UNIT>E-6m</WAVELENGTH_UNIT>
		<COLOR>#6a46f9</COLOR>
		<COVARIANCE_MATRIX>[[2.2348796846927144e-05, 2.6906376660917886e-05, 3.738491432159208e-05, 1.2195707313367166e-05, 2.4634107830934227e-05, 3.157904575346038e-05], [2.6906376660917886e-05, 5.0147395086241886e-05, 6.901590677443892e-05, 1.4242756151361391e-05, 4.841612098971382e-05, 5.8018566051032394e-05], [3.738491432159208e-05, 6.901590677443892e-05, 0.00010546494013397023, 1.7382832083967514e-05, 7.142187678255141e-05, 8.86146881384775e-05], [1.2195707313367166e-05, 1.4242756151361391e-05, 1.7382832083967514e-05, 9.729500743560493e-05, 3.455523255979642e-05, 6.878538442833815e-06], [2.4634107830934227e-05, 4.841612098971382e-05, 7.142187678255141e-05, 3.455523255979642e-05, 0.00010986383131239563, 9.276242781197652e-05], [3.157904575346038e-05, 5.8018566051032394e-05, 8.86146881384775e-05, 6.878538442833815e-06, 9.276242781197652e-05, 0.0001237690739799291]]</COVARIANCE_MATRIX>
		<ROI_SIZE>94</ROI_SIZE>
		<MAX_VALUE>[0.10158994793891907, 0.13748793303966522, 0.16850687563419342, 0.2686026692390442, 0.3105557858943939, 0.2491016536951065]</MAX_VALUE>
		<MIN_VALUE>[0.08021896332502365, 0.10561595112085342, 0.12552198767662048, 0.2316594272851944, 0.2608235478401184, 0.20252342522144318]</MIN_VALUE>
		<SIGNATURE_THRESHOLD_MD>0.0</SIGNATURE_THRESHOLD_MD>
		<SIGNATURE_THRESHOLD_ML>0.0</SIGNATURE_THRESHOLD_ML>
		<SIGNATURE_THRESHOLD_SAM>0.0</SIGNATURE_THRESHOLD_SAM>
	</signature>
	<signature ID="20180510_205912558000_684">
		<MACROCLASSID>4</MACROCLASSID>
		<MACROCLASSINFO>builtup</MACROCLASSINFO>
		<CLASSID>37</CLASSID>
		<CLASSINFO>C 1</CLASSINFO>
		<VALUES>[0.07367681499038425, 0.005227652530052085, 0.0805736833385059, 0.007509230407858958, 0.08995706729945684, 0.007991356450922077, 0.16480974072501775, 0.013509843708299463, 0.16846364310809542, 0.010742006451890086, 0.13820109126113708, 0.011098929095631387]</VALUES>
		<LCS_MIN>[0.06190096586942673, 0.06736957281827927, 0.07179082185029984, 0.12754665315151215, 0.14406085014343262, 0.11557736992835999]</LCS_MIN>
		<LCS_MAX>[0.08327195793390274, 0.09605435281991959, 0.10134295374155045, 0.18464075028896332, 0.18514403700828552, 0.15283997356891632]</LCS_MAX>
		<WAVELENGTH>[0.485, 0.56, 0.66, 0.83, 1.65, 2.215]</WAVELENGTH>
		<MEAN_VALUE>[0.07367681499038425, 0.0805736833385059, 0.08995706729945684, 0.16480974072501775, 0.16846364310809542, 0.13820109126113708]</MEAN_VALUE>
		<CHECKBOX>2</CHECKBOX>
		<SD>[0.005227652530052085, 0.007509230407858958, 0.007991356450922077, 0.013509843708299463, 0.010742006451890086, 0.011098929095631387]</SD>
		<WAVELENGTH_UNIT>E-6m</WAVELENGTH_UNIT>
		<COLOR>#5bfda3</COLOR>
		<COVARIANCE_MATRIX>[[2.8694768843706697e-05, 3.767099406104535e-05, 4.0717368392506614e-05, -3.0870149203110486e-05, 3.246482083341107e-05, 4.140827149967663e-05], [3.767099406104535e-05, 5.920796684222296e-05, 5.7675166317494586e-05, -1.8885179088101722e-05, 3.8986694562481716e-05, 4.559661101666279e-05], [4.0717368392506614e-05, 5.7675166317494586e-05, 6.705486885039136e-05, -2.8206863134982996e-05, 5.1534720114432275e-05, 5.8992278354708105e-05], [-3.0870149203110486e-05, -1.8885179088101722e-05, -2.8206863134982996e-05, 0.00019164166587870568, -2.489804319338873e-05, -8.059970423346385e-05], [3.246482083341107e-05, 3.8986694562481716e-05, 5.1534720114432275e-05, -2.489804319338873e-05, 0.00012116023572161794, 0.00010819653107319027], [4.140827149967663e-05, 4.559661101666279e-05, 5.8992278354708105e-05, -8.059970423346385e-05, 0.00010819653107319027, 0.000129345542518422]]</COVARIANCE_MATRIX>
		<ROI_SIZE>21</ROI_SIZE>
		<MAX_VALUE>[0.08327195793390274, 0.09605435281991959, 0.10134295374155045, 0.18464075028896332, 0.18514403700828552, 0.15283997356891632]</MAX_VALUE>
		<MIN_VALUE>[0.06190096586942673, 0.06736957281827927, 0.07179082185029984, 0.12754665315151215, 0.14406085014343262, 0.11557736992835999]</MIN_VALUE>
		<SIGNATURE_THRESHOLD_MD>0.0</SIGNATURE_THRESHOLD_MD>
		<SIGNATURE_THRESHOLD_ML>0.0</SIGNATURE_THRESHOLD_ML>
		<SIGNATURE_THRESHOLD_SAM>0.0</SIGNATURE_THRESHOLD_SAM>
	</signature>
	<signature ID="20180510_210522076000_728">
		<MACROCLASSID>3</MACROCLASSID>
		<MACROCLASSINFO>barren</MACROCLASSINFO>
		<CLASSID>62</CLASSID>
		<CLASSINFO>C 1</CLASSINFO>
		<VALUES>[0.10175647762688726, 0.008028402929912613, 0.14542695514180443, 0.012933943016248173, 0.17676195231350983, 0.017265978244351037, 0.27489216815341605, 0.01673800693142183, 0.3197552718899467, 0.017764720477760124, 0.26157900826497504, 0.02193715673160128]</VALUES>
		<LCS_MIN>[0.08785147219896317, 0.1247391328215599, 0.14432787895202637, 0.24173486232757568, 0.28893306851387024, 0.21804951131343842]</LCS_MIN>
		<LCS_MAX>[0.12143445014953613, 0.17573431134223938, 0.2168649137020111, 0.30890440940856934, 0.36028799414634705, 0.30189037322998047]</LCS_MAX>
		<WAVELENGTH>[0.485, 0.56, 0.66, 0.83, 1.65, 2.215]</WAVELENGTH>
		<MEAN_VALUE>[0.10175647762688726, 0.14542695514180443, 0.17676195231350983, 0.27489216815341605, 0.3197552718899467, 0.26157900826497504]</MEAN_VALUE>
		<CHECKBOX>2</CHECKBOX>
		<SD>[0.008028402929912613, 0.012933943016248173, 0.017265978244351037, 0.01673800693142183, 0.017764720477760124, 0.02193715673160128]</SD>
		<WAVELENGTH_UNIT>E-6m</WAVELENGTH_UNIT>
		<COLOR>#1b6296</COLOR>
		<COVARIANCE_MATRIX>[[6.564887007698417e-05, 9.776053775567561e-05, 0.0001302124874200672, 4.497871486819349e-05, 0.00012319409870542586, 0.00013253794168122113], [9.776053775567561e-05, 0.00017038478108588606, 0.000220413290662691, 8.651249663671479e-05, 0.0002024247805820778, 0.00022918924514669925], [0.0001302124874200672, 0.000220413290662691, 0.0003036346461158246, 9.298589429818094e-05, 0.0002622666652314365, 0.0003103548660874367], [4.497871486819349e-05, 8.651249663671479e-05, 9.298589429818094e-05, 0.0002853490295819938, 0.00015018523845355958, 5.023731500841677e-05], [0.00012319409870542586, 0.0002024247805820778, 0.0002622666652314365, 0.00015018523845355958, 0.000321429455652833, 0.00033232729765586555], [0.00013253794168122113, 0.00022918924514669925, 0.0003103548660874367, 5.023731500841677e-05, 0.00033232729765586555, 0.0004901506472378969]]</COVARIANCE_MATRIX>
		<ROI_SIZE>55</ROI_SIZE>
		<MAX_VALUE>[0.12143445014953613, 0.17573431134223938, 0.2168649137020111, 0.30890440940856934, 0.36028799414634705, 0.30189037322998047]</MAX_VALUE>
		<MIN_VALUE>[0.08785147219896317, 0.1247391328215599, 0.14432787895202637, 0.24173486232757568, 0.28893306851387024, 0.21804951131343842]</MIN_VALUE>
		<SIGNATURE_THRESHOLD_MD>0.0</SIGNATURE_THRESHOLD_MD>
		<SIGNATURE_THRESHOLD_ML>0.0</SIGNATURE_THRESHOLD_ML>
		<SIGNATURE_THRESHOLD_SAM>0.0</SIGNATURE_THRESHOLD_SAM>
	</signature>
	<signature ID="20180510_205950298000_326">
		<MACROCLASSID>2</MACROCLASSID>
		<MACROCLASSINFO>vegetation</MACROCLASSINFO>
		<CLASSID>40</CLASSID>
		<CLASSINFO>C 1</CLASSINFO>
		<VALUES>[0.0487543806737783, 0.002667544383000215, 0.04941719162220856, 0.004762066936203737, 0.04969526393985261, 0.005877570540494338, 0.14838291491780958, 0.012399925161531654, 0.11859900473940131, 0.015052243113720082, 0.07052004284092359, 0.010405715913335624]</VALUES>
		<LCS_MIN>[0.0435829721391201, 0.04187198728322983, 0.04223869740962982, 0.12754665315151215, 0.09000405669212341, 0.053473036736249924]</LCS_MIN>
		<LCS_MAX>[0.05426847189664841, 0.06099517270922661, 0.061044592410326004, 0.17456531524658203, 0.1527099460363388, 0.09073562920093536]</LCS_MAX>
		<WAVELENGTH>[0.485, 0.56, 0.66, 0.83, 1.65, 2.215]</WAVELENGTH>
		<MEAN_VALUE>[0.0487543806737783, 0.04941719162220856, 0.04969526393985261, 0.14838291491780958, 0.11859900473940131, 0.07052004284092359]</MEAN_VALUE>
		<CHECKBOX>2</CHECKBOX>
		<SD>[0.002667544383000215, 0.004762066936203737, 0.005877570540494338, 0.012399925161531654, 0.015052243113720082, 0.010405715913335624]</SD>
		<WAVELENGTH_UNIT>E-6m</WAVELENGTH_UNIT>
		<COLOR>#a89097</COLOR>
		<COVARIANCE_MATRIX>[[7.264038686116692e-06, 9.023064194479957e-06, 1.130049076891737e-05, 8.771202374191489e-06, 2.7625172151601873e-05, 1.9621475075837225e-05], [9.023064194479957e-06, 2.3149725166149437e-05, 2.5873448976199143e-05, 1.7467014913563617e-05, 6.187488907016814e-05, 4.45741243311204e-05], [1.130049076891737e-05, 2.5873448976199143e-05, 3.5265540645923465e-05, 1.790352507669013e-05, 7.339630246860906e-05, 5.4466432629851624e-05], [8.771202374191489e-06, 1.7467014913563617e-05, 1.790352507669013e-05, 0.0001569614396430552, 0.00012311326281633228, 6.498485163319856e-05], [2.7625172151601873e-05, 6.187488907016814e-05, 7.339630246860906e-05, 0.00012311326281633228, 0.00023129023611545563, 0.00014905973512213677], [1.9621475075837225e-05, 4.45741243311204e-05, 5.4466432629851624e-05, 6.498485163319856e-05, 0.00014905973512213677, 0.00011053473281208426]]</COVARIANCE_MATRIX>
		<ROI_SIZE>49</ROI_SIZE>
		<MAX_VALUE>[0.05426847189664841, 0.06099517270922661, 0.061044592410326004, 0.17456531524658203, 0.1527099460363388, 0.09073562920093536]</MAX_VALUE>
		<MIN_VALUE>[0.0435829721391201, 0.04187198728322983, 0.04223869740962982, 0.12754665315151215, 0.09000405669212341, 0.053473036736249924]</MIN_VALUE>
		<SIGNATURE_THRESHOLD_MD>0.0</SIGNATURE_THRESHOLD_MD>
		<SIGNATURE_THRESHOLD_ML>0.0</SIGNATURE_THRESHOLD_ML>
		<SIGNATURE_THRESHOLD_SAM>0.0</SIGNATURE_THRESHOLD_SAM>
	</signature>
	<signature ID="20180510_210214373000_914">
		<MACROCLASSID>4</MACROCLASSID>
		<MACROCLASSINFO>builtup</MACROCLASSINFO>
		<CLASSID>49</CLASSID>
		<CLASSINFO>C 1</CLASSINFO>
		<VALUES>[0.06672912254524989, 0.005041052548702001, 0.07197010117620904, 0.00630385763240293, 0.07931561435981575, 0.008240476447209925, 0.16939843267337235, 0.012502998939998528, 0.16303210742603053, 0.008845820094712608, 0.1275767122660826, 0.010326185131428512]</VALUES>
		<LCS_MIN>[0.05426847189664841, 0.06099517270922661, 0.058358047157526016, 0.13426361978054047, 0.14406085014343262, 0.11247215420007706]</LCS_MIN>
		<LCS_MAX>[0.08785147219896317, 0.09924154728651047, 0.10940264165401459, 0.18799923360347748, 0.18730631470680237, 0.15905039012432098]</LCS_MAX>
		<WAVELENGTH>[0.485, 0.56, 0.66, 0.83, 1.65, 2.215]</WAVELENGTH>
		<MEAN_VALUE>[0.06672912254524989, 0.07197010117620904, 0.07931561435981575, 0.16939843267337235, 0.16303210742603053, 0.1275767122660826]</MEAN_VALUE>
		<CHECKBOX>2</CHECKBOX>
		<SD>[0.005041052548702001, 0.00630385763240293, 0.008240476447209925, 0.012502998939998528, 0.008845820094712608, 0.010326185131428512]</SD>
		<WAVELENGTH_UNIT>E-6m</WAVELENGTH_UNIT>
		<COLOR>#8e0fa6</COLOR>
		<COVARIANCE_MATRIX>[[2.5527720936224796e-05, 2.7865458832820877e-05, 3.672596358228475e-05, -1.1502826055220794e-05, 1.7060829122783616e-05, 2.8287407985772006e-05], [2.7865458832820877e-05, 3.99192504119128e-05, 4.8009354941314086e-05, -5.12001588504063e-06, 2.537897671572864e-05, 3.730712705873884e-05], [3.672596358228475e-05, 4.8009354941314086e-05, 6.821411079727113e-05, -1.610526851436589e-05, 3.609662962844595e-05, 5.4264175560092553e-05], [-1.1502826055220794e-05, -5.12001588504063e-06, -1.610526851436589e-05, 0.00015703555254731327, 2.6574656658340245e-05, -1.7973243302549236e-05], [1.7060829122783616e-05, 2.537897671572864e-05, 3.609662962844595e-05, 2.6574656658340245e-05, 7.860420737415552e-05, 7.096468470990658e-05], [2.8287407985772006e-05, 3.730712705873884e-05, 5.4264175560092553e-05, -1.7973243302549236e-05, 7.096468470990658e-05, 0.00010711477807490155]]</COVARIANCE_MATRIX>
		<ROI_SIZE>221</ROI_SIZE>
		<MAX_VALUE>[0.08785147219896317, 0.09924154728651047, 0.10940264165401459, 0.18799923360347748, 0.18730631470680237, 0.15905039012432098]</MAX_VALUE>
		<MIN_VALUE>[0.05426847189664841, 0.06099517270922661, 0.058358047157526016, 0.13426361978054047, 0.14406085014343262, 0.11247215420007706]</MIN_VALUE>
		<SIGNATURE_THRESHOLD_MD>0.0</SIGNATURE_THRESHOLD_MD>
		<SIGNATURE_THRESHOLD_ML>0.0</SIGNATURE_THRESHOLD_ML>
		<SIGNATURE_THRESHOLD_SAM>0.0</SIGNATURE_THRESHOLD_SAM>
	</signature>
	<signature ID="20180511_203339799000_976">
		<MACROCLASSID>2</MACROCLASSID>
		<MACROCLASSINFO>vegetation</MACROCLASSINFO>
		<CLASSID>93</CLASSID>
		<CLASSINFO>C 1</CLASSINFO>
		<VALUES>[0.05468413630771525, 0.0030854459068281564, 0.06309004813572612, 0.006020335874560612, 0.056680518084428665, 0.006872745875580104, 0.28014446913916186, 0.02204631525223827, 0.17129736705005458, 0.01572921627546151, 0.09092515668538807, 0.010367197643084964]</VALUES>
		<LCS_MIN>[0.04816247522830963, 0.048246387392282486, 0.04223869740962982, 0.24509331583976746, 0.13324952125549316, 0.06278868764638901]</LCS_MIN>
		<LCS_MAX>[0.06648046523332596, 0.0769311785697937, 0.0771639347076416, 0.3290552496910095, 0.19595538079738617, 0.11557736992835999]</LCS_MAX>
		<WAVELENGTH>[0.485, 0.56, 0.66, 0.83, 1.65, 2.215]</WAVELENGTH>
		<MEAN_VALUE>[0.05468413630771525, 0.06309004813572612, 0.056680518084428665, 0.28014446913916186, 0.17129736705005458, 0.09092515668538807]</MEAN_VALUE>
		<CHECKBOX>2</CHECKBOX>
		<SD>[0.0030854459068281564, 0.006020335874560612, 0.006872745875580104, 0.02204631525223827, 0.01572921627546151, 0.010367197643084964]</SD>
		<WAVELENGTH_UNIT>E-6m</WAVELENGTH_UNIT>
		<COLOR>#3d21b1</COLOR>
		<COVARIANCE_MATRIX>[[9.564881993226594e-06, 1.4225777345141215e-05, 1.6833862685407285e-05, 9.955404504529331e-06, 3.060031785822887e-05, 2.0938321787449987e-05], [1.4225777345141215e-05, 3.641540840121259e-05, 3.479230079611178e-05, 4.220422155902978e-05, 6.207390765392218e-05, 3.592101596074437e-05], [1.6833862685407285e-05, 3.479230079611178e-05, 4.745744075648402e-05, -1.0184532162833827e-06, 6.694950619589652e-05, 5.053087362294273e-05], [9.955404504529331e-06, 4.220422155902978e-05, -1.0184532162833827e-06, 0.0004883326577869284, 0.00017899827533725965, 3.351596876658858e-05], [3.060031785822887e-05, 6.207390765392218e-05, 6.694950619589652e-05, 0.00017899827533725965, 0.0002485752646621311, 0.0001293219476598827], [2.0938321787449987e-05, 3.592101596074437e-05, 5.053087362294273e-05, 3.351596876658858e-05, 0.0001293219476598827, 0.00010798576238102599]]</COVARIANCE_MATRIX>
		<ROI_SIZE>213</ROI_SIZE>
		<MAX_VALUE>[0.06648046523332596, 0.0769311785697937, 0.0771639347076416, 0.3290552496910095, 0.19595538079738617, 0.11557736992835999]</MAX_VALUE>
		<MIN_VALUE>[0.04816247522830963, 0.048246387392282486, 0.04223869740962982, 0.24509331583976746, 0.13324952125549316, 0.06278868764638901]</MIN_VALUE>
		<SIGNATURE_THRESHOLD_MD>0.0</SIGNATURE_THRESHOLD_MD>
		<SIGNATURE_THRESHOLD_ML>0.0</SIGNATURE_THRESHOLD_ML>
		<SIGNATURE_THRESHOLD_SAM>0.0</SIGNATURE_THRESHOLD_SAM>
	</signature>
	<signature ID="20180511_203527661000_404">
		<MACROCLASSID>2</MACROCLASSID>
		<MACROCLASSINFO>vegetation</MACROCLASSINFO>
		<CLASSID>102</CLASSID>
		<CLASSINFO>C 1</CLASSINFO>
		<VALUES>[0.05674767731986146, 0.004586848481945787, 0.06397893636467611, 0.006855909374392873, 0.05971084458502473, 0.009681888502413886, 0.24066299157785181, 0.023759196756184636, 0.15211187472157442, 0.016366597904224286, 0.08813694410078918, 0.015509002894756662]</VALUES>
		<LCS_MIN>[0.04816247522830963, 0.048246387392282486, 0.04223869740962982, 0.2047916054725647, 0.11811359226703644, 0.056578248739242554]</LCS_MIN>
		<LCS_MAX>[0.06953345239162445, 0.08649276196956635, 0.09059673547744751, 0.2954704761505127, 0.19163084030151367, 0.14352431893348694]</LCS_MAX>
