<?xml version="1.0" ?>
<signaturelist MCID_LIST="[['1', 'waterbody', '#000000'], ['2', 'vegetation', '#000000'], ['3', 'bareland', '#000000'], ['4', 'built-up', '#000000']]">
	<signature ID="20211221_104324701844_792">
		<MACROCLASSID>1</MACROCLASSID>
		<MACROCLASSINFO>waterbody</MACROCLASSINFO>
		<CLASSID>1</CLASSID>
		<CLASSINFO>C 1</CLASSINFO>
		<VALUES>[0.09766826328680862, 0.0013810441262624346, 0.09063385898161767, 0.00244147418047193, 0.07892462479142186, 0.002901031719876, 0.027989057465344327, 0.002010178136702006, 0.013506232282957893, 0.0021212897695071283, 0.009345428118404801, 0.0015729210111169905]</VALUES>
		<LCS_MIN>[0.09409966319799423, 0.08140259236097336, 0.07025527209043503, 0.018352286890149117, 0.006280552130192518, 0.003480134066194296]</LCS_MIN>
		<LCS_MAX>[0.1008424311876297, 0.09564941376447678, 0.08580715209245682, 0.03746584430336952, 0.02262088656425476, 0.01642189919948578]</LCS_MAX>
		<WAVELENGTH>[0.48, 0.56, 0.655, 0.865, 1.61, 2.2]</WAVELENGTH>
		<MEAN_VALUE>[0.09766826328680862, 0.09063385898161767, 0.07892462479142186, 0.027989057465344327, 0.013506232282957893, 0.009345428118404801]</MEAN_VALUE>
		<CHECKBOX>2</CHECKBOX>
		<SD>[0.0013810441262624346, 0.00244147418047193, 0.002901031719876, 0.002010178136702006, 0.0021212897695071283, 0.0015729210111169905]</SD>
		<WAVELENGTH_UNIT>E-6m</WAVELENGTH_UNIT>
		<COLOR>#148352</COLOR>
		<COVARIANCE_MATRIX>[[1.911465516575891e-06, 3.2842833448176657e-06, 3.789942304470352e-06, 7.185033684677641e-07, 8.54225881709266e-07, 6.361273069645705e-07], [3.2842833448176657e-06, 5.973868095345154e-06, 6.817514318203278e-06, 1.0493107092098552e-06, 1.3293511606637378e-06, 9.87764335058339e-07], [3.789942304470352e-06, 6.817514318203278e-06, 8.434441147270007e-06, 1.7461111349581474e-06, 2.0235235293349743e-06, 1.4727869367614957e-06], [7.185033684677641e-07, 1.0493107092098552e-06, 1.7461111349581474e-06, 4.049677580181055e-06, 3.298081092809504e-06, 2.5047683551970218e-06], [8.54225881709266e-07, 1.3293511606637378e-06, 2.0235235293349743e-06, 3.298081092809504e-06, 4.5097384228081855e-06, 3.0433994988048457e-06], [6.361273069645705e-07, 9.87764335058339e-07, 1.4727869367614957e-06, 2.5047683551970218e-06, 3.0433994988048457e-06, 2.4795061223606896e-06]]</COVARIANCE_MATRIX>
		<ROI_SIZE>457</ROI_SIZE>
		<MAX_VALUE>[0.1008424311876297, 0.09564941376447678, 0.08580715209245682, 0.03746584430336952, 0.02262088656425476, 0.01642189919948578]</MAX_VALUE>
		<MIN_VALUE>[0.09409966319799423, 0.08140259236097336, 0.07025527209043503, 0.018352286890149117, 0.006280552130192518, 0.003480134066194296]</MIN_VALUE>
		<SIGNATURE_THRESHOLD_MD>0</SIGNATURE_THRESHOLD_MD>
		<SIGNATURE_THRESHOLD_ML>0</SIGNATURE_THRESHOLD_ML>
		<SIGNATURE_THRESHOLD_SAM>0</SIGNATURE_THRESHOLD_SAM>
	</signature>
	<signature ID="20211221_104332934085_466">
		<MACROCLASSID>1</MACROCLASSID>
		<MACROCLASSINFO>waterbody</MACROCLASSINFO>
		<CLASSID>2</CLASSID>
		<CLASSINFO>C 1</CLASSINFO>
		<VALUES>[0.0832132576209194, 0.0015529178308610208, 0.06237986249138207, 0.002860679570329602, 0.038746517881513155, 0.0030109893500166497, 0.02078499050516264, 0.005501556427331511, 0.011420558112793754, 0.005308722959246304, 0.007817045974049091, 0.003740540745845874]</VALUES>
		<LCS_MIN>[0.07775931805372238, 0.050162915140390396, 0.03319724276661873, 0.014219621196389198, 0.005247391294687986, 0.004540490452200174]</LCS_MIN>
		<LCS_MAX>[0.09293054789304733, 0.07841183990240097, 0.0640018954873085, 0.05535593628883362, 0.05086982250213623, 0.03711239993572235]</LCS_MAX>
		<WAVELENGTH>[0.48, 0.56, 0.655, 0.865, 1.61, 2.2]</WAVELENGTH>
		<MEAN_VALUE>[0.0832132576209194, 0.06237986249138207, 0.038746517881513155, 0.02078499050516264, 0.011420558112793754, 0.007817045974049091]</MEAN_VALUE>
		<CHECKBOX>2</CHECKBOX>
		<SD>[0.0015529178308610208, 0.002860679570329602, 0.0030109893500166497, 0.005501556427331511, 0.005308722959246304, 0.003740540745845874]</SD>
		<WAVELENGTH_UNIT>E-6m</WAVELENGTH_UNIT>
		<COLOR>#06a554</COLOR>
		<COVARIANCE_MATRIX>[[2.5469310957384344e-06, 4.6148794519198995e-06, 4.416991232589715e-06, 4.358696013813657e-06, 4.151264463226842e-06, 3.0571861955624745e-06], [4.6148794519198995e-06, 9.395912965746238e-06, 8.289902713739635e-06, 6.48737159134227e-06, 6.01544143666466e-06, 4.658868166242681e-06], [4.416991232589715e-06, 8.289902713739635e-06, 1.2293598303280468e-05, 1.7850450437753032e-05, 1.6784755372908145e-05, 1.1151168828067915e-05], [4.358696013813657e-06, 6.48737159134227e-06, 1.7850450437753032e-05, 3.8058252897950595e-05, 3.4899814927643974e-05, 2.2441805705686756e-05], [4.151264463226842e-06, 6.01544143666466e-06, 1.6784755372908145e-05, 3.4899814927643974e-05, 3.3817929773819884e-05, 2.2268068730328528e-05], [3.0571861955624745e-06, 4.658868166242681e-06, 1.1151168828067915e-05, 2.2441805705686756e-05, 2.2268068730328528e-05, 1.5746106880512644e-05]]</COVARIANCE_MATRIX>
		<ROI_SIZE>2512</ROI_SIZE>
		<MAX_VALUE>[0.09293054789304733, 0.07841183990240097, 0.0640018954873085, 0.05535593628883362, 0.05086982250213623, 0.03711239993572235]</MAX_VALUE>
		<MIN_VALUE>[0.07775931805372238, 0.050162915140390396, 0.03319724276661873, 0.014219621196389198, 0.005247391294687986, 0.004540490452200174]</MIN_VALUE>
		<SIGNATURE_THRESHOLD_MD>0</SIGNATURE_THRESHOLD_MD>
		<SIGNATURE_THRESHOLD_ML>0</SIGNATURE_THRESHOLD_ML>
		<SIGNATURE_THRESHOLD_SAM>0</SIGNATURE_THRESHOLD_SAM>
	</signature>
	<signature ID="20211221_104340628108_914">
		<MACROCLASSID>1</MACROCLASSID>
		<MACROCLASSINFO>waterbody</MACROCLASSINFO>
		<CLASSID>3</CLASSID>
		<CLASSINFO>C 1</CLASSINFO>
		<VALUES>[0.07698388073137168, 0.00037148625467010486, 0.0495495874288814, 0.0006579388807842955, 0.03040643799351448, 0.0007484504482057332, 0.014940591064432275, 0.0012502887914546726, 0.005982848534260359, 0.0012781241163276108, 0.00413107919494983, 0.0009669105696050205]</VALUES>
		<LCS_MIN>[0.07618238776922226, 0.04847722128033638, 0.02895582839846611, 0.012180473655462265, 0.004513295367360115, 0.0033441889099776745]</LCS_MIN>
		<LCS_MAX>[0.08458366245031357, 0.06604105234146118, 0.05070669576525688, 0.04885787144303322, 0.04486115276813507, 0.029227718710899353]</LCS_MAX>
		<WAVELENGTH>[0.48, 0.56, 0.655, 0.865, 1.61, 2.2]</WAVELENGTH>
		<MEAN_VALUE>[0.07698388073137168, 0.0495495874288814, 0.03040643799351448, 0.014940591064432275, 0.005982848534260359, 0.00413107919494983]</MEAN_VALUE>
		<CHECKBOX>2</CHECKBOX>
		<SD>[0.00037148625467010486, 0.0006579388807842955, 0.0007484504482057332, 0.0012502887914546726, 0.0012781241163276108, 0.0009669105696050205]</SD>
		<WAVELENGTH_UNIT>E-6m</WAVELENGTH_UNIT>
		<COLOR>#e8654c</COLOR>
		<COVARIANCE_MATRIX>[[1.435640862309643e-07, 1.8809035623764288e-07, 2.123754067285193e-07, 2.9417961200459243e-07, 2.4087500395353543e-07, 1.811389571387508e-07], [1.8809035623764288e-07, 5.035985743922423e-07, 4.775496906932853e-07, 7.020195464169776e-07, 6.374331447348642e-07, 4.675498668705487e-07], [2.123754067285193e-07, 4.775496906932853e-07, 5.914169078354664e-07, 8.558460610139534e-07, 7.728000136031726e-07, 5.788166682278821e-07], [2.9417961200459243e-07, 7.020195464169776e-07, 8.558460610139534e-07, 1.6148713956911396e-06, 1.3702989254515328e-06, 1.0434136824756663e-06], [2.4087500395353543e-07, 6.374331447348642e-07, 7.728000136031726e-07, 1.3702989254515328e-06, 1.4447978083881268e-06, 1.031607271940013e-06], [1.811389571387508e-07, 4.675498668705487e-07, 5.788166682278821e-07, 1.0434136824756663e-06, 1.031607271940013e-06, 8.138754820533886e-07]]</COVARIANCE_MATRIX>
		<ROI_SIZE>10156</ROI_SIZE>
		<MAX_VALUE>[0.08458366245031357, 0.06604105234146118, 0.05070669576525688, 0.04885787144303322, 0.04486115276813507, 0.029227718710899353]</MAX_VALUE>
		<MIN_VALUE>[0.07618238776922226, 0.04847722128033638, 0.02895582839846611, 0.012180473655462265, 0.004513295367360115, 0.0033441889099776745]</MIN_VALUE>
		<SIGNATURE_THRESHOLD_MD>0</SIGNATURE_THRESHOLD_MD>
		<SIGNATURE_THRESHOLD_ML>0</SIGNATURE_THRESHOLD_ML>
		<SIGNATURE_THRESHOLD_SAM>0</SIGNATURE_THRESHOLD_SAM>
	</signature>
	<signature ID="20211221_104344129633_534">
		<MACROCLASSID>1</MACROCLASSID>
		<MACROCLASSINFO>waterbody</MACROCLASSINFO>
		<CLASSID>4</CLASSID>
		<CLASSINFO>C 1</CLASSINFO>
		<VALUES>[0.07724131523418547, 0.0005666791891196672, 0.05078447534714063, 0.0012415645274924906, 0.031005425032742426, 0.001459452208380648, 0.015306045548267007, 0.0018321022758469177, 0.006454163531130706, 0.002112842502054554, 0.004504666249990822, 0.001594102418084491]</VALUES>
		<LCS_MIN>[0.07607363164424896, 0.04904818534851074, 0.029173338785767555, 0.010195706970989704, 0.0022566476836800575, 0.0033985688351094723]</LCS_MIN>
		<LCS_MAX>[0.08659561723470688, 0.07270224392414093, 0.06046738103032112, 0.05451309680938721, 0.044752392917871475, 0.03575296700000763]</LCS_MAX>
		<WAVELENGTH>[0.48, 0.56, 0.655, 0.865, 1.61, 2.2]</WAVELENGTH>
		<MEAN_VALUE>[0.07724131523418547, 0.05078447534714063, 0.031005425032742426, 0.015306045548267007, 0.006454163531130706, 0.004504666249990822]</MEAN_VALUE>
		<CHECKBOX>2</CHECKBOX>
		<SD>[0.0005666791891196672, 0.0012415645274924906, 0.001459452208380648, 0.0018321022758469177, 0.002112842502054554, 0.001594102418084491]</SD>
		<WAVELENGTH_UNIT>E-6m</WAVELENGTH_UNIT>
		<COLOR>#ea6c5e</COLOR>
		<COVARIANCE_MATRIX>[[2.338625230686719e-07, 3.7079861131659424e-07, 4.2901553644951887e-07, 4.906237835144561e-07, 5.553512087886499e-07, 4.258559206123761e-07], [3.7079861131659424e-07, 1.0210959325768905e-06, 1.0717982606250384e-06, 1.1471081963662313e-06, 1.3525889642794992e-06, 1.024698416624488e-06], [4.2901553644951887e-07, 1.0717982606250384e-06, 1.3448822962302803e-06, 1.4218053024011496e-06, 1.6597680662083896e-06, 1.2460999185150324e-06], [4.906237835144561e-07, 1.1471081963662313e-06, 1.4218053024011496e-06, 2.0713858428172744e-06, 2.1262714213455618e-06, 1.6833426849445413e-06], [5.553512087886499e-07, 1.3525889642794992e-06, 1.6597680662083896e-06, 2.1262714213455618e-06, 2.750508011215976e-06, 1.9866486319030554e-06], [4.258559206123761e-07, 1.024698416624488e-06, 1.2460999185150324e-06, 1.6833426849445413e-06, 1.9866486319030554e-06, 1.5834524456067402e-06]]</COVARIANCE_MATRIX>
		<ROI_SIZE>10044</ROI_SIZE>
		<MAX_VALUE>[0.08659561723470688, 0.07270224392414093, 0.06046738103032112, 0.05451309680938721, 0.044752392917871475, 0.03575296700000763]</MAX_VALUE>
		<MIN_VALUE>[0.07607363164424896, 0.04904818534851074, 0.029173338785767555, 0.010195706970989704, 0.0022566476836800575, 0.0033985688351094723]</MIN_VALUE>
		<SIGNATURE_THRESHOLD_MD>0</SIGNATURE_THRESHOLD_MD>
		<SIGNATURE_THRESHOLD_ML>0</SIGNATURE_THRESHOLD_ML>
		<SIGNATURE_THRESHOLD_SAM>0</SIGNATURE_THRESHOLD_SAM>
	</signature>
	<signature ID="20211221_104349869813_548">
		<MACROCLASSID>1</MACROCLASSID>
		<MACROCLASSINFO>waterbody</MACROCLASSINFO>
		<CLASSID>5</CLASSID>
		<CLASSINFO>C 1</CLASSINFO>
		<VALUES>[0.07829932298424648, 0.0014712230580391221, 0.05165866946642717, 0.0025199109895935705, 0.03389772125483715, 0.0033401035459312317, 0.02084865880003851, 0.006028860925968073, 0.012039033172637699, 0.005747851583393086, 0.008755327542420727, 0.004211714552474207]</VALUES>
		<LCS_MIN>[0.07547547668218613, 0.047063421458005905, 0.02854800410568714, 0.011555138044059277, 0.005029880907386541, 0.004757990594953299]</LCS_MIN>
		<LCS_MAX>[0.09260428696870804, 0.07566581666469574, 0.06188120320439339, 0.056307531893253326, 0.04703623428940773, 0.042577311396598816]</LCS_MAX>
		<WAVELENGTH>[0.48, 0.56, 0.655, 0.865, 1.61, 2.2]</WAVELENGTH>
		<MEAN_VALUE>[0.07829932298424648, 0.05165866946642717, 0.03389772125483715, 0.02084865880003851, 0.012039033172637699, 0.008755327542420727]</MEAN_VALUE>
		<CHECKBOX>2</CHECKBOX>
		<SD>[0.0014712230580391221, 0.0025199109895935705, 0.0033401035459312317, 0.006028860925968073, 0.005747851583393086, 0.004211714552474207]</SD>
		<WAVELENGTH_UNIT>E-6m</WAVELENGTH_UNIT>
		<COLOR>#917f69</COLOR>
		<COVARIANCE_MATRIX>[[2.2986430526068184e-06, 3.278673092248451e-06, 4.810989602591026e-06, 7.722650932932232e-06, 7.205818695621884e-06, 5.607311193493887e-06], [3.278673092248451e-06, 6.613473753006447e-06, 7.676598726005718e-06, 1.2928292090914304e-05, 1.2634679359105878e-05, 9.157908011440098e-06], [4.810989602591026e-06, 7.676598726005718e-06, 1.1701457135283527e-05, 1.8930492583530307e-05, 1.8509342095880617e-05, 1.3454722380287185e-05], [7.722650932932232e-06, 1.2928292090914304e-05, 1.8930492583530307e-05, 3.7049431734232434e-05, 3.162065399141875e-05, 2.4292185803734242e-05], [7.205818695621884e-06, 1.2634679359105878e-05, 1.8509342095880617e-05, 3.162065399141875e-05, 3.3526534571476166e-05, 2.3206347056106314e-05], [5.607311193493887e-06, 9.157908011440098e-06, 1.3454722380287185e-05, 2.4292185803734242e-05, 2.3206347056106314e-05, 1.8267989390588165e-05]]</COVARIANCE_MATRIX>
		<ROI_SIZE>2081</ROI_SIZE>
		<MAX_VALUE>[0.09260428696870804, 0.07566581666469574, 0.06188120320439339, 0.056307531893253326, 0.04703623428940773, 0.042577311396598816]</MAX_VALUE>
		<MIN_VALUE>[0.07547547668218613, 0.047063421458005905, 0.02854800410568714, 0.011555138044059277, 0.005029880907386541, 0.004757990594953299]</MIN_VALUE>
		<SIGNATURE_THRESHOLD_MD>0</SIGNATURE_THRESHOLD_MD>
		<SIGNATURE_THRESHOLD_ML>0</SIGNATURE_THRESHOLD_ML>
		<SIGNATURE_THRESHOLD_SAM>0</SIGNATURE_THRESHOLD_SAM>
	</signature>
	<signature ID="20211221_104420058912_480">
		<MACROCLASSID>1</MACROCLASSID>
		<MACROCLASSINFO>waterbody</MACROCLASSINFO>
		<CLASSID>6</CLASSID>
		<CLASSINFO>C 1</CLASSINFO>
		<VALUES>[0.09549197770895497, 0.003254502265946516, 0.08211432181058394, 0.005469354368196144, 0.07360517269661349, 0.007260957823912329, 0.041085004115537276, 0.014096363467013808, 0.02336550622637714, 0.01271883746101735, 0.018453144055280472, 0.010055022680267428]</VALUES>
		<LCS_MIN>[0.08980386704206467, 0.07221285253763199, 0.061174292117357254, 0.023980317637324333, 0.008482829667627811, 0.007204963359981775]</LCS_MIN>
		<LCS_MAX>[0.10541009902954102, 0.0944531112909317, 0.0920061394572258, 0.07232161611318588, 0.051332030445337296, 0.0424957349896431]</LCS_MAX>
		<WAVELENGTH>[0.48, 0.56, 0.655, 0.865, 1.61, 2.2]</WAVELENGTH>
		<MEAN_VALUE>[0.09549197770895497, 0.08211432181058394, 0.07360517269661349, 0.041085004115537276, 0.02336550622637714, 0.018453144055280472]</MEAN_VALUE>
		<CHECKBOX>2</CHECKBOX>
		<SD>[0.003254502265946516, 0.005469354368196144, 0.007260957823912329, 0.014096363467013808, 0.01271883746101735, 0.010055022680267428]</SD>
		<WAVELENGTH_UNIT>E-6m</WAVELENGTH_UNIT>
		<COLOR>#97879c</COLOR>
		<COVARIANCE_MATRIX>[[1.0765420818707552e-05, 1.6451120446783192e-05, 2.1797900483299697e-05, 2.478580714987313e-05, 3.0274279801062214e-05, 2.589490259425878e-05], [1.6451120446783192e-05, 3.040422797875706e-05, 3.829694088353405e-05, 3.190692374546981e-05, 4.213221597705539e-05, 3.634257424763249e-05], [2.1797900483299697e-05, 3.829694088353405e-05, 5.358579554556225e-05, 6.623517779163002e-05, 7.329280446406087e-05, 5.885306744728241e-05], [2.478580714987313e-05, 3.190692374546981e-05, 6.623517779163002e-05, 0.00020196496238750848, 0.00016953940781755234, 0.0001254469448934338], [3.0274279801062214e-05, 4.213221597705539e-05, 7.329280446406087e-05, 0.00016953940781755234, 0.00016442077433288942, 0.0001238868082036913], [2.589490259425878e-05, 3.634257424763249e-05, 5.885306744728241e-05, 0.0001254469448934338, 0.0001238868082036913, 0.0001027609152170972]]</COVARIANCE_MATRIX>
		<ROI_SIZE>62</ROI_SIZE>
		<MAX_VALUE>[0.10541009902954102, 0.0944531112909317, 0.0920061394572258, 0.07232161611318588, 0.051332030445337296, 0.0424957349896431]</MAX_VALUE>
		<MIN_VALUE>[0.08980386704206467, 0.07221285253763199, 0.061174292117357254, 0.023980317637324333, 0.008482829667627811, 0.007204963359981775]</MIN_VALUE>
		<SIGNATURE_THRESHOLD_MD>0</SIGNATURE_THRESHOLD_MD>
		<SIGNATURE_THRESHOLD_ML>0</SIGNATURE_THRESHOLD_ML>
		<SIGNATURE_THRESHOLD_SAM>0</SIGNATURE_THRESHOLD_SAM>
	</signature>
	<signature ID="20211221_104426240548_164">
		<MACROCLASSID>1</MACROCLASSID>
		<MACROCLASSINFO>waterbody</MACROCLASSINFO>
		<CLASSID>7</CLASSID>
		<CLASSINFO>C 1</CLASSINFO>
		<VALUES>[0.10696859471499919, 0.009415669956754627, 0.09468858183494634, 0.008839056664965981, 0.09181436044829232, 0.011675815670494798, 0.07632221331420752, 0.023138312662261407, 0.06068635442560273, 0.024572923372204673, 0.04876658930775842, 0.019740584917375494]</VALUES>
		<LCS_MIN>[0.09331119805574417, 0.07928188145160675, 0.06960275024175644, 0.02974429540336132, 0.01829790696501732, 0.014872142113745213]</LCS_MIN>
		<LCS_MAX>[0.13004295527935028, 0.11952096968889236, 0.11957535892724991, 0.1124519407749176, 0.09662818908691406, 0.07876531034708023]</LCS_MAX>
		<WAVELENGTH>[0.48, 0.56, 0.655, 0.865, 1.61, 2.2]</WAVELENGTH>
		<MEAN_VALUE>[0.10696859471499919, 0.09468858183494634, 0.09181436044829232, 0.07632221331420752, 0.06068635442560273, 0.04876658930775842]</MEAN_VALUE>
		<CHECKBOX>2</CHECKBOX>
		<SD>[0.009415669956754627, 0.008839056664965981, 0.011675815670494798, 0.023138312662261407, 0.024572923372204673, 0.019740584917375494]</SD>
		<WAVELENGTH_UNIT>E-6m</WAVELENGTH_UNIT>
		<COLOR>#0db52c</COLOR>
		<COVARIANCE_MATRIX>[[9.026674692970491e-05, 8.193442976143872e-05, 0.00010565656304167531, 0.00016986661523737525, 0.000180876110304985, 0.00015304806669222943], [8.193442976143872e-05, 7.954944859423365e-05, 0.00010225269842034498, 0.00015725188156431194, 0.00017992850138676784, 0.00015069397834381962], [0.00010565656304167531, 0.00010225269842034498, 0.0001388033019635787, 0.0002389520816440662, 0.00026316953264910446, 0.00021715113779748635], [0.00016986661523737525, 0.00015725188156431194, 0.0002389520816440662, 0.0005451157221812315, 0.0005305097695675933, 0.0004321131454376265], [0.000180876110304985, 0.00017992850138676784, 0.00026316953264910446, 0.0005305097695675933, 0.00061480726420272, 0.0004869643709309276], [0.00015304806669222943, 0.00015069397834381962, 0.00021715113779748635, 0.0004321131454376265, 0.0004869643709309276, 0.0003967759782052057]]</COVARIANCE_MATRIX>
		<ROI_SIZE>56</ROI_SIZE>
		<MAX_VALUE>[0.13004295527935028, 0.11952096968889236, 0.11957535892724991, 0.1124519407749176, 0.09662818908691406, 0.07876531034708023]</MAX_VALUE>
		<MIN_VALUE>[0.09331119805574417, 0.07928188145160675, 0.06960275024175644, 0.02974429540336132, 0.01829790696501732, 0.014872142113745213]</MIN_VALUE>
		<SIGNATURE_THRESHOLD_MD>0</SIGNATURE_THRESHOLD_MD>
		<SIGNATURE_THRESHOLD_ML>0</SIGNATURE_THRESHOLD_ML>
		<SIGNATURE_THRESHOLD_SAM>0</SIGNATURE_THRESHOLD_SAM>
	</signature>
	<signature ID="20211221_104437440689_273">
		<MACROCLASSID>1</MACROCLASSID>
		<MACROCLASSINFO>waterbody</MACROCLASSINFO>
		<CLASSID>8</CLASSID>
		<CLASSINFO>C 1</CLASSINFO>
		<VALUES>[0.09407109854527326, 0.001898258538004989, 0.08803648475104339, 0.003848527351837019, 0.07088767296637377, 0.003909200066139883, 0.03027322417738619, 0.009089715141171238, 0.015749844776339346, 0.008392388057365543, 0.011600238871442861, 0.006281618409610242]</VALUES>
		<LCS_MIN>[0.0870034322142601, 0.0700649544596672, 0.06068490073084831, 0.019711708649992943, 0.007313723675906658, 0.006117422133684158]</LCS_MIN>
		<LCS_MAX>[0.10130463540554047, 0.09578535705804825, 0.09059233218431473, 0.06364844739437103, 0.04885787144303322, 0.038825273513793945]</LCS_MAX>
		<WAVELENGTH>[0.48, 0.56, 0.655, 0.865, 1.61, 2.2]</WAVELENGTH>
		<MEAN_VALUE>[0.09407109854527326, 0.08803648475104339, 0.07088767296637377, 0.03027322417738619, 0.015749844776339346, 0.011600238871442861]</MEAN_VALUE>
		<CHECKBOX>2</CHECKBOX>
		<SD>[0.001898258538004989, 0.003848527351837019, 0.003909200066139883, 0.009089715141171238, 0.008392388057365543, 0.006281618409610242]</SD>
		<WAVELENGTH_UNIT>E-6m</WAVELENGTH_UNIT>
		<COLOR>#10f5fe</COLOR>
		<COVARIANCE_MATRIX>[[3.6087396902992487e-06, 5.104031273307807e-06, 6.801148495778863e-06, 4.195113470181206e-06, 6.433868074741735e-06, 5.2938256171558415e-06], [5.104031273307807e-06, 1.4833170449127135e-05, 8.549539743955607e-06, -1.0447114915582143e-05, -1.6078609184509694e-06, -5.427910114668428e-07], [6.801148495778863e-06, 8.549539743955607e-06, 1.5304552207861537e-05, 1.4224522968851075e-05, 1.67565863734707e-05, 1.2777073278199084e-05], [4.195113470181206e-06, -1.0447114915582143e-05, 1.4224522968851075e-05, 8.274568943284954e-05, 6.815511780005679e-05, 5.125176369286436e-05], [6.433868074741735e-06, -1.6078609184509694e-06, 1.67565863734707e-05, 6.815511780005679e-05, 7.053683135787155e-05, 5.068749851578684e-05], [5.2938256171558415e-06, -5.427910114668428e-07, 1.2777073278199084e-05, 5.125176369286436e-05, 5.068749851578684e-05, 3.951736094327666e-05]]</COVARIANCE_MATRIX>
		<ROI_SIZE>674</ROI_SIZE>
		<MAX_VALUE>[0.10130463540554047, 0.09578535705804825, 0.09059233218431473, 0.06364844739437103, 0.04885787144303322, 0.038825273513793945]</MAX_VALUE>
		<MIN_VALUE>[0.0870034322142601, 0.0700649544596672, 0.06068490073084831, 0.019711708649992943, 0.007313723675906658, 0.006117422133684158]</MIN_VALUE>
		<SIGNATURE_THRESHOLD_MD>0</SIGNATURE_THRESHOLD_MD>
		<SIGNATURE_THRESHOLD_ML>0</SIGNATURE_THRESHOLD_ML>
		<SIGNATURE_THRESHOLD_SAM>0</SIGNATURE_THRESHOLD_SAM>
	</signature>
	<signature ID="20211221_104442921023_764">
		<MACROCLASSID>1</MACROCLASSID>
		<MACROCLASSINFO>waterbody</MACROCLASSINFO>
		<CLASSID>9</CLASSID>
		<CLASSINFO>C 1</CLASSINFO>
		<VALUES>[0.09271783038448836, 0.005992430124755708, 0.08105577234693663, 0.01237867149704068, 0.06682177950050121, 0.012400867392905603, 0.03522754835626136, 0.010794411153593276, 0.022217482526541796, 0.010164369412382798, 0.014712698650382324, 0.00595895510087196]</VALUES>
		<LCS_MIN>[0.0783846527338028, 0.05035322904586792, 0.037520233541727066, 0.022892776876688004, 0.005519271362572908, 0.004404545295983553]</LCS_MIN>
		<LCS_MAX>[0.10260967910289764, 0.09752541780471802, 0.08768315613269806, 0.06799863278865814, 0.054594654589891434, 0.03879809007048607]</LCS_MAX>
		<WAVELENGTH>[0.48, 0.56, 0.655, 0.865, 1.61, 2.2]</WAVELENGTH>
		<MEAN_VALUE>[0.09271783038448836, 0.08105577234693663, 0.06682177950050121, 0.03522754835626136, 0.022217482526541796, 0.014712698650382324]</MEAN_VALUE>
		<CHECKBOX>2</CHECKBOX>
		<SD>[0.005992430124755708, 0.01237867149704068, 0.012400867392905603, 0.010794411153593276, 0.010164369412382798, 0.00595895510087196]</SD>
		<WAVELENGTH_UNIT>E-6m</WAVELENGTH_UNIT>
		<COLOR>#d92189</COLOR>
		<COVARIANCE_MATRIX>[[3.600679819899292e-05, 7.20113260470086e-05, 7.359480870873029e-05, -2.343378070935531e-06, -9.746773833460588e-06, -6.684923495021953e-06], [7.20113260470086e-05, 0.00015364789799912425, 0.00014829821988285167, -1.5226398374830478e-05, -3.147290232616242e-05, -2.0581991244719856e-05], [7.359480870873029e-05, 0.00014829821988285167, 0.00015419939664017003, 5.752710489868027e-06, -1.0785785274840182e-05, -9.363447162094053e-06], [-2.343378070935531e-06, -1.5226398374830478e-05, 5.752710489868027e-06, 0.00011683594071845162, 9.966532494519613e-05, 5.716394866350045e-05], [-9.746773833460588e-06, -3.147290232616242e-05, -1.0785785274840182e-05, 9.966532494519613e-05, 0.00010359515121864218, 5.6786053682885165e-05], [-6.684923495021953e-06, -2.0581991244719856e-05, -9.363447162094053e-06, 5.716394866350045e-05, 5.6786053682885165e-05, 3.5605638138485713e-05]]</COVARIANCE_MATRIX>
		<ROI_SIZE>369</ROI_SIZE>
		<MAX_VALUE>[0.10260967910289764, 0.09752541780471802, 0.08768315613269806, 0.06799863278865814, 0.054594654589891434, 0.03879809007048607]</MAX_VALUE>
		<MIN_VALUE>[0.0783846527338028, 0.05035322904586792, 0.037520233541727066, 0.022892776876688004, 0.005519271362572908, 0.004404545295983553]</MIN_VALUE>
		<SIGNATURE_THRESHOLD_MD>0</SIGNATURE_THRESHOLD_MD>
		<SIGNATURE_THRESHOLD_ML>0</SIGNATURE_THRESHOLD_ML>
		<SIGNATURE_THRESHOLD_SAM>0</SIGNATURE_THRESHOLD_SAM>
	</signature>
	<signature ID="20211221_104453608045_372">
		<MACROCLASSID>1</MACROCLASSID>
		<MACROCLASSINFO>waterbody</MACROCLASSINFO>
		<CLASSID>10</CLASSID>
		<CLASSINFO>C 1</CLASSINFO>
		<VALUES>[0.09752914115048536, 0.0021814825478745983, 0.09539283284659372, 0.0037533698421441655, 0.06789637640176636, 0.005709472293085788, 0.023795536727554856, 0.006711300884199283, 0.010923841159685041, 0.005458735654153637, 0.007839957455563908, 0.003994467221724019]</VALUES>
		<LCS_MIN>[0.08471960574388504, 0.06848802417516708, 0.05019009858369827, 0.015388728119432926, 0.006498062517493963, 0.004241414833813906]</LCS_MIN>
		<LCS_MAX>[0.10589950531721115, 0.10992341488599777, 0.09464342892169952, 0.05957017466425896, 0.04437174275517464, 0.03885247930884361]</LCS_MAX>
		<WAVELENGTH>[0.48, 0.56, 0.655, 0.865, 1.61, 2.2]</WAVELENGTH>
		<MEAN_VALUE>[0.09752914115048536, 0.09539283284659372, 0.06789637640176636, 0.023795536727554856, 0.010923841159685041, 0.007839957455563908]</MEAN_VALUE>
		<CHECKBOX>2</CHECKBOX>
		<SD>[0.0021814825478745983, 0.0037533698421441655, 0.005709472293085788, 0.006711300884199283, 0.005458735654153637, 0.003994467221724019]</SD>
		<WAVELENGTH_UNIT>E-6m</WAVELENGTH_UNIT>
		<COLOR>#5ab09a</COLOR>
		<COVARIANCE_MATRIX>[[5.900491928392209e-06, 5.570222421349036e-06, 8.692337359737335e-06, -5.42014140771795e-07, -1.3730096982646892e-06, -1.0079308160632557e-06], [5.570222421349036e-06, 1.3138511424484115e-05, 1.752434072367602e-05, 1.9098678570585985e-06, -1.4918803439873819e-06, -9.372605867893988e-07], [8.692337359737335e-06, 1.752434072367602e-05, 2.8431493023097292e-05, 1.0765298865101774e-05, 4.188764190145642e-06, 3.1204504062420586e-06], [-5.42014140771795e-07, 1.9098678570585985e-06, 1.0765298865101774e-05, 3.953643890383408e-05, 2.9580577407069716e-05, 2.0297482037555077e-05], [-1.3730096982646892e-06, -1.4918803439873819e-06, 4.188764190145642e-06, 2.9580577407069716e-05, 2.577057529019361e-05, 1.8181885816583826e-05], [-1.0079308160632557e-06, -9.372605867893988e-07, 3.1204504062420586e-06, 2.0297482037555077e-05, 1.8181885816583826e-05, 1.3746429394305921e-05]]</COVARIANCE_MATRIX>
		<ROI_SIZE>3409</ROI_SIZE>
		<MAX_VALUE>[0.10589950531721115, 0.10992341488599777, 0.09464342892169952, 0.05957017466425896, 0.04437174275517464, 0.03885247930884361]</MAX_VALUE>
		<MIN_VALUE>[0.08471960574388504, 0.06848802417516708, 0.05019009858369827, 0.015388728119432926, 0.006498062517493963, 0.004241414833813906]</MIN_VALUE>
		<SIGNATURE_THRESHOLD_MD>0</SIGNATURE_THRESHOLD_MD>
		<SIGNATURE_THRESHOLD_ML>0</SIGNATURE_THRESHOLD_ML>
		<SIGNATURE_THRESHOLD_SAM>0</SIGNATURE_THRESHOLD_SAM>
	</signature>
	<signature ID="20211221_104457498816_595">
		<MACROCLASSID>1</MACROCLASSID>
		<MACROCLASSINFO>waterbody</MACROCLASSINFO>
		<CLASSID>11</CLASSID>
		<CLASSINFO>C 1</CLASSINFO>
		<VALUES>[0.07938326659876582, 0.0026000470835479085, 0.05698560999792583, 0.004691802772053994, 0.034267694147779665, 0.0037492995017423805, 0.018269514606448545, 0.005340570298365616, 0.009290405053933961, 0.004424924502610458, 0.006565816873910321, 0.003250258569712865]</VALUES>
		<LCS_MIN>[0.07661741226911545, 0.05212049558758736, 0.030940596014261246, 0.013213645666837692, 0.004676425363868475, 0.0024469627533107996]</LCS_MIN>
		<LCS_MAX>[0.09293054789304733, 0.08142977952957153, 0.06169086694717407, 0.05595408380031586, 0.04434455558657646, 0.03501889109611511]</LCS_MAX>
		<WAVELENGTH>[0.48, 0.56, 0.655, 0.865, 1.61, 2.2]</WAVELENGTH>
		<MEAN_VALUE>[0.07938326659876582, 0.05698560999792583, 0.034267694147779665, 0.018269514606448545, 0.009290405053933961, 0.006565816873910321]</MEAN_VALUE>
		<CHECKBOX>2</CHECKBOX>
		<SD>[0.0026000470835479085, 0.004691802772053994, 0.0037492995017423805, 0.005340570298365616, 0.004424924502610458, 0.003250258569712865]</SD>
		<WAVELENGTH_UNIT>E-6m</WAVELENGTH_UNIT>
		<COLOR>#0af34f</COLOR>
		<COVARIANCE_MATRIX>[[5.2187112309082836e-06, 9.031839399668185e-06, 7.033564748972729e-06, 7.851589076604773e-06, 6.9238032111110574e-06, 5.050215107332002e-06], [9.031839399668185e-06, 1.6254750705595795e-05, 1.2673019807880539e-05, 1.4225972362924403e-05, 1.2547607862080309e-05, 9.196458825317375e-06], [7.033564748972729e-06, 1.2673019807880539e-05, 1.1445443199792312e-05, 1.5658699123053318e-05, 1.3778483748267666e-05, 1.0034433924610837e-05], [7.851589076604773e-06, 1.4225972362924403e-05, 1.5658699123053318e-05, 3.104872212332337e-05, 2.6123251194925226e-05, 1.860880689200514e-05], [6.9238032111110574e-06, 1.2547607862080309e-05, 1.3778483748267666e-05, 2.6123251194925226e-05, 2.4129964176541462e-05, 1.7480246632659566e-05], [5.050215107332002e-06, 9.196458825317375e-06, 1.0034433924610837e-05, 1.860880689200514e-05, 1.7480246632659566e-05, 1.332347606241872e-05]]</COVARIANCE_MATRIX>
		<ROI_SIZE>3941</ROI_SIZE>
		<MAX_VALUE>[0.09293054789304733, 0.08142977952957153, 0.06169086694717407, 0.05595408380031586, 0.04434455558657646, 0.03501889109611511]</MAX_VALUE>
		<MIN_VALUE>[0.07661741226911545, 0.05212049558758736, 0.030940596014261246, 0.013213645666837692, 0.004676425363868475, 0.0024469627533107996]</MIN_VALUE>
		<SIGNATURE_THRESHOLD_MD>0</SIGNATURE_THRESHOLD_MD>
		<SIGNATURE_THRESHOLD_ML>0</SIGNATURE_THRESHOLD_ML>
		<SIGNATURE_THRESHOLD_SAM>0</SIGNATURE_THRESHOLD_SAM>
	</signature>
	<signature ID="20211221_104955905615_143">
		<MACROCLASSID>1</MACROCLASSID>
		<MACROCLASSINFO>waterbody</MACROCLASSINFO>
		<CLASSID>12</CLASSID>
		<CLASSINFO>C 1</CLASSINFO>
		<VALUES>[0.07879344148250107, 0.002357215867913715, 0.055777987199452525, 0.005170816478629562, 0.034904746861451466, 0.0048964880476804465, 0.020463054865322045, 0.006343733993847406, 0.012519735612706428, 0.0059209534293016034, 0.009175598229570623, 0.004621788055276515]</VALUES>
		<LCS_MIN>[0.07585612684488297, 0.051413584500551224, 0.030695900321006775, 0.012615494430065155, 0.006362117361277342, 0.001087541226297617]</LCS_MIN>
		<LCS_MAX>[0.0916798785328865, 0.08488273620605469, 0.06729172170162201, 0.055682193487882614, 0.047280918806791306, 0.043175458908081055]</LCS_MAX>
		<WAVELENGTH>[0.48, 0.56, 0.655, 0.865, 1.61, 2.2]</WAVELENGTH>
		<MEAN_VALUE>[0.07879344148250107, 0.055777987199452525, 0.034904746861451466, 0.020463054865322045, 0.012519735612706428, 0.009175598229570623]</MEAN_VALUE>
		<CHECKBOX>2</CHECKBOX>
		<SD>[0.002357215867913715, 0.005170816478629562, 0.0048964880476804465, 0.006343733993847406, 0.0059209534293016034, 0.004621788055276515]</SD>
		<WAVELENGTH_UNIT>E-6m</WAVELENGTH_UNIT>
		<COLOR>#5d7363</COLOR>
		<COVARIANCE_MATRIX>[[8.382742573268755e-06, 1.8307742480162214e-05, 1.6791145953896544e-05, 8.348124459956881e-06, 6.781704328485608e-06, 4.919239407167885e-06], [1.8307742480162214e-05, 4.1225673121751256e-05, 3.726888071126251e-05, 1.717647326609217e-05, 1.3425159085672193e-05, 9.746003017157121e-06], [1.6791145953896544e-05, 3.726888071126251e-05, 3.566039024651654e-05, 1.944060081738335e-05, 1.5936804184591007e-05, 1.1608814389419384e-05], [8.348124459956881e-06, 1.717647326609217e-05, 1.944060081738335e-05, 3.106868344467603e-05, 2.6698338175969853e-05, 1.9381689931699838e-05], [6.781704328485608e-06, 1.3425159085672193e-05, 1.5936804184591007e-05, 2.6698338175969853e-05, 2.6840320362079106e-05, 2.0035647818759306e-05], [4.919239407167885e-06, 9.746003017157121e-06, 1.1608814389419384e-05, 1.9381689931699838e-05, 2.0035647818759306e-05, 1.5882927828790602e-05]]</COVARIANCE_MATRIX>
		<ROI_SIZE>3866</ROI_SIZE>
		<MAX_VALUE>[0.0916798785328865, 0.08488273620605469, 0.06729172170162201, 0.055682193487882614, 0.047280918806791306, 0.043175458908081055]</MAX_VALUE>
		<MIN_VALUE>[0.07585612684488297, 0.051413584500551224, 0.030695900321006775, 0.012615494430065155, 0.006362117361277342, 0.001087541226297617]</MIN_VALUE>
		<SIGNATURE_THRESHOLD_MD>0</SIGNATURE_THRESHOLD_MD>
		<SIGNATURE_THRESHOLD_ML>0</SIGNATURE_THRESHOLD_ML>
		<SIGNATURE_THRESHOLD_SAM>0</SIGNATURE_THRESHOLD_SAM>
	</signature>
	<signature ID="20211221_105006937138_189">
		<MACROCLASSID>1</MACROCLASSID>
		<MACROCLASSINFO>waterbody</MACROCLASSINFO>
		<CLASSID>13</CLASSID>
		<CLASSINFO>C 1</CLASSINFO>
		<VALUES>[0.08498950790275227, 0.003666972912339134, 0.06561789356849408, 0.0052593693260652085, 0.047384244745427906, 0.008218043209804866, 0.037388243424621485, 0.013943796934562732, 0.03175872330638496, 0.01406628375142104, 0.027651765248314905, 0.012178820138349346]</VALUES>
		<LCS_MIN>[0.07887404412031174, 0.05657942220568657, 0.03265347331762314, 0.016748160123825073, 0.012914570048451424, 0.011256063356995583]</LCS_MIN>
		<LCS_MAX>[0.09290336072444916, 0.07871091365814209, 0.06503506749868393, 0.06990182399749756, 0.06242496147751808, 0.05543750897049904]</LCS_MAX>
		<WAVELENGTH>[0.48, 0.56, 0.655, 0.865, 1.61, 2.2]</WAVELENGTH>
		<MEAN_VALUE>[0.08498950790275227, 0.06561789356849408, 0.047384244745427906, 0.037388243424621485, 0.03175872330638496, 0.027651765248314905]</MEAN_VALUE>
		<CHECKBOX>2</CHECKBOX>
		<SD>[0.003666972912339134, 0.0052593693260652085, 0.008218043209804866, 0.013943796934562732, 0.01406628375142104, 0.012178820138349346]</SD>
		<WAVELENGTH_UNIT>E-6m</WAVELENGTH_UNIT>
		<COLOR>#86f599</COLOR>
		<COVARIANCE_MATRIX>[[1.3695703123899875e-05, 1.872396177088057e-05, 3.0266747622101337e-05, 4.7989051188708834e-05, 4.9728922324000054e-05, 4.158859203092168e-05], [1.872396177088057e-05, 2.817320581365852e-05, 4.221691294338899e-05, 6.759541778056139e-05, 6.82694876613381e-05, 5.9021957401987526e-05], [3.0266747622101337e-05, 4.221691294338899e-05, 6.87869052018906e-05, 0.00010700174611704071, 0.0001085119217151882, 8.991581028782789e-05], [4.7989051188708834e-05, 6.759541778056139e-05, 0.00010700174611704071, 0.0001980300187477345, 0.00019157937564420733, 0.00015492766071140723], [4.9728922324000054e-05, 6.82694876613381e-05, 0.0001085119217151882, 0.00019157937564420733, 0.00020152441891948224, 0.00016867295947322185], [4.158859203092168e-05, 5.9021957401987526e-05, 8.991581028782789e-05, 0.00015492766071140723, 0.00016867295947322185, 0.00015107039440600916]]</COVARIANCE_MATRIX>
		<ROI_SIZE>55</ROI_SIZE>
		<MAX_VALUE>[0.09290336072444916, 0.07871091365814209, 0.06503506749868393, 0.06990182399749756, 0.06242496147751808, 0.05543750897049904]</MAX_VALUE>
		<MIN_VALUE>[0.07887404412031174, 0.05657942220568657, 0.03265347331762314, 0.016748160123825073, 0.012914570048451424, 0.011256063356995583]</MIN_VALUE>
		<SIGNATURE_THRESHOLD_MD>0</SIGNATURE_THRESHOLD_MD>
		<SIGNATURE_THRESHOLD_ML>0</SIGNATURE_THRESHOLD_ML>
		<SIGNATURE_THRESHOLD_SAM>0</SIGNATURE_THRESHOLD_SAM>
	</signature>
	<signature ID="20211221_105014386918_775">
		<MACROCLASSID>1</MACROCLASSID>
		<MACROCLASSINFO>waterbody</MACROCLASSINFO>
		<CLASSID>14</CLASSID>
		<CLASSINFO>C 1</CLASSINFO>
		<VALUES>[0.08797094141537287, 0.004198867272720435, 0.06828231020074971, 0.0066778619556423675, 0.05611259954155616, 0.008819060429336086, 0.05631112718497808, 0.017387828864942424, 0.05349582880032512, 0.018469985511116758, 0.04469493657069385, 0.015548712288293066]</VALUES>
		<LCS_MIN>[0.07868373394012451, 0.05671536549925804, 0.03931468725204468, 0.02359967678785324, 0.017726950347423553, 0.016585029661655426]</LCS_MIN>
		<LCS_MAX>[0.09790604561567307, 0.0832786038517952, 0.07441512495279312, 0.08926008641719818, 0.08833567798137665, 0.07104373723268509]</LCS_MAX>
		<WAVELENGTH>[0.48, 0.56, 0.655, 0.865, 1.61, 2.2]</WAVELENGTH>
		<MEAN_VALUE>[0.08797094141537287, 0.06828231020074971, 0.05611259954155616, 0.05631112718497808, 0.05349582880032512, 0.04469493657069385]</MEAN_VALUE>
		<CHECKBOX>2</CHECKBOX>
		<SD>[0.004198867272720435, 0.0066778619556423675, 0.008819060429336086, 0.017387828864942424, 0.018469985511116758, 0.015548712288293066]</SD>
		<WAVELENGTH_UNIT>E-6m</WAVELENGTH_UNIT>
		<COLOR>#9e8694</COLOR>
		<COVARIANCE_MATRIX>[[1.796953418880587e-05, 2.4510009239324313e-05, 3.0996240139847914e-05, 5.2498039865769856e-05, 6.114835539555621e-05, 5.6904540329660324e-05], [2.4510009239324313e-05, 4.5451414150512186e-05, 5.5409915101098384e-05, 7.892370794146496e-05, 9.081576950216888e-05, 8.613009521563738e-05], [3.0996240139847914e-05, 5.5409915101098384e-05, 7.9271515834287e-05, 0.00013301135183624302, 0.0001444357153287781, 0.00012156823588549369], [5.2498039865769856e-05, 7.892370794146496e-05, 0.00013301135183624302, 0.0003081507578795349, 0.0003101205007160937, 0.0002406653988156386], [6.114835539555621e-05, 9.081576950216888e-05, 0.0001444357153287781, 0.0003101205007160937, 0.00034770075641126413, 0.0002799552063808142], [5.6904540329660324e-05, 8.613009521563738e-05, 0.00012156823588549369, 0.0002406653988156386, 0.0002799552063808142, 0.00024641173178227186]]</COVARIANCE_MATRIX>
		<ROI_SIZE>53</ROI_SIZE>
		<MAX_VALUE>[0.09790604561567307, 0.0832786038517952, 0.07441512495279312, 0.08926008641719818, 0.08833567798137665, 0.07104373723268509]</MAX_VALUE>
		<MIN_VALUE>[0.07868373394012451, 0.05671536549925804, 0.03931468725204468, 0.02359967678785324, 0.017726950347423553, 0.016585029661655426]</MIN_VALUE>
		<SIGNATURE_THRESHOLD_MD>0</SIGNATURE_THRESHOLD_MD>
		<SIGNATURE_THRESHOLD_ML>0</SIGNATURE_THRESHOLD_ML>
		<SIGNATURE_THRESHOLD_SAM>0</SIGNATURE_THRESHOLD_SAM>
	</signature>
	<signature ID="20211221_105038073951_968">
		<MACROCLASSID>1</MACROCLASSID>
		<MACROCLASSINFO>waterbody</MACROCLASSINFO>
		<CLASSID>15</CLASSID>
		<CLASSINFO>C 1</CLASSINFO>
		<VALUES>[0.09858577362462584, 0.008478058665734438, 0.08743632453329427, 0.011456019814175262, 0.07766389810279303, 0.017192447046309563, 0.07127937904613858, 0.03016655261058723, 0.06703476206052537, 0.03178128012185908, 0.058489552352066154, 0.027063792271632393]</VALUES>
		<LCS_MIN>[0.08632372319698334, 0.07079905271530151, 0.05280020087957382, 0.02414344809949398, 0.01867854595184326, 0.015633422881364822]</LCS_MIN>
		<LCS_MAX>[0.11506204307079315, 0.1136210560798645, 0.10932525992393494, 0.13991239666938782, 0.12966232001781464, 0.11650305241346359]</LCS_MAX>
		<WAVELENGTH>[0.48, 0.56, 0.655, 0.865, 1.61, 2.2]</WAVELENGTH>
		<MEAN_VALUE>[0.09858577362462584, 0.08743632453329427, 0.07766389810279303, 0.07127937904613858, 0.06703476206052537, 0.058489552352066154]</MEAN_VALUE>
		<CHECKBOX>2</CHECKBOX>
		<SD>[0.008478058665734438, 0.011456019814175262, 0.017192447046309563, 0.03016655261058723, 0.03178128012185908, 0.027063792271632393]</SD>
		<WAVELENGTH_UNIT>E-6m</WAVELENGTH_UNIT>
		<COLOR>#0af835</COLOR>
		<COVARIANCE_MATRIX>[[7.331502831442754e-05, 9.434579943879635e-05, 0.00014793086555945842, 0.00024247532416448264, 0.0002551769433036509, 0.0002142534452557129], [9.434579943879635e-05, 0.00013386519778243165, 0.00019148437411915472, 0.00031660614803086544, 0.0003321915525526611, 0.0002954616873774993], [0.00014793086555945842, 0.00019148437411915472, 0.0003014918401489614, 0.0004941812400293976, 0.0005202045357544071, 0.00043529641882528863], [0.00024247532416448264, 0.00031660614803086544, 0.0004941812400293976, 0.0009282213143354738, 0.0009651626718412975, 0.0008032036295387141], [0.0002551769433036509, 0.0003321915525526611, 0.0005202045357544071, 0.0009651626718412975, 0.0010302507615077567, 0.000854855972381961], [0.0002142534452557129, 0.0002954616873774993, 0.00043529641882528863, 0.0008032036295387141, 0.000854855972381961, 0.000747097829164511]]</COVARIANCE_MATRIX>
		<ROI_SIZE>51</ROI_SIZE>
		<MAX_VALUE>[0.11506204307079315, 0.1136210560798645, 0.10932525992393494, 0.13991239666938782, 0.12966232001781464, 0.11650305241346359]</MAX_VALUE>
		<MIN_VALUE>[0.08632372319698334, 0.07079905271530151, 0.05280020087957382, 0.02414344809949398, 0.01867854595184326, 0.015633422881364822]</MIN_VALUE>
		<SIGNATURE_THRESHOLD_MD>0</SIGNATURE_THRESHOLD_MD>
		<SIGNATURE_THRESHOLD_ML>0</SIGNATURE_THRESHOLD_ML>
		<SIGNATURE_THRESHOLD_SAM>0</SIGNATURE_THRESHOLD_SAM>
	</signature>
	<signature ID="20211221_105044821181_689">
		<MACROCLASSID>1</MACROCLASSID>
		<MACROCLASSINFO>waterbody</MACROCLASSINFO>
		<CLASSID>16</CLASSID>
		<CLASSINFO>C 1</CLASSINFO>
		<VALUES>[0.09501408927048308, 0.003306159535623701, 0.09065290304678905, 0.005220550694560502, 0.06839784899655778, 0.00791692599372588, 0.03673589154134822, 0.0105566070158726, 0.02749143136500182, 0.010210260613439751, 0.023910454757323004, 0.009783192766413304]</VALUES>
