<?xml version="1.0" ?>
<signaturelist MCID_LIST="[['1', 'waterbody', '#000000'], ['2', 'vegetation', '#000000'], ['3', 'bareland', '#000000'], ['4', 'built-up', '#000000']]">
	<signature ID="20211221_104324701844_792">
		<MACROCLASSID>1</MACROCLASSID>
		<MACROCLASSINFO>waterbody</MACROCLASSINFO>
		<CLASSID>1</CLASSID>
		<CLASSINFO>C 1</CLASSINFO>
		<VALUES>[0.09766826328680862, 0.0013810441262624346, 0.09063385898161767, 0.00244147418047193, 0.07892462479142186, 0.002901031719876, 0.027989057465344327, 0.002010178136702006, 0.013506232282957893, 0.0021212897695071283, 0.009345428118404801, 0.0015729210111169905]</VALUES>
		<LCS_MIN>[0.09409966319799423, 0.08140259236097336, 0.07025527209043503, 0.018352286890149117, 0.006280552130192518, 0.003480134066194296]</LCS_MIN>
		<LCS_MAX>[0.1008424311876297, 0.09564941376447678, 0.08580715209245682, 0.03746584430336952, 0.02262088656425476, 0.01642189919948578]</LCS_MAX>
		<WAVELENGTH>[0.48, 0.56, 0.655, 0.865, 1.61, 2.2]</WAVELENGTH>
		<MEAN_VALUE>[0.09766826328680862, 0.09063385898161767, 0.07892462479142186, 0.027989057465344327, 0.013506232282957893, 0.009345428118404801]</MEAN_VALUE>
		<CHECKBOX>2</CHECKBOX>
		<SD>[0.0013810441262624346, 0.00244147418047193, 0.002901031719876, 0.002010178136702006, 0.0021212897695071283, 0.0015729210111169905]</SD>
		<WAVELENGTH_UNIT>E-6m</WAVELENGTH_UNIT>
		<COLOR>#148352</COLOR>
		<COVARIANCE_MATRIX>[[1.911465460580075e-06, 3.28428336615616e-06, 3.789942411458469e-06, 7.18503372354462e-07, 8.542259024579835e-07, 6.361273108268506e-07], [3.28428336615616e-06, 5.973868155706441e-06, 6.8175145315763075e-06, 1.0493107538422919e-06, 1.3293511074152775e-06, 9.87764337878616e-07], [3.789942411458469e-06, 6.8175145315763075e-06, 8.434441042481922e-06, 1.7461111383454408e-06, 2.0235236206644913e-06, 1.4727869483976974e-06], [7.18503372354462e-07, 1.0493107538422919e-06, 1.7461111383454408e-06, 4.04967750000651e-06, 3.2980810829030816e-06, 2.5047684175660834e-06], [8.542259024579835e-07, 1.3293511074152775e-06, 2.0235236206644913e-06, 3.2980810829030816e-06, 4.509738573688082e-06, 3.043399601665442e-06], [6.361273108268506e-07, 9.87764337878616e-07, 1.4727869483976974e-06, 2.5047684175660834e-06, 3.043399601665442e-06, 2.479506065355963e-06]]</COVARIANCE_MATRIX>
		<ROI_SIZE>457</ROI_SIZE>
		<MAX_VALUE>[0.1008424311876297, 0.09564941376447678, 0.08580715209245682, 0.03746584430336952, 0.02262088656425476, 0.01642189919948578]</MAX_VALUE>
		<MIN_VALUE>[0.09409966319799423, 0.08140259236097336, 0.07025527209043503, 0.018352286890149117, 0.006280552130192518, 0.003480134066194296]</MIN_VALUE>
		<SIGNATURE_THRESHOLD_MD>0.0</SIGNATURE_THRESHOLD_MD>
		<SIGNATURE_THRESHOLD_ML>0.0</SIGNATURE_THRESHOLD_ML>
		<SIGNATURE_THRESHOLD_SAM>0.0</SIGNATURE_THRESHOLD_SAM>
	</signature>
	<signature ID="20211221_104332934085_466">
		<MACROCLASSID>1</MACROCLASSID>
		<MACROCLASSINFO>waterbody</MACROCLASSINFO>
		<CLASSID>2</CLASSID>
		<CLASSINFO>C 1</CLASSINFO>
		<VALUES>[0.0832132576209194, 0.0015529178308610208, 0.06237986249138207, 0.002860679570329602, 0.038746517881513155, 0.0030109893500166497, 0.02078499050516264, 0.005501556427331511, 0.011420558112793754, 0.005308722959246304, 0.007817045974049091, 0.003740540745845874]</VALUES>
		<LCS_MIN>[0.07775931805372238, 0.050162915140390396, 0.03319724276661873, 0.014219621196389198, 0.005247391294687986, 0.004540490452200174]</LCS_MIN>
		<LCS_MAX>[0.09293054789304733, 0.07841183990240097, 0.0640018954873085, 0.05535593628883362, 0.05086982250213623, 0.03711239993572235]</LCS_MAX>
		<WAVELENGTH>[0.48, 0.56, 0.655, 0.865, 1.61, 2.2]</WAVELENGTH>
		<MEAN_VALUE>[0.0832132576209194, 0.06237986249138207, 0.038746517881513155, 0.02078499050516264, 0.011420558112793754, 0.007817045974049091]</MEAN_VALUE>
		<CHECKBOX>2</CHECKBOX>
		<SD>[0.0015529178308610208, 0.002860679570329602, 0.0030109893500166497, 0.005501556427331511, 0.005308722959246304, 0.003740540745845874]</SD>
		<WAVELENGTH_UNIT>E-6m</WAVELENGTH_UNIT>
		<COLOR>#06a554</COLOR>
		<COVARIANCE_MATRIX>[[2.5469310003245482e-06, 4.614879344444489e-06, 4.4169910324853845e-06, 4.358696060080547e-06, 4.151264420215739e-06, 3.057186177102267e-06], [4.614879344444489e-06, 9.395913366461173e-06, 8.289902325486764e-06, 6.487371592811542e-06, 6.0154416132718325e-06, 4.6588679651904386e-06], [4.4169910324853845e-06, 8.289902325486764e-06, 1.229359804710839e-05, 1.785045060387347e-05, 1.678475564403925e-05, 1.115116901928559e-05], [4.358696060080547e-06, 6.487371592811542e-06, 1.785045060387347e-05, 3.8058253267081454e-05, 3.4899814636446536e-05, 2.244180541310925e-05], [4.151264420215739e-06, 6.0154416132718325e-06, 1.678475564403925e-05, 3.4899814636446536e-05, 3.381793067092076e-05, 2.2268068278208375e-05], [3.057186177102267e-06, 4.6588679651904386e-06, 1.115116901928559e-05, 2.244180541310925e-05, 2.2268068278208375e-05, 1.5746107237646356e-05]]</COVARIANCE_MATRIX>
		<ROI_SIZE>2512</ROI_SIZE>
		<MAX_VALUE>[0.09293054789304733, 0.07841183990240097, 0.0640018954873085, 0.05535593628883362, 0.05086982250213623, 0.03711239993572235]</MAX_VALUE>
		<MIN_VALUE>[0.07775931805372238, 0.050162915140390396, 0.03319724276661873, 0.014219621196389198, 0.005247391294687986, 0.004540490452200174]</MIN_VALUE>
		<SIGNATURE_THRESHOLD_MD>0.0</SIGNATURE_THRESHOLD_MD>
		<SIGNATURE_THRESHOLD_ML>0.0</SIGNATURE_THRESHOLD_ML>
		<SIGNATURE_THRESHOLD_SAM>0.0</SIGNATURE_THRESHOLD_SAM>
	</signature>
	<signature ID="20211221_104340628108_914">
		<MACROCLASSID>1</MACROCLASSID>
		<MACROCLASSINFO>waterbody</MACROCLASSINFO>
		<CLASSID>3</CLASSID>
		<CLASSINFO>C 1</CLASSINFO>
		<VALUES>[0.07698388073137168, 0.00037148625467010486, 0.0495495874288814, 0.0006579388807842955, 0.03040643799351448, 0.0007484504482057332, 0.014940591064432275, 0.0012502887914546726, 0.005982848534260359, 0.0012781241163276108, 0.00413107919494983, 0.0009669105696050205]</VALUES>
		<LCS_MIN>[0.07618238776922226, 0.04847722128033638, 0.02895582839846611, 0.012180473655462265, 0.004513295367360115, 0.0033441889099776745]</LCS_MIN>
		<LCS_MAX>[0.08458366245031357, 0.06604105234146118, 0.05070669576525688, 0.04885787144303322, 0.04486115276813507, 0.029227718710899353]</LCS_MAX>
		<WAVELENGTH>[0.48, 0.56, 0.655, 0.865, 1.61, 2.2]</WAVELENGTH>
		<MEAN_VALUE>[0.07698388073137168, 0.0495495874288814, 0.03040643799351448, 0.014940591064432275, 0.005982848534260359, 0.00413107919494983]</MEAN_VALUE>
		<CHECKBOX>2</CHECKBOX>
		<SD>[0.00037148625467010486, 0.0006579388807842955, 0.0007484504482057332, 0.0012502887914546726, 0.0012781241163276108, 0.0009669105696050205]</SD>
		<WAVELENGTH_UNIT>E-6m</WAVELENGTH_UNIT>
		<COLOR>#e8654c</COLOR>
		<COVARIANCE_MATRIX>[[1.435640797353699e-07, 1.880903539586143e-07, 2.1237541147911543e-07, 2.9417961400213244e-07, 2.4087501060421346e-07, 1.8113895805527136e-07], [1.880903539586143e-07, 5.035985850554425e-07, 4.775496904585452e-07, 7.020195198492729e-07, 6.374331178449211e-07, 4.6754985305597074e-07], [2.1237541147911543e-07, 4.775496904585452e-07, 5.914168923482066e-07, 8.558460535823542e-07, 7.728000355200493e-07, 5.788166959064256e-07], [2.9417961400213244e-07, 7.020195198492729e-07, 8.558460535823542e-07, 1.6148713939401205e-06, 1.3702989463126869e-06, 1.043413703882834e-06], [2.4087501060421346e-07, 6.374331178449211e-07, 7.728000355200493e-07, 1.3702989463126869e-06, 1.4447978173848242e-06, 1.0316073257854441e-06], [1.8113895805527136e-07, 4.6754985305597074e-07, 5.788166959064256e-07, 1.043413703882834e-06, 1.0316073257854441e-06, 8.138754878928012e-07]]</COVARIANCE_MATRIX>
		<ROI_SIZE>10156</ROI_SIZE>
		<MAX_VALUE>[0.08458366245031357, 0.06604105234146118, 0.05070669576525688, 0.04885787144303322, 0.04486115276813507, 0.029227718710899353]</MAX_VALUE>
		<MIN_VALUE>[0.07618238776922226, 0.04847722128033638, 0.02895582839846611, 0.012180473655462265, 0.004513295367360115, 0.0033441889099776745]</MIN_VALUE>
		<SIGNATURE_THRESHOLD_MD>0.0</SIGNATURE_THRESHOLD_MD>
		<SIGNATURE_THRESHOLD_ML>0.0</SIGNATURE_THRESHOLD_ML>
		<SIGNATURE_THRESHOLD_SAM>0.0</SIGNATURE_THRESHOLD_SAM>
	</signature>
	<signature ID="20211221_104344129633_534">
		<MACROCLASSID>1</MACROCLASSID>
		<MACROCLASSINFO>waterbody</MACROCLASSINFO>
		<CLASSID>4</CLASSID>
		<CLASSINFO>C 1</CLASSINFO>
		<VALUES>[0.07724131523418547, 0.0005666791891196672, 0.05078447534714063, 0.0012415645274924906, 0.031005425032742426, 0.001459452208380648, 0.015306045548267007, 0.0018321022758469177, 0.006454163531130706, 0.002112842502054554, 0.004504666249990822, 0.001594102418084491]</VALUES>
		<LCS_MIN>[0.07607363164424896, 0.04904818534851074, 0.029173338785767555, 0.010195706970989704, 0.0022566476836800575, 0.0033985688351094723]</LCS_MIN>
		<LCS_MAX>[0.08659561723470688, 0.07270224392414093, 0.06046738103032112, 0.05451309680938721, 0.044752392917871475, 0.03575296700000763]</LCS_MAX>
		<WAVELENGTH>[0.48, 0.56, 0.655, 0.865, 1.61, 2.2]</WAVELENGTH>
		<MEAN_VALUE>[0.07724131523418547, 0.05078447534714063, 0.031005425032742426, 0.015306045548267007, 0.006454163531130706, 0.004504666249990822]</MEAN_VALUE>
		<CHECKBOX>2</CHECKBOX>
		<SD>[0.0005666791891196672, 0.0012415645274924906, 0.001459452208380648, 0.0018321022758469177, 0.002112842502054554, 0.001594102418084491]</SD>
		<WAVELENGTH_UNIT>E-6m</WAVELENGTH_UNIT>
		<COLOR>#ea6c5e</COLOR>
		<COVARIANCE_MATRIX>[[2.3386252223644988e-07, 3.707986024892307e-07, 4.290155288799724e-07, 4.906237904833688e-07, 5.553512210099143e-07, 4.258559158643038e-07], [3.707986024892307e-07, 1.0210959544565412e-06, 1.071798237717303e-06, 1.1471081506897463e-06, 1.3525889244192513e-06, 1.0246984629702638e-06], [4.290155288799724e-07, 1.071798237717303e-06, 1.3448823210637784e-06, 1.4218053365766536e-06, 1.6597680314589525e-06, 1.246099941454304e-06], [4.906237904833688e-07, 1.1471081506897463e-06, 1.4218053365766536e-06, 2.0713857793452917e-06, 2.1262715108605335e-06, 1.6833427025630954e-06], [5.553512210099143e-07, 1.3525889244192513e-06, 1.6597680314589525e-06, 2.1262715108605335e-06, 2.750507974269567e-06, 1.986648612728459e-06], [4.258559158643038e-07, 1.0246984629702638e-06, 1.246099941454304e-06, 1.6833427025630954e-06, 1.986648612728459e-06, 1.5834524447200238e-06]]</COVARIANCE_MATRIX>
		<ROI_SIZE>10044</ROI_SIZE>
		<MAX_VALUE>[0.08659561723470688, 0.07270224392414093, 0.06046738103032112, 0.05451309680938721, 0.044752392917871475, 0.03575296700000763]</MAX_VALUE>
		<MIN_VALUE>[0.07607363164424896, 0.04904818534851074, 0.029173338785767555, 0.010195706970989704, 0.0022566476836800575, 0.0033985688351094723]</MIN_VALUE>
		<SIGNATURE_THRESHOLD_MD>0.0</SIGNATURE_THRESHOLD_MD>
		<SIGNATURE_THRESHOLD_ML>0.0</SIGNATURE_THRESHOLD_ML>
		<SIGNATURE_THRESHOLD_SAM>0.0</SIGNATURE_THRESHOLD_SAM>
	</signature>
	<signature ID="20211221_104349869813_548">
		<MACROCLASSID>1</MACROCLASSID>
		<MACROCLASSINFO>waterbody</MACROCLASSINFO>
		<CLASSID>5</CLASSID>
		<CLASSINFO>C 1</CLASSINFO>
		<VALUES>[0.07829932298424648, 0.0014712230580391221, 0.05165866946642717, 0.0025199109895935705, 0.03389772125483715, 0.0033401035459312317, 0.02084865880003851, 0.006028860925968073, 0.012039033172637699, 0.005747851583393086, 0.008755327542420727, 0.004211714552474207]</VALUES>
		<LCS_MIN>[0.07547547668218613, 0.047063421458005905, 0.02854800410568714, 0.011555138044059277, 0.005029880907386541, 0.004757990594953299]</LCS_MIN>
		<LCS_MAX>[0.09260428696870804, 0.07566581666469574, 0.06188120320439339, 0.056307531893253326, 0.04703623428940773, 0.042577311396598816]</LCS_MAX>
		<WAVELENGTH>[0.48, 0.56, 0.655, 0.865, 1.61, 2.2]</WAVELENGTH>
		<MEAN_VALUE>[0.07829932298424648, 0.05165866946642717, 0.03389772125483715, 0.02084865880003851, 0.012039033172637699, 0.008755327542420727]</MEAN_VALUE>
		<CHECKBOX>2</CHECKBOX>
		<SD>[0.0014712230580391221, 0.0025199109895935705, 0.0033401035459312317, 0.006028860925968073, 0.005747851583393086, 0.004211714552474207]</SD>
		<WAVELENGTH_UNIT>E-6m</WAVELENGTH_UNIT>
		<COLOR>#917f69</COLOR>
		<COVARIANCE_MATRIX>[[2.298643039466697e-06, 3.2786731480882736e-06, 4.810989594261628e-06, 7.722650479990989e-06, 7.20581874702475e-06, 5.6073113228194416e-06], [3.2786731480882736e-06, 6.61347394270706e-06, 7.676599125261419e-06, 1.2928291653224733e-05, 1.2634679478651378e-05, 9.157907697954215e-06], [4.810989594261628e-06, 7.676599125261419e-06, 1.1701456969603896e-05, 1.8930491933133453e-05, 1.850934131653048e-05, 1.3454722648020834e-05], [7.722650479990989e-06, 1.2928291653224733e-05, 1.8930491933133453e-05, 3.70494308299385e-05, 3.1620653317077085e-05, 2.4292185116792098e-05], [7.20581874702475e-06, 1.2634679478651378e-05, 1.850934131653048e-05, 3.1620653317077085e-05, 3.352653584443033e-05, 2.3206346668303013e-05], [5.6073113228194416e-06, 9.157907697954215e-06, 1.3454722648020834e-05, 2.4292185116792098e-05, 2.3206346668303013e-05, 1.8267988707521e-05]]</COVARIANCE_MATRIX>
		<ROI_SIZE>2081</ROI_SIZE>
		<MAX_VALUE>[0.09260428696870804, 0.07566581666469574, 0.06188120320439339, 0.056307531893253326, 0.04703623428940773, 0.042577311396598816]</MAX_VALUE>
		<MIN_VALUE>[0.07547547668218613, 0.047063421458005905, 0.02854800410568714, 0.011555138044059277, 0.005029880907386541, 0.004757990594953299]</MIN_VALUE>
		<SIGNATURE_THRESHOLD_MD>0.0</SIGNATURE_THRESHOLD_MD>
		<SIGNATURE_THRESHOLD_ML>0.0</SIGNATURE_THRESHOLD_ML>
		<SIGNATURE_THRESHOLD_SAM>0.0</SIGNATURE_THRESHOLD_SAM>
	</signature>
	<signature ID="20211221_104420058912_480">
		<MACROCLASSID>1</MACROCLASSID>
		<MACROCLASSINFO>waterbody</MACROCLASSINFO>
		<CLASSID>6</CLASSID>
		<CLASSINFO>C 1</CLASSINFO>
		<VALUES>[0.09549197770895497, 0.003254502265946516, 0.08211432181058394, 0.005469354368196144, 0.07360517269661349, 0.007260957823912329, 0.041085004115537276, 0.014096363467013808, 0.02336550622637714, 0.01271883746101735, 0.018453144055280472, 0.010055022680267428]</VALUES>
		<LCS_MIN>[0.08980386704206467, 0.07221285253763199, 0.061174292117357254, 0.023980317637324333, 0.008482829667627811, 0.007204963359981775]</LCS_MIN>
		<LCS_MAX>[0.10541009902954102, 0.0944531112909317, 0.0920061394572258, 0.07232161611318588, 0.051332030445337296, 0.0424957349896431]</LCS_MAX>
		<WAVELENGTH>[0.48, 0.56, 0.655, 0.865, 1.61, 2.2]</WAVELENGTH>
		<MEAN_VALUE>[0.09549197770895497, 0.08211432181058394, 0.07360517269661349, 0.041085004115537276, 0.02336550622637714, 0.018453144055280472]</MEAN_VALUE>
		<CHECKBOX>2</CHECKBOX>
		<SD>[0.003254502265946516, 0.005469354368196144, 0.007260957823912329, 0.014096363467013808, 0.01271883746101735, 0.010055022680267428]</SD>
		<WAVELENGTH_UNIT>E-6m</WAVELENGTH_UNIT>
		<COLOR>#97879c</COLOR>
		<COVARIANCE_MATRIX>[[1.0765420483949129e-05, 1.6451120245619677e-05, 2.1797901354148053e-05, 2.4785807909211144e-05, 3.0274279197328724e-05, 2.5894902137224562e-05], [1.6451120245619677e-05, 3.040422780031804e-05, 3.829694105661474e-05, 3.1906922231428325e-05, 4.213221473037265e-05, 3.634257518569939e-05], [2.1797901354148053e-05, 3.829694105661474e-05, 5.358579437597655e-05, 6.62351812934503e-05, 7.32928019715473e-05, 5.8853067457675934e-05], [2.4785807909211144e-05, 3.1906922231428325e-05, 6.62351812934503e-05, 0.00020196496916469187, 0.00016953940212260932, 0.00012544693890959024], [3.0274279197328724e-05, 4.213221473037265e-05, 7.32928019715473e-05, 0.00016953940212260932, 0.0001644207804929465, 0.0001238868135260418], [2.5894902137224562e-05, 3.634257518569939e-05, 5.8853067457675934e-05, 0.00012544693890959024, 0.0001238868135260418, 0.00010276091779815033]]</COVARIANCE_MATRIX>
		<ROI_SIZE>62</ROI_SIZE>
		<MAX_VALUE>[0.10541009902954102, 0.0944531112909317, 0.0920061394572258, 0.07232161611318588, 0.051332030445337296, 0.0424957349896431]</MAX_VALUE>
		<MIN_VALUE>[0.08980386704206467, 0.07221285253763199, 0.061174292117357254, 0.023980317637324333, 0.008482829667627811, 0.007204963359981775]</MIN_VALUE>
		<SIGNATURE_THRESHOLD_MD>0.0</SIGNATURE_THRESHOLD_MD>
		<SIGNATURE_THRESHOLD_ML>0.0</SIGNATURE_THRESHOLD_ML>
		<SIGNATURE_THRESHOLD_SAM>0.0</SIGNATURE_THRESHOLD_SAM>
	</signature>
	<signature ID="20211221_104426240548_164">
		<MACROCLASSID>1</MACROCLASSID>
		<MACROCLASSINFO>waterbody</MACROCLASSINFO>
		<CLASSID>7</CLASSID>
		<CLASSINFO>C 1</CLASSINFO>
		<VALUES>[0.10696859471499919, 0.009415669956754627, 0.09468858183494634, 0.008839056664965981, 0.09181436044829232, 0.011675815670494798, 0.07632221331420752, 0.023138312662261407, 0.06068635442560273, 0.024572923372204673, 0.04876658930775842, 0.019740584917375494]</VALUES>
		<LCS_MIN>[0.09331119805574417, 0.07928188145160675, 0.06960275024175644, 0.02974429540336132, 0.01829790696501732, 0.014872142113745213]</LCS_MIN>
		<LCS_MAX>[0.13004295527935028, 0.11952096968889236, 0.11957535892724991, 0.1124519407749176, 0.09662818908691406, 0.07876531034708023]</LCS_MAX>
		<WAVELENGTH>[0.48, 0.56, 0.655, 0.865, 1.61, 2.2]</WAVELENGTH>
		<MEAN_VALUE>[0.10696859471499919, 0.09468858183494634, 0.09181436044829232, 0.07632221331420752, 0.06068635442560273, 0.04876658930775842]</MEAN_VALUE>
		<CHECKBOX>2</CHECKBOX>
		<SD>[0.009415669956754627, 0.008839056664965981, 0.011675815670494798, 0.023138312662261407, 0.024572923372204673, 0.019740584917375494]</SD>
		<WAVELENGTH_UNIT>E-6m</WAVELENGTH_UNIT>
		<COLOR>#0db52c</COLOR>
		<COVARIANCE_MATRIX>[[9.026674524648115e-05, 8.19344277260825e-05, 0.00010565655975369737, 0.00016986661648843437, 0.0001808761153370142, 0.00015304806584026664], [8.19344277260825e-05, 7.954944885568693e-05, 0.00010225269943475723, 0.00015725188131909817, 0.00017992849461734295, 0.00015069397340994328], [0.00010565655975369737, 0.00010225269943475723, 0.00013880329788662493, 0.00023895208141766489, 0.0002631695242598653, 0.00021715114417020231], [0.00016986661648843437, 0.00015725188131909817, 0.00023895208141766489, 0.0005451157339848578, 0.0005305097438395023, 0.00043211315642111003], [0.0001808761153370142, 0.00017992849461734295, 0.0002631695242598653, 0.0005305097438395023, 0.0006148072425276041, 0.0004869643598794937], [0.00015304806584026664, 0.00015069397340994328, 0.00021715114417020231, 0.00043211315642111003, 0.0004869643598794937, 0.00039677598397247493]]</COVARIANCE_MATRIX>
		<ROI_SIZE>56</ROI_SIZE>
		<MAX_VALUE>[0.13004295527935028, 0.11952096968889236, 0.11957535892724991, 0.1124519407749176, 0.09662818908691406, 0.07876531034708023]</MAX_VALUE>
		<MIN_VALUE>[0.09331119805574417, 0.07928188145160675, 0.06960275024175644, 0.02974429540336132, 0.01829790696501732, 0.014872142113745213]</MIN_VALUE>
		<SIGNATURE_THRESHOLD_MD>0.0</SIGNATURE_THRESHOLD_MD>
		<SIGNATURE_THRESHOLD_ML>0.0</SIGNATURE_THRESHOLD_ML>
		<SIGNATURE_THRESHOLD_SAM>0.0</SIGNATURE_THRESHOLD_SAM>
	</signature>
	<signature ID="20211221_104437440689_273">
		<MACROCLASSID>1</MACROCLASSID>
		<MACROCLASSINFO>waterbody</MACROCLASSINFO>
		<CLASSID>8</CLASSID>
		<CLASSINFO>C 1</CLASSINFO>
		<VALUES>[0.09407109854527326, 0.001898258538004989, 0.08803648475104339, 0.003848527351837019, 0.07088767296637377, 0.003909200066139883, 0.03027322417738619, 0.009089715141171238, 0.015749844776339346, 0.008392388057365543, 0.011600238871442861, 0.006281618409610242]</VALUES>
		<LCS_MIN>[0.0870034322142601, 0.0700649544596672, 0.06068490073084831, 0.019711708649992943, 0.007313723675906658, 0.006117422133684158]</LCS_MIN>
		<LCS_MAX>[0.10130463540554047, 0.09578535705804825, 0.09059233218431473, 0.06364844739437103, 0.04885787144303322, 0.038825273513793945]</LCS_MAX>
		<WAVELENGTH>[0.48, 0.56, 0.655, 0.865, 1.61, 2.2]</WAVELENGTH>
		<MEAN_VALUE>[0.09407109854527326, 0.08803648475104339, 0.07088767296637377, 0.03027322417738619, 0.015749844776339346, 0.011600238871442861]</MEAN_VALUE>
		<CHECKBOX>2</CHECKBOX>
		<SD>[0.001898258538004989, 0.003848527351837019, 0.003909200066139883, 0.009089715141171238, 0.008392388057365543, 0.006281618409610242]</SD>
		<WAVELENGTH_UNIT>E-6m</WAVELENGTH_UNIT>
		<COLOR>#10f5fe</COLOR>
		<COVARIANCE_MATRIX>[[3.6087396892980905e-06, 5.1040310609096196e-06, 6.8011486291652545e-06, 4.195113433524966e-06, 6.433868293242995e-06, 5.293825779517647e-06], [5.1040310609096196e-06, 1.4833170098427217e-05, 8.54953941598069e-06, -1.0447114618727937e-05, -1.607860895092017e-06, -5.427909854915924e-07], [6.8011486291652545e-06, 8.54953941598069e-06, 1.530455301690381e-05, 1.4224522601580247e-05, 1.675658677413594e-05, 1.2777073607139755e-05], [4.195113433524966e-06, -1.0447114618727937e-05, 1.4224522601580247e-05, 8.274568972410634e-05, 6.815511733293533e-05, 5.1251765398774296e-05], [6.433868293242995e-06, -1.607860895092017e-06, 1.675658677413594e-05, 6.815511733293533e-05, 7.053682929836214e-05, 5.068750033387914e-05], [5.293825779517647e-06, -5.427909854915924e-07, 1.2777073607139755e-05, 5.1251765398774296e-05, 5.068750033387914e-05, 3.951735925511457e-05]]</COVARIANCE_MATRIX>
		<ROI_SIZE>674</ROI_SIZE>
		<MAX_VALUE>[0.10130463540554047, 0.09578535705804825, 0.09059233218431473, 0.06364844739437103, 0.04885787144303322, 0.038825273513793945]</MAX_VALUE>
		<MIN_VALUE>[0.0870034322142601, 0.0700649544596672, 0.06068490073084831, 0.019711708649992943, 0.007313723675906658, 0.006117422133684158]</MIN_VALUE>
		<SIGNATURE_THRESHOLD_MD>0.0</SIGNATURE_THRESHOLD_MD>
		<SIGNATURE_THRESHOLD_ML>0.0</SIGNATURE_THRESHOLD_ML>
		<SIGNATURE_THRESHOLD_SAM>0.0</SIGNATURE_THRESHOLD_SAM>
	</signature>
	<signature ID="20211221_104442921023_764">
		<MACROCLASSID>1</MACROCLASSID>
		<MACROCLASSINFO>waterbody</MACROCLASSINFO>
		<CLASSID>9</CLASSID>
		<CLASSINFO>C 1</CLASSINFO>
		<VALUES>[0.09271783038448836, 0.005992430124755708, 0.08105577234693663, 0.01237867149704068, 0.06682177950050121, 0.012400867392905603, 0.03522754835626136, 0.010794411153593276, 0.022217482526541796, 0.010164369412382798, 0.014712698650382324, 0.00595895510087196]</VALUES>
		<LCS_MIN>[0.0783846527338028, 0.05035322904586792, 0.037520233541727066, 0.022892776876688004, 0.005519271362572908, 0.004404545295983553]</LCS_MIN>
		<LCS_MAX>[0.10260967910289764, 0.09752541780471802, 0.08768315613269806, 0.06799863278865814, 0.054594654589891434, 0.03879809007048607]</LCS_MAX>
		<WAVELENGTH>[0.48, 0.56, 0.655, 0.865, 1.61, 2.2]</WAVELENGTH>
		<MEAN_VALUE>[0.09271783038448836, 0.08105577234693663, 0.06682177950050121, 0.03522754835626136, 0.022217482526541796, 0.014712698650382324]</MEAN_VALUE>
		<CHECKBOX>2</CHECKBOX>
		<SD>[0.005992430124755708, 0.01237867149704068, 0.012400867392905603, 0.010794411153593276, 0.010164369412382798, 0.00595895510087196]</SD>
		<WAVELENGTH_UNIT>E-6m</WAVELENGTH_UNIT>
		<COLOR>#d92189</COLOR>
		<COVARIANCE_MATRIX>[[3.600679701776244e-05, 7.201132393674925e-05, 7.359480514423922e-05, -2.3433781279891264e-06, -9.746773685037624e-06, -6.68492339173099e-06], [7.201132393674925e-05, 0.00015364789578597993, 0.0001482982188463211, -1.5226398318191059e-05, -3.147290408378467e-05, -2.058199061139021e-05], [7.359480514423922e-05, 0.0001482982188463211, 0.0001541993988212198, 5.752710421802476e-06, -1.0785784979816526e-05, -9.363447134091984e-06], [-2.3433781279891264e-06, -1.5226398318191059e-05, 5.752710421802476e-06, 0.00011683593766065314, 9.966532525140792e-05, 5.7163950259564444e-05], [-9.746773685037624e-06, -3.147290408378467e-05, -1.0785784979816526e-05, 9.966532525140792e-05, 0.00010359514999436215, 5.678605521097779e-05], [-6.68492339173099e-06, -2.058199061139021e-05, -9.363447134091984e-06, 5.7163950259564444e-05, 5.678605521097779e-05, 3.5605637094704434e-05]]</COVARIANCE_MATRIX>
		<ROI_SIZE>369</ROI_SIZE>
		<MAX_VALUE>[0.10260967910289764, 0.09752541780471802, 0.08768315613269806, 0.06799863278865814, 0.054594654589891434, 0.03879809007048607]</MAX_VALUE>
		<MIN_VALUE>[0.0783846527338028, 0.05035322904586792, 0.037520233541727066, 0.022892776876688004, 0.005519271362572908, 0.004404545295983553]</MIN_VALUE>
		<SIGNATURE_THRESHOLD_MD>0.0</SIGNATURE_THRESHOLD_MD>
		<SIGNATURE_THRESHOLD_ML>0.0</SIGNATURE_THRESHOLD_ML>
		<SIGNATURE_THRESHOLD_SAM>0.0</SIGNATURE_THRESHOLD_SAM>
	</signature>
	<signature ID="20211221_104453608045_372">
		<MACROCLASSID>1</MACROCLASSID>
		<MACROCLASSINFO>waterbody</MACROCLASSINFO>
		<CLASSID>10</CLASSID>
		<CLASSINFO>C 1</CLASSINFO>
		<VALUES>[0.09752914115048536, 0.0021814825478745983, 0.09539283284659372, 0.0037533698421441655, 0.06789637640176636, 0.005709472293085788, 0.023795536727554856, 0.006711300884199283, 0.010923841159685041, 0.005458735654153637, 0.007839957455563908, 0.003994467221724019]</VALUES>
		<LCS_MIN>[0.08471960574388504, 0.06848802417516708, 0.05019009858369827, 0.015388728119432926, 0.006498062517493963, 0.004241414833813906]</LCS_MIN>
		<LCS_MAX>[0.10589950531721115, 0.10992341488599777, 0.09464342892169952, 0.05957017466425896, 0.04437174275517464, 0.03885247930884361]</LCS_MAX>
		<WAVELENGTH>[0.48, 0.56, 0.655, 0.865, 1.61, 2.2]</WAVELENGTH>
		<MEAN_VALUE>[0.09752914115048536, 0.09539283284659372, 0.06789637640176636, 0.023795536727554856, 0.010923841159685041, 0.007839957455563908]</MEAN_VALUE>
		<CHECKBOX>2</CHECKBOX>
		<SD>[0.0021814825478745983, 0.0037533698421441655, 0.005709472293085788, 0.006711300884199283, 0.005458735654153637, 0.003994467221724019]</SD>
		<WAVELENGTH_UNIT>E-6m</WAVELENGTH_UNIT>
		<COLOR>#5ab09a</COLOR>
		<COVARIANCE_MATRIX>[[5.900491942156805e-06, 5.5702225836284924e-06, 8.692337360116653e-06, -5.420141633294406e-07, -1.3730096952713211e-06, -1.0079307912747026e-06], [5.5702225836284924e-06, 1.3138511349097826e-05, 1.7524340364616364e-05, 1.909867933136411e-06, -1.4918803117325297e-06, -9.372606086799351e-07], [8.692337360116653e-06, 1.7524340364616364e-05, 2.843149377440568e-05, 1.0765298611659091e-05, 4.1887642510118894e-06, 3.1204504011839163e-06], [-5.420141633294406e-07, 1.909867933136411e-06, 1.0765298611659091e-05, 3.9536440453957766e-05, 2.958057666546665e-05, 2.0297482478781603e-05], [-1.3730096952713211e-06, -1.4918803117325297e-06, 4.1887642510118894e-06, 2.958057666546665e-05, 2.5770576030481607e-05, 1.8181885025114752e-05], [-1.0079307912747026e-06, -9.372606086799351e-07, 3.1204504011839163e-06, 2.0297482478781603e-05, 1.8181885025114752e-05, 1.3746429431193974e-05]]</COVARIANCE_MATRIX>
		<ROI_SIZE>3409</ROI_SIZE>
		<MAX_VALUE>[0.10589950531721115, 0.10992341488599777, 0.09464342892169952, 0.05957017466425896, 0.04437174275517464, 0.03885247930884361]</MAX_VALUE>
		<MIN_VALUE>[0.08471960574388504, 0.06848802417516708, 0.05019009858369827, 0.015388728119432926, 0.006498062517493963, 0.004241414833813906]</MIN_VALUE>
		<SIGNATURE_THRESHOLD_MD>0.0</SIGNATURE_THRESHOLD_MD>
		<SIGNATURE_THRESHOLD_ML>0.0</SIGNATURE_THRESHOLD_ML>
		<SIGNATURE_THRESHOLD_SAM>0.0</SIGNATURE_THRESHOLD_SAM>
	</signature>
	<signature ID="20211221_104457498816_595">
		<MACROCLASSID>1</MACROCLASSID>
		<MACROCLASSINFO>waterbody</MACROCLASSINFO>
		<CLASSID>11</CLASSID>
		<CLASSINFO>C 1</CLASSINFO>
		<VALUES>[0.07938326659876582, 0.0026000470835479085, 0.05698560999792583, 0.004691802772053994, 0.034267694147779665, 0.0037492995017423805, 0.018269514606448545, 0.005340570298365616, 0.009290405053933961, 0.004424924502610458, 0.006565816873910321, 0.003250258569712865]</VALUES>
		<LCS_MIN>[0.07661741226911545, 0.05212049558758736, 0.030940596014261246, 0.013213645666837692, 0.004676425363868475, 0.0024469627533107996]</LCS_MIN>
		<LCS_MAX>[0.09293054789304733, 0.08142977952957153, 0.06169086694717407, 0.05595408380031586, 0.04434455558657646, 0.03501889109611511]</LCS_MAX>
		<WAVELENGTH>[0.48, 0.56, 0.655, 0.865, 1.61, 2.2]</WAVELENGTH>
		<MEAN_VALUE>[0.07938326659876582, 0.05698560999792583, 0.034267694147779665, 0.018269514606448545, 0.009290405053933961, 0.006565816873910321]</MEAN_VALUE>
		<CHECKBOX>2</CHECKBOX>
		<SD>[0.0026000470835479085, 0.004691802772053994, 0.0037492995017423805, 0.005340570298365616, 0.004424924502610458, 0.003250258569712865]</SD>
		<WAVELENGTH_UNIT>E-6m</WAVELENGTH_UNIT>
		<COLOR>#0af34f</COLOR>
		<COVARIANCE_MATRIX>[[5.218711066845572e-06, 9.031838999362662e-06, 7.033564543235116e-06, 7.851588634366635e-06, 6.923803084646352e-06, 5.050214895163663e-06], [9.031838999362662e-06, 1.6254751244559884e-05, 1.2673020137299318e-05, 1.4225972336134873e-05, 1.2547608093882445e-05, 9.196458449878264e-06], [7.033564543235116e-06, 1.2673020137299318e-05, 1.1445443306001835e-05, 1.5658699339837767e-05, 1.3778483662463259e-05, 1.0034434126282576e-05], [7.851588634366635e-06, 1.4225972336134873e-05, 1.5658699339837767e-05, 3.104872303083539e-05, 2.6123250790988095e-05, 1.8608807295095176e-05], [6.923803084646352e-06, 1.2547608093882445e-05, 1.3778483662463259e-05, 2.6123250790988095e-05, 2.412996400380507e-05, 1.748024624248501e-05], [5.050214895163663e-06, 9.196458449878264e-06, 1.0034434126282576e-05, 1.8608807295095176e-05, 1.748024624248501e-05, 1.3323476196092088e-05]]</COVARIANCE_MATRIX>
		<ROI_SIZE>3941</ROI_SIZE>
		<MAX_VALUE>[0.09293054789304733, 0.08142977952957153, 0.06169086694717407, 0.05595408380031586, 0.04434455558657646, 0.03501889109611511]</MAX_VALUE>
		<MIN_VALUE>[0.07661741226911545, 0.05212049558758736, 0.030940596014261246, 0.013213645666837692, 0.004676425363868475, 0.0024469627533107996]</MIN_VALUE>
		<SIGNATURE_THRESHOLD_MD>0.0</SIGNATURE_THRESHOLD_MD>
		<SIGNATURE_THRESHOLD_ML>0.0</SIGNATURE_THRESHOLD_ML>
		<SIGNATURE_THRESHOLD_SAM>0.0</SIGNATURE_THRESHOLD_SAM>
	</signature>
	<signature ID="20211221_104955905615_143">
		<MACROCLASSID>1</MACROCLASSID>
		<MACROCLASSINFO>waterbody</MACROCLASSINFO>
		<CLASSID>12</CLASSID>
		<CLASSINFO>C 1</CLASSINFO>
		<VALUES>[0.07879344148250107, 0.002357215867913715, 0.055777987199452525, 0.005170816478629562, 0.034904746861451466, 0.0048964880476804465, 0.020463054865322045, 0.006343733993847406, 0.012519735612706428, 0.0059209534293016034, 0.009175598229570623, 0.004621788055276515]</VALUES>
		<LCS_MIN>[0.07585612684488297, 0.051413584500551224, 0.030695900321006775, 0.012615494430065155, 0.006362117361277342, 0.001087541226297617]</LCS_MIN>
		<LCS_MAX>[0.0916798785328865, 0.08488273620605469, 0.06729172170162201, 0.055682193487882614, 0.047280918806791306, 0.043175458908081055]</LCS_MAX>
		<WAVELENGTH>[0.48, 0.56, 0.655, 0.865, 1.61, 2.2]</WAVELENGTH>
		<MEAN_VALUE>[0.07879344148250107, 0.055777987199452525, 0.034904746861451466, 0.020463054865322045, 0.012519735612706428, 0.009175598229570623]</MEAN_VALUE>
		<CHECKBOX>2</CHECKBOX>
		<SD>[0.002357215867913715, 0.005170816478629562, 0.0048964880476804465, 0.006343733993847406, 0.0059209534293016034, 0.004621788055276515]</SD>
		<WAVELENGTH_UNIT>E-6m</WAVELENGTH_UNIT>
		<COLOR>#5d7363</COLOR>
		<COVARIANCE_MATRIX>[[8.382742635149043e-06, 1.8307742720935494e-05, 1.6791145753813908e-05, 8.34812453831546e-06, 6.781704541936051e-06, 4.919239472656045e-06], [1.8307742720935494e-05, 4.122567406739108e-05, 3.726888098753989e-05, 1.7176473193103448e-05, 1.3425159522739705e-05, 9.746003343025222e-06], [1.6791145753813908e-05, 3.726888098753989e-05, 3.5660388675751165e-05, 1.9440600226516835e-05, 1.5936804629745893e-05, 1.1608814020291902e-05], [8.34812453831546e-06, 1.7176473193103448e-05, 1.9440600226516835e-05, 3.10686846205499e-05, 2.6698338842834346e-05, 1.93816904356936e-05], [6.781704541936051e-06, 1.3425159522739705e-05, 1.5936804629745893e-05, 2.6698338842834346e-05, 2.6840320060728118e-05, 2.0035648049088195e-05], [4.919239472656045e-06, 9.746003343025222e-06, 1.1608814020291902e-05, 1.93816904356936e-05, 2.0035648049088195e-05, 1.588292798260227e-05]]</COVARIANCE_MATRIX>
		<ROI_SIZE>3866</ROI_SIZE>
		<MAX_VALUE>[0.0916798785328865, 0.08488273620605469, 0.06729172170162201, 0.055682193487882614, 0.047280918806791306, 0.043175458908081055]</MAX_VALUE>
		<MIN_VALUE>[0.07585612684488297, 0.051413584500551224, 0.030695900321006775, 0.012615494430065155, 0.006362117361277342, 0.001087541226297617]</MIN_VALUE>
		<SIGNATURE_THRESHOLD_MD>0.0</SIGNATURE_THRESHOLD_MD>
		<SIGNATURE_THRESHOLD_ML>0.0</SIGNATURE_THRESHOLD_ML>
		<SIGNATURE_THRESHOLD_SAM>0.0</SIGNATURE_THRESHOLD_SAM>
	</signature>
	<signature ID="20211221_105006937138_189">
		<MACROCLASSID>1</MACROCLASSID>
		<MACROCLASSINFO>waterbody</MACROCLASSINFO>
		<CLASSID>13</CLASSID>
		<CLASSINFO>C 1</CLASSINFO>
		<VALUES>[0.08498950790275227, 0.003666972912339134, 0.06561789356849408, 0.0052593693260652085, 0.047384244745427906, 0.008218043209804866, 0.037388243424621485, 0.013943796934562732, 0.03175872330638496, 0.01406628375142104, 0.027651765248314905, 0.012178820138349346]</VALUES>
		<LCS_MIN>[0.07887404412031174, 0.05657942220568657, 0.03265347331762314, 0.016748160123825073, 0.012914570048451424, 0.011256063356995583]</LCS_MIN>
		<LCS_MAX>[0.09290336072444916, 0.07871091365814209, 0.06503506749868393, 0.06990182399749756, 0.06242496147751808, 0.05543750897049904]</LCS_MAX>
		<WAVELENGTH>[0.48, 0.56, 0.655, 0.865, 1.61, 2.2]</WAVELENGTH>
		<MEAN_VALUE>[0.08498950790275227, 0.06561789356849408, 0.047384244745427906, 0.037388243424621485, 0.03175872330638496, 0.027651765248314905]</MEAN_VALUE>
		<CHECKBOX>2</CHECKBOX>
		<SD>[0.003666972912339134, 0.0052593693260652085, 0.008218043209804866, 0.013943796934562732, 0.01406628375142104, 0.012178820138349346]</SD>
		<WAVELENGTH_UNIT>E-6m</WAVELENGTH_UNIT>
		<COLOR>#86f599</COLOR>
		<COVARIANCE_MATRIX>[[1.369570327369729e-05, 1.8723962057265453e-05, 3.026674676220864e-05, 4.798905138159171e-05, 4.972892202204093e-05, 4.158859155722894e-05], [1.8723962057265453e-05, 2.8173206374049187e-05, 4.221691415295936e-05, 6.759541429346427e-05, 6.826948811067268e-05, 5.902195698581636e-05], [3.026674676220864e-05, 4.221691415295936e-05, 6.878690328449011e-05, 0.00010700174607336521, 0.00010851192200789228, 8.991581125883386e-05], [4.798905138159171e-05, 6.759541429346427e-05, 0.00010700174607336521, 0.00019803001487161964, 0.00019157936912961304, 0.00015492766397073865], [4.972892202204093e-05, 6.826948811067268e-05, 0.00010851192200789228, 0.00019157936912961304, 0.0002015244244830683, 0.00016867296653799713], [4.158859155722894e-05, 5.902195698581636e-05, 8.991581125883386e-05, 0.00015492766397073865, 0.00016867296653799713, 0.00015107038780115545]]</COVARIANCE_MATRIX>
		<ROI_SIZE>55</ROI_SIZE>
		<MAX_VALUE>[0.09290336072444916, 0.07871091365814209, 0.06503506749868393, 0.06990182399749756, 0.06242496147751808, 0.05543750897049904]</MAX_VALUE>
		<MIN_VALUE>[0.07887404412031174, 0.05657942220568657, 0.03265347331762314, 0.016748160123825073, 0.012914570048451424, 0.011256063356995583]</MIN_VALUE>
		<SIGNATURE_THRESHOLD_MD>0.0</SIGNATURE_THRESHOLD_MD>
		<SIGNATURE_THRESHOLD_ML>0.0</SIGNATURE_THRESHOLD_ML>
		<SIGNATURE_THRESHOLD_SAM>0.0</SIGNATURE_THRESHOLD_SAM>
	</signature>
	<signature ID="20211221_105014386918_775">
		<MACROCLASSID>1</MACROCLASSID>
		<MACROCLASSINFO>waterbody</MACROCLASSINFO>
		<CLASSID>14</CLASSID>
		<CLASSINFO>C 1</CLASSINFO>
		<VALUES>[0.08797094141537287, 0.004198867272720435, 0.06828231020074971, 0.0066778619556423675, 0.05611259954155616, 0.008819060429336086, 0.05631112718497808, 0.017387828864942424, 0.05349582880032512, 0.018469985511116758, 0.04469493657069385, 0.015548712288293066]</VALUES>
		<LCS_MIN>[0.07868373394012451, 0.05671536549925804, 0.03931468725204468, 0.02359967678785324, 0.017726950347423553, 0.016585029661655426]</LCS_MIN>
		<LCS_MAX>[0.09790604561567307, 0.0832786038517952, 0.07441512495279312, 0.08926008641719818, 0.08833567798137665, 0.07104373723268509]</LCS_MAX>
		<WAVELENGTH>[0.48, 0.56, 0.655, 0.865, 1.61, 2.2]</WAVELENGTH>
		<MEAN_VALUE>[0.08797094141537287, 0.06828231020074971, 0.05611259954155616, 0.05631112718497808, 0.05349582880032512, 0.04469493657069385]</MEAN_VALUE>
		<CHECKBOX>2</CHECKBOX>
		<SD>[0.004198867272720435, 0.0066778619556423675, 0.008819060429336086, 0.017387828864942424, 0.018469985511116758, 0.015548712288293066]</SD>
		<WAVELENGTH_UNIT>E-6m</WAVELENGTH_UNIT>
		<COLOR>#9e8694</COLOR>
		<COVARIANCE_MATRIX>[[1.7969534383155406e-05, 2.4510009097866714e-05, 3.0996241548564285e-05, 5.2498038712656125e-05, 6.114835559856147e-05, 5.690454054274596e-05], [2.4510009097866714e-05, 4.5451415644492954e-05, 5.5409913329640403e-05, 7.892370922490954e-05, 9.081576718017459e-05, 8.613009413238615e-05], [3.0996241548564285e-05, 5.5409913329640403e-05, 7.927151455078274e-05, 0.00013301134458743036, 0.00014443571853917092, 0.00012156823504483327], [5.2498038712656125e-05, 7.892370922490954e-05, 0.00013301134458743036, 0.00030815074569545686, 0.0003101204929407686, 0.00024066539481282234], [6.114835559856147e-05, 9.081576718017459e-05, 0.00014443571853917092, 0.0003101204929407686, 0.0003477007558103651, 0.00027995521668344736], [5.690454054274596e-05, 8.613009413238615e-05, 0.00012156823504483327, 0.00024066539481282234, 0.00027995521668344736, 0.0002464117424096912]]</COVARIANCE_MATRIX>
		<ROI_SIZE>53</ROI_SIZE>
		<MAX_VALUE>[0.09790604561567307, 0.0832786038517952, 0.07441512495279312, 0.08926008641719818, 0.08833567798137665, 0.07104373723268509]</MAX_VALUE>
		<MIN_VALUE>[0.07868373394012451, 0.05671536549925804, 0.03931468725204468, 0.02359967678785324, 0.017726950347423553, 0.016585029661655426]</MIN_VALUE>
		<SIGNATURE_THRESHOLD_MD>0.0</SIGNATURE_THRESHOLD_MD>
		<SIGNATURE_THRESHOLD_ML>0.0</SIGNATURE_THRESHOLD_ML>
		<SIGNATURE_THRESHOLD_SAM>0.0</SIGNATURE_THRESHOLD_SAM>
	</signature>
	<signature ID="20211221_105038073951_968">
		<MACROCLASSID>1</MACROCLASSID>
		<MACROCLASSINFO>waterbody</MACROCLASSINFO>
		<CLASSID>15</CLASSID>
		<CLASSINFO>C 1</CLASSINFO>
		<VALUES>[0.09858577362462584, 0.008478058665734438, 0.08743632453329427, 0.011456019814175262, 0.07766389810279303, 0.017192447046309563, 0.07127937904613858, 0.03016655261058723, 0.06703476206052537, 0.03178128012185908, 0.058489552352066154, 0.027063792271632393]</VALUES>
		<LCS_MIN>[0.08632372319698334, 0.07079905271530151, 0.05280020087957382, 0.02414344809949398, 0.01867854595184326, 0.015633422881364822]</LCS_MIN>
		<LCS_MAX>[0.11506204307079315, 0.1136210560798645, 0.10932525992393494, 0.13991239666938782, 0.12966232001781464, 0.11650305241346359]</LCS_MAX>
		<WAVELENGTH>[0.48, 0.56, 0.655, 0.865, 1.61, 2.2]</WAVELENGTH>
		<MEAN_VALUE>[0.09858577362462584, 0.08743632453329427, 0.07766389810279303, 0.07127937904613858, 0.06703476206052537, 0.058489552352066154]</MEAN_VALUE>
		<CHECKBOX>2</CHECKBOX>
		<SD>[0.008478058665734438, 0.011456019814175262, 0.017192447046309563, 0.03016655261058723, 0.03178128012185908, 0.027063792271632393]</SD>
		<WAVELENGTH_UNIT>E-6m</WAVELENGTH_UNIT>
		<COLOR>#0af835</COLOR>
		<COVARIANCE_MATRIX>[[7.331503002205864e-05, 9.434579988010228e-05, 0.0001479308702982962, 0.00024247531837318093, 0.0002551769430283457, 0.00021425345039460808], [9.434579988010228e-05, 0.00013386519276537, 0.00019148437422700226, 0.0003166061360388994, 0.00033219155739061534, 0.00029546167934313416], [0.0001479308702982962, 0.00019148437422700226, 0.0003014918474946171, 0.00049418123671785, 0.0005202045431360602, 0.00043529641698114574], [0.00024247531837318093, 0.0003166061360388994, 0.00049418123671785, 0.0009282213286496699, 0.0009651626460254192, 0.0008032036130316556], [0.0002551769430283457, 0.00033219155739061534, 0.0005202045431360602, 0.0009651626460254192, 0.001030250801704824, 0.0008548559853807092], [0.00021425345039460808, 0.00029546167934313416, 0.00043529641698114574, 0.0008032036130316556, 0.0008548559853807092, 0.0007470978307537735]]</COVARIANCE_MATRIX>
		<ROI_SIZE>51</ROI_SIZE>
		<MAX_VALUE>[0.11506204307079315, 0.1136210560798645, 0.10932525992393494, 0.13991239666938782, 0.12966232001781464, 0.11650305241346359]</MAX_VALUE>
		<MIN_VALUE>[0.08632372319698334, 0.07079905271530151, 0.05280020087957382, 0.02414344809949398, 0.01867854595184326, 0.015633422881364822]</MIN_VALUE>
		<SIGNATURE_THRESHOLD_MD>0.0</SIGNATURE_THRESHOLD_MD>
		<SIGNATURE_THRESHOLD_ML>0.0</SIGNATURE_THRESHOLD_ML>
		<SIGNATURE_THRESHOLD_SAM>0.0</SIGNATURE_THRESHOLD_SAM>
	</signature>
	<signature ID="20211221_105044821181_689">
		<MACROCLASSID>1</MACROCLASSID>
		<MACROCLASSINFO>waterbody</MACROCLASSINFO>
		<CLASSID>16</CLASSID>
		<CLASSINFO>C 1</CLASSINFO>
