<?xml version="1.0" ?>
<signaturelist MCID_LIST="[['1', 'waterbody', '#000000'], ['2', 'vegetation', '#000000'], ['3', 'bareland', '#000000'], ['4', 'built-up', '#000000']]">
	<signature ID="20211229_095951757831_904">
		<MACROCLASSID>1</MACROCLASSID>
		<MACROCLASSINFO>waterbody</MACROCLASSINFO>
		<CLASSID>1</CLASSID>
		<CLASSINFO>C 1</CLASSINFO>
		<VALUES>[0.08968944196145581, 0.0012546590670769547, 0.08026763610346771, 0.002110845051097536, 0.050284269399433895, 0.0040286193029277105, 0.027081074393037453, 0.005025863984282438, 0.02125450345731453, 0.0066354722503883445, 0.015237900255374734, 0.005178797982704211]</VALUES>
		<LCS_MIN>[0.08765887469053268, 0.07560381293296814, 0.044089045375585556, 0.017766550183296204, 0.014470599591732025, 0.010136192664504051]</LCS_MIN>
		<LCS_MAX>[0.10012029856443405, 0.09474744647741318, 0.082511767745018, 0.06255543231964111, 0.056121550500392914, 0.051741983741521835]</LCS_MAX>
		<WAVELENGTH>[0.48, 0.56, 0.655, 0.865, 1.61, 2.2]</WAVELENGTH>
		<MEAN_VALUE>[0.08968944196145581, 0.08026763610346771, 0.050284269399433895, 0.027081074393037453, 0.02125450345731453, 0.015237900255374734]</MEAN_VALUE>
		<CHECKBOX>2</CHECKBOX>
		<SD>[0.0012546590670769547, 0.002110845051097536, 0.0040286193029277105, 0.005025863984282438, 0.0066354722503883445, 0.005178797982704211]</SD>
		<WAVELENGTH_UNIT>E-6m</WAVELENGTH_UNIT>
		<COLOR>#255de3</COLOR>
		<COVARIANCE_MATRIX>[[1.5749940303066978e-06, 2.302393568243133e-06, 4.014195383206243e-06, 4.335269750299631e-06, 4.886080205324106e-06, 3.8143800793477567e-06], [2.302393568243133e-06, 4.458001058083028e-06, 7.635552719875704e-06, 7.879683835199103e-06, 9.56750682234997e-06, 7.7741087807226e-06], [4.014195383206243e-06, 7.635552719875704e-06, 1.6238274838542566e-05, 1.764663466019556e-05, 2.2287105821305886e-05, 1.7122634744737297e-05], [4.335269750299631e-06, 7.879683835199103e-06, 1.764663466019556e-05, 2.527254036976956e-05, 3.0118755603325553e-05, 2.4150020180968568e-05], [4.886080205324106e-06, 9.56750682234997e-06, 2.2287105821305886e-05, 3.0118755603325553e-05, 4.405255458550528e-05, 3.2956140785245225e-05], [3.8143800793477567e-06, 7.7741087807226e-06, 1.7122634744737297e-05, 2.4150020180968568e-05, 3.2956140785245225e-05, 2.6833997253561392e-05]]</COVARIANCE_MATRIX>
		<ROI_SIZE>1910</ROI_SIZE>
		<MAX_VALUE>[0.10012029856443405, 0.09474744647741318, 0.082511767745018, 0.06255543231964111, 0.056121550500392914, 0.051741983741521835]</MAX_VALUE>
		<MIN_VALUE>[0.08765887469053268, 0.07560381293296814, 0.044089045375585556, 0.017766550183296204, 0.014470599591732025, 0.010136192664504051]</MIN_VALUE>
		<SIGNATURE_THRESHOLD_MD>0.0</SIGNATURE_THRESHOLD_MD>
		<SIGNATURE_THRESHOLD_ML>0.0</SIGNATURE_THRESHOLD_ML>
		<SIGNATURE_THRESHOLD_SAM>0.0</SIGNATURE_THRESHOLD_SAM>
	</signature>
	<signature ID="20211229_095958275176_785">
		<MACROCLASSID>1</MACROCLASSID>
		<MACROCLASSINFO>waterbody</MACROCLASSINFO>
		<CLASSID>2</CLASSID>
		<CLASSINFO>C 1</CLASSINFO>
		<VALUES>[0.08195671691518472, 0.0025649807162784932, 0.06746945126353374, 0.003415867243297524, 0.04495448880130641, 0.005031166771262126, 0.026578687458491363, 0.006455353286625981, 0.02105542796583208, 0.007717160936756105, 0.015839625079221365, 0.005507183795235328]</VALUES>
		<LCS_MIN>[0.07546836137771606, 0.057227734476327896, 0.030656903982162476, 0.009323488920927048, 0.007856111042201519, 0.005643755197525024]</LCS_MIN>
		<LCS_MAX>[0.09203844517469406, 0.0902550145983696, 0.07262389361858368, 0.06232969090342522, 0.05718257278203964, 0.047881655395030975]</LCS_MAX>
		<WAVELENGTH>[0.48, 0.56, 0.655, 0.865, 1.61, 2.2]</WAVELENGTH>
		<MEAN_VALUE>[0.08195671691518472, 0.06746945126353374, 0.04495448880130641, 0.026578687458491363, 0.02105542796583208, 0.015839625079221365]</MEAN_VALUE>
		<CHECKBOX>2</CHECKBOX>
		<SD>[0.0025649807162784932, 0.003415867243297524, 0.005031166771262126, 0.006455353286625981, 0.007717160936756105, 0.005507183795235328]</SD>
		<WAVELENGTH_UNIT>E-6m</WAVELENGTH_UNIT>
		<COLOR>#94afc5</COLOR>
		<COVARIANCE_MATRIX>[[6.585010851267725e-06, 7.998118235263973e-06, 7.808090231264941e-06, 7.678880137973465e-06, 5.52963365407777e-06, 5.4484044085256755e-06], [7.998118235263973e-06, 1.1678585906338412e-05, 1.1899475794052705e-05, 1.0946078873530496e-05, 9.802791282709222e-06, 8.374295248358976e-06], [7.808090231264941e-06, 1.1899475794052705e-05, 2.5335280952276662e-05, 2.4823455532896332e-05, 2.4578364900662564e-05, 1.7981363271246664e-05], [7.678880137973465e-06, 1.0946078873530496e-05, 2.4823455532896332e-05, 4.170885949861258e-05, 4.514593456406146e-05, 3.140562694170512e-05], [5.52963365407777e-06, 9.802791282709222e-06, 2.4578364900662564e-05, 4.514593456406146e-05, 5.960784255876206e-05, 4.032162905787118e-05], [5.4484044085256755e-06, 8.374295248358976e-06, 1.7981363271246664e-05, 3.140562694170512e-05, 4.032162905787118e-05, 3.035620102309622e-05]]</COVARIANCE_MATRIX>
		<ROI_SIZE>1119</ROI_SIZE>
		<MAX_VALUE>[0.09203844517469406, 0.0902550145983696, 0.07262389361858368, 0.06232969090342522, 0.05718257278203964, 0.047881655395030975]</MAX_VALUE>
		<MIN_VALUE>[0.07546836137771606, 0.057227734476327896, 0.030656903982162476, 0.009323488920927048, 0.007856111042201519, 0.005643755197525024]</MIN_VALUE>
		<SIGNATURE_THRESHOLD_MD>0.0</SIGNATURE_THRESHOLD_MD>
		<SIGNATURE_THRESHOLD_ML>0.0</SIGNATURE_THRESHOLD_ML>
		<SIGNATURE_THRESHOLD_SAM>0.0</SIGNATURE_THRESHOLD_SAM>
	</signature>
	<signature ID="20211229_100003072630_246">
		<MACROCLASSID>1</MACROCLASSID>
		<MACROCLASSINFO>waterbody</MACROCLASSINFO>
		<CLASSID>3</CLASSID>
		<CLASSINFO>C 1</CLASSINFO>
		<VALUES>[0.07855256841072168, 0.003211731257384657, 0.06703496895226324, 0.005401638406592309, 0.046714715860354555, 0.0072803396943883604, 0.025317395519101078, 0.006550470634141614, 0.02221219552906092, 0.007774853659932241, 0.016642270907923046, 0.005910373349523188]</VALUES>
		<LCS_MIN>[0.07095334678888321, 0.053525410592556, 0.031672779470682144, 0.00819473434239626, 0.002122051315382123, 0.0031153480522334576]</LCS_MIN>
		<LCS_MAX>[0.09201586991548538, 0.08610119670629501, 0.07903522253036499, 0.058085571974515915, 0.05422524735331535, 0.049552205950021744]</LCS_MAX>
		<WAVELENGTH>[0.48, 0.56, 0.655, 0.865, 1.61, 2.2]</WAVELENGTH>
		<MEAN_VALUE>[0.07855256841072168, 0.06703496895226324, 0.046714715860354555, 0.025317395519101078, 0.02221219552906092, 0.016642270907923046]</MEAN_VALUE>
		<CHECKBOX>2</CHECKBOX>
		<SD>[0.003211731257384657, 0.005401638406592309, 0.0072803396943883604, 0.006550470634141614, 0.007774853659932241, 0.005910373349523188]</SD>
		<WAVELENGTH_UNIT>E-6m</WAVELENGTH_UNIT>
		<COLOR>#ca0cb6</COLOR>
		<COVARIANCE_MATRIX>[[1.0328159987693653e-05, 1.576879367348738e-05, 1.9780891307163984e-05, 1.3570988812716678e-05, 1.4178752280713525e-05, 1.2834765584557317e-05], [1.576879367348738e-05, 2.921430677815806e-05, 3.6900768463965505e-05, 1.962990063475445e-05, 2.2545709725818597e-05, 1.935327600222081e-05], [1.9780891307163984e-05, 3.6900768463965505e-05, 5.306984894559719e-05, 3.254254988860339e-05, 3.8933194446144626e-05, 3.0666229577036574e-05], [1.3570988812716678e-05, 1.962990063475445e-05, 3.254254988860339e-05, 4.296250335755758e-05, 4.757774877361953e-05, 3.45435764756985e-05], [1.4178752280713525e-05, 2.2545709725818597e-05, 3.8933194446144626e-05, 4.757774877361953e-05, 6.0524194850586355e-05, 4.262927177478559e-05], [1.2834765584557317e-05, 1.935327600222081e-05, 3.0666229577036574e-05, 3.45435764756985e-05, 4.262927177478559e-05, 3.497634315863252e-05]]</COVARIANCE_MATRIX>
		<ROI_SIZE>798</ROI_SIZE>
		<MAX_VALUE>[0.09201586991548538, 0.08610119670629501, 0.07903522253036499, 0.058085571974515915, 0.05422524735331535, 0.049552205950021744]</MAX_VALUE>
		<MIN_VALUE>[0.07095334678888321, 0.053525410592556, 0.031672779470682144, 0.00819473434239626, 0.002122051315382123, 0.0031153480522334576]</MIN_VALUE>
		<SIGNATURE_THRESHOLD_MD>0.0</SIGNATURE_THRESHOLD_MD>
		<SIGNATURE_THRESHOLD_ML>0.0</SIGNATURE_THRESHOLD_ML>
		<SIGNATURE_THRESHOLD_SAM>0.0</SIGNATURE_THRESHOLD_SAM>
	</signature>
	<signature ID="20211229_100012778225_285">
		<MACROCLASSID>1</MACROCLASSID>
		<MACROCLASSINFO>waterbody</MACROCLASSINFO>
		<CLASSID>4</CLASSID>
		<CLASSINFO>C 1</CLASSINFO>
		<VALUES>[0.08273720927536486, 0.0016042597253900462, 0.08166614878508782, 0.0033757646829022316, 0.06703909051915012, 0.004506364151961479, 0.03782635953070389, 0.007929884755473775, 0.02802722404400508, 0.006994803756559612, 0.021331528693230614, 0.005053118954496594]</VALUES>
		<LCS_MIN>[0.07966732233762741, 0.0760778933763504, 0.05785983428359032, 0.023387741297483444, 0.019256507977843285, 0.013838497921824455]</LCS_MIN>
		<LCS_MAX>[0.0877491757273674, 0.09305431693792343, 0.08129271119832993, 0.07203695923089981, 0.049145858734846115, 0.03688761591911316]</LCS_MAX>
		<WAVELENGTH>[0.48, 0.56, 0.655, 0.865, 1.61, 2.2]</WAVELENGTH>
		<MEAN_VALUE>[0.08273720927536486, 0.08166614878508782, 0.06703909051915012, 0.03782635953070389, 0.02802722404400508, 0.021331528693230614]</MEAN_VALUE>
		<CHECKBOX>2</CHECKBOX>
		<SD>[0.0016042597253900462, 0.0033757646829022316, 0.004506364151961479, 0.007929884755473775, 0.006994803756559612, 0.005053118954496594]</SD>
		<WAVELENGTH_UNIT>E-6m</WAVELENGTH_UNIT>
		<COLOR>#dbb147</COLOR>
		<COVARIANCE_MATRIX>[[2.609897819638718e-06, 4.1288280954177026e-06, 6.1633977566089015e-06, 7.634333087480627e-06, 7.770783668092918e-06, 4.463272034627153e-06], [4.1288280954177026e-06, 1.1556291610759217e-05, 1.3780699191556778e-05, 9.905892511596903e-06, 8.516545676684473e-06, 5.999948371027131e-06], [6.1633977566089015e-06, 1.3780699191556778e-05, 2.0593335648300126e-05, 1.8907499907072634e-05, 1.8246912077302113e-05, 1.1383859600755386e-05], [7.634333087480627e-06, 9.905892511596903e-06, 1.8907499907072634e-05, 6.376874807756394e-05, 4.618585808202624e-05, 3.284581543994136e-05], [7.770783668092918e-06, 8.516545676684473e-06, 1.8246912077302113e-05, 4.618585808202624e-05, 4.961639569955878e-05, 3.146134258713573e-05], [4.463272034627153e-06, 5.999948371027131e-06, 1.1383859600755386e-05, 3.284581543994136e-05, 3.146134258713573e-05, 2.5893645215546712e-05]]</COVARIANCE_MATRIX>
		<ROI_SIZE>72</ROI_SIZE>
		<MAX_VALUE>[0.0877491757273674, 0.09305431693792343, 0.08129271119832993, 0.07203695923089981, 0.049145858734846115, 0.03688761591911316]</MAX_VALUE>
		<MIN_VALUE>[0.07966732233762741, 0.0760778933763504, 0.05785983428359032, 0.023387741297483444, 0.019256507977843285, 0.013838497921824455]</MIN_VALUE>
		<SIGNATURE_THRESHOLD_MD>0.0</SIGNATURE_THRESHOLD_MD>
		<SIGNATURE_THRESHOLD_ML>0.0</SIGNATURE_THRESHOLD_ML>
		<SIGNATURE_THRESHOLD_SAM>0.0</SIGNATURE_THRESHOLD_SAM>
	</signature>
	<signature ID="20211229_100036218395_876">
		<MACROCLASSID>1</MACROCLASSID>
		<MACROCLASSINFO>waterbody</MACROCLASSINFO>
		<CLASSID>5</CLASSID>
		<CLASSINFO>C 1</CLASSINFO>
		<VALUES>[0.08037162566667096, 0.002952433596809196, 0.06481078132877457, 0.003819685930090462, 0.050455379573737864, 0.005394406532765949, 0.036757475230842836, 0.010214899014059281, 0.029919561094549654, 0.010232256642462982, 0.02356203092152581, 0.008211529232355286]</VALUES>
		<LCS_MIN>[0.07542320340871811, 0.05923689901828766, 0.042779698967933655, 0.02451648749411106, 0.015396172180771828, 0.01106176432222128]</LCS_MIN>
		<LCS_MAX>[0.0900292620062828, 0.08016397804021835, 0.06896675378084183, 0.07239815592765808, 0.0640905350446701, 0.05474447086453438]</LCS_MAX>
		<WAVELENGTH>[0.48, 0.56, 0.655, 0.865, 1.61, 2.2]</WAVELENGTH>
		<MEAN_VALUE>[0.08037162566667096, 0.06481078132877457, 0.050455379573737864, 0.036757475230842836, 0.029919561094549654, 0.02356203092152581]</MEAN_VALUE>
		<CHECKBOX>2</CHECKBOX>
		<SD>[0.002952433596809196, 0.003819685930090462, 0.005394406532765949, 0.010214899014059281, 0.010232256642462982, 0.008211529232355286]</SD>
		<WAVELENGTH_UNIT>E-6m</WAVELENGTH_UNIT>
		<COLOR>#212dfc</COLOR>
		<COVARIANCE_MATRIX>[[8.781433280091733e-06, 9.55030645855004e-06, 1.2233217603352387e-05, 1.756795245455578e-05, 1.9183960830559954e-05, 1.8323595213587396e-05], [9.55030645855004e-06, 1.4698074664920568e-05, 1.943459574249573e-05, 2.70736181846587e-05, 3.068099977099337e-05, 2.5376884877914563e-05], [1.2233217603352387e-05, 1.943459574249573e-05, 2.931517519755289e-05, 4.5564396714325994e-05, 4.852434358326718e-05, 3.6880628613289446e-05], [1.756795245455578e-05, 2.70736181846587e-05, 4.5564396714325994e-05, 0.00010511708387639374, 9.166705422103405e-05, 6.851545185782015e-05], [1.9183960830559954e-05, 3.068099977099337e-05, 4.852434358326718e-05, 9.166705422103405e-05, 0.00010547462443355471, 7.876745803514495e-05], [1.8323595213587396e-05, 2.5376884877914563e-05, 3.6880628613289446e-05, 6.851545185782015e-05, 7.876745803514495e-05, 6.792868953198195e-05]]</COVARIANCE_MATRIX>
		<ROI_SIZE>136</ROI_SIZE>
		<MAX_VALUE>[0.0900292620062828, 0.08016397804021835, 0.06896675378084183, 0.07239815592765808, 0.0640905350446701, 0.05474447086453438]</MAX_VALUE>
		<MIN_VALUE>[0.07542320340871811, 0.05923689901828766, 0.042779698967933655, 0.02451648749411106, 0.015396172180771828, 0.01106176432222128]</MIN_VALUE>
		<SIGNATURE_THRESHOLD_MD>0.0</SIGNATURE_THRESHOLD_MD>
		<SIGNATURE_THRESHOLD_ML>0.0</SIGNATURE_THRESHOLD_ML>
		<SIGNATURE_THRESHOLD_SAM>0.0</SIGNATURE_THRESHOLD_SAM>
	</signature>
	<signature ID="20211229_100045219206_594">
		<MACROCLASSID>1</MACROCLASSID>
		<MACROCLASSINFO>waterbody</MACROCLASSINFO>
		<CLASSID>6</CLASSID>
		<CLASSINFO>C 1</CLASSINFO>
		<VALUES>[0.1375629785356937, 0.002077024796207943, 0.10621014593949805, 0.003068908952413234, 0.0883400448932998, 0.0017039699402682253, 0.0770478822708917, 0.001468920692592717, 0.057180877145465776, 0.0012779485479445087, 0.043262313576814745, 0.0009584466630426848]</VALUES>
		<LCS_MIN>[0.13371196389198303, 0.10183601081371307, 0.08519820123910904, 0.07404614239931107, 0.05449614301323891, 0.041267167776823044]</LCS_MIN>
		<LCS_MAX>[0.1446382999420166, 0.11682582646608353, 0.09440881013870239, 0.08230859041213989, 0.06190075725317001, 0.04650457575917244]</LCS_MAX>
		<WAVELENGTH>[0.48, 0.56, 0.655, 0.865, 1.61, 2.2]</WAVELENGTH>
		<MEAN_VALUE>[0.1375629785356937, 0.10621014593949805, 0.0883400448932998, 0.0770478822708917, 0.057180877145465776, 0.043262313576814745]</MEAN_VALUE>
		<CHECKBOX>2</CHECKBOX>
		<SD>[0.002077024796207943, 0.003068908952413234, 0.0017039699402682253, 0.001468920692592717, 0.0012779485479445087, 0.0009584466630426848]</SD>
		<WAVELENGTH_UNIT>E-6m</WAVELENGTH_UNIT>
		<COLOR>#60bcaf</COLOR>
		<COVARIANCE_MATRIX>[[4.702582828031154e-06, 6.8861054387525655e-06, 3.5537948406272335e-06, 2.7084327030024724e-06, 2.194007493017125e-06, 1.4789102351642214e-06], [6.8861054387525655e-06, 1.0274606211169157e-05, 5.257503744360292e-06, 3.9914016269904096e-06, 3.2272926091536647e-06, 2.1602854758384638e-06], [3.5537948406272335e-06, 5.257503744360292e-06, 3.055263505302719e-06, 2.4657911126269028e-06, 2.074811618513195e-06, 1.466844310016313e-06], [2.7084327030024724e-06, 3.9914016269904096e-06, 2.4657911126269028e-06, 2.181959416702739e-06, 1.8210121197625995e-06, 1.3167442602934898e-06], [2.194007493017125e-06, 3.2272926091536647e-06, 2.074811618513195e-06, 1.8210121197625995e-06, 1.6396851378885913e-06, 1.1829248478534282e-06], [1.4789102351642214e-06, 2.1602854758384638e-06, 1.466844310016313e-06, 1.3167442602934898e-06, 1.1829248478534282e-06, 9.283650683755695e-07]]</COVARIANCE_MATRIX>
		<ROI_SIZE>10201</ROI_SIZE>
		<MAX_VALUE>[0.1446382999420166, 0.11682582646608353, 0.09440881013870239, 0.08230859041213989, 0.06190075725317001, 0.04650457575917244]</MAX_VALUE>
		<MIN_VALUE>[0.13371196389198303, 0.10183601081371307, 0.08519820123910904, 0.07404614239931107, 0.05449614301323891, 0.041267167776823044]</MIN_VALUE>
		<SIGNATURE_THRESHOLD_MD>0.0</SIGNATURE_THRESHOLD_MD>
		<SIGNATURE_THRESHOLD_ML>0.0</SIGNATURE_THRESHOLD_ML>
		<SIGNATURE_THRESHOLD_SAM>0.0</SIGNATURE_THRESHOLD_SAM>
	</signature>
	<signature ID="20211229_100052790340_978">
		<MACROCLASSID>1</MACROCLASSID>
		<MACROCLASSINFO>waterbody</MACROCLASSINFO>
		<CLASSID>7</CLASSID>
		<CLASSINFO>C 1</CLASSINFO>
		<VALUES>[0.10732951295930285, 0.006611685939804526, 0.11377379523460253, 0.007561963165604106, 0.10443276717912324, 0.008832499529124441, 0.07145724677762323, 0.010289409721797982, 0.060202801496137, 0.011349089772606978, 0.04936279101773751, 0.0092214405765683]</VALUES>
		<LCS_MIN>[0.08508532494306564, 0.08820068836212158, 0.07546836137771606, 0.04058992117643356, 0.02946043200790882, 0.023500610142946243]</LCS_MIN>
		<LCS_MAX>[0.12511087954044342, 0.13912998139858246, 0.136150062084198, 0.10242295265197754, 0.0901421383023262, 0.0788094624876976]</LCS_MAX>
		<WAVELENGTH>[0.48, 0.56, 0.655, 0.865, 1.61, 2.2]</WAVELENGTH>
		<MEAN_VALUE>[0.10732951295930285, 0.11377379523460253, 0.10443276717912324, 0.07145724677762323, 0.060202801496137, 0.04936279101773751]</MEAN_VALUE>
		<CHECKBOX>2</CHECKBOX>
		<SD>[0.006611685939804526, 0.007561963165604106, 0.008832499529124441, 0.010289409721797982, 0.011349089772606978, 0.0092214405765683]</SD>
		<WAVELENGTH_UNIT>E-6m</WAVELENGTH_UNIT>
		<COLOR>#e1ce74</COLOR>
		<COVARIANCE_MATRIX>[[4.3918662413489074e-05, 4.904009256279096e-05, 5.4855037888046354e-05, 5.661209434038028e-05, 5.279531978885643e-05, 4.7429351980099455e-05], [4.904009256279096e-05, 5.745049929828383e-05, 6.556233711307868e-05, 6.734706403221935e-05, 6.468803621828556e-05, 5.7017394283320755e-05], [5.4855037888046354e-05, 6.556233711307868e-05, 7.837759767426178e-05, 8.509626059094444e-05, 8.599446300650015e-05, 7.33650304027833e-05], [5.661209434038028e-05, 6.734706403221935e-05, 8.509626059094444e-05, 0.00010636667866492644, 0.00011320672638248652, 9.282898827223107e-05], [5.279531978885643e-05, 6.468803621828556e-05, 8.599446300650015e-05, 0.00011320672638248652, 0.00012940372107550502, 0.0001012798966257833], [4.7429351980099455e-05, 5.7017394283320755e-05, 7.33650304027833e-05, 9.282898827223107e-05, 0.0001012798966257833, 8.543232252122834e-05]]</COVARIANCE_MATRIX>
		<ROI_SIZE>215</ROI_SIZE>
		<MAX_VALUE>[0.12511087954044342, 0.13912998139858246, 0.136150062084198, 0.10242295265197754, 0.0901421383023262, 0.0788094624876976]</MAX_VALUE>
		<MIN_VALUE>[0.08508532494306564, 0.08820068836212158, 0.07546836137771606, 0.04058992117643356, 0.02946043200790882, 0.023500610142946243]</MIN_VALUE>
		<SIGNATURE_THRESHOLD_MD>0.0</SIGNATURE_THRESHOLD_MD>
		<SIGNATURE_THRESHOLD_ML>0.0</SIGNATURE_THRESHOLD_ML>
		<SIGNATURE_THRESHOLD_SAM>0.0</SIGNATURE_THRESHOLD_SAM>
	</signature>
	<signature ID="20211229_100057307844_715">
		<MACROCLASSID>1</MACROCLASSID>
		<MACROCLASSINFO>waterbody</MACROCLASSINFO>
		<CLASSID>8</CLASSID>
		<CLASSINFO>C 1</CLASSINFO>
		<VALUES>[0.09128902919058288, 0.006273167913431206, 0.0924621251012598, 0.00751430868314614, 0.09124226721801927, 0.008242396316241825, 0.06165041794468248, 0.013163977796888379, 0.04395521249222967, 0.01237457275940975, 0.03491914957495674, 0.010493012183120726]</VALUES>
		<LCS_MIN>[0.08242146670818329, 0.08246662467718124, 0.0793512612581253, 0.045895062386989594, 0.029776474460959435, 0.019978905096650124]</LCS_MIN>
		<LCS_MAX>[0.11574223637580872, 0.11693870276212692, 0.11802231520414352, 0.09540211409330368, 0.0772743672132492, 0.07038898020982742]</LCS_MAX>
		<WAVELENGTH>[0.48, 0.56, 0.655, 0.865, 1.61, 2.2]</WAVELENGTH>
		<MEAN_VALUE>[0.09128902919058288, 0.0924621251012598, 0.09124226721801927, 0.06165041794468248, 0.04395521249222967, 0.03491914957495674]</MEAN_VALUE>
		<CHECKBOX>2</CHECKBOX>
		<SD>[0.006273167913431206, 0.00751430868314614, 0.008242396316241825, 0.013163977796888379, 0.01237457275940975, 0.010493012183120726]</SD>
		<WAVELENGTH_UNIT>E-6m</WAVELENGTH_UNIT>
		<COLOR>#ab6fef</COLOR>
		<COVARIANCE_MATRIX>[[4.0068138332571834e-05, 4.4205029553268105e-05, 4.7748791985213757e-05, 4.715424438472837e-05, 5.067656820756383e-05, 4.487275509745814e-05], [4.4205029553268105e-05, 5.749146657763049e-05, 6.250339356483892e-05, 5.7611632655607536e-05, 6.644248787779361e-05, 5.456382496049628e-05], [4.7748791985213757e-05, 6.250339356483892e-05, 6.917231803527102e-05, 6.0601225413847715e-05, 7.393212581519037e-05, 6.0461312386905774e-05], [4.715424438472837e-05, 5.7611632655607536e-05, 6.0601225413847715e-05, 0.00017644104082137346, 0.0001488939014961943, 0.00011836450721602887], [5.067656820756383e-05, 6.644248787779361e-05, 7.393212581519037e-05, 0.0001488939014961943, 0.00015591424016747624, 0.00012660706124734133], [4.487275509745814e-05, 5.456382496049628e-05, 6.0461312386905774e-05, 0.00011836450721602887, 0.00012660706124734133, 0.00011210518277948722]]</COVARIANCE_MATRIX>
		<ROI_SIZE>56</ROI_SIZE>
		<MAX_VALUE>[0.11574223637580872, 0.11693870276212692, 0.11802231520414352, 0.09540211409330368, 0.0772743672132492, 0.07038898020982742]</MAX_VALUE>
		<MIN_VALUE>[0.08242146670818329, 0.08246662467718124, 0.0793512612581253, 0.045895062386989594, 0.029776474460959435, 0.019978905096650124]</MIN_VALUE>
		<SIGNATURE_THRESHOLD_MD>0.0</SIGNATURE_THRESHOLD_MD>
		<SIGNATURE_THRESHOLD_ML>0.0</SIGNATURE_THRESHOLD_ML>
		<SIGNATURE_THRESHOLD_SAM>0.0</SIGNATURE_THRESHOLD_SAM>
	</signature>
	<signature ID="20211229_100105361571_228">
		<MACROCLASSID>1</MACROCLASSID>
		<MACROCLASSINFO>waterbody</MACROCLASSINFO>
		<CLASSID>9</CLASSID>
		<CLASSINFO>C 1</CLASSINFO>
		<VALUES>[0.09853017615775267, 0.0021497876421246094, 0.09578110001360372, 0.0025538257043164064, 0.06838158344229062, 0.004659440195372144, 0.03704610979960609, 0.007104190813584103, 0.025231273045452925, 0.0074022266554521704, 0.019306547369342314, 0.006177755589537666]</VALUES>
		<LCS_MIN>[0.09456685185432434, 0.08294069021940231, 0.06201363354921341, 0.029799047857522964, 0.018263202160596848, 0.014448019675910473]</LCS_MIN>
		<LCS_MAX>[0.10571891069412231, 0.10346142202615738, 0.08558197319507599, 0.06698013842105865, 0.05758891999721527, 0.049981143325567245]</LCS_MAX>
		<WAVELENGTH>[0.48, 0.56, 0.655, 0.865, 1.61, 2.2]</WAVELENGTH>
		<MEAN_VALUE>[0.09853017615775267, 0.09578110001360372, 0.06838158344229062, 0.03704610979960609, 0.025231273045452925, 0.019306547369342314]</MEAN_VALUE>
		<CHECKBOX>2</CHECKBOX>
		<SD>[0.0021497876421246094, 0.0025538257043164064, 0.004659440195372144, 0.007104190813584103, 0.0074022266554521704, 0.006177755589537666]</SD>
		<WAVELENGTH_UNIT>E-6m</WAVELENGTH_UNIT>
		<COLOR>#3990ae</COLOR>
		<COVARIANCE_MATRIX>[[4.6409240894718096e-06, 4.512172836257378e-06, 8.951225026976317e-06, 1.1016360076609999e-05, 1.043108022713568e-05, 8.985984095488675e-06], [4.512172836257378e-06, 6.5493145484651905e-06, 7.00642431183951e-06, 7.907102371973451e-06, 7.028549134702189e-06, 6.680252681690035e-06], [8.951225026976317e-06, 7.00642431183951e-06, 2.1801221009809524e-05, 2.976362702611368e-05, 3.035614463442471e-05, 2.5189317966578528e-05], [1.1016360076609999e-05, 7.907102371973451e-06, 2.976362702611368e-05, 5.068069731350988e-05, 5.04480158269871e-05, 4.277377956896089e-05], [1.043108022713568e-05, 7.028549134702189e-06, 3.035614463442471e-05, 5.04480158269871e-05, 5.502221756614745e-05, 4.435798109625466e-05], [8.985984095488675e-06, 6.680252681690035e-06, 2.5189317966578528e-05, 4.277377956896089e-05, 4.435798109625466e-05, 3.832434958894737e-05]]</COVARIANCE_MATRIX>
		<ROI_SIZE>240</ROI_SIZE>
		<MAX_VALUE>[0.10571891069412231, 0.10346142202615738, 0.08558197319507599, 0.06698013842105865, 0.05758891999721527, 0.049981143325567245]</MAX_VALUE>
		<MIN_VALUE>[0.09456685185432434, 0.08294069021940231, 0.06201363354921341, 0.029799047857522964, 0.018263202160596848, 0.014448019675910473]</MIN_VALUE>
		<SIGNATURE_THRESHOLD_MD>0.0</SIGNATURE_THRESHOLD_MD>
		<SIGNATURE_THRESHOLD_ML>0.0</SIGNATURE_THRESHOLD_ML>
		<SIGNATURE_THRESHOLD_SAM>0.0</SIGNATURE_THRESHOLD_SAM>
	</signature>
	<signature ID="20211229_100134829165_678">
		<MACROCLASSID>1</MACROCLASSID>
		<MACROCLASSINFO>waterbody</MACROCLASSINFO>
		<CLASSID>10</CLASSID>
		<CLASSINFO>C 1</CLASSINFO>
		<VALUES>[0.09408410470670381, 0.0016003347501520097, 0.07912007101457313, 0.003223106324798186, 0.057837212438577104, 0.005622381957378702, 0.04775693966075782, 0.006154487831198636, 0.040787690663447895, 0.007722710852862396, 0.028810915445357976, 0.006266503421624997]</VALUES>
		<LCS_MIN>[0.09190299361944199, 0.07558123767375946, 0.05228379741311073, 0.03930314630270004, 0.02709004655480385, 0.020881906151771545]</LCS_MIN>
		<LCS_MAX>[0.10111360251903534, 0.09492805600166321, 0.08797493577003479, 0.07763556391000748, 0.07131455093622208, 0.05980128422379494]</LCS_MAX>
		<WAVELENGTH>[0.48, 0.56, 0.655, 0.865, 1.61, 2.2]</WAVELENGTH>
		<MEAN_VALUE>[0.09408410470670381, 0.07912007101457313, 0.057837212438577104, 0.04775693966075782, 0.040787690663447895, 0.028810915445357976]</MEAN_VALUE>
		<CHECKBOX>2</CHECKBOX>
		<SD>[0.0016003347501520097, 0.003223106324798186, 0.005622381957378702, 0.006154487831198636, 0.007722710852862396, 0.006266503421624997]</SD>
		<WAVELENGTH_UNIT>E-6m</WAVELENGTH_UNIT>
		<COLOR>#db4025</COLOR>
		<COVARIANCE_MATRIX>[[2.5655881472630426e-06, 4.579085270961514e-06, 7.716283107583877e-06, 8.323549991473556e-06, 1.062566207110649e-05, 8.661967513035052e-06], [4.579085270961514e-06, 1.0406735782453325e-05, 1.77500223799143e-05, 1.6561996744712815e-05, 2.0213385141687468e-05, 1.6781079466454685e-05], [7.716283107583877e-06, 1.77500223799143e-05, 3.16669320454821e-05, 2.9947483199066482e-05, 3.5369841498322785e-05, 2.897941340052057e-05], [8.323549991473556e-06, 1.6561996744712815e-05, 2.9947483199066482e-05, 3.794452277361415e-05, 4.327714123064652e-05, 3.521316102705896e-05], [1.062566207110649e-05, 2.0213385141687468e-05, 3.5369841498322785e-05, 4.327714123064652e-05, 5.97454491071403e-05, 4.7451878344872966e-05], [8.661967513035052e-06, 1.6781079466454685e-05, 2.897941340052057e-05, 3.521316102705896e-05, 4.7451878344872966e-05, 3.9338323404081166e-05]]</COVARIANCE_MATRIX>
		<ROI_SIZE>568</ROI_SIZE>
		<MAX_VALUE>[0.10111360251903534, 0.09492805600166321, 0.08797493577003479, 0.07763556391000748, 0.07131455093622208, 0.05980128422379494]</MAX_VALUE>
		<MIN_VALUE>[0.09190299361944199, 0.07558123767375946, 0.05228379741311073, 0.03930314630270004, 0.02709004655480385, 0.020881906151771545]</MIN_VALUE>
		<SIGNATURE_THRESHOLD_MD>0.0</SIGNATURE_THRESHOLD_MD>
		<SIGNATURE_THRESHOLD_ML>0.0</SIGNATURE_THRESHOLD_ML>
		<SIGNATURE_THRESHOLD_SAM>0.0</SIGNATURE_THRESHOLD_SAM>
	</signature>
	<signature ID="20211229_100146587097_361">
		<MACROCLASSID>1</MACROCLASSID>
		<MACROCLASSINFO>waterbody</MACROCLASSINFO>
		<CLASSID>11</CLASSID>
		<CLASSINFO>C 1</CLASSINFO>
		<VALUES>[0.11782414174264239, 0.0022501488925740507, 0.10738155549180878, 0.0025212322873192005, 0.10530732767944476, 0.00365469364551018, 0.08626469850693783, 0.01029044433869622, 0.07221522700694417, 0.010969964934370718, 0.05152950593337572, 0.0090082993332943]</VALUES>
		<LCS_MIN>[0.11438772827386856, 0.10375488549470901, 0.09933017939329147, 0.07442991435527802, 0.057408325374126434, 0.04174124822020531]</LCS_MIN>
		<LCS_MAX>[0.12707491219043732, 0.11678068339824677, 0.11831578612327576, 0.11982831358909607, 0.10479333996772766, 0.07973504066467285]</LCS_MAX>
		<WAVELENGTH>[0.48, 0.56, 0.655, 0.865, 1.61, 2.2]</WAVELENGTH>
		<MEAN_VALUE>[0.11782414174264239, 0.10738155549180878, 0.10530732767944476, 0.08626469850693783, 0.07221522700694417, 0.05152950593337572]</MEAN_VALUE>
		<CHECKBOX>2</CHECKBOX>
		<SD>[0.0022501488925740507, 0.0025212322873192005, 0.00365469364551018, 0.01029044433869622, 0.010969964934370718, 0.0090082993332943]</SD>
		<WAVELENGTH_UNIT>E-6m</WAVELENGTH_UNIT>
		<COLOR>#7cf2a9</COLOR>
		<COVARIANCE_MATRIX>[[5.0894041123683564e-06, 5.067197434982518e-06, 7.081322110025212e-06, 1.4451939023274463e-05, 1.570904532854911e-05, 1.3939623386249878e-05], [5.067197434982518e-06, 6.389548161678249e-06, 8.780377356742974e-06, 1.8690412616706453e-05, 2.1433623260236345e-05, 1.8104134142049588e-05], [7.081322110025212e-06, 8.780377356742974e-06, 1.3425991710391827e-05, 2.986207437061239e-05, 3.2999334507621825e-05, 2.8086667953175493e-05], [1.4451939023274463e-05, 1.8690412616706453e-05, 2.986207437061239e-05, 0.0001064419120666571, 0.00010233546345261857, 8.107000030577183e-05], [1.570904532854911e-05, 2.1433623260236345e-05, 3.2999334507621825e-05, 0.00010233546345261857, 0.00012096365389879793, 9.757444058777764e-05], [1.3939623386249878e-05, 1.8104134142049588e-05, 2.8086667953175493e-05, 8.107000030577183e-05, 9.757444058777764e-05, 8.156991680152714e-05]]</COVARIANCE_MATRIX>
		<ROI_SIZE>194</ROI_SIZE>
		<MAX_VALUE>[0.12707491219043732, 0.11678068339824677, 0.11831578612327576, 0.11982831358909607, 0.10479333996772766, 0.07973504066467285]</MAX_VALUE>
		<MIN_VALUE>[0.11438772827386856, 0.10375488549470901, 0.09933017939329147, 0.07442991435527802, 0.057408325374126434, 0.04174124822020531]</MIN_VALUE>
		<SIGNATURE_THRESHOLD_MD>0.0</SIGNATURE_THRESHOLD_MD>
		<SIGNATURE_THRESHOLD_ML>0.0</SIGNATURE_THRESHOLD_ML>
		<SIGNATURE_THRESHOLD_SAM>0.0</SIGNATURE_THRESHOLD_SAM>
	</signature>
	<signature ID="20211229_100224776457_313">
		<MACROCLASSID>1</MACROCLASSID>
		<MACROCLASSINFO>waterbody</MACROCLASSINFO>
		<CLASSID>12</CLASSID>
		<CLASSINFO>C 1</CLASSINFO>
		<VALUES>[0.11827221196709249, 0.003037044111007098, 0.10740287662907085, 0.0038220197838762433, 0.10524901194554385, 0.005354421529122021, 0.08776005969354603, 0.0131745078147179, 0.07456658920555408, 0.012743984302550623, 0.05353164422241121, 0.010474117074841987]</VALUES>
		<LCS_MIN>[0.11443288624286652, 0.10174570977687836, 0.09878838062286377, 0.0720595270395279, 0.058943428099155426, 0.03781318664550781]</LCS_MIN>
		<LCS_MAX>[0.1298290640115738, 0.12183749675750732, 0.12511087954044342, 0.13104811310768127, 0.11443288624286652, 0.08799750357866287]</LCS_MAX>
		<WAVELENGTH>[0.48, 0.56, 0.655, 0.865, 1.61, 2.2]</WAVELENGTH>
		<MEAN_VALUE>[0.11827221196709249, 0.10740287662907085, 0.10524901194554385, 0.08776005969354603, 0.07456658920555408, 0.05353164422241121]</MEAN_VALUE>
		<CHECKBOX>2</CHECKBOX>
		<SD>[0.003037044111007098, 0.0038220197838762433, 0.005354421529122021, 0.0131745078147179, 0.012743984302550623, 0.010474117074841987]</SD>
		<WAVELENGTH_UNIT>E-6m</WAVELENGTH_UNIT>
		<COLOR>#71b23d</COLOR>
		<COVARIANCE_MATRIX>[[9.251672054233495e-06, 1.1185233233845793e-05, 1.546561179566197e-05, 2.9695273042307235e-05, 2.8818914870498702e-05, 2.4242854124167934e-05], [1.1185233233845793e-05, 1.4652236131951213e-05, 2.0192730517010204e-05, 3.928407750208862e-05, 3.920473318430595e-05, 3.2866926630958915e-05], [1.546561179566197e-05, 2.0192730517010204e-05, 2.8756972824339755e-05, 5.797444828203879e-05, 5.792546653538011e-05, 4.845860894420184e-05], [2.9695273042307235e-05, 3.928407750208862e-05, 5.797444828203879e-05, 0.0001740952138788998, 0.00015980814350768924, 0.00012699472426902503], [2.8818914870498702e-05, 3.920473318430595e-05, 5.792546653538011e-05, 0.00015980814350768924, 0.0001629027829039842, 0.0001325555786024779], [2.4242854124167934e-05, 3.2866926630958915e-05, 4.845860894420184e-05, 0.00012699472426902503, 0.0001325555786024779, 0.00011004058615071699]]</COVARIANCE_MATRIX>
		<ROI_SIZE>330</ROI_SIZE>
		<MAX_VALUE>[0.1298290640115738, 0.12183749675750732, 0.12511087954044342, 0.13104811310768127, 0.11443288624286652, 0.08799750357866287]</MAX_VALUE>
		<MIN_VALUE>[0.11443288624286652, 0.10174570977687836, 0.09878838062286377, 0.0720595270395279, 0.058943428099155426, 0.03781318664550781]</MIN_VALUE>
		<SIGNATURE_THRESHOLD_MD>0.0</SIGNATURE_THRESHOLD_MD>
		<SIGNATURE_THRESHOLD_ML>0.0</SIGNATURE_THRESHOLD_ML>
		<SIGNATURE_THRESHOLD_SAM>0.0</SIGNATURE_THRESHOLD_SAM>
	</signature>
	<signature ID="20211229_100232150349_346">
		<MACROCLASSID>1</MACROCLASSID>
		<MACROCLASSINFO>waterbody</MACROCLASSINFO>
		<CLASSID>13</CLASSID>
		<CLASSINFO>C 1</CLASSINFO>
		<VALUES>[0.1177267298599084, 0.0016549491738898695, 0.10698040882746378, 0.0024929300966949454, 0.10369423468907674, 0.0035129635301087057, 0.08593836267789207, 0.008489606983244505, 0.07670035466551776, 0.009192134500743488, 0.055631369600693384, 0.007386888418695406]</VALUES>
		<LCS_MIN>[0.11522301286458969, 0.10330338031053543, 0.0977725014090538, 0.0731431394815445, 0.06433885544538498, 0.04562414810061455]</LCS_MIN>
		<LCS_MAX>[0.12310170382261276, 0.11736764013767242, 0.11836094409227371, 0.11109177023172379, 0.1044321358203888, 0.0802316889166832]</LCS_MAX>
		<WAVELENGTH>[0.48, 0.56, 0.655, 0.865, 1.61, 2.2]</WAVELENGTH>
		<MEAN_VALUE>[0.1177267298599084, 0.10698040882746378, 0.10369423468907674, 0.08593836267789207, 0.07670035466551776, 0.055631369600693384]</MEAN_VALUE>
		<CHECKBOX>2</CHECKBOX>
		<SD>[0.0016549491738898695, 0.0024929300966949454, 0.0035129635301087057, 0.008489606983244505, 0.009192134500743488, 0.007386888418695406]</SD>
		<WAVELENGTH_UNIT>E-6m</WAVELENGTH_UNIT>
		<COLOR>#39269f</COLOR>
		<COVARIANCE_MATRIX>[[2.757238462436362e-06, 2.8404999738995684e-06, 4.221893050271319e-06, 8.361307664017659e-06, 1.0206423212366644e-05, 8.683352461957838e-06], [2.8404999738995684e-06, 6.256409960769815e-06, 8.472217814414762e-06, 1.5607913155690767e-05, 1.592820444784593e-05, 1.3264489098219201e-05], [4.221893050271319e-06, 8.472217814414762e-06, 1.2423737643985078e-05, 2.3752834749757312e-05, 2.3565995434182696e-05, 1.961441921594087e-05], [8.361307664017659e-06, 1.5607913155690767e-05, 2.3752834749757312e-05, 7.255714444909245e-05, 6.954932905500755e-05, 5.362534284358844e-05], [1.0206423212366644e-05, 1.592820444784593e-05, 2.3565995434182696e-05, 6.954932905500755e-05, 8.506242011208087e-05, 6.719732482451946e-05], [8.683352461957838e-06, 1.3264489098219201e-05, 1.961441921594087e-05, 5.362534284358844e-05, 6.719732482451946e-05, 5.493233766173944e-05]]</COVARIANCE_MATRIX>
		<ROI_SIZE>150</ROI_SIZE>
		<MAX_VALUE>[0.12310170382261276, 0.11736764013767242, 0.11836094409227371, 0.11109177023172379, 0.1044321358203888, 0.0802316889166832]</MAX_VALUE>
		<MIN_VALUE>[0.11522301286458969, 0.10330338031053543, 0.0977725014090538, 0.0731431394815445, 0.06433885544538498, 0.04562414810061455]</MIN_VALUE>
		<SIGNATURE_THRESHOLD_MD>0.0</SIGNATURE_THRESHOLD_MD>
		<SIGNATURE_THRESHOLD_ML>0.0</SIGNATURE_THRESHOLD_ML>
		<SIGNATURE_THRESHOLD_SAM>0.0</SIGNATURE_THRESHOLD_SAM>
	</signature>
	<signature ID="20211229_100245779838_284">
		<MACROCLASSID>1</MACROCLASSID>
		<MACROCLASSINFO>waterbody</MACROCLASSINFO>
		<CLASSID>14</CLASSID>
		<CLASSINFO>C 1</CLASSINFO>
		<VALUES>[0.11782020346417446, 0.0018198319583553238, 0.1074726956021121, 0.002594440676660707, 0.10544820868534081, 0.0040299197110203805, 0.09058075091230008, 0.010288862044209257, 0.08439257395625627, 0.011206849060473669, 0.059220723903741966, 0.009171606143713503]</VALUES>
		<LCS_MIN>[0.1151101291179657, 0.10375488549470901, 0.09892383217811584, 0.0756489560008049, 0.06770254671573639, 0.04666261374950409]</LCS_MIN>
		<LCS_MAX>[0.12483996897935867, 0.1195799857378006, 0.12506572902202606, 0.12335002422332764, 0.11470378190279007, 0.0884038507938385]</LCS_MAX>
		<WAVELENGTH>[0.48, 0.56, 0.655, 0.865, 1.61, 2.2]</WAVELENGTH>
		<MEAN_VALUE>[0.11782020346417446, 0.1074726956021121, 0.10544820868534081, 0.09058075091230008, 0.08439257395625627, 0.059220723903741966]</MEAN_VALUE>
		<CHECKBOX>2</CHECKBOX>
		<SD>[0.0018198319583553238, 0.002594440676660707, 0.0040299197110203805, 0.010288862044209257, 0.011206849060473669, 0.009171606143713503]</SD>
		<WAVELENGTH_UNIT>E-6m</WAVELENGTH_UNIT>
		<COLOR>#0fa5e7</COLOR>
		<COVARIANCE_MATRIX>[[3.326063279018854e-06, 3.7545380564552033e-06, 5.689711542800069e-06, 1.2185056220914703e-05, 1.5327979781432077e-05, 1.3152613064448815e-05], [3.7545380564552033e-06, 6.760135875083506e-06, 9.967492587747984e-06, 2.15695945371408e-05, 2.3413904273184016e-05, 2.1085506887175143e-05], [5.689711542800069e-06, 9.967492587747984e-06, 1.631025406823028e-05, 3.775310324272141e-05, 3.585950980777852e-05, 3.158641266054474e-05], [1.2185056220914703e-05, 2.15695945371408e-05, 3.775310324272141e-05, 0.00010631697659846395, 9.492604294791818e-05, 7.904678204795346e-05], [1.5327979781432077e-05, 2.3413904273184016e-05, 3.585950980777852e-05, 9.492604294791818e-05, 0.00012613482249435037, 0.00010102851956617087], [1.3152613064448815e-05, 2.1085506887175143e-05, 3.158641266054474e-05, 7.904678204795346e-05, 0.00010102851956617087, 8.448094013147056e-05]]</COVARIANCE_MATRIX>
		<ROI_SIZE>233</ROI_SIZE>
		<MAX_VALUE>[0.12483996897935867, 0.1195799857378006, 0.12506572902202606, 0.12335002422332764, 0.11470378190279007, 0.0884038507938385]</MAX_VALUE>
		<MIN_VALUE>[0.1151101291179657, 0.10375488549470901, 0.09892383217811584, 0.0756489560008049, 0.06770254671573639, 0.04666261374950409]</MIN_VALUE>
		<SIGNATURE_THRESHOLD_MD>0.0</SIGNATURE_THRESHOLD_MD>
		<SIGNATURE_THRESHOLD_ML>0.0</SIGNATURE_THRESHOLD_ML>
		<SIGNATURE_THRESHOLD_SAM>0.0</SIGNATURE_THRESHOLD_SAM>
	</signature>
	<signature ID="20211229_100255378138_367">
		<MACROCLASSID>1</MACROCLASSID>
		<MACROCLASSINFO>waterbody</MACROCLASSINFO>
		<CLASSID>15</CLASSID>
		<CLASSINFO>C 1</CLASSINFO>
		<VALUES>[0.11873004047998362, 0.0021283691500832264, 0.10861271215336661, 0.0028969299851495625, 0.10665900467761931, 0.004170419156074394, 0.09460119088845591, 0.009683125718973205, 0.08817955894129617, 0.01052432472858543, 0.06327267722891904, 0.008586761280523653]</VALUES>
		<LCS_MIN>[0.11472635716199875, 0.10346142202615738, 0.09813370555639267, 0.0769583061337471, 0.07264648377895355, 0.05142594128847122]</LCS_MIN>
		<LCS_MAX>[0.1256752461194992, 0.12030239403247833, 0.12255989015102386, 0.12465937435626984, 0.11711931228637695, 0.08964548259973526]</LCS_MAX>
		<WAVELENGTH>[0.48, 0.56, 0.655, 0.865, 1.61, 2.2]</WAVELENGTH>
		<MEAN_VALUE>[0.11873004047998362, 0.10861271215336661, 0.10665900467761931, 0.09460119088845591, 0.08817955894129617, 0.06327267722891904]</MEAN_VALUE>
		<CHECKBOX>2</CHECKBOX>
		<SD>[0.0021283691500832264, 0.0028969299851495625, 0.004170419156074394, 0.009683125718973205, 0.01052432472858543, 0.008586761280523653]</SD>
		<WAVELENGTH_UNIT>E-6m</WAVELENGTH_UNIT>
		<COLOR>#b700a6</COLOR>
		<COVARIANCE_MATRIX>[[4.56254474556772e-06, 5.788904218206881e-06, 8.149640962074045e-06, 1.3935001334175467e-05, 1.272309418709483e-05, 1.1038518096029293e-05], [5.788904218206881e-06, 8.452579095319379e-06, 1.1859498044941574e-05, 2.210295497206971e-05, 2.0892404791084118e-05, 1.7902311810757965e-05], [8.149640962074045e-06, 1.1859498044941574e-05, 1.751752097334247e-05, 3.330312392790802e-05, 2.9834498491254635e-05, 2.529573430365417e-05], [1.3935001334175467e-05, 2.210295497206971e-05, 3.330312392790802e-05, 9.443747694604099e-05, 7.444604852935299e-05, 5.8277877542423084e-05], [1.272309418709483e-05, 2.0892404791084118e-05, 2.9834498491254635e-05, 7.444604852935299e-05, 0.00011155825632158667, 8.907820301828906e-05], [1.1038518096029293e-05, 1.7902311810757965e-05, 2.529573430365417e-05, 5.8277877542423084e-05, 8.907820301828906e-05, 7.426291995216161e-05]]</COVARIANCE_MATRIX>
		<ROI_SIZE>140</ROI_SIZE>
		<MAX_VALUE>[0.1256752461194992, 0.12030239403247833, 0.12255989015102386, 0.12465937435626984, 0.11711931228637695, 0.08964548259973526]</MAX_VALUE>
		<MIN_VALUE>[0.11472635716199875, 0.10346142202615738, 0.09813370555639267, 0.0769583061337471, 0.07264648377895355, 0.05142594128847122]</MIN_VALUE>
		<SIGNATURE_THRESHOLD_MD>0.0</SIGNATURE_THRESHOLD_MD>
		<SIGNATURE_THRESHOLD_ML>0.0</SIGNATURE_THRESHOLD_ML>
		<SIGNATURE_THRESHOLD_SAM>0.0</SIGNATURE_THRESHOLD_SAM>
	</signature>
	<signature ID="20211229_100300073131_970">
		<MACROCLASSID>1</MACROCLASSID>
		<MACROCLASSINFO>waterbody</MACROCLASSINFO>
		<CLASSID>16</CLASSID>
		<CLASSINFO>C 1</CLASSINFO>
		<VALUES>[0.11966728117494355, 0.002491895622175925, 0.10994302800723485, 0.003561866735845127, 0.10857454999571757, 0.00509988425431308, 0.09640230259725026, 0.011628633838942155, 0.09181505473596711, 0.012538488181896764, 0.065661438838357, 0.01054421154085195]</VALUES>
