<?xml version="1.0" ?>
<signaturelist MCID_LIST="[['1', 'waterbody', '#000000'], ['2', 'vegetation', '#000000'], ['3', 'bareland', '#000000'], ['4', 'built-up', '#000000']]">
	<signature ID="20211229_095951757831_904">
		<MACROCLASSID>1</MACROCLASSID>
		<MACROCLASSINFO>waterbody</MACROCLASSINFO>
		<CLASSID>1</CLASSID>
		<CLASSINFO>C 1</CLASSINFO>
		<VALUES>[0.08968944196145581, 0.0012546590670769547, 0.08026763610346771, 0.002110845051097536, 0.050284269399433895, 0.0040286193029277105, 0.027081074393037453, 0.005025863984282438, 0.02125450345731453, 0.0066354722503883445, 0.015237900255374734, 0.005178797982704211]</VALUES>
		<LCS_MIN>[0.08765887469053268, 0.07560381293296814, 0.044089045375585556, 0.017766550183296204, 0.014470599591732025, 0.010136192664504051]</LCS_MIN>
		<LCS_MAX>[0.10012029856443405, 0.09474744647741318, 0.082511767745018, 0.06255543231964111, 0.056121550500392914, 0.051741983741521835]</LCS_MAX>
		<WAVELENGTH>[0.48, 0.56, 0.655, 0.865, 1.61, 2.2]</WAVELENGTH>
		<MEAN_VALUE>[0.08968944196145581, 0.08026763610346771, 0.050284269399433895, 0.027081074393037453, 0.02125450345731453, 0.015237900255374734]</MEAN_VALUE>
		<CHECKBOX>2</CHECKBOX>
		<SD>[0.0012546590670769547, 0.002110845051097536, 0.0040286193029277105, 0.005025863984282438, 0.0066354722503883445, 0.005178797982704211]</SD>
		<WAVELENGTH_UNIT>E-6m</WAVELENGTH_UNIT>
		<COLOR>#255de3</COLOR>
		<COVARIANCE_MATRIX>[[1.5749939787758285e-06, 2.3023935690785064e-06, 4.014195188456584e-06, 4.335269765570535e-06, 4.886080222848407e-06, 3.8143799950574528e-06], [2.3023935690785064e-06, 4.4580008616076445e-06, 7.635552775506306e-06, 7.879684071776421e-06, 9.567506665719932e-06, 7.774109017947183e-06], [4.014195188456584e-06, 7.635552775506306e-06, 1.62382752026876e-05, 1.7646634196652093e-05, 2.2287104942894305e-05, 1.7122635572291e-05], [4.335269765570535e-06, 7.879684071776421e-06, 1.7646634196652093e-05, 2.527254048509649e-05, 3.011875589394175e-05, 2.4150020996108685e-05], [4.886080222848407e-06, 9.567506665719932e-06, 2.2287104942894305e-05, 3.011875589394175e-05, 4.405255615119793e-05, 3.295614235958645e-05], [3.8143799950574528e-06, 7.774109017947183e-06, 1.7122635572291e-05, 2.4150020996108685e-05, 3.295614235958645e-05, 2.683399775914764e-05]]</COVARIANCE_MATRIX>
		<ROI_SIZE>1910</ROI_SIZE>
		<MAX_VALUE>[0.10012029856443405, 0.09474744647741318, 0.082511767745018, 0.06255543231964111, 0.056121550500392914, 0.051741983741521835]</MAX_VALUE>
		<MIN_VALUE>[0.08765887469053268, 0.07560381293296814, 0.044089045375585556, 0.017766550183296204, 0.014470599591732025, 0.010136192664504051]</MIN_VALUE>
		<SIGNATURE_THRESHOLD_MD>0</SIGNATURE_THRESHOLD_MD>
		<SIGNATURE_THRESHOLD_ML>0</SIGNATURE_THRESHOLD_ML>
		<SIGNATURE_THRESHOLD_SAM>0</SIGNATURE_THRESHOLD_SAM>
	</signature>
	<signature ID="20211229_095958275176_785">
		<MACROCLASSID>1</MACROCLASSID>
		<MACROCLASSINFO>waterbody</MACROCLASSINFO>
		<CLASSID>2</CLASSID>
		<CLASSINFO>C 1</CLASSINFO>
		<VALUES>[0.08195671691518472, 0.0025649807162784932, 0.06746945126353374, 0.003415867243297524, 0.04495448880130641, 0.005031166771262126, 0.026578687458491363, 0.006455353286625981, 0.02105542796583208, 0.007717160936756105, 0.015839625079221365, 0.005507183795235328]</VALUES>
		<LCS_MIN>[0.07546836137771606, 0.057227734476327896, 0.030656903982162476, 0.009323488920927048, 0.007856111042201519, 0.005643755197525024]</LCS_MIN>
		<LCS_MAX>[0.09203844517469406, 0.0902550145983696, 0.07262389361858368, 0.06232969090342522, 0.05718257278203964, 0.047881655395030975]</LCS_MAX>
		<WAVELENGTH>[0.48, 0.56, 0.655, 0.865, 1.61, 2.2]</WAVELENGTH>
		<MEAN_VALUE>[0.08195671691518472, 0.06746945126353374, 0.04495448880130641, 0.026578687458491363, 0.02105542796583208, 0.015839625079221365]</MEAN_VALUE>
		<CHECKBOX>2</CHECKBOX>
		<SD>[0.0025649807162784932, 0.003415867243297524, 0.005031166771262126, 0.006455353286625981, 0.007717160936756105, 0.005507183795235328]</SD>
		<WAVELENGTH_UNIT>E-6m</WAVELENGTH_UNIT>
		<COLOR>#94afc5</COLOR>
		<COVARIANCE_MATRIX>[[6.5850108030333316e-06, 7.99811823527869e-06, 7.80809025018497e-06, 7.678880518344557e-06, 5.529633834823117e-06, 5.448404518082326e-06], [7.99811823527869e-06, 1.1678585650867009e-05, 1.1899475900338459e-05, 1.0946078535791733e-05, 9.802791549153836e-06, 8.374295178490335e-06], [7.80809025018497e-06, 1.1899475900338459e-05, 2.5335280081218506e-05, 2.4823455883069816e-05, 2.4578365044253832e-05, 1.798136310455785e-05], [7.678880518344557e-06, 1.0946078535791733e-05, 2.4823455883069816e-05, 4.170885938793922e-05, 4.514593411788181e-05, 3.140562835979684e-05], [5.529633834823117e-06, 9.802791549153836e-06, 2.4578365044253832e-05, 4.514593411788181e-05, 5.960784177256343e-05, 4.032162902769908e-05], [5.448404518082326e-06, 8.374295178490335e-06, 1.798136310455785e-05, 3.140562835979684e-05, 4.032162902769908e-05, 3.035620132709158e-05]]</COVARIANCE_MATRIX>
		<ROI_SIZE>1119</ROI_SIZE>
		<MAX_VALUE>[0.09203844517469406, 0.0902550145983696, 0.07262389361858368, 0.06232969090342522, 0.05718257278203964, 0.047881655395030975]</MAX_VALUE>
		<MIN_VALUE>[0.07546836137771606, 0.057227734476327896, 0.030656903982162476, 0.009323488920927048, 0.007856111042201519, 0.005643755197525024]</MIN_VALUE>
		<SIGNATURE_THRESHOLD_MD>0</SIGNATURE_THRESHOLD_MD>
		<SIGNATURE_THRESHOLD_ML>0</SIGNATURE_THRESHOLD_ML>
		<SIGNATURE_THRESHOLD_SAM>0</SIGNATURE_THRESHOLD_SAM>
	</signature>
	<signature ID="20211229_100003072630_246">
		<MACROCLASSID>1</MACROCLASSID>
		<MACROCLASSINFO>waterbody</MACROCLASSINFO>
		<CLASSID>3</CLASSID>
		<CLASSINFO>C 1</CLASSINFO>
		<VALUES>[0.07855256841072168, 0.003211731257384657, 0.06703496895226324, 0.005401638406592309, 0.046714715860354555, 0.0072803396943883604, 0.025317395519101078, 0.006550470634141614, 0.02221219552906092, 0.007774853659932241, 0.016642270907923046, 0.005910373349523188]</VALUES>
		<LCS_MIN>[0.07095334678888321, 0.053525410592556, 0.031672779470682144, 0.00819473434239626, 0.002122051315382123, 0.0031153480522334576]</LCS_MIN>
		<LCS_MAX>[0.09201586991548538, 0.08610119670629501, 0.07903522253036499, 0.058085571974515915, 0.05422524735331535, 0.049552205950021744]</LCS_MAX>
		<WAVELENGTH>[0.48, 0.56, 0.655, 0.865, 1.61, 2.2]</WAVELENGTH>
		<MEAN_VALUE>[0.07855256841072168, 0.06703496895226324, 0.046714715860354555, 0.025317395519101078, 0.02221219552906092, 0.016642270907923046]</MEAN_VALUE>
		<CHECKBOX>2</CHECKBOX>
		<SD>[0.003211731257384657, 0.005401638406592309, 0.0072803396943883604, 0.006550470634141614, 0.007774853659932241, 0.005910373349523188]</SD>
		<WAVELENGTH_UNIT>E-6m</WAVELENGTH_UNIT>
		<COLOR>#ca0cb6</COLOR>
		<COVARIANCE_MATRIX>[[1.0328160226336146e-05, 1.5768794365697487e-05, 1.9780890985477797e-05, 1.3570988636551477e-05, 1.417875259318471e-05, 1.2834765649885104e-05], [1.5768794365697487e-05, 2.9214306882694334e-05, 3.690076863408431e-05, 1.962990044103024e-05, 2.2545709785457343e-05, 1.935327678573583e-05], [1.9780890985477797e-05, 3.690076863408431e-05, 5.3069849636660137e-05, 3.254254943361458e-05, 3.8933195236571716e-05, 3.066623070627003e-05], [1.3570988636551477e-05, 1.962990044103024e-05, 3.254254943361458e-05, 4.2962503252125295e-05, 4.7577750105881355e-05, 3.454357474989383e-05], [1.417875259318471e-05, 2.2545709785457343e-05, 3.8933195236571716e-05, 4.7577750105881355e-05, 6.052419428835968e-05, 4.262927032717272e-05], [1.2834765649885104e-05, 1.935327678573583e-05, 3.066623070627003e-05, 3.454357474989383e-05, 4.262927032717272e-05, 3.497634313468213e-05]]</COVARIANCE_MATRIX>
		<ROI_SIZE>798</ROI_SIZE>
		<MAX_VALUE>[0.09201586991548538, 0.08610119670629501, 0.07903522253036499, 0.058085571974515915, 0.05422524735331535, 0.049552205950021744]</MAX_VALUE>
		<MIN_VALUE>[0.07095334678888321, 0.053525410592556, 0.031672779470682144, 0.00819473434239626, 0.002122051315382123, 0.0031153480522334576]</MIN_VALUE>
		<SIGNATURE_THRESHOLD_MD>0</SIGNATURE_THRESHOLD_MD>
		<SIGNATURE_THRESHOLD_ML>0</SIGNATURE_THRESHOLD_ML>
		<SIGNATURE_THRESHOLD_SAM>0</SIGNATURE_THRESHOLD_SAM>
	</signature>
	<signature ID="20211229_100012778225_285">
		<MACROCLASSID>1</MACROCLASSID>
		<MACROCLASSINFO>waterbody</MACROCLASSINFO>
		<CLASSID>4</CLASSID>
		<CLASSINFO>C 1</CLASSINFO>
		<VALUES>[0.08273720927536486, 0.0016042597253900462, 0.08166614878508782, 0.0033757646829022316, 0.06703909051915012, 0.004506364151961479, 0.03782635953070389, 0.007929884755473775, 0.02802722404400508, 0.006994803756559612, 0.021331528693230614, 0.005053118954496594]</VALUES>
		<LCS_MIN>[0.07966732233762741, 0.0760778933763504, 0.05785983428359032, 0.023387741297483444, 0.019256507977843285, 0.013838497921824455]</LCS_MIN>
		<LCS_MAX>[0.0877491757273674, 0.09305431693792343, 0.08129271119832993, 0.07203695923089981, 0.049145858734846115, 0.03688761591911316]</LCS_MAX>
		<WAVELENGTH>[0.48, 0.56, 0.655, 0.865, 1.61, 2.2]</WAVELENGTH>
		<MEAN_VALUE>[0.08273720927536486, 0.08166614878508782, 0.06703909051915012, 0.03782635953070389, 0.02802722404400508, 0.021331528693230614]</MEAN_VALUE>
		<CHECKBOX>2</CHECKBOX>
		<SD>[0.0016042597253900462, 0.0033757646829022316, 0.004506364151961479, 0.007929884755473775, 0.006994803756559612, 0.005053118954496594]</SD>
		<WAVELENGTH_UNIT>E-6m</WAVELENGTH_UNIT>
		<COLOR>#dbb147</COLOR>
		<COVARIANCE_MATRIX>[[2.6098978477269695e-06, 4.128828275133882e-06, 6.163397598345437e-06, 7.634333085329473e-06, 7.770784122422566e-06, 4.463271893705694e-06], [4.128828275133882e-06, 1.155629123932064e-05, 1.3780698955876498e-05, 9.905892358677276e-06, 8.516545439596996e-06, 5.999948523766076e-06], [6.163397598345437e-06, 1.3780698955876498e-05, 2.0593336431634007e-05, 1.8907499123930755e-05, 1.8246911365430434e-05, 1.1383859830972756e-05], [7.634333085329473e-06, 9.905892358677276e-06, 1.8907499123930755e-05, 6.376874930882915e-05, 4.618585773661233e-05, 3.284581609362907e-05], [7.770784122422566e-06, 8.516545439596996e-06, 1.8246911365430434e-05, 4.618585773661233e-05, 4.961639620676328e-05, 3.1461344303309376e-05], [4.463271893705694e-06, 5.999948523766076e-06, 1.1383859830972756e-05, 3.284581609362907e-05, 3.1461344303309376e-05, 2.589364512840955e-05]]</COVARIANCE_MATRIX>
		<ROI_SIZE>72</ROI_SIZE>
		<MAX_VALUE>[0.0877491757273674, 0.09305431693792343, 0.08129271119832993, 0.07203695923089981, 0.049145858734846115, 0.03688761591911316]</MAX_VALUE>
		<MIN_VALUE>[0.07966732233762741, 0.0760778933763504, 0.05785983428359032, 0.023387741297483444, 0.019256507977843285, 0.013838497921824455]</MIN_VALUE>
		<SIGNATURE_THRESHOLD_MD>0</SIGNATURE_THRESHOLD_MD>
		<SIGNATURE_THRESHOLD_ML>0</SIGNATURE_THRESHOLD_ML>
		<SIGNATURE_THRESHOLD_SAM>0</SIGNATURE_THRESHOLD_SAM>
	</signature>
	<signature ID="20211229_100036218395_876">
		<MACROCLASSID>1</MACROCLASSID>
		<MACROCLASSINFO>waterbody</MACROCLASSINFO>
		<CLASSID>5</CLASSID>
		<CLASSINFO>C 1</CLASSINFO>
		<VALUES>[0.08037162566667096, 0.002952433596809196, 0.06481078132877457, 0.003819685930090462, 0.050455379573737864, 0.005394406532765949, 0.036757475230842836, 0.010214899014059281, 0.029919561094549654, 0.010232256642462982, 0.02356203092152581, 0.008211529232355286]</VALUES>
		<LCS_MIN>[0.07542320340871811, 0.05923689901828766, 0.042779698967933655, 0.02451648749411106, 0.015396172180771828, 0.01106176432222128]</LCS_MIN>
		<LCS_MAX>[0.0900292620062828, 0.08016397804021835, 0.06896675378084183, 0.07239815592765808, 0.0640905350446701, 0.05474447086453438]</LCS_MAX>
		<WAVELENGTH>[0.48, 0.56, 0.655, 0.865, 1.61, 2.2]</WAVELENGTH>
		<MEAN_VALUE>[0.08037162566667096, 0.06481078132877457, 0.050455379573737864, 0.036757475230842836, 0.029919561094549654, 0.02356203092152581]</MEAN_VALUE>
		<CHECKBOX>2</CHECKBOX>
		<SD>[0.002952433596809196, 0.003819685930090462, 0.005394406532765949, 0.010214899014059281, 0.010232256642462982, 0.008211529232355286]</SD>
		<WAVELENGTH_UNIT>E-6m</WAVELENGTH_UNIT>
		<COLOR>#212dfc</COLOR>
		<COVARIANCE_MATRIX>[[8.781433507594108e-06, 9.550306178226263e-06, 1.2233217516351164e-05, 1.756795313908715e-05, 1.9183960481311143e-05, 1.8323596005506545e-05], [9.550306178226263e-06, 1.4698074683083133e-05, 1.9434595479883204e-05, 2.707361782912922e-05, 3.068100136354274e-05, 2.537688555173876e-05], [1.2233217516351164e-05, 1.9434595479883204e-05, 2.9315174595123854e-05, 4.5564396739769326e-05, 4.85243453853163e-05, 3.688063039525741e-05], [1.756795313908715e-05, 2.707361782912922e-05, 4.5564396739769326e-05, 0.00010511708158496566, 9.166705678504039e-05, 6.851544878208387e-05], [1.9183960481311143e-05, 3.068100136354274e-05, 4.85243453853163e-05, 9.166705678504039e-05, 0.00010547462470831841, 7.87674594860835e-05], [1.8323596005506545e-05, 2.537688555173876e-05, 3.688063039525741e-05, 6.851544878208387e-05, 7.87674594860835e-05, 6.792868798074266e-05]]</COVARIANCE_MATRIX>
		<ROI_SIZE>136</ROI_SIZE>
		<MAX_VALUE>[0.0900292620062828, 0.08016397804021835, 0.06896675378084183, 0.07239815592765808, 0.0640905350446701, 0.05474447086453438]</MAX_VALUE>
		<MIN_VALUE>[0.07542320340871811, 0.05923689901828766, 0.042779698967933655, 0.02451648749411106, 0.015396172180771828, 0.01106176432222128]</MIN_VALUE>
		<SIGNATURE_THRESHOLD_MD>0</SIGNATURE_THRESHOLD_MD>
		<SIGNATURE_THRESHOLD_ML>0</SIGNATURE_THRESHOLD_ML>
		<SIGNATURE_THRESHOLD_SAM>0</SIGNATURE_THRESHOLD_SAM>
	</signature>
	<signature ID="20211229_100045219206_594">
		<MACROCLASSID>1</MACROCLASSID>
		<MACROCLASSINFO>waterbody</MACROCLASSINFO>
		<CLASSID>6</CLASSID>
		<CLASSINFO>C 1</CLASSINFO>
		<VALUES>[0.1375629785356937, 0.002077024796207943, 0.10621014593949805, 0.003068908952413234, 0.0883400448932998, 0.0017039699402682253, 0.0770478822708917, 0.001468920692592717, 0.057180877145465776, 0.0012779485479445087, 0.043262313576814745, 0.0009584466630426848]</VALUES>
		<LCS_MIN>[0.13371196389198303, 0.10183601081371307, 0.08519820123910904, 0.07404614239931107, 0.05449614301323891, 0.041267167776823044]</LCS_MIN>
		<LCS_MAX>[0.1446382999420166, 0.11682582646608353, 0.09440881013870239, 0.08230859041213989, 0.06190075725317001, 0.04650457575917244]</LCS_MAX>
		<WAVELENGTH>[0.48, 0.56, 0.655, 0.865, 1.61, 2.2]</WAVELENGTH>
		<MEAN_VALUE>[0.1375629785356937, 0.10621014593949805, 0.0883400448932998, 0.0770478822708917, 0.057180877145465776, 0.043262313576814745]</MEAN_VALUE>
		<CHECKBOX>2</CHECKBOX>
		<SD>[0.002077024796207943, 0.003068908952413234, 0.0017039699402682253, 0.001468920692592717, 0.0012779485479445087, 0.0009584466630426848]</SD>
		<WAVELENGTH_UNIT>E-6m</WAVELENGTH_UNIT>
		<COLOR>#60bcaf</COLOR>
		<COVARIANCE_MATRIX>[[4.702583039967098e-06, 6.886105306705626e-06, 3.5537948203658916e-06, 2.708432756720815e-06, 2.1940075516302023e-06, 1.478910183077691e-06], [6.886105306705626e-06, 1.0274606275163226e-05, 5.2575036729505216e-06, 3.991401825267367e-06, 3.2272926246191196e-06, 2.1602854297184803e-06], [3.5537948203658916e-06, 5.2575036729505216e-06, 3.0552635989598913e-06, 2.465791064825177e-06, 2.0748116435660615e-06, 1.4668443437844257e-06], [2.708432756720815e-06, 3.991401825267367e-06, 2.465791064825177e-06, 2.1819595272183705e-06, 1.8210121103772817e-06, 1.3167442715571186e-06], [2.1940075516302023e-06, 3.2272926246191196e-06, 2.0748116435660615e-06, 1.8210121103772817e-06, 1.6396851536943925e-06, 1.1829248587653895e-06], [1.478910183077691e-06, 2.1602854297184803e-06, 1.4668443437844257e-06, 1.3167442715571186e-06, 1.1829248587653895e-06, 9.283650849864354e-07]]</COVARIANCE_MATRIX>
		<ROI_SIZE>10201</ROI_SIZE>
		<MAX_VALUE>[0.1446382999420166, 0.11682582646608353, 0.09440881013870239, 0.08230859041213989, 0.06190075725317001, 0.04650457575917244]</MAX_VALUE>
		<MIN_VALUE>[0.13371196389198303, 0.10183601081371307, 0.08519820123910904, 0.07404614239931107, 0.05449614301323891, 0.041267167776823044]</MIN_VALUE>
		<SIGNATURE_THRESHOLD_MD>0</SIGNATURE_THRESHOLD_MD>
		<SIGNATURE_THRESHOLD_ML>0</SIGNATURE_THRESHOLD_ML>
		<SIGNATURE_THRESHOLD_SAM>0</SIGNATURE_THRESHOLD_SAM>
	</signature>
	<signature ID="20211229_100052790340_978">
		<MACROCLASSID>1</MACROCLASSID>
		<MACROCLASSINFO>waterbody</MACROCLASSINFO>
		<CLASSID>7</CLASSID>
		<CLASSINFO>C 1</CLASSINFO>
		<VALUES>[0.10732951295930285, 0.006611685939804526, 0.11377379523460253, 0.007561963165604106, 0.10443276717912324, 0.008832499529124441, 0.07145724677762323, 0.010289409721797982, 0.060202801496137, 0.011349089772606978, 0.04936279101773751, 0.0092214405765683]</VALUES>
		<LCS_MIN>[0.08508532494306564, 0.08820068836212158, 0.07546836137771606, 0.04058992117643356, 0.02946043200790882, 0.023500610142946243]</LCS_MIN>
		<LCS_MAX>[0.12511087954044342, 0.13912998139858246, 0.136150062084198, 0.10242295265197754, 0.0901421383023262, 0.0788094624876976]</LCS_MAX>
		<WAVELENGTH>[0.48, 0.56, 0.655, 0.865, 1.61, 2.2]</WAVELENGTH>
		<MEAN_VALUE>[0.10732951295930285, 0.11377379523460253, 0.10443276717912324, 0.07145724677762323, 0.060202801496137, 0.04936279101773751]</MEAN_VALUE>
		<CHECKBOX>2</CHECKBOX>
		<SD>[0.006611685939804526, 0.007561963165604106, 0.008832499529124441, 0.010289409721797982, 0.011349089772606978, 0.0092214405765683]</SD>
		<WAVELENGTH_UNIT>E-6m</WAVELENGTH_UNIT>
		<COLOR>#e1ce74</COLOR>
		<COVARIANCE_MATRIX>[[4.3918663821592844e-05, 4.904009279385649e-05, 5.485503819337534e-05, 5.661209361243266e-05, 5.279531920671989e-05, 4.7429351596540534e-05], [4.904009279385649e-05, 5.745049853906491e-05, 6.556233482905627e-05, 6.73470614310898e-05, 6.468803830116582e-05, 5.7017394609163345e-05], [5.485503819337534e-05, 6.556233482905627e-05, 7.837759488493676e-05, 8.509626376109405e-05, 8.599446520231298e-05, 7.336503295988265e-05], [5.661209361243266e-05, 6.73470614310898e-05, 8.509626376109405e-05, 0.00010636668117267129, 0.00011320672814843708, 9.2828991124932e-05], [5.279531920671989e-05, 6.468803830116582e-05, 8.599446520231298e-05, 0.00011320672814843708, 0.0001294037164174713, 0.00010127989916370765], [4.7429351596540534e-05, 5.7017394609163345e-05, 7.336503295988265e-05, 9.2828991124932e-05, 0.00010127989916370765, 8.54323259628213e-05]]</COVARIANCE_MATRIX>
		<ROI_SIZE>215</ROI_SIZE>
		<MAX_VALUE>[0.12511087954044342, 0.13912998139858246, 0.136150062084198, 0.10242295265197754, 0.0901421383023262, 0.0788094624876976]</MAX_VALUE>
		<MIN_VALUE>[0.08508532494306564, 0.08820068836212158, 0.07546836137771606, 0.04058992117643356, 0.02946043200790882, 0.023500610142946243]</MIN_VALUE>
		<SIGNATURE_THRESHOLD_MD>0</SIGNATURE_THRESHOLD_MD>
		<SIGNATURE_THRESHOLD_ML>0</SIGNATURE_THRESHOLD_ML>
		<SIGNATURE_THRESHOLD_SAM>0</SIGNATURE_THRESHOLD_SAM>
	</signature>
	<signature ID="20211229_100057307844_715">
		<MACROCLASSID>1</MACROCLASSID>
		<MACROCLASSINFO>waterbody</MACROCLASSINFO>
		<CLASSID>8</CLASSID>
		<CLASSINFO>C 1</CLASSINFO>
		<VALUES>[0.09128902919058288, 0.006273167913431206, 0.0924621251012598, 0.00751430868314614, 0.09124226721801927, 0.008242396316241825, 0.06165041794468248, 0.013163977796888379, 0.04395521249222967, 0.01237457275940975, 0.03491914957495674, 0.010493012183120726]</VALUES>
		<LCS_MIN>[0.08242146670818329, 0.08246662467718124, 0.0793512612581253, 0.045895062386989594, 0.029776474460959435, 0.019978905096650124]</LCS_MIN>
		<LCS_MAX>[0.11574223637580872, 0.11693870276212692, 0.11802231520414352, 0.09540211409330368, 0.0772743672132492, 0.07038898020982742]</LCS_MAX>
		<WAVELENGTH>[0.48, 0.56, 0.655, 0.865, 1.61, 2.2]</WAVELENGTH>
		<MEAN_VALUE>[0.09128902919058288, 0.0924621251012598, 0.09124226721801927, 0.06165041794468248, 0.04395521249222967, 0.03491914957495674]</MEAN_VALUE>
		<CHECKBOX>2</CHECKBOX>
		<SD>[0.006273167913431206, 0.00751430868314614, 0.008242396316241825, 0.013163977796888379, 0.01237457275940975, 0.010493012183120726]</SD>
		<WAVELENGTH_UNIT>E-6m</WAVELENGTH_UNIT>
		<COLOR>#ab6fef</COLOR>
		<COVARIANCE_MATRIX>[[4.0068138136832e-05, 4.420503058677695e-05, 4.774879032521331e-05, 4.71542428808055e-05, 5.067656983704121e-05, 4.48727558158079e-05], [4.420503058677695e-05, 5.7491468348980084e-05, 6.2503396642152e-05, 5.761163269685934e-05, 6.644249118980831e-05, 5.456382577954802e-05], [4.774879032521331e-05, 6.2503396642152e-05, 6.917231698006948e-05, 6.060122464739092e-05, 7.393212246458074e-05, 6.0461313055351725e-05], [4.71542428808055e-05, 5.761163269685934e-05, 6.060122464739092e-05, 0.00017644104437218784, 0.00014889390238896475, 0.00011836450566224361], [5.067656983704121e-05, 6.644249118980831e-05, 7.393212246458074e-05, 0.00014889390238896475, 0.00015591423372297912, 0.00012660706479535882], [4.48727558158079e-05, 5.456382577954802e-05, 6.0461313055351725e-05, 0.00011836450566224361, 0.00012660706479535882, 0.00011210518294194035]]</COVARIANCE_MATRIX>
		<ROI_SIZE>56</ROI_SIZE>
		<MAX_VALUE>[0.11574223637580872, 0.11693870276212692, 0.11802231520414352, 0.09540211409330368, 0.0772743672132492, 0.07038898020982742]</MAX_VALUE>
		<MIN_VALUE>[0.08242146670818329, 0.08246662467718124, 0.0793512612581253, 0.045895062386989594, 0.029776474460959435, 0.019978905096650124]</MIN_VALUE>
		<SIGNATURE_THRESHOLD_MD>0</SIGNATURE_THRESHOLD_MD>
		<SIGNATURE_THRESHOLD_ML>0</SIGNATURE_THRESHOLD_ML>
		<SIGNATURE_THRESHOLD_SAM>0</SIGNATURE_THRESHOLD_SAM>
	</signature>
	<signature ID="20211229_100105361571_228">
		<MACROCLASSID>1</MACROCLASSID>
		<MACROCLASSINFO>waterbody</MACROCLASSINFO>
		<CLASSID>9</CLASSID>
		<CLASSINFO>C 1</CLASSINFO>
		<VALUES>[0.09853017615775267, 0.0021497876421246094, 0.09578110001360372, 0.0025538257043164064, 0.06838158344229062, 0.004659440195372144, 0.03704610979960609, 0.007104190813584103, 0.025231273045452925, 0.0074022266554521704, 0.019306547369342314, 0.006177755589537666]</VALUES>
		<LCS_MIN>[0.09456685185432434, 0.08294069021940231, 0.06201363354921341, 0.029799047857522964, 0.018263202160596848, 0.014448019675910473]</LCS_MIN>
		<LCS_MAX>[0.10571891069412231, 0.10346142202615738, 0.08558197319507599, 0.06698013842105865, 0.05758891999721527, 0.049981143325567245]</LCS_MAX>
		<WAVELENGTH>[0.48, 0.56, 0.655, 0.865, 1.61, 2.2]</WAVELENGTH>
		<MEAN_VALUE>[0.09853017615775267, 0.09578110001360372, 0.06838158344229062, 0.03704610979960609, 0.025231273045452925, 0.019306547369342314]</MEAN_VALUE>
		<CHECKBOX>2</CHECKBOX>
		<SD>[0.0021497876421246094, 0.0025538257043164064, 0.004659440195372144, 0.007104190813584103, 0.0074022266554521704, 0.006177755589537666]</SD>
		<WAVELENGTH_UNIT>E-6m</WAVELENGTH_UNIT>
		<COLOR>#3990ae</COLOR>
		<COVARIANCE_MATRIX>[[4.6409240899397605e-06, 4.512172952457804e-06, 8.951225011364787e-06, 1.1016359725564777e-05, 1.0431079933056736e-05, 8.98598403134755e-06], [4.512172952457804e-06, 6.54931453860464e-06, 7.006424527906851e-06, 7.907101973078745e-06, 7.028549144266354e-06, 6.68025271891353e-06], [8.951225011364787e-06, 7.006424527906851e-06, 2.1801221356568614e-05, 2.976362791330137e-05, 3.0356145160276664e-05, 2.5189317125217483e-05], [1.1016359725564777e-05, 7.907101973078745e-06, 2.976362791330137e-05, 5.0680696685334974e-05, 5.044801676000618e-05, 4.277377813252265e-05], [1.0431079933056736e-05, 7.028549144266354e-06, 3.0356145160276664e-05, 5.044801676000618e-05, 5.502221870328359e-05, 4.435798091253555e-05], [8.98598403134755e-06, 6.68025271891353e-06, 2.5189317125217483e-05, 4.277377813252265e-05, 4.435798091253555e-05, 3.832434891119385e-05]]</COVARIANCE_MATRIX>
		<ROI_SIZE>240</ROI_SIZE>
		<MAX_VALUE>[0.10571891069412231, 0.10346142202615738, 0.08558197319507599, 0.06698013842105865, 0.05758891999721527, 0.049981143325567245]</MAX_VALUE>
		<MIN_VALUE>[0.09456685185432434, 0.08294069021940231, 0.06201363354921341, 0.029799047857522964, 0.018263202160596848, 0.014448019675910473]</MIN_VALUE>
		<SIGNATURE_THRESHOLD_MD>0</SIGNATURE_THRESHOLD_MD>
		<SIGNATURE_THRESHOLD_ML>0</SIGNATURE_THRESHOLD_ML>
		<SIGNATURE_THRESHOLD_SAM>0</SIGNATURE_THRESHOLD_SAM>
	</signature>
	<signature ID="20211229_100134829165_678">
		<MACROCLASSID>1</MACROCLASSID>
		<MACROCLASSINFO>waterbody</MACROCLASSINFO>
		<CLASSID>10</CLASSID>
		<CLASSINFO>C 1</CLASSINFO>
		<VALUES>[0.09408410470670381, 0.0016003347501520097, 0.07912007101457313, 0.003223106324798186, 0.057837212438577104, 0.005622381957378702, 0.04775693966075782, 0.006154487831198636, 0.040787690663447895, 0.007722710852862396, 0.028810915445357976, 0.006266503421624997]</VALUES>
		<LCS_MIN>[0.09190299361944199, 0.07558123767375946, 0.05228379741311073, 0.03930314630270004, 0.02709004655480385, 0.020881906151771545]</LCS_MIN>
		<LCS_MAX>[0.10111360251903534, 0.09492805600166321, 0.08797493577003479, 0.07763556391000748, 0.07131455093622208, 0.05980128422379494]</LCS_MAX>
		<WAVELENGTH>[0.48, 0.56, 0.655, 0.865, 1.61, 2.2]</WAVELENGTH>
		<MEAN_VALUE>[0.09408410470670381, 0.07912007101457313, 0.057837212438577104, 0.04775693966075782, 0.040787690663447895, 0.028810915445357976]</MEAN_VALUE>
		<CHECKBOX>2</CHECKBOX>
		<SD>[0.0016003347501520097, 0.003223106324798186, 0.005622381957378702, 0.006154487831198636, 0.007722710852862396, 0.006266503421624997]</SD>
		<WAVELENGTH_UNIT>E-6m</WAVELENGTH_UNIT>
		<COLOR>#db4025</COLOR>
		<COVARIANCE_MATRIX>[[2.565588193165885e-06, 4.57908547726277e-06, 7.716283336408738e-06, 8.32354971672214e-06, 1.0625662093896797e-05, 8.661967244911387e-06], [4.57908547726277e-06, 1.0406736099439076e-05, 1.7750022757375053e-05, 1.6561996664806132e-05, 2.0213385844164823e-05, 1.6781080137343102e-05], [7.716283336408738e-06, 1.7750022757375053e-05, 3.1666930512884516e-05, 2.9947483681500606e-05, 3.536984077517238e-05, 2.8979412577010474e-05], [8.32354971672214e-06, 1.6561996664806132e-05, 2.9947483681500606e-05, 3.794452420416808e-05, 4.327714095668025e-05, 3.5213162554703906e-05], [1.0625662093896797e-05, 2.0213385844164823e-05, 3.536984077517238e-05, 4.327714095668025e-05, 5.97454485658021e-05, 4.745187696998013e-05], [8.661967244911387e-06, 1.6781080137343102e-05, 2.8979412577010474e-05, 3.5213162554703906e-05, 4.745187696998013e-05, 3.933832274370205e-05]]</COVARIANCE_MATRIX>
		<ROI_SIZE>568</ROI_SIZE>
		<MAX_VALUE>[0.10111360251903534, 0.09492805600166321, 0.08797493577003479, 0.07763556391000748, 0.07131455093622208, 0.05980128422379494]</MAX_VALUE>
		<MIN_VALUE>[0.09190299361944199, 0.07558123767375946, 0.05228379741311073, 0.03930314630270004, 0.02709004655480385, 0.020881906151771545]</MIN_VALUE>
		<SIGNATURE_THRESHOLD_MD>0</SIGNATURE_THRESHOLD_MD>
		<SIGNATURE_THRESHOLD_ML>0</SIGNATURE_THRESHOLD_ML>
		<SIGNATURE_THRESHOLD_SAM>0</SIGNATURE_THRESHOLD_SAM>
	</signature>
	<signature ID="20211229_100146587097_361">
		<MACROCLASSID>1</MACROCLASSID>
		<MACROCLASSINFO>waterbody</MACROCLASSINFO>
		<CLASSID>11</CLASSID>
		<CLASSINFO>C 1</CLASSINFO>
		<VALUES>[0.11782414174264239, 0.0022501488925740507, 0.10738155549180878, 0.0025212322873192005, 0.10530732767944476, 0.00365469364551018, 0.08626469850693783, 0.01029044433869622, 0.07221522700694417, 0.010969964934370718, 0.05152950593337572, 0.0090082993332943]</VALUES>
		<LCS_MIN>[0.11438772827386856, 0.10375488549470901, 0.09933017939329147, 0.07442991435527802, 0.057408325374126434, 0.04174124822020531]</LCS_MIN>
		<LCS_MAX>[0.12707491219043732, 0.11678068339824677, 0.11831578612327576, 0.11982831358909607, 0.10479333996772766, 0.07973504066467285]</LCS_MAX>
		<WAVELENGTH>[0.48, 0.56, 0.655, 0.865, 1.61, 2.2]</WAVELENGTH>
		<MEAN_VALUE>[0.11782414174264239, 0.10738155549180878, 0.10530732767944476, 0.08626469850693783, 0.07221522700694417, 0.05152950593337572]</MEAN_VALUE>
		<CHECKBOX>2</CHECKBOX>
		<SD>[0.0022501488925740507, 0.0025212322873192005, 0.00365469364551018, 0.01029044433869622, 0.010969964934370718, 0.0090082993332943]</SD>
		<WAVELENGTH_UNIT>E-6m</WAVELENGTH_UNIT>
		<COLOR>#7cf2a9</COLOR>
		<COVARIANCE_MATRIX>[[5.0894040804037775e-06, 5.0671975523845605e-06, 7.0813219268145336e-06, 1.4451939353499619e-05, 1.57090460805933e-05, 1.3939623807631013e-05], [5.0671975523845605e-06, 6.389548061370126e-06, 8.780377806454696e-06, 1.8690411812602877e-05, 2.1433623153295983e-05, 1.8104133464095585e-05], [7.0813219268145336e-06, 8.780377806454696e-06, 1.3425991785758028e-05, 2.9862074488966234e-05, 3.299933371288996e-05, 2.8086667924192407e-05], [1.4451939353499619e-05, 1.8690411812602877e-05, 2.9862074488966234e-05, 0.00010644191434939993, 0.00010233546207602977, 8.107000308645712e-05], [1.57090460805933e-05, 2.1433623153295983e-05, 3.299933371288996e-05, 0.00010233546207602977, 0.00012096365465438697, 9.757443702329803e-05], [1.3939623807631013e-05, 1.8104133464095585e-05, 2.8086667924192407e-05, 8.107000308645712e-05, 9.757443702329803e-05, 8.156992038537157e-05]]</COVARIANCE_MATRIX>
		<ROI_SIZE>194</ROI_SIZE>
		<MAX_VALUE>[0.12707491219043732, 0.11678068339824677, 0.11831578612327576, 0.11982831358909607, 0.10479333996772766, 0.07973504066467285]</MAX_VALUE>
		<MIN_VALUE>[0.11438772827386856, 0.10375488549470901, 0.09933017939329147, 0.07442991435527802, 0.057408325374126434, 0.04174124822020531]</MIN_VALUE>
		<SIGNATURE_THRESHOLD_MD>0</SIGNATURE_THRESHOLD_MD>
		<SIGNATURE_THRESHOLD_ML>0</SIGNATURE_THRESHOLD_ML>
		<SIGNATURE_THRESHOLD_SAM>0</SIGNATURE_THRESHOLD_SAM>
	</signature>
	<signature ID="20211229_100224776457_313">
		<MACROCLASSID>1</MACROCLASSID>
		<MACROCLASSINFO>waterbody</MACROCLASSINFO>
		<CLASSID>12</CLASSID>
		<CLASSINFO>C 1</CLASSINFO>
		<VALUES>[0.11827221196709249, 0.003037044111007098, 0.10740287662907085, 0.0038220197838762433, 0.10524901194554385, 0.005354421529122021, 0.08776005969354603, 0.0131745078147179, 0.07456658920555408, 0.012743984302550623, 0.05353164422241121, 0.010474117074841987]</VALUES>
		<LCS_MIN>[0.11443288624286652, 0.10174570977687836, 0.09878838062286377, 0.0720595270395279, 0.058943428099155426, 0.03781318664550781]</LCS_MIN>
		<LCS_MAX>[0.1298290640115738, 0.12183749675750732, 0.12511087954044342, 0.13104811310768127, 0.11443288624286652, 0.08799750357866287]</LCS_MAX>
		<WAVELENGTH>[0.48, 0.56, 0.655, 0.865, 1.61, 2.2]</WAVELENGTH>
		<MEAN_VALUE>[0.11827221196709249, 0.10740287662907085, 0.10524901194554385, 0.08776005969354603, 0.07456658920555408, 0.05353164422241121]</MEAN_VALUE>
		<CHECKBOX>2</CHECKBOX>
		<SD>[0.003037044111007098, 0.0038220197838762433, 0.005354421529122021, 0.0131745078147179, 0.012743984302550623, 0.010474117074841987]</SD>
		<WAVELENGTH_UNIT>E-6m</WAVELENGTH_UNIT>
		<COLOR>#71b23d</COLOR>
		<COVARIANCE_MATRIX>[[9.251672302817597e-06, 1.1185233543420087e-05, 1.546561126484681e-05, 2.9695272992052256e-05, 2.8818915274840626e-05, 2.424285354342248e-05], [1.1185233543420087e-05, 1.4652235943321079e-05, 2.0192731093659207e-05, 3.9284076886378475e-05, 3.920473293771672e-05, 3.2866925652907115e-05], [1.546561126484681e-05, 2.0192731093659207e-05, 2.8756972251681836e-05, 5.797444772143659e-05, 5.792546650536488e-05, 4.84586093271587e-05], [2.9695272992052256e-05, 3.9284076886378475e-05, 5.797444772143659e-05, 0.00017409521742498704, 0.0001598081421061386, 0.00012699472090441815], [2.8818915274840626e-05, 3.920473293771672e-05, 5.792546650536488e-05, 0.0001598081421061386, 0.00016290278069363735, 0.00013255558229981397], [2.424285354342248e-05, 3.2866925652907115e-05, 4.84586093271587e-05, 0.00012699472090441815, 0.00013255558229981397, 0.00011004058481511804]]</COVARIANCE_MATRIX>
		<ROI_SIZE>330</ROI_SIZE>
		<MAX_VALUE>[0.1298290640115738, 0.12183749675750732, 0.12511087954044342, 0.13104811310768127, 0.11443288624286652, 0.08799750357866287]</MAX_VALUE>
		<MIN_VALUE>[0.11443288624286652, 0.10174570977687836, 0.09878838062286377, 0.0720595270395279, 0.058943428099155426, 0.03781318664550781]</MIN_VALUE>
		<SIGNATURE_THRESHOLD_MD>0</SIGNATURE_THRESHOLD_MD>
		<SIGNATURE_THRESHOLD_ML>0</SIGNATURE_THRESHOLD_ML>
		<SIGNATURE_THRESHOLD_SAM>0</SIGNATURE_THRESHOLD_SAM>
	</signature>
	<signature ID="20211229_100232150349_346">
		<MACROCLASSID>1</MACROCLASSID>
		<MACROCLASSINFO>waterbody</MACROCLASSINFO>
		<CLASSID>13</CLASSID>
		<CLASSINFO>C 1</CLASSINFO>
		<VALUES>[0.1177267298599084, 0.0016549491738898695, 0.10698040882746378, 0.0024929300966949454, 0.10369423468907674, 0.0035129635301087057, 0.08593836267789207, 0.008489606983244505, 0.07670035466551776, 0.009192134500743488, 0.055631369600693384, 0.007386888418695406]</VALUES>
		<LCS_MIN>[0.11522301286458969, 0.10330338031053543, 0.0977725014090538, 0.0731431394815445, 0.06433885544538498, 0.04562414810061455]</LCS_MIN>
		<LCS_MAX>[0.12310170382261276, 0.11736764013767242, 0.11836094409227371, 0.11109177023172379, 0.1044321358203888, 0.0802316889166832]</LCS_MAX>
		<WAVELENGTH>[0.48, 0.56, 0.655, 0.865, 1.61, 2.2]</WAVELENGTH>
		<MEAN_VALUE>[0.1177267298599084, 0.10698040882746378, 0.10369423468907674, 0.08593836267789207, 0.07670035466551776, 0.055631369600693384]</MEAN_VALUE>
		<CHECKBOX>2</CHECKBOX>
		<SD>[0.0016549491738898695, 0.0024929300966949454, 0.0035129635301087057, 0.008489606983244505, 0.009192134500743488, 0.007386888418695406]</SD>
		<WAVELENGTH_UNIT>E-6m</WAVELENGTH_UNIT>
		<COLOR>#39269f</COLOR>
		<COVARIANCE_MATRIX>[[2.7572383572068134e-06, 2.8404999880657858e-06, 4.221892913110273e-06, 8.361307665708553e-06, 1.0206422804224613e-05, 8.683352312929201e-06], [2.8404999880657858e-06, 6.256409866114873e-06, 8.472218255655627e-06, 1.5607913155985175e-05, 1.5928204695374594e-05, 1.3264488812642619e-05], [4.221892913110273e-06, 8.472218255655627e-06, 1.242373768175217e-05, 2.3752835093532566e-05, 2.3565994642778502e-05, 1.961441946570791e-05], [8.361307665708553e-06, 1.5607913155985175e-05, 2.3752835093532566e-05, 7.255714100330935e-05, 6.95493282242604e-05, 5.362534245753467e-05], [1.0206422804224613e-05, 1.5928204695374594e-05, 2.3565994642778502e-05, 6.95493282242604e-05, 8.506241947626719e-05, 6.71973215516186e-05], [8.683352312929201e-06, 1.3264488812642619e-05, 1.961441946570791e-05, 5.362534245753467e-05, 6.71973215516186e-05, 5.493233608415064e-05]]</COVARIANCE_MATRIX>
		<ROI_SIZE>150</ROI_SIZE>
		<MAX_VALUE>[0.12310170382261276, 0.11736764013767242, 0.11836094409227371, 0.11109177023172379, 0.1044321358203888, 0.0802316889166832]</MAX_VALUE>
		<MIN_VALUE>[0.11522301286458969, 0.10330338031053543, 0.0977725014090538, 0.0731431394815445, 0.06433885544538498, 0.04562414810061455]</MIN_VALUE>
		<SIGNATURE_THRESHOLD_MD>0</SIGNATURE_THRESHOLD_MD>
		<SIGNATURE_THRESHOLD_ML>0</SIGNATURE_THRESHOLD_ML>
		<SIGNATURE_THRESHOLD_SAM>0</SIGNATURE_THRESHOLD_SAM>
	</signature>
	<signature ID="20211229_100245779838_284">
		<MACROCLASSID>1</MACROCLASSID>
		<MACROCLASSINFO>waterbody</MACROCLASSINFO>
		<CLASSID>14</CLASSID>
		<CLASSINFO>C 1</CLASSINFO>
		<VALUES>[0.11782020346417446, 0.0018198319583553238, 0.1074726956021121, 0.002594440676660707, 0.10544820868534081, 0.0040299197110203805, 0.09058075091230008, 0.010288862044209257, 0.08439257395625627, 0.011206849060473669, 0.059220723903741966, 0.009171606143713503]</VALUES>
		<LCS_MIN>[0.1151101291179657, 0.10375488549470901, 0.09892383217811584, 0.0756489560008049, 0.06770254671573639, 0.04666261374950409]</LCS_MIN>
		<LCS_MAX>[0.12483996897935867, 0.1195799857378006, 0.12506572902202606, 0.12335002422332764, 0.11470378190279007, 0.0884038507938385]</LCS_MAX>
		<WAVELENGTH>[0.48, 0.56, 0.655, 0.865, 1.61, 2.2]</WAVELENGTH>
		<MEAN_VALUE>[0.11782020346417446, 0.1074726956021121, 0.10544820868534081, 0.09058075091230008, 0.08439257395625627, 0.059220723903741966]</MEAN_VALUE>
		<CHECKBOX>2</CHECKBOX>
		<SD>[0.0018198319583553238, 0.002594440676660707, 0.0040299197110203805, 0.010288862044209257, 0.011206849060473669, 0.009171606143713503]</SD>
		<WAVELENGTH_UNIT>E-6m</WAVELENGTH_UNIT>
		<COLOR>#0fa5e7</COLOR>
		<COVARIANCE_MATRIX>[[3.3260633064645454e-06, 3.7545381252078876e-06, 5.689711721630451e-06, 1.2185056006226538e-05, 1.5327980007359183e-05, 1.3152612836983719e-05], [3.7545381252078876e-06, 6.76013588343885e-06, 9.967492397705329e-06, 2.1569595371612298e-05, 2.3413903995925155e-05, 2.1085507703729805e-05], [5.689711721630451e-06, 9.967492397705329e-06, 1.6310253967258842e-05, 3.775310407464984e-05, 3.585950944268193e-05, 3.1586412200560074e-05], [1.2185056006226538e-05, 2.1569595371612298e-05, 3.775310407464984e-05, 0.00010631697820858368, 9.49260417994364e-05, 7.904678077405374e-05], [1.5327980007359183e-05, 2.3413903995925155e-05, 3.585950944268193e-05, 9.49260417994364e-05, 0.0001261348170102061, 0.00010102852185009605], [1.3152612836983719e-05, 2.1085507703729805e-05, 3.1586412200560074e-05, 7.904678077405374e-05, 0.00010102852185009605, 8.448093839012487e-05]]</COVARIANCE_MATRIX>
		<ROI_SIZE>233</ROI_SIZE>
		<MAX_VALUE>[0.12483996897935867, 0.1195799857378006, 0.12506572902202606, 0.12335002422332764, 0.11470378190279007, 0.0884038507938385]</MAX_VALUE>
		<MIN_VALUE>[0.1151101291179657, 0.10375488549470901, 0.09892383217811584, 0.0756489560008049, 0.06770254671573639, 0.04666261374950409]</MIN_VALUE>
		<SIGNATURE_THRESHOLD_MD>0</SIGNATURE_THRESHOLD_MD>
		<SIGNATURE_THRESHOLD_ML>0</SIGNATURE_THRESHOLD_ML>
		<SIGNATURE_THRESHOLD_SAM>0</SIGNATURE_THRESHOLD_SAM>
	</signature>
	<signature ID="20211229_100255378138_367">
		<MACROCLASSID>1</MACROCLASSID>
		<MACROCLASSINFO>waterbody</MACROCLASSINFO>
		<CLASSID>15</CLASSID>
		<CLASSINFO>C 1</CLASSINFO>
		<VALUES>[0.11873004047998362, 0.0021283691500832264, 0.10861271215336661, 0.0028969299851495625, 0.10665900467761931, 0.004170419156074394, 0.09460119088845591, 0.009683125718973205, 0.08817955894129617, 0.01052432472858543, 0.06327267722891904, 0.008586761280523653]</VALUES>
		<LCS_MIN>[0.11472635716199875, 0.10346142202615738, 0.09813370555639267, 0.0769583061337471, 0.07264648377895355, 0.05142594128847122]</LCS_MIN>
		<LCS_MAX>[0.1256752461194992, 0.12030239403247833, 0.12255989015102386, 0.12465937435626984, 0.11711931228637695, 0.08964548259973526]</LCS_MAX>
		<WAVELENGTH>[0.48, 0.56, 0.655, 0.865, 1.61, 2.2]</WAVELENGTH>
		<MEAN_VALUE>[0.11873004047998362, 0.10861271215336661, 0.10665900467761931, 0.09460119088845591, 0.08817955894129617, 0.06327267722891904]</MEAN_VALUE>
		<CHECKBOX>2</CHECKBOX>
		<SD>[0.0021283691500832264, 0.0028969299851495625, 0.004170419156074394, 0.009683125718973205, 0.01052432472858543, 0.008586761280523653]</SD>
		<WAVELENGTH_UNIT>E-6m</WAVELENGTH_UNIT>
		<COLOR>#b700a6</COLOR>
		<COVARIANCE_MATRIX>[[4.562544845062129e-06, 5.788904257678175e-06, 8.149640992871606e-06, 1.3935001183619091e-05, 1.2723094344607032e-05, 1.1038518398398215e-05], [5.788904257678175e-06, 8.452578902447578e-06, 1.1859497928459284e-05, 2.210295507991627e-05, 2.0892404081839044e-05, 1.79023121321598e-05], [8.149640992871606e-06, 1.1859497928459284e-05, 1.7517521087980642e-05, 3.330312343114976e-05, 2.9834498882182834e-05, 2.529573500521996e-05], [1.3935001183619091e-05, 2.210295507991627e-05, 3.330312343114976e-05, 9.443747709727806e-05, 7.444604571942153e-05, 5.8277878133162686e-05], [1.2723094344607032e-05, 2.0892404081839044e-05, 2.9834498882182834e-05, 7.444604571942153e-05, 0.00011155825567611562, 8.907820194900018e-05], [1.1038518398398215e-05, 1.79023121321598e-05, 2.529573500521996e-05, 5.8277878133162686e-05, 8.907820194900018e-05, 7.426291870804338e-05]]</COVARIANCE_MATRIX>
		<ROI_SIZE>140</ROI_SIZE>
		<MAX_VALUE>[0.1256752461194992, 0.12030239403247833, 0.12255989015102386, 0.12465937435626984, 0.11711931228637695, 0.08964548259973526]</MAX_VALUE>
		<MIN_VALUE>[0.11472635716199875, 0.10346142202615738, 0.09813370555639267, 0.0769583061337471, 0.07264648377895355, 0.05142594128847122]</MIN_VALUE>
		<SIGNATURE_THRESHOLD_MD>0</SIGNATURE_THRESHOLD_MD>
		<SIGNATURE_THRESHOLD_ML>0</SIGNATURE_THRESHOLD_ML>
		<SIGNATURE_THRESHOLD_SAM>0</SIGNATURE_THRESHOLD_SAM>
	</signature>
	<signature ID="20211229_100300073131_970">
		<MACROCLASSID>1</MACROCLASSID>
		<MACROCLASSINFO>waterbody</MACROCLASSINFO>
		<CLASSID>16</CLASSID>
		<CLASSINFO>C 1</CLASSINFO>
		<VALUES>[0.11966728117494355, 0.002491895622175925, 0.10994302800723485, 0.003561866735845127, 0.10857454999571757, 0.00509988425431308, 0.09640230259725026, 0.011628633838942155, 0.09181505473596711, 0.012538488181896764, 0.065661438838357, 0.01054421154085195]</VALUES>
		<LCS_MIN>[0.1161937415599823, 0.10425154119729996, 0.10075239837169647, 0.07614561170339584, 0.0714048519730568, 0.04862663522362709]</LCS_MIN>
