<?xml version="1.0" ?>
<signaturelist MCID_LIST="[['1', 'waterbody', '#0000ff'], ['2', 'vegetation', '#00ff00'], ['3', 'bareland', '#ffaa00'], ['4', 'built-up', '#ff0000']]">
	<signature ID="20200828_133447706750_498">
		<MACROCLASSID>1</MACROCLASSID>
		<MACROCLASSINFO>waterbody</MACROCLASSINFO>
		<CLASSID>1</CLASSID>
		<CLASSINFO>C 1</CLASSINFO>
		<VALUES>[0.12149830497907955, 0.004245361183491521, 0.10465216113410836, 0.006349128510350742, 0.08019307224286139, 0.005321583871798558, 0.07315109463813826, 0.00796729726586619, 0.02989621670874021, 0.004794491927816352, 0.019602677264545867, 0.003908152909431496]</VALUES>
		<LCS_MIN>[0.10639097541570663, 0.07944032549858093, 0.061186447739601135, 0.05441436916589737, 0.019211670383810997, 0.008382095955312252]</LCS_MIN>
		<LCS_MAX>[0.15349675714969635, 0.13972105085849762, 0.11467266827821732, 0.12127770483493805, 0.08163172006607056, 0.06402119994163513]</LCS_MAX>
		<WAVELENGTH>[0.485, 0.56, 0.66, 0.83, 1.65, 2.215]</WAVELENGTH>
		<MEAN_VALUE>[0.12149830497907955, 0.10465216113410836, 0.08019307224286139, 0.07315109463813826, 0.02989621670874021, 0.019602677264545867]</MEAN_VALUE>
		<CHECKBOX>2</CHECKBOX>
		<SD>[0.004245361183491521, 0.006349128510350742, 0.005321583871798558, 0.00796729726586619, 0.004794491927816352, 0.003908152909431496]</SD>
		<WAVELENGTH_UNIT>E-6m</WAVELENGTH_UNIT>
		<COLOR>#583a3b</COLOR>
		<COVARIANCE_MATRIX>[[1.7341966668027453e-05, 2.1635272787534632e-05, 1.879651244962588e-05, 6.915664471307537e-06, 9.94253332464723e-06, 1.0031388228526339e-05], [2.1635272787534632e-05, 3.562497295206413e-05, 2.7283032977720723e-05, 7.329896106966771e-06, 1.174256522062933e-05, 1.2576489098137245e-05], [1.879651244962588e-05, 2.7283032977720723e-05, 2.724226396821905e-05, 9.682435120339505e-06, 1.2707490895991214e-05, 1.2442857041605748e-05], [6.915664471307537e-06, 7.329896106966771e-06, 9.682435120339505e-06, 5.369096834328957e-05, 2.772148945950903e-05, 1.4993168406363111e-05], [9.94253332464723e-06, 1.174256522062933e-05, 1.2707490895991214e-05, 2.772148945950903e-05, 2.4655380912008695e-05, 1.387863540003309e-05], [1.0031388228526339e-05, 1.2576489098137245e-05, 1.2442857041605748e-05, 1.4993168406363111e-05, 1.387863540003309e-05, 1.7495627616881393e-05]]</COVARIANCE_MATRIX>
		<ROI_SIZE>7678</ROI_SIZE>
		<MAX_VALUE>[0.15349675714969635, 0.13972105085849762, 0.11467266827821732, 0.12127770483493805, 0.08163172006607056, 0.06402119994163513]</MAX_VALUE>
		<MIN_VALUE>[0.10639097541570663, 0.07944032549858093, 0.061186447739601135, 0.05441436916589737, 0.019211670383810997, 0.008382095955312252]</MIN_VALUE>
		<SIGNATURE_THRESHOLD_MD>0.0</SIGNATURE_THRESHOLD_MD>
		<SIGNATURE_THRESHOLD_ML>0.0</SIGNATURE_THRESHOLD_ML>
		<SIGNATURE_THRESHOLD_SAM>0.0</SIGNATURE_THRESHOLD_SAM>
	</signature>
	<signature ID="20200828_133502437487_180">
		<MACROCLASSID>1</MACROCLASSID>
		<MACROCLASSINFO>waterbody</MACROCLASSINFO>
		<CLASSID>2</CLASSID>
		<CLASSINFO>C 1</CLASSINFO>
		<VALUES>[0.12489099575256289, 0.0025064586990801167, 0.11118394175969598, 0.002939824049122392, 0.08362959160934579, 0.003154195030287404, 0.06578655610182636, 0.006290108786800052, 0.022002578360543337, 0.0032960176212872955, 0.012186644623446699, 0.002877787873251782]</VALUES>
		<LCS_MIN>[0.11550821363925934, 0.09213101118803024, 0.06920938193798065, 0.05441436916589737, 0.012754425406455994, 0.005291033070534468]</LCS_MIN>
		<LCS_MAX>[0.1398208737373352, 0.12385769933462143, 0.09862679988145828, 0.1112482026219368, 0.05365031585097313, 0.02383740246295929]</LCS_MAX>
		<WAVELENGTH>[0.485, 0.56, 0.66, 0.83, 1.65, 2.215]</WAVELENGTH>
		<MEAN_VALUE>[0.12489099575256289, 0.11118394175969598, 0.08362959160934579, 0.06578655610182636, 0.022002578360543337, 0.012186644623446699]</MEAN_VALUE>
		<CHECKBOX>2</CHECKBOX>
		<SD>[0.0025064586990801167, 0.002939824049122392, 0.003154195030287404, 0.006290108786800052, 0.0032960176212872955, 0.002877787873251782]</SD>
		<WAVELENGTH_UNIT>E-6m</WAVELENGTH_UNIT>
		<COLOR>#873379</COLOR>
		<COVARIANCE_MATRIX>[[7.935605935927015e-06, 6.280058187257964e-06, 6.9010216066089924e-06, 4.27168424721458e-06, 2.3921154479467077e-06, 1.8009073983193957e-06], [6.280058187257964e-06, 1.1527715287229512e-05, 8.509518920618575e-06, 2.6270749913237523e-06, 1.779237777554954e-06, 1.7962930769499508e-06], [6.9010216066089924e-06, 8.509518920618575e-06, 1.2752267139148898e-05, 5.873965164937545e-06, 3.1233175832312554e-06, 2.3987931854208e-06], [4.27168424721458e-06, 2.6270749913237523e-06, 5.873965164937545e-06, 4.2875548388110474e-05, 1.7212536477018148e-05, 7.750714758003596e-06], [2.3921154479467077e-06, 1.779237777554954e-06, 3.1233175832312554e-06, 1.7212536477018148e-05, 1.19235837701126e-05, 4.213185093249194e-06], [1.8009073983193957e-06, 1.7962930769499508e-06, 2.3987931854208e-06, 7.750714758003596e-06, 4.213185093249194e-06, 8.611381417722441e-06]]</COVARIANCE_MATRIX>
		<ROI_SIZE>7481</ROI_SIZE>
		<MAX_VALUE>[0.1398208737373352, 0.12385769933462143, 0.09862679988145828, 0.1112482026219368, 0.05365031585097313, 0.02383740246295929]</MAX_VALUE>
		<MIN_VALUE>[0.11550821363925934, 0.09213101118803024, 0.06920938193798065, 0.05441436916589737, 0.012754425406455994, 0.005291033070534468]</MIN_VALUE>
		<SIGNATURE_THRESHOLD_MD>0.0</SIGNATURE_THRESHOLD_MD>
		<SIGNATURE_THRESHOLD_ML>0.0</SIGNATURE_THRESHOLD_ML>
		<SIGNATURE_THRESHOLD_SAM>0.0</SIGNATURE_THRESHOLD_SAM>
	</signature>
	<signature ID="20200828_133512552382_675">
		<MACROCLASSID>1</MACROCLASSID>
		<MACROCLASSINFO>waterbody</MACROCLASSINFO>
		<CLASSID>3</CLASSID>
		<CLASSINFO>C 1</CLASSINFO>
		<VALUES>[0.11762607140840886, 0.0030251385832505023, 0.10593422778067338, 0.0035826032255557344, 0.07842111581786276, 0.005535543957253119, 0.05810673720641554, 0.0064618320223406535, 0.01653915360944276, 0.0024147173764544707, 0.009033470478067997, 0.0023664065797308884]</VALUES>
		<LCS_MIN>[0.10639097541570663, 0.09213101118803024, 0.06653507798910141, 0.0477280393242836, 0.006297178100794554, 0.0]</LCS_MIN>
		<LCS_MAX>[0.12766455113887787, 0.11751237511634827, 0.0932781845331192, 0.10121870785951614, 0.05365031585097313, 0.020746340975165367]</LCS_MAX>
		<WAVELENGTH>[0.485, 0.56, 0.66, 0.83, 1.65, 2.215]</WAVELENGTH>
		<MEAN_VALUE>[0.11762607140840886, 0.10593422778067338, 0.07842111581786276, 0.05810673720641554, 0.01653915360944276, 0.009033470478067997]</MEAN_VALUE>
		<CHECKBOX>2</CHECKBOX>
		<SD>[0.0030251385832505023, 0.0035826032255557344, 0.005535543957253119, 0.0064618320223406535, 0.0024147173764544707, 0.0023664065797308884]</SD>
		<WAVELENGTH_UNIT>E-6m</WAVELENGTH_UNIT>
		<COLOR>#62ab12</COLOR>
		<COVARIANCE_MATRIX>[[9.148337085207459e-06, 8.012103535293136e-06, 1.2061971574439667e-05, 7.467607247235719e-06, 1.3708978485738044e-06, 7.443803156093054e-07], [8.012103535293136e-06, 1.3894818948756438e-05, 1.6086589312180877e-05, 1.3102425327815581e-05, 2.1316213860700373e-06, 9.133668186223076e-07], [1.2061971574439667e-05, 1.6086589312180877e-05, 3.191375799360685e-05, 2.4890721761039458e-05, 3.686775926325936e-06, 1.4116827742327587e-06], [7.467607247235719e-06, 1.3102425327815581e-05, 2.4890721761039458e-05, 4.49337821919471e-05, 8.140572390402667e-06, 2.8154292976978468e-06], [1.3708978485738044e-06, 2.1316213860700373e-06, 3.686775926325936e-06, 8.140572390402667e-06, 5.641411462420365e-06, 1.2285188404348446e-06], [7.443803156093054e-07, 9.133668186223076e-07, 1.4116827742327587e-06, 2.8154292976978468e-06, 1.2285188404348446e-06, 5.624157438433031e-06]]</COVARIANCE_MATRIX>
		<ROI_SIZE>7922</ROI_SIZE>
		<MAX_VALUE>[0.12766455113887787, 0.11751237511634827, 0.0932781845331192, 0.10121870785951614, 0.05365031585097313, 0.020746340975165367]</MAX_VALUE>
		<MIN_VALUE>[0.10639097541570663, 0.09213101118803024, 0.06653507798910141, 0.0477280393242836, 0.006297178100794554, 0.0]</MIN_VALUE>
		<SIGNATURE_THRESHOLD_MD>0.0</SIGNATURE_THRESHOLD_MD>
		<SIGNATURE_THRESHOLD_ML>0.0</SIGNATURE_THRESHOLD_ML>
		<SIGNATURE_THRESHOLD_SAM>0.0</SIGNATURE_THRESHOLD_SAM>
	</signature>
	<signature ID="20200828_133524979263_207">
		<MACROCLASSID>1</MACROCLASSID>
		<MACROCLASSINFO>waterbody</MACROCLASSINFO>
		<CLASSID>4</CLASSID>
		<CLASSINFO>C 1</CLASSINFO>
		<VALUES>[0.12595154084875881, 0.00591043732189914, 0.11180329811174032, 0.007962783800032536, 0.082794299992463, 0.006858286422358017, 0.06727094340234835, 0.007097476653241694, 0.028589380787726302, 0.006494188737159813, 0.020270857684787556, 0.005804564485309933]</VALUES>
		<LCS_MIN>[0.10487144440412521, 0.08261299878358841, 0.061186447739601135, 0.05441436916589737, 0.014906841330230236, 0.005291033070534468]</LCS_MIN>
		<LCS_MAX>[0.16413351893424988, 0.1555843949317932, 0.12536990642547607, 0.11793453991413116, 0.08163172006607056, 0.07020333409309387]</LCS_MAX>
		<WAVELENGTH>[0.485, 0.56, 0.66, 0.83, 1.65, 2.215]</WAVELENGTH>
		<MEAN_VALUE>[0.12595154084875881, 0.11180329811174032, 0.082794299992463, 0.06727094340234835, 0.028589380787726302, 0.020270857684787556]</MEAN_VALUE>
		<CHECKBOX>2</CHECKBOX>
		<SD>[0.00591043732189914, 0.007962783800032536, 0.006858286422358017, 0.007097476653241694, 0.006494188737159813, 0.005804564485309933]</SD>
		<WAVELENGTH_UNIT>E-6m</WAVELENGTH_UNIT>
		<COLOR>#84efc0</COLOR>
		<COVARIANCE_MATRIX>[[3.845501851174049e-05, 4.6624598326161504e-05, 3.771699994103983e-05, 2.4899240088416263e-05, 3.409641431062482e-05, 3.2052856113296e-05], [4.6624598326161504e-05, 6.546752410940826e-05, 5.0375940190861e-05, 2.97080805466976e-05, 4.042124783154577e-05, 3.8282512832665816e-05], [3.771699994103983e-05, 5.0375940190861e-05, 5.417397915152833e-05, 3.964752613683231e-05, 4.115728006581776e-05, 3.6261058994568884e-05], [2.4899240088416263e-05, 2.97080805466976e-05, 3.964752613683231e-05, 6.0719787143170834e-05, 4.7450030251638964e-05, 3.736234793905169e-05], [3.409641431062482e-05, 4.042124783154577e-05, 4.115728006581776e-05, 4.7450030251638964e-05, 5.577471893047914e-05, 4.4001659261994064e-05], [3.2052856113296e-05, 3.8282512832665816e-05, 3.6261058994568884e-05, 3.736234793905169e-05, 4.4001659261994064e-05, 4.51454397989437e-05]]</COVARIANCE_MATRIX>
		<ROI_SIZE>5977</ROI_SIZE>
		<MAX_VALUE>[0.16413351893424988, 0.1555843949317932, 0.12536990642547607, 0.11793453991413116, 0.08163172006607056, 0.07020333409309387]</MAX_VALUE>
		<MIN_VALUE>[0.10487144440412521, 0.08261299878358841, 0.061186447739601135, 0.05441436916589737, 0.014906841330230236, 0.005291033070534468]</MIN_VALUE>
		<SIGNATURE_THRESHOLD_MD>0.0</SIGNATURE_THRESHOLD_MD>
		<SIGNATURE_THRESHOLD_ML>0.0</SIGNATURE_THRESHOLD_ML>
		<SIGNATURE_THRESHOLD_SAM>0.0</SIGNATURE_THRESHOLD_SAM>
	</signature>
	<signature ID="20200828_133550412207_591">
		<MACROCLASSID>1</MACROCLASSID>
		<MACROCLASSINFO>waterbody</MACROCLASSINFO>
		<CLASSID>5</CLASSID>
		<CLASSINFO>C 1</CLASSINFO>
		<VALUES>[0.11554955246631196, 0.0068549710464411535, 0.08473233180432974, 0.0077863347285079855, 0.06130088939114464, 0.007781605850459361, 0.0541682538668459, 0.008971347656516472, 0.023769015652834232, 0.007835518862169497, 0.016166077655126263, 0.007516282194908465]</VALUES>
		<LCS_MIN>[0.10487144440412521, 0.07309498637914658, 0.05048920586705208, 0.041041698306798935, 0.012754425406455994, 0.005291033070534468]</LCS_MIN>
		<LCS_MAX>[0.15501628816127777, 0.1270303875207901, 0.1066497415304184, 0.09787554293870926, 0.07086963206529617, 0.057839084416627884]</LCS_MAX>
		<WAVELENGTH>[0.485, 0.56, 0.66, 0.83, 1.65, 2.215]</WAVELENGTH>
		<MEAN_VALUE>[0.11554955246631196, 0.08473233180432974, 0.06130088939114464, 0.0541682538668459, 0.023769015652834232, 0.016166077655126263]</MEAN_VALUE>
		<CHECKBOX>2</CHECKBOX>
		<SD>[0.0068549710464411535, 0.0077863347285079855, 0.007781605850459361, 0.008971347656516472, 0.007835518862169497, 0.007516282194908465]</SD>
		<WAVELENGTH_UNIT>E-6m</WAVELENGTH_UNIT>
		<COLOR>#6a0ff5</COLOR>
		<COVARIANCE_MATRIX>[[3.649000427685678e-05, 3.8012407458154485e-05, 3.8343721826095134e-05, 4.4227621401660144e-05, 3.731586184585467e-05, 3.475814446574077e-05], [3.8012407458154485e-05, 4.632473792298697e-05, 4.315325350034982e-05, 5.007223444408737e-05, 4.2318184569012374e-05, 3.896564885508269e-05], [3.8343721826095134e-05, 4.315325350034982e-05, 4.6373017539735883e-05, 5.042855264036916e-05, 4.243118019076064e-05, 3.905586709151976e-05], [4.4227621401660144e-05, 5.007223444408737e-05, 5.042855264036916e-05, 6.390014459611848e-05, 5.022823461331427e-05, 4.538155917543918e-05], [3.731586184585467e-05, 4.2318184569012374e-05, 4.243118019076064e-05, 5.022823461331427e-05, 4.614810677594505e-05, 3.910927625838667e-05], [3.475814446574077e-05, 3.896564885508269e-05, 3.905586709151976e-05, 4.538155917543918e-05, 3.910927625838667e-05, 4.2949839553330094e-05]]</COVARIANCE_MATRIX>
		<ROI_SIZE>9656</ROI_SIZE>
		<MAX_VALUE>[0.15501628816127777, 0.1270303875207901, 0.1066497415304184, 0.09787554293870926, 0.07086963206529617, 0.057839084416627884]</MAX_VALUE>
		<MIN_VALUE>[0.10487144440412521, 0.07309498637914658, 0.05048920586705208, 0.041041698306798935, 0.012754425406455994, 0.005291033070534468]</MIN_VALUE>
		<SIGNATURE_THRESHOLD_MD>0.0</SIGNATURE_THRESHOLD_MD>
		<SIGNATURE_THRESHOLD_ML>0.0</SIGNATURE_THRESHOLD_ML>
		<SIGNATURE_THRESHOLD_SAM>0.0</SIGNATURE_THRESHOLD_SAM>
	</signature>
	<signature ID="20200828_133621997241_384">
		<MACROCLASSID>1</MACROCLASSID>
		<MACROCLASSINFO>waterbody</MACROCLASSINFO>
		<CLASSID>6</CLASSID>
		<CLASSINFO>C 1</CLASSINFO>
		<VALUES>[0.11753562349251542, 0.005603926389055352, 0.10459289712426113, 0.008627800119478134, 0.07854188452336823, 0.007960977095119852, 0.0535299158909103, 0.01152874321762818, 0.01880669199135746, 0.0074903617184151495, 0.011101583763386233, 0.005160589133774366]</VALUES>
		<LCS_MIN>[0.1033519059419632, 0.08261299878358841, 0.06386075913906097, 0.041041698306798935, 0.008449594490230083, 0.0]</LCS_MIN>
		<LCS_MAX>[0.15045766532421112, 0.1428937166929245, 0.1200212836265564, 0.09787554293870926, 0.06656481325626373, 0.05165695771574974]</LCS_MAX>
		<WAVELENGTH>[0.485, 0.56, 0.66, 0.83, 1.65, 2.215]</WAVELENGTH>
		<MEAN_VALUE>[0.11753562349251542, 0.10459289712426113, 0.07854188452336823, 0.0535299158909103, 0.01880669199135746, 0.011101583763386233]</MEAN_VALUE>
		<CHECKBOX>2</CHECKBOX>
		<SD>[0.005603926389055352, 0.008627800119478134, 0.007960977095119852, 0.01152874321762818, 0.0074903617184151495, 0.005160589133774366]</SD>
		<WAVELENGTH_UNIT>E-6m</WAVELENGTH_UNIT>
		<COLOR>#15851f</COLOR>
		<COVARIANCE_MATRIX>[[3.148388714180328e-05, 4.1333423723699525e-05, 3.6825302231591195e-05, 4.380504378787009e-06, 6.332608336379053e-06, 5.042784323450178e-06], [4.1333423723699525e-05, 7.625012221978977e-05, 5.917912130826153e-05, 1.61035295604961e-05, 1.1730440746759996e-05, 8.487445484206546e-06], [3.6825302231591195e-05, 5.917912130826153e-05, 6.049716830602847e-05, 3.1502218917012215e-05, 2.1067753550596535e-05, 1.434976547898259e-05], [4.380504378787009e-06, 1.61035295604961e-05, 3.1502218917012215e-05, 0.00015724202967248857, 8.288853132398799e-05, 4.943572639604099e-05], [6.332608336379053e-06, 1.1730440746759996e-05, 2.1067753550596535e-05, 8.288853132398799e-05, 6.396693061105907e-05, 3.741801992873661e-05], [5.042784323450178e-06, 8.487445484206546e-06, 1.434976547898259e-05, 4.943572639604099e-05, 3.741801992873661e-05, 2.95659301627893e-05]]</COVARIANCE_MATRIX>
		<ROI_SIZE>8445</ROI_SIZE>
		<MAX_VALUE>[0.15045766532421112, 0.1428937166929245, 0.1200212836265564, 0.09787554293870926, 0.06656481325626373, 0.05165695771574974]</MAX_VALUE>
		<MIN_VALUE>[0.1033519059419632, 0.08261299878358841, 0.06386075913906097, 0.041041698306798935, 0.008449594490230083, 0.0]</MIN_VALUE>
		<SIGNATURE_THRESHOLD_MD>0.0</SIGNATURE_THRESHOLD_MD>
		<SIGNATURE_THRESHOLD_ML>0.0</SIGNATURE_THRESHOLD_ML>
		<SIGNATURE_THRESHOLD_SAM>0.0</SIGNATURE_THRESHOLD_SAM>
	</signature>
	<signature ID="20200828_133635194520_121">
		<MACROCLASSID>1</MACROCLASSID>
		<MACROCLASSINFO>waterbody</MACROCLASSINFO>
		<CLASSID>7</CLASSID>
		<CLASSINFO>C 1</CLASSINFO>
		<VALUES>[0.1251906915254027, 0.0028842788601677496, 0.11610989632069903, 0.004012818538198755, 0.0912670398738506, 0.0043402372999262, 0.0942440100235116, 0.014550015473510217, 0.03607129236818805, 0.008726096149173863, 0.019154985503085222, 0.005629777633444613]</VALUES>
		<LCS_MIN>[0.1124691441655159, 0.0984763503074646, 0.07455801218748093, 0.07447336614131927, 0.023516502231359482, 0.011473158374428749]</LCS_MIN>
		<LCS_MAX>[0.13222317397594452, 0.12385769933462143, 0.10130111128091812, 0.1346503645181656, 0.08163172006607056, 0.057839084416627884]</LCS_MAX>
		<WAVELENGTH>[0.485, 0.56, 0.66, 0.83, 1.65, 2.215]</WAVELENGTH>
		<MEAN_VALUE>[0.1251906915254027, 0.11610989632069903, 0.0912670398738506, 0.0942440100235116, 0.03607129236818805, 0.019154985503085222]</MEAN_VALUE>
		<CHECKBOX>2</CHECKBOX>
		<SD>[0.0028842788601677496, 0.004012818538198755, 0.0043402372999262, 0.014550015473510217, 0.008726096149173863, 0.005629777633444613]</SD>
		<WAVELENGTH_UNIT>E-6m</WAVELENGTH_UNIT>
		<COLOR>#ebd1c9</COLOR>
		<COVARIANCE_MATRIX>[[8.341548891621642e-06, 8.260882168542594e-06, 9.497900464339182e-06, -1.090291789296316e-05, -3.305499603811768e-06, -6.087610699978541e-07], [8.260882168542594e-06, 1.6146233974723145e-05, 1.3774302715319209e-05, -1.4796299183217343e-05, -6.947149813640863e-06, -3.2980713058350375e-06], [9.497900464339182e-06, 1.3774302715319209e-05, 1.888857332232874e-05, -1.416163104295265e-05, -4.661376806325279e-06, -4.833881916965765e-07], [-1.090291789296316e-05, -1.4796299183217343e-05, -1.416163104295265e-05, 0.0002122751175193116, 9.869352652458474e-05, 4.9645495892036706e-05], [-3.305499603811768e-06, -6.947149813640863e-06, -4.661376806325279e-06, 9.869352652458474e-05, 7.635055226273835e-05, 3.932755134883337e-05], [-6.087610699978541e-07, -3.2980713058350375e-06, -4.833881916965765e-07, 4.9645495892036706e-05, 3.932755134883337e-05, 3.1780054996488616e-05]]</COVARIANCE_MATRIX>
		<ROI_SIZE>371</ROI_SIZE>
		<MAX_VALUE>[0.13222317397594452, 0.12385769933462143, 0.10130111128091812, 0.1346503645181656, 0.08163172006607056, 0.057839084416627884]</MAX_VALUE>
		<MIN_VALUE>[0.1124691441655159, 0.0984763503074646, 0.07455801218748093, 0.07447336614131927, 0.023516502231359482, 0.011473158374428749]</MIN_VALUE>
		<SIGNATURE_THRESHOLD_MD>0.0</SIGNATURE_THRESHOLD_MD>
		<SIGNATURE_THRESHOLD_ML>0.0</SIGNATURE_THRESHOLD_ML>
		<SIGNATURE_THRESHOLD_SAM>0.0</SIGNATURE_THRESHOLD_SAM>
	</signature>
	<signature ID="20200828_133650075869_573">
		<MACROCLASSID>1</MACROCLASSID>
		<MACROCLASSINFO>waterbody</MACROCLASSINFO>
		<CLASSID>8</CLASSID>
		<CLASSINFO>C 1</CLASSINFO>
		<VALUES>[0.1330848694029377, 0.007047283233077297, 0.13195962245326237, 0.012079456337112857, 0.1010467289878828, 0.011168164524079918, 0.09345195571460378, 0.013975408079721512, 0.03575377163772543, 0.011056456133556018, 0.020241216424761756, 0.008069245301872311]</VALUES>
		<LCS_MIN>[0.1124691441655159, 0.0984763503074646, 0.06653507798910141, 0.07781653851270676, 0.023516502231359482, 0.008382095955312252]</LCS_MIN>
		<LCS_MAX>[0.15197721123695374, 0.15241172909736633, 0.1280442327260971, 0.1346503645181656, 0.07732689380645752, 0.06402119994163513]</LCS_MAX>
		<WAVELENGTH>[0.485, 0.56, 0.66, 0.83, 1.65, 2.215]</WAVELENGTH>
		<MEAN_VALUE>[0.1330848694029377, 0.13195962245326237, 0.1010467289878828, 0.09345195571460378, 0.03575377163772543, 0.020241216424761756]</MEAN_VALUE>
		<CHECKBOX>2</CHECKBOX>
		<SD>[0.007047283233077297, 0.012079456337112857, 0.011168164524079918, 0.013975408079721512, 0.011056456133556018, 0.008069245301872311]</SD>
		<WAVELENGTH_UNIT>E-6m</WAVELENGTH_UNIT>
		<COLOR>#7a4ef0</COLOR>
		<COVARIANCE_MATRIX>[[4.9724840209819376e-05, 7.979993097251281e-05, 7.176386134233326e-05, 2.85495434582117e-06, 6.007433057675371e-06, 8.04617320682155e-06], [7.979993097251281e-05, 0.00014609142090193927, 0.0001280287397094071, -7.398585694318172e-06, -3.1114157081901794e-06, 3.0676885671709897e-06], [7.176386134233326e-05, 0.0001280287397094071, 0.00012488018546719104, 1.064137995854253e-05, 1.1417275345593225e-05, 1.3689151273865718e-05], [2.85495434582117e-06, -7.398585694318172e-06, 1.064137995854253e-05, 0.00019555051403585821, 0.0001380100438836962, 9.081869211513549e-05], [6.007433057675371e-06, -3.1114157081901794e-06, 1.1417275345593225e-05, 0.0001380100438836962, 0.00012239448551554233, 7.95452288002707e-05], [8.04617320682155e-06, 3.0676885671709897e-06, 1.3689151273865718e-05, 9.081869211513549e-05, 7.95452288002707e-05, 6.51922237011604e-05]]</COVARIANCE_MATRIX>
		<ROI_SIZE>820</ROI_SIZE>
		<MAX_VALUE>[0.15197721123695374, 0.15241172909736633, 0.1280442327260971, 0.1346503645181656, 0.07732689380645752, 0.06402119994163513]</MAX_VALUE>
		<MIN_VALUE>[0.1124691441655159, 0.0984763503074646, 0.06653507798910141, 0.07781653851270676, 0.023516502231359482, 0.008382095955312252]</MIN_VALUE>
		<SIGNATURE_THRESHOLD_MD>0.0</SIGNATURE_THRESHOLD_MD>
		<SIGNATURE_THRESHOLD_ML>0.0</SIGNATURE_THRESHOLD_ML>
		<SIGNATURE_THRESHOLD_SAM>0.0</SIGNATURE_THRESHOLD_SAM>
	</signature>
	<signature ID="20200828_133700736512_414">
		<MACROCLASSID>1</MACROCLASSID>
		<MACROCLASSINFO>waterbody</MACROCLASSINFO>
		<CLASSID>9</CLASSID>
		<CLASSINFO>C 1</CLASSINFO>
		<VALUES>[0.1277204188609531, 0.005450017965370768, 0.11332880097496158, 0.00854062111756879, 0.08473087461920938, 0.005385060002347927, 0.101251479585235, 0.01658252530222868, 0.041215898971274194, 0.009640453689443598, 0.02195094576032431, 0.005686960888755739]</VALUES>
		<LCS_MIN>[0.1124691441655159, 0.08895834535360336, 0.06920938193798065, 0.07113020122051239, 0.02566891722381115, 0.011473158374428749]</LCS_MIN>
		<LCS_MAX>[0.14589904248714447, 0.13654839992523193, 0.11199835687875748, 0.13799354434013367, 0.07732689380645752, 0.05474802479147911]</LCS_MAX>
		<WAVELENGTH>[0.485, 0.56, 0.66, 0.83, 1.65, 2.215]</WAVELENGTH>
		<MEAN_VALUE>[0.1277204188609531, 0.11332880097496158, 0.08473087461920938, 0.101251479585235, 0.041215898971274194, 0.02195094576032431]</MEAN_VALUE>
		<CHECKBOX>2</CHECKBOX>
		<SD>[0.005450017965370768, 0.00854062111756879, 0.005385060002347927, 0.01658252530222868, 0.009640453689443598, 0.005686960888755739]</SD>
		<WAVELENGTH_UNIT>E-6m</WAVELENGTH_UNIT>
		<COLOR>#8dbceb</COLOR>
		<COVARIANCE_MATRIX>[[2.977567601192277e-05, 4.204790820949711e-05, 2.205534838140011e-05, -2.1058576749055646e-05, -5.981615231576143e-06, -8.752979852033604e-07], [4.204790820949711e-05, 7.312143134186044e-05, 3.5346172808203846e-05, -1.3987523743708152e-05, 1.661000737840368e-06, 2.256838115499704e-06], [2.205534838140011e-05, 3.5346172808203846e-05, 2.9070120945107192e-05, 7.222481144708581e-06, 9.516060345049482e-06, 7.924761121103074e-06], [-2.1058576749055646e-05, -1.3987523743708152e-05, 7.222481144708581e-06, 0.000275655766017735, 0.0001312958193011582, 6.160855991765857e-05], [-5.981615231576143e-06, 1.661000737840368e-06, 9.516060345049482e-06, 0.0001312958193011582, 9.316669456893578e-05, 4.354096745373681e-05], [-8.752979852033604e-07, 2.256838115499704e-06, 7.924761121103074e-06, 6.160855991765857e-05, 4.354096745373681e-05, 3.242098682676442e-05]]</COVARIANCE_MATRIX>
		<ROI_SIZE>408</ROI_SIZE>
		<MAX_VALUE>[0.14589904248714447, 0.13654839992523193, 0.11199835687875748, 0.13799354434013367, 0.07732689380645752, 0.05474802479147911]</MAX_VALUE>
		<MIN_VALUE>[0.1124691441655159, 0.08895834535360336, 0.06920938193798065, 0.07113020122051239, 0.02566891722381115, 0.011473158374428749]</MIN_VALUE>
		<SIGNATURE_THRESHOLD_MD>0.0</SIGNATURE_THRESHOLD_MD>
		<SIGNATURE_THRESHOLD_ML>0.0</SIGNATURE_THRESHOLD_ML>
		<SIGNATURE_THRESHOLD_SAM>0.0</SIGNATURE_THRESHOLD_SAM>
	</signature>
	<signature ID="20200828_133710636245_423">
		<MACROCLASSID>1</MACROCLASSID>
		<MACROCLASSINFO>waterbody</MACROCLASSINFO>
		<CLASSID>10</CLASSID>
		<CLASSINFO>C 1</CLASSINFO>
		<VALUES>[0.1501695846828321, 0.010543152659088771, 0.13855774182205405, 0.012789000114347832, 0.10343498995838066, 0.00946094363814096, 0.11970362750192486, 0.016326551923578222, 0.054731010234293845, 0.010572975222959566, 0.030579781594375743, 0.006254518635519675]</VALUES>
		<LCS_MIN>[0.12614502012729645, 0.10799436271190643, 0.0799066349864006, 0.09453237056732178, 0.03643099218606949, 0.017655277624726295]</LCS_MIN>
		<LCS_MAX>[0.1762898564338684, 0.16510240733623505, 0.12536990642547607, 0.16139571368694305, 0.09239380061626434, 0.06093014031648636]</LCS_MAX>
		<WAVELENGTH>[0.485, 0.56, 0.66, 0.83, 1.65, 2.215]</WAVELENGTH>
		<MEAN_VALUE>[0.1501695846828321, 0.13855774182205405, 0.10343498995838066, 0.11970362750192486, 0.054731010234293845, 0.030579781594375743]</MEAN_VALUE>
		<CHECKBOX>2</CHECKBOX>
		<SD>[0.010543152659088771, 0.012789000114347832, 0.00946094363814096, 0.016326551923578222, 0.010572975222959566, 0.006254518635519675]</SD>
		<WAVELENGTH_UNIT>E-6m</WAVELENGTH_UNIT>
		<COLOR>#80a951</COLOR>
		<COVARIANCE_MATRIX>[[0.00011139013076899573, 0.00012658024206757545, 9.46924919844605e-05, 1.2558663001982495e-05, 2.3042897737468593e-05, 2.278380088682752e-05], [0.00012658024206757545, 0.00016389998199883848, 0.00011372748849680647, -6.972289156692568e-06, 1.4019441550772171e-05, 2.0737839804496616e-05], [9.46924919844605e-05, 0.00011372748849680647, 8.96963247214444e-05, 2.057526944554411e-05, 2.915009463322349e-05, 2.5309886041213758e-05], [1.2558663001982495e-05, -6.972289156692568e-06, 2.057526944554411e-05, 0.0002671127731446177, 0.00015290832379832864, 7.496875332435593e-05], [2.3042897737468593e-05, 1.4019441550772171e-05, 2.915009463322349e-05, 0.00015290832379832864, 0.00011202118184883147, 5.534167939913459e-05], [2.278380088682752e-05, 2.0737839804496616e-05, 2.5309886041213758e-05, 7.496875332435593e-05, 5.534167939913459e-05, 3.920067319995724e-05]]</COVARIANCE_MATRIX>
		<ROI_SIZE>480</ROI_SIZE>
		<MAX_VALUE>[0.1762898564338684, 0.16510240733623505, 0.12536990642547607, 0.16139571368694305, 0.09239380061626434, 0.06093014031648636]</MAX_VALUE>
		<MIN_VALUE>[0.12614502012729645, 0.10799436271190643, 0.0799066349864006, 0.09453237056732178, 0.03643099218606949, 0.017655277624726295]</MIN_VALUE>
		<SIGNATURE_THRESHOLD_MD>0.0</SIGNATURE_THRESHOLD_MD>
		<SIGNATURE_THRESHOLD_ML>0.0</SIGNATURE_THRESHOLD_ML>
		<SIGNATURE_THRESHOLD_SAM>0.0</SIGNATURE_THRESHOLD_SAM>
	</signature>
	<signature ID="20200828_133752748531_196">
		<MACROCLASSID>1</MACROCLASSID>
		<MACROCLASSINFO>waterbody</MACROCLASSINFO>
		<CLASSID>11</CLASSID>
		<CLASSINFO>C 1</CLASSINFO>
		<VALUES>[0.156667329514256, 0.0039709278253854995, 0.14981868103719678, 0.004973111761280601, 0.12318417437088029, 0.0055102994065606625, 0.12407438843869242, 0.012310763726151034, 0.06437100319621655, 0.009471855201004312, 0.04131379050131029, 0.007001221705067004]</VALUES>
		<LCS_MIN>[0.14741858839988708, 0.13972105085849762, 0.11199835687875748, 0.10121870785951614, 0.04504065588116646, 0.02692846581339836]</LCS_MIN>
		<LCS_MAX>[0.16869215667247772, 0.16192972660064697, 0.1414157897233963, 0.1547093689441681, 0.0859365463256836, 0.06402119994163513]</LCS_MAX>
		<WAVELENGTH>[0.485, 0.56, 0.66, 0.83, 1.65, 2.215]</WAVELENGTH>
		<MEAN_VALUE>[0.156667329514256, 0.14981868103719678, 0.12318417437088029, 0.12407438843869242, 0.06437100319621655, 0.04131379050131029]</MEAN_VALUE>
		<CHECKBOX>2</CHECKBOX>
		<SD>[0.0039709278253854995, 0.004973111761280601, 0.0055102994065606625, 0.012310763726151034, 0.009471855201004312, 0.007001221705067004]</SD>
		<WAVELENGTH_UNIT>E-6m</WAVELENGTH_UNIT>
		<COLOR>#f18d47</COLOR>
		<COVARIANCE_MATRIX>[[1.5921357771730982e-05, 1.55561701831175e-05, 1.808379420253914e-05, -1.0728766937972978e-05, -9.012691407406237e-06, -2.683488844468229e-07], [1.55561701831175e-05, 2.4971956008812413e-05, 2.1626041416311637e-05, -2.1202649804763496e-05, -1.701489782135468e-05, -5.18178012498538e-06], [1.808379420253914e-05, 2.1626041416311637e-05, 3.06581896438729e-05, -3.3761139093257952e-06, 4.6750761839575716e-07, 7.911486136435997e-06], [-1.0728766937972978e-05, -2.1202649804763496e-05, -3.3761139093257952e-06, 0.00015302631072700024, 8.996065298561007e-05, 5.459079329739325e-05], [-9.012691407406237e-06, -1.701489782135468e-05, 4.6750761839575716e-07, 8.996065298561007e-05, 9.058706928044558e-05, 5.511911149369553e-05], [-2.683488844468229e-07, -5.18178012498538e-06, 7.911486136435997e-06, 5.459079329739325e-05, 5.511911149369553e-05, 4.9492999096401036e-05]]</COVARIANCE_MATRIX>
		<ROI_SIZE>104</ROI_SIZE>
		<MAX_VALUE>[0.16869215667247772, 0.16192972660064697, 0.1414157897233963, 0.1547093689441681, 0.0859365463256836, 0.06402119994163513]</MAX_VALUE>
		<MIN_VALUE>[0.14741858839988708, 0.13972105085849762, 0.11199835687875748, 0.10121870785951614, 0.04504065588116646, 0.02692846581339836]</MIN_VALUE>
		<SIGNATURE_THRESHOLD_MD>0.0</SIGNATURE_THRESHOLD_MD>
		<SIGNATURE_THRESHOLD_ML>0.0</SIGNATURE_THRESHOLD_ML>
		<SIGNATURE_THRESHOLD_SAM>0.0</SIGNATURE_THRESHOLD_SAM>
	</signature>
	<signature ID="20200828_133812499879_918">
		<MACROCLASSID>1</MACROCLASSID>
		<MACROCLASSINFO>waterbody</MACROCLASSINFO>
		<CLASSID>12</CLASSID>
		<CLASSINFO>C 1</CLASSINFO>
		<VALUES>[0.09685518208913461, 0.0016766963762051802, 0.07377891893872245, 0.002482426592669369, 0.05641432711018058, 0.0021924318607713586, 0.07929793816662122, 0.006073768845327257, 0.029883528228648402, 0.003999865495293591, 0.016711302268915536, 0.0035753237646535528]</VALUES>
		<LCS_MIN>[0.09271511435508728, 0.06674964725971222, 0.05048920586705208, 0.0677870362997055, 0.021364087238907814, 0.008382095955312252]</LCS_MIN>
		<LCS_MAX>[0.10183235257863998, 0.07944032549858093, 0.061186447739601135, 0.10121870785951614, 0.04073582589626312, 0.02692846581339836]</LCS_MAX>
		<WAVELENGTH>[0.485, 0.56, 0.66, 0.83, 1.65, 2.215]</WAVELENGTH>
		<MEAN_VALUE>[0.09685518208913461, 0.07377891893872245, 0.05641432711018058, 0.07929793816662122, 0.029883528228648402, 0.016711302268915536]</MEAN_VALUE>
		<CHECKBOX>2</CHECKBOX>
		<SD>[0.0016766963762051802, 0.002482426592669369, 0.0021924318607713586, 0.006073768845327257, 0.003999865495293591, 0.0035753237646535528]</SD>
		<WAVELENGTH_UNIT>E-6m</WAVELENGTH_UNIT>
		<COLOR>#791283</COLOR>
		<COVARIANCE_MATRIX>[[2.8282463517825818e-06, 1.5368016192951472e-06, 1.1240427966185962e-06, 1.5418808061440359e-06, 1.8731996078713564e-06, 1.3285214208735852e-06], [1.5368016192951472e-06, 6.199564722919604e-06, 1.8011855900113005e-06, 5.4981387620500755e-06, 3.435393864492653e-06, 2.1264504539431073e-06], [1.1240427966185962e-06, 1.8011855900113005e-06, 4.835713752981974e-06, 4.257471573509974e-06, 4.421506673679687e-06, 3.6349488254927564e-06], [1.5418808061440359e-06, 5.4981387620500755e-06, 4.257471573509974e-06, 3.711290264618583e-05, 1.504641659266781e-05, 7.134076440706849e-06], [1.8731996078713564e-06, 3.435393864492653e-06, 4.421506673679687e-06, 1.504641659266781e-05, 1.609530227142386e-05, 7.208846454886952e-06], [1.3285214208735852e-06, 2.1264504539431073e-06, 3.6349488254927564e-06, 7.134076440706849e-06, 7.208846454886952e-06, 1.2859945854870602e-05]]</COVARIANCE_MATRIX>
		<ROI_SIZE>167</ROI_SIZE>
		<MAX_VALUE>[0.10183235257863998, 0.07944032549858093, 0.061186447739601135, 0.10121870785951614, 0.04073582589626312, 0.02692846581339836]</MAX_VALUE>
		<MIN_VALUE>[0.09271511435508728, 0.06674964725971222, 0.05048920586705208, 0.0677870362997055, 0.021364087238907814, 0.008382095955312252]</MIN_VALUE>
		<SIGNATURE_THRESHOLD_MD>0.0</SIGNATURE_THRESHOLD_MD>
		<SIGNATURE_THRESHOLD_ML>0.0</SIGNATURE_THRESHOLD_ML>
		<SIGNATURE_THRESHOLD_SAM>0.0</SIGNATURE_THRESHOLD_SAM>
	</signature>
	<signature ID="20200828_133841781815_768">
		<MACROCLASSID>1</MACROCLASSID>
		<MACROCLASSINFO>waterbody</MACROCLASSINFO>
		<CLASSID>13</CLASSID>
		<CLASSINFO>C 1</CLASSINFO>
		<VALUES>[0.1133991471545438, 0.006744966458427564, 0.08494916771886331, 0.0071235172721395325, 0.06453637702199155, 0.0067349089517487765, 0.06472372147709791, 0.006912515759580552, 0.027696180041123116, 0.007110765144880992, 0.019096225796075988, 0.006966852993804627]</VALUES>
		<LCS_MIN>[0.09879328310489655, 0.07309498637914658, 0.05316351726651192, 0.051071200519800186, 0.014906841330230236, 0.005291033070534468]</LCS_MIN>
		<LCS_MAX>[0.13374271988868713, 0.10164902359247208, 0.08525525778532028, 0.08450286835432053, 0.047193072736263275, 0.04238377511501312]</LCS_MAX>
		<WAVELENGTH>[0.485, 0.56, 0.66, 0.83, 1.65, 2.215]</WAVELENGTH>
		<MEAN_VALUE>[0.1133991471545438, 0.08494916771886331, 0.06453637702199155, 0.06472372147709791, 0.027696180041123116, 0.019096225796075988]</MEAN_VALUE>
		<CHECKBOX>2</CHECKBOX>
		<SD>[0.006744966458427564, 0.0071235172721395325, 0.0067349089517487765, 0.006912515759580552, 0.007110765144880992, 0.006966852993804627]</SD>
		<WAVELENGTH_UNIT>E-6m</WAVELENGTH_UNIT>
		<COLOR>#76c9f6</COLOR>
		<COVARIANCE_MATRIX>[[3.717025538207963e-05, 3.673235551104881e-05, 3.488608490442857e-05, 3.49714100593701e-05, 3.500750972307287e-05, 3.361469862284139e-05], [3.673235551104881e-05, 4.3138472392456606e-05, 3.790524715441279e-05, 3.769187242141925e-05, 3.873909736284986e-05, 3.72776084986981e-05], [3.488608490442857e-05, 3.790524715441279e-05, 3.9820446545490995e-05, 3.765213114093058e-05, 3.834226299659349e-05, 3.698417276609689e-05], [3.49714100593701e-05, 3.769187242141925e-05, 3.765213114093058e-05, 4.330327283241786e-05, 4.01758479711134e-05, 3.865519829560071e-05], [3.500750972307287e-05, 3.873909736284986e-05, 3.834226299659349e-05, 4.01758479711134e-05, 4.661704588215798e-05, 4.167020961176604e-05], [3.361469862284139e-05, 3.72776084986981e-05, 3.698417276609689e-05, 3.865519829560071e-05, 4.167020961176604e-05, 4.742867167806253e-05]]</COVARIANCE_MATRIX>
		<ROI_SIZE>3637</ROI_SIZE>
		<MAX_VALUE>[0.13374271988868713, 0.10164902359247208, 0.08525525778532028, 0.08450286835432053, 0.047193072736263275, 0.04238377511501312]</MAX_VALUE>
		<MIN_VALUE>[0.09879328310489655, 0.07309498637914658, 0.05316351726651192, 0.051071200519800186, 0.014906841330230236, 0.005291033070534468]</MIN_VALUE>
		<SIGNATURE_THRESHOLD_MD>0.0</SIGNATURE_THRESHOLD_MD>
		<SIGNATURE_THRESHOLD_ML>0.0</SIGNATURE_THRESHOLD_ML>
		<SIGNATURE_THRESHOLD_SAM>0.0</SIGNATURE_THRESHOLD_SAM>
	</signature>
	<signature ID="20200828_133852382521_253">
		<MACROCLASSID>1</MACROCLASSID>
		<MACROCLASSINFO>waterbody</MACROCLASSINFO>
		<CLASSID>14</CLASSID>
		<CLASSINFO>C 1</CLASSINFO>
		<VALUES>[0.1111918542624583, 0.004466143410291474, 0.08276238281254562, 0.005147177126324675, 0.06058160269344597, 0.004256707789880292, 0.058197730767215905, 0.004129227976920206, 0.02212008128169477, 0.003352144821971054, 0.013903052957585989, 0.0036623667126018176]</VALUES>
		<LCS_MIN>[0.09727373719215393, 0.06674964725971222, 0.0451405830681324, 0.04438486695289612, 0.008449594490230083, 0.0]</LCS_MIN>
		<LCS_MAX>[0.13526226580142975, 0.11116702854633331, 0.09060386568307877, 0.08784604072570801, 0.047193072736263275, 0.033110588788986206]</LCS_MAX>
		<WAVELENGTH>[0.485, 0.56, 0.66, 0.83, 1.65, 2.215]</WAVELENGTH>
		<MEAN_VALUE>[0.1111918542624583, 0.08276238281254562, 0.06058160269344597, 0.058197730767215905, 0.02212008128169477, 0.013903052957585989]</MEAN_VALUE>
		<CHECKBOX>2</CHECKBOX>
		<SD>[0.004466143410291474, 0.005147177126324675, 0.004256707789880292, 0.004129227976920206, 0.003352144821971054, 0.0036623667126018176]</SD>
		<WAVELENGTH_UNIT>E-6m</WAVELENGTH_UNIT>
		<COLOR>#b68bbd</COLOR>
		<COVARIANCE_MATRIX>[[1.6624473573756404e-05, 1.6590200175414793e-05, 1.3516312719730195e-05, 1.3379139090829995e-05, 1.0247482350678183e-05, 8.660666935611516e-06], [1.6590200175414793e-05, 2.2256825104705058e-05, 1.5607804016326554e-05, 1.5416149835800752e-05, 1.1740884474420454e-05, 1.0018132343247999e-05], [1.3516312719730195e-05, 1.5607804016326554e-05, 1.6388359654229134e-05, 1.3271741408971138e-05, 1.006901129585458e-05, 8.4041121226619e-06], [1.3379139090829995e-05, 1.5416149835800752e-05, 1.3271741408971138e-05, 1.6801523088361137e-05, 1.0380120329500642e-05, 8.634871846879832e-06], [1.0247482350678183e-05, 1.1740884474420454e-05, 1.006901129585458e-05, 1.0380120329500642e-05, 1.1001564416801557e-05, 6.733372629241785e-06], [8.660666935611516e-06, 1.0018132343247999e-05, 8.4041121226619e-06, 8.634871846879832e-06, 6.733372629241785e-06, 1.2903038623335306e-05]]</COVARIANCE_MATRIX>
		<ROI_SIZE>10190</ROI_SIZE>
		<MAX_VALUE>[0.13526226580142975, 0.11116702854633331, 0.09060386568307877, 0.08784604072570801, 0.047193072736263275, 0.033110588788986206]</MAX_VALUE>
		<MIN_VALUE>[0.09727373719215393, 0.06674964725971222, 0.0451405830681324, 0.04438486695289612, 0.008449594490230083, 0.0]</MIN_VALUE>
		<SIGNATURE_THRESHOLD_MD>0.0</SIGNATURE_THRESHOLD_MD>
		<SIGNATURE_THRESHOLD_ML>0.0</SIGNATURE_THRESHOLD_ML>
		<SIGNATURE_THRESHOLD_SAM>0.0</SIGNATURE_THRESHOLD_SAM>
	</signature>
	<signature ID="20200828_133907596506_916">
		<MACROCLASSID>1</MACROCLASSID>
		<MACROCLASSINFO>waterbody</MACROCLASSINFO>
		<CLASSID>15</CLASSID>
		<CLASSINFO>C 1</CLASSINFO>
		<VALUES>[0.12553306537350498, 0.005612850404924857, 0.08981040295653231, 0.007281026516672479, 0.0657380965416192, 0.006259413433358811, 0.06161652327806575, 0.006620461612662415, 0.026663590383170017, 0.006307477973573352, 0.018280805097604578, 0.006058206939139291]</VALUES>
		<LCS_MIN>[0.11094959825277328, 0.07626766711473465, 0.05316351726651192, 0.051071200519800186, 0.014906841330230236, 0.005291033070534468]</LCS_MIN>
		<LCS_MAX>[0.1489381343126297, 0.11433970183134079, 0.09595248848199844, 0.08784604072570801, 0.05149790272116661, 0.0454748310148716]</LCS_MAX>
		<WAVELENGTH>[0.485, 0.56, 0.66, 0.83, 1.65, 2.215]</WAVELENGTH>
		<MEAN_VALUE>[0.12553306537350498, 0.08981040295653231, 0.0657380965416192, 0.06161652327806575, 0.026663590383170017, 0.018280805097604578]</MEAN_VALUE>
		<CHECKBOX>2</CHECKBOX>
		<SD>[0.005612850404924857, 0.007281026516672479, 0.006259413433358811, 0.006620461612662415, 0.006307477973573352, 0.006058206939139291]</SD>
		<WAVELENGTH_UNIT>E-6m</WAVELENGTH_UNIT>
		<COLOR>#1b508f</COLOR>
		<COVARIANCE_MATRIX>[[3.181593638146296e-05, 3.438899511820637e-05, 2.9803159122820944e-05, 3.314989953651093e-05, 3.0163600968080573e-05, 2.617906102386769e-05], [3.438899511820637e-05, 4.917367550660856e-05, 3.773399657802656e-05, 4.237497705616988e-05, 3.5500797821441665e-05, 2.9442455343087204e-05], [2.9803159122820944e-05, 3.773399657802656e-05, 3.65035557479132e-05, 3.669556099339388e-05, 3.222404484404251e-05, 2.7764042897615582e-05], [3.314989953651093e-05, 4.237497705616988e-05, 3.669556099339388e-05, 4.8741545469965786e-05, 3.8160938856890425e-05, 3.1891049729892984e-05], [3.0163600968080573e-05, 3.5500797821441665e-05, 3.222404484404251e-05, 3.8160938856890425e-05, 3.9493861549999565e-05, 3.1453269912162796e-05], [2.617906102386769e-05, 2.9442455343087204e-05, 2.7764042897615582e-05, 3.1891049729892984e-05, 3.1453269912162796e-05, 3.524238491081633e-05]]</COVARIANCE_MATRIX>
		<ROI_SIZE>6808</ROI_SIZE>
		<MAX_VALUE>[0.1489381343126297, 0.11433970183134079, 0.09595248848199844, 0.08784604072570801, 0.05149790272116661, 0.0454748310148716]</MAX_VALUE>
		<MIN_VALUE>[0.11094959825277328, 0.07626766711473465, 0.05316351726651192, 0.051071200519800186, 0.014906841330230236, 0.005291033070534468]</MIN_VALUE>
		<SIGNATURE_THRESHOLD_MD>0.0</SIGNATURE_THRESHOLD_MD>
		<SIGNATURE_THRESHOLD_ML>0.0</SIGNATURE_THRESHOLD_ML>
		<SIGNATURE_THRESHOLD_SAM>0.0</SIGNATURE_THRESHOLD_SAM>
	</signature>
	<signature ID="20200828_134000765535_694">
		<MACROCLASSID>1</MACROCLASSID>
		<MACROCLASSINFO>waterbody</MACROCLASSINFO>
		<CLASSID>16</CLASSID>
		<CLASSINFO>C 1</CLASSINFO>
		<VALUES>[0.11787911618409264, 0.010460998519376331, 0.08509410625806343, 0.012121581364732669, 0.06363387759626299, 0.012207081192870143, 0.06264381018200865, 0.017319743176911997, 0.024923120659346962, 0.014328329818399082, 0.015369489469148083, 0.011125990579920243]</VALUES>
		<LCS_MIN>[0.1033519059419632, 0.0699223205447197, 0.05048920586705208, 0.041041698306798935, 0.008449594490230083, 0.0]</LCS_MIN>
