<?xml version="1.0" ?>
<signaturelist MCID_LIST="[['1', 'waterbody', '#000000'], ['2', 'vegetation', '#000000'], ['3', 'bareland', '#000000'], ['4', 'built-up', '#000000']]">
	<signature ID="20211207_121112003107_742">
		<MACROCLASSID>1</MACROCLASSID>
		<MACROCLASSINFO>waterbody</MACROCLASSINFO>
		<CLASSID>1</CLASSID>
		<CLASSINFO>C 1</CLASSINFO>
		<VALUES>[0.10471431436264401, 0.003521139096105878, 0.08991909488640004, 0.004828975070561884, 0.08276261494750468, 0.007383449535438456, 0.06931934446360155, 0.0133130565671846, 0.04744591341411647, 0.012509249207976617, 0.039608407205185034, 0.01069526532065413]</VALUES>
		<LCS_MIN>[0.09935906529426575, 0.07647746056318283, 0.0642334520816803, 0.041508980095386505, 0.023212004452943802, 0.021331533789634705]</LCS_MIN>
		<LCS_MAX>[0.1138438805937767, 0.10797549039125443, 0.10300744324922562, 0.09805909544229507, 0.07002280652523041, 0.06614788621664047]</LCS_MAX>
		<WAVELENGTH>[0.485, 0.56, 0.66, 0.83, 1.65, 2.215]</WAVELENGTH>
		<MEAN_VALUE>[0.10471431436264401, 0.08991909488640004, 0.08276261494750468, 0.06931934446360155, 0.04744591341411647, 0.039608407205185034]</MEAN_VALUE>
		<CHECKBOX>2</CHECKBOX>
		<SD>[0.003521139096105878, 0.004828975070561884, 0.007383449535438456, 0.0133130565671846, 0.012509249207976617, 0.01069526532065413]</SD>
		<WAVELENGTH_UNIT>E-6m</WAVELENGTH_UNIT>
		<COLOR>#507696</COLOR>
		<COVARIANCE_MATRIX>[[1.250912100658752e-05, 1.3170978490961716e-05, 2.1582365661743097e-05, 3.9426773582817987e-05, 2.6989229809259996e-05, 2.1570325770881027e-05], [1.3170978490961716e-05, 2.352720548515208e-05, 3.152425415464677e-05, 5.2119943575235084e-05, 3.565319275367074e-05, 3.058624133700505e-05], [2.1582365661743097e-05, 3.152425415464677e-05, 5.500207043951377e-05, 8.862861432135105e-05, 5.9687943576136604e-05, 5.072780913906172e-05], [3.9426773582817987e-05, 5.2119943575235084e-05, 8.862861432135105e-05, 0.00017881995881907642, 0.00011256245488766581, 8.938440441852435e-05], [2.6989229809259996e-05, 3.565319275367074e-05, 5.9687943576136604e-05, 0.00011256245488766581, 0.00015787847223691642, 0.00012563946074806154], [2.1570325770881027e-05, 3.058624133700505e-05, 5.072780913906172e-05, 8.938440441852435e-05, 0.00012563946074806154, 0.00011541002459125593]]</COVARIANCE_MATRIX>
		<ROI_SIZE>113</ROI_SIZE>
		<MAX_VALUE>[0.1138438805937767, 0.10797549039125443, 0.10300744324922562, 0.09805909544229507, 0.07002280652523041, 0.06614788621664047]</MAX_VALUE>
		<MIN_VALUE>[0.09935906529426575, 0.07647746056318283, 0.0642334520816803, 0.041508980095386505, 0.023212004452943802, 0.021331533789634705]</MIN_VALUE>
		<SIGNATURE_THRESHOLD_MD>0.0</SIGNATURE_THRESHOLD_MD>
		<SIGNATURE_THRESHOLD_ML>0.0</SIGNATURE_THRESHOLD_ML>
		<SIGNATURE_THRESHOLD_SAM>0.0</SIGNATURE_THRESHOLD_SAM>
	</signature>
	<signature ID="20211207_121151912913_568">
		<MACROCLASSID>1</MACROCLASSID>
		<MACROCLASSINFO>waterbody</MACROCLASSINFO>
		<CLASSID>2</CLASSID>
		<CLASSINFO>C 1</CLASSINFO>
		<VALUES>[0.11226600174810371, 0.005153800289278106, 0.10152491430441538, 0.007760187136294435, 0.09439100325107577, 0.010795868254656423, 0.08681244030594824, 0.015537700650128567, 0.08787005876793581, 0.017585567899559746, 0.0795488449580529, 0.015516668348506166]</VALUES>
		<LCS_MIN>[0.10096848756074905, 0.0869768038392067, 0.07392694056034088, 0.05766616389155388, 0.044016800820827484, 0.03627031669020653]</LCS_MIN>
		<LCS_MAX>[0.12350039929151535, 0.12197462469339371, 0.11593211442232132, 0.11421628296375275, 0.11683358997106552, 0.10722953081130981]</LCS_MAX>
		<WAVELENGTH>[0.485, 0.56, 0.66, 0.83, 1.65, 2.215]</WAVELENGTH>
		<MEAN_VALUE>[0.11226600174810371, 0.10152491430441538, 0.09439100325107577, 0.08681244030594824, 0.08787005876793581, 0.0795488449580529]</MEAN_VALUE>
		<CHECKBOX>2</CHECKBOX>
		<SD>[0.005153800289278106, 0.007760187136294435, 0.010795868254656423, 0.015537700650128567, 0.017585567899559746, 0.015516668348506166]</SD>
		<WAVELENGTH_UNIT>E-6m</WAVELENGTH_UNIT>
		<COLOR>#6f07dc</COLOR>
		<COVARIANCE_MATRIX>[[2.7092890377389267e-05, 3.287687650299631e-05, 4.5936089009046555e-05, 6.056062557036057e-05, 7.183402340160683e-05, 5.4266012739390135e-05], [3.287687650299631e-05, 6.142491474747658e-05, 7.742471643723547e-05, 9.931690874509513e-05, 0.00010341127926949412, 8.974133379524574e-05], [4.5936089009046555e-05, 7.742471643723547e-05, 0.00011888178414665163, 0.0001574897178215906, 0.00016761128790676594, 0.00014649851073045284], [6.056062557036057e-05, 9.931690874509513e-05, 0.0001574897178215906, 0.0002462485572323203, 0.0002490658953320235, 0.0002086418098770082], [7.183402340160683e-05, 0.00010341127926949412, 0.00016761128790676594, 0.0002490658953320235, 0.0003154372388962656, 0.00024283406673930585], [5.4266012739390135e-05, 8.974133379524574e-05, 0.00014649851073045284, 0.0002086418098770082, 0.00024283406673930585, 0.0002455823414493352]]</COVARIANCE_MATRIX>
		<ROI_SIZE>51</ROI_SIZE>
		<MAX_VALUE>[0.12350039929151535, 0.12197462469339371, 0.11593211442232132, 0.11421628296375275, 0.11683358997106552, 0.10722953081130981]</MAX_VALUE>
		<MIN_VALUE>[0.10096848756074905, 0.0869768038392067, 0.07392694056034088, 0.05766616389155388, 0.044016800820827484, 0.03627031669020653]</MIN_VALUE>
		<SIGNATURE_THRESHOLD_MD>0.0</SIGNATURE_THRESHOLD_MD>
		<SIGNATURE_THRESHOLD_ML>0.0</SIGNATURE_THRESHOLD_ML>
		<SIGNATURE_THRESHOLD_SAM>0.0</SIGNATURE_THRESHOLD_SAM>
	</signature>
	<signature ID="20211207_121159106101_260">
		<MACROCLASSID>1</MACROCLASSID>
		<MACROCLASSINFO>waterbody</MACROCLASSINFO>
		<CLASSID>3</CLASSID>
		<CLASSINFO>C 1</CLASSINFO>
		<VALUES>[0.10584705156673274, 0.004275449620456745, 0.09242958615400966, 0.0055889255411924734, 0.08621692085372552, 0.008799680119601309, 0.07730362110305575, 0.01595920535676865, 0.05450047278178057, 0.01718447789811724, 0.04448998148187197, 0.014067126843739076]</VALUES>
		<LCS_MIN>[0.09774965047836304, 0.08347701281309128, 0.06746461242437363, 0.04554827883839607, 0.02061140350997448, 0.017596838995814323]</LCS_MIN>
		<LCS_MAX>[0.11867213994264603, 0.11497505009174347, 0.11593211442232132, 0.11421628296375275, 0.09342820942401886, 0.0698825791478157]</LCS_MAX>
		<WAVELENGTH>[0.485, 0.56, 0.66, 0.83, 1.65, 2.215]</WAVELENGTH>
		<MEAN_VALUE>[0.10584705156673274, 0.09242958615400966, 0.08621692085372552, 0.07730362110305575, 0.05450047278178057, 0.04448998148187197]</MEAN_VALUE>
		<CHECKBOX>2</CHECKBOX>
		<SD>[0.004275449620456745, 0.0055889255411924734, 0.008799680119601309, 0.01595920535676865, 0.01718447789811724, 0.014067126843739076]</SD>
		<WAVELENGTH_UNIT>E-6m</WAVELENGTH_UNIT>
		<COLOR>#20a5ee</COLOR>
		<COVARIANCE_MATRIX>[[1.8361439288128167e-05, 2.066374509013258e-05, 3.2866311812540516e-05, 5.32017438672483e-05, 4.703072409029119e-05, 4.020413325633854e-05], [2.066374509013258e-05, 3.137615931336768e-05, 4.4602351408684626e-05, 7.190665928646922e-05, 6.383699655998498e-05, 5.532379145734012e-05], [3.2866311812540516e-05, 4.4602351408684626e-05, 7.778160943416879e-05, 0.00011985910532530397, 0.00010473099973751232, 9.009113273350522e-05], [5.32017438672483e-05, 7.190665928646922e-05, 0.00011985910532530397, 0.00025583835667930543, 0.0002116448013111949, 0.00016744453751016408], [4.703072409029119e-05, 6.383699655998498e-05, 0.00010473099973751232, 0.0002116448013111949, 0.00029663051827810705, 0.00023099052486941218], [4.020413325633854e-05, 5.532379145734012e-05, 9.009113273350522e-05, 0.00016744453751016408, 0.00023099052486941218, 0.00019877143495250493]]</COVARIANCE_MATRIX>
		<ROI_SIZE>224</ROI_SIZE>
		<MAX_VALUE>[0.11867213994264603, 0.11497505009174347, 0.11593211442232132, 0.11421628296375275, 0.09342820942401886, 0.0698825791478157]</MAX_VALUE>
		<MIN_VALUE>[0.09774965047836304, 0.08347701281309128, 0.06746461242437363, 0.04554827883839607, 0.02061140350997448, 0.017596838995814323]</MIN_VALUE>
		<SIGNATURE_THRESHOLD_MD>0.0</SIGNATURE_THRESHOLD_MD>
		<SIGNATURE_THRESHOLD_ML>0.0</SIGNATURE_THRESHOLD_ML>
		<SIGNATURE_THRESHOLD_SAM>0.0</SIGNATURE_THRESHOLD_SAM>
	</signature>
	<signature ID="20211207_121204074967_664">
		<MACROCLASSID>1</MACROCLASSID>
		<MACROCLASSINFO>waterbody</MACROCLASSINFO>
		<CLASSID>4</CLASSID>
		<CLASSINFO>C 1</CLASSINFO>
		<VALUES>[0.10767441577254198, 0.005511801794035174, 0.09424557890265417, 0.008058454050294733, 0.08913000185902303, 0.01078019103963536, 0.08469835950587039, 0.01825213526040072, 0.06678872491018126, 0.0197054491147641, 0.05542259973784288, 0.017824489359730116]</VALUES>
		<LCS_MIN>[0.09935906529426575, 0.07997722923755646, 0.06746461242437363, 0.04958757013082504, 0.028413204476237297, 0.025066228583455086]</LCS_MIN>
		<LCS_MAX>[0.12671923637390137, 0.11847484856843948, 0.11593211442232132, 0.11421628296375275, 0.10383059829473495, 0.09602543711662292]</LCS_MAX>
		<WAVELENGTH>[0.485, 0.56, 0.66, 0.83, 1.65, 2.215]</WAVELENGTH>
		<MEAN_VALUE>[0.10767441577254198, 0.09424557890265417, 0.08913000185902303, 0.08469835950587039, 0.06678872491018126, 0.05542259973784288]</MEAN_VALUE>
		<CHECKBOX>2</CHECKBOX>
		<SD>[0.005511801794035174, 0.008058454050294733, 0.01078019103963536, 0.01825213526040072, 0.0197054491147641, 0.017824489359730116]</SD>
		<WAVELENGTH_UNIT>E-6m</WAVELENGTH_UNIT>
		<COLOR>#6abd08</COLOR>
		<COVARIANCE_MATRIX>[[3.077450310229324e-05, 4.133031325181946e-05, 5.4963453294476494e-05, 6.196989124873653e-05, 9.094774577533826e-05, 8.284877549158409e-05], [4.133031325181946e-05, 6.578204192919657e-05, 8.309005352202803e-05, 0.00010058064799522981, 0.00013409533130470663, 0.0001232764479937032], [5.4963453294476494e-05, 8.309005352202803e-05, 0.00011772177094826475, 0.00014101240958552808, 0.0001863274519564584, 0.00016971948207356036], [6.196989124873653e-05, 0.00010058064799522981, 0.00014101240958552808, 0.00033746694680303335, 0.0002634542470332235, 0.0002082737919408828], [9.094774577533826e-05, 0.00013409533130470663, 0.0001863274519564584, 0.0002634542470332235, 0.00039334764005616307, 0.00033418842940591276], [8.284877549158409e-05, 0.0001232764479937032, 0.00016971948207356036, 0.0002082737919408828, 0.00033418842940591276, 0.0003218385681975633]]</COVARIANCE_MATRIX>
		<ROI_SIZE>78</ROI_SIZE>
		<MAX_VALUE>[0.12671923637390137, 0.11847484856843948, 0.11593211442232132, 0.11421628296375275, 0.10383059829473495, 0.09602543711662292]</MAX_VALUE>
		<MIN_VALUE>[0.09935906529426575, 0.07997722923755646, 0.06746461242437363, 0.04958757013082504, 0.028413204476237297, 0.025066228583455086]</MIN_VALUE>
		<SIGNATURE_THRESHOLD_MD>0.0</SIGNATURE_THRESHOLD_MD>
		<SIGNATURE_THRESHOLD_ML>0.0</SIGNATURE_THRESHOLD_ML>
		<SIGNATURE_THRESHOLD_SAM>0.0</SIGNATURE_THRESHOLD_SAM>
	</signature>
	<signature ID="20211207_131209443836_224">
		<MACROCLASSID>1</MACROCLASSID>
		<MACROCLASSINFO>waterbody</MACROCLASSINFO>
		<CLASSID>5</CLASSID>
		<CLASSINFO>C 1</CLASSINFO>
		<VALUES>[0.11191255927085875, 0.00553790764320419, 0.10405573606491089, 0.008241672405534072, 0.09680360704660416, 0.011264496581722188, 0.08190192490816116, 0.016984259695969815, 0.07657631874084472, 0.01696771517499312, 0.06958379805088045, 0.012933912534091502]</VALUES>
		<LCS_MIN>[0.10257791727781296, 0.09397635608911514, 0.08362044394016266, 0.05362686514854431, 0.046617407351732254, 0.04373971000313759]</LCS_MIN>
		<LCS_MAX>[0.12510982155799866, 0.12547440826892853, 0.1256256103515625, 0.11825557798147202, 0.11163240671157837, 0.09602543711662292]</LCS_MAX>
		<WAVELENGTH>[0.485, 0.56, 0.66, 0.83, 1.65, 2.215]</WAVELENGTH>
		<MEAN_VALUE>[0.11191255927085875, 0.10405573606491089, 0.09680360704660416, 0.08190192490816116, 0.07657631874084472, 0.06958379805088045]</MEAN_VALUE>
		<CHECKBOX>2</CHECKBOX>
		<SD>[0.00553790764320419, 0.008241672405534072, 0.011264496581722188, 0.016984259695969815, 0.01696771517499312, 0.012933912534091502]</SD>
		<WAVELENGTH_UNIT>E-6m</WAVELENGTH_UNIT>
		<COLOR>#a0419b</COLOR>
		<COVARIANCE_MATRIX>[[3.194627061020583e-05, 4.2807962017832324e-05, 6.010690412949771e-05, 8.342857472598553e-05, 3.41115373885259e-05, 2.769933416857384e-05], [4.2807962017832324e-05, 7.075537723721936e-05, 9.387839963892475e-05, 0.00013842139742337167, 5.4442378313979134e-05, 3.799195837927982e-05], [6.010690412949771e-05, 9.387839963892475e-05, 0.00013217591913416982, 0.000187617217306979, 7.316189294215292e-05, 5.186980706639588e-05], [8.342857472598553e-05, 0.00013842139742337167, 0.000187617217306979, 0.0003004844475071877, 0.00013874816067982465, 9.931312524713576e-05], [3.41115373885259e-05, 5.4442378313979134e-05, 7.316189294215292e-05, 0.00013874816067982465, 0.00029989934409968555, 0.00021207128884270787], [2.769933416857384e-05, 3.799195837927982e-05, 5.186980706639588e-05, 9.931312524713576e-05, 0.00021207128884270787, 0.00017425634723622352]]</COVARIANCE_MATRIX>
		<ROI_SIZE>25</ROI_SIZE>
		<MAX_VALUE>[0.12510982155799866, 0.12547440826892853, 0.1256256103515625, 0.11825557798147202, 0.11163240671157837, 0.09602543711662292]</MAX_VALUE>
		<MIN_VALUE>[0.10257791727781296, 0.09397635608911514, 0.08362044394016266, 0.05362686514854431, 0.046617407351732254, 0.04373971000313759]</MIN_VALUE>
		<SIGNATURE_THRESHOLD_MD>0.0</SIGNATURE_THRESHOLD_MD>
		<SIGNATURE_THRESHOLD_ML>0.0</SIGNATURE_THRESHOLD_ML>
		<SIGNATURE_THRESHOLD_SAM>0.0</SIGNATURE_THRESHOLD_SAM>
	</signature>
	<signature ID="20211207_131221686616_512">
		<MACROCLASSID>1</MACROCLASSID>
		<MACROCLASSINFO>waterbody</MACROCLASSINFO>
		<CLASSID>6</CLASSID>
		<CLASSINFO>C 1</CLASSINFO>
		<VALUES>[0.10395181033669448, 0.004259033576803701, 0.09756150678163619, 0.006207302328816291, 0.08921588266768106, 0.008106216888632164, 0.06919292487749239, 0.014728562434203028, 0.06133299484485533, 0.017949699107258774, 0.05457943250856747, 0.014518519755803533]</VALUES>
		<LCS_MIN>[0.09614022076129913, 0.0869768038392067, 0.07392694056034088, 0.04958757013082504, 0.033614400774240494, 0.028800927102565765]</LCS_MIN>
		<LCS_MAX>[0.1122344434261322, 0.11147528141736984, 0.10300744324922562, 0.10209839046001434, 0.09862940013408661, 0.08855605125427246]</LCS_MAX>
		<WAVELENGTH>[0.485, 0.56, 0.66, 0.83, 1.65, 2.215]</WAVELENGTH>
		<MEAN_VALUE>[0.10395181033669448, 0.09756150678163619, 0.08921588266768106, 0.06919292487749239, 0.06133299484485533, 0.05457943250856747]</MEAN_VALUE>
		<CHECKBOX>2</CHECKBOX>
		<SD>[0.004259033576803701, 0.006207302328816291, 0.008106216888632164, 0.014728562434203028, 0.017949699107258774, 0.014518519755803533]</SD>
		<WAVELENGTH_UNIT>E-6m</WAVELENGTH_UNIT>
		<COLOR>#5e0730</COLOR>
		<COVARIANCE_MATRIX>[[1.859285112004727e-05, 1.9171528037986718e-05, 2.8132380975876004e-05, 5.1052073104074225e-05, 5.984697418170981e-05, 4.454146255739033e-05], [1.9171528037986718e-05, 3.949386882595718e-05, 4.4461226934799924e-05, 6.578714237548411e-05, 7.266244210768491e-05, 6.0810274590039626e-05], [2.8132380975876004e-05, 4.4461226934799924e-05, 6.735351780662313e-05, 0.00010943471716018394, 0.00012063386384397745, 9.199199121212587e-05], [5.1052073104074225e-05, 6.578714237548411e-05, 0.00010943471716018394, 0.00022235381766222417, 0.00023030028387438506, 0.00016194870113395154], [5.984697418170981e-05, 7.266244210768491e-05, 0.00012063386384397745, 0.00023030028387438506, 0.0003302464901935309, 0.00023932302428875118], [4.454146255739033e-05, 6.0810274590039626e-05, 9.199199121212587e-05, 0.00016194870113395154, 0.00023932302428875118, 0.00021605710207950324]]</COVARIANCE_MATRIX>
		<ROI_SIZE>41</ROI_SIZE>
		<MAX_VALUE>[0.1122344434261322, 0.11147528141736984, 0.10300744324922562, 0.10209839046001434, 0.09862940013408661, 0.08855605125427246]</MAX_VALUE>
		<MIN_VALUE>[0.09614022076129913, 0.0869768038392067, 0.07392694056034088, 0.04958757013082504, 0.033614400774240494, 0.028800927102565765]</MIN_VALUE>
		<SIGNATURE_THRESHOLD_MD>0.0</SIGNATURE_THRESHOLD_MD>
		<SIGNATURE_THRESHOLD_ML>0.0</SIGNATURE_THRESHOLD_ML>
		<SIGNATURE_THRESHOLD_SAM>0.0</SIGNATURE_THRESHOLD_SAM>
	</signature>
	<signature ID="20211207_131229477753_475">
		<MACROCLASSID>1</MACROCLASSID>
		<MACROCLASSINFO>waterbody</MACROCLASSINFO>
		<CLASSID>7</CLASSID>
		<CLASSINFO>C 1</CLASSINFO>
		<VALUES>[0.10241797066623377, 0.0033807383485359443, 0.09228081806846285, 0.004996946184798587, 0.08681147665896026, 0.007020146678752397, 0.0695582435738226, 0.014245525137938699, 0.051285561463384914, 0.01636344319863021, 0.043275770204870605, 0.01429728835058822]</VALUES>
		<LCS_MIN>[0.09453079104423523, 0.07997722923755646, 0.07069576531648636, 0.03746969252824783, 0.018010802567005157, 0.013862146064639091]</LCS_MIN>
		<LCS_MAX>[0.1122344434261322, 0.10797549039125443, 0.10946977138519287, 0.0940198078751564, 0.08562640845775604, 0.07735195755958557]</LCS_MAX>
		<WAVELENGTH>[0.485, 0.56, 0.66, 0.83, 1.65, 2.215]</WAVELENGTH>
		<MEAN_VALUE>[0.10241797066623377, 0.09228081806846285, 0.08681147665896026, 0.0695582435738226, 0.051285561463384914, 0.043275770204870605]</MEAN_VALUE>
		<CHECKBOX>2</CHECKBOX>
		<SD>[0.0033807383485359443, 0.004996946184798587, 0.007020146678752397, 0.014245525137938699, 0.01636344319863021, 0.01429728835058822]</SD>
		<WAVELENGTH_UNIT>E-6m</WAVELENGTH_UNIT>
		<COLOR>#32653c</COLOR>
		<COVARIANCE_MATRIX>[[1.1500825166876893e-05, 1.2858173249696847e-05, 1.855215487012174e-05, 2.8770906283170916e-05, 3.483667387627065e-05, 3.1443953048437834e-05], [1.2858173249696847e-05, 2.5125529646174982e-05, 2.9757364245597273e-05, 4.025760790682398e-05, 5.3244653827277943e-05, 4.969371002516709e-05], [1.855215487012174e-05, 2.9757364245597273e-05, 4.959047510055825e-05, 7.675080269109458e-05, 8.736939344089478e-05, 7.879663462517783e-05], [2.8770906283170916e-05, 4.025760790682398e-05, 7.675080269109458e-05, 0.00020420333021320403, 0.00019270373741164804, 0.00015593557327520102], [3.483667387627065e-05, 5.3244653827277943e-05, 8.736939344089478e-05, 0.00019270373741164804, 0.00026943578268401325, 0.00021573173580691218], [3.1443953048437834e-05, 4.969371002516709e-05, 7.879663462517783e-05, 0.00015593557327520102, 0.00021573173580691218, 0.00020569002663251013]]</COVARIANCE_MATRIX>
		<ROI_SIZE>161</ROI_SIZE>
		<MAX_VALUE>[0.1122344434261322, 0.10797549039125443, 0.10946977138519287, 0.0940198078751564, 0.08562640845775604, 0.07735195755958557]</MAX_VALUE>
		<MIN_VALUE>[0.09453079104423523, 0.07997722923755646, 0.07069576531648636, 0.03746969252824783, 0.018010802567005157, 0.013862146064639091]</MIN_VALUE>
		<SIGNATURE_THRESHOLD_MD>0.0</SIGNATURE_THRESHOLD_MD>
		<SIGNATURE_THRESHOLD_ML>0.0</SIGNATURE_THRESHOLD_ML>
		<SIGNATURE_THRESHOLD_SAM>0.0</SIGNATURE_THRESHOLD_SAM>
	</signature>
	<signature ID="20211207_131242106555_484">
		<MACROCLASSID>1</MACROCLASSID>
		<MACROCLASSINFO>waterbody</MACROCLASSINFO>
		<CLASSID>8</CLASSID>
		<CLASSINFO>C 1</CLASSINFO>
		<VALUES>[0.09991313040745062, 0.003798377973615227, 0.08921436574615414, 0.0056692436882696574, 0.08505063540622836, 0.007033643367789334, 0.07428686241390274, 0.015291325831801551, 0.05454710223635688, 0.016644814434251955, 0.0452090958896719, 0.014092548418611885]</VALUES>
		<LCS_MIN>[0.09292137622833252, 0.07997722923755646, 0.07392694056034088, 0.04554827883839607, 0.023212004452943802, 0.021331533789634705]</LCS_MIN>
		<LCS_MAX>[0.1106250137090683, 0.1044757142663002, 0.10300744324922562, 0.11017698794603348, 0.08562640845775604, 0.0698825791478157]</LCS_MAX>
		<WAVELENGTH>[0.485, 0.56, 0.66, 0.83, 1.65, 2.215]</WAVELENGTH>
		<MEAN_VALUE>[0.09991313040745062, 0.08921436574615414, 0.08505063540622836, 0.07428686241390274, 0.05454710223635688, 0.0452090958896719]</MEAN_VALUE>
		<CHECKBOX>2</CHECKBOX>
		<SD>[0.003798377973615227, 0.0056692436882696574, 0.007033643367789334, 0.015291325831801551, 0.016644814434251955, 0.014092548418611885]</SD>
		<WAVELENGTH_UNIT>E-6m</WAVELENGTH_UNIT>
		<COLOR>#50f941</COLOR>
		<COVARIANCE_MATRIX>[[1.4668136827822309e-05, 1.7139511328423396e-05, 2.2162437744555064e-05, 4.437864845385775e-05, 4.5061235141474754e-05, 4.0646165871294215e-05], [1.7139511328423396e-05, 3.267599458922632e-05, 3.538349119480699e-05, 6.397413380909711e-05, 6.25096436124295e-05, 5.569299537455663e-05], [2.2162437744555064e-05, 3.538349119480699e-05, 5.029667590861209e-05, 9.134003630606458e-05, 8.804524986771867e-05, 7.710622594458982e-05], [4.437864845385775e-05, 6.397413380909711e-05, 9.134003630606458e-05, 0.00023772171698510647, 0.00021405825100373477, 0.00017681397730484605], [4.5061235141474754e-05, 6.25096436124295e-05, 8.804524986771867e-05, 0.00021405825100373477, 0.0002816673368215561, 0.00021639655460603535], [4.0646165871294215e-05, 5.569299537455663e-05, 7.710622594458982e-05, 0.00017681397730484605, 0.00021639655460603535, 0.00020190991926938295]]</COVARIANCE_MATRIX>
		<ROI_SIZE>61</ROI_SIZE>
		<MAX_VALUE>[0.1106250137090683, 0.1044757142663002, 0.10300744324922562, 0.11017698794603348, 0.08562640845775604, 0.0698825791478157]</MAX_VALUE>
		<MIN_VALUE>[0.09292137622833252, 0.07997722923755646, 0.07392694056034088, 0.04554827883839607, 0.023212004452943802, 0.021331533789634705]</MIN_VALUE>
		<SIGNATURE_THRESHOLD_MD>0.0</SIGNATURE_THRESHOLD_MD>
		<SIGNATURE_THRESHOLD_ML>0.0</SIGNATURE_THRESHOLD_ML>
		<SIGNATURE_THRESHOLD_SAM>0.0</SIGNATURE_THRESHOLD_SAM>
	</signature>
	<signature ID="20211207_131253478681_664">
		<MACROCLASSID>1</MACROCLASSID>
		<MACROCLASSINFO>waterbody</MACROCLASSINFO>
		<CLASSID>9</CLASSID>
		<CLASSINFO>C 1</CLASSINFO>
		<VALUES>[0.0981087720960625, 0.004416016555220367, 0.08700572391433163, 0.0060114261113126, 0.08041598219886298, 0.00833417351151756, 0.0724880326816366, 0.01641704341154497, 0.05093740839665095, 0.01561990310324756, 0.040776643116981516, 0.013973268955276879]</VALUES>
		<LCS_MIN>[0.08809312433004379, 0.07297767698764801, 0.06100227311253548, 0.04554827883839607, 0.028413204476237297, 0.017596838995814323]</LCS_MIN>
		<LCS_MAX>[0.1138438805937767, 0.1044757142663002, 0.10300744324922562, 0.11825557798147202, 0.08562640845775604, 0.081086665391922]</LCS_MAX>
		<WAVELENGTH>[0.485, 0.56, 0.66, 0.83, 1.65, 2.215]</WAVELENGTH>
		<MEAN_VALUE>[0.0981087720960625, 0.08700572391433163, 0.08041598219886298, 0.0724880326816366, 0.05093740839665095, 0.040776643116981516]</MEAN_VALUE>
		<CHECKBOX>2</CHECKBOX>
		<SD>[0.004416016555220367, 0.0060114261113126, 0.00833417351151756, 0.01641704341154497, 0.01561990310324756, 0.013973268955276879]</SD>
		<WAVELENGTH_UNIT>E-6m</WAVELENGTH_UNIT>
		<COLOR>#a7f20a</COLOR>
		<COVARIANCE_MATRIX>[[1.966371200978756e-05, 2.1534333427553065e-05, 3.2232281228061765e-05, 3.347578240209259e-05, 4.0325172449229285e-05, 4.20459546148777e-05], [2.1534333427553065e-05, 3.643838863354176e-05, 4.598665327648632e-05, 4.9399433919461444e-05, 5.9109839639859274e-05, 6.195404421305284e-05], [3.2232281228061765e-05, 4.598665327648632e-05, 7.003726932452992e-05, 8.019476808840409e-05, 8.993557275971398e-05, 8.998213161248714e-05], [3.347578240209259e-05, 4.9399433919461444e-05, 8.019476808840409e-05, 0.0002717653114814311, 0.00020269007654860616, 0.00016773409151937813], [4.0325172449229285e-05, 5.9109839639859274e-05, 8.993557275971398e-05, 0.00020269007654860616, 0.00024601456243544817, 0.00019671522022690624], [4.20459546148777e-05, 6.195404421305284e-05, 8.998213161248714e-05, 0.00016773409151937813, 0.00019671522022690624, 0.000196879351278767]]</COVARIANCE_MATRIX>
		<ROI_SIZE>121</ROI_SIZE>
		<MAX_VALUE>[0.1138438805937767, 0.1044757142663002, 0.10300744324922562, 0.11825557798147202, 0.08562640845775604, 0.081086665391922]</MAX_VALUE>
		<MIN_VALUE>[0.08809312433004379, 0.07297767698764801, 0.06100227311253548, 0.04554827883839607, 0.028413204476237297, 0.017596838995814323]</MIN_VALUE>
		<SIGNATURE_THRESHOLD_MD>0.0</SIGNATURE_THRESHOLD_MD>
		<SIGNATURE_THRESHOLD_ML>0.0</SIGNATURE_THRESHOLD_ML>
		<SIGNATURE_THRESHOLD_SAM>0.0</SIGNATURE_THRESHOLD_SAM>
	</signature>
	<signature ID="20211207_131301949049_217">
		<MACROCLASSID>1</MACROCLASSID>
		<MACROCLASSINFO>waterbody</MACROCLASSINFO>
		<CLASSID>10</CLASSID>
		<CLASSINFO>C 1</CLASSINFO>
		<VALUES>[0.09579534496047665, 0.00308252583197803, 0.08303954478885445, 0.004772264935986453, 0.07710041278707129, 0.006241948213596602, 0.06552835913108929, 0.011125608840318078, 0.04132332549696521, 0.010425180280295834, 0.032602312242878344, 0.008658278850084074]</VALUES>
		<LCS_MIN>[0.0897025316953659, 0.07297767698764801, 0.0642334520816803, 0.041508980095386505, 0.018010802567005157, 0.017596838995814323]</LCS_MIN>
		<LCS_MAX>[0.10418734699487686, 0.09747614711523056, 0.09008278697729111, 0.08998052030801773, 0.05962040275335312, 0.054943788796663284]</LCS_MAX>
		<WAVELENGTH>[0.485, 0.56, 0.66, 0.83, 1.65, 2.215]</WAVELENGTH>
		<MEAN_VALUE>[0.09579534496047665, 0.08303954478885445, 0.07710041278707129, 0.06552835913108929, 0.04132332549696521, 0.032602312242878344]</MEAN_VALUE>
		<CHECKBOX>2</CHECKBOX>
		<SD>[0.00308252583197803, 0.004772264935986453, 0.006241948213596602, 0.011125608840318078, 0.010425180280295834, 0.008658278850084074]</SD>
		<WAVELENGTH_UNIT>E-6m</WAVELENGTH_UNIT>
		<COLOR>#62ed13</COLOR>
		<COVARIANCE_MATRIX>[[9.674728062236682e-06, 1.1521293345140293e-05, 1.6337095075869e-05, 1.4462479157373309e-05, 1.6785359548521228e-05, 1.7181257135234773e-05], [1.1521293345140293e-05, 2.318859515071381e-05, 2.485275035724044e-05, 2.2779289793106727e-05, 2.9083541448926553e-05, 2.783449053822551e-05], [1.6337095075869e-05, 2.485275035724044e-05, 3.9670314436079934e-05, 3.415886021684855e-05, 3.452313467278145e-05, 3.467036003712565e-05], [1.4462479157373309e-05, 2.2779289793106727e-05, 3.415886021684855e-05, 0.00012602969945874065, 8.191532106138766e-05, 6.255108019104227e-05], [1.6785359548521228e-05, 2.9083541448926553e-05, 3.452313467278145e-05, 8.191532106138766e-05, 0.00011066046135965735, 7.982498209457844e-05], [1.7181257135234773e-05, 2.783449053822551e-05, 3.467036003712565e-05, 6.255108019104227e-05, 7.982498209457844e-05, 7.632880442542955e-05]]</COVARIANCE_MATRIX>
		<ROI_SIZE>56</ROI_SIZE>
		<MAX_VALUE>[0.10418734699487686, 0.09747614711523056, 0.09008278697729111, 0.08998052030801773, 0.05962040275335312, 0.054943788796663284]</MAX_VALUE>
		<MIN_VALUE>[0.0897025316953659, 0.07297767698764801, 0.0642334520816803, 0.041508980095386505, 0.018010802567005157, 0.017596838995814323]</MIN_VALUE>
		<SIGNATURE_THRESHOLD_MD>0.0</SIGNATURE_THRESHOLD_MD>
		<SIGNATURE_THRESHOLD_ML>0.0</SIGNATURE_THRESHOLD_ML>
		<SIGNATURE_THRESHOLD_SAM>0.0</SIGNATURE_THRESHOLD_SAM>
	</signature>
	<signature ID="20211207_131310352043_557">
		<MACROCLASSID>1</MACROCLASSID>
		<MACROCLASSINFO>waterbody</MACROCLASSINFO>
		<CLASSID>11</CLASSID>
		<CLASSINFO>C 1</CLASSINFO>
		<VALUES>[0.09553365536670586, 0.0036271192932897716, 0.0840925572805069, 0.005474059100506644, 0.07900913183263802, 0.006797441559670466, 0.07250396907329558, 0.015609408232114659, 0.0521061073604915, 0.017564337961377338, 0.039948710085983254, 0.014046378262928786]</VALUES>
		<LCS_MIN>[0.08809312433004379, 0.07297767698764801, 0.0642334520816803, 0.041508980095386505, 0.015410204418003559, 0.013862146064639091]</LCS_MIN>
		<LCS_MAX>[0.10740616917610168, 0.09747614711523056, 0.09977627545595169, 0.09805909544229507, 0.08822701871395111, 0.07361726462841034]</LCS_MAX>
		<WAVELENGTH>[0.485, 0.56, 0.66, 0.83, 1.65, 2.215]</WAVELENGTH>
		<MEAN_VALUE>[0.09553365536670586, 0.0840925572805069, 0.07900913183263802, 0.07250396907329558, 0.0521061073604915, 0.039948710085983254]</MEAN_VALUE>
		<CHECKBOX>2</CHECKBOX>
		<SD>[0.0036271192932897716, 0.005474059100506644, 0.006797441559670466, 0.015609408232114659, 0.017564337961377338, 0.014046378262928786]</SD>
		<WAVELENGTH_UNIT>E-6m</WAVELENGTH_UNIT>
		<COLOR>#041d78</COLOR>
		<COVARIANCE_MATRIX>[[1.322243861068273e-05, 1.6561943994020112e-05, 2.1246827600407414e-05, 4.128755608689971e-05, 4.6342207497218624e-05, 3.8853100704727694e-05], [1.6561943994020112e-05, 3.0116663765511476e-05, 3.226600892958231e-05, 6.664446118520573e-05, 7.185296271927655e-05, 5.951276034465991e-05], [2.1246827600407414e-05, 3.226600892958231e-05, 4.643857027986087e-05, 8.485122816637158e-05, 9.109154052566737e-05, 7.482529326807708e-05], [4.128755608689971e-05, 6.664446118520573e-05, 8.485122816637158e-05, 0.0002448841987643391, 0.0002351959265070036, 0.00017775177548173815], [4.6342207497218624e-05, 7.185296271927655e-05, 9.109154052566737e-05, 0.0002351959265070036, 0.00031006408971734345, 0.00022825882479082793], [3.8853100704727694e-05, 5.951276034465991e-05, 7.482529326807708e-05, 0.00017775177548173815, 0.00022825882479082793, 0.00019829721713904291]]</COVARIANCE_MATRIX>
		<ROI_SIZE>199</ROI_SIZE>
		<MAX_VALUE>[0.10740616917610168, 0.09747614711523056, 0.09977627545595169, 0.09805909544229507, 0.08822701871395111, 0.07361726462841034]</MAX_VALUE>
		<MIN_VALUE>[0.08809312433004379, 0.07297767698764801, 0.0642334520816803, 0.041508980095386505, 0.015410204418003559, 0.013862146064639091]</MIN_VALUE>
		<SIGNATURE_THRESHOLD_MD>0.0</SIGNATURE_THRESHOLD_MD>
		<SIGNATURE_THRESHOLD_ML>0.0</SIGNATURE_THRESHOLD_ML>
		<SIGNATURE_THRESHOLD_SAM>0.0</SIGNATURE_THRESHOLD_SAM>
	</signature>
	<signature ID="20211207_131335262861_545">
		<MACROCLASSID>1</MACROCLASSID>
		<MACROCLASSINFO>waterbody</MACROCLASSINFO>
		<CLASSID>12</CLASSID>
		<CLASSINFO>C 1</CLASSINFO>
		<VALUES>[0.09563198358866208, 0.004146291587333102, 0.08660840256172311, 0.006446090316114609, 0.08282682665607387, 0.008734973392510115, 0.07885473777066199, 0.015930246320465618, 0.06281412425532677, 0.01744207598414518, 0.050226283962266485, 0.01507779785896813]</VALUES>
		<LCS_MIN>[0.08648369461297989, 0.07297767698764801, 0.0642334520816803, 0.04958757013082504, 0.033614400774240494, 0.025066228583455086]</LCS_MIN>
		<LCS_MAX>[0.10740616917610168, 0.10097593069076538, 0.09977627545595169, 0.11017698794603348, 0.09602880477905273, 0.07361726462841034]</LCS_MAX>
		<WAVELENGTH>[0.485, 0.56, 0.66, 0.83, 1.65, 2.215]</WAVELENGTH>
		<MEAN_VALUE>[0.09563198358866208, 0.08660840256172311, 0.08282682665607387, 0.07885473777066199, 0.06281412425532677, 0.050226283962266485]</MEAN_VALUE>
		<CHECKBOX>2</CHECKBOX>
		<SD>[0.004146291587333102, 0.006446090316114609, 0.008734973392510115, 0.015930246320465618, 0.01744207598414518, 0.01507779785896813]</SD>
		<WAVELENGTH_UNIT>E-6m</WAVELENGTH_UNIT>
		<COLOR>#31fdd4</COLOR>
		<COVARIANCE_MATRIX>[[1.749872899381444e-05, 2.3647507987334393e-05, 3.1534229492535815e-05, 4.0679704397916794e-05, 5.397047789301723e-05, 4.90798702230677e-05], [2.3647507987334393e-05, 4.229408295941539e-05, 5.1801751396851614e-05, 7.963823736645281e-05, 8.97750214789994e-05, 7.80551927164197e-05], [3.1534229492535815e-05, 5.1801751396851614e-05, 7.766225462546572e-05, 0.00010125240805791691, 0.000123222591355443, 0.00010910588025581092], [4.0679704397916794e-05, 7.963823736645281e-05, 0.00010125240805791691, 0.00025830441154539585, 0.0002014268102357164, 0.00016262316785287112], [5.397047789301723e-05, 8.97750214789994e-05, 0.000123222591355443, 0.0002014268102357164, 0.00030965861515142024, 0.00024565926287323236], [4.90798702230677e-05, 7.80551927164197e-05, 0.00010910588025581092, 0.00016262316785287112, 0.00024565926287323236, 0.0002313996374141425]]</COVARIANCE_MATRIX>
		<ROI_SIZE>57</ROI_SIZE>
		<MAX_VALUE>[0.10740616917610168, 0.10097593069076538, 0.09977627545595169, 0.11017698794603348, 0.09602880477905273, 0.07361726462841034]</MAX_VALUE>
		<MIN_VALUE>[0.08648369461297989, 0.07297767698764801, 0.0642334520816803, 0.04958757013082504, 0.033614400774240494, 0.025066228583455086]</MIN_VALUE>
		<SIGNATURE_THRESHOLD_MD>0.0</SIGNATURE_THRESHOLD_MD>
		<SIGNATURE_THRESHOLD_ML>0.0</SIGNATURE_THRESHOLD_ML>
		<SIGNATURE_THRESHOLD_SAM>0.0</SIGNATURE_THRESHOLD_SAM>
	</signature>
	<signature ID="20211207_131421553161_889">
		<MACROCLASSID>1</MACROCLASSID>
		<MACROCLASSINFO>waterbody</MACROCLASSINFO>
		<CLASSID>13</CLASSID>
		<CLASSINFO>C 1</CLASSINFO>
		<VALUES>[0.09677314105328554, 0.004729514417116782, 0.08531210898013596, 0.007239872697270972, 0.08111538291535568, 0.00970462401372412, 0.07834674126367445, 0.01872562751963964, 0.059951567031750044, 0.021118783667565207, 0.04558607332464237, 0.016827860271152212]</VALUES>
		<LCS_MIN>[0.08809312433004379, 0.07297767698764801, 0.0642334520816803, 0.041508980095386505, 0.025812603533267975, 0.013862146064639091]</LCS_MIN>
		<LCS_MAX>[0.1106250137090683, 0.10797549039125443, 0.10623861104249954, 0.11421628296375275, 0.10383059829473495, 0.081086665391922]</LCS_MAX>
		<WAVELENGTH>[0.485, 0.56, 0.66, 0.83, 1.65, 2.215]</WAVELENGTH>
		<MEAN_VALUE>[0.09677314105328554, 0.08531210898013596, 0.08111538291535568, 0.07834674126367445, 0.059951567031750044, 0.04558607332464237]</MEAN_VALUE>
		<CHECKBOX>2</CHECKBOX>
		<SD>[0.004729514417116782, 0.007239872697270972, 0.00970462401372412, 0.01872562751963964, 0.021118783667565207, 0.016827860271152212]</SD>
		<WAVELENGTH_UNIT>E-6m</WAVELENGTH_UNIT>
		<COLOR>#6f0cd2</COLOR>
		<COVARIANCE_MATRIX>[[2.2452397388406098e-05, 3.025830847036559e-05, 4.073066884302534e-05, 5.470596443046816e-05, 6.1092505347915e-05, 5.701331974705681e-05], [3.025830847036559e-05, 5.2612809668062255e-05, 6.532246334245428e-05, 8.323728252435103e-05, 9.249254071619362e-05, 8.691404218552634e-05], [4.073066884302534e-05, 6.532246334245428e-05, 9.453378879697993e-05, 0.00012918221182189882, 0.0001428619580110535, 0.00012794816575478762], [5.470596443046816e-05, 8.323728252435103e-05, 0.00012918221182189882, 0.0003519673482514918, 0.00035142689011991024, 0.0002659919555298984], [6.1092505347915e-05, 9.249254071619362e-05, 0.0001428619580110535, 0.00035142689011991024, 0.00044767971849069, 0.00032566612935625017], [5.701331974705681e-05, 8.691404218552634e-05, 0.00012794816575478762, 0.0002659919555298984, 0.00032566612935625017, 0.00028424145421013236]]</COVARIANCE_MATRIX>
		<ROI_SIZE>267</ROI_SIZE>
		<MAX_VALUE>[0.1106250137090683, 0.10797549039125443, 0.10623861104249954, 0.11421628296375275, 0.10383059829473495, 0.081086665391922]</MAX_VALUE>
		<MIN_VALUE>[0.08809312433004379, 0.07297767698764801, 0.0642334520816803, 0.041508980095386505, 0.025812603533267975, 0.013862146064639091]</MIN_VALUE>
		<SIGNATURE_THRESHOLD_MD>0.0</SIGNATURE_THRESHOLD_MD>
		<SIGNATURE_THRESHOLD_ML>0.0</SIGNATURE_THRESHOLD_ML>
		<SIGNATURE_THRESHOLD_SAM>0.0</SIGNATURE_THRESHOLD_SAM>
	</signature>
	<signature ID="20211207_131434141105_592">
		<MACROCLASSID>1</MACROCLASSID>
		<MACROCLASSINFO>waterbody</MACROCLASSINFO>
		<CLASSID>14</CLASSID>
		<CLASSINFO>C 1</CLASSINFO>
		<VALUES>[0.10730234461445962, 0.005234081751329239, 0.1025564771506094, 0.007481878187991779, 0.09477318534927984, 0.011308003203236456, 0.07695053373613664, 0.019780697437429946, 0.06918390185361908, 0.020672114244419042, 0.059280858645516056, 0.016623671342007516]</VALUES>
		<LCS_MIN>[0.09774965047836304, 0.09047658741474152, 0.07715810835361481, 0.04554827883839607, 0.028413204476237297, 0.021331533789634705]</LCS_MIN>
		<LCS_MAX>[0.11706270277500153, 0.11847484856843948, 0.11593211442232132, 0.11017698794603348, 0.10643119364976883, 0.08855605125427246]</LCS_MAX>
		<WAVELENGTH>[0.485, 0.56, 0.66, 0.83, 1.65, 2.215]</WAVELENGTH>
		<MEAN_VALUE>[0.10730234461445962, 0.1025564771506094, 0.09477318534927984, 0.07695053373613664, 0.06918390185361908, 0.059280858645516056]</MEAN_VALUE>
		<CHECKBOX>2</CHECKBOX>
		<SD>[0.005234081751329239, 0.007481878187991779, 0.011308003203236456, 0.019780697437429946, 0.020672114244419042, 0.016623671342007516]</SD>
		<WAVELENGTH_UNIT>E-6m</WAVELENGTH_UNIT>
		<COLOR>#0b7eb2</COLOR>
		<COVARIANCE_MATRIX>[[2.8308799301157705e-05, 3.452861710684374e-05, 5.5626554967602715e-05, 9.958306327462196e-05, 0.00010454654693603516, 7.96062231529504e-05], [3.452861710684374e-05, 5.7844452385324985e-05, 7.941403600852937e-05, 0.00013814399426337332, 0.00012666791735682636, 9.748154843691736e-05], [5.5626554967602715e-05, 7.941403600852937e-05, 0.00013213329657446593, 0.00022325311147142202, 0.00021358008962124586, 0.00016320866416208446], [9.958306327462196e-05, 0.00013814399426337332, 0.00022325311147142202, 0.00040431853267364204, 0.000377374526578933, 0.0002937299432232976], [0.00010454654693603516, 0.00012666791735682636, 0.00021358008962124586, 0.000377374526578933, 0.00044158086529932916, 0.0003278316871728748], [7.96062231529504e-05, 9.748154843691736e-05, 0.00016320866416208446, 0.0002937299432232976, 0.0003278316871728748, 0.00028555799508467317]]</COVARIANCE_MATRIX>
		<ROI_SIZE>31</ROI_SIZE>
		<MAX_VALUE>[0.11706270277500153, 0.11847484856843948, 0.11593211442232132, 0.11017698794603348, 0.10643119364976883, 0.08855605125427246]</MAX_VALUE>
		<MIN_VALUE>[0.09774965047836304, 0.09047658741474152, 0.07715810835361481, 0.04554827883839607, 0.028413204476237297, 0.021331533789634705]</MIN_VALUE>
		<SIGNATURE_THRESHOLD_MD>0.0</SIGNATURE_THRESHOLD_MD>
		<SIGNATURE_THRESHOLD_ML>0.0</SIGNATURE_THRESHOLD_ML>
		<SIGNATURE_THRESHOLD_SAM>0.0</SIGNATURE_THRESHOLD_SAM>
	</signature>
	<signature ID="20211207_131442207256_681">
		<MACROCLASSID>1</MACROCLASSID>
		<MACROCLASSINFO>waterbody</MACROCLASSINFO>
		<CLASSID>15</CLASSID>
		<CLASSINFO>C 1</CLASSINFO>
		<VALUES>[0.12174009298905727, 0.005751843091118202, 0.11650621332228182, 0.007674498913605457, 0.11360971094109117, 0.009253867031780594, 0.10639014677144588, 0.014026646804330772, 0.10472455993294717, 0.018714940806311243, 0.09439151326660065, 0.015593682614703983]</VALUES>
		<LCS_MIN>[0.1122344434261322, 0.10097593069076538, 0.09654511511325836, 0.07786262780427933, 0.06742221117019653, 0.062413182109594345]</LCS_MIN>
		<LCS_MAX>[0.1331569254398346, 0.1359737366437912, 0.13208796083927155, 0.13037346303462982, 0.13243719935417175, 0.11843360960483551]</LCS_MAX>
		<WAVELENGTH>[0.485, 0.56, 0.66, 0.83, 1.65, 2.215]</WAVELENGTH>
		<MEAN_VALUE>[0.12174009298905727, 0.11650621332228182, 0.11360971094109117, 0.10639014677144588, 0.10472455993294717, 0.09439151326660065]</MEAN_VALUE>
		<CHECKBOX>2</CHECKBOX>
		<SD>[0.005751843091118202, 0.007674498913605457, 0.009253867031780594, 0.014026646804330772, 0.018714940806311243, 0.015593682614703983]</SD>
		<WAVELENGTH_UNIT>E-6m</WAVELENGTH_UNIT>
		<COLOR>#668d0f</COLOR>
		<COVARIANCE_MATRIX>[[3.4150914871133864e-05, 4.057533442392014e-05, 4.862184505327605e-05, 6.400004349416122e-05, 4.253390579833649e-05, 3.813642615568824e-05], [4.057533442392014e-05, 6.0797865444328636e-05, 6.38604469713755e-05, 8.077272650552914e-05, 5.202185639063828e-05, 4.5589051296701655e-05], [4.862184505327605e-05, 6.38604469713755e-05, 8.839644578984007e-05, 0.00011554382217582315, 6.502987525891513e-05, 5.9923524531768635e-05], [6.400004349416122e-05, 8.077272650552914e-05, 0.00011554382217582315, 0.00020309349929448217, 0.00012921068992000073, 0.00011381062358850613], [4.253390579833649e-05, 5.202185639063828e-05, 6.502987525891513e-05, 0.00012921068992000073, 0.00036154736881144345, 0.0002972675138153136], [3.813642615568824e-05, 4.5589051296701655e-05, 5.9923524531768635e-05, 0.00011381062358850613, 0.0002972675138153136, 0.00025100691709667444]]</COVARIANCE_MATRIX>
		<ROI_SIZE>32</ROI_SIZE>
		<MAX_VALUE>[0.1331569254398346, 0.1359737366437912, 0.13208796083927155, 0.13037346303462982, 0.13243719935417175, 0.11843360960483551]</MAX_VALUE>
		<MIN_VALUE>[0.1122344434261322, 0.10097593069076538, 0.09654511511325836, 0.07786262780427933, 0.06742221117019653, 0.062413182109594345]</MIN_VALUE>
		<SIGNATURE_THRESHOLD_MD>0.0</SIGNATURE_THRESHOLD_MD>
		<SIGNATURE_THRESHOLD_ML>0.0</SIGNATURE_THRESHOLD_ML>
		<SIGNATURE_THRESHOLD_SAM>0.0</SIGNATURE_THRESHOLD_SAM>
	</signature>
	<signature ID="20211207_131503529137_819">
		<MACROCLASSID>1</MACROCLASSID>
		<MACROCLASSINFO>waterbody</MACROCLASSINFO>
		<CLASSID>16</CLASSID>
		<CLASSINFO>C 1</CLASSINFO>
		<VALUES>[0.09408085408710665, 0.0035666357993849496, 0.0806922442329827, 0.00537203369942667, 0.07486502501753071, 0.007575250265799657, 0.06713461247022433, 0.01053809523695886, 0.042618631355224104, 0.010891176294316672, 0.03201356696425589, 0.008669854941830146]</VALUES>
		<LCS_MIN>[0.08648369461297989, 0.06597810983657837, 0.054539941251277924, 0.04554827883839607, 0.023212004452943802, 0.013862146064639091]</LCS_MIN>
