<?xml version="1.0" ?>
<signaturelist MCID_LIST="[['1', 'waterbody', '#000000'], ['2', 'vegetation', '#000000'], ['3', 'bareland', '#000000'], ['4', 'built-up', '#000000']]">
	<signature ID="20211207_121112003107_742">
		<MACROCLASSID>1</MACROCLASSID>
		<MACROCLASSINFO>waterbody</MACROCLASSINFO>
		<CLASSID>1</CLASSID>
		<CLASSINFO>C 1</CLASSINFO>
		<VALUES>[0.10471431436264401, 0.003521139096105878, 0.08991909488640004, 0.004828975070561884, 0.08276261494750468, 0.007383449535438456, 0.06931934446360155, 0.0133130565671846, 0.04744591341411647, 0.012509249207976617, 0.039608407205185034, 0.01069526532065413]</VALUES>
		<LCS_MIN>[0.09935906529426575, 0.07647746056318283, 0.0642334520816803, 0.041508980095386505, 0.023212004452943802, 0.021331533789634705]</LCS_MIN>
		<LCS_MAX>[0.1138438805937767, 0.10797549039125443, 0.10300744324922562, 0.09805909544229507, 0.07002280652523041, 0.06614788621664047]</LCS_MAX>
		<WAVELENGTH>[0.485, 0.56, 0.66, 0.83, 1.65, 2.215]</WAVELENGTH>
		<MEAN_VALUE>[0.10471431436264401, 0.08991909488640004, 0.08276261494750468, 0.06931934446360155, 0.04744591341411647, 0.039608407205185034]</MEAN_VALUE>
		<CHECKBOX>2</CHECKBOX>
		<SD>[0.003521139096105878, 0.004828975070561884, 0.007383449535438456, 0.0133130565671846, 0.012509249207976617, 0.01069526532065413]</SD>
		<WAVELENGTH_UNIT>E-6m</WAVELENGTH_UNIT>
		<COLOR>#507696</COLOR>
		<COVARIANCE_MATRIX>[[1.2509120717465678e-05, 1.3170978767252906e-05, 2.1582364816664712e-05, 3.9426773984616746e-05, 2.698922973656492e-05, 2.1570326590956466e-05], [1.3170978767252906e-05, 2.352720559132338e-05, 3.152425458198254e-05, 5.211994504460263e-05, 3.5653192445694084e-05, 3.0586241373803027e-05], [2.1582364816664712e-05, 3.152425458198254e-05, 5.5002071033816056e-05, 8.862861737658806e-05, 5.96879431988204e-05, 5.072780841546142e-05], [3.9426773984616746e-05, 5.211994504460263e-05, 8.862861737658806e-05, 0.000178819952617852, 0.00011256245444319608, 8.938440597117589e-05], [2.698922973656492e-05, 3.5653192445694084e-05, 5.96879431988204e-05, 0.00011256245444319608, 0.00015787847035215, 0.00012563946326637728], [2.1570326590956466e-05, 3.0586241373803027e-05, 5.072780841546142e-05, 8.938440597117589e-05, 0.00012563946326637728, 0.00011541002796025104]]</COVARIANCE_MATRIX>
		<ROI_SIZE>113</ROI_SIZE>
		<MAX_VALUE>[0.1138438805937767, 0.10797549039125443, 0.10300744324922562, 0.09805909544229507, 0.07002280652523041, 0.06614788621664047]</MAX_VALUE>
		<MIN_VALUE>[0.09935906529426575, 0.07647746056318283, 0.0642334520816803, 0.041508980095386505, 0.023212004452943802, 0.021331533789634705]</MIN_VALUE>
		<SIGNATURE_THRESHOLD_MD>0</SIGNATURE_THRESHOLD_MD>
		<SIGNATURE_THRESHOLD_ML>0</SIGNATURE_THRESHOLD_ML>
		<SIGNATURE_THRESHOLD_SAM>0</SIGNATURE_THRESHOLD_SAM>
	</signature>
	<signature ID="20211207_121151912913_568">
		<MACROCLASSID>1</MACROCLASSID>
		<MACROCLASSINFO>waterbody</MACROCLASSINFO>
		<CLASSID>2</CLASSID>
		<CLASSINFO>C 1</CLASSINFO>
		<VALUES>[0.11226600174810371, 0.005153800289278106, 0.10152491430441538, 0.007760187136294435, 0.09439100325107577, 0.010795868254656423, 0.08681244030594824, 0.015537700650128567, 0.08787005876793581, 0.017585567899559746, 0.0795488449580529, 0.015516668348506166]</VALUES>
		<LCS_MIN>[0.10096848756074905, 0.0869768038392067, 0.07392694056034088, 0.05766616389155388, 0.044016800820827484, 0.03627031669020653]</LCS_MIN>
		<LCS_MAX>[0.12350039929151535, 0.12197462469339371, 0.11593211442232132, 0.11421628296375275, 0.11683358997106552, 0.10722953081130981]</LCS_MAX>
		<WAVELENGTH>[0.485, 0.56, 0.66, 0.83, 1.65, 2.215]</WAVELENGTH>
		<MEAN_VALUE>[0.11226600174810371, 0.10152491430441538, 0.09439100325107577, 0.08681244030594824, 0.08787005876793581, 0.0795488449580529]</MEAN_VALUE>
		<CHECKBOX>2</CHECKBOX>
		<SD>[0.005153800289278106, 0.007760187136294435, 0.010795868254656423, 0.015537700650128567, 0.017585567899559746, 0.015516668348506166]</SD>
		<WAVELENGTH_UNIT>E-6m</WAVELENGTH_UNIT>
		<COLOR>#6f07dc</COLOR>
		<COVARIANCE_MATRIX>[[2.7092890570198343e-05, 3.2876876812449146e-05, 4.593608733575616e-05, 6.0560624975120046e-05, 7.183402069710946e-05, 5.4266012845602144e-05], [3.2876876812449146e-05, 6.142491447811574e-05, 7.742471363938466e-05, 9.931690888062505e-05, 0.00010341127904495372, 8.974133597849212e-05], [4.593608733575616e-05, 7.742471363938466e-05, 0.00011888178679933637, 0.00015748972371144144, 0.00016761128611065266, 0.00014649851247737933], [6.0560624975120046e-05, 9.931690888062505e-05, 0.00015748972371144144, 0.0002462485443228657, 0.00024906588757018345, 0.00020864181235392826], [7.183402069710946e-05, 0.00010341127904495372, 0.00016761128611065266, 0.00024906588757018345, 0.00031543724231702675, 0.00024283406807230041], [5.4266012845602144e-05, 8.974133597849212e-05, 0.00014649851247737933, 0.00020864181235392826, 0.00024283406807230041, 0.00024558233657028384]]</COVARIANCE_MATRIX>
		<ROI_SIZE>51</ROI_SIZE>
		<MAX_VALUE>[0.12350039929151535, 0.12197462469339371, 0.11593211442232132, 0.11421628296375275, 0.11683358997106552, 0.10722953081130981]</MAX_VALUE>
		<MIN_VALUE>[0.10096848756074905, 0.0869768038392067, 0.07392694056034088, 0.05766616389155388, 0.044016800820827484, 0.03627031669020653]</MIN_VALUE>
		<SIGNATURE_THRESHOLD_MD>0</SIGNATURE_THRESHOLD_MD>
		<SIGNATURE_THRESHOLD_ML>0</SIGNATURE_THRESHOLD_ML>
		<SIGNATURE_THRESHOLD_SAM>0</SIGNATURE_THRESHOLD_SAM>
	</signature>
	<signature ID="20211207_121159106101_260">
		<MACROCLASSID>1</MACROCLASSID>
		<MACROCLASSINFO>waterbody</MACROCLASSINFO>
		<CLASSID>3</CLASSID>
		<CLASSINFO>C 1</CLASSINFO>
		<VALUES>[0.10584705156673274, 0.004275449620456745, 0.09242958615400966, 0.0055889255411924734, 0.08621692085372552, 0.008799680119601309, 0.07730362110305575, 0.01595920535676865, 0.05450047278178057, 0.01718447789811724, 0.04448998148187197, 0.014067126843739076]</VALUES>
		<LCS_MIN>[0.09774965047836304, 0.08347701281309128, 0.06746461242437363, 0.04554827883839607, 0.02061140350997448, 0.017596838995814323]</LCS_MIN>
		<LCS_MAX>[0.11867213994264603, 0.11497505009174347, 0.11593211442232132, 0.11421628296375275, 0.09342820942401886, 0.0698825791478157]</LCS_MAX>
		<WAVELENGTH>[0.485, 0.56, 0.66, 0.83, 1.65, 2.215]</WAVELENGTH>
		<MEAN_VALUE>[0.10584705156673274, 0.09242958615400966, 0.08621692085372552, 0.07730362110305575, 0.05450047278178057, 0.04448998148187197]</MEAN_VALUE>
		<CHECKBOX>2</CHECKBOX>
		<SD>[0.004275449620456745, 0.0055889255411924734, 0.008799680119601309, 0.01595920535676865, 0.01718447789811724, 0.014067126843739076]</SD>
		<WAVELENGTH_UNIT>E-6m</WAVELENGTH_UNIT>
		<COLOR>#20a5ee</COLOR>
		<COVARIANCE_MATRIX>[[1.8361440172117813e-05, 2.0663745076637295e-05, 3.2866312559391685e-05, 5.320174410888667e-05, 4.7030723872397735e-05, 4.020413416103896e-05], [2.0663745076637295e-05, 3.1376160851652736e-05, 4.460235150552945e-05, 7.190665943244528e-05, 6.383699428166994e-05, 5.5323791238319986e-05], [3.2866312559391685e-05, 4.460235150552945e-05, 7.77816095355904e-05, 0.00011985910535232037, 0.00010473099639797328, 9.009113024569279e-05], [5.320174410888667e-05, 7.190665943244528e-05, 0.00011985910535232037, 0.0002558383712052511, 0.00021164479515066665, 0.00016744453310952922], [4.7030723872397735e-05, 6.383699428166994e-05, 0.00010473099639797328, 0.00021164479515066665, 0.000296630524041781, 0.00023099053013019035], [4.020413416103896e-05, 5.5323791238319986e-05, 9.009113024569279e-05, 0.00016744453310952922, 0.00023099053013019035, 0.00019877143009361956]]</COVARIANCE_MATRIX>
		<ROI_SIZE>224</ROI_SIZE>
		<MAX_VALUE>[0.11867213994264603, 0.11497505009174347, 0.11593211442232132, 0.11421628296375275, 0.09342820942401886, 0.0698825791478157]</MAX_VALUE>
		<MIN_VALUE>[0.09774965047836304, 0.08347701281309128, 0.06746461242437363, 0.04554827883839607, 0.02061140350997448, 0.017596838995814323]</MIN_VALUE>
		<SIGNATURE_THRESHOLD_MD>0</SIGNATURE_THRESHOLD_MD>
		<SIGNATURE_THRESHOLD_ML>0</SIGNATURE_THRESHOLD_ML>
		<SIGNATURE_THRESHOLD_SAM>0</SIGNATURE_THRESHOLD_SAM>
	</signature>
	<signature ID="20211207_121204074967_664">
		<MACROCLASSID>1</MACROCLASSID>
		<MACROCLASSINFO>waterbody</MACROCLASSINFO>
		<CLASSID>4</CLASSID>
		<CLASSINFO>C 1</CLASSINFO>
		<VALUES>[0.10767441577254198, 0.005511801794035174, 0.09424557890265417, 0.008058454050294733, 0.08913000185902303, 0.01078019103963536, 0.08469835950587039, 0.01825213526040072, 0.06678872491018126, 0.0197054491147641, 0.05542259973784288, 0.017824489359730116]</VALUES>
		<LCS_MIN>[0.09935906529426575, 0.07997722923755646, 0.06746461242437363, 0.04958757013082504, 0.028413204476237297, 0.025066228583455086]</LCS_MIN>
		<LCS_MAX>[0.12671923637390137, 0.11847484856843948, 0.11593211442232132, 0.11421628296375275, 0.10383059829473495, 0.09602543711662292]</LCS_MAX>
		<WAVELENGTH>[0.485, 0.56, 0.66, 0.83, 1.65, 2.215]</WAVELENGTH>
		<MEAN_VALUE>[0.10767441577254198, 0.09424557890265417, 0.08913000185902303, 0.08469835950587039, 0.06678872491018126, 0.05542259973784288]</MEAN_VALUE>
		<CHECKBOX>2</CHECKBOX>
		<SD>[0.005511801794035174, 0.008058454050294733, 0.01078019103963536, 0.01825213526040072, 0.0197054491147641, 0.017824489359730116]</SD>
		<WAVELENGTH_UNIT>E-6m</WAVELENGTH_UNIT>
		<COLOR>#6abd08</COLOR>
		<COVARIANCE_MATRIX>[[3.077450393902455e-05, 4.133031179954352e-05, 5.496345172487985e-05, 6.196989205179096e-05, 9.094774420875663e-05, 8.28487748625003e-05], [4.133031179954352e-05, 6.578204118305857e-05, 8.309005490131806e-05, 0.00010058065065990312, 0.00013409532953872442, 0.00012327645127510045], [5.496345172487985e-05, 8.309005490131806e-05, 0.0001177217723426066, 0.00014101241619364675, 0.00018632744830069796, 0.00016971947675111383], [6.196989205179096e-05, 0.00010058065065990312, 0.00014101241619364675, 0.0003374669408050535, 0.00026345425816854426, 0.00020827379367588757], [9.094774420875663e-05, 0.00013409532953872442, 0.00018632744830069796, 0.00026345425816854426, 0.00039334764331864234, 0.00033418842898190265], [8.28487748625003e-05, 0.00012327645127510045, 0.00016971947675111383, 0.00020827379367588757, 0.00033418842898190265, 0.00032183855627195213]]</COVARIANCE_MATRIX>
		<ROI_SIZE>78</ROI_SIZE>
		<MAX_VALUE>[0.12671923637390137, 0.11847484856843948, 0.11593211442232132, 0.11421628296375275, 0.10383059829473495, 0.09602543711662292]</MAX_VALUE>
		<MIN_VALUE>[0.09935906529426575, 0.07997722923755646, 0.06746461242437363, 0.04958757013082504, 0.028413204476237297, 0.025066228583455086]</MIN_VALUE>
		<SIGNATURE_THRESHOLD_MD>0</SIGNATURE_THRESHOLD_MD>
		<SIGNATURE_THRESHOLD_ML>0</SIGNATURE_THRESHOLD_ML>
		<SIGNATURE_THRESHOLD_SAM>0</SIGNATURE_THRESHOLD_SAM>
	</signature>
	<signature ID="20211207_131209443836_224">
		<MACROCLASSID>1</MACROCLASSID>
		<MACROCLASSINFO>waterbody</MACROCLASSINFO>
		<CLASSID>5</CLASSID>
		<CLASSINFO>C 1</CLASSINFO>
		<VALUES>[0.11191255927085875, 0.00553790764320419, 0.10405573606491089, 0.008241672405534072, 0.09680360704660416, 0.011264496581722188, 0.08190192490816116, 0.016984259695969815, 0.07657631874084472, 0.01696771517499312, 0.06958379805088045, 0.012933912534091502]</VALUES>
		<LCS_MIN>[0.10257791727781296, 0.09397635608911514, 0.08362044394016266, 0.05362686514854431, 0.046617407351732254, 0.04373971000313759]</LCS_MIN>
		<LCS_MAX>[0.12510982155799866, 0.12547440826892853, 0.1256256103515625, 0.11825557798147202, 0.11163240671157837, 0.09602543711662292]</LCS_MAX>
		<WAVELENGTH>[0.485, 0.56, 0.66, 0.83, 1.65, 2.215]</WAVELENGTH>
		<MEAN_VALUE>[0.11191255927085875, 0.10405573606491089, 0.09680360704660416, 0.08190192490816116, 0.07657631874084472, 0.06958379805088045]</MEAN_VALUE>
		<CHECKBOX>2</CHECKBOX>
		<SD>[0.00553790764320419, 0.008241672405534072, 0.011264496581722188, 0.016984259695969815, 0.01696771517499312, 0.012933912534091502]</SD>
		<WAVELENGTH_UNIT>E-6m</WAVELENGTH_UNIT>
		<COLOR>#a0419b</COLOR>
		<COVARIANCE_MATRIX>[[3.1946271942353546e-05, 4.280796050842795e-05, 6.0106902492489585e-05, 8.342857300599893e-05, 3.411153600343081e-05, 2.769933365378637e-05], [4.280796050842795e-05, 7.075537920848103e-05, 9.387840151163184e-05, 0.00013842139444080986, 5.444237723145909e-05, 3.7991957210315916e-05], [6.0106902492489585e-05, 9.387840151163184e-05, 0.00013217592004128217, 0.00018761721389449256, 7.316189404757515e-05, 5.186980707838304e-05], [8.342857300599893e-05, 0.00013842139444080986, 0.00018761721389449256, 0.00030048445564598416, 0.00013874816609459197, 9.9313126405786e-05], [3.411153600343081e-05, 5.444237723145909e-05, 7.316189404757515e-05, 0.00013874816609459197, 0.0002998993315205123, 0.00021207128986740697], [2.769933365378637e-05, 3.7991957210315916e-05, 5.186980707838304e-05, 9.9313126405786e-05, 0.00021207128986740697, 0.00017425634733284306]]</COVARIANCE_MATRIX>
		<ROI_SIZE>25</ROI_SIZE>
		<MAX_VALUE>[0.12510982155799866, 0.12547440826892853, 0.1256256103515625, 0.11825557798147202, 0.11163240671157837, 0.09602543711662292]</MAX_VALUE>
		<MIN_VALUE>[0.10257791727781296, 0.09397635608911514, 0.08362044394016266, 0.05362686514854431, 0.046617407351732254, 0.04373971000313759]</MIN_VALUE>
		<SIGNATURE_THRESHOLD_MD>0</SIGNATURE_THRESHOLD_MD>
		<SIGNATURE_THRESHOLD_ML>0</SIGNATURE_THRESHOLD_ML>
		<SIGNATURE_THRESHOLD_SAM>0</SIGNATURE_THRESHOLD_SAM>
	</signature>
	<signature ID="20211207_131221686616_512">
		<MACROCLASSID>1</MACROCLASSID>
		<MACROCLASSINFO>waterbody</MACROCLASSINFO>
		<CLASSID>6</CLASSID>
		<CLASSINFO>C 1</CLASSINFO>
		<VALUES>[0.10395181033669448, 0.004259033576803701, 0.09756150678163619, 0.006207302328816291, 0.08921588266768106, 0.008106216888632164, 0.06919292487749239, 0.014728562434203028, 0.06133299484485533, 0.017949699107258774, 0.05457943250856747, 0.014518519755803533]</VALUES>
		<LCS_MIN>[0.09614022076129913, 0.0869768038392067, 0.07392694056034088, 0.04958757013082504, 0.033614400774240494, 0.028800927102565765]</LCS_MIN>
		<LCS_MAX>[0.1122344434261322, 0.11147528141736984, 0.10300744324922562, 0.10209839046001434, 0.09862940013408661, 0.08855605125427246]</LCS_MAX>
		<WAVELENGTH>[0.485, 0.56, 0.66, 0.83, 1.65, 2.215]</WAVELENGTH>
		<MEAN_VALUE>[0.10395181033669448, 0.09756150678163619, 0.08921588266768106, 0.06919292487749239, 0.06133299484485533, 0.05457943250856747]</MEAN_VALUE>
		<CHECKBOX>2</CHECKBOX>
		<SD>[0.004259033576803701, 0.006207302328816291, 0.008106216888632164, 0.014728562434203028, 0.017949699107258774, 0.014518519755803533]</SD>
		<WAVELENGTH_UNIT>E-6m</WAVELENGTH_UNIT>
		<COLOR>#5e0730</COLOR>
		<COVARIANCE_MATRIX>[[1.8592851183549853e-05, 1.917152801577011e-05, 2.8132381021397357e-05, 5.105207224565168e-05, 5.984697563379721e-05, 4.454146328775808e-05], [1.917152801577011e-05, 3.949386725636138e-05, 4.446122759276341e-05, 6.578714231240684e-05, 7.26624394406197e-05, 6.081027476401343e-05], [2.8132381021397357e-05, 4.446122759276341e-05, 6.7353521051684e-05, 0.00010943471890779152, 0.00012063386408093905, 9.199199005672608e-05], [5.105207224565168e-05, 6.578714231240684e-05, 0.00010943471890779152, 0.00022235381516267196, 0.00023030028851139318, 0.00016194870056702136], [5.984697563379721e-05, 7.26624394406197e-05, 0.00012063386408093905, 0.00023030028851139318, 0.00033024649049215456, 0.00023932302171426707], [4.454146328775808e-05, 6.081027476401343e-05, 9.199199005672608e-05, 0.00016194870056702136, 0.00023932302171426707, 0.00021605710129714894]]</COVARIANCE_MATRIX>
		<ROI_SIZE>41</ROI_SIZE>
		<MAX_VALUE>[0.1122344434261322, 0.11147528141736984, 0.10300744324922562, 0.10209839046001434, 0.09862940013408661, 0.08855605125427246]</MAX_VALUE>
		<MIN_VALUE>[0.09614022076129913, 0.0869768038392067, 0.07392694056034088, 0.04958757013082504, 0.033614400774240494, 0.028800927102565765]</MIN_VALUE>
		<SIGNATURE_THRESHOLD_MD>0</SIGNATURE_THRESHOLD_MD>
		<SIGNATURE_THRESHOLD_ML>0</SIGNATURE_THRESHOLD_ML>
		<SIGNATURE_THRESHOLD_SAM>0</SIGNATURE_THRESHOLD_SAM>
	</signature>
	<signature ID="20211207_131229477753_475">
		<MACROCLASSID>1</MACROCLASSID>
		<MACROCLASSINFO>waterbody</MACROCLASSINFO>
		<CLASSID>7</CLASSID>
		<CLASSINFO>C 1</CLASSINFO>
		<VALUES>[0.10241797066623377, 0.0033807383485359443, 0.09228081806846285, 0.004996946184798587, 0.08681147665896026, 0.007020146678752397, 0.0695582435738226, 0.014245525137938699, 0.051285561463384914, 0.01636344319863021, 0.043275770204870605, 0.01429728835058822]</VALUES>
		<LCS_MIN>[0.09453079104423523, 0.07997722923755646, 0.07069576531648636, 0.03746969252824783, 0.018010802567005157, 0.013862146064639091]</LCS_MIN>
		<LCS_MAX>[0.1122344434261322, 0.10797549039125443, 0.10946977138519287, 0.0940198078751564, 0.08562640845775604, 0.07735195755958557]</LCS_MAX>
		<WAVELENGTH>[0.485, 0.56, 0.66, 0.83, 1.65, 2.215]</WAVELENGTH>
		<MEAN_VALUE>[0.10241797066623377, 0.09228081806846285, 0.08681147665896026, 0.0695582435738226, 0.051285561463384914, 0.043275770204870605]</MEAN_VALUE>
		<CHECKBOX>2</CHECKBOX>
		<SD>[0.0033807383485359443, 0.004996946184798587, 0.007020146678752397, 0.014245525137938699, 0.01636344319863021, 0.01429728835058822]</SD>
		<WAVELENGTH_UNIT>E-6m</WAVELENGTH_UNIT>
		<COLOR>#32653c</COLOR>
		<COVARIANCE_MATRIX>[[1.1500825479894409e-05, 1.2858173160246807e-05, 1.855215509264319e-05, 2.8770906561605127e-05, 3.483667398829049e-05, 3.1443954162185864e-05], [1.2858173160246807e-05, 2.5125530368609217e-05, 2.9757364180112072e-05, 4.025760714650474e-05, 5.324465509411445e-05, 4.96937114442863e-05], [1.855215509264319e-05, 2.9757364180112072e-05, 4.959047476239326e-05, 7.675080123138885e-05, 8.736939417819891e-05, 7.879663217312348e-05], [2.8770906561605127e-05, 4.025760714650474e-05, 7.675080123138885e-05, 0.0002042033301209916, 0.00019270373599529465, 0.00015593557369470248], [3.483667398829049e-05, 5.324465509411445e-05, 8.736939417819891e-05, 0.00019270373599529465, 0.000269435787523015, 0.00021573174227064847], [3.1443954162185864e-05, 4.96937114442863e-05, 7.879663217312348e-05, 0.00015593557369470248, 0.00021573174227064847, 0.0002056900320184899]]</COVARIANCE_MATRIX>
		<ROI_SIZE>161</ROI_SIZE>
		<MAX_VALUE>[0.1122344434261322, 0.10797549039125443, 0.10946977138519287, 0.0940198078751564, 0.08562640845775604, 0.07735195755958557]</MAX_VALUE>
		<MIN_VALUE>[0.09453079104423523, 0.07997722923755646, 0.07069576531648636, 0.03746969252824783, 0.018010802567005157, 0.013862146064639091]</MIN_VALUE>
		<SIGNATURE_THRESHOLD_MD>0</SIGNATURE_THRESHOLD_MD>
		<SIGNATURE_THRESHOLD_ML>0</SIGNATURE_THRESHOLD_ML>
		<SIGNATURE_THRESHOLD_SAM>0</SIGNATURE_THRESHOLD_SAM>
	</signature>
	<signature ID="20211207_131242106555_484">
		<MACROCLASSID>1</MACROCLASSID>
		<MACROCLASSINFO>waterbody</MACROCLASSINFO>
		<CLASSID>8</CLASSID>
		<CLASSINFO>C 1</CLASSINFO>
		<VALUES>[0.09991313040745062, 0.003798377973615227, 0.08921436574615414, 0.0056692436882696574, 0.08505063540622836, 0.007033643367789334, 0.07428686241390274, 0.015291325831801551, 0.05454710223635688, 0.016644814434251955, 0.0452090958896719, 0.014092548418611885]</VALUES>
		<LCS_MIN>[0.09292137622833252, 0.07997722923755646, 0.07392694056034088, 0.04554827883839607, 0.023212004452943802, 0.021331533789634705]</LCS_MIN>
		<LCS_MAX>[0.1106250137090683, 0.1044757142663002, 0.10300744324922562, 0.11017698794603348, 0.08562640845775604, 0.0698825791478157]</LCS_MAX>
		<WAVELENGTH>[0.485, 0.56, 0.66, 0.83, 1.65, 2.215]</WAVELENGTH>
		<MEAN_VALUE>[0.09991313040745062, 0.08921436574615414, 0.08505063540622836, 0.07428686241390274, 0.05454710223635688, 0.0452090958896719]</MEAN_VALUE>
		<CHECKBOX>2</CHECKBOX>
		<SD>[0.003798377973615227, 0.0056692436882696574, 0.007033643367789334, 0.015291325831801551, 0.016644814434251955, 0.014092548418611885]</SD>
		<WAVELENGTH_UNIT>E-6m</WAVELENGTH_UNIT>
		<COLOR>#50f941</COLOR>
		<COVARIANCE_MATRIX>[[1.466813648428605e-05, 1.7139510780834146e-05, 2.216243709823588e-05, 4.437864834897577e-05, 4.506123445755388e-05, 4.064616687477049e-05], [1.7139510780834146e-05, 3.267599606360178e-05, 3.538349176080937e-05, 6.397413563672041e-05, 6.25096432411637e-05, 5.569299412284663e-05], [2.216243709823588e-05, 3.538349176080937e-05, 5.029667467566765e-05, 9.134003549856493e-05, 8.804524791716656e-05, 7.710622575585641e-05], [4.437864834897577e-05, 6.397413563672041e-05, 9.134003549856493e-05, 0.00023772172312255994, 0.00021405825813590888, 0.00017681398308060477], [4.506123445755388e-05, 6.25096432411637e-05, 8.804524791716656e-05, 0.00021405825813590888, 0.0002816673450098603, 0.00021639655108674413], [4.064616687477049e-05, 5.569299412284663e-05, 7.710622575585641e-05, 0.00017681398308060477, 0.00021639655108674413, 0.0002019099196131023]]</COVARIANCE_MATRIX>
		<ROI_SIZE>61</ROI_SIZE>
		<MAX_VALUE>[0.1106250137090683, 0.1044757142663002, 0.10300744324922562, 0.11017698794603348, 0.08562640845775604, 0.0698825791478157]</MAX_VALUE>
		<MIN_VALUE>[0.09292137622833252, 0.07997722923755646, 0.07392694056034088, 0.04554827883839607, 0.023212004452943802, 0.021331533789634705]</MIN_VALUE>
		<SIGNATURE_THRESHOLD_MD>0</SIGNATURE_THRESHOLD_MD>
		<SIGNATURE_THRESHOLD_ML>0</SIGNATURE_THRESHOLD_ML>
		<SIGNATURE_THRESHOLD_SAM>0</SIGNATURE_THRESHOLD_SAM>
	</signature>
	<signature ID="20211207_131253478681_664">
		<MACROCLASSID>1</MACROCLASSID>
		<MACROCLASSINFO>waterbody</MACROCLASSINFO>
		<CLASSID>9</CLASSID>
		<CLASSINFO>C 1</CLASSINFO>
		<VALUES>[0.0981087720960625, 0.004416016555220367, 0.08700572391433163, 0.0060114261113126, 0.08041598219886298, 0.00833417351151756, 0.0724880326816366, 0.01641704341154497, 0.05093740839665095, 0.01561990310324756, 0.040776643116981516, 0.013973268955276879]</VALUES>
		<LCS_MIN>[0.08809312433004379, 0.07297767698764801, 0.06100227311253548, 0.04554827883839607, 0.028413204476237297, 0.017596838995814323]</LCS_MIN>
		<LCS_MAX>[0.1138438805937767, 0.1044757142663002, 0.10300744324922562, 0.11825557798147202, 0.08562640845775604, 0.081086665391922]</LCS_MAX>
		<WAVELENGTH>[0.485, 0.56, 0.66, 0.83, 1.65, 2.215]</WAVELENGTH>
		<MEAN_VALUE>[0.0981087720960625, 0.08700572391433163, 0.08041598219886298, 0.0724880326816366, 0.05093740839665095, 0.040776643116981516]</MEAN_VALUE>
		<CHECKBOX>2</CHECKBOX>
		<SD>[0.004416016555220367, 0.0060114261113126, 0.00833417351151756, 0.01641704341154497, 0.01561990310324756, 0.013973268955276879]</SD>
		<WAVELENGTH_UNIT>E-6m</WAVELENGTH_UNIT>
		<COLOR>#a7f20a</COLOR>
		<COVARIANCE_MATRIX>[[1.9663712234446843e-05, 2.1534334257235874e-05, 3.223227971772449e-05, 3.347578107864352e-05, 4.032517168831791e-05, 4.204595370320199e-05], [2.1534334257235874e-05, 3.643838759086903e-05, 4.5986653140114736e-05, 4.939943353480532e-05, 5.910983979756773e-05, 6.195404100707649e-05], [3.223227971772449e-05, 4.5986653140114736e-05, 7.003726852108156e-05, 8.019476884926064e-05, 8.993557068976104e-05, 8.998212892043906e-05], [3.347578107864352e-05, 4.939943353480532e-05, 8.019476884926064e-05, 0.0002717653086630232, 0.00020269008222599676, 0.00016773408932650407], [4.032517168831791e-05, 5.910983979756773e-05, 8.993557068976104e-05, 0.00020269008222599676, 0.0002460145510627996, 0.0001967152132515706], [4.204595370320199e-05, 6.195404100707649e-05, 8.998212892043906e-05, 0.00016773408932650407, 0.0001967152132515706, 0.0001968793473406421]]</COVARIANCE_MATRIX>
		<ROI_SIZE>121</ROI_SIZE>
		<MAX_VALUE>[0.1138438805937767, 0.1044757142663002, 0.10300744324922562, 0.11825557798147202, 0.08562640845775604, 0.081086665391922]</MAX_VALUE>
		<MIN_VALUE>[0.08809312433004379, 0.07297767698764801, 0.06100227311253548, 0.04554827883839607, 0.028413204476237297, 0.017596838995814323]</MIN_VALUE>
		<SIGNATURE_THRESHOLD_MD>0</SIGNATURE_THRESHOLD_MD>
		<SIGNATURE_THRESHOLD_ML>0</SIGNATURE_THRESHOLD_ML>
		<SIGNATURE_THRESHOLD_SAM>0</SIGNATURE_THRESHOLD_SAM>
	</signature>
	<signature ID="20211207_131301949049_217">
		<MACROCLASSID>1</MACROCLASSID>
		<MACROCLASSINFO>waterbody</MACROCLASSINFO>
		<CLASSID>10</CLASSID>
		<CLASSINFO>C 1</CLASSINFO>
		<VALUES>[0.09579534496047665, 0.00308252583197803, 0.08303954478885445, 0.004772264935986453, 0.07710041278707129, 0.006241948213596602, 0.06552835913108929, 0.011125608840318078, 0.04132332549696521, 0.010425180280295834, 0.032602312242878344, 0.008658278850084074]</VALUES>
		<LCS_MIN>[0.0897025316953659, 0.07297767698764801, 0.0642334520816803, 0.041508980095386505, 0.018010802567005157, 0.017596838995814323]</LCS_MIN>
		<LCS_MAX>[0.10418734699487686, 0.09747614711523056, 0.09008278697729111, 0.08998052030801773, 0.05962040275335312, 0.054943788796663284]</LCS_MAX>
		<WAVELENGTH>[0.485, 0.56, 0.66, 0.83, 1.65, 2.215]</WAVELENGTH>
		<MEAN_VALUE>[0.09579534496047665, 0.08303954478885445, 0.07710041278707129, 0.06552835913108929, 0.04132332549696521, 0.032602312242878344]</MEAN_VALUE>
		<CHECKBOX>2</CHECKBOX>
		<SD>[0.00308252583197803, 0.004772264935986453, 0.006241948213596602, 0.011125608840318078, 0.010425180280295834, 0.008658278850084074]</SD>
		<WAVELENGTH_UNIT>E-6m</WAVELENGTH_UNIT>
		<COLOR>#62ed13</COLOR>
		<COVARIANCE_MATRIX>[[9.674728513990305e-06, 1.1521293017114699e-05, 1.633709485875359e-05, 1.4462479158260535e-05, 1.678535936359092e-05, 1.7181257571275794e-05], [1.1521293017114699e-05, 2.3188594666868433e-05, 2.4852750215049675e-05, 2.2779289961118325e-05, 2.9083542294011694e-05, 2.78344896962154e-05], [1.633709485875359e-05, 2.4852750215049675e-05, 3.967031600124408e-05, 3.4158860243170155e-05, 3.452313648507879e-05, 3.4670358687964094e-05], [1.4462479158260535e-05, 2.2779289961118325e-05, 3.4158860243170155e-05, 0.00012602970246899578, 8.191531939844585e-05, 6.25510836188497e-05], [1.678535936359092e-05, 2.9083542294011694e-05, 3.452313648507879e-05, 8.191531939844585e-05, 0.00011066046358351766, 7.982498564202893e-05], [1.7181257571275794e-05, 2.78344896962154e-05, 3.4670358687964094e-05, 6.25510836188497e-05, 7.982498564202893e-05, 7.632880705755522e-05]]</COVARIANCE_MATRIX>
		<ROI_SIZE>56</ROI_SIZE>
		<MAX_VALUE>[0.10418734699487686, 0.09747614711523056, 0.09008278697729111, 0.08998052030801773, 0.05962040275335312, 0.054943788796663284]</MAX_VALUE>
		<MIN_VALUE>[0.0897025316953659, 0.07297767698764801, 0.0642334520816803, 0.041508980095386505, 0.018010802567005157, 0.017596838995814323]</MIN_VALUE>
		<SIGNATURE_THRESHOLD_MD>0</SIGNATURE_THRESHOLD_MD>
		<SIGNATURE_THRESHOLD_ML>0</SIGNATURE_THRESHOLD_ML>
		<SIGNATURE_THRESHOLD_SAM>0</SIGNATURE_THRESHOLD_SAM>
	</signature>
	<signature ID="20211207_131310352043_557">
		<MACROCLASSID>1</MACROCLASSID>
		<MACROCLASSINFO>waterbody</MACROCLASSINFO>
		<CLASSID>11</CLASSID>
		<CLASSINFO>C 1</CLASSINFO>
		<VALUES>[0.09553365536670586, 0.0036271192932897716, 0.0840925572805069, 0.005474059100506644, 0.07900913183263802, 0.006797441559670466, 0.07250396907329558, 0.015609408232114659, 0.0521061073604915, 0.017564337961377338, 0.039948710085983254, 0.014046378262928786]</VALUES>
		<LCS_MIN>[0.08809312433004379, 0.07297767698764801, 0.0642334520816803, 0.041508980095386505, 0.015410204418003559, 0.013862146064639091]</LCS_MIN>
		<LCS_MAX>[0.10740616917610168, 0.09747614711523056, 0.09977627545595169, 0.09805909544229507, 0.08822701871395111, 0.07361726462841034]</LCS_MAX>
		<WAVELENGTH>[0.485, 0.56, 0.66, 0.83, 1.65, 2.215]</WAVELENGTH>
		<MEAN_VALUE>[0.09553365536670586, 0.0840925572805069, 0.07900913183263802, 0.07250396907329558, 0.0521061073604915, 0.039948710085983254]</MEAN_VALUE>
		<CHECKBOX>2</CHECKBOX>
		<SD>[0.0036271192932897716, 0.005474059100506644, 0.006797441559670466, 0.015609408232114659, 0.017564337961377338, 0.014046378262928786]</SD>
		<WAVELENGTH_UNIT>E-6m</WAVELENGTH_UNIT>
		<COLOR>#041d78</COLOR>
		<COVARIANCE_MATRIX>[[1.3222438783753656e-05, 1.6561943126238872e-05, 2.124682752730746e-05, 4.128755701131263e-05, 4.634220603225511e-05, 3.885310125987397e-05], [1.6561943126238872e-05, 3.0116663051172108e-05, 3.2266010728734794e-05, 6.664446468721668e-05, 7.185296503478325e-05, 5.95127604560909e-05], [2.124682752730746e-05, 3.2266010728734794e-05, 4.643857141247441e-05, 8.485123004867459e-05, 9.109153998439945e-05, 7.482529546282234e-05], [4.128755701131263e-05, 6.664446468721668e-05, 8.485123004867459e-05, 0.0002448841992222474, 0.00023519592003447588, 0.00017775177003323967], [4.634220603225511e-05, 7.185296503478325e-05, 9.109153998439945e-05, 0.00023519592003447588, 0.00031006407897108453, 0.00022825881989842672], [3.885310125987397e-05, 5.95127604560909e-05, 7.482529546282234e-05, 0.00017775177003323967, 0.00022825881989842672, 0.00019829721070075952]]</COVARIANCE_MATRIX>
		<ROI_SIZE>199</ROI_SIZE>
		<MAX_VALUE>[0.10740616917610168, 0.09747614711523056, 0.09977627545595169, 0.09805909544229507, 0.08822701871395111, 0.07361726462841034]</MAX_VALUE>
		<MIN_VALUE>[0.08809312433004379, 0.07297767698764801, 0.0642334520816803, 0.041508980095386505, 0.015410204418003559, 0.013862146064639091]</MIN_VALUE>
		<SIGNATURE_THRESHOLD_MD>0</SIGNATURE_THRESHOLD_MD>
		<SIGNATURE_THRESHOLD_ML>0</SIGNATURE_THRESHOLD_ML>
		<SIGNATURE_THRESHOLD_SAM>0</SIGNATURE_THRESHOLD_SAM>
	</signature>
	<signature ID="20211207_131335262861_545">
		<MACROCLASSID>1</MACROCLASSID>
		<MACROCLASSINFO>waterbody</MACROCLASSINFO>
		<CLASSID>12</CLASSID>
		<CLASSINFO>C 1</CLASSINFO>
		<VALUES>[0.09563198358866208, 0.004146291587333102, 0.08660840256172311, 0.006446090316114609, 0.08282682665607387, 0.008734973392510115, 0.07885473777066199, 0.015930246320465618, 0.06281412425532677, 0.01744207598414518, 0.050226283962266485, 0.01507779785896813]</VALUES>
		<LCS_MIN>[0.08648369461297989, 0.07297767698764801, 0.0642334520816803, 0.04958757013082504, 0.033614400774240494, 0.025066228583455086]</LCS_MIN>
		<LCS_MAX>[0.10740616917610168, 0.10097593069076538, 0.09977627545595169, 0.11017698794603348, 0.09602880477905273, 0.07361726462841034]</LCS_MAX>
		<WAVELENGTH>[0.485, 0.56, 0.66, 0.83, 1.65, 2.215]</WAVELENGTH>
		<MEAN_VALUE>[0.09563198358866208, 0.08660840256172311, 0.08282682665607387, 0.07885473777066199, 0.06281412425532677, 0.050226283962266485]</MEAN_VALUE>
		<CHECKBOX>2</CHECKBOX>
		<SD>[0.004146291587333102, 0.006446090316114609, 0.008734973392510115, 0.015930246320465618, 0.01744207598414518, 0.01507779785896813]</SD>
		<WAVELENGTH_UNIT>E-6m</WAVELENGTH_UNIT>
		<COLOR>#31fdd4</COLOR>
		<COVARIANCE_MATRIX>[[1.749872917588907e-05, 2.36475087455319e-05, 3.1534228941185474e-05, 4.0679704971107737e-05, 5.397047761797395e-05, 4.907987138380264e-05], [2.36475087455319e-05, 4.229408179856916e-05, 5.180175041951687e-05, 7.963823889628388e-05, 8.977501904196268e-05, 7.805519413438887e-05], [3.1534228941185474e-05, 5.180175041951687e-05, 7.766225588514283e-05, 0.00010125240998617715, 0.00012322259292879087, 0.00010910587808673485], [4.0679704971107737e-05, 7.963823889628388e-05, 0.00010125240998617715, 0.00025830440404197094, 0.00020142681573807279, 0.00016262316389170924], [5.397047761797395e-05, 8.977501904196268e-05, 0.00012322259292879087, 0.00020142681573807279, 0.0003096586220409207, 0.00024565926851276835], [4.907987138380264e-05, 7.805519413438887e-05, 0.00010910587808673485, 0.00016262316389170924, 0.00024565926851276835, 0.0002313996309236879]]</COVARIANCE_MATRIX>
		<ROI_SIZE>57</ROI_SIZE>
		<MAX_VALUE>[0.10740616917610168, 0.10097593069076538, 0.09977627545595169, 0.11017698794603348, 0.09602880477905273, 0.07361726462841034]</MAX_VALUE>
		<MIN_VALUE>[0.08648369461297989, 0.07297767698764801, 0.0642334520816803, 0.04958757013082504, 0.033614400774240494, 0.025066228583455086]</MIN_VALUE>
		<SIGNATURE_THRESHOLD_MD>0</SIGNATURE_THRESHOLD_MD>
		<SIGNATURE_THRESHOLD_ML>0</SIGNATURE_THRESHOLD_ML>
		<SIGNATURE_THRESHOLD_SAM>0</SIGNATURE_THRESHOLD_SAM>
	</signature>
	<signature ID="20211207_131421553161_889">
		<MACROCLASSID>1</MACROCLASSID>
		<MACROCLASSINFO>waterbody</MACROCLASSINFO>
		<CLASSID>13</CLASSID>
		<CLASSINFO>C 1</CLASSINFO>
		<VALUES>[0.09677314105328554, 0.004729514417116782, 0.08531210898013596, 0.007239872697270972, 0.08111538291535568, 0.00970462401372412, 0.07834674126367445, 0.01872562751963964, 0.059951567031750044, 0.021118783667565207, 0.04558607332464237, 0.016827860271152212]</VALUES>
		<LCS_MIN>[0.08809312433004379, 0.07297767698764801, 0.0642334520816803, 0.041508980095386505, 0.025812603533267975, 0.013862146064639091]</LCS_MIN>
		<LCS_MAX>[0.1106250137090683, 0.10797549039125443, 0.10623861104249954, 0.11421628296375275, 0.10383059829473495, 0.081086665391922]</LCS_MAX>
		<WAVELENGTH>[0.485, 0.56, 0.66, 0.83, 1.65, 2.215]</WAVELENGTH>
		<MEAN_VALUE>[0.09677314105328554, 0.08531210898013596, 0.08111538291535568, 0.07834674126367445, 0.059951567031750044, 0.04558607332464237]</MEAN_VALUE>
		<CHECKBOX>2</CHECKBOX>
		<SD>[0.004729514417116782, 0.007239872697270972, 0.00970462401372412, 0.01872562751963964, 0.021118783667565207, 0.016827860271152212]</SD>
		<WAVELENGTH_UNIT>E-6m</WAVELENGTH_UNIT>
		<COLOR>#6f0cd2</COLOR>
		<COVARIANCE_MATRIX>[[2.245239799999267e-05, 3.025830788894253e-05, 4.0730667698110924e-05, 5.470596469410924e-05, 6.109250864718153e-05, 5.701332048534479e-05], [3.025830788894253e-05, 5.261280838950435e-05, 6.532246604510299e-05, 8.32372823877523e-05, 9.249254128451682e-05, 8.6914045002356e-05], [4.0730667698110924e-05, 6.532246604510299e-05, 9.453378637274242e-05, 0.00012918221259531625, 0.00014286195164717633, 0.00012794816879727115], [5.470596469410924e-05, 8.32372823877523e-05, 0.00012918221259531625, 0.0003519673558012935, 0.00035142689340057244, 0.0002659919684351681], [6.109250864718153e-05, 9.249254128451682e-05, 0.00014286195164717633, 0.00035142689340057244, 0.0004476797266936498, 0.0003256661261086564], [5.701332048534479e-05, 8.6914045002356e-05, 0.00012794816879727115, 0.0002659919684351681, 0.0003256661261086564, 0.0002842414560471728]]</COVARIANCE_MATRIX>
		<ROI_SIZE>267</ROI_SIZE>
		<MAX_VALUE>[0.1106250137090683, 0.10797549039125443, 0.10623861104249954, 0.11421628296375275, 0.10383059829473495, 0.081086665391922]</MAX_VALUE>
		<MIN_VALUE>[0.08809312433004379, 0.07297767698764801, 0.0642334520816803, 0.041508980095386505, 0.025812603533267975, 0.013862146064639091]</MIN_VALUE>
		<SIGNATURE_THRESHOLD_MD>0</SIGNATURE_THRESHOLD_MD>
		<SIGNATURE_THRESHOLD_ML>0</SIGNATURE_THRESHOLD_ML>
		<SIGNATURE_THRESHOLD_SAM>0</SIGNATURE_THRESHOLD_SAM>
	</signature>
	<signature ID="20211207_131434141105_592">
		<MACROCLASSID>1</MACROCLASSID>
		<MACROCLASSINFO>waterbody</MACROCLASSINFO>
		<CLASSID>14</CLASSID>
		<CLASSINFO>C 1</CLASSINFO>
		<VALUES>[0.10730234461445962, 0.005234081751329239, 0.1025564771506094, 0.007481878187991779, 0.09477318534927984, 0.011308003203236456, 0.07695053373613664, 0.019780697437429946, 0.06918390185361908, 0.020672114244419042, 0.059280858645516056, 0.016623671342007516]</VALUES>
		<LCS_MIN>[0.09774965047836304, 0.09047658741474152, 0.07715810835361481, 0.04554827883839607, 0.028413204476237297, 0.021331533789634705]</LCS_MIN>
		<LCS_MAX>[0.11706270277500153, 0.11847484856843948, 0.11593211442232132, 0.11017698794603348, 0.10643119364976883, 0.08855605125427246]</LCS_MAX>
		<WAVELENGTH>[0.485, 0.56, 0.66, 0.83, 1.65, 2.215]</WAVELENGTH>
		<MEAN_VALUE>[0.10730234461445962, 0.1025564771506094, 0.09477318534927984, 0.07695053373613664, 0.06918390185361908, 0.059280858645516056]</MEAN_VALUE>
		<CHECKBOX>2</CHECKBOX>
		<SD>[0.005234081751329239, 0.007481878187991779, 0.011308003203236456, 0.019780697437429946, 0.020672114244419042, 0.016623671342007516]</SD>
		<WAVELENGTH_UNIT>E-6m</WAVELENGTH_UNIT>
		<COLOR>#0b7eb2</COLOR>
		<COVARIANCE_MATRIX>[[2.830879883891766e-05, 3.452861580930216e-05, 5.562655527231423e-05, 9.95830624395398e-05, 0.00010454654486770838, 7.96062248190334e-05], [3.452861580930216e-05, 5.7844451260611876e-05, 7.941403328700867e-05, 0.00013814399985393947, 0.0001266679231613423, 9.74815480666214e-05], [5.562655527231423e-05, 7.941403328700867e-05, 0.00013213330099255284, 0.00022325310430850581, 0.00021358008295676385, 0.00016320866067103521], [9.95830624395398e-05, 0.00013814399985393947, 0.00022325310430850581, 0.0004043185241481855, 0.0003773745379272402, 0.0002937299353804199], [0.00010454654486770838, 0.0001266679231613423, 0.00021358008295676385, 0.0003773745379272402, 0.0004415808509121231, 0.00032783168602919634], [7.96062248190334e-05, 9.74815480666214e-05, 0.00016320866067103521, 0.0002937299353804199, 0.00032783168602919634, 0.00028555799718331794]]</COVARIANCE_MATRIX>
		<ROI_SIZE>31</ROI_SIZE>
		<MAX_VALUE>[0.11706270277500153, 0.11847484856843948, 0.11593211442232132, 0.11017698794603348, 0.10643119364976883, 0.08855605125427246]</MAX_VALUE>
		<MIN_VALUE>[0.09774965047836304, 0.09047658741474152, 0.07715810835361481, 0.04554827883839607, 0.028413204476237297, 0.021331533789634705]</MIN_VALUE>
		<SIGNATURE_THRESHOLD_MD>0</SIGNATURE_THRESHOLD_MD>
		<SIGNATURE_THRESHOLD_ML>0</SIGNATURE_THRESHOLD_ML>
		<SIGNATURE_THRESHOLD_SAM>0</SIGNATURE_THRESHOLD_SAM>
	</signature>
	<signature ID="20211207_131442207256_681">
		<MACROCLASSID>1</MACROCLASSID>
		<MACROCLASSINFO>waterbody</MACROCLASSINFO>
		<CLASSID>15</CLASSID>
		<CLASSINFO>C 1</CLASSINFO>
		<VALUES>[0.12174009298905727, 0.005751843091118202, 0.11650621332228182, 0.007674498913605457, 0.11360971094109117, 0.009253867031780594, 0.10639014677144588, 0.014026646804330772, 0.10472455993294717, 0.018714940806311243, 0.09439151326660065, 0.015593682614703983]</VALUES>
		<LCS_MIN>[0.1122344434261322, 0.10097593069076538, 0.09654511511325836, 0.07786262780427933, 0.06742221117019653, 0.062413182109594345]</LCS_MIN>
		<LCS_MAX>[0.1331569254398346, 0.1359737366437912, 0.13208796083927155, 0.13037346303462982, 0.13243719935417175, 0.11843360960483551]</LCS_MAX>
		<WAVELENGTH>[0.485, 0.56, 0.66, 0.83, 1.65, 2.215]</WAVELENGTH>
		<MEAN_VALUE>[0.12174009298905727, 0.11650621332228182, 0.11360971094109117, 0.10639014677144588, 0.10472455993294717, 0.09439151326660065]</MEAN_VALUE>
		<CHECKBOX>2</CHECKBOX>
		<SD>[0.005751843091118202, 0.007674498913605457, 0.009253867031780594, 0.014026646804330772, 0.018714940806311243, 0.015593682614703983]</SD>
		<WAVELENGTH_UNIT>E-6m</WAVELENGTH_UNIT>
		<COLOR>#668d0f</COLOR>
		<COVARIANCE_MATRIX>[[3.415091503983919e-05, 4.0575334485054926e-05, 4.8621843384298984e-05, 6.400004294109618e-05, 4.253390548284871e-05, 3.813642451947924e-05], [4.0575334485054926e-05, 6.079786691605818e-05, 6.386044583960832e-05, 8.077272590850268e-05, 5.202185747994971e-05, 4.558905054172202e-05], [4.8621843384298984e-05, 6.386044583960832e-05, 8.839644391419427e-05, 0.00011554382222011915, 6.50298751308124e-05, 5.992352353494941e-05], [6.400004294109618e-05, 8.077272590850268e-05, 0.00011554382222011915, 0.00020309349220484408, 0.000129210690248248, 0.00011381062542181585], [4.253390548284871e-05, 5.202185747994971e-05, 6.50298751308124e-05, 0.000129210690248248, 0.00036154736452514454, 0.00029726752085907477], [3.813642451947924e-05, 4.558905054172202e-05, 5.992352353494941e-05, 0.00011381062542181585, 0.00029726752085907477, 0.0002510069032135444]]</COVARIANCE_MATRIX>
		<ROI_SIZE>32</ROI_SIZE>
		<MAX_VALUE>[0.1331569254398346, 0.1359737366437912, 0.13208796083927155, 0.13037346303462982, 0.13243719935417175, 0.11843360960483551]</MAX_VALUE>
		<MIN_VALUE>[0.1122344434261322, 0.10097593069076538, 0.09654511511325836, 0.07786262780427933, 0.06742221117019653, 0.062413182109594345]</MIN_VALUE>
		<SIGNATURE_THRESHOLD_MD>0</SIGNATURE_THRESHOLD_MD>
		<SIGNATURE_THRESHOLD_ML>0</SIGNATURE_THRESHOLD_ML>
		<SIGNATURE_THRESHOLD_SAM>0</SIGNATURE_THRESHOLD_SAM>
	</signature>
	<signature ID="20211207_131503529137_819">
		<MACROCLASSID>1</MACROCLASSID>
		<MACROCLASSINFO>waterbody</MACROCLASSINFO>
		<CLASSID>16</CLASSID>
		<CLASSINFO>C 1</CLASSINFO>
		<VALUES>[0.09408085408710665, 0.0035666357993849496, 0.0806922442329827, 0.00537203369942667, 0.07486502501753071, 0.007575250265799657, 0.06713461247022433, 0.01053809523695886, 0.042618631355224104, 0.010891176294316672, 0.03201356696425589, 0.008669854941830146]</VALUES>
		<LCS_MIN>[0.08648369461297989, 0.06597810983657837, 0.054539941251277924, 0.04554827883839607, 0.023212004452943802, 0.013862146064639091]</LCS_MIN>
		<LCS_MAX>[0.10418734699487686, 0.09397635608911514, 0.09008278697729111, 0.08594121783971786, 0.06482160091400146, 0.05120909959077835]</LCS_MAX>
