<?xml version="1.0" ?>
<signaturelist MCID_LIST="[['1', 'waterbody', '#000000'], ['2', 'vegetation', '#000000'], ['3', 'bareland', '#000000'], ['4', 'built-up', '#000000']]">
	<signature ID="20210512_174904009945_760">
		<MACROCLASSID>1</MACROCLASSID>
		<MACROCLASSINFO>waterbody</MACROCLASSINFO>
		<CLASSID>1</CLASSID>
		<CLASSINFO>C 1</CLASSINFO>
		<VALUES>[0.1334412630192515, 0.0009770283541664906, 0.10907450209282606, 0.0016602153514581562, 0.0727584174818823, 0.0019520023812214333, 0.03356235145034867, 0.0006795607674352489, 0.009560408707240921, 0.00030465841213970655, 0.005083892777294726, 0.00019132872812315275]</VALUES>
		<LCS_MIN>[0.1310221403837204, 0.10546842217445374, 0.06875277310609818, 0.03172839432954788, 0.008620808832347393, 0.00441726902499795]</LCS_MIN>
		<LCS_MAX>[0.13643687963485718, 0.11475421488285065, 0.07953473925590515, 0.035908181220293045, 0.011731907725334167, 0.006340924650430679]</LCS_MAX>
		<WAVELENGTH>[0.48, 0.56, 0.655, 0.865, 1.61, 2.2]</WAVELENGTH>
		<MEAN_VALUE>[0.1334412630192515, 0.10907450209282606, 0.0727584174818823, 0.03356235145034867, 0.009560408707240921, 0.005083892777294726]</MEAN_VALUE>
		<CHECKBOX>2</CHECKBOX>
		<SD>[0.0009770283541664906, 0.0016602153514581562, 0.0019520023812214333, 0.0006795607674352489, 0.00030465841213970655, 0.00019132872812315275]</SD>
		<WAVELENGTH_UNIT>E-6m</WAVELENGTH_UNIT>
		<COLOR>#773e4d</COLOR>
		<COVARIANCE_MATRIX>[[9.426489668840077e-07, 1.1450292731751688e-06, 1.3934517255620449e-06, 2.358000159574658e-07, 9.088554264735649e-08, 4.654993901453963e-08], [1.1450292731751688e-06, 2.1619757717417087e-06, 2.4433511498500593e-06, 2.544090023093304e-07, 7.673985180645104e-08, 4.699630196114413e-08], [1.3934517255620449e-06, 2.4433511498500593e-06, 3.0575040455005364e-06, 2.9177877536312735e-07, 7.006347146898406e-08, 4.471474213119109e-08], [2.358000159574658e-07, 2.544090023093304e-07, 2.9177877536312735e-07, 4.2678064460233145e-07, 1.3921123809268465e-07, 6.423835685609447e-08], [9.088554264735649e-08, 7.673985180645104e-08, 7.006347146898406e-08, 1.3921123809268465e-07, 8.557301356404423e-08, 2.9499082287998135e-08], [4.654993901453963e-08, 4.699630196114413e-08, 4.471474213119109e-08, 6.423835685609447e-08, 2.9499082287998135e-08, 3.333235198965667e-08]]</COVARIANCE_MATRIX>
		<ROI_SIZE>10183</ROI_SIZE>
		<MAX_VALUE>[0.13643687963485718, 0.11475421488285065, 0.07953473925590515, 0.035908181220293045, 0.011731907725334167, 0.006340924650430679]</MAX_VALUE>
		<MIN_VALUE>[0.1310221403837204, 0.10546842217445374, 0.06875277310609818, 0.03172839432954788, 0.008620808832347393, 0.00441726902499795]</MIN_VALUE>
		<SIGNATURE_THRESHOLD_MD>0.0</SIGNATURE_THRESHOLD_MD>
		<SIGNATURE_THRESHOLD_ML>0.0</SIGNATURE_THRESHOLD_ML>
		<SIGNATURE_THRESHOLD_SAM>0.0</SIGNATURE_THRESHOLD_SAM>
	</signature>
	<signature ID="20210512_174907351880_950">
		<MACROCLASSID>1</MACROCLASSID>
		<MACROCLASSINFO>waterbody</MACROCLASSINFO>
		<CLASSID>2</CLASSID>
		<CLASSINFO>C 1</CLASSINFO>
		<VALUES>[0.12567577684673162, 0.002113513899940279, 0.10828959615440104, 0.003248319662892425, 0.07775281801844386, 0.006609797607472245, 0.030103216776716502, 0.0014187296125315648, 0.008140104996092717, 0.0004422563444306024, 0.004500338351300211, 0.00029588031577374357]</VALUES>
		<LCS_MIN>[0.12109513580799103, 0.1007424145936966, 0.06618790328502655, 0.027691099792718887, 0.007243383675813675, 0.00377605645917356]</LCS_MIN>
		<LCS_MAX>[0.1350594311952591, 0.12233006954193115, 0.10734457522630692, 0.04569268599152565, 0.01686164364218712, 0.011541915126144886]</LCS_MAX>
		<WAVELENGTH>[0.48, 0.56, 0.655, 0.865, 1.61, 2.2]</WAVELENGTH>
		<MEAN_VALUE>[0.12567577684673162, 0.10828959615440104, 0.07775281801844386, 0.030103216776716502, 0.008140104996092717, 0.004500338351300211]</MEAN_VALUE>
		<CHECKBOX>2</CHECKBOX>
		<SD>[0.002113513899940279, 0.003248319662892425, 0.006609797607472245, 0.0014187296125315648, 0.0004422563444306024, 0.00029588031577374357]</SD>
		<WAVELENGTH_UNIT>E-6m</WAVELENGTH_UNIT>
		<COLOR>#078bcb</COLOR>
		<COVARIANCE_MATRIX>[[4.4256826186028775e-06, 6.580251920240698e-06, 1.2781941222783644e-05, 2.102349526467151e-06, 6.176792766154904e-08, 8.944658347331824e-09], [6.580251920240698e-06, 1.0500685675651766e-05, 2.0562205463647842e-05, 3.1417555419466225e-06, 8.578455634733473e-08, 1.7389430340131184e-08], [1.2781941222783644e-05, 2.0562205463647842e-05, 4.180195537628606e-05, 6.432612735807197e-06, 6.902449456447357e-08, -1.5521669283202755e-08], [2.102349526467151e-06, 3.1417555419466225e-06, 6.432612735807197e-06, 1.768946958691231e-06, 2.1980432052259857e-07, 1.0947414352813212e-07], [6.176792766154904e-08, 8.578455634733473e-08, 6.902449456447357e-08, 2.1980432052259857e-07, 1.8983614324952214e-07, 9.905516407116011e-08], [8.944658347331824e-09, 1.7389430340131184e-08, -1.5521669283202755e-08, 1.0947414352813212e-07, 9.905516407116011e-08, 8.662102857215359e-08]]</COVARIANCE_MATRIX>
		<ROI_SIZE>10189</ROI_SIZE>
		<MAX_VALUE>[0.1350594311952591, 0.12233006954193115, 0.10734457522630692, 0.04569268599152565, 0.01686164364218712, 0.011541915126144886]</MAX_VALUE>
		<MIN_VALUE>[0.12109513580799103, 0.1007424145936966, 0.06618790328502655, 0.027691099792718887, 0.007243383675813675, 0.00377605645917356]</MIN_VALUE>
		<SIGNATURE_THRESHOLD_MD>0.0</SIGNATURE_THRESHOLD_MD>
		<SIGNATURE_THRESHOLD_ML>0.0</SIGNATURE_THRESHOLD_ML>
		<SIGNATURE_THRESHOLD_SAM>0.0</SIGNATURE_THRESHOLD_SAM>
	</signature>
	<signature ID="20210512_174911118492_831">
		<MACROCLASSID>1</MACROCLASSID>
		<MACROCLASSINFO>waterbody</MACROCLASSINFO>
		<CLASSID>3</CLASSID>
		<CLASSINFO>C 1</CLASSINFO>
		<VALUES>[0.11890731176473596, 0.0042005382696433, 0.09941504420973257, 0.006178170464221974, 0.06892387017772009, 0.0077893759942187285, 0.030073947707496006, 0.0035541762505661404, 0.008559438283930394, 0.00397165202429187, 0.004940015964954153, 0.0027409712262393506]</VALUES>
		<LCS_MIN>[0.11074066907167435, 0.08796556293964386, 0.05780458822846413, 0.026859886944293976, 0.006744653917849064, 0.003609810257330537]</LCS_MIN>
		<LCS_MAX>[0.12990595400333405, 0.11461172252893448, 0.10287980735301971, 0.06713785231113434, 0.04664263874292374, 0.037713099271059036]</LCS_MAX>
		<WAVELENGTH>[0.48, 0.56, 0.655, 0.865, 1.61, 2.2]</WAVELENGTH>
		<MEAN_VALUE>[0.11890731176473596, 0.09941504420973257, 0.06892387017772009, 0.030073947707496006, 0.008559438283930394, 0.004940015964954153]</MEAN_VALUE>
		<CHECKBOX>2</CHECKBOX>
		<SD>[0.0042005382696433, 0.006178170464221974, 0.0077893759942187285, 0.0035541762505661404, 0.00397165202429187, 0.0027409712262393506]</SD>
		<WAVELENGTH_UNIT>E-6m</WAVELENGTH_UNIT>
		<COLOR>#488b8c</COLOR>
		<COVARIANCE_MATRIX>[[2.0019595467601903e-05, 2.8956063033547252e-05, 3.607070539146662e-05, 4.959136276738718e-06, -1.0324166623831843e-06, -8.435210361312784e-07], [2.8956063033547252e-05, 4.3852225644513965e-05, 5.5464373872382566e-05, 6.4344098973379005e-06, -2.648508598213084e-06, -1.9711853838089155e-06], [3.607070539146662e-05, 5.5464373872382566e-05, 7.302396988961846e-05, 9.975546163332183e-06, -1.8927221390185878e-06, -1.5523334013778367e-06], [4.959136276738718e-06, 6.4344098973379005e-06, 9.975546163332183e-06, 9.101347131945658e-06, 7.525565706600901e-06, 5.065593995823292e-06], [-1.0324166623831843e-06, -2.648508598213084e-06, -1.8927221390185878e-06, 7.525565706600901e-06, 9.752699043019675e-06, 6.513426342280582e-06], [-8.435210361312784e-07, -1.9711853838089155e-06, -1.5523334013778367e-06, 5.065593995823292e-06, 6.513426342280582e-06, 4.587449893733719e-06]]</COVARIANCE_MATRIX>
		<ROI_SIZE>10012</ROI_SIZE>
		<MAX_VALUE>[0.12990595400333405, 0.11461172252893448, 0.10287980735301971, 0.06713785231113434, 0.04664263874292374, 0.037713099271059036]</MAX_VALUE>
		<MIN_VALUE>[0.11074066907167435, 0.08796556293964386, 0.05780458822846413, 0.026859886944293976, 0.006744653917849064, 0.003609810257330537]</MIN_VALUE>
		<SIGNATURE_THRESHOLD_MD>0.0</SIGNATURE_THRESHOLD_MD>
		<SIGNATURE_THRESHOLD_ML>0.0</SIGNATURE_THRESHOLD_ML>
		<SIGNATURE_THRESHOLD_SAM>0.0</SIGNATURE_THRESHOLD_SAM>
	</signature>
	<signature ID="20210512_174915170429_368">
		<MACROCLASSID>1</MACROCLASSID>
		<MACROCLASSINFO>waterbody</MACROCLASSINFO>
		<CLASSID>4</CLASSID>
		<CLASSINFO>C 1</CLASSINFO>
		<VALUES>[0.12275589541681711, 0.0020487955935376057, 0.09896943513975064, 0.003026729543503294, 0.06633670163679091, 0.004025708059003115, 0.033645197602230045, 0.005230920048601188, 0.011514013607287104, 0.005064887413438599, 0.00692485818256711, 0.003646236983715659]</VALUES>
		<LCS_MIN>[0.10933947563171387, 0.07597240805625916, 0.05067992955446243, 0.028997279703617096, 0.006032195407897234, 0.003871047869324684]</LCS_MIN>
		<LCS_MAX>[0.13750554621219635, 0.12415874004364014, 0.10442348569631577, 0.07165013253688812, 0.049468744546175, 0.0445764996111393]</LCS_MAX>
		<WAVELENGTH>[0.48, 0.56, 0.655, 0.865, 1.61, 2.2]</WAVELENGTH>
		<MEAN_VALUE>[0.12275589541681711, 0.09896943513975064, 0.06633670163679091, 0.033645197602230045, 0.011514013607287104, 0.00692485818256711]</MEAN_VALUE>
		<CHECKBOX>2</CHECKBOX>
		<SD>[0.0020487955935376057, 0.003026729543503294, 0.004025708059003115, 0.005230920048601188, 0.005064887413438599, 0.003646236983715659]</SD>
		<WAVELENGTH_UNIT>E-6m</WAVELENGTH_UNIT>
		<COLOR>#69d6dd</COLOR>
		<COVARIANCE_MATRIX>[[3.3444364362367196e-06, 4.560959951049881e-06, 5.009719188819872e-06, 2.321040255992557e-06, 2.0412778667378007e-06, 1.6349924862879561e-06], [4.560959951049881e-06, 7.1608465077588335e-06, 8.396502380492166e-06, 3.95026518162922e-06, 3.2288360216625733e-06, 2.684268565644743e-06], [5.009719188819872e-06, 8.396502380492166e-06, 1.3194453458709177e-05, 1.0045328053820413e-05, 8.660557796247303e-06, 6.139912784419721e-06], [2.321040255992557e-06, 3.95026518162922e-06, 1.0045328053820413e-05, 2.210019920312334e-05, 2.0414792743395083e-05, 1.3926952306064777e-05], [2.0412778667378007e-06, 3.2288360216625733e-06, 8.660557796247303e-06, 2.0414792743395083e-05, 2.3831535145291127e-05, 1.6411291653639637e-05], [1.6349924862879561e-06, 2.684268565644743e-06, 6.139912784419721e-06, 1.3926952306064777e-05, 1.6411291653639637e-05, 1.220287595060654e-05]]</COVARIANCE_MATRIX>
		<ROI_SIZE>7505</ROI_SIZE>
		<MAX_VALUE>[0.13750554621219635, 0.12415874004364014, 0.10442348569631577, 0.07165013253688812, 0.049468744546175, 0.0445764996111393]</MAX_VALUE>
		<MIN_VALUE>[0.10933947563171387, 0.07597240805625916, 0.05067992955446243, 0.028997279703617096, 0.006032195407897234, 0.003871047869324684]</MIN_VALUE>
		<SIGNATURE_THRESHOLD_MD>0.0</SIGNATURE_THRESHOLD_MD>
		<SIGNATURE_THRESHOLD_ML>0.0</SIGNATURE_THRESHOLD_ML>
		<SIGNATURE_THRESHOLD_SAM>0.0</SIGNATURE_THRESHOLD_SAM>
	</signature>
	<signature ID="20210512_174918905620_300">
		<MACROCLASSID>1</MACROCLASSID>
		<MACROCLASSINFO>waterbody</MACROCLASSINFO>
		<CLASSID>5</CLASSID>
		<CLASSINFO>C 1</CLASSINFO>
		<VALUES>[0.11921214938613763, 0.0018526242407097982, 0.09469208875358484, 0.002752546784330927, 0.06196811178811634, 0.003179871289441279, 0.034332052831719355, 0.0028724245623624107, 0.013457688416398121, 0.0026933490399773242, 0.00884979121893295, 0.002131374283241133]</VALUES>
		<LCS_MIN>[0.11546666920185089, 0.08946173638105392, 0.05618966743350029, 0.030113477259874344, 0.010354473255574703, 0.006412170361727476]</LCS_MIN>
		<LCS_MAX>[0.13665060698986053, 0.11971770972013474, 0.09577891230583191, 0.06891902536153793, 0.05041871219873428, 0.04315156489610672]</LCS_MAX>
		<WAVELENGTH>[0.48, 0.56, 0.655, 0.865, 1.61, 2.2]</WAVELENGTH>
		<MEAN_VALUE>[0.11921214938613763, 0.09469208875358484, 0.06196811178811634, 0.034332052831719355, 0.013457688416398121, 0.00884979121893295]</MEAN_VALUE>
		<CHECKBOX>2</CHECKBOX>
		<SD>[0.0018526242407097982, 0.002752546784330927, 0.003179871289441279, 0.0028724245623624107, 0.0026933490399773242, 0.002131374283241133]</SD>
		<WAVELENGTH_UNIT>E-6m</WAVELENGTH_UNIT>
		<COLOR>#2820d9</COLOR>
		<COVARIANCE_MATRIX>[[3.84651275453507e-06, 5.2814230002695695e-06, 4.634387096302817e-06, 1.3604363857666613e-06, 7.799119998708193e-07, 5.96197253344144e-07], [5.2814230002695695e-06, 7.915723472251557e-06, 7.422860107908491e-06, 2.244183633592911e-06, 1.7056936485460028e-06, 1.3602289072878193e-06], [4.634387096302817e-06, 7.422860107908491e-06, 8.450275345239788e-06, 4.060895207658177e-06, 3.272805770393461e-06, 2.551838178987964e-06], [1.3604363857666613e-06, 2.244183633592911e-06, 4.060895207658177e-06, 6.304588168859482e-06, 5.296294148138259e-06, 4.059709681314416e-06], [7.799119998708193e-07, 1.7056936485460028e-06, 3.272805770393461e-06, 5.296294148138259e-06, 5.815114036522573e-06, 4.50450488642673e-06], [5.96197253344144e-07, 1.3602289072878193e-06, 2.551838178987964e-06, 4.059709681314416e-06, 4.50450488642673e-06, 3.59837440555566e-06]]</COVARIANCE_MATRIX>
		<ROI_SIZE>9924</ROI_SIZE>
		<MAX_VALUE>[0.13665060698986053, 0.11971770972013474, 0.09577891230583191, 0.06891902536153793, 0.05041871219873428, 0.04315156489610672]</MAX_VALUE>
		<MIN_VALUE>[0.11546666920185089, 0.08946173638105392, 0.05618966743350029, 0.030113477259874344, 0.010354473255574703, 0.006412170361727476]</MIN_VALUE>
		<SIGNATURE_THRESHOLD_MD>0.0</SIGNATURE_THRESHOLD_MD>
		<SIGNATURE_THRESHOLD_ML>0.0</SIGNATURE_THRESHOLD_ML>
		<SIGNATURE_THRESHOLD_SAM>0.0</SIGNATURE_THRESHOLD_SAM>
	</signature>
	<signature ID="20210512_174923555128_379">
		<MACROCLASSID>1</MACROCLASSID>
		<MACROCLASSINFO>waterbody</MACROCLASSINFO>
		<CLASSID>6</CLASSID>
		<CLASSINFO>C 1</CLASSINFO>
		<VALUES>[0.11220989117732763, 0.0014845537308041214, 0.08676754638145794, 0.0020082700512909476, 0.059393969023556835, 0.0024272696029241573, 0.0375797778303868, 0.004558539323488561, 0.017162104369795997, 0.0038047216816173963, 0.012147103520412447, 0.0031961431999228784]</VALUES>
		<LCS_MIN>[0.1091732382774353, 0.0815533846616745, 0.05395727604627609, 0.030897190794348717, 0.011066940613090992, 0.006792154163122177]</LCS_MIN>
		<LCS_MAX>[0.12375500798225403, 0.10176362097263336, 0.0824320837855339, 0.07725485414266586, 0.05759083852171898, 0.05276983231306076]</LCS_MAX>
		<WAVELENGTH>[0.48, 0.56, 0.655, 0.865, 1.61, 2.2]</WAVELENGTH>
		<MEAN_VALUE>[0.11220989117732763, 0.08676754638145794, 0.059393969023556835, 0.0375797778303868, 0.017162104369795997, 0.012147103520412447]</MEAN_VALUE>
		<CHECKBOX>2</CHECKBOX>
		<SD>[0.0014845537308041214, 0.0020082700512909476, 0.0024272696029241573, 0.004558539323488561, 0.0038047216816173963, 0.0031961431999228784]</SD>
		<WAVELENGTH_UNIT>E-6m</WAVELENGTH_UNIT>
		<COLOR>#0e0ec5</COLOR>
		<COVARIANCE_MATRIX>[[2.540136847528629e-06, 2.9609766443172703e-06, 3.699950639202143e-06, 4.2057663449668325e-06, 4.450861979421461e-06, 3.748946710402379e-06], [2.9609766443172703e-06, 4.5212054828880355e-06, 4.964252184436191e-06, 4.080497092218138e-06, 4.465836354938801e-06, 3.787022023971076e-06], [3.699950639202143e-06, 4.964252184436191e-06, 6.780602689104853e-06, 7.599935088364873e-06, 7.469945558113977e-06, 6.176780061650788e-06], [4.2057663449668325e-06, 4.080497092218138e-06, 7.599935088364873e-06, 2.0854104150203057e-05, 1.5648136468371376e-05, 1.1455535968707409e-05], [4.450861979421461e-06, 4.465836354938801e-06, 7.469945558113977e-06, 1.5648136468371376e-05, 1.5478055502171628e-05, 1.2380094631225802e-05], [3.748946710402379e-06, 3.787022023971076e-06, 6.176780061650788e-06, 1.1455535968707409e-05, 1.2380094631225802e-05, 1.053802770911716e-05]]</COVARIANCE_MATRIX>
		<ROI_SIZE>8618</ROI_SIZE>
		<MAX_VALUE>[0.12375500798225403, 0.10176362097263336, 0.0824320837855339, 0.07725485414266586, 0.05759083852171898, 0.05276983231306076]</MAX_VALUE>
		<MIN_VALUE>[0.1091732382774353, 0.0815533846616745, 0.05395727604627609, 0.030897190794348717, 0.011066940613090992, 0.006792154163122177]</MIN_VALUE>
		<SIGNATURE_THRESHOLD_MD>0.0</SIGNATURE_THRESHOLD_MD>
		<SIGNATURE_THRESHOLD_ML>0.0</SIGNATURE_THRESHOLD_ML>
		<SIGNATURE_THRESHOLD_SAM>0.0</SIGNATURE_THRESHOLD_SAM>
	</signature>
	<signature ID="20210512_174927689743_857">
		<MACROCLASSID>1</MACROCLASSID>
		<MACROCLASSINFO>waterbody</MACROCLASSINFO>
		<CLASSID>7</CLASSID>
		<CLASSINFO>C 1</CLASSINFO>
		<VALUES>[0.11790398785847209, 0.0013214162828935807, 0.09152544536253512, 0.0023026451803761254, 0.054384517526298144, 0.0020096365901271923, 0.027627554412406732, 0.0007241894515068245, 0.009678571083879492, 0.0007392886540155841, 0.006093862002236191, 0.0007781080481114356]</VALUES>
		<LCS_MIN>[0.1145642101764679, 0.0855669304728508, 0.05027620121836662, 0.02550620771944523, 0.007029637228697538, 0.003989793825894594]</LCS_MIN>
		<LCS_MAX>[0.12095264345407486, 0.09577891230583191, 0.06690037995576859, 0.04683263599872589, 0.041061680763959885, 0.04595392569899559]</LCS_MAX>
		<WAVELENGTH>[0.48, 0.56, 0.655, 0.865, 1.61, 2.2]</WAVELENGTH>
		<MEAN_VALUE>[0.11790398785847209, 0.09152544536253512, 0.054384517526298144, 0.027627554412406732, 0.009678571083879492, 0.006093862002236191]</MEAN_VALUE>
		<CHECKBOX>2</CHECKBOX>
		<SD>[0.0013214162828935807, 0.0023026451803761254, 0.0020096365901271923, 0.0007241894515068245, 0.0007392886540155841, 0.0007781080481114356]</SD>
		<WAVELENGTH_UNIT>E-6m</WAVELENGTH_UNIT>
		<COLOR>#e92da9</COLOR>
		<COVARIANCE_MATRIX>[[1.69065901900467e-06, 2.627564299473306e-06, 2.1494499833352165e-06, 4.851715402764967e-07, 3.0014308549652924e-07, 2.227201747473373e-07], [2.627564299473306e-06, 4.6666345951962285e-06, 3.859349362755893e-06, 6.723720389345544e-07, 5.15215617724607e-07, 4.15531559383453e-07], [2.1494499833352165e-06, 3.859349362755893e-06, 3.5110469980281778e-06, 7.348301096499199e-07, 5.31407920334459e-07, 4.401801447784237e-07], [4.851715402764967e-07, 6.723720389345544e-07, 7.348301096499199e-07, 5.576918624683458e-07, 3.287684364750021e-07, 2.7102569788439723e-07], [3.0014308549652924e-07, 5.15215617724607e-07, 5.31407920334459e-07, 3.287684364750021e-07, 3.9761454218023573e-07, 3.637384224930429e-07], [2.227201747473373e-07, 4.15531559383453e-07, 4.401801447784237e-07, 2.7102569788439723e-07, 3.637384224930429e-07, 4.064741858655907e-07]]</COVARIANCE_MATRIX>
		<ROI_SIZE>10181</ROI_SIZE>
		<MAX_VALUE>[0.12095264345407486, 0.09577891230583191, 0.06690037995576859, 0.04683263599872589, 0.041061680763959885, 0.04595392569899559]</MAX_VALUE>
		<MIN_VALUE>[0.1145642101764679, 0.0855669304728508, 0.05027620121836662, 0.02550620771944523, 0.007029637228697538, 0.003989793825894594]</MIN_VALUE>
		<SIGNATURE_THRESHOLD_MD>0.0</SIGNATURE_THRESHOLD_MD>
		<SIGNATURE_THRESHOLD_ML>0.0</SIGNATURE_THRESHOLD_ML>
		<SIGNATURE_THRESHOLD_SAM>0.0</SIGNATURE_THRESHOLD_SAM>
	</signature>
	<signature ID="20210512_174933328969_249">
		<MACROCLASSID>1</MACROCLASSID>
		<MACROCLASSINFO>waterbody</MACROCLASSINFO>
		<CLASSID>8</CLASSID>
		<CLASSINFO>C 1</CLASSINFO>
		<VALUES>[0.11518566858379921, 0.00048643432042279485, 0.07643765154918629, 0.000644684238007731, 0.04896851301734203, 0.0004719748692403974, 0.028628141859011476, 0.00043528443756654715, 0.008273705632484212, 0.00019729445020102483, 0.004428664790066855, 0.00014457453541570517]</VALUES>
		<LCS_MIN>[0.11349551379680634, 0.07416751235723495, 0.04783007875084877, 0.027263617143034935, 0.007575867231935263, 0.003918548114597797]</LCS_MIN>
		<LCS_MAX>[0.11686784029006958, 0.0779910534620285, 0.05103616788983345, 0.030255969613790512, 0.008953292854130268, 0.005034744739532471]</LCS_MAX>
		<WAVELENGTH>[0.48, 0.56, 0.655, 0.865, 1.61, 2.2]</WAVELENGTH>
		<MEAN_VALUE>[0.11518566858379921, 0.07643765154918629, 0.04896851301734203, 0.028628141859011476, 0.008273705632484212, 0.004428664790066855]</MEAN_VALUE>
		<CHECKBOX>2</CHECKBOX>
		<SD>[0.00048643432042279485, 0.000644684238007731, 0.0004719748692403974, 0.00043528443756654715, 0.00019729445020102483, 0.00014457453541570517]</SD>
		<WAVELENGTH_UNIT>E-6m</WAVELENGTH_UNIT>
		<COLOR>#af5e3b</COLOR>
		<COVARIANCE_MATRIX>[[2.1624158819122385e-07, 2.38501485227971e-07, 9.938259637465308e-08, 1.4035755668828642e-07, 5.0918128380317285e-08, 2.388737208036673e-08], [2.38501485227971e-07, 3.7708267086600245e-07, 1.2113787306589074e-07, 1.7566436838478694e-07, 6.000968255648331e-08, 2.7362174748191137e-08], [9.938259637465308e-08, 1.2113787306589074e-07, 1.8215594366211008e-07, 5.996063379143379e-08, 2.4873978432538024e-08, 1.2208267285984675e-08], [1.4035755668828642e-07, 1.7566436838478694e-07, 5.996063379143379e-08, 1.7484650527421763e-07, 4.550326693220086e-08, 1.9636948067613957e-08], [5.0918128380317285e-08, 6.000968255648331e-08, 2.4873978432538024e-08, 4.550326693220086e-08, 3.792603209262779e-08, 8.061975975692803e-09], [2.388737208036673e-08, 2.7362174748191137e-08, 1.2208267285984675e-08, 1.9636948067613957e-08, 8.061975975692803e-09, 2.124544984383192e-08]]</COVARIANCE_MATRIX>
		<ROI_SIZE>10200</ROI_SIZE>
		<MAX_VALUE>[0.11686784029006958, 0.0779910534620285, 0.05103616788983345, 0.030255969613790512, 0.008953292854130268, 0.005034744739532471]</MAX_VALUE>
		<MIN_VALUE>[0.11349551379680634, 0.07416751235723495, 0.04783007875084877, 0.027263617143034935, 0.007575867231935263, 0.003918548114597797]</MIN_VALUE>
		<SIGNATURE_THRESHOLD_MD>0.0</SIGNATURE_THRESHOLD_MD>
		<SIGNATURE_THRESHOLD_ML>0.0</SIGNATURE_THRESHOLD_ML>
		<SIGNATURE_THRESHOLD_SAM>0.0</SIGNATURE_THRESHOLD_SAM>
	</signature>
	<signature ID="20210512_174939597810_666">
		<MACROCLASSID>1</MACROCLASSID>
		<MACROCLASSINFO>waterbody</MACROCLASSINFO>
		<CLASSID>9</CLASSID>
		<CLASSINFO>C 1</CLASSINFO>
		<VALUES>[0.12934954455337488, 0.003133215763929818, 0.0970378564787482, 0.0048571944417551294, 0.0619386197452008, 0.003874864015468769, 0.03499658321931016, 0.0024585654909134976, 0.010475717428549112, 0.0007798250931560196, 0.005269301966717958, 0.0003964813347956709]</VALUES>
		<LCS_MIN>[0.12271005660295486, 0.08768057823181152, 0.05521595478057861, 0.03087344393134117, 0.009024539031088352, 0.004488514736294746]</LCS_MIN>
		<LCS_MAX>[0.14327652752399445, 0.11990769952535629, 0.08328704535961151, 0.04982497915625572, 0.014985487796366215, 0.007409621030092239]</LCS_MAX>
		<WAVELENGTH>[0.48, 0.56, 0.655, 0.865, 1.61, 2.2]</WAVELENGTH>
		<MEAN_VALUE>[0.12934954455337488, 0.0970378564787482, 0.0619386197452008, 0.03499658321931016, 0.010475717428549112, 0.005269301966717958]</MEAN_VALUE>
		<CHECKBOX>2</CHECKBOX>
		<SD>[0.003133215763929818, 0.0048571944417551294, 0.003874864015468769, 0.0024585654909134976, 0.0007798250931560196, 0.0003964813347956709]</SD>
		<WAVELENGTH_UNIT>E-6m</WAVELENGTH_UNIT>
		<COLOR>#2e4a73</COLOR>
		<COVARIANCE_MATRIX>[[7.6139199336466845e-06, 1.175062425318174e-05, 9.196932296617888e-06, 5.6651806517038494e-06, 1.6861068843354587e-06, 7.522822897954029e-07], [1.175062425318174e-05, 1.845231236075051e-05, 1.4353036931424867e-05, 8.856147360347677e-06, 2.6119571430172073e-06, 1.1627081448750687e-06], [9.196932296617888e-06, 1.4353036931424867e-05, 1.1508835086715408e-05, 7.1259519245359115e-06, 2.1328166894818423e-06, 9.625193797546672e-07], [5.6651806517038494e-06, 8.856147360347677e-06, 7.1259519245359115e-06, 4.6179175114957616e-06, 1.3719755997954053e-06, 6.187186158967961e-07], [1.6861068843354587e-06, 2.6119571430172073e-06, 2.1328166894818423e-06, 1.3719755997954053e-06, 4.542060878520715e-07, 2.0459074789869192e-07], [7.522822897954029e-07, 1.1627081448750687e-06, 9.625193797546672e-07, 6.187186158967961e-07, 2.0459074789869192e-07, 1.1787254550199577e-07]]</COVARIANCE_MATRIX>
		<ROI_SIZE>10199</ROI_SIZE>
		<MAX_VALUE>[0.14327652752399445, 0.11990769952535629, 0.08328704535961151, 0.04982497915625572, 0.014985487796366215, 0.007409621030092239]</MAX_VALUE>
		<MIN_VALUE>[0.12271005660295486, 0.08768057823181152, 0.05521595478057861, 0.03087344393134117, 0.009024539031088352, 0.004488514736294746]</MIN_VALUE>
		<SIGNATURE_THRESHOLD_MD>0.0</SIGNATURE_THRESHOLD_MD>
		<SIGNATURE_THRESHOLD_ML>0.0</SIGNATURE_THRESHOLD_ML>
		<SIGNATURE_THRESHOLD_SAM>0.0</SIGNATURE_THRESHOLD_SAM>
	</signature>
	<signature ID="20210512_174944597602_204">
		<MACROCLASSID>1</MACROCLASSID>
		<MACROCLASSINFO>waterbody</MACROCLASSINFO>
		<CLASSID>10</CLASSID>
		<CLASSINFO>C 1</CLASSINFO>
		<VALUES>[0.16059353331651965, 0.0009087418740840916, 0.17035514011118655, 0.0019398730830426233, 0.17868579459725784, 0.002887477856781038, 0.09000303691183076, 0.006651059792283716, 0.021211507070321305, 0.0056765327736838156, 0.011499661715798557, 0.0035664614006663733]</VALUES>
		<LCS_MIN>[0.15491344034671783, 0.15752580761909485, 0.1613968461751938, 0.08312080800533295, 0.017099136486649513, 0.008763301186263561]</LCS_MIN>
		<LCS_MAX>[0.16320176422595978, 0.17341375350952148, 0.18277078866958618, 0.12736482918262482, 0.059751980006694794, 0.04305658116936684]</LCS_MAX>
		<WAVELENGTH>[0.48, 0.56, 0.655, 0.865, 1.61, 2.2]</WAVELENGTH>
		<MEAN_VALUE>[0.16059353331651965, 0.17035514011118655, 0.17868579459725784, 0.09000303691183076, 0.021211507070321305, 0.011499661715798557]</MEAN_VALUE>
		<CHECKBOX>2</CHECKBOX>
		<SD>[0.0009087418740840916, 0.0019398730830426233, 0.002887477856781038, 0.006651059792283716, 0.0056765327736838156, 0.0035664614006663733]</SD>
		<WAVELENGTH_UNIT>E-6m</WAVELENGTH_UNIT>
		<COLOR>#6a8ac8</COLOR>
		<COVARIANCE_MATRIX>[[8.265694191322837e-07, 1.1382119282643544e-06, 1.720624823065009e-06, -3.684066996356705e-06, -2.734359441092238e-06, -1.5074870134412777e-06], [1.1382119282643544e-06, 3.7665599847969133e-06, 5.339885774446884e-06, -9.821094863582402e-06, -8.23396385385422e-06, -4.7658299990871456e-06], [1.720624823065009e-06, 5.339885774446884e-06, 8.345177775481716e-06, -1.6681697161402553e-05, -1.3763610695605166e-05, -8.076595804595854e-06], [-3.684066996356705e-06, -9.821094863582402e-06, -1.6681697161402553e-05, 4.4277181586949155e-05, 3.5029810533160344e-05, 2.1066660337965004e-05], [-2.734359441092238e-06, -8.23396385385422e-06, -1.3763610695605166e-05, 3.5029810533160344e-05, 3.225258842576295e-05, 1.969095137610566e-05], [-1.5074870134412777e-06, -4.7658299990871456e-06, -8.076595804595854e-06, 2.1066660337965004e-05, 1.969095137610566e-05, 1.2731316019198857e-05]]</COVARIANCE_MATRIX>
		<ROI_SIZE>1091</ROI_SIZE>
		<MAX_VALUE>[0.16320176422595978, 0.17341375350952148, 0.18277078866958618, 0.12736482918262482, 0.059751980006694794, 0.04305658116936684]</MAX_VALUE>
		<MIN_VALUE>[0.15491344034671783, 0.15752580761909485, 0.1613968461751938, 0.08312080800533295, 0.017099136486649513, 0.008763301186263561]</MIN_VALUE>
		<SIGNATURE_THRESHOLD_MD>0.0</SIGNATURE_THRESHOLD_MD>
		<SIGNATURE_THRESHOLD_ML>0.0</SIGNATURE_THRESHOLD_ML>
		<SIGNATURE_THRESHOLD_SAM>0.0</SIGNATURE_THRESHOLD_SAM>
	</signature>
	<signature ID="20210512_174948579951_350">
		<MACROCLASSID>1</MACROCLASSID>
		<MACROCLASSINFO>waterbody</MACROCLASSINFO>
		<CLASSID>11</CLASSID>
		<CLASSINFO>C 1</CLASSINFO>
		<VALUES>[0.1584882822327729, 0.0016408518168201252, 0.16869177794831935, 0.003211559236137837, 0.17433894392777627, 0.003905582300570509, 0.08217803219875956, 0.006654969281108634, 0.021244907152553023, 0.006150576564963361, 0.01123603987617519, 0.0040174409728269255]</VALUES>
		<LCS_MIN>[0.15054365992546082, 0.1493324637413025, 0.14907121658325195, 0.07336004823446274, 0.014178029261529446, 0.008264579810202122]</LCS_MIN>
		<LCS_MAX>[0.16348674893379211, 0.1737462282180786, 0.18037214875221252, 0.1189814880490303, 0.058208316564559937, 0.038853030651807785]</LCS_MAX>
		<WAVELENGTH>[0.48, 0.56, 0.655, 0.865, 1.61, 2.2]</WAVELENGTH>
		<MEAN_VALUE>[0.1584882822327729, 0.16869177794831935, 0.17433894392777627, 0.08217803219875956, 0.021244907152553023, 0.01123603987617519]</MEAN_VALUE>
		<CHECKBOX>2</CHECKBOX>
		<SD>[0.0016408518168201252, 0.003211559236137837, 0.003905582300570509, 0.006654969281108634, 0.006150576564963361, 0.0040174409728269255]</SD>
		<WAVELENGTH_UNIT>E-6m</WAVELENGTH_UNIT>
		<COLOR>#95220c</COLOR>
		<COVARIANCE_MATRIX>[[2.6945162971969694e-06, 4.290212928026449e-06, 4.664590051106643e-06, -7.1181165139933e-07, -2.283848516526632e-06, -1.7381020143147907e-06], [4.290212928026449e-06, 1.0322240086679813e-05, 1.2090371455997229e-05, -1.022446303977631e-05, -8.959275874076411e-06, -5.7858105719788e-06], [4.664590051106643e-06, 1.2090371455997229e-05, 1.5265593901858665e-05, -1.4484146049653646e-05, -1.304152738157427e-05, -8.2258484326303e-06], [-7.1181165139933e-07, -1.022446303977631e-05, -1.4484146049653646e-05, 4.4323514885036275e-05, 3.275846393080428e-05, 1.931492988660466e-05], [-2.283848516526632e-06, -8.959275874076411e-06, -1.304152738157427e-05, 3.275846393080428e-05, 3.785940134548582e-05, 2.427285653539002e-05], [-1.7381020143147907e-06, -5.7858105719788e-06, -8.2258484326303e-06, 1.931492988660466e-05, 2.427285653539002e-05, 1.615255132492166e-05]]</COVARIANCE_MATRIX>
		<ROI_SIZE>1270</ROI_SIZE>
		<MAX_VALUE>[0.16348674893379211, 0.1737462282180786, 0.18037214875221252, 0.1189814880490303, 0.058208316564559937, 0.038853030651807785]</MAX_VALUE>
		<MIN_VALUE>[0.15054365992546082, 0.1493324637413025, 0.14907121658325195, 0.07336004823446274, 0.014178029261529446, 0.008264579810202122]</MIN_VALUE>
		<SIGNATURE_THRESHOLD_MD>0.0</SIGNATURE_THRESHOLD_MD>
		<SIGNATURE_THRESHOLD_ML>0.0</SIGNATURE_THRESHOLD_ML>
		<SIGNATURE_THRESHOLD_SAM>0.0</SIGNATURE_THRESHOLD_SAM>
	</signature>
	<signature ID="20210512_174952801895_235">
		<MACROCLASSID>1</MACROCLASSID>
		<MACROCLASSINFO>waterbody</MACROCLASSINFO>
		<CLASSID>12</CLASSID>
		<CLASSINFO>C 1</CLASSINFO>
		<VALUES>[0.1523626300004813, 0.0011109802491388156, 0.15537415995047632, 0.0024376115142230926, 0.15115354118438873, 0.00284991821959814, 0.08797624672834685, 0.008818712235475784, 0.027928404108836118, 0.008534829017880923, 0.015545778807539204, 0.005402260939863846]</VALUES>
		<LCS_MIN>[0.14767004549503326, 0.14667260646820068, 0.13881173729896545, 0.06692412495613098, 0.008335825987160206, 0.005010990425944328]</LCS_MIN>
		<LCS_MAX>[0.15517467260360718, 0.1586657464504242, 0.15709832310676575, 0.11971770972013474, 0.055073462426662445, 0.035718198865652084]</LCS_MAX>
		<WAVELENGTH>[0.48, 0.56, 0.655, 0.865, 1.61, 2.2]</WAVELENGTH>
		<MEAN_VALUE>[0.1523626300004813, 0.15537415995047632, 0.15115354118438873, 0.08797624672834685, 0.027928404108836118, 0.015545778807539204]</MEAN_VALUE>
		<CHECKBOX>2</CHECKBOX>
		<SD>[0.0011109802491388156, 0.0024376115142230926, 0.00284991821959814, 0.008818712235475784, 0.008534829017880923, 0.005402260939863846]</SD>
		<WAVELENGTH_UNIT>E-6m</WAVELENGTH_UNIT>
		<COLOR>#2350e7</COLOR>
		<COVARIANCE_MATRIX>[[1.2390427173158969e-06, 1.708983518255991e-06, 2.105786506945151e-06, -4.4369135139277205e-06, -3.336926965857856e-06, -1.350909769826103e-06], [1.708983518255991e-06, 5.964891897747293e-06, 6.121808382886229e-06, -1.5305391571018845e-05, -1.4336491403810214e-05, -7.784676199662499e-06], [2.105786506945151e-06, 6.121808382886229e-06, 8.153392627718858e-06, -1.9543776943464763e-05, -1.5783989510964602e-05, -7.713937520748004e-06], [-4.4369135139277205e-06, -1.5305391571018845e-05, -1.9543776943464763e-05, 7.806995563441887e-05, 6.589660188183188e-05, 3.829628258245066e-05], [-3.336926965857856e-06, -1.4336491403810214e-05, -1.5783989510964602e-05, 6.589660188183188e-05, 7.312455272767693e-05, 4.37966373283416e-05], [-1.350909769826103e-06, -7.784676199662499e-06, -7.713937520748004e-06, 3.829628258245066e-05, 4.37966373283416e-05, 2.929710353782866e-05]]</COVARIANCE_MATRIX>
		<ROI_SIZE>260</ROI_SIZE>
		<MAX_VALUE>[0.15517467260360718, 0.1586657464504242, 0.15709832310676575, 0.11971770972013474, 0.055073462426662445, 0.035718198865652084]</MAX_VALUE>
		<MIN_VALUE>[0.14767004549503326, 0.14667260646820068, 0.13881173729896545, 0.06692412495613098, 0.008335825987160206, 0.005010990425944328]</MIN_VALUE>
		<SIGNATURE_THRESHOLD_MD>0.0</SIGNATURE_THRESHOLD_MD>
		<SIGNATURE_THRESHOLD_ML>0.0</SIGNATURE_THRESHOLD_ML>
		<SIGNATURE_THRESHOLD_SAM>0.0</SIGNATURE_THRESHOLD_SAM>
	</signature>
	<signature ID="20210512_174958014025_262">
		<MACROCLASSID>1</MACROCLASSID>
		<MACROCLASSINFO>waterbody</MACROCLASSINFO>
		<CLASSID>13</CLASSID>
		<CLASSINFO>C 1</CLASSINFO>
		<VALUES>[0.13405560359530067, 0.0014511835925575805, 0.11537017572628344, 0.002422962030401545, 0.07921511469002089, 0.0031013059252330104, 0.06902909688330414, 0.007886987549904726, 0.020636203127442167, 0.006237368023560601, 0.010459022455308145, 0.004121239276643957]</VALUES>
		<LCS_MIN>[0.13083215057849884, 0.1100756973028183, 0.07433374971151352, 0.05953824892640114, 0.01531797181814909, 0.007124637719243765]</LCS_MIN>
		<LCS_MAX>[0.14322902262210846, 0.13475069403648376, 0.10449472069740295, 0.10126488655805588, 0.05583342909812927, 0.038378067314624786]</LCS_MAX>
		<WAVELENGTH>[0.48, 0.56, 0.655, 0.865, 1.61, 2.2]</WAVELENGTH>
		<MEAN_VALUE>[0.13405560359530067, 0.11537017572628344, 0.07921511469002089, 0.06902909688330414, 0.020636203127442167, 0.010459022455308145]</MEAN_VALUE>
		<CHECKBOX>2</CHECKBOX>
		<SD>[0.0014511835925575805, 0.002422962030401545, 0.0031013059252330104, 0.007886987549904726, 0.006237368023560601, 0.004121239276643957]</SD>
		<WAVELENGTH_UNIT>E-6m</WAVELENGTH_UNIT>
		<COLOR>#21ccb8</COLOR>
		<COVARIANCE_MATRIX>[[2.1089638266857946e-06, 2.2021556560503086e-06, 3.299089257779997e-06, 4.611776603269391e-06, 3.268797172495397e-06, 2.278883357575978e-06], [2.2021556560503086e-06, 5.879192030988634e-06, 6.579415185115067e-06, 9.754185157362372e-06, 6.441372988774674e-06, 4.3102450035803486e-06], [3.299089257779997e-06, 6.579415185115067e-06, 9.631937246012967e-06, 1.6207550288527273e-05, 1.1843667380162515e-05, 8.056918886722997e-06], [4.611776603269391e-06, 9.754185157362372e-06, 1.6207550288527273e-05, 6.229407881619409e-05, 4.333076503826305e-05, 2.663450868567452e-05], [3.268797172495397e-06, 6.441372988774674e-06, 1.1843667380162515e-05, 4.333076503826305e-05, 3.896073758369312e-05, 2.4919349016272463e-05], [2.278883357575978e-06, 4.3102450035803486e-06, 8.056918886722997e-06, 2.663450868567452e-05, 2.4919349016272463e-05, 1.7009051589411683e-05]]</COVARIANCE_MATRIX>
		<ROI_SIZE>696</ROI_SIZE>
		<MAX_VALUE>[0.14322902262210846, 0.13475069403648376, 0.10449472069740295, 0.10126488655805588, 0.05583342909812927, 0.038378067314624786]</MAX_VALUE>
		<MIN_VALUE>[0.13083215057849884, 0.1100756973028183, 0.07433374971151352, 0.05953824892640114, 0.01531797181814909, 0.007124637719243765]</MIN_VALUE>
		<SIGNATURE_THRESHOLD_MD>0.0</SIGNATURE_THRESHOLD_MD>
		<SIGNATURE_THRESHOLD_ML>0.0</SIGNATURE_THRESHOLD_ML>
		<SIGNATURE_THRESHOLD_SAM>0.0</SIGNATURE_THRESHOLD_SAM>
	</signature>
	<signature ID="20210512_175003665527_682">
		<MACROCLASSID>1</MACROCLASSID>
		<MACROCLASSINFO>waterbody</MACROCLASSINFO>
		<CLASSID>14</CLASSID>
		<CLASSINFO>C 1</CLASSINFO>
		<VALUES>[0.13000832416459437, 0.0021538333489204034, 0.11122931546594149, 0.004241096601821849, 0.07653147610095279, 0.0040033383654202, 0.07098055028030809, 0.012010202762247063, 0.02210245184705659, 0.00968366493185272, 0.011290117203958937, 0.006286445136848774]</VALUES>
		<LCS_MIN>[0.12320878356695175, 0.09756007045507431, 0.06483422219753265, 0.058493297547101974, 0.012871849350631237, 0.006293424405157566]</LCS_MIN>
		<LCS_MAX>[0.13883548974990845, 0.12178385257720947, 0.0949477106332779, 0.11242681741714478, 0.059348247945308685, 0.03809308260679245]</LCS_MAX>
		<WAVELENGTH>[0.48, 0.56, 0.655, 0.865, 1.61, 2.2]</WAVELENGTH>
		<MEAN_VALUE>[0.13000832416459437, 0.11122931546594149, 0.07653147610095279, 0.07098055028030809, 0.02210245184705659, 0.011290117203958937]</MEAN_VALUE>
		<CHECKBOX>2</CHECKBOX>
		<SD>[0.0021538333489204034, 0.004241096601821849, 0.0040033383654202, 0.012010202762247063, 0.00968366493185272, 0.006286445136848774]</SD>
		<WAVELENGTH_UNIT>E-6m</WAVELENGTH_UNIT>
		<COLOR>#8a3197</COLOR>
		<COVARIANCE_MATRIX>[[4.6472086978610605e-06, 8.256044566223864e-06, 8.002316462807357e-06, 7.12520750312251e-06, 4.610633823176613e-06, 3.614450633904198e-06], [8.256044566223864e-06, 1.8018736227531917e-05, 1.5373876522062346e-05, 3.5683769965544343e-06, 2.1916018795309355e-06, 2.765571480267681e-06], [8.002316462807357e-06, 1.5373876522062346e-05, 1.6055084415711462e-05, 2.064894579234533e-05, 1.4957327948650345e-05, 1.0996070159308147e-05], [7.12520750312251e-06, 3.5683769965544343e-06, 2.064894579234533e-05, 0.00014450027083512396, 0.0001011920758173801, 6.32638912065886e-05], [4.610633823176613e-06, 2.1916018795309355e-06, 1.4957327948650345e-05, 0.0001011920758173801, 9.393933578394353e-05, 6.01121828367468e-05], [3.614450633904198e-06, 2.765571480267681e-06, 1.0996070159308147e-05, 6.32638912065886e-05, 6.01121828367468e-05, 3.958933666581288e-05]]</COVARIANCE_MATRIX>
		<ROI_SIZE>566</ROI_SIZE>
		<MAX_VALUE>[0.13883548974990845, 0.12178385257720947, 0.0949477106332779, 0.11242681741714478, 0.059348247945308685, 0.03809308260679245]</MAX_VALUE>
		<MIN_VALUE>[0.12320878356695175, 0.09756007045507431, 0.06483422219753265, 0.058493297547101974, 0.012871849350631237, 0.006293424405157566]</MIN_VALUE>
		<SIGNATURE_THRESHOLD_MD>0.0</SIGNATURE_THRESHOLD_MD>
		<SIGNATURE_THRESHOLD_ML>0.0</SIGNATURE_THRESHOLD_ML>
		<SIGNATURE_THRESHOLD_SAM>0.0</SIGNATURE_THRESHOLD_SAM>
	</signature>
	<signature ID="20210512_175009283913_818">
		<MACROCLASSID>1</MACROCLASSID>
		<MACROCLASSINFO>waterbody</MACROCLASSINFO>
		<CLASSID>15</CLASSID>
		<CLASSINFO>C 1</CLASSINFO>
		<VALUES>[0.14259874290992514, 0.0019448230604026233, 0.12329371936815049, 0.0025928385268602365, 0.10350733339049527, 0.0038285827759058154, 0.08552170814327326, 0.009121969315363432, 0.02531471372750435, 0.0074748184255080735, 0.012989452005100585, 0.004707982761578699]</VALUES>
		<LCS_MIN>[0.13790927827358246, 0.11525292694568634, 0.0931427925825119, 0.07587742805480957, 0.01557920966297388, 0.009190784767270088]</LCS_MIN>
		<LCS_MAX>[0.15477092564105988, 0.13570065796375275, 0.11924272775650024, 0.11888650804758072, 0.060155708342790604, 0.04215412214398384]</LCS_MAX>
		<WAVELENGTH>[0.48, 0.56, 0.655, 0.865, 1.61, 2.2]</WAVELENGTH>
		<MEAN_VALUE>[0.14259874290992514, 0.12329371936815049, 0.10350733339049527, 0.08552170814327326, 0.02531471372750435, 0.012989452005100585]</MEAN_VALUE>
		<CHECKBOX>2</CHECKBOX>
		<SD>[0.0019448230604026233, 0.0025928385268602365, 0.0038285827759058154, 0.009121969315363432, 0.0074748184255080735, 0.004707982761578699]</SD>
		<WAVELENGTH_UNIT>E-6m</WAVELENGTH_UNIT>
		<COLOR>#e1e954</COLOR>
		<COVARIANCE_MATRIX>[[3.788191634157556e-06, 4.550192898022942e-06, 6.361774467222858e-06, 7.660436494916212e-06, 5.005870207241969e-06, 3.2884897791518597e-06], [4.550192898022942e-06, 6.7332184698898345e-06, 9.477937055635266e-06, 8.823306416161358e-06, 5.4123047448229045e-06, 3.5033756375923986e-06], [6.361774467222858e-06, 9.477937055635266e-06, 1.4680736967420671e-05, 1.4455742530117277e-05, 9.774443242349662e-06, 6.448857675422914e-06], [7.660436494916212e-06, 8.823306416161358e-06, 1.4455742530117277e-05, 8.333913137903437e-05, 6.267371645662934e-05, 3.7922578485449776e-05], [5.005870207241969e-06, 5.4123047448229045e-06, 9.774443242349662e-06, 6.267371645662934e-05, 5.595940092462115e-05, 3.45238768204581e-05], [3.2884897791518597e-06, 3.5033756375923986e-06, 6.448857675422914e-06, 3.7922578485449776e-05, 3.45238768204581e-05, 2.219941234216094e-05]]</COVARIANCE_MATRIX>
		<ROI_SIZE>647</ROI_SIZE>
		<MAX_VALUE>[0.15477092564105988, 0.13570065796375275, 0.11924272775650024, 0.11888650804758072, 0.060155708342790604, 0.04215412214398384]</MAX_VALUE>
		<MIN_VALUE>[0.13790927827358246, 0.11525292694568634, 0.0931427925825119, 0.07587742805480957, 0.01557920966297388, 0.009190784767270088]</MIN_VALUE>
		<SIGNATURE_THRESHOLD_MD>0.0</SIGNATURE_THRESHOLD_MD>
		<SIGNATURE_THRESHOLD_ML>0.0</SIGNATURE_THRESHOLD_ML>
		<SIGNATURE_THRESHOLD_SAM>0.0</SIGNATURE_THRESHOLD_SAM>
	</signature>
	<signature ID="20210512_175013261075_549">
		<MACROCLASSID>1</MACROCLASSID>
		<MACROCLASSINFO>waterbody</MACROCLASSINFO>
		<CLASSID>16</CLASSID>
		<CLASSINFO>C 1</CLASSINFO>
