<?xml version="1.0" ?>
<signaturelist MCID_LIST="[['1', 'waterbody', '#000000'], ['2', 'vegetation', '#000000'], ['3', 'bareland', '#000000'], ['4', 'built-up', '#000000']]">
	<signature ID="20210512_174904009945_760">
		<MACROCLASSID>1</MACROCLASSID>
		<MACROCLASSINFO>waterbody</MACROCLASSINFO>
		<CLASSID>1</CLASSID>
		<CLASSINFO>C 1</CLASSINFO>
		<VALUES>[0.1334412630192515, 0.0009770283541664906, 0.10907450209282606, 0.0016602153514581562, 0.0727584174818823, 0.0019520023812214333, 0.03356235145034867, 0.0006795607674352489, 0.009560408707240921, 0.00030465841213970655, 0.005083892777294726, 0.00019132872812315275]</VALUES>
		<LCS_MIN>[0.1310221403837204, 0.10546842217445374, 0.06875277310609818, 0.03172839432954788, 0.008620808832347393, 0.00441726902499795]</LCS_MIN>
		<LCS_MAX>[0.13643687963485718, 0.11475421488285065, 0.07953473925590515, 0.035908181220293045, 0.011731907725334167, 0.006340924650430679]</LCS_MAX>
		<WAVELENGTH>[0.48, 0.56, 0.655, 0.865, 1.61, 2.2]</WAVELENGTH>
		<MEAN_VALUE>[0.1334412630192515, 0.10907450209282606, 0.0727584174818823, 0.03356235145034867, 0.009560408707240921, 0.005083892777294726]</MEAN_VALUE>
		<CHECKBOX>2</CHECKBOX>
		<SD>[0.0009770283541664906, 0.0016602153514581562, 0.0019520023812214333, 0.0006795607674352489, 0.00030465841213970655, 0.00019132872812315275]</SD>
		<WAVELENGTH_UNIT>E-6m</WAVELENGTH_UNIT>
		<COLOR>#773e4d</COLOR>
		<COVARIANCE_MATRIX>[[9.42648987942023e-07, 1.1450292262732134e-06, 1.3934517624479773e-06, 2.358000145884802e-07, 9.088554211542418e-08, 4.6549939105637853e-08], [1.1450292262732134e-06, 2.161975751160448e-06, 2.4433510397553075e-06, 2.544090080816511e-07, 7.673985188668329e-08, 4.6996300879909025e-08], [1.3934517624479773e-06, 2.4433510397553075e-06, 3.057504054802214e-06, 2.9177876919317155e-07, 7.006347076382536e-08, 4.4714743030518625e-08], [2.358000145884802e-07, 2.544090080816511e-07, 2.9177876919317155e-07, 4.2678064430936605e-07, 1.3921124244218425e-07, 6.42383546620494e-08], [9.088554211542418e-08, 7.673985188668329e-08, 7.006347076382536e-08, 1.3921124244218425e-07, 8.55730170424722e-08, 2.9499082808515254e-08], [4.6549939105637853e-08, 4.6996300879909025e-08, 4.4714743030518625e-08, 6.42383546620494e-08, 2.9499082808515254e-08, 3.333235063351551e-08]]</COVARIANCE_MATRIX>
		<ROI_SIZE>10183</ROI_SIZE>
		<MAX_VALUE>[0.13643687963485718, 0.11475421488285065, 0.07953473925590515, 0.035908181220293045, 0.011731907725334167, 0.006340924650430679]</MAX_VALUE>
		<MIN_VALUE>[0.1310221403837204, 0.10546842217445374, 0.06875277310609818, 0.03172839432954788, 0.008620808832347393, 0.00441726902499795]</MIN_VALUE>
		<SIGNATURE_THRESHOLD_MD>0</SIGNATURE_THRESHOLD_MD>
		<SIGNATURE_THRESHOLD_ML>0</SIGNATURE_THRESHOLD_ML>
		<SIGNATURE_THRESHOLD_SAM>0</SIGNATURE_THRESHOLD_SAM>
	</signature>
	<signature ID="20210512_174907351880_950">
		<MACROCLASSID>1</MACROCLASSID>
		<MACROCLASSINFO>waterbody</MACROCLASSINFO>
		<CLASSID>2</CLASSID>
		<CLASSINFO>C 1</CLASSINFO>
		<VALUES>[0.12567577684673162, 0.002113513899940279, 0.10828959615440104, 0.003248319662892425, 0.07775281801844386, 0.006609797607472245, 0.030103216776716502, 0.0014187296125315648, 0.008140104996092717, 0.0004422563444306024, 0.004500338351300211, 0.00029588031577374357]</VALUES>
		<LCS_MIN>[0.12109513580799103, 0.1007424145936966, 0.06618790328502655, 0.027691099792718887, 0.007243383675813675, 0.00377605645917356]</LCS_MIN>
		<LCS_MAX>[0.1350594311952591, 0.12233006954193115, 0.10734457522630692, 0.04569268599152565, 0.01686164364218712, 0.011541915126144886]</LCS_MAX>
		<WAVELENGTH>[0.48, 0.56, 0.655, 0.865, 1.61, 2.2]</WAVELENGTH>
		<MEAN_VALUE>[0.12567577684673162, 0.10828959615440104, 0.07775281801844386, 0.030103216776716502, 0.008140104996092717, 0.004500338351300211]</MEAN_VALUE>
		<CHECKBOX>2</CHECKBOX>
		<SD>[0.002113513899940279, 0.003248319662892425, 0.006609797607472245, 0.0014187296125315648, 0.0004422563444306024, 0.00029588031577374357]</SD>
		<WAVELENGTH_UNIT>E-6m</WAVELENGTH_UNIT>
		<COLOR>#078bcb</COLOR>
		<COVARIANCE_MATRIX>[[4.425682467173974e-06, 6.580251854320103e-06, 1.278194125533927e-05, 2.102349545535889e-06, 6.176792591477842e-08, 8.94465878559222e-09], [6.580251854320103e-06, 1.0500685357257904e-05, 2.0562204580716914e-05, 3.1417554876203484e-06, 8.578455964738604e-08, 1.738942956819467e-08], [1.278194125533927e-05, 2.0562204580716914e-05, 4.180195363111533e-05, 6.432612699341997e-06, 6.902449534667525e-08, -1.552166863142014e-08], [2.102349545535889e-06, 3.1417554876203484e-06, 6.432612699341997e-06, 1.768947007288137e-06, 2.1980432711296076e-07, 1.094741421352852e-07], [6.176792591477842e-08, 8.578455964738604e-08, 6.902449534667525e-08, 2.1980432711296076e-07, 1.8983613889401427e-07, 9.905516172894784e-08], [8.94465878559222e-09, 1.738942956819467e-08, -1.552166863142014e-08, 1.094741421352852e-07, 9.905516172894784e-08, 8.662102843544238e-08]]</COVARIANCE_MATRIX>
		<ROI_SIZE>10189</ROI_SIZE>
		<MAX_VALUE>[0.1350594311952591, 0.12233006954193115, 0.10734457522630692, 0.04569268599152565, 0.01686164364218712, 0.011541915126144886]</MAX_VALUE>
		<MIN_VALUE>[0.12109513580799103, 0.1007424145936966, 0.06618790328502655, 0.027691099792718887, 0.007243383675813675, 0.00377605645917356]</MIN_VALUE>
		<SIGNATURE_THRESHOLD_MD>0</SIGNATURE_THRESHOLD_MD>
		<SIGNATURE_THRESHOLD_ML>0</SIGNATURE_THRESHOLD_ML>
		<SIGNATURE_THRESHOLD_SAM>0</SIGNATURE_THRESHOLD_SAM>
	</signature>
	<signature ID="20210512_174911118492_831">
		<MACROCLASSID>1</MACROCLASSID>
		<MACROCLASSINFO>waterbody</MACROCLASSINFO>
		<CLASSID>3</CLASSID>
		<CLASSINFO>C 1</CLASSINFO>
		<VALUES>[0.11890731176473596, 0.0042005382696433, 0.09941504420973257, 0.006178170464221974, 0.06892387017772009, 0.0077893759942187285, 0.030073947707496006, 0.0035541762505661404, 0.008559438283930394, 0.00397165202429187, 0.004940015964954153, 0.0027409712262393506]</VALUES>
		<LCS_MIN>[0.11074066907167435, 0.08796556293964386, 0.05780458822846413, 0.026859886944293976, 0.006744653917849064, 0.003609810257330537]</LCS_MIN>
		<LCS_MAX>[0.12990595400333405, 0.11461172252893448, 0.10287980735301971, 0.06713785231113434, 0.04664263874292374, 0.037713099271059036]</LCS_MAX>
		<WAVELENGTH>[0.48, 0.56, 0.655, 0.865, 1.61, 2.2]</WAVELENGTH>
		<MEAN_VALUE>[0.11890731176473596, 0.09941504420973257, 0.06892387017772009, 0.030073947707496006, 0.008559438283930394, 0.004940015964954153]</MEAN_VALUE>
		<CHECKBOX>2</CHECKBOX>
		<SD>[0.0042005382696433, 0.006178170464221974, 0.0077893759942187285, 0.0035541762505661404, 0.00397165202429187, 0.0027409712262393506]</SD>
		<WAVELENGTH_UNIT>E-6m</WAVELENGTH_UNIT>
		<COLOR>#488b8c</COLOR>
		<COVARIANCE_MATRIX>[[2.0019595529122197e-05, 2.8956062466162443e-05, 3.607070622212653e-05, 4.959136361467619e-06, -1.032416666421203e-06, -8.435210482269417e-07], [2.8956062466162443e-05, 4.3852226655282406e-05, 5.546437215506065e-05, 6.434410047711318e-06, -2.6485086755038173e-06, -1.971185472457121e-06], [3.607070622212653e-05, 5.546437215506065e-05, 7.302397021725153e-05, 9.97554611299602e-06, -1.8927221040276463e-06, -1.55233335981289e-06], [4.959136361467619e-06, 6.434410047711318e-06, 9.97554611299602e-06, 9.10134703636446e-06, 7.525565762445371e-06, 5.065594127936173e-06], [-1.032416666421203e-06, -2.6485086755038173e-06, -1.8927221040276463e-06, 7.525565762445371e-06, 9.75269895254592e-06, 6.51342648364858e-06], [-8.435210482269417e-07, -1.971185472457121e-06, -1.55233335981289e-06, 5.065594127936173e-06, 6.51342648364858e-06, 4.587449698450833e-06]]</COVARIANCE_MATRIX>
		<ROI_SIZE>10012</ROI_SIZE>
		<MAX_VALUE>[0.12990595400333405, 0.11461172252893448, 0.10287980735301971, 0.06713785231113434, 0.04664263874292374, 0.037713099271059036]</MAX_VALUE>
		<MIN_VALUE>[0.11074066907167435, 0.08796556293964386, 0.05780458822846413, 0.026859886944293976, 0.006744653917849064, 0.003609810257330537]</MIN_VALUE>
		<SIGNATURE_THRESHOLD_MD>0</SIGNATURE_THRESHOLD_MD>
		<SIGNATURE_THRESHOLD_ML>0</SIGNATURE_THRESHOLD_ML>
		<SIGNATURE_THRESHOLD_SAM>0</SIGNATURE_THRESHOLD_SAM>
	</signature>
	<signature ID="20210512_174915170429_368">
		<MACROCLASSID>1</MACROCLASSID>
		<MACROCLASSINFO>waterbody</MACROCLASSINFO>
		<CLASSID>4</CLASSID>
		<CLASSINFO>C 1</CLASSINFO>
		<VALUES>[0.12275589541681711, 0.0020487955935376057, 0.09896943513975064, 0.003026729543503294, 0.06633670163679091, 0.004025708059003115, 0.033645197602230045, 0.005230920048601188, 0.011514013607287104, 0.005064887413438599, 0.00692485818256711, 0.003646236983715659]</VALUES>
		<LCS_MIN>[0.10933947563171387, 0.07597240805625916, 0.05067992955446243, 0.028997279703617096, 0.006032195407897234, 0.003871047869324684]</LCS_MIN>
		<LCS_MAX>[0.13750554621219635, 0.12415874004364014, 0.10442348569631577, 0.07165013253688812, 0.049468744546175, 0.0445764996111393]</LCS_MAX>
		<WAVELENGTH>[0.48, 0.56, 0.655, 0.865, 1.61, 2.2]</WAVELENGTH>
		<MEAN_VALUE>[0.12275589541681711, 0.09896943513975064, 0.06633670163679091, 0.033645197602230045, 0.011514013607287104, 0.00692485818256711]</MEAN_VALUE>
		<CHECKBOX>2</CHECKBOX>
		<SD>[0.0020487955935376057, 0.003026729543503294, 0.004025708059003115, 0.005230920048601188, 0.005064887413438599, 0.003646236983715659]</SD>
		<WAVELENGTH_UNIT>E-6m</WAVELENGTH_UNIT>
		<COLOR>#69d6dd</COLOR>
		<COVARIANCE_MATRIX>[[3.344436419199984e-06, 4.560959877144039e-06, 5.00971899686636e-06, 2.321040196833944e-06, 2.0412778863086367e-06, 1.634992503094834e-06], [4.560959877144039e-06, 7.160846322890955e-06, 8.396502114507503e-06, 3.950265083494944e-06, 3.228836043755799e-06, 2.6842686741923463e-06], [5.00971899686636e-06, 8.396502114507503e-06, 1.3194453327491872e-05, 1.0045327624992778e-05, 8.660557889944941e-06, 6.1399127568018755e-06], [2.321040196833944e-06, 3.950265083494944e-06, 1.0045327624992778e-05, 2.2100199753088994e-05, 2.0414792392454615e-05, 1.3926952461960564e-05], [2.0412778863086367e-06, 3.228836043755799e-06, 8.660557889944941e-06, 2.0414792392454615e-05, 2.383153497497943e-05, 1.6411292426375957e-05], [1.634992503094834e-06, 2.6842686741923463e-06, 6.1399127568018755e-06, 1.3926952461960564e-05, 1.6411292426375957e-05, 1.2202876042386471e-05]]</COVARIANCE_MATRIX>
		<ROI_SIZE>7505</ROI_SIZE>
		<MAX_VALUE>[0.13750554621219635, 0.12415874004364014, 0.10442348569631577, 0.07165013253688812, 0.049468744546175, 0.0445764996111393]</MAX_VALUE>
		<MIN_VALUE>[0.10933947563171387, 0.07597240805625916, 0.05067992955446243, 0.028997279703617096, 0.006032195407897234, 0.003871047869324684]</MIN_VALUE>
		<SIGNATURE_THRESHOLD_MD>0</SIGNATURE_THRESHOLD_MD>
		<SIGNATURE_THRESHOLD_ML>0</SIGNATURE_THRESHOLD_ML>
		<SIGNATURE_THRESHOLD_SAM>0</SIGNATURE_THRESHOLD_SAM>
	</signature>
	<signature ID="20210512_174918905620_300">
		<MACROCLASSID>1</MACROCLASSID>
		<MACROCLASSINFO>waterbody</MACROCLASSINFO>
		<CLASSID>5</CLASSID>
		<CLASSINFO>C 1</CLASSINFO>
		<VALUES>[0.11921214938613763, 0.0018526242407097982, 0.09469208875358484, 0.002752546784330927, 0.06196811178811634, 0.003179871289441279, 0.034332052831719355, 0.0028724245623624107, 0.013457688416398121, 0.0026933490399773242, 0.00884979121893295, 0.002131374283241133]</VALUES>
		<LCS_MIN>[0.11546666920185089, 0.08946173638105392, 0.05618966743350029, 0.030113477259874344, 0.010354473255574703, 0.006412170361727476]</LCS_MIN>
		<LCS_MAX>[0.13665060698986053, 0.11971770972013474, 0.09577891230583191, 0.06891902536153793, 0.05041871219873428, 0.04315156489610672]</LCS_MAX>
		<WAVELENGTH>[0.48, 0.56, 0.655, 0.865, 1.61, 2.2]</WAVELENGTH>
		<MEAN_VALUE>[0.11921214938613763, 0.09469208875358484, 0.06196811178811634, 0.034332052831719355, 0.013457688416398121, 0.00884979121893295]</MEAN_VALUE>
		<CHECKBOX>2</CHECKBOX>
		<SD>[0.0018526242407097982, 0.002752546784330927, 0.003179871289441279, 0.0028724245623624107, 0.0026933490399773242, 0.002131374283241133]</SD>
		<WAVELENGTH_UNIT>E-6m</WAVELENGTH_UNIT>
		<COLOR>#2820d9</COLOR>
		<COVARIANCE_MATRIX>[[3.8465126832431415e-06, 5.281423110897612e-06, 4.63438702937589e-06, 1.3604364079530836e-06, 7.799119973662066e-07, 5.961972476169346e-07], [5.281423110897612e-06, 7.915723026745346e-06, 7.42286007770368e-06, 2.244183578901344e-06, 1.7056936641196302e-06, 1.360228935471115e-06], [4.63438702937589e-06, 7.42286007770368e-06, 8.450275446601602e-06, 4.060895233498903e-06, 3.2728057233212795e-06, 2.5518381400643492e-06], [1.3604364079530836e-06, 2.244183578901344e-06, 4.060895233498903e-06, 6.304588051062284e-06, 5.296294346484174e-06, 4.059709456557886e-06], [7.799119973662066e-07, 1.7056936641196302e-06, 3.2728057233212795e-06, 5.296294346484174e-06, 5.81511413155798e-06, 4.504504731055236e-06], [5.961972476169346e-07, 1.360228935471115e-06, 2.5518381400643492e-06, 4.059709456557886e-06, 4.504504731055236e-06, 3.5983744824278216e-06]]</COVARIANCE_MATRIX>
		<ROI_SIZE>9924</ROI_SIZE>
		<MAX_VALUE>[0.13665060698986053, 0.11971770972013474, 0.09577891230583191, 0.06891902536153793, 0.05041871219873428, 0.04315156489610672]</MAX_VALUE>
		<MIN_VALUE>[0.11546666920185089, 0.08946173638105392, 0.05618966743350029, 0.030113477259874344, 0.010354473255574703, 0.006412170361727476]</MIN_VALUE>
		<SIGNATURE_THRESHOLD_MD>0</SIGNATURE_THRESHOLD_MD>
		<SIGNATURE_THRESHOLD_ML>0</SIGNATURE_THRESHOLD_ML>
		<SIGNATURE_THRESHOLD_SAM>0</SIGNATURE_THRESHOLD_SAM>
	</signature>
	<signature ID="20210512_174923555128_379">
		<MACROCLASSID>1</MACROCLASSID>
		<MACROCLASSINFO>waterbody</MACROCLASSINFO>
		<CLASSID>6</CLASSID>
		<CLASSINFO>C 1</CLASSINFO>
		<VALUES>[0.11220989117732763, 0.0014845537308041214, 0.08676754638145794, 0.0020082700512909476, 0.059393969023556835, 0.0024272696029241573, 0.0375797778303868, 0.004558539323488561, 0.017162104369795997, 0.0038047216816173963, 0.012147103520412447, 0.0031961431999228784]</VALUES>
		<LCS_MIN>[0.1091732382774353, 0.0815533846616745, 0.05395727604627609, 0.030897190794348717, 0.011066940613090992, 0.006792154163122177]</LCS_MIN>
		<LCS_MAX>[0.12375500798225403, 0.10176362097263336, 0.0824320837855339, 0.07725485414266586, 0.05759083852171898, 0.05276983231306076]</LCS_MAX>
		<WAVELENGTH>[0.48, 0.56, 0.655, 0.865, 1.61, 2.2]</WAVELENGTH>
		<MEAN_VALUE>[0.11220989117732763, 0.08676754638145794, 0.059393969023556835, 0.0375797778303868, 0.017162104369795997, 0.012147103520412447]</MEAN_VALUE>
		<CHECKBOX>2</CHECKBOX>
		<SD>[0.0014845537308041214, 0.0020082700512909476, 0.0024272696029241573, 0.004558539323488561, 0.0038047216816173963, 0.0031961431999228784]</SD>
		<WAVELENGTH_UNIT>E-6m</WAVELENGTH_UNIT>
		<COLOR>#0e0ec5</COLOR>
		<COVARIANCE_MATRIX>[[2.5401368197701222e-06, 2.9609766343645294e-06, 3.699950618809056e-06, 4.2057661769213505e-06, 4.4508619300103344e-06, 3.74894679493526e-06], [2.9609766343645294e-06, 4.521205575413535e-06, 4.964251963830761e-06, 4.080497086915418e-06, 4.4658365489625256e-06, 3.7870219734172996e-06], [3.699950618809056e-06, 4.964251963830761e-06, 6.7806026565988085e-06, 7.599935163656148e-06, 7.4699456718319765e-06, 6.1767800382660925e-06], [4.2057661769213505e-06, 4.080497086915418e-06, 7.599935163656148e-06, 2.0854104460353142e-05, 1.564813582926945e-05, 1.1455536245540219e-05], [4.4508619300103344e-06, 4.4658365489625256e-06, 7.4699456718319765e-06, 1.564813582926945e-05, 1.5478056191264966e-05, 1.238009433054509e-05], [3.74894679493526e-06, 3.7870219734172996e-06, 6.1767800382660925e-06, 1.1455536245540219e-05, 1.238009433054509e-05, 1.0538027474503138e-05]]</COVARIANCE_MATRIX>
		<ROI_SIZE>8618</ROI_SIZE>
		<MAX_VALUE>[0.12375500798225403, 0.10176362097263336, 0.0824320837855339, 0.07725485414266586, 0.05759083852171898, 0.05276983231306076]</MAX_VALUE>
		<MIN_VALUE>[0.1091732382774353, 0.0815533846616745, 0.05395727604627609, 0.030897190794348717, 0.011066940613090992, 0.006792154163122177]</MIN_VALUE>
		<SIGNATURE_THRESHOLD_MD>0</SIGNATURE_THRESHOLD_MD>
		<SIGNATURE_THRESHOLD_ML>0</SIGNATURE_THRESHOLD_ML>
		<SIGNATURE_THRESHOLD_SAM>0</SIGNATURE_THRESHOLD_SAM>
	</signature>
	<signature ID="20210512_174927689743_857">
		<MACROCLASSID>1</MACROCLASSID>
		<MACROCLASSINFO>waterbody</MACROCLASSINFO>
		<CLASSID>7</CLASSID>
		<CLASSINFO>C 1</CLASSINFO>
		<VALUES>[0.11790398785847209, 0.0013214162828935807, 0.09152544536253512, 0.0023026451803761254, 0.054384517526298144, 0.0020096365901271923, 0.027627554412406732, 0.0007241894515068245, 0.009678571083879492, 0.0007392886540155841, 0.006093862002236191, 0.0007781080481114356]</VALUES>
		<LCS_MIN>[0.1145642101764679, 0.0855669304728508, 0.05027620121836662, 0.02550620771944523, 0.007029637228697538, 0.003989793825894594]</LCS_MIN>
		<LCS_MAX>[0.12095264345407486, 0.09577891230583191, 0.06690037995576859, 0.04683263599872589, 0.041061680763959885, 0.04595392569899559]</LCS_MAX>
		<WAVELENGTH>[0.48, 0.56, 0.655, 0.865, 1.61, 2.2]</WAVELENGTH>
		<MEAN_VALUE>[0.11790398785847209, 0.09152544536253512, 0.054384517526298144, 0.027627554412406732, 0.009678571083879492, 0.006093862002236191]</MEAN_VALUE>
		<CHECKBOX>2</CHECKBOX>
		<SD>[0.0013214162828935807, 0.0023026451803761254, 0.0020096365901271923, 0.0007241894515068245, 0.0007392886540155841, 0.0007781080481114356]</SD>
		<WAVELENGTH_UNIT>E-6m</WAVELENGTH_UNIT>
		<COLOR>#e92da9</COLOR>
		<COVARIANCE_MATRIX>[[1.6906590209262354e-06, 2.6275642625910365e-06, 2.1494499216722734e-06, 4.85171517480608e-07, 3.001430858237121e-07, 2.227201728713863e-07], [2.6275642625910365e-06, 4.66663481807343e-06, 3.859349317452198e-06, 6.723720668847486e-07, 5.152156170702941e-07, 4.1553155361003327e-07], [2.1494499216722734e-06, 3.859349317452198e-06, 3.511047053487575e-06, 7.348301027109633e-07, 5.314078985023575e-07, 4.401801324011932e-07], [4.85171517480608e-07, 6.723720668847486e-07, 7.348301027109633e-07, 5.576918657637147e-07, 3.2876844175415823e-07, 2.710256857194644e-07], [3.001430858237121e-07, 5.152156170702941e-07, 5.314078985023575e-07, 3.2876844175415823e-07, 3.976145389373079e-07, 3.637384095689819e-07], [2.227201728713863e-07, 4.1553155361003327e-07, 4.401801324011932e-07, 2.710256857194644e-07, 3.637384095689819e-07, 4.0647419387824884e-07]]</COVARIANCE_MATRIX>
		<ROI_SIZE>10181</ROI_SIZE>
		<MAX_VALUE>[0.12095264345407486, 0.09577891230583191, 0.06690037995576859, 0.04683263599872589, 0.041061680763959885, 0.04595392569899559]</MAX_VALUE>
		<MIN_VALUE>[0.1145642101764679, 0.0855669304728508, 0.05027620121836662, 0.02550620771944523, 0.007029637228697538, 0.003989793825894594]</MIN_VALUE>
		<SIGNATURE_THRESHOLD_MD>0</SIGNATURE_THRESHOLD_MD>
		<SIGNATURE_THRESHOLD_ML>0</SIGNATURE_THRESHOLD_ML>
		<SIGNATURE_THRESHOLD_SAM>0</SIGNATURE_THRESHOLD_SAM>
	</signature>
	<signature ID="20210512_174933328969_249">
		<MACROCLASSID>1</MACROCLASSID>
		<MACROCLASSINFO>waterbody</MACROCLASSINFO>
		<CLASSID>8</CLASSID>
		<CLASSINFO>C 1</CLASSINFO>
		<VALUES>[0.11518566858379921, 0.00048643432042279485, 0.07643765154918629, 0.000644684238007731, 0.04896851301734203, 0.0004719748692403974, 0.028628141859011476, 0.00043528443756654715, 0.008273705632484212, 0.00019729445020102483, 0.004428664790066855, 0.00014457453541570517]</VALUES>
		<LCS_MIN>[0.11349551379680634, 0.07416751235723495, 0.04783007875084877, 0.027263617143034935, 0.007575867231935263, 0.003918548114597797]</LCS_MIN>
		<LCS_MAX>[0.11686784029006958, 0.0779910534620285, 0.05103616788983345, 0.030255969613790512, 0.008953292854130268, 0.005034744739532471]</LCS_MAX>
		<WAVELENGTH>[0.48, 0.56, 0.655, 0.865, 1.61, 2.2]</WAVELENGTH>
		<MEAN_VALUE>[0.11518566858379921, 0.07643765154918629, 0.04896851301734203, 0.028628141859011476, 0.008273705632484212, 0.004428664790066855]</MEAN_VALUE>
		<CHECKBOX>2</CHECKBOX>
		<SD>[0.00048643432042279485, 0.000644684238007731, 0.0004719748692403974, 0.00043528443756654715, 0.00019729445020102483, 0.00014457453541570517]</SD>
		<WAVELENGTH_UNIT>E-6m</WAVELENGTH_UNIT>
		<COLOR>#af5e3b</COLOR>
		<COVARIANCE_MATRIX>[[2.1624158727161278e-07, 2.3850147339035357e-07, 9.938259554627614e-08, 1.403575588263158e-07, 5.091812836402338e-08, 2.388737292744794e-08], [2.3850147339035357e-07, 3.7708267596084903e-07, 1.211378662121205e-07, 1.7566436690298562e-07, 6.000968451078757e-08, 2.736217508940957e-08], [9.938259554627614e-08, 1.211378662121205e-07, 1.8215594585744205e-07, 5.996063682564478e-08, 2.4873977655351778e-08, 1.2208266960583902e-08], [1.403575588263158e-07, 1.7566436690298562e-07, 5.996063682564478e-08, 1.748465052712029e-07, 4.550326829526216e-08, 1.9636948324957423e-08], [5.091812836402338e-08, 6.000968451078757e-08, 2.4873977655351778e-08, 4.550326829526216e-08, 3.792603236189813e-08, 8.061976033843116e-09], [2.388737292744794e-08, 2.736217508940957e-08, 1.2208266960583902e-08, 1.9636948324957423e-08, 8.061976033843116e-09, 2.124544975279308e-08]]</COVARIANCE_MATRIX>
		<ROI_SIZE>10200</ROI_SIZE>
		<MAX_VALUE>[0.11686784029006958, 0.0779910534620285, 0.05103616788983345, 0.030255969613790512, 0.008953292854130268, 0.005034744739532471]</MAX_VALUE>
		<MIN_VALUE>[0.11349551379680634, 0.07416751235723495, 0.04783007875084877, 0.027263617143034935, 0.007575867231935263, 0.003918548114597797]</MIN_VALUE>
		<SIGNATURE_THRESHOLD_MD>0</SIGNATURE_THRESHOLD_MD>
		<SIGNATURE_THRESHOLD_ML>0</SIGNATURE_THRESHOLD_ML>
		<SIGNATURE_THRESHOLD_SAM>0</SIGNATURE_THRESHOLD_SAM>
	</signature>
	<signature ID="20210512_174939597810_666">
		<MACROCLASSID>1</MACROCLASSID>
		<MACROCLASSINFO>waterbody</MACROCLASSINFO>
		<CLASSID>9</CLASSID>
		<CLASSINFO>C 1</CLASSINFO>
		<VALUES>[0.12934954455337488, 0.003133215763929818, 0.0970378564787482, 0.0048571944417551294, 0.0619386197452008, 0.003874864015468769, 0.03499658321931016, 0.0024585654909134976, 0.010475717428549112, 0.0007798250931560196, 0.005269301966717958, 0.0003964813347956709]</VALUES>
		<LCS_MIN>[0.12271005660295486, 0.08768057823181152, 0.05521595478057861, 0.03087344393134117, 0.009024539031088352, 0.004488514736294746]</LCS_MIN>
		<LCS_MAX>[0.14327652752399445, 0.11990769952535629, 0.08328704535961151, 0.04982497915625572, 0.014985487796366215, 0.007409621030092239]</LCS_MAX>
		<WAVELENGTH>[0.48, 0.56, 0.655, 0.865, 1.61, 2.2]</WAVELENGTH>
		<MEAN_VALUE>[0.12934954455337488, 0.0970378564787482, 0.0619386197452008, 0.03499658321931016, 0.010475717428549112, 0.005269301966717958]</MEAN_VALUE>
		<CHECKBOX>2</CHECKBOX>
		<SD>[0.003133215763929818, 0.0048571944417551294, 0.003874864015468769, 0.0024585654909134976, 0.0007798250931560196, 0.0003964813347956709]</SD>
		<WAVELENGTH_UNIT>E-6m</WAVELENGTH_UNIT>
		<COLOR>#2e4a73</COLOR>
		<COVARIANCE_MATRIX>[[7.61391987380465e-06, 1.1750623849731728e-05, 9.196932399285408e-06, 5.665180715962622e-06, 1.6861068642423158e-06, 7.522822732100148e-07], [1.1750623849731728e-05, 1.845231203918348e-05, 1.435303737511007e-05, 8.85614779362069e-06, 2.6119571891643136e-06, 1.1627081700194977e-06], [9.196932399285408e-06, 1.435303737511007e-05, 1.150883506185076e-05, 7.125951946930198e-06, 2.132816620814901e-06, 9.625193739152496e-07], [5.665180715962622e-06, 8.85614779362069e-06, 7.125951946930198e-06, 4.6179174517236255e-06, 1.3719755947186894e-06, 6.18718611215094e-07], [1.6861068642423158e-06, 2.6119571891643136e-06, 2.132816620814901e-06, 1.3719755947186894e-06, 4.542060740616434e-07, 2.0459074362240564e-07], [7.522822732100148e-07, 1.1627081700194977e-06, 9.625193739152496e-07, 6.18718611215094e-07, 2.0459074362240564e-07, 1.1787254683467412e-07]]</COVARIANCE_MATRIX>
		<ROI_SIZE>10199</ROI_SIZE>
		<MAX_VALUE>[0.14327652752399445, 0.11990769952535629, 0.08328704535961151, 0.04982497915625572, 0.014985487796366215, 0.007409621030092239]</MAX_VALUE>
		<MIN_VALUE>[0.12271005660295486, 0.08768057823181152, 0.05521595478057861, 0.03087344393134117, 0.009024539031088352, 0.004488514736294746]</MIN_VALUE>
		<SIGNATURE_THRESHOLD_MD>0</SIGNATURE_THRESHOLD_MD>
		<SIGNATURE_THRESHOLD_ML>0</SIGNATURE_THRESHOLD_ML>
		<SIGNATURE_THRESHOLD_SAM>0</SIGNATURE_THRESHOLD_SAM>
	</signature>
	<signature ID="20210512_174944597602_204">
		<MACROCLASSID>1</MACROCLASSID>
		<MACROCLASSINFO>waterbody</MACROCLASSINFO>
		<CLASSID>10</CLASSID>
		<CLASSINFO>C 1</CLASSINFO>
		<VALUES>[0.16059353331651965, 0.0009087418740840916, 0.17035514011118655, 0.0019398730830426233, 0.17868579459725784, 0.002887477856781038, 0.09000303691183076, 0.006651059792283716, 0.021211507070321305, 0.0056765327736838156, 0.011499661715798557, 0.0035664614006663733]</VALUES>
		<LCS_MIN>[0.15491344034671783, 0.15752580761909485, 0.1613968461751938, 0.08312080800533295, 0.017099136486649513, 0.008763301186263561]</LCS_MIN>
		<LCS_MAX>[0.16320176422595978, 0.17341375350952148, 0.18277078866958618, 0.12736482918262482, 0.059751980006694794, 0.04305658116936684]</LCS_MAX>
		<WAVELENGTH>[0.48, 0.56, 0.655, 0.865, 1.61, 2.2]</WAVELENGTH>
		<MEAN_VALUE>[0.16059353331651965, 0.17035514011118655, 0.17868579459725784, 0.09000303691183076, 0.021211507070321305, 0.011499661715798557]</MEAN_VALUE>
		<CHECKBOX>2</CHECKBOX>
		<SD>[0.0009087418740840916, 0.0019398730830426233, 0.002887477856781038, 0.006651059792283716, 0.0056765327736838156, 0.0035664614006663733]</SD>
		<WAVELENGTH_UNIT>E-6m</WAVELENGTH_UNIT>
		<COLOR>#6a8ac8</COLOR>
		<COVARIANCE_MATRIX>[[8.265694192126607e-07, 1.138211980547134e-06, 1.7206248464651393e-06, -3.6840669308612416e-06, -2.734359355086501e-06, -1.5074869797036437e-06], [1.138211980547134e-06, 3.7665599705867837e-06, 5.339885564521433e-06, -9.821094446547415e-06, -8.233963412341487e-06, -4.765830201692056e-06], [1.7206248464651393e-06, 5.339885564521433e-06, 8.345177482000278e-06, -1.6681696673315172e-05, -1.3763610391432921e-05, -8.076595900374469e-06], [-3.6840669308612416e-06, -9.821094446547415e-06, -1.6681696673315172e-05, 4.427718039389143e-05, 3.5029810935460824e-05, 2.106666068490021e-05], [-2.734359355086501e-06, -8.233963412341487e-06, -1.3763610391432921e-05, 3.5029810935460824e-05, 3.225258673834928e-05, 1.9690950951202734e-05], [-1.5074869797036437e-06, -4.765830201692056e-06, -8.076595900374469e-06, 2.106666068490021e-05, 1.9690950951202734e-05, 1.2731316323289443e-05]]</COVARIANCE_MATRIX>
		<ROI_SIZE>1091</ROI_SIZE>
		<MAX_VALUE>[0.16320176422595978, 0.17341375350952148, 0.18277078866958618, 0.12736482918262482, 0.059751980006694794, 0.04305658116936684]</MAX_VALUE>
		<MIN_VALUE>[0.15491344034671783, 0.15752580761909485, 0.1613968461751938, 0.08312080800533295, 0.017099136486649513, 0.008763301186263561]</MIN_VALUE>
		<SIGNATURE_THRESHOLD_MD>0</SIGNATURE_THRESHOLD_MD>
		<SIGNATURE_THRESHOLD_ML>0</SIGNATURE_THRESHOLD_ML>
		<SIGNATURE_THRESHOLD_SAM>0</SIGNATURE_THRESHOLD_SAM>
	</signature>
	<signature ID="20210512_174948579951_350">
		<MACROCLASSID>1</MACROCLASSID>
		<MACROCLASSINFO>waterbody</MACROCLASSINFO>
		<CLASSID>11</CLASSID>
		<CLASSINFO>C 1</CLASSINFO>
		<VALUES>[0.1584882822327729, 0.0016408518168201252, 0.16869177794831935, 0.003211559236137837, 0.17433894392777627, 0.003905582300570509, 0.08217803219875956, 0.006654969281108634, 0.021244907152553023, 0.006150576564963361, 0.01123603987617519, 0.0040174409728269255]</VALUES>
		<LCS_MIN>[0.15054365992546082, 0.1493324637413025, 0.14907121658325195, 0.07336004823446274, 0.014178029261529446, 0.008264579810202122]</LCS_MIN>
		<LCS_MAX>[0.16348674893379211, 0.1737462282180786, 0.18037214875221252, 0.1189814880490303, 0.058208316564559937, 0.038853030651807785]</LCS_MAX>
		<WAVELENGTH>[0.48, 0.56, 0.655, 0.865, 1.61, 2.2]</WAVELENGTH>
		<MEAN_VALUE>[0.1584882822327729, 0.16869177794831935, 0.17433894392777627, 0.08217803219875956, 0.021244907152553023, 0.01123603987617519]</MEAN_VALUE>
		<CHECKBOX>2</CHECKBOX>
		<SD>[0.0016408518168201252, 0.003211559236137837, 0.003905582300570509, 0.006654969281108634, 0.006150576564963361, 0.0040174409728269255]</SD>
		<WAVELENGTH_UNIT>E-6m</WAVELENGTH_UNIT>
		<COLOR>#95220c</COLOR>
		<COVARIANCE_MATRIX>[[2.694516351180192e-06, 4.290213155142762e-06, 4.664590263926718e-06, -7.118116379111751e-07, -2.283848465226551e-06, -1.7381019777257696e-06], [4.290213155142762e-06, 1.0322240475628206e-05, 1.2090371510027443e-05, -1.0224462785618506e-05, -8.959276223200287e-06, -5.785810633356711e-06], [4.664590263926718e-06, 1.2090371510027443e-05, 1.526559325870181e-05, -1.448414648813587e-05, -1.304152762058968e-05, -8.225848635464017e-06], [-7.118116379111751e-07, -1.0224462785618506e-05, -1.448414648813587e-05, 4.432351653922373e-05, 3.2758464810954944e-05, 1.9314930428827644e-05], [-2.283848465226551e-06, -8.959276223200287e-06, -1.304152762058968e-05, 3.2758464810954944e-05, 3.785940263473216e-05, 2.4272855780769403e-05], [-1.7381019777257696e-06, -5.785810633356711e-06, -8.225848635464017e-06, 1.9314930428827644e-05, 2.4272855780769403e-05, 1.615255051386024e-05]]</COVARIANCE_MATRIX>
		<ROI_SIZE>1270</ROI_SIZE>
		<MAX_VALUE>[0.16348674893379211, 0.1737462282180786, 0.18037214875221252, 0.1189814880490303, 0.058208316564559937, 0.038853030651807785]</MAX_VALUE>
		<MIN_VALUE>[0.15054365992546082, 0.1493324637413025, 0.14907121658325195, 0.07336004823446274, 0.014178029261529446, 0.008264579810202122]</MIN_VALUE>
		<SIGNATURE_THRESHOLD_MD>0</SIGNATURE_THRESHOLD_MD>
		<SIGNATURE_THRESHOLD_ML>0</SIGNATURE_THRESHOLD_ML>
		<SIGNATURE_THRESHOLD_SAM>0</SIGNATURE_THRESHOLD_SAM>
	</signature>
	<signature ID="20210512_174952801895_235">
		<MACROCLASSID>1</MACROCLASSID>
		<MACROCLASSINFO>waterbody</MACROCLASSINFO>
		<CLASSID>12</CLASSID>
		<CLASSINFO>C 1</CLASSINFO>
		<VALUES>[0.1523626300004813, 0.0011109802491388156, 0.15537415995047632, 0.0024376115142230926, 0.15115354118438873, 0.00284991821959814, 0.08797624672834685, 0.008818712235475784, 0.027928404108836118, 0.008534829017880923, 0.015545778807539204, 0.005402260939863846]</VALUES>
		<LCS_MIN>[0.14767004549503326, 0.14667260646820068, 0.13881173729896545, 0.06692412495613098, 0.008335825987160206, 0.005010990425944328]</LCS_MIN>
		<LCS_MAX>[0.15517467260360718, 0.1586657464504242, 0.15709832310676575, 0.11971770972013474, 0.055073462426662445, 0.035718198865652084]</LCS_MAX>
		<WAVELENGTH>[0.48, 0.56, 0.655, 0.865, 1.61, 2.2]</WAVELENGTH>
		<MEAN_VALUE>[0.1523626300004813, 0.15537415995047632, 0.15115354118438873, 0.08797624672834685, 0.027928404108836118, 0.015545778807539204]</MEAN_VALUE>
		<CHECKBOX>2</CHECKBOX>
		<SD>[0.0011109802491388156, 0.0024376115142230926, 0.00284991821959814, 0.008818712235475784, 0.008534829017880923, 0.005402260939863846]</SD>
		<WAVELENGTH_UNIT>E-6m</WAVELENGTH_UNIT>
		<COLOR>#2350e7</COLOR>
		<COVARIANCE_MATRIX>[[1.2390426626791539e-06, 1.7089834667609516e-06, 2.1057865026656453e-06, -4.436913729260327e-06, -3.3369268803140627e-06, -1.3509097362253838e-06], [1.7089834667609516e-06, 5.964891785756701e-06, 6.1218082125350725e-06, -1.530539173197742e-05, -1.4336491486078687e-05, -7.784676287898663e-06], [2.1057865026656453e-06, 6.1218082125350725e-06, 8.153393062483923e-06, -1.954377706133347e-05, -1.5783990311034387e-05, -7.71393719168836e-06], [-4.436913729260327e-06, -1.530539173197742e-05, -1.954377706133347e-05, 7.806995454808437e-05, 6.589660145518842e-05, 3.829628162647114e-05], [-3.3369268803140627e-06, -1.4336491486078687e-05, -1.5783990311034387e-05, 6.589660145518842e-05, 7.312455465158378e-05, 4.379663720499504e-05], [-1.3509097362253838e-06, -7.784676287898663e-06, -7.71393719168836e-06, 3.829628162647114e-05, 4.379663720499504e-05, 2.9297104433275823e-05]]</COVARIANCE_MATRIX>
		<ROI_SIZE>260</ROI_SIZE>
		<MAX_VALUE>[0.15517467260360718, 0.1586657464504242, 0.15709832310676575, 0.11971770972013474, 0.055073462426662445, 0.035718198865652084]</MAX_VALUE>
		<MIN_VALUE>[0.14767004549503326, 0.14667260646820068, 0.13881173729896545, 0.06692412495613098, 0.008335825987160206, 0.005010990425944328]</MIN_VALUE>
		<SIGNATURE_THRESHOLD_MD>0</SIGNATURE_THRESHOLD_MD>
		<SIGNATURE_THRESHOLD_ML>0</SIGNATURE_THRESHOLD_ML>
		<SIGNATURE_THRESHOLD_SAM>0</SIGNATURE_THRESHOLD_SAM>
	</signature>
	<signature ID="20210512_174958014025_262">
		<MACROCLASSID>1</MACROCLASSID>
		<MACROCLASSINFO>waterbody</MACROCLASSINFO>
		<CLASSID>13</CLASSID>
		<CLASSINFO>C 1</CLASSINFO>
		<VALUES>[0.13405560359530067, 0.0014511835925575805, 0.11537017572628344, 0.002422962030401545, 0.07921511469002089, 0.0031013059252330104, 0.06902909688330414, 0.007886987549904726, 0.020636203127442167, 0.006237368023560601, 0.010459022455308145, 0.004121239276643957]</VALUES>
		<LCS_MIN>[0.13083215057849884, 0.1100756973028183, 0.07433374971151352, 0.05953824892640114, 0.01531797181814909, 0.007124637719243765]</LCS_MIN>
		<LCS_MAX>[0.14322902262210846, 0.13475069403648376, 0.10449472069740295, 0.10126488655805588, 0.05583342909812927, 0.038378067314624786]</LCS_MAX>
		<WAVELENGTH>[0.48, 0.56, 0.655, 0.865, 1.61, 2.2]</WAVELENGTH>
		<MEAN_VALUE>[0.13405560359530067, 0.11537017572628344, 0.07921511469002089, 0.06902909688330414, 0.020636203127442167, 0.010459022455308145]</MEAN_VALUE>
		<CHECKBOX>2</CHECKBOX>
		<SD>[0.0014511835925575805, 0.002422962030401545, 0.0031013059252330104, 0.007886987549904726, 0.006237368023560601, 0.004121239276643957]</SD>
		<WAVELENGTH_UNIT>E-6m</WAVELENGTH_UNIT>
		<COLOR>#21ccb8</COLOR>
		<COVARIANCE_MATRIX>[[2.10896393991168e-06, 2.202155668049726e-06, 3.299089300830807e-06, 4.611776605350168e-06, 3.2687971439828795e-06, 2.2788832687687288e-06], [2.202155668049726e-06, 5.879192115876551e-06, 6.579415041316855e-06, 9.75418500029478e-06, 6.441373201373493e-06, 4.3102449544540055e-06], [3.299089300830807e-06, 6.579415041316855e-06, 9.631937432449228e-06, 1.6207549878700803e-05, 1.1843667139066582e-05, 8.05691849408743e-06], [4.611776605350168e-06, 9.75418500029478e-06, 1.6207549878700803e-05, 6.229407559452815e-05, 4.333076428776262e-05, 2.6634507880182056e-05], [3.2687971439828795e-06, 6.441373201373493e-06, 1.1843667139066582e-05, 4.333076428776262e-05, 3.896073793307922e-05, 2.4919349681047606e-05], [2.2788832687687288e-06, 4.3102449544540055e-06, 8.05691849408743e-06, 2.6634507880182056e-05, 2.4919349681047606e-05, 1.7009051467691433e-05]]</COVARIANCE_MATRIX>
		<ROI_SIZE>696</ROI_SIZE>
		<MAX_VALUE>[0.14322902262210846, 0.13475069403648376, 0.10449472069740295, 0.10126488655805588, 0.05583342909812927, 0.038378067314624786]</MAX_VALUE>
		<MIN_VALUE>[0.13083215057849884, 0.1100756973028183, 0.07433374971151352, 0.05953824892640114, 0.01531797181814909, 0.007124637719243765]</MIN_VALUE>
		<SIGNATURE_THRESHOLD_MD>0</SIGNATURE_THRESHOLD_MD>
		<SIGNATURE_THRESHOLD_ML>0</SIGNATURE_THRESHOLD_ML>
		<SIGNATURE_THRESHOLD_SAM>0</SIGNATURE_THRESHOLD_SAM>
	</signature>
	<signature ID="20210512_175003665527_682">
		<MACROCLASSID>1</MACROCLASSID>
		<MACROCLASSINFO>waterbody</MACROCLASSINFO>
		<CLASSID>14</CLASSID>
		<CLASSINFO>C 1</CLASSINFO>
		<VALUES>[0.13000832416459437, 0.0021538333489204034, 0.11122931546594149, 0.004241096601821849, 0.07653147610095279, 0.0040033383654202, 0.07098055028030809, 0.012010202762247063, 0.02210245184705659, 0.00968366493185272, 0.011290117203958937, 0.006286445136848774]</VALUES>
		<LCS_MIN>[0.12320878356695175, 0.09756007045507431, 0.06483422219753265, 0.058493297547101974, 0.012871849350631237, 0.006293424405157566]</LCS_MIN>
		<LCS_MAX>[0.13883548974990845, 0.12178385257720947, 0.0949477106332779, 0.11242681741714478, 0.059348247945308685, 0.03809308260679245]</LCS_MAX>
		<WAVELENGTH>[0.48, 0.56, 0.655, 0.865, 1.61, 2.2]</WAVELENGTH>
		<MEAN_VALUE>[0.13000832416459437, 0.11122931546594149, 0.07653147610095279, 0.07098055028030809, 0.02210245184705659, 0.011290117203958937]</MEAN_VALUE>
		<CHECKBOX>2</CHECKBOX>
		<SD>[0.0021538333489204034, 0.004241096601821849, 0.0040033383654202, 0.012010202762247063, 0.00968366493185272, 0.006286445136848774]</SD>
		<WAVELENGTH_UNIT>E-6m</WAVELENGTH_UNIT>
		<COLOR>#8a3197</COLOR>
		<COVARIANCE_MATRIX>[[4.647208711018795e-06, 8.256044422904047e-06, 8.00231682444858e-06, 7.125207603588001e-06, 4.610633728020646e-06, 3.6144505444982943e-06], [8.256044422904047e-06, 1.8018735607906903e-05, 1.5373876858718105e-05, 3.568376975716879e-06, 2.191601828196005e-06, 2.7655715188628086e-06], [8.00231682444858e-06, 1.5373876858718105e-05, 1.6055083940732018e-05, 2.0648945513110775e-05, 1.4957328307436483e-05, 1.0996070548396504e-05], [7.125207603588001e-06, 3.568376975716879e-06, 2.0648945513110775e-05, 0.00014450027122283595, 0.00010119207455499215, 6.326389180465139e-05], [4.610633728020646e-06, 2.191601828196005e-06, 1.4957328307436483e-05, 0.00010119207455499215, 9.3939337072593e-05, 6.0112182876779844e-05], [3.6144505444982943e-06, 2.7655715188628086e-06, 1.0996070548396504e-05, 6.326389180465139e-05, 6.0112182876779844e-05, 3.958933828596998e-05]]</COVARIANCE_MATRIX>
		<ROI_SIZE>566</ROI_SIZE>
		<MAX_VALUE>[0.13883548974990845, 0.12178385257720947, 0.0949477106332779, 0.11242681741714478, 0.059348247945308685, 0.03809308260679245]</MAX_VALUE>
		<MIN_VALUE>[0.12320878356695175, 0.09756007045507431, 0.06483422219753265, 0.058493297547101974, 0.012871849350631237, 0.006293424405157566]</MIN_VALUE>
		<SIGNATURE_THRESHOLD_MD>0</SIGNATURE_THRESHOLD_MD>
		<SIGNATURE_THRESHOLD_ML>0</SIGNATURE_THRESHOLD_ML>
		<SIGNATURE_THRESHOLD_SAM>0</SIGNATURE_THRESHOLD_SAM>
	</signature>
	<signature ID="20210512_175009283913_818">
		<MACROCLASSID>1</MACROCLASSID>
		<MACROCLASSINFO>waterbody</MACROCLASSINFO>
		<CLASSID>15</CLASSID>
		<CLASSINFO>C 1</CLASSINFO>
		<VALUES>[0.14259874290992514, 0.0019448230604026233, 0.12329371936815049, 0.0025928385268602365, 0.10350733339049527, 0.0038285827759058154, 0.08552170814327326, 0.009121969315363432, 0.02531471372750435, 0.0074748184255080735, 0.012989452005100585, 0.004707982761578699]</VALUES>
		<LCS_MIN>[0.13790927827358246, 0.11525292694568634, 0.0931427925825119, 0.07587742805480957, 0.01557920966297388, 0.009190784767270088]</LCS_MIN>
		<LCS_MAX>[0.15477092564105988, 0.13570065796375275, 0.11924272775650024, 0.11888650804758072, 0.060155708342790604, 0.04215412214398384]</LCS_MAX>
		<WAVELENGTH>[0.48, 0.56, 0.655, 0.865, 1.61, 2.2]</WAVELENGTH>
		<MEAN_VALUE>[0.14259874290992514, 0.12329371936815049, 0.10350733339049527, 0.08552170814327326, 0.02531471372750435, 0.012989452005100585]</MEAN_VALUE>
		<CHECKBOX>2</CHECKBOX>
		<SD>[0.0019448230604026233, 0.0025928385268602365, 0.0038285827759058154, 0.009121969315363432, 0.0074748184255080735, 0.004707982761578699]</SD>
		<WAVELENGTH_UNIT>E-6m</WAVELENGTH_UNIT>
		<COLOR>#e1e954</COLOR>
		<COVARIANCE_MATRIX>[[3.788191746701255e-06, 4.550192962990197e-06, 6.361774396626144e-06, 7.660436605401824e-06, 5.005870105308352e-06, 3.2884898394878927e-06], [4.550192962990197e-06, 6.733218455513754e-06, 9.477936706114667e-06, 8.823306172558034e-06, 5.412304875587459e-06, 3.5033757101348303e-06], [6.361774396626144e-06, 9.477936706114667e-06, 1.4680736545758297e-05, 1.445574245541002e-05, 9.774443110974462e-06, 6.448857630219251e-06], [7.660436605401824e-06, 8.823306172558034e-06, 1.445574245541002e-05, 8.333913274181024e-05, 6.267371777575717e-05, 3.792257927027942e-05], [5.005870105308352e-06, 5.412304875587459e-06, 9.774443110974462e-06, 6.267371777575717e-05, 5.595940106783558e-05, 3.452387704167725e-05], [3.2884898394878927e-06, 3.5033757101348303e-06, 6.448857630219251e-06, 3.792257927027942e-05, 3.452387704167725e-05, 2.2199412986237553e-05]]</COVARIANCE_MATRIX>
		<ROI_SIZE>647</ROI_SIZE>
		<MAX_VALUE>[0.15477092564105988, 0.13570065796375275, 0.11924272775650024, 0.11888650804758072, 0.060155708342790604, 0.04215412214398384]</MAX_VALUE>
		<MIN_VALUE>[0.13790927827358246, 0.11525292694568634, 0.0931427925825119, 0.07587742805480957, 0.01557920966297388, 0.009190784767270088]</MIN_VALUE>
		<SIGNATURE_THRESHOLD_MD>0</SIGNATURE_THRESHOLD_MD>
		<SIGNATURE_THRESHOLD_ML>0</SIGNATURE_THRESHOLD_ML>
		<SIGNATURE_THRESHOLD_SAM>0</SIGNATURE_THRESHOLD_SAM>
	</signature>
	<signature ID="20210512_175013261075_549">
		<MACROCLASSID>1</MACROCLASSID>
		<MACROCLASSINFO>waterbody</MACROCLASSINFO>
		<CLASSID>16</CLASSID>
		<CLASSINFO>C 1</CLASSINFO>
		<VALUES>[0.14346082353256115, 0.001709976198461716, 0.1277548379251654, 0.002061251544563086, 0.11364597508185344, 0.0025847208035199003, 0.08282792433886466, 0.012352293237761026, 0.027946582205698525, 0.011341570017771923, 0.015784118138253686, 0.007359901340597299]</VALUES>
