<?xml version="1.0" ?>
<signaturelist MCID_LIST="[['1', 'waterbody', '#000000'], ['2', 'vegetation', '#000000'], ['3', 'bareland', '#000000'], ['4', 'built-up', '#000000']]">
	<signature ID="20220207_150238217884_714">
		<MACROCLASSID>1</MACROCLASSID>
		<MACROCLASSINFO>waterbody</MACROCLASSINFO>
		<CLASSID>1</CLASSID>
		<CLASSINFO>C 1</CLASSINFO>
		<VALUES>[0.10841871411283528, 0.0034879649102455353, 0.11777125437063023, 0.0053183045273316205, 0.10061782574785628, 0.005182044393295765, 0.03367653867901282, 0.005768263954029991, 0.013905733038743368, 0.002907073027249912, 0.010220826605131917, 0.0017442823767066231]</VALUES>
		<LCS_MIN>[0.09320506453514099, 0.09215051680803299, 0.07817112654447556, 0.027012433856725693, 0.010707627981901169, 0.007841439917683601]</LCS_MIN>
		<LCS_MAX>[0.11378210783004761, 0.12378671765327454, 0.11224085837602615, 0.0721953809261322, 0.04050513356924057, 0.02636348269879818]</LCS_MAX>
		<WAVELENGTH>[0.48, 0.56, 0.655, 0.865, 1.61, 2.2]</WAVELENGTH>
		<MEAN_VALUE>[0.10841871411283528, 0.11777125437063023, 0.10061782574785628, 0.03367653867901282, 0.013905733038743368, 0.010220826605131917]</MEAN_VALUE>
		<CHECKBOX>2</CHECKBOX>
		<SD>[0.0034879649102455353, 0.0053183045273316205, 0.005182044393295765, 0.005768263954029991, 0.002907073027249912, 0.0017442823767066231]</SD>
		<WAVELENGTH_UNIT>E-6m</WAVELENGTH_UNIT>
		<COLOR>#e345c1</COLOR>
		<COVARIANCE_MATRIX>[[1.059990972862579e-05, 1.5875088138272986e-05, 5.820881142426515e-06, -1.1942765013372991e-05, -4.361492301541148e-06, -2.710958369789296e-06], [1.5875088138272986e-05, 2.7320847948431037e-05, 1.4206632840796374e-05, -2.123837111867033e-05, -7.242002538987435e-06, -4.517081379162846e-06], [5.820881142426515e-06, 1.4206632840796374e-05, 2.3480910385842435e-05, -7.081289368215948e-06, -1.6159474398591556e-06, -5.793264676867693e-07], [-1.1942765013372991e-05, -2.123837111867033e-05, -7.081289368215948e-06, 3.0794257327215746e-05, 1.370569589198567e-05, 8.20039349491708e-06], [-4.361492301541148e-06, -7.242002538987435e-06, -1.6159474398591556e-06, 1.370569589198567e-05, 7.93188974057557e-06, 4.604124114848673e-06], [-2.710958369789296e-06, -4.517081379162846e-06, -5.793264676867693e-07, 8.20039349491708e-06, 4.604124114848673e-06, 2.823707063726033e-06]]</COVARIANCE_MATRIX>
		<ROI_SIZE>6819</ROI_SIZE>
		<MAX_VALUE>[0.11378210783004761, 0.12378671765327454, 0.11224085837602615, 0.0721953809261322, 0.04050513356924057, 0.02636348269879818]</MAX_VALUE>
		<MIN_VALUE>[0.09320506453514099, 0.09215051680803299, 0.07817112654447556, 0.027012433856725693, 0.010707627981901169, 0.007841439917683601]</MIN_VALUE>
		<SIGNATURE_THRESHOLD_MD>0.0</SIGNATURE_THRESHOLD_MD>
		<SIGNATURE_THRESHOLD_ML>0.0</SIGNATURE_THRESHOLD_ML>
		<SIGNATURE_THRESHOLD_SAM>0.0</SIGNATURE_THRESHOLD_SAM>
	</signature>
	<signature ID="20220207_150241958375_864">
		<MACROCLASSID>1</MACROCLASSID>
		<MACROCLASSINFO>waterbody</MACROCLASSINFO>
		<CLASSID>2</CLASSID>
		<CLASSINFO>C 1</CLASSINFO>
		<VALUES>[0.1113346446280921, 0.0009053043463974348, 0.12386271227581476, 0.0015451973983707514, 0.10737195176874637, 0.002314963301734418, 0.02967875442673563, 0.0010626873796197535, 0.011666501860407822, 0.0007131222678865102, 0.008920959980617366, 0.0005921464190431441]</VALUES>
		<LCS_MIN>[0.10802268981933594, 0.11735130846500397, 0.10110059380531311, 0.026796117424964905, 0.00970716867595911, 0.007192497607320547]</LCS_MIN>
		<LCS_MAX>[0.11462033540010452, 0.1275722235441208, 0.11280868947505951, 0.03279887139797211, 0.01351973507553339, 0.010572428815066814]</LCS_MAX>
		<WAVELENGTH>[0.48, 0.56, 0.655, 0.865, 1.61, 2.2]</WAVELENGTH>
		<MEAN_VALUE>[0.1113346446280921, 0.12386271227581476, 0.10737195176874637, 0.02967875442673563, 0.011666501860407822, 0.008920959980617366]</MEAN_VALUE>
		<CHECKBOX>2</CHECKBOX>
		<SD>[0.0009053043463974348, 0.0015451973983707514, 0.002314963301734418, 0.0010626873796197535, 0.0007131222678865102, 0.0005921464190431441]</SD>
		<WAVELENGTH_UNIT>E-6m</WAVELENGTH_UNIT>
		<COLOR>#3d2c37</COLOR>
		<COVARIANCE_MATRIX>[[7.374954975603032e-07, 1.112996983465564e-06, 1.0493146191947744e-06, 2.3424269102179096e-07, 2.0244326037754945e-07, 1.924538253206265e-07], [1.112996983465564e-06, 2.269577180413762e-06, 2.7122125629830407e-06, 2.506365035515046e-07, 1.948865673284672e-07, 2.0710859871542198e-07], [1.0493146191947744e-06, 2.7122125629830407e-06, 5.376248282118468e-06, 8.211166004912229e-07, 2.5331655706395395e-07, 2.690605072075414e-07], [2.3424269102179096e-07, 2.506365035515046e-07, 8.211166004912229e-07, 9.441048405278707e-07, 5.209821551943605e-07, 4.2805990574379393e-07], [2.0244326037754945e-07, 1.948865673284672e-07, 2.5331655706395395e-07, 5.209821551943605e-07, 4.1917024873328046e-07, 3.1582337101099256e-07], [1.924538253206265e-07, 2.0710859871542198e-07, 2.690605072075414e-07, 4.2805990574379393e-07, 3.1582337101099256e-07, 2.817762663198664e-07]]</COVARIANCE_MATRIX>
		<ROI_SIZE>10201</ROI_SIZE>
		<MAX_VALUE>[0.11462033540010452, 0.1275722235441208, 0.11280868947505951, 0.03279887139797211, 0.01351973507553339, 0.010572428815066814]</MAX_VALUE>
		<MIN_VALUE>[0.10802268981933594, 0.11735130846500397, 0.10110059380531311, 0.026796117424964905, 0.00970716867595911, 0.007192497607320547]</MIN_VALUE>
		<SIGNATURE_THRESHOLD_MD>0.0</SIGNATURE_THRESHOLD_MD>
		<SIGNATURE_THRESHOLD_ML>0.0</SIGNATURE_THRESHOLD_ML>
		<SIGNATURE_THRESHOLD_SAM>0.0</SIGNATURE_THRESHOLD_SAM>
	</signature>
	<signature ID="20220207_150246488733_489">
		<MACROCLASSID>1</MACROCLASSID>
		<MACROCLASSINFO>waterbody</MACROCLASSINFO>
		<CLASSID>3</CLASSID>
		<CLASSINFO>C 1</CLASSINFO>
		<VALUES>[0.11577492835055493, 0.0010147250860645621, 0.1211728195669034, 0.00109299501155368, 0.08211057236903804, 0.0030584940568360555, 0.024098605514740728, 0.0011598691880587925, 0.010303623052221742, 0.0006048888586297451, 0.007822278246172865, 0.000478165317978351]</VALUES>
		<LCS_MIN>[0.10988842695951462, 0.11280868947505951, 0.0748993381857872, 0.02144230343401432, 0.008733745664358139, 0.006435391493141651]</LCS_MIN>
		<LCS_MAX>[0.11797323077917099, 0.12359742820262909, 0.08850018680095673, 0.0461563840508461, 0.012627429328858852, 0.009517887607216835]</LCS_MAX>
		<WAVELENGTH>[0.48, 0.56, 0.655, 0.865, 1.61, 2.2]</WAVELENGTH>
		<MEAN_VALUE>[0.11577492835055493, 0.1211728195669034, 0.08211057236903804, 0.024098605514740728, 0.010303623052221742, 0.007822278246172865]</MEAN_VALUE>
		<CHECKBOX>2</CHECKBOX>
		<SD>[0.0010147250860645621, 0.00109299501155368, 0.0030584940568360555, 0.0011598691880587925, 0.0006048888586297451, 0.000478165317978351]</SD>
		<WAVELENGTH_UNIT>E-6m</WAVELENGTH_UNIT>
		<COLOR>#1910c0</COLOR>
		<COVARIANCE_MATRIX>[[9.506172773399157e-07, 9.09413927274727e-07, 1.992380248339032e-06, 6.795809213144821e-07, 3.8348568409674044e-07, 2.9778797738799767e-07], [9.09413927274727e-07, 1.082331209545373e-06, 1.963282556971535e-06, 6.482253525064152e-07, 3.9215177594087436e-07, 3.106133874553052e-07], [1.992380248339032e-06, 1.963282556971535e-06, 9.145074727712199e-06, 3.0046896881685825e-06, 1.435505964764161e-06, 1.0893294302150025e-06], [6.795809213144821e-07, 6.482253525064152e-07, 3.0046896881685825e-06, 1.191816181744798e-06, 5.512339384949883e-07, 4.196189706817677e-07], [3.8348568409674044e-07, 3.9215177594087436e-07, 1.435505964764161e-06, 5.512339384949883e-07, 3.244437607463624e-07, 2.2827732948371704e-07], [2.9778797738799767e-07, 3.106133874553052e-07, 1.0893294302150025e-06, 4.196189706817677e-07, 2.2827732948371704e-07, 1.9900797099126066e-07]]</COVARIANCE_MATRIX>
		<ROI_SIZE>10201</ROI_SIZE>
		<MAX_VALUE>[0.11797323077917099, 0.12359742820262909, 0.08850018680095673, 0.0461563840508461, 0.012627429328858852, 0.009517887607216835]</MAX_VALUE>
		<MIN_VALUE>[0.10988842695951462, 0.11280868947505951, 0.0748993381857872, 0.02144230343401432, 0.008733745664358139, 0.006435391493141651]</MIN_VALUE>
		<SIGNATURE_THRESHOLD_MD>0.0</SIGNATURE_THRESHOLD_MD>
		<SIGNATURE_THRESHOLD_ML>0.0</SIGNATURE_THRESHOLD_ML>
		<SIGNATURE_THRESHOLD_SAM>0.0</SIGNATURE_THRESHOLD_SAM>
	</signature>
	<signature ID="20220207_150253235462_966">
		<MACROCLASSID>1</MACROCLASSID>
		<MACROCLASSINFO>waterbody</MACROCLASSINFO>
		<CLASSID>4</CLASSID>
		<CLASSINFO>C 1</CLASSINFO>
		<VALUES>[0.1200306784939449, 0.0005984906309225009, 0.12825780518033295, 0.0009925555166586696, 0.08328802563594348, 0.0009135403301693075, 0.021086149116234208, 0.000502663951948555, 0.00804043233758852, 0.00040287845541813486, 0.006098850835391314, 0.0003337917990296579]</VALUES>
		<LCS_MIN>[0.1169997975230217, 0.12324591726064682, 0.07890117168426514, 0.01949545554816723, 0.006705780513584614, 0.005164532456547022]</LCS_MIN>
		<LCS_MAX>[0.12165059894323349, 0.13024914264678955, 0.08498505502939224, 0.022929469123482704, 0.009680123068392277, 0.00746288662776351]</LCS_MAX>
		<WAVELENGTH>[0.48, 0.56, 0.655, 0.865, 1.61, 2.2]</WAVELENGTH>
		<MEAN_VALUE>[0.1200306784939449, 0.12825780518033295, 0.08328802563594348, 0.021086149116234208, 0.00804043233758852, 0.006098850835391314]</MEAN_VALUE>
		<CHECKBOX>2</CHECKBOX>
		<SD>[0.0005984906309225009, 0.0009925555166586696, 0.0009135403301693075, 0.000502663951948555, 0.00040287845541813486, 0.0003337917990296579]</SD>
		<WAVELENGTH_UNIT>E-6m</WAVELENGTH_UNIT>
		<COLOR>#485eba</COLOR>
		<COVARIANCE_MATRIX>[[3.2994259413499094e-07, 4.6204189629861503e-07, 3.2663621141182375e-07, -4.4949565847218764e-08, -4.5792912573006106e-08, -3.393268954710038e-08], [4.6204189629861503e-07, 9.18483692657901e-07, 6.97139341809816e-07, -1.598967571680987e-07, -1.4352019661600934e-07, -1.1249908027366473e-07], [3.2663621141182375e-07, 6.97139341809816e-07, 8.337080430464994e-07, -5.3095664753755045e-08, -8.176074572929792e-08, -6.80688216903036e-08], [-4.4949565847218764e-08, -1.598967571680987e-07, -5.3095664753755045e-08, 2.5037849127329537e-07, 1.5132619068936037e-07, 1.2341673993887525e-07], [-4.5792912573006106e-08, -1.4352019661600934e-07, -8.176074572929792e-08, 1.5132619068936037e-07, 1.5512550533003377e-07, 1.023868847482845e-07], [-3.393268954710038e-08, -1.1249908027366473e-07, -6.80688216903036e-08, 1.2341673993887525e-07, 1.023868847482845e-07, 1.0555272211831834e-07]]</COVARIANCE_MATRIX>
		<ROI_SIZE>10200</ROI_SIZE>
		<MAX_VALUE>[0.12165059894323349, 0.13024914264678955, 0.08498505502939224, 0.022929469123482704, 0.009680123068392277, 0.00746288662776351]</MAX_VALUE>
		<MIN_VALUE>[0.1169997975230217, 0.12324591726064682, 0.07890117168426514, 0.01949545554816723, 0.006705780513584614, 0.005164532456547022]</MIN_VALUE>
		<SIGNATURE_THRESHOLD_MD>0.0</SIGNATURE_THRESHOLD_MD>
		<SIGNATURE_THRESHOLD_ML>0.0</SIGNATURE_THRESHOLD_ML>
		<SIGNATURE_THRESHOLD_SAM>0.0</SIGNATURE_THRESHOLD_SAM>
	</signature>
	<signature ID="20220207_150259405048_156">
		<MACROCLASSID>1</MACROCLASSID>
		<MACROCLASSINFO>waterbody</MACROCLASSINFO>
		<CLASSID>5</CLASSID>
		<CLASSINFO>C 1</CLASSINFO>
		<VALUES>[0.12053487771903246, 0.003640926750495223, 0.12543538438968452, 0.005142562493292566, 0.11089703416255096, 0.011417673710256098, 0.038358793505323105, 0.011576605625459107, 0.010653095301688646, 0.0022509922696730316, 0.007508203772254729, 0.0013369994170711512]</VALUES>
		<LCS_MIN>[0.10239847749471664, 0.09831552952528, 0.07733289152383804, 0.024632953107357025, 0.007706239819526672, 0.005083414725959301]</LCS_MIN>
		<LCS_MAX>[0.12573353946208954, 0.13270974159240723, 0.1320878267288208, 0.07787369191646576, 0.0438309945166111, 0.030419401824474335]</LCS_MAX>
		<WAVELENGTH>[0.48, 0.56, 0.655, 0.865, 1.61, 2.2]</WAVELENGTH>
		<MEAN_VALUE>[0.12053487771903246, 0.12543538438968452, 0.11089703416255096, 0.038358793505323105, 0.010653095301688646, 0.007508203772254729]</MEAN_VALUE>
		<CHECKBOX>2</CHECKBOX>
		<SD>[0.003640926750495223, 0.005142562493292566, 0.011417673710256098, 0.011576605625459107, 0.0022509922696730316, 0.0013369994170711512]</SD>
		<WAVELENGTH_UNIT>E-6m</WAVELENGTH_UNIT>
		<COLOR>#776f33</COLOR>
		<COVARIANCE_MATRIX>[[1.3874686374037992e-05, 1.9060182239627466e-05, 3.189862036379054e-05, -6.482908432303702e-09, -3.889504569087876e-06, -2.263491523990524e-06], [1.9060182239627466e-05, 2.723770921875257e-05, 3.896418274962343e-05, -6.906329417688539e-06, -5.598446477961261e-06, -3.149404392388533e-06], [3.189862036379054e-05, 3.896418274962343e-05, 0.0001360580645268783, 7.493060547858477e-05, -6.61787044009543e-06, -5.581437562796054e-06], [-6.482908432303702e-09, -6.906329417688539e-06, 7.493060547858477e-05, 0.00011606208863668144, 6.98511985319783e-06, 1.7642137208895292e-06], [-3.889504569087876e-06, -5.598446477961261e-06, -6.61787044009543e-06, 6.98511985319783e-06, 4.349667051428696e-06, 2.5415990876354044e-06], [-2.263491523990524e-06, -3.149404392388533e-06, -5.581437562796054e-06, 1.7642137208895292e-06, 2.5415990876354044e-06, 1.6320369695677073e-06]]</COVARIANCE_MATRIX>
		<ROI_SIZE>5250</ROI_SIZE>
		<MAX_VALUE>[0.12573353946208954, 0.13270974159240723, 0.1320878267288208, 0.07787369191646576, 0.0438309945166111, 0.030419401824474335]</MAX_VALUE>
		<MIN_VALUE>[0.10239847749471664, 0.09831552952528, 0.07733289152383804, 0.024632953107357025, 0.007706239819526672, 0.005083414725959301]</MIN_VALUE>
		<SIGNATURE_THRESHOLD_MD>0.0</SIGNATURE_THRESHOLD_MD>
		<SIGNATURE_THRESHOLD_ML>0.0</SIGNATURE_THRESHOLD_ML>
		<SIGNATURE_THRESHOLD_SAM>0.0</SIGNATURE_THRESHOLD_SAM>
	</signature>
	<signature ID="20220207_150305853706_513">
		<MACROCLASSID>1</MACROCLASSID>
		<MACROCLASSINFO>waterbody</MACROCLASSINFO>
		<CLASSID>6</CLASSID>
		<CLASSINFO>C 1</CLASSINFO>
		<VALUES>[0.11701647300555958, 0.000690449488318833, 0.12375495576425721, 0.0010297305476085496, 0.08748488666569623, 0.0037135884409194714, 0.02150557340082804, 0.0008709590850106766, 0.008039415059011828, 0.0006777709211400589, 0.0060476943968853615, 0.0006081739166373029]</VALUES>
		<LCS_MIN>[0.11491777002811432, 0.12146130949258804, 0.0829300656914711, 0.019306184723973274, 0.006651708856225014, 0.004813025705516338]</LCS_MIN>
		<LCS_MAX>[0.11937928199768066, 0.12730184197425842, 0.10164137184619904, 0.02457888051867485, 0.010572428815066814, 0.008111839182674885]</LCS_MAX>
		<WAVELENGTH>[0.48, 0.56, 0.655, 0.865, 1.61, 2.2]</WAVELENGTH>
		<MEAN_VALUE>[0.11701647300555958, 0.12375495576425721, 0.08748488666569623, 0.02150557340082804, 0.008039415059011828, 0.0060476943968853615]</MEAN_VALUE>
		<CHECKBOX>2</CHECKBOX>
		<SD>[0.000690449488318833, 0.0010297305476085496, 0.0037135884409194714, 0.0008709590850106766, 0.0006777709211400589, 0.0006081739166373029]</SD>
		<WAVELENGTH_UNIT>E-6m</WAVELENGTH_UNIT>
		<COLOR>#e55590</COLOR>
		<COVARIANCE_MATRIX>[[4.585989188399253e-07, 4.4937047505300143e-07, 8.332611969308346e-07, 4.60291374793087e-07, 2.3211141808587854e-07, 1.9074757062753633e-07], [4.4937047505300143e-07, 9.410993584424432e-07, 2.8295226002228446e-06, 6.394679985533003e-07, 1.0098560920823729e-07, 5.315775197800576e-08], [8.332611969308346e-07, 2.8295226002228446e-06, 1.1633917893050238e-05, 1.602812858436664e-06, -5.411928896137397e-07, -6.117250563875132e-07], [4.60291374793087e-07, 6.394679985533003e-07, 1.602812858436664e-06, 7.28039083242038e-07, 3.095812814990495e-07, 2.54347497730123e-07], [2.3211141808587854e-07, 1.0098560920823729e-07, -5.411928896137397e-07, 3.095812814990495e-07, 4.5569387907562486e-07, 3.724945258909429e-07], [1.9074757062753633e-07, 5.315775197800576e-08, -6.117250563875132e-07, 2.54347497730123e-07, 3.724945258909429e-07, 3.5621968663690495e-07]]</COVARIANCE_MATRIX>
		<ROI_SIZE>10199</ROI_SIZE>
		<MAX_VALUE>[0.11937928199768066, 0.12730184197425842, 0.10164137184619904, 0.02457888051867485, 0.010572428815066814, 0.008111839182674885]</MAX_VALUE>
		<MIN_VALUE>[0.11491777002811432, 0.12146130949258804, 0.0829300656914711, 0.019306184723973274, 0.006651708856225014, 0.004813025705516338]</MIN_VALUE>
		<SIGNATURE_THRESHOLD_MD>0.0</SIGNATURE_THRESHOLD_MD>
		<SIGNATURE_THRESHOLD_ML>0.0</SIGNATURE_THRESHOLD_ML>
		<SIGNATURE_THRESHOLD_SAM>0.0</SIGNATURE_THRESHOLD_SAM>
	</signature>
	<signature ID="20220207_150315260853_400">
		<MACROCLASSID>1</MACROCLASSID>
		<MACROCLASSINFO>waterbody</MACROCLASSINFO>
		<CLASSID>7</CLASSID>
		<CLASSINFO>C 1</CLASSINFO>
		<VALUES>[0.09261782521918929, 0.0032656783463063887, 0.09553248141889854, 0.0059508139059314315, 0.08543361837108271, 0.007607489066698941, 0.05248560960353544, 0.009412532695810577, 0.015882937820829467, 0.0019696242761948, 0.012130376553335548, 0.0014400019878613095]</VALUES>
		<LCS_MIN>[0.08484985679388046, 0.0759538784623146, 0.06738236546516418, 0.03680071234703064, 0.013492689467966557, 0.010329075157642365]</LCS_MIN>
		<LCS_MAX>[0.10223624110221863, 0.11278165131807327, 0.10894203186035156, 0.07933381199836731, 0.04134334623813629, 0.029202625155448914]</LCS_MAX>
		<WAVELENGTH>[0.48, 0.56, 0.655, 0.865, 1.61, 2.2]</WAVELENGTH>
		<MEAN_VALUE>[0.09261782521918929, 0.09553248141889854, 0.08543361837108271, 0.05248560960353544, 0.015882937820829467, 0.012130376553335548]</MEAN_VALUE>
		<CHECKBOX>2</CHECKBOX>
		<SD>[0.0032656783463063887, 0.0059508139059314315, 0.007607489066698941, 0.009412532695810577, 0.0019696242761948, 0.0014400019878613095]</SD>
		<WAVELENGTH_UNIT>E-6m</WAVELENGTH_UNIT>
		<COLOR>#db0390</COLOR>
		<COVARIANCE_MATRIX>[[8.84148266777629e-06, 1.309404797211755e-05, 1.982117464649491e-05, 2.264147042296827e-05, 1.883125491985993e-06, 1.4674004660264472e-06], [1.309404797211755e-05, 2.643839798111003e-05, 3.0957151466282085e-05, 2.4315846530953422e-05, 8.664295023663726e-07, 6.582693004020257e-07], [1.982117464649491e-05, 3.0957151466282085e-05, 5.223874904913828e-05, 5.180135849514045e-05, 3.085248408751795e-06, 2.3939835500641493e-06], [2.264147042296827e-05, 2.4315846530953422e-05, 5.180135849514045e-05, 8.686816727276891e-05, 9.553693416819442e-06, 6.981805654504569e-06], [1.883125491985993e-06, 8.664295023663726e-07, 3.085248408751795e-06, 9.553693416819442e-06, 4.007964889751747e-06, 2.8722274691972416e-06], [1.4674004660264472e-06, 6.582693004020257e-07, 2.3939835500641493e-06, 6.981805654504569e-06, 2.8722274691972416e-06, 2.1564701455645263e-06]]</COVARIANCE_MATRIX>
		<ROI_SIZE>3735</ROI_SIZE>
		<MAX_VALUE>[0.10223624110221863, 0.11278165131807327, 0.10894203186035156, 0.07933381199836731, 0.04134334623813629, 0.029202625155448914]</MAX_VALUE>
		<MIN_VALUE>[0.08484985679388046, 0.0759538784623146, 0.06738236546516418, 0.03680071234703064, 0.013492689467966557, 0.010329075157642365]</MIN_VALUE>
		<SIGNATURE_THRESHOLD_MD>0.0</SIGNATURE_THRESHOLD_MD>
		<SIGNATURE_THRESHOLD_ML>0.0</SIGNATURE_THRESHOLD_ML>
		<SIGNATURE_THRESHOLD_SAM>0.0</SIGNATURE_THRESHOLD_SAM>
	</signature>
	<signature ID="20220207_150319981442_366">
		<MACROCLASSID>1</MACROCLASSID>
		<MACROCLASSINFO>waterbody</MACROCLASSINFO>
		<CLASSID>8</CLASSID>
		<CLASSINFO>C 1</CLASSINFO>
		<VALUES>[0.10993549052127602, 0.0025688277108301106, 0.12263047273276725, 0.006008116892289603, 0.11576742311571832, 0.007064153718116694, 0.08302647693284372, 0.011156421880987212, 0.016828330490548358, 0.005180023033396918, 0.012517842137889507, 0.0034031475419242538]</VALUES>
		<LCS_MIN>[0.09504374116659164, 0.09379993379116058, 0.08701303601264954, 0.061082176864147186, 0.012086641043424606, 0.009166380390524864]</LCS_MIN>
		<LCS_MAX>[0.11451217532157898, 0.13241229951381683, 0.13257452845573425, 0.11202454566955566, 0.051023490726947784, 0.03861235827207565]</LCS_MAX>
		<WAVELENGTH>[0.48, 0.56, 0.655, 0.865, 1.61, 2.2]</WAVELENGTH>
		<MEAN_VALUE>[0.10993549052127602, 0.12263047273276725, 0.11576742311571832, 0.08302647693284372, 0.016828330490548358, 0.012517842137889507]</MEAN_VALUE>
		<CHECKBOX>2</CHECKBOX>
		<SD>[0.0025688277108301106, 0.006008116892289603, 0.007064153718116694, 0.011156421880987212, 0.005180023033396918, 0.0034031475419242538]</SD>
		<WAVELENGTH_UNIT>E-6m</WAVELENGTH_UNIT>
		<COLOR>#9343aa</COLOR>
		<COVARIANCE_MATRIX>[[6.6030816014972515e-06, 1.2433955816959497e-05, 1.6958132619038224e-05, -6.115991482147365e-07, -6.584464699699311e-06, -2.9404150154732633e-06], [1.2433955816959497e-05, 3.612047657952644e-05, 3.3533306122990325e-05, 1.6504762243130244e-05, -1.544436781841796e-05, -7.651059604540933e-06], [1.6958132619038224e-05, 3.3533306122990325e-05, 4.993407128495164e-05, 1.0763048521766905e-05, -1.516775864729425e-05, -6.861047040729318e-06], [-6.115991482147365e-07, 1.6504762243130244e-05, 1.0763048521766905e-05, 0.0001245450839633122, 2.9028340577497147e-05, 1.880527452158276e-05], [-6.584464699699311e-06, -1.544436781841796e-05, -1.516775864729425e-05, 2.9028340577497147e-05, 2.6849740606849082e-05, 1.6931287973420694e-05], [-2.9404150154732633e-06, -7.651059604540933e-06, -6.861047040729318e-06, 1.880527452158276e-05, 1.6931287973420694e-05, 1.1588794222916476e-05]]</COVARIANCE_MATRIX>
		<ROI_SIZE>1570</ROI_SIZE>
		<MAX_VALUE>[0.11451217532157898, 0.13241229951381683, 0.13257452845573425, 0.11202454566955566, 0.051023490726947784, 0.03861235827207565]</MAX_VALUE>
		<MIN_VALUE>[0.09504374116659164, 0.09379993379116058, 0.08701303601264954, 0.061082176864147186, 0.012086641043424606, 0.009166380390524864]</MIN_VALUE>
		<SIGNATURE_THRESHOLD_MD>0.0</SIGNATURE_THRESHOLD_MD>
		<SIGNATURE_THRESHOLD_ML>0.0</SIGNATURE_THRESHOLD_ML>
		<SIGNATURE_THRESHOLD_SAM>0.0</SIGNATURE_THRESHOLD_SAM>
	</signature>
	<signature ID="20220207_150325721800_402">
		<MACROCLASSID>1</MACROCLASSID>
		<MACROCLASSINFO>waterbody</MACROCLASSINFO>
		<CLASSID>9</CLASSID>
		<CLASSINFO>C 1</CLASSINFO>
		<VALUES>[0.10758943649457635, 0.0007638438628107291, 0.10993348682551314, 0.0016455129430853728, 0.07711705499921892, 0.0032028344259097457, 0.020504140059952405, 0.001031781610228818, 0.007780554374255763, 0.00031512692486485727, 0.006067429865609008, 0.00025045769898331295]</VALUES>
		<LCS_MIN>[0.10210106521844864, 0.09177197515964508, 0.0681394711136818, 0.01900874823331833, 0.006868026219308376, 0.005110450554639101]</LCS_MIN>
		<LCS_MAX>[0.10918539762496948, 0.11229492723941803, 0.09042000025510788, 0.033069271594285965, 0.010274993255734444, 0.007300651166588068]</LCS_MAX>
		<WAVELENGTH>[0.48, 0.56, 0.655, 0.865, 1.61, 2.2]</WAVELENGTH>
		<MEAN_VALUE>[0.10758943649457635, 0.10993348682551314, 0.07711705499921892, 0.020504140059952405, 0.007780554374255763, 0.006067429865609008]</MEAN_VALUE>
		<CHECKBOX>2</CHECKBOX>
		<SD>[0.0007638438628107291, 0.0016455129430853728, 0.0032028344259097457, 0.001031781610228818, 0.00031512692486485727, 0.00025045769898331295]</SD>
		<WAVELENGTH_UNIT>E-6m</WAVELENGTH_UNIT>
		<COLOR>#a18cee</COLOR>
		<COVARIANCE_MATRIX>[[4.902636874248856e-07, 8.591678692937421e-07, -4.524903545188863e-07, -3.5400384490458237e-07, -8.602646772715161e-08, -5.752959353344522e-08], [8.591678692937421e-07, 2.0404215774760814e-06, -7.87142482749914e-07, -7.453463695128448e-07, -1.736909638339057e-07, -1.1554610068742477e-07], [-4.524903545188863e-07, -7.87142482749914e-07, 7.999354238563683e-06, 1.8266425740876002e-06, 1.7648015671056783e-07, 1.2852954967002006e-07], [-3.5400384490458237e-07, -7.453463695128448e-07, 1.8266425740876002e-06, 7.875866003814735e-07, 1.5698113031703542e-07, 1.122772701478425e-07], [-8.602646772715161e-08, -1.736909638339057e-07, 1.7648015671056783e-07, 1.5698113031703542e-07, 9.359450103829658e-08, 4.9796334167240275e-08], [-5.752959353344522e-08, -1.1554610068742477e-07, 1.2852954967002006e-07, 1.122772701478425e-07, 4.9796334167240275e-08, 5.901593524981763e-08]]</COVARIANCE_MATRIX>
		<ROI_SIZE>10196</ROI_SIZE>
		<MAX_VALUE>[0.10918539762496948, 0.11229492723941803, 0.09042000025510788, 0.033069271594285965, 0.010274993255734444, 0.007300651166588068]</MAX_VALUE>
		<MIN_VALUE>[0.10210106521844864, 0.09177197515964508, 0.0681394711136818, 0.01900874823331833, 0.006868026219308376, 0.005110450554639101]</MIN_VALUE>
		<SIGNATURE_THRESHOLD_MD>0.0</SIGNATURE_THRESHOLD_MD>
		<SIGNATURE_THRESHOLD_ML>0.0</SIGNATURE_THRESHOLD_ML>
		<SIGNATURE_THRESHOLD_SAM>0.0</SIGNATURE_THRESHOLD_SAM>
	</signature>
	<signature ID="20220207_150422455851_572">
		<MACROCLASSID>1</MACROCLASSID>
		<MACROCLASSINFO>waterbody</MACROCLASSINFO>
		<CLASSID>10</CLASSID>
		<CLASSINFO>C 1</CLASSINFO>
		<VALUES>[0.11473286432204872, 0.0007557759786984688, 0.12126439697794615, 0.0011966796278632377, 0.08416691104030054, 0.00155454947399017, 0.026669479473171217, 0.0007257743015326518, 0.01229783353355801, 0.0005116398576010239, 0.009504900895606228, 0.00043035368424230357]</VALUES>
		<LCS_MIN>[0.11178118735551834, 0.11586415022611618, 0.0788741409778595, 0.02444368042051792, 0.010842828080058098, 0.008192956447601318]</LCS_MIN>
		<LCS_MAX>[0.11754059791564941, 0.12354335188865662, 0.08925729244947433, 0.029770459979772568, 0.014357958920300007, 0.011410652659833431]</LCS_MAX>
		<WAVELENGTH>[0.48, 0.56, 0.655, 0.865, 1.61, 2.2]</WAVELENGTH>
		<MEAN_VALUE>[0.11473286432204872, 0.12126439697794615, 0.08416691104030054, 0.026669479473171217, 0.01229783353355801, 0.009504900895606228]</MEAN_VALUE>
		<CHECKBOX>2</CHECKBOX>
		<SD>[0.0007557759786984688, 0.0011966796278632377, 0.00155454947399017, 0.0007257743015326518, 0.0005116398576010239, 0.00043035368424230357]</SD>
		<WAVELENGTH_UNIT>E-6m</WAVELENGTH_UNIT>
		<COLOR>#1e187a</COLOR>
		<COVARIANCE_MATRIX>[[5.743313522543758e-07, 7.160435870900983e-07, 3.7746968928331626e-07, 2.9189766337367473e-07, 2.320389285159763e-07, 2.1132163396941905e-07], [7.160435870900983e-07, 1.4554379959008656e-06, 1.0513153938518371e-06, 2.191669921103312e-07, 2.603711948268028e-07, 2.556783726959111e-07], [3.7746968928331626e-07, 1.0513153938518371e-06, 2.2537840322911507e-06, 4.475087678201817e-07, 2.4989293478938635e-07, 2.180222509196028e-07], [2.9189766337367473e-07, 2.191669921103312e-07, 4.475087678201817e-07, 5.43546661901928e-07, 2.849827183126763e-07, 2.3250450453815574e-07], [2.320389285159763e-07, 2.603711948268028e-07, 2.4989293478938635e-07, 2.849827183126763e-07, 2.707500925680506e-07, 1.9922751448575582e-07], [2.1132163396941905e-07, 2.556783726959111e-07, 2.180222509196028e-07, 2.3250450453815574e-07, 1.9922751448575582e-07, 1.8996186668118753e-07]]</COVARIANCE_MATRIX>
		<ROI_SIZE>10200</ROI_SIZE>
		<MAX_VALUE>[0.11754059791564941, 0.12354335188865662, 0.08925729244947433, 0.029770459979772568, 0.014357958920300007, 0.011410652659833431]</MAX_VALUE>
		<MIN_VALUE>[0.11178118735551834, 0.11586415022611618, 0.0788741409778595, 0.02444368042051792, 0.010842828080058098, 0.008192956447601318]</MIN_VALUE>
		<SIGNATURE_THRESHOLD_MD>0.0</SIGNATURE_THRESHOLD_MD>
		<SIGNATURE_THRESHOLD_ML>0.0</SIGNATURE_THRESHOLD_ML>
		<SIGNATURE_THRESHOLD_SAM>0.0</SIGNATURE_THRESHOLD_SAM>
	</signature>
	<signature ID="20220207_150427875820_275">
		<MACROCLASSID>1</MACROCLASSID>
		<MACROCLASSINFO>waterbody</MACROCLASSINFO>
		<CLASSID>11</CLASSID>
		<CLASSINFO>C 1</CLASSINFO>
		<VALUES>[0.11344922546039146, 0.0010705556996857392, 0.11941450868945298, 0.0013010934553353813, 0.08607770065982921, 0.0014800273466397617, 0.030977059795641016, 0.0017743388622265613, 0.015345757829929049, 0.0012959560270676674, 0.01196999542611861, 0.0010531592961624517]</VALUES>
		<LCS_MIN>[0.10883388668298721, 0.11326836049556732, 0.08044244349002838, 0.025579340755939484, 0.011140263639390469, 0.008760781027376652]</LCS_MIN>
		<LCS_MAX>[0.11656716465950012, 0.12284032255411148, 0.09001439809799194, 0.0358002632856369, 0.018954666331410408, 0.01481762994080782]</LCS_MAX>
		<WAVELENGTH>[0.48, 0.56, 0.655, 0.865, 1.61, 2.2]</WAVELENGTH>
		<MEAN_VALUE>[0.11344922546039146, 0.11941450868945298, 0.08607770065982921, 0.030977059795641016, 0.015345757829929049, 0.01196999542611861]</MEAN_VALUE>
		<CHECKBOX>2</CHECKBOX>
		<SD>[0.0010705556996857392, 0.0013010934553353813, 0.0014800273466397617, 0.0017743388622265613, 0.0012959560270676674, 0.0010531592961624517]</SD>
		<WAVELENGTH_UNIT>E-6m</WAVELENGTH_UNIT>
		<COLOR>#0855be</COLOR>
		<COVARIANCE_MATRIX>[[1.1536906185938278e-06, 9.345561693407944e-07, 8.919398055695638e-07, 9.84735379461199e-07, 6.937916054994275e-07, 5.909496962885896e-07], [9.345561693407944e-07, 1.5302235851777368e-06, 1.4595342463508132e-06, 2.4975329893095477e-07, 2.3204731292025826e-07, 2.1384224169196386e-07], [8.919398055695638e-07, 1.4595342463508132e-06, 2.004332600336056e-06, 8.025013471524289e-07, 5.698185532310163e-07, 4.953203074364865e-07], [9.84735379461199e-07, 2.4975329893095477e-07, 8.025013471524289e-07, 2.826341642503394e-06, 1.9097024051006883e-06, 1.5900151311143418e-06], [6.937916054994275e-07, 2.3204731292025826e-07, 5.698185532310163e-07, 1.9097024051006883e-06, 1.502160330346669e-06, 1.1996324928986724e-06], [5.909496962885896e-07, 2.1384224169196386e-07, 4.953203074364865e-07, 1.5900151311143418e-06, 1.1996324928986724e-06, 1.010579808280454e-06]]</COVARIANCE_MATRIX>
		<ROI_SIZE>10199</ROI_SIZE>
		<MAX_VALUE>[0.11656716465950012, 0.12284032255411148, 0.09001439809799194, 0.0358002632856369, 0.018954666331410408, 0.01481762994080782]</MAX_VALUE>
		<MIN_VALUE>[0.10883388668298721, 0.11326836049556732, 0.08044244349002838, 0.025579340755939484, 0.011140263639390469, 0.008760781027376652]</MIN_VALUE>
		<SIGNATURE_THRESHOLD_MD>0.0</SIGNATURE_THRESHOLD_MD>
		<SIGNATURE_THRESHOLD_ML>0.0</SIGNATURE_THRESHOLD_ML>
		<SIGNATURE_THRESHOLD_SAM>0.0</SIGNATURE_THRESHOLD_SAM>
	</signature>
	<signature ID="20220207_150436207718_709">
		<MACROCLASSID>1</MACROCLASSID>
		<MACROCLASSINFO>waterbody</MACROCLASSINFO>
		<CLASSID>12</CLASSID>
		<CLASSINFO>C 1</CLASSINFO>
		<VALUES>[0.109676705308489, 0.0021857260415604858, 0.11629691604793686, 0.0060339724487282346, 0.12039911074890303, 0.01214208399754648, 0.060915193779720496, 0.010477913404741978, 0.02861026794524844, 0.008945200797227056, 0.022399133791398147, 0.007139410810497994]</VALUES>
		<LCS_MIN>[0.10112763196229935, 0.09428663551807404, 0.09407033026218414, 0.04580485448241234, 0.020414797589182854, 0.015358418226242065]</LCS_MIN>
		<LCS_MAX>[0.11424177139997482, 0.1256254017353058, 0.1407945454120636, 0.09352952986955643, 0.06159592047333717, 0.05288920924067497]</LCS_MAX>
		<WAVELENGTH>[0.48, 0.56, 0.655, 0.865, 1.61, 2.2]</WAVELENGTH>
		<MEAN_VALUE>[0.109676705308489, 0.11629691604793686, 0.12039911074890303, 0.060915193779720496, 0.02861026794524844, 0.022399133791398147]</MEAN_VALUE>
		<CHECKBOX>2</CHECKBOX>
		<SD>[0.0021857260415604858, 0.0060339724487282346, 0.01214208399754648, 0.010477913404741978, 0.008945200797227056, 0.007139410810497994]</SD>
		<WAVELENGTH_UNIT>E-6m</WAVELENGTH_UNIT>
		<COLOR>#08daa6</COLOR>
		<COVARIANCE_MATRIX>[[4.802151579497149e-06, 1.2398870239849202e-05, 2.0476869394769892e-05, -1.0635657417878974e-05, -6.409117759176297e-06, -4.147414529143134e-06], [1.2398870239849202e-05, 3.659747017081827e-05, 6.51398950139992e-05, -2.771666731860023e-05, -1.8083806935464963e-05, -1.190450075228e-05], [2.0476869394769892e-05, 6.51398950139992e-05, 0.0001481940853409469, -1.0338259016862139e-05, -1.2286008313822094e-05, -4.1015518945641816e-06], [-1.0635657417878974e-05, -2.771666731860023e-05, -1.0338259016862139e-05, 0.00011035551142413169, 7.854533032514155e-05, 6.0512822528835386e-05], [-6.409117759176297e-06, -1.8083806935464963e-05, -1.2286008313822094e-05, 7.854533032514155e-05, 8.04312076070346e-05, 6.2385035562329e-05], [-4.147414529143134e-06, -1.190450075228e-05, -4.1015518945641816e-06, 6.0512822528835386e-05, 6.2385035562329e-05, 5.123528535477817e-05]]</COVARIANCE_MATRIX>
		<ROI_SIZE>194</ROI_SIZE>
		<MAX_VALUE>[0.11424177139997482, 0.1256254017353058, 0.1407945454120636, 0.09352952986955643, 0.06159592047333717, 0.05288920924067497]</MAX_VALUE>
		<MIN_VALUE>[0.10112763196229935, 0.09428663551807404, 0.09407033026218414, 0.04580485448241234, 0.020414797589182854, 0.015358418226242065]</MIN_VALUE>
		<SIGNATURE_THRESHOLD_MD>0.0</SIGNATURE_THRESHOLD_MD>
		<SIGNATURE_THRESHOLD_ML>0.0</SIGNATURE_THRESHOLD_ML>
		<SIGNATURE_THRESHOLD_SAM>0.0</SIGNATURE_THRESHOLD_SAM>
	</signature>
	<signature ID="20220207_150442529426_556">
		<MACROCLASSID>1</MACROCLASSID>
		<MACROCLASSINFO>waterbody</MACROCLASSINFO>
		<CLASSID>13</CLASSID>
		<CLASSINFO>C 1</CLASSINFO>
		<VALUES>[0.11818237299337492, 0.0009058144192524565, 0.12281498151586616, 0.0010723229339623564, 0.08199492594181573, 0.0014447472265172432, 0.030502168813931228, 0.0022523968694016807, 0.01573979651954825, 0.001799750107711232, 0.01256055554312185, 0.0014632414643783072]</VALUES>
		<LCS_MIN>[0.10815788805484772, 0.10521059483289719, 0.07638651132583618, 0.02628236450254917, 0.012573347426950932, 0.009842358529567719]</LCS_MIN>
		<LCS_MAX>[0.12102869153022766, 0.12594987452030182, 0.08636406809091568, 0.0685180202126503, 0.040342897176742554, 0.030446447432041168]</LCS_MAX>
		<WAVELENGTH>[0.48, 0.56, 0.655, 0.865, 1.61, 2.2]</WAVELENGTH>
		<MEAN_VALUE>[0.11818237299337492, 0.12281498151586616, 0.08199492594181573, 0.030502168813931228, 0.01573979651954825, 0.01256055554312185]</MEAN_VALUE>
		<CHECKBOX>2</CHECKBOX>
		<SD>[0.0009058144192524565, 0.0010723229339623564, 0.0014447472265172432, 0.0022523968694016807, 0.001799750107711232, 0.0014632414643783072]</SD>
		<WAVELENGTH_UNIT>E-6m</WAVELENGTH_UNIT>
		<COLOR>#df1ca2</COLOR>
		<COVARIANCE_MATRIX>[[7.73649162510992e-07, 7.16932333943987e-07, 8.488572120768367e-07, 1.0609710443532094e-06, 7.536667112617579e-07, 6.512936465696839e-07], [7.16932333943987e-07, 1.0577419971014024e-06, 1.0281349887009128e-06, 4.959745183441555e-07, 3.2528467386327975e-07, 3.098372189924703e-07], [8.488572120768367e-07, 1.0281349887009128e-06, 1.8692672938414034e-06, 1.7881426401800127e-06, 1.3222305597082595e-06, 1.1167098818987142e-06], [1.0609710443532094e-06, 4.959745183441555e-07, 1.7881426401800127e-06, 4.333719061833108e-06, 3.3464064017607598e-06, 2.7414891974331113e-06], [7.536667112617579e-07, 3.2528467386327975e-07, 1.3222305597082595e-06, 3.3464064017607598e-06, 2.7489384137879824e-06, 2.213631432823604e-06], [6.512936465696839e-07, 3.098372189924703e-07, 1.1167098818987142e-06, 2.7414891974331113e-06, 2.213631432823604e-06, 1.8336223774895188e-06]]</COVARIANCE_MATRIX>
		<ROI_SIZE>10179</ROI_SIZE>
		<MAX_VALUE>[0.12102869153022766, 0.12594987452030182, 0.08636406809091568, 0.0685180202126503, 0.040342897176742554, 0.030446447432041168]</MAX_VALUE>
		<MIN_VALUE>[0.10815788805484772, 0.10521059483289719, 0.07638651132583618, 0.02628236450254917, 0.012573347426950932, 0.009842358529567719]</MIN_VALUE>
		<SIGNATURE_THRESHOLD_MD>0.0</SIGNATURE_THRESHOLD_MD>
		<SIGNATURE_THRESHOLD_ML>0.0</SIGNATURE_THRESHOLD_ML>
		<SIGNATURE_THRESHOLD_SAM>0.0</SIGNATURE_THRESHOLD_SAM>
	</signature>
	<signature ID="20220207_150448806920_243">
		<MACROCLASSID>1</MACROCLASSID>
		<MACROCLASSINFO>waterbody</MACROCLASSINFO>
		<CLASSID>14</CLASSID>
		<CLASSINFO>C 1</CLASSINFO>
		<VALUES>[0.11587741495088569, 0.0004587339017911562, 0.12257056873008958, 0.0006288333630007839, 0.08753391466543056, 0.0019055396887194542, 0.02097577373205186, 0.0004503927491078952, 0.007549411494349427, 0.00025873095317942253, 0.005803245968775513, 0.00023429236428911963]</VALUES>
		<LCS_MIN>[0.11462033540010452, 0.12081236392259598, 0.08306526392698288, 0.019630655646324158, 0.006705780513584614, 0.005083414725959301]</LCS_MIN>
		<LCS_MAX>[0.11764874309301376, 0.12430045753717422, 0.09198828786611557, 0.022875387221574783, 0.00889598112553358, 0.006949143949896097]</LCS_MAX>
		<WAVELENGTH>[0.48, 0.56, 0.655, 0.865, 1.61, 2.2]</WAVELENGTH>
		<MEAN_VALUE>[0.11587741495088569, 0.12257056873008958, 0.08753391466543056, 0.02097577373205186, 0.007549411494349427, 0.005803245968775513]</MEAN_VALUE>
		<CHECKBOX>2</CHECKBOX>
		<SD>[0.0004587339017911562, 0.0006288333630007839, 0.0019055396887194542, 0.0004503927491078952, 0.00025873095317942253, 0.00023429236428911963]</SD>
		<WAVELENGTH_UNIT>E-6m</WAVELENGTH_UNIT>
		<COLOR>#835089</COLOR>
		<COVARIANCE_MATRIX>[[2.0111689025270607e-07, 2.1109543979491718e-07, 5.543539032260014e-07, 1.213473268535381e-07, 4.815243670464042e-08, 4.4394663945013235e-08], [2.1109543979491718e-07, 3.441196838593896e-07, 8.423779149779875e-07, 1.6597651608663e-07, 5.970769478835791e-08, 5.6350298649476827e-08], [5.543539032260014e-07, 8.423779149779875e-07, 2.927880359493429e-06, 5.259325916995294e-07, 1.4305764750588423e-07, 1.4386418456524552e-07], [1.213473268535381e-07, 1.6597651608663e-07, 5.259325916995294e-07, 1.8975380555730226e-07, 6.146523645611524e-08, 5.667576630230542e-08], [4.815243670464042e-08, 5.970769478835791e-08, 1.4305764750588423e-07, 6.146523645611524e-08, 6.903670168867393e-08, 3.658445280052547e-08], [4.4394663945013235e-08, 5.6350298649476827e-08, 1.4386418456524552e-07, 5.667576630230542e-08, 3.658445280052547e-08, 5.440850969762323e-08]]</COVARIANCE_MATRIX>
		<ROI_SIZE>10201</ROI_SIZE>
		<MAX_VALUE>[0.11764874309301376, 0.12430045753717422, 0.09198828786611557, 0.022875387221574783, 0.00889598112553358, 0.006949143949896097]</MAX_VALUE>
		<MIN_VALUE>[0.11462033540010452, 0.12081236392259598, 0.08306526392698288, 0.019630655646324158, 0.006705780513584614, 0.005083414725959301]</MIN_VALUE>
		<SIGNATURE_THRESHOLD_MD>0.0</SIGNATURE_THRESHOLD_MD>
		<SIGNATURE_THRESHOLD_ML>0.0</SIGNATURE_THRESHOLD_ML>
		<SIGNATURE_THRESHOLD_SAM>0.0</SIGNATURE_THRESHOLD_SAM>
	</signature>
	<signature ID="20220207_150453395410_302">
		<MACROCLASSID>1</MACROCLASSID>
		<MACROCLASSINFO>waterbody</MACROCLASSINFO>
		<CLASSID>15</CLASSID>
		<CLASSINFO>C 1</CLASSINFO>
		<VALUES>[0.11063677524978469, 0.001449281382785707, 0.11263396019285378, 0.0021947357474886965, 0.09484493550929156, 0.0023028600873137416, 0.03706305262717333, 0.00903425230391419, 0.013679510663178834, 0.0028768138717827837, 0.009475806717845531, 0.0014155148836271748]</VALUES>
		<LCS_MIN>[0.10496722906827927, 0.10407492518424988, 0.08520138263702393, 0.026255328208208084, 0.010410193353891373, 0.007516968529671431]</LCS_MIN>
		<LCS_MAX>[0.1127275601029396, 0.1167023628950119, 0.09823440760374069, 0.06951848417520523, 0.02703947015106678, 0.017819007858633995]</LCS_MAX>
		<WAVELENGTH>[0.48, 0.56, 0.655, 0.865, 1.61, 2.2]</WAVELENGTH>
		<MEAN_VALUE>[0.11063677524978469, 0.11263396019285378, 0.09484493550929156, 0.03706305262717333, 0.013679510663178834, 0.009475806717845531]</MEAN_VALUE>
		<CHECKBOX>2</CHECKBOX>
		<SD>[0.001449281382785707, 0.0021947357474886965, 0.0023028600873137416, 0.00903425230391419, 0.0028768138717827837, 0.0014155148836271748]</SD>
		<WAVELENGTH_UNIT>E-6m</WAVELENGTH_UNIT>
		<COLOR>#0d448e</COLOR>
		<COVARIANCE_MATRIX>[[2.1080822989461012e-06, 2.976610858240747e-06, 2.3252778191817924e-06, -1.1184974027855787e-05, -3.282171974205994e-06, -1.4767354059586069e-06], [2.976610858240747e-06, 4.834445007873001e-06, 4.021356744488003e-06, -1.5545985661447048e-05, -5.057425823906669e-06, -2.3918962597235804e-06], [2.3252778191817924e-06, 4.021356744488003e-06, 5.32251897311653e-06, -1.5045699910842814e-05, -4.590986918628914e-06, -1.965271394510637e-06], [-1.1184974027855787e-05, -1.5545985661447048e-05, -1.5045699910842814e-05, 8.191559027181938e-05, 2.1750311134383082e-05, 8.351919859705959e-06], [-3.282171974205994e-06, -5.057425823906669e-06, -4.590986918628914e-06, 2.1750311134383082e-05, 8.306262316182256e-06, 3.7200995848252205e-06], [-1.4767354059586069e-06, -2.3918962597235804e-06, -1.965271394510637e-06, 8.351919859705959e-06, 3.7200995848252205e-06, 2.010995103773894e-06]]</COVARIANCE_MATRIX>
		<ROI_SIZE>275</ROI_SIZE>
		<MAX_VALUE>[0.1127275601029396, 0.1167023628950119, 0.09823440760374069, 0.06951848417520523, 0.02703947015106678, 0.017819007858633995]</MAX_VALUE>
		<MIN_VALUE>[0.10496722906827927, 0.10407492518424988, 0.08520138263702393, 0.026255328208208084, 0.010410193353891373, 0.007516968529671431]</MIN_VALUE>
		<SIGNATURE_THRESHOLD_MD>0.0</SIGNATURE_THRESHOLD_MD>
		<SIGNATURE_THRESHOLD_ML>0.0</SIGNATURE_THRESHOLD_ML>
		<SIGNATURE_THRESHOLD_SAM>0.0</SIGNATURE_THRESHOLD_SAM>
	</signature>
	<signature ID="20220207_150459350317_647">
		<MACROCLASSID>1</MACROCLASSID>
		<MACROCLASSINFO>waterbody</MACROCLASSINFO>
		<CLASSID>16</CLASSID>
		<CLASSINFO>C 1</CLASSINFO>
