<?xml version="1.0" ?>
<signaturelist MCID_LIST="[['1', 'waterbody', '#000000'], ['2', 'vegetation', '#000000'], ['3', 'bareland', '#000000'], ['4', 'built-up', '#000000']]">
	<signature ID="20211203_095530286139_802">
		<MACROCLASSID>1</MACROCLASSID>
		<MACROCLASSINFO>waterbody</MACROCLASSINFO>
		<CLASSID>1</CLASSID>
		<CLASSINFO>C 1</CLASSINFO>
		<VALUES>[0.1215021704683208, 0.0012665519092356463, 0.1288267851281579, 0.0017529147931364608, 0.10096906663069241, 0.0038159592988889126, 0.025452792413053246, 0.0011936725931044141, 0.008853512998784063, 0.0008097046256096366, 0.006568298001447861, 0.0006423279499495338]</VALUES>
		<LCS_MIN>[0.11672940105199814, 0.12194803357124329, 0.08714821189641953, 0.02265908010303974, 0.0068409801460802555, 0.00500229699537158]</LCS_MIN>
		<LCS_MAX>[0.1243545338511467, 0.13197965919971466, 0.10775230824947357, 0.029202625155448914, 0.011167299002408981, 0.008571510203182697]</LCS_MAX>
		<WAVELENGTH>[0.48, 0.56, 0.655, 0.865, 1.61, 2.2]</WAVELENGTH>
		<MEAN_VALUE>[0.1215021704683208, 0.1288267851281579, 0.10096906663069241, 0.025452792413053246, 0.008853512998784063, 0.006568298001447861]</MEAN_VALUE>
		<CHECKBOX>2</CHECKBOX>
		<SD>[0.0012665519092356463, 0.0017529147931364608, 0.0038159592988889126, 0.0011936725931044141, 0.0008097046256096366, 0.0006423279499495338]</SD>
		<WAVELENGTH_UNIT>E-6m</WAVELENGTH_UNIT>
		<COLOR>#e1a3f7</COLOR>
		<COVARIANCE_MATRIX>[[1.5927160050221486e-06, 2.1476205160079535e-06, 4.095760501488113e-06, 6.781240330590612e-07, -1.1631053783621486e-07, -7.884922641642263e-08], [2.1476205160079535e-06, 3.1107498398191484e-06, 5.995442433579428e-06, 8.811477940614725e-07, -3.0434911914739684e-07, -2.201168667130597e-07], [4.095760501488113e-06, 5.995442433579428e-06, 1.4417464414982241e-05, 2.7047574591427414e-06, -5.354186440612327e-07, -3.9333105136062067e-07], [6.781240330590612e-07, 8.811477940614725e-07, 2.7047574591427414e-06, 1.2393237722813346e-06, 4.819923829886395e-07, 3.863561930964902e-07], [-1.1631053783621486e-07, -3.0434911914739684e-07, -5.354186440612327e-07, 4.819923829886395e-07, 6.182169253609034e-07, 4.644258276698329e-07], [-7.884922641642263e-08, -2.201168667130597e-07, -3.9333105136062067e-07, 3.863561930964902e-07, 4.644258276698329e-07, 3.9125669301875743e-07]]</COVARIANCE_MATRIX>
		<ROI_SIZE>10201</ROI_SIZE>
		<MAX_VALUE>[0.1243545338511467, 0.13197965919971466, 0.10775230824947357, 0.029202625155448914, 0.011167299002408981, 0.008571510203182697]</MAX_VALUE>
		<MIN_VALUE>[0.11672940105199814, 0.12194803357124329, 0.08714821189641953, 0.02265908010303974, 0.0068409801460802555, 0.00500229699537158]</MIN_VALUE>
		<SIGNATURE_THRESHOLD_MD>0</SIGNATURE_THRESHOLD_MD>
		<SIGNATURE_THRESHOLD_ML>0</SIGNATURE_THRESHOLD_ML>
		<SIGNATURE_THRESHOLD_SAM>0</SIGNATURE_THRESHOLD_SAM>
	</signature>
	<signature ID="20211203_095535651735_179">
		<MACROCLASSID>1</MACROCLASSID>
		<MACROCLASSINFO>waterbody</MACROCLASSINFO>
		<CLASSID>2</CLASSID>
		<CLASSINFO>C 1</CLASSINFO>
		<VALUES>[0.11720945282098477, 0.0009090763057981762, 0.123782918934185, 0.0009349770634769565, 0.08677457393986156, 0.003030537911633446, 0.021732263236303548, 0.000924346966880825, 0.008246405327096317, 0.0006995792939845627, 0.006283700877874334, 0.0005574071198915067]</VALUES>
		<LCS_MIN>[0.11489071696996689, 0.12175874412059784, 0.08301117271184921, 0.019630655646324158, 0.006651708856225014, 0.004948215093463659]</LCS_MIN>
		<LCS_MAX>[0.11981191486120224, 0.1278967261314392, 0.10220920294523239, 0.02574157528579235, 0.010464275255799294, 0.008111839182674885]</LCS_MAX>
		<WAVELENGTH>[0.48, 0.56, 0.655, 0.865, 1.61, 2.2]</WAVELENGTH>
		<MEAN_VALUE>[0.11720945282098477, 0.123782918934185, 0.08677457393986156, 0.021732263236303548, 0.008246405327096317, 0.006283700877874334]</MEAN_VALUE>
		<CHECKBOX>2</CHECKBOX>
		<SD>[0.0009090763057981762, 0.0009349770634769565, 0.003030537911633446, 0.000924346966880825, 0.0006995792939845627, 0.0005574071198915067]</SD>
		<WAVELENGTH_UNIT>E-6m</WAVELENGTH_UNIT>
		<COLOR>#1a1cf7</COLOR>
		<COVARIANCE_MATRIX>[[7.335016326480597e-07, 6.304969549882104e-07, 1.2491467948733866e-06, 5.474085976768014e-07, 3.5639438400391504e-07, 2.822991202282212e-07], [6.304969549882104e-07, 7.948156776170335e-07, 2.007695944066204e-06, 5.9183473210865e-07, 2.8855545841529716e-07, 2.3080054905293554e-07], [1.2491467948733866e-06, 2.007695944066204e-06, 8.195185319999372e-06, 1.6022241984313121e-06, 2.2922517490135318e-07, 1.6636336763631466e-07], [5.474085976768014e-07, 5.9183473210865e-07, 1.6022241984313121e-06, 7.531706741091439e-07, 4.1096654299626124e-07, 3.332466393921765e-07], [3.5639438400391504e-07, 2.8855545841529716e-07, 2.2922517490135318e-07, 4.1096654299626124e-07, 4.619324316621671e-07, 3.41568081518113e-07], [2.822991202282212e-07, 2.3080054905293554e-07, 1.6636336763631466e-07, 3.332466393921765e-07, 3.41568081518113e-07, 2.9949637873860674e-07]]</COVARIANCE_MATRIX>
		<ROI_SIZE>10201</ROI_SIZE>
		<MAX_VALUE>[0.11981191486120224, 0.1278967261314392, 0.10220920294523239, 0.02574157528579235, 0.010464275255799294, 0.008111839182674885]</MAX_VALUE>
		<MIN_VALUE>[0.11489071696996689, 0.12175874412059784, 0.08301117271184921, 0.019630655646324158, 0.006651708856225014, 0.004948215093463659]</MIN_VALUE>
		<SIGNATURE_THRESHOLD_MD>0</SIGNATURE_THRESHOLD_MD>
		<SIGNATURE_THRESHOLD_ML>0</SIGNATURE_THRESHOLD_ML>
		<SIGNATURE_THRESHOLD_SAM>0</SIGNATURE_THRESHOLD_SAM>
	</signature>
	<signature ID="20211203_095543368960_126">
		<MACROCLASSID>1</MACROCLASSID>
		<MACROCLASSINFO>waterbody</MACROCLASSINFO>
		<CLASSID>3</CLASSID>
		<CLASSINFO>C 1</CLASSINFO>
		<VALUES>[0.11689787410052141, 0.0005464419814421276, 0.12400921617231961, 0.0007509053084398383, 0.09284568092856471, 0.0014863769071009835, 0.021821069654704362, 0.0005972742310166322, 0.007503457811565782, 0.0004121043026001101, 0.005717522771752402, 0.00036501071259675854]</VALUES>
		<LCS_MIN>[0.11521518975496292, 0.12183987349271774, 0.08947362005710602, 0.020198479294776917, 0.00638130959123373, 0.004704861901700497]</LCS_MIN>
		<LCS_MAX>[0.1191088855266571, 0.12673401832580566, 0.09739618748426437, 0.024065127596259117, 0.009382687509059906, 0.007327697239816189]</LCS_MAX>
		<WAVELENGTH>[0.48, 0.56, 0.655, 0.865, 1.61, 2.2]</WAVELENGTH>
		<MEAN_VALUE>[0.11689787410052141, 0.12400921617231961, 0.09284568092856471, 0.021821069654704362, 0.007503457811565782, 0.005717522771752402]</MEAN_VALUE>
		<CHECKBOX>2</CHECKBOX>
		<SD>[0.0005464419814421276, 0.0007509053084398383, 0.0014863769071009835, 0.0005972742310166322, 0.0004121043026001101, 0.00036501071259675854]</SD>
		<WAVELENGTH_UNIT>E-6m</WAVELENGTH_UNIT>
		<COLOR>#47cd02</COLOR>
		<COVARIANCE_MATRIX>[[2.65611078199575e-07, 3.052682223049649e-07, 4.4857436831842924e-07, 1.999874633983691e-07, 1.0681173470924638e-07, 9.079630790721811e-08], [3.052682223049649e-07, 5.121319747153473e-07, 5.954349320936379e-07, 2.791173127580777e-07, 1.7790693023797117e-07, 1.5432542642879562e-07], [4.4857436831842924e-07, 5.954349320936379e-07, 1.761729107450649e-06, 5.552593157197162e-07, 1.2483274989294267e-07, 1.0053943127458991e-07], [1.999874633983691e-07, 2.791173127580777e-07, 5.552593157197162e-07, 3.4787954256688955e-07, 1.6083232705920598e-07, 1.38563273673708e-07], [1.0681173470924638e-07, 1.7790693023797117e-07, 1.2483274989294267e-07, 1.6083232705920598e-07, 1.8109740527170338e-07, 1.359153773924974e-07], [9.079630790721811e-08, 1.5432542642879562e-07, 1.0053943127458991e-07, 1.38563273673708e-07, 1.359153773924974e-07, 1.4351955964698088e-07]]</COVARIANCE_MATRIX>
		<ROI_SIZE>10201</ROI_SIZE>
		<MAX_VALUE>[0.1191088855266571, 0.12673401832580566, 0.09739618748426437, 0.024065127596259117, 0.009382687509059906, 0.007327697239816189]</MAX_VALUE>
		<MIN_VALUE>[0.11521518975496292, 0.12183987349271774, 0.08947362005710602, 0.020198479294776917, 0.00638130959123373, 0.004704861901700497]</MIN_VALUE>
		<SIGNATURE_THRESHOLD_MD>0</SIGNATURE_THRESHOLD_MD>
		<SIGNATURE_THRESHOLD_ML>0</SIGNATURE_THRESHOLD_ML>
		<SIGNATURE_THRESHOLD_SAM>0</SIGNATURE_THRESHOLD_SAM>
	</signature>
	<signature ID="20211203_095548109074_974">
		<MACROCLASSID>1</MACROCLASSID>
		<MACROCLASSINFO>waterbody</MACROCLASSINFO>
		<CLASSID>4</CLASSID>
		<CLASSINFO>C 1</CLASSINFO>
		<VALUES>[0.11507922379244673, 0.0005099463786072286, 0.12141188696985787, 0.0008202802314806294, 0.09796254900668323, 0.001930224723210736, 0.023331875735801616, 0.0006477384230174025, 0.0077359527672975865, 0.0006269692168393571, 0.0059637113525793425, 0.0005214003772615373]</VALUES>
		<LCS_MIN>[0.11275459825992584, 0.1176757961511612, 0.09409736841917038, 0.021631574258208275, 0.006489473395049572, 0.004894143436104059]</LCS_MIN>
		<LCS_MAX>[0.11683756113052368, 0.12316481024026871, 0.10588657110929489, 0.025390058755874634, 0.009544933214783669, 0.007516968529671431]</LCS_MAX>
		<WAVELENGTH>[0.48, 0.56, 0.655, 0.865, 1.61, 2.2]</WAVELENGTH>
		<MEAN_VALUE>[0.11507922379244673, 0.12141188696985787, 0.09796254900668323, 0.023331875735801616, 0.0077359527672975865, 0.0059637113525793425]</MEAN_VALUE>
		<CHECKBOX>2</CHECKBOX>
		<SD>[0.0005099463786072286, 0.0008202802314806294, 0.001930224723210736, 0.0006477384230174025, 0.0006269692168393571, 0.0005214003772615373]</SD>
		<WAVELENGTH_UNIT>E-6m</WAVELENGTH_UNIT>
		<COLOR>#ff42bb</COLOR>
		<COVARIANCE_MATRIX>[[2.920307924939094e-07, 3.6381834704058307e-07, 3.585714517116749e-07, 6.021686770171784e-08, 1.2782726863564807e-10, 8.748641305125132e-10], [3.6381834704058307e-07, 7.073004400275393e-07, 8.251400679761126e-07, -1.053292770252018e-07, -2.1319543957677256e-07, -1.689674633758272e-07], [3.585714517116749e-07, 8.251400679761126e-07, 3.136436351335386e-06, 1.5623464036339152e-07, -5.828574235285274e-07, -4.5642282143716045e-07], [6.021686770171784e-08, -1.053292770252018e-07, 1.5623464036339152e-07, 6.434755449877221e-07, 4.987691745692979e-07, 3.844061178443027e-07], [1.2782726863564807e-10, -2.1319543957677256e-07, -5.828574235285274e-07, 4.987691745692979e-07, 6.945806452880274e-07, 5.014994958222102e-07], [8.748641305125132e-10, -1.689674633758272e-07, -4.5642282143716045e-07, 3.844061178443027e-07, 5.014994958222102e-07, 4.081222229732452e-07]]</COVARIANCE_MATRIX>
		<ROI_SIZE>10168</ROI_SIZE>
		<MAX_VALUE>[0.11683756113052368, 0.12316481024026871, 0.10588657110929489, 0.025390058755874634, 0.009544933214783669, 0.007516968529671431]</MAX_VALUE>
		<MIN_VALUE>[0.11275459825992584, 0.1176757961511612, 0.09409736841917038, 0.021631574258208275, 0.006489473395049572, 0.004894143436104059]</MIN_VALUE>
		<SIGNATURE_THRESHOLD_MD>0</SIGNATURE_THRESHOLD_MD>
		<SIGNATURE_THRESHOLD_ML>0</SIGNATURE_THRESHOLD_ML>
		<SIGNATURE_THRESHOLD_SAM>0</SIGNATURE_THRESHOLD_SAM>
	</signature>
	<signature ID="20211203_095556318128_399">
		<MACROCLASSID>1</MACROCLASSID>
		<MACROCLASSINFO>waterbody</MACROCLASSINFO>
		<CLASSID>5</CLASSID>
		<CLASSINFO>C 1</CLASSINFO>
		<VALUES>[0.09554443631658945, 0.007590555821855329, 0.08695708574452284, 0.013946381959542394, 0.06062956631903534, 0.00933885970919036, 0.03303163898905372, 0.005551821859652229, 0.01739666670681646, 0.0033371580221363546, 0.0129712297945406, 0.0021272593314118353]</VALUES>
		<LCS_MIN>[0.08084802329540253, 0.06032507121562958, 0.04058624058961868, 0.02390289306640625, 0.011924405582249165, 0.009193416684865952]</LCS_MIN>
		<LCS_MAX>[0.10959099233150482, 0.10945579409599304, 0.0772247239947319, 0.06175815314054489, 0.03288000077009201, 0.022767232730984688]</LCS_MAX>
		<WAVELENGTH>[0.48, 0.56, 0.655, 0.865, 1.61, 2.2]</WAVELENGTH>
		<MEAN_VALUE>[0.09554443631658945, 0.08695708574452284, 0.06062956631903534, 0.03303163898905372, 0.01739666670681646, 0.0129712297945406]</MEAN_VALUE>
		<CHECKBOX>2</CHECKBOX>
		<SD>[0.007590555821855329, 0.013946381959542394, 0.00933885970919036, 0.005551821859652229, 0.0033371580221363546, 0.0021272593314118353]</SD>
		<WAVELENGTH_UNIT>E-6m</WAVELENGTH_UNIT>
		<COLOR>#f9e8ff</COLOR>
		<COVARIANCE_MATRIX>[[5.765469433217581e-05, 0.0001053479164065632, 7.036453368972306e-05, -2.0318816213190112e-05, -1.673642930904478e-05, -1.1757167333558552e-05], [0.0001053479164065632, 0.00019463037874804497, 0.00012987547632668174, -4.0077327432150345e-05, -3.232999734733407e-05, -2.2632884411022034e-05], [7.036453368972306e-05, 0.00012987547632668174, 8.72720584829509e-05, -2.578243336231651e-05, -2.1122631208932567e-05, -1.4814791001930467e-05], [-2.0318816213190112e-05, -4.0077327432150345e-05, -2.578243336231651e-05, 3.084313836261127e-05, 1.6710852288131757e-05, 9.907357997272235e-06], [-1.673642930904478e-05, -3.232999734733407e-05, -2.1122631208932567e-05, 1.6710852288131757e-05, 1.1143998912169146e-05, 6.897398447221038e-06], [-1.1757167333558552e-05, -2.2632884411022034e-05, -1.4814791001930467e-05, 9.907357997272235e-06, 6.897398447221038e-06, 4.52822910563704e-06]]</COVARIANCE_MATRIX>
		<ROI_SIZE>1511</ROI_SIZE>
		<MAX_VALUE>[0.10959099233150482, 0.10945579409599304, 0.0772247239947319, 0.06175815314054489, 0.03288000077009201, 0.022767232730984688]</MAX_VALUE>
		<MIN_VALUE>[0.08084802329540253, 0.06032507121562958, 0.04058624058961868, 0.02390289306640625, 0.011924405582249165, 0.009193416684865952]</MIN_VALUE>
		<SIGNATURE_THRESHOLD_MD>0</SIGNATURE_THRESHOLD_MD>
		<SIGNATURE_THRESHOLD_ML>0</SIGNATURE_THRESHOLD_ML>
		<SIGNATURE_THRESHOLD_SAM>0</SIGNATURE_THRESHOLD_SAM>
	</signature>
	<signature ID="20211203_095600009092_821">
		<MACROCLASSID>1</MACROCLASSID>
		<MACROCLASSINFO>waterbody</MACROCLASSINFO>
		<CLASSID>6</CLASSID>
		<CLASSINFO>C 1</CLASSINFO>
		<VALUES>[0.10384721434619049, 0.0025447520500707027, 0.0998714365154864, 0.0045646631251188095, 0.0808050225836685, 0.0029430994608687423, 0.06172753300472914, 0.012182530918149892, 0.03669549553958051, 0.008115103092127414, 0.02599698379186981, 0.005402863358167719]</VALUES>
		<LCS_MIN>[0.09704466164112091, 0.08514729142189026, 0.07297954708337784, 0.041424475610256195, 0.022848350927233696, 0.017900126054883003]</LCS_MIN>
		<LCS_MAX>[0.1092665046453476, 0.10688704252243042, 0.08709414303302765, 0.08598552644252777, 0.05664770305156708, 0.0461563840508461]</LCS_MAX>
		<WAVELENGTH>[0.48, 0.56, 0.655, 0.865, 1.61, 2.2]</WAVELENGTH>
		<MEAN_VALUE>[0.10384721434619049, 0.0998714365154864, 0.0808050225836685, 0.06172753300472914, 0.03669549553958051, 0.02599698379186981]</MEAN_VALUE>
		<CHECKBOX>2</CHECKBOX>
		<SD>[0.0025447520500707027, 0.0045646631251188095, 0.0029430994608687423, 0.012182530918149892, 0.008115103092127414, 0.005402863358167719]</SD>
		<WAVELENGTH_UNIT>E-6m</WAVELENGTH_UNIT>
		<COLOR>#42f6fb</COLOR>
		<COVARIANCE_MATRIX>[[6.554735715806539e-06, 1.0290295019951612e-05, 6.801451179169552e-06, -1.846338536232599e-05, -7.375938956308584e-06, -2.0790760242407102e-06], [1.0290295019951612e-05, 2.1090248829305078e-05, 1.1132335602461858e-05, -4.017170148350408e-05, -2.180465776613619e-05, -1.1609588532945428e-05], [6.801451179169552e-06, 1.1132335602461858e-05, 8.76746656384113e-06, -2.0290290496116427e-05, -7.567594746273228e-06, -1.293034080691106e-06], [-1.846338536232599e-05, -4.017170148350408e-05, -2.0290290496116427e-05, 0.0001502239871274302, 9.065310248624677e-05, 5.0370331639503945e-05], [-7.375938956308584e-06, -2.180465776613619e-05, -7.567594746273228e-06, 9.065310248624677e-05, 6.665800671043959e-05, 4.151788280969341e-05], [-2.0790760242407102e-06, -1.1609588532945428e-05, -1.293034080691106e-06, 5.0370331639503945e-05, 4.151788280969341e-05, 2.9546919448336618e-05]]</COVARIANCE_MATRIX>
		<ROI_SIZE>83</ROI_SIZE>
		<MAX_VALUE>[0.1092665046453476, 0.10688704252243042, 0.08709414303302765, 0.08598552644252777, 0.05664770305156708, 0.0461563840508461]</MAX_VALUE>
		<MIN_VALUE>[0.09704466164112091, 0.08514729142189026, 0.07297954708337784, 0.041424475610256195, 0.022848350927233696, 0.017900126054883003]</MIN_VALUE>
		<SIGNATURE_THRESHOLD_MD>0</SIGNATURE_THRESHOLD_MD>
		<SIGNATURE_THRESHOLD_ML>0</SIGNATURE_THRESHOLD_ML>
		<SIGNATURE_THRESHOLD_SAM>0</SIGNATURE_THRESHOLD_SAM>
	</signature>
	<signature ID="20211203_095604994764_697">
		<MACROCLASSID>1</MACROCLASSID>
		<MACROCLASSINFO>waterbody</MACROCLASSINFO>
		<CLASSID>7</CLASSID>
		<CLASSINFO>C 1</CLASSINFO>
		<VALUES>[0.11178033613683351, 0.0019805408147547197, 0.11590651469235914, 0.0033346384480589064, 0.08483506902862906, 0.002217665715647137, 0.029702315595328797, 0.0023491647336678135, 0.013954707428435312, 0.001591649834203113, 0.010628619817569452, 0.0012765126797083944]</VALUES>
		<LCS_MIN>[0.10575137287378311, 0.10288520157337189, 0.07765736430883408, 0.025038551539182663, 0.010842828080058098, 0.008003675378859043]</LCS_MIN>
		<LCS_MAX>[0.11691869050264359, 0.12154243886470795, 0.09188014268875122, 0.054430458694696426, 0.021225985139608383, 0.01565585285425186]</LCS_MAX>
		<WAVELENGTH>[0.48, 0.56, 0.655, 0.865, 1.61, 2.2]</WAVELENGTH>
		<MEAN_VALUE>[0.11178033613683351, 0.11590651469235914, 0.08483506902862906, 0.029702315595328797, 0.013954707428435312, 0.010628619817569452]</MEAN_VALUE>
		<CHECKBOX>2</CHECKBOX>
		<SD>[0.0019805408147547197, 0.0033346384480589064, 0.002217665715647137, 0.0023491647336678135, 0.001591649834203113, 0.0012765126797083944]</SD>
		<WAVELENGTH_UNIT>E-6m</WAVELENGTH_UNIT>
		<COLOR>#522c02</COLOR>
		<COVARIANCE_MATRIX>[[3.4072929880607555e-06, 5.273612747419616e-06, 2.235256683740549e-06, -4.642038555133038e-09, 2.2949986341344466e-07, 2.442406089220968e-07], [5.273612747419616e-06, 9.637280017889407e-06, 3.091006491816787e-06, -1.958750259812831e-06, -8.748931359892853e-07, -5.970054056851713e-07], [2.235256683740549e-06, 3.091006491816787e-06, 4.73652775549566e-06, 2.4869618844813814e-06, 1.8023256996625763e-06, 1.4693476377676835e-06], [-4.642038555133038e-09, -1.958750259812831e-06, 2.4869618844813814e-06, 5.316221608580115e-06, 3.4974394875577152e-06, 2.7891628139327857e-06], [2.2949986341344466e-07, -8.748931359892853e-07, 1.8023256996625763e-06, 3.4974394875577152e-06, 2.634891540516847e-06, 2.0466691507363824e-06], [2.442406089220968e-07, -5.970054056851713e-07, 1.4693476377676835e-06, 2.7891628139327857e-06, 2.0466691507363824e-06, 1.648249218958672e-06]]</COVARIANCE_MATRIX>
		<ROI_SIZE>10198</ROI_SIZE>
		<MAX_VALUE>[0.11691869050264359, 0.12154243886470795, 0.09188014268875122, 0.054430458694696426, 0.021225985139608383, 0.01565585285425186]</MAX_VALUE>
		<MIN_VALUE>[0.10575137287378311, 0.10288520157337189, 0.07765736430883408, 0.025038551539182663, 0.010842828080058098, 0.008003675378859043]</MIN_VALUE>
		<SIGNATURE_THRESHOLD_MD>0</SIGNATURE_THRESHOLD_MD>
		<SIGNATURE_THRESHOLD_ML>0</SIGNATURE_THRESHOLD_ML>
		<SIGNATURE_THRESHOLD_SAM>0</SIGNATURE_THRESHOLD_SAM>
	</signature>
	<signature ID="20211203_095617516497_595">
		<MACROCLASSID>1</MACROCLASSID>
		<MACROCLASSINFO>waterbody</MACROCLASSINFO>
		<CLASSID>8</CLASSID>
		<CLASSINFO>C 1</CLASSINFO>
		<VALUES>[0.10161734744906425, 0.001208499575584196, 0.10328778293397692, 0.0034756198503741696, 0.0976680815219879, 0.002816296966777034, 0.09125221562054422, 0.018903105181712156, 0.0619339117159446, 0.01377564600077397, 0.04379042548437913, 0.011758089756098133]</VALUES>
		<LCS_MIN>[0.09891040623188019, 0.09401626139879227, 0.08936545997858047, 0.06486768275499344, 0.04207341745495796, 0.028094012290239334]</LCS_MIN>
		<LCS_MAX>[0.1030474379658699, 0.107319675385952, 0.10126283019781113, 0.13100625574588776, 0.08971696346998215, 0.06924808770418167]</LCS_MAX>
		<WAVELENGTH>[0.48, 0.56, 0.655, 0.865, 1.61, 2.2]</WAVELENGTH>
		<MEAN_VALUE>[0.10161734744906425, 0.10328778293397692, 0.0976680815219879, 0.09125221562054422, 0.0619339117159446, 0.04379042548437913]</MEAN_VALUE>
		<CHECKBOX>2</CHECKBOX>
		<SD>[0.001208499575584196, 0.0034756198503741696, 0.002816296966777034, 0.018903105181712156, 0.01377564600077397, 0.011758089756098133]</SD>
		<WAVELENGTH_UNIT>E-6m</WAVELENGTH_UNIT>
		<COLOR>#d39dbb</COLOR>
		<COVARIANCE_MATRIX>[[1.546381296198192e-06, 4.0559049341075815e-06, 2.9429749164409362e-06, -1.6646997172636194e-05, -1.0616323558168874e-05, -6.359880476811458e-06], [4.0559049341075815e-06, 1.2790517658686425e-05, 8.555064609407653e-06, -4.9465957130145094e-05, -3.0475634712384897e-05, -2.0256293562176288e-05], [2.9429749164409362e-06, 8.555064609407653e-06, 8.398089111258552e-06, -2.4552304650505382e-05, -7.3954195321262686e-06, 1.0943989376089414e-06], [-1.6646997172636194e-05, -4.9465957130145094e-05, -2.4552304650505382e-05, 0.0003783466434821008, 0.00024597562131993165, 0.00018649747264338007], [-1.0616323558168874e-05, -3.0475634712384897e-05, -7.3954195321262686e-06, 0.00024597562131993165, 0.00020093127113503047, 0.00016284981670330265], [-6.359880476811458e-06, -2.0256293562176288e-05, 1.0943989376089414e-06, 0.00018649747264338007, 0.00016284981670330265, 0.0001463851849896634]]</COVARIANCE_MATRIX>
		<ROI_SIZE>18</ROI_SIZE>
		<MAX_VALUE>[0.1030474379658699, 0.107319675385952, 0.10126283019781113, 0.13100625574588776, 0.08971696346998215, 0.06924808770418167]</MAX_VALUE>
		<MIN_VALUE>[0.09891040623188019, 0.09401626139879227, 0.08936545997858047, 0.06486768275499344, 0.04207341745495796, 0.028094012290239334]</MIN_VALUE>
		<SIGNATURE_THRESHOLD_MD>0</SIGNATURE_THRESHOLD_MD>
		<SIGNATURE_THRESHOLD_ML>0</SIGNATURE_THRESHOLD_ML>
		<SIGNATURE_THRESHOLD_SAM>0</SIGNATURE_THRESHOLD_SAM>
	</signature>
	<signature ID="20211203_095738731747_179">
		<MACROCLASSID>1</MACROCLASSID>
		<MACROCLASSINFO>waterbody</MACROCLASSINFO>
		<CLASSID>9</CLASSID>
		<CLASSINFO>C 1</CLASSINFO>
		<VALUES>[0.11259371560595179, 0.0024416494911697964, 0.12263437602807961, 0.0030271643193794254, 0.09558157776273915, 0.004358408450134025, 0.027770761279528284, 0.0034033729390328176, 0.01129054932285156, 0.0013110990518912693, 0.008433970117006716, 0.000826707259471337]</VALUES>
		<LCS_MIN>[0.09912671148777008, 0.09782882779836655, 0.08271373808383942, 0.024173282086849213, 0.009571969509124756, 0.007084333803504705]</LCS_MIN>
		<LCS_MAX>[0.11808137595653534, 0.12889717519283295, 0.10715743899345398, 0.05451158434152603, 0.02882407233119011, 0.018035326153039932]</LCS_MAX>
		<WAVELENGTH>[0.48, 0.56, 0.655, 0.865, 1.61, 2.2]</WAVELENGTH>
		<MEAN_VALUE>[0.11259371560595179, 0.12263437602807961, 0.09558157776273915, 0.027770761279528284, 0.01129054932285156, 0.008433970117006716]</MEAN_VALUE>
		<CHECKBOX>2</CHECKBOX>
		<SD>[0.0024416494911697964, 0.0030271643193794254, 0.004358408450134025, 0.0034033729390328176, 0.0013110990518912693, 0.000826707259471337]</SD>
		<WAVELENGTH_UNIT>E-6m</WAVELENGTH_UNIT>
		<COLOR>#8afd94</COLOR>
		<COVARIANCE_MATRIX>[[7.3217750945558734e-06, 8.311853373838136e-06, -5.855567688377701e-06, -7.314440372230127e-06, -1.544801465138284e-06, -8.212837646099976e-07], [8.311853373838136e-06, 1.1420747270793004e-05, -2.290216274011878e-06, -1.0076058816962102e-05, -2.2180973840143532e-06, -1.2379013173032254e-06], [-5.855567688377701e-06, -2.290216274011878e-06, 1.9130637560710834e-05, 2.841281795298473e-06, 6.619242049495891e-07, 3.3137253261086873e-07], [-7.314440372230127e-06, -1.0076058816962102e-05, 2.841281795298473e-06, 1.2950228514585873e-05, 3.500988511407289e-06, 2.119919089450956e-06], [-1.544801465138284e-06, -2.2180973840143532e-06, 6.619242049495891e-07, 3.500988511407289e-06, 1.6968022631687756e-06, 1.0139767911366911e-06], [-8.212837646099976e-07, -1.2379013173032254e-06, 3.3137253261086873e-07, 2.119919089450956e-06, 1.0139767911366911e-06, 6.652271198715691e-07]]</COVARIANCE_MATRIX>
		<ROI_SIZE>9296</ROI_SIZE>
		<MAX_VALUE>[0.11808137595653534, 0.12889717519283295, 0.10715743899345398, 0.05451158434152603, 0.02882407233119011, 0.018035326153039932]</MAX_VALUE>
		<MIN_VALUE>[0.09912671148777008, 0.09782882779836655, 0.08271373808383942, 0.024173282086849213, 0.009571969509124756, 0.007084333803504705]</MIN_VALUE>
		<SIGNATURE_THRESHOLD_MD>0</SIGNATURE_THRESHOLD_MD>
		<SIGNATURE_THRESHOLD_ML>0</SIGNATURE_THRESHOLD_ML>
		<SIGNATURE_THRESHOLD_SAM>0</SIGNATURE_THRESHOLD_SAM>
	</signature>
	<signature ID="20211203_095744772429_108">
		<MACROCLASSID>1</MACROCLASSID>
		<MACROCLASSINFO>waterbody</MACROCLASSINFO>
		<CLASSID>10</CLASSID>
		<CLASSINFO>C 1</CLASSINFO>
		<VALUES>[0.11701523128202596, 0.0009561346575972608, 0.12216149041001993, 0.001446992373547798, 0.08171671700419542, 0.0025033214103137844, 0.02285968989443814, 0.0011073093807409456, 0.00932101105826169, 0.0004911214215518829, 0.006988446856698968, 0.0003667231763964728]</VALUES>
		<LCS_MIN>[0.10577842593193054, 0.0940432921051979, 0.0773058533668518, 0.020928550511598587, 0.008030720986425877, 0.0060838740319013596]</LCS_MIN>
		<LCS_MAX>[0.11891961097717285, 0.12451677024364471, 0.08928433060646057, 0.0374496728181839, 0.012951900251209736, 0.00970716867595911]</LCS_MAX>
		<WAVELENGTH>[0.48, 0.56, 0.655, 0.865, 1.61, 2.2]</WAVELENGTH>
		<MEAN_VALUE>[0.11701523128202596, 0.12216149041001993, 0.08171671700419542, 0.02285968989443814, 0.00932101105826169, 0.006988446856698968]</MEAN_VALUE>
		<CHECKBOX>2</CHECKBOX>
		<SD>[0.0009561346575972608, 0.001446992373547798, 0.0025033214103137844, 0.0011073093807409456, 0.0004911214215518829, 0.0003667231763964728]</SD>
		<WAVELENGTH_UNIT>E-6m</WAVELENGTH_UNIT>
		<COLOR>#451d1f</COLOR>
		<COVARIANCE_MATRIX>[[8.22657506013957e-07, 9.64980095275013e-07, 7.287898601509813e-07, 5.427795594746517e-08, 5.393625887791462e-08, 2.0987600787471444e-08], [9.64980095275013e-07, 1.6353595781634445e-06, 1.8925123329447985e-07, -3.583479827064562e-07, -9.354124478648244e-08, -7.979591949693826e-08], [7.287898601509813e-07, 1.8925123329447985e-07, 5.66677435807757e-06, 1.9404531188633035e-06, 7.231201780400671e-07, 4.5674892202378184e-07], [5.427795594746517e-08, -3.583479827064562e-07, 1.9404531188633035e-06, 9.678920690268992e-07, 3.620906324676614e-07, 2.46578266790928e-07], [5.393625887791462e-08, -9.354124478648244e-08, 7.231201780400671e-07, 3.620906324676614e-07, 1.9486586995934276e-07, 1.1717633015901477e-07], [2.0987600787471444e-08, -7.979591949693826e-08, 4.5674892202378184e-07, 2.46578266790928e-07, 1.1717633015901477e-07, 1.0763915719841175e-07]]</COVARIANCE_MATRIX>
		<ROI_SIZE>10192</ROI_SIZE>
		<MAX_VALUE>[0.11891961097717285, 0.12451677024364471, 0.08928433060646057, 0.0374496728181839, 0.012951900251209736, 0.00970716867595911]</MAX_VALUE>
		<MIN_VALUE>[0.10577842593193054, 0.0940432921051979, 0.0773058533668518, 0.020928550511598587, 0.008030720986425877, 0.0060838740319013596]</MIN_VALUE>
		<SIGNATURE_THRESHOLD_MD>0</SIGNATURE_THRESHOLD_MD>
		<SIGNATURE_THRESHOLD_ML>0</SIGNATURE_THRESHOLD_ML>
		<SIGNATURE_THRESHOLD_SAM>0</SIGNATURE_THRESHOLD_SAM>
	</signature>
	<signature ID="20211203_095755023279_809">
		<MACROCLASSID>1</MACROCLASSID>
		<MACROCLASSINFO>waterbody</MACROCLASSINFO>
		<CLASSID>11</CLASSID>
		<CLASSINFO>C 1</CLASSINFO>
		<VALUES>[0.12264648560350366, 0.00181264947115284, 0.15675581783609757, 0.003433074304399577, 0.18862565454953378, 0.004245140238578722, 0.06727215776903082, 0.004759628901804163, 0.02017009365719349, 0.003159171411108477, 0.015238436017936499, 0.0024432484316707164]</VALUES>
		<LCS_MIN>[0.11243012547492981, 0.13354797661304474, 0.16020888090133667, 0.0601898692548275, 0.015277300961315632, 0.011464734561741352]</LCS_MIN>
		<LCS_MAX>[0.12830230593681335, 0.16147974133491516, 0.19365672767162323, 0.09382696449756622, 0.045994147658348083, 0.033745259046554565]</LCS_MAX>
		<WAVELENGTH>[0.48, 0.56, 0.655, 0.865, 1.61, 2.2]</WAVELENGTH>
		<MEAN_VALUE>[0.12264648560350366, 0.15675581783609757, 0.18862565454953378, 0.06727215776903082, 0.02017009365719349, 0.015238436017936499]</MEAN_VALUE>
		<CHECKBOX>2</CHECKBOX>
		<SD>[0.00181264947115284, 0.003433074304399577, 0.004245140238578722, 0.004759628901804163, 0.003159171411108477, 0.0024432484316707164]</SD>
		<WAVELENGTH_UNIT>E-6m</WAVELENGTH_UNIT>
		<COLOR>#62a7aa</COLOR>
		<COVARIANCE_MATRIX>[[2.549806446329234e-06, 3.3623259450546476e-06, 3.956761798683738e-06, 4.1238204400471034e-07, 1.342170954676129e-06, 1.143707011114814e-06], [3.3623259450546476e-06, 8.568077587715327e-06, 1.0431216901419457e-05, -7.297704175693519e-06, -2.382117997638419e-06, -1.8776487998370722e-06], [3.956761798683738e-06, 1.0431216901419457e-05, 1.3642670404941279e-05, -1.0017220946665736e-05, -4.3563066110432195e-06, -3.3464409731836974e-06], [4.1238204400471034e-07, -7.297704175693519e-06, -1.0017220946665736e-05, 1.858258636197854e-05, 1.1141932358803792e-05, 8.79823356692952e-06], [1.342170954676129e-06, -2.382117997638419e-06, -4.3563066110432195e-06, 1.1141932358803792e-05, 9.21955304220536e-06, 7.111211588772223e-06], [1.143707011114814e-06, -1.8776487998370722e-06, -3.3464409731836974e-06, 8.79823356692952e-06, 7.111211588772223e-06, 5.652317116691545e-06]]</COVARIANCE_MATRIX>
		<ROI_SIZE>7714</ROI_SIZE>
		<MAX_VALUE>[0.12830230593681335, 0.16147974133491516, 0.19365672767162323, 0.09382696449756622, 0.045994147658348083, 0.033745259046554565]</MAX_VALUE>
		<MIN_VALUE>[0.11243012547492981, 0.13354797661304474, 0.16020888090133667, 0.0601898692548275, 0.015277300961315632, 0.011464734561741352]</MIN_VALUE>
		<SIGNATURE_THRESHOLD_MD>0</SIGNATURE_THRESHOLD_MD>
		<SIGNATURE_THRESHOLD_ML>0</SIGNATURE_THRESHOLD_ML>
		<SIGNATURE_THRESHOLD_SAM>0</SIGNATURE_THRESHOLD_SAM>
	</signature>
	<signature ID="20211203_095802816850_489">
		<MACROCLASSID>1</MACROCLASSID>
		<MACROCLASSINFO>waterbody</MACROCLASSINFO>
		<CLASSID>12</CLASSID>
		<CLASSINFO>C 1</CLASSINFO>
		<VALUES>[0.07936701511334325, 0.0007357861368444957, 0.06330938092946584, 0.001645678331110367, 0.037074586440544635, 0.0006406411194944969, 0.03160566914402231, 0.004417039779829947, 0.016442293430902536, 0.002321524176751354, 0.011404003313057135, 0.0013817007947543112]</VALUES>
		<LCS_MIN>[0.07397999614477158, 0.04894144460558891, 0.034286048263311386, 0.027336904779076576, 0.013681970536708832, 0.009626051411032677]</LCS_MIN>
		<LCS_MAX>[0.08125361800193787, 0.06527328491210938, 0.03963986411690712, 0.057161446660757065, 0.029527105391025543, 0.017873089760541916]</LCS_MAX>
		<WAVELENGTH>[0.48, 0.56, 0.655, 0.865, 1.61, 2.2]</WAVELENGTH>
		<MEAN_VALUE>[0.07936701511334325, 0.06330938092946584, 0.037074586440544635, 0.03160566914402231, 0.016442293430902536, 0.011404003313057135]</MEAN_VALUE>
		<CHECKBOX>2</CHECKBOX>
		<SD>[0.0007357861368444957, 0.001645678331110367, 0.0006406411194944969, 0.004417039779829947, 0.002321524176751354, 0.0013817007947543112]</SD>
		<WAVELENGTH_UNIT>E-6m</WAVELENGTH_UNIT>
		<COLOR>#5625f9</COLOR>
		<COVARIANCE_MATRIX>[[5.423620022870252e-07, 1.0478470301164769e-06, 3.4700458330262944e-07, -9.234491700339732e-07, -3.606867677816118e-07, -1.4118009011881387e-07], [1.0478470301164769e-06, 2.713163432474364e-06, 5.714163373701574e-07, -3.06388253761245e-06, -1.5560339155268974e-06, -8.618762117772206e-07], [3.4700458330262944e-07, 5.714163373701574e-07, 4.1116456037119965e-07, 6.763371239167803e-07, 5.179791553832589e-07, 3.5775168138674555e-07], [-9.234491700339732e-07, -3.06388253761245e-06, 6.763371239167803e-07, 1.954558505503602e-05, 9.652437278561039e-06, 5.351614110499003e-06], [-3.606867677816118e-07, -1.5560339155268974e-06, 5.179791553832589e-07, 9.652437278561039e-06, 5.3992380440077955e-06, 3.0796694606866177e-06], [-1.4118009011881387e-07, -8.618762117772206e-07, 3.5775168138674555e-07, 5.351614110499003e-06, 3.0796694606866177e-06, 1.9125555954388707e-06]]</COVARIANCE_MATRIX>
		<ROI_SIZE>553</ROI_SIZE>
		<MAX_VALUE>[0.08125361800193787, 0.06527328491210938, 0.03963986411690712, 0.057161446660757065, 0.029527105391025543, 0.017873089760541916]</MAX_VALUE>
		<MIN_VALUE>[0.07397999614477158, 0.04894144460558891, 0.034286048263311386, 0.027336904779076576, 0.013681970536708832, 0.009626051411032677]</MIN_VALUE>
		<SIGNATURE_THRESHOLD_MD>0</SIGNATURE_THRESHOLD_MD>
		<SIGNATURE_THRESHOLD_ML>0</SIGNATURE_THRESHOLD_ML>
		<SIGNATURE_THRESHOLD_SAM>0</SIGNATURE_THRESHOLD_SAM>
	</signature>
	<signature ID="20211203_095809560443_604">
		<MACROCLASSID>1</MACROCLASSID>
		<MACROCLASSINFO>waterbody</MACROCLASSINFO>
		<CLASSID>13</CLASSID>
		<CLASSINFO>C 1</CLASSINFO>
		<VALUES>[0.0734430798289612, 0.0005558291849394739, 0.04909784552983494, 0.0006096960314753183, 0.030173448989024503, 0.0005694069771356567, 0.02742674640324125, 0.003634064850067617, 0.013751705455729088, 0.0026176937350292032, 0.009359466499036065, 0.0013812367674238151]</VALUES>
		<LCS_MIN>[0.06930217891931534, 0.044615134596824646, 0.02887815423309803, 0.02201012708246708, 0.011437688022851944, 0.007976639084517956]</LCS_MIN>
		<LCS_MAX>[0.07454782724380493, 0.051753539592027664, 0.03331262618303299, 0.05091532692313194, 0.03828788548707962, 0.021090785041451454]</LCS_MAX>
		<WAVELENGTH>[0.48, 0.56, 0.655, 0.865, 1.61, 2.2]</WAVELENGTH>
		<MEAN_VALUE>[0.0734430798289612, 0.04909784552983494, 0.030173448989024503, 0.02742674640324125, 0.013751705455729088, 0.009359466499036065]</MEAN_VALUE>
		<CHECKBOX>2</CHECKBOX>
		<SD>[0.0005558291849394739, 0.0006096960314753183, 0.0005694069771356567, 0.003634064850067617, 0.0026176937350292032, 0.0013812367674238151]</SD>
		<WAVELENGTH_UNIT>E-6m</WAVELENGTH_UNIT>
		<COLOR>#302d4c</COLOR>
		<COVARIANCE_MATRIX>[[3.096076376117324e-07, 2.546995301446554e-07, 1.738336820233542e-07, -2.9856541883807357e-07, 8.050673060473697e-08, 1.3032994343720348e-07], [2.546995301446554e-07, 3.7252524490980346e-07, 2.6091760187380656e-07, 5.0206317432318e-07, 6.414755971985579e-07, 3.8969688238205847e-07], [1.738336820233542e-07, 2.6091760187380656e-07, 3.24918576072466e-07, 1.1252826741654263e-06, 1.040717410646238e-06, 6.028363685585635e-07], [-2.9856541883807357e-07, 5.0206317432318e-07, 1.1252826741654263e-06, 1.3234706622151145e-05, 7.876133310109253e-06, 4.237733925822371e-06], [8.050673060473697e-08, 6.414755971985579e-07, 1.040717410646238e-06, 7.876133310109253e-06, 6.8669935535597705e-06, 3.3765510441203247e-06], [1.3032994343720348e-07, 3.8969688238205847e-07, 6.028363685585635e-07, 4.237733925822371e-06, 3.3765510441203247e-06, 1.9119002646591644e-06]]</COVARIANCE_MATRIX>
		<ROI_SIZE>468</ROI_SIZE>
		<MAX_VALUE>[0.07454782724380493, 0.051753539592027664, 0.03331262618303299, 0.05091532692313194, 0.03828788548707962, 0.021090785041451454]</MAX_VALUE>
		<MIN_VALUE>[0.06930217891931534, 0.044615134596824646, 0.02887815423309803, 0.02201012708246708, 0.011437688022851944, 0.007976639084517956]</MIN_VALUE>
		<SIGNATURE_THRESHOLD_MD>0</SIGNATURE_THRESHOLD_MD>
		<SIGNATURE_THRESHOLD_ML>0</SIGNATURE_THRESHOLD_ML>
		<SIGNATURE_THRESHOLD_SAM>0</SIGNATURE_THRESHOLD_SAM>
	</signature>
	<signature ID="20211203_095827344436_357">
		<MACROCLASSID>1</MACROCLASSID>
		<MACROCLASSINFO>waterbody</MACROCLASSINFO>
		<CLASSID>14</CLASSID>
		<CLASSINFO>C 1</CLASSINFO>
		<VALUES>[0.09202410888297974, 0.0014827555298331315, 0.09166730747891527, 0.004483667508175327, 0.09406583866180089, 0.009284836497104655, 0.04931361159495322, 0.007186786210204239, 0.023901094548486698, 0.004137364946015042, 0.017272731388929378, 0.0025237893974028843]</VALUES>
		<LCS_MIN>[0.0878782793879509, 0.08163215965032578, 0.07708954811096191, 0.04088367521762848, 0.020333679392933846, 0.014952818863093853]</LCS_MIN>
		<LCS_MAX>[0.09685539454221725, 0.10348007827997208, 0.11992006003856659, 0.07003223150968552, 0.04667012393474579, 0.030419401824474335]</LCS_MAX>
		<WAVELENGTH>[0.48, 0.56, 0.655, 0.865, 1.61, 2.2]</WAVELENGTH>
		<MEAN_VALUE>[0.09202410888297974, 0.09166730747891527, 0.09406583866180089, 0.04931361159495322, 0.023901094548486698, 0.017272731388929378]</MEAN_VALUE>
		<CHECKBOX>2</CHECKBOX>
		<SD>[0.0014827555298331315, 0.004483667508175327, 0.009284836497104655, 0.007186786210204239, 0.004137364946015042, 0.0025237893974028843]</SD>
		<WAVELENGTH_UNIT>E-6m</WAVELENGTH_UNIT>
		<COLOR>#b90683</COLOR>
		<COVARIANCE_MATRIX>[[2.206706790736867e-06, 5.917017225380744e-06, 1.1832168456173054e-05, 2.810803389239991e-06, -1.83497201174925e-06, -9.802797401394686e-07], [5.917017225380744e-06, 2.0177730895436988e-05, 4.049147199226501e-05, 4.855729003668458e-06, -7.645137762771462e-06, -4.49464528796027e-06], [1.1832168456173054e-05, 4.049147199226501e-05, 8.652747836603326e-05, 1.8458275347573797e-05, -1.3523205619223202e-05, -7.848585895477728e-06], [2.810803389239991e-06, 4.855729003668458e-06, 1.8458275347573797e-05, 5.1841191942408406e-05, 1.95204962667505e-05, 1.1984205625203755e-05], [-1.83497201174925e-06, -7.645137762771462e-06, -1.3523205619223202e-05, 1.95204962667505e-05, 1.7181187913908555e-05, 1.0394778462250512e-05], [-9.802797401394686e-07, -4.49464528796027e-06, -7.848585895477728e-06, 1.1984205625203755e-05, 1.0394778462250512e-05, 6.393103711044848e-06]]</COVARIANCE_MATRIX>
		<ROI_SIZE>271</ROI_SIZE>
		<MAX_VALUE>[0.09685539454221725, 0.10348007827997208, 0.11992006003856659, 0.07003223150968552, 0.04667012393474579, 0.030419401824474335]</MAX_VALUE>
		<MIN_VALUE>[0.0878782793879509, 0.08163215965032578, 0.07708954811096191, 0.04088367521762848, 0.020333679392933846, 0.014952818863093853]</MIN_VALUE>
		<SIGNATURE_THRESHOLD_MD>0</SIGNATURE_THRESHOLD_MD>
		<SIGNATURE_THRESHOLD_ML>0</SIGNATURE_THRESHOLD_ML>
		<SIGNATURE_THRESHOLD_SAM>0</SIGNATURE_THRESHOLD_SAM>
	</signature>
	<signature ID="20211203_095836611271_493">
		<MACROCLASSID>1</MACROCLASSID>
		<MACROCLASSINFO>waterbody</MACROCLASSINFO>
		<CLASSID>15</CLASSID>
		<CLASSINFO>C 1</CLASSINFO>
		<VALUES>[0.08878789476699073, 0.0025288047844144726, 0.07304172599342555, 0.005946951443837268, 0.05245993886826748, 0.0035071943433466345, 0.04016468060411205, 0.005245601551350747, 0.025577548190712205, 0.004146817501991314, 0.018961311090053796, 0.0023492466801866866]</VALUES>
		<LCS_MIN>[0.081361785531044, 0.05916236340999603, 0.04445289820432663, 0.022983551025390625, 0.01689966581761837, 0.013979406096041203]</LCS_MIN>
		<LCS_MAX>[0.09379993379116058, 0.08303823322057724, 0.05929756537079811, 0.06751757115125656, 0.05099645256996155, 0.034421250224113464]</LCS_MAX>
		<WAVELENGTH>[0.48, 0.56, 0.655, 0.865, 1.61, 2.2]</WAVELENGTH>
		<MEAN_VALUE>[0.08878789476699073, 0.07304172599342555, 0.05245993886826748, 0.04016468060411205, 0.025577548190712205, 0.018961311090053796]</MEAN_VALUE>
		<CHECKBOX>2</CHECKBOX>
		<SD>[0.0025288047844144726, 0.005946951443837268, 0.0035071943433466345, 0.005245601551350747, 0.004146817501991314, 0.0023492466801866866]</SD>
		<WAVELENGTH_UNIT>E-6m</WAVELENGTH_UNIT>
		<COLOR>#0e4b65</COLOR>
		<COVARIANCE_MATRIX>[[6.4012741734583535e-06, 1.4294708638151479e-05, 8.273818011487525e-06, -3.164384700535549e-06, -3.877592776004173e-06, -2.726257995602261e-06], [1.4294708638151479e-05, 3.540173973989201e-05, 2.0512714927871325e-05, -5.1323495022304524e-06, -7.972556816393599e-06, -6.281305608470722e-06], [8.273818011487525e-06, 2.0512714927871325e-05, 1.231276197341032e-05, -9.925144472724782e-07, -3.0896103556252344e-06, -2.8176179758670268e-06], [-3.164384700535549e-06, -5.1323495022304524e-06, -9.925144472724782e-07, 2.7543962478540935e-05, 2.0139953343459837e-05, 1.0712560387914112e-05], [-3.877592776004173e-06, -7.972556816393599e-06, -3.0896103556252344e-06, 2.0139953343459837e-05, 1.7213360550840397e-05, 9.303952312463805e-06], [-2.726257995602261e-06, -6.281305608470722e-06, -2.8176179758670268e-06, 1.0712560387914112e-05, 9.303952312463805e-06, 5.524501088830405e-06]]</COVARIANCE_MATRIX>
		<ROI_SIZE>997</ROI_SIZE>
		<MAX_VALUE>[0.09379993379116058, 0.08303823322057724, 0.05929756537079811, 0.06751757115125656, 0.05099645256996155, 0.034421250224113464]</MAX_VALUE>
		<MIN_VALUE>[0.081361785531044, 0.05916236340999603, 0.04445289820432663, 0.022983551025390625, 0.01689966581761837, 0.013979406096041203]</MIN_VALUE>
		<SIGNATURE_THRESHOLD_MD>0</SIGNATURE_THRESHOLD_MD>
		<SIGNATURE_THRESHOLD_ML>0</SIGNATURE_THRESHOLD_ML>
		<SIGNATURE_THRESHOLD_SAM>0</SIGNATURE_THRESHOLD_SAM>
	</signature>
	<signature ID="20211203_095843770819_410">
		<MACROCLASSID>1</MACROCLASSID>
		<MACROCLASSINFO>waterbody</MACROCLASSINFO>
		<CLASSID>16</CLASSID>
		<CLASSINFO>C 1</CLASSINFO>
