<?xml version="1.0" ?>
<signaturelist MCID_LIST="[['1', 'Waterbody', '#0000ff'], ['2', 'Vegetation', '#00aa00'], ['3', 'Barren', '#ffaa00'], ['4', 'Builtup', '#ff0000']]">
	<signature ID="20190911_183435261423_785">
		<MACROCLASSID>1</MACROCLASSID>
		<MACROCLASSINFO>Waterbody</MACROCLASSINFO>
		<CLASSID>30</CLASSID>
		<CLASSINFO>C 1</CLASSINFO>
		<VALUES>[717.7620676548844, 41.93375236444945, 1105.1765488407427, 58.6459892048477, 1095.6106043329542, 63.07790762467973, 605.8766628658301, 89.38417042676527, 318.77404028886417, 59.87474070965288, 237.66723679209414, 45.86610002842362]</VALUES>
		<LCS_MIN>[474.0, 791.0, 781.5, 455.5, 210.0, 157.5]</LCS_MIN>
		<LCS_MAX>[870.5, 1268.0, 1313.5, 1025.5, 796.0, 684.0]</LCS_MAX>
		<WAVELENGTH>[0.48, 0.56, 0.655, 0.865, 1.61, 2.2]</WAVELENGTH>
		<MEAN_VALUE>[717.7620676548844, 1105.1765488407427, 1095.6106043329542, 605.8766628658301, 318.77404028886417, 237.66723679209414]</MEAN_VALUE>
		<CHECKBOX>2</CHECKBOX>
		<SD>[41.93375236444945, 58.6459892048477, 63.07790762467973, 89.38417042676527, 59.87474070965288, 45.86610002842362]</SD>
		<WAVELENGTH_UNIT>E-6m</WAVELENGTH_UNIT>
		<COLOR>#602a87</COLOR>
		<COVARIANCE_MATRIX>[[1980.876464150825, 2405.796295796487, 2431.9425245795287, -353.9575208598836, 872.5988352364026, 1008.2719271828793], [2405.796295796487, 3624.2700485874616, 3223.720228367436, -1349.9300314769594, 563.8664245708392, 875.5972740600549], [2431.9425245795287, 3223.720228367436, 4796.844668923423, -848.5683842244238, 417.61288220770075, 856.0464692274519], [-353.9575208598836, -1349.9300314769594, -848.5683842244238, 8492.780161665543, 4658.066828949309, 2829.261915663658], [872.5988352364026, 563.8664245708392, 417.61288220770075, 4658.066828949309, 4384.461611399947, 3220.746087381618], [1008.2719271828793, 875.5972740600549, 856.0464692274519, 2829.261915663658, 3220.746087381618, 2581.7052179857756]]</COVARIANCE_MATRIX>
		<ROI_SIZE>31058</ROI_SIZE>
		<MAX_VALUE>[870.5, 1268.0, 1313.5, 1025.5, 796.0, 684.0]</MAX_VALUE>
		<MIN_VALUE>[474.0, 791.0, 781.5, 455.5, 210.0, 157.5]</MIN_VALUE>
		<SIGNATURE_THRESHOLD_MD>0</SIGNATURE_THRESHOLD_MD>
		<SIGNATURE_THRESHOLD_ML>0</SIGNATURE_THRESHOLD_ML>
		<SIGNATURE_THRESHOLD_SAM>0</SIGNATURE_THRESHOLD_SAM>
	</signature>
	<signature ID="20190911_183444882486_847">
		<MACROCLASSID>1</MACROCLASSID>
		<MACROCLASSINFO>Waterbody</MACROCLASSINFO>
		<CLASSID>31</CLASSID>
		<CLASSINFO>C 1</CLASSINFO>
		<VALUES>[496.5513245033113, 44.58356631835228, 717.1440397350999, 84.3660079195988, 660.887417218543, 108.00078446160765, 569.6092715231777, 113.281807281923, 327.63576158940424, 78.15562107241342, 237.20364238410593, 57.43037754428166]</VALUES>
		<LCS_MIN>[363.0, 601.0, 511.0, 391.0, 200.0, 141.0]</LCS_MIN>
		<LCS_MAX>[647.0, 962.0, 1010.0, 993.0, 721.0, 603.0]</LCS_MAX>
		<WAVELENGTH>[0.48, 0.56, 0.655, 0.865, 1.61, 2.2]</WAVELENGTH>
		<MEAN_VALUE>[496.5513245033113, 717.1440397350999, 660.887417218543, 569.6092715231777, 327.63576158940424, 237.20364238410593]</MEAN_VALUE>
		<CHECKBOX>2</CHECKBOX>
		<SD>[44.58356631835228, 84.3660079195988, 108.00078446160765, 113.281807281923, 78.15562107241342, 57.43037754428166]</SD>
		<WAVELENGTH_UNIT>E-6m</WAVELENGTH_UNIT>
		<COLOR>#a06974</COLOR>
		<COVARIANCE_MATRIX>[[2031.821495411234, 2821.065968523999, 3703.0451368016393, -1098.771427183655, 58.718304225705914, 473.0658756541848], [2821.065968523999, 6095.573919837937, 7695.241540071643, -2122.80391044086, -1217.965350169063, -679.2156696114297], [3703.0451368016393, 7695.241540071643, 10056.57155612633, -2661.3139374663638, -1354.8260207098385, -629.2920034168839], [-1098.771427183655, -2122.80391044086, -2661.3139374663638, 15687.133393886525, 9256.585220293802, 5658.105884798688], [58.718304225705914, -1217.965350169063, -1354.8260207098385, 9256.585220293802, 7906.875007269621, 5528.142701915748], [473.0658756541848, -679.2156696114297, -629.2920034168839, 5658.105884798688, 5528.142701915748, 4275.1913717855805]]</COVARIANCE_MATRIX>
		<ROI_SIZE>3906</ROI_SIZE>
		<MAX_VALUE>[647.0, 962.0, 1010.0, 993.0, 721.0, 603.0]</MAX_VALUE>
		<MIN_VALUE>[363.0, 601.0, 511.0, 391.0, 200.0, 141.0]</MIN_VALUE>
		<SIGNATURE_THRESHOLD_MD>0</SIGNATURE_THRESHOLD_MD>
		<SIGNATURE_THRESHOLD_ML>0</SIGNATURE_THRESHOLD_ML>
		<SIGNATURE_THRESHOLD_SAM>0</SIGNATURE_THRESHOLD_SAM>
	</signature>
	<signature ID="20190911_183457398908_232">
		<MACROCLASSID>1</MACROCLASSID>
		<MACROCLASSINFO>Waterbody</MACROCLASSINFO>
		<CLASSID>32</CLASSID>
		<CLASSINFO>C 1</CLASSINFO>
		<VALUES>[272.1072164948454, 67.31183049985928, 407.9360824742273, 80.3395092049493, 329.90391752577403, 74.01562558010129, 472.1055670103097, 129.4852632220701, 304.5731958762885, 81.83994250215143, 227.7496907216493, 57.93239950386569]</VALUES>
		<LCS_MIN>[133.0, 279.0, 202.0, 286.0, 173.0, 126.0]</LCS_MIN>
		<LCS_MAX>[584.0, 712.0, 610.0, 876.0, 674.0, 474.0]</LCS_MAX>
		<WAVELENGTH>[0.48, 0.56, 0.655, 0.865, 1.61, 2.2]</WAVELENGTH>
		<MEAN_VALUE>[272.1072164948454, 407.9360824742273, 329.90391752577403, 472.1055670103097, 304.5731958762885, 227.7496907216493]</MEAN_VALUE>
		<CHECKBOX>2</CHECKBOX>
		<SD>[67.31183049985928, 80.3395092049493, 74.01562558010129, 129.4852632220701, 81.83994250215143, 57.93239950386569]</SD>
		<WAVELENGTH_UNIT>E-6m</WAVELENGTH_UNIT>
		<COLOR>#d50dfe</COLOR>
		<COVARIANCE_MATRIX>[[4532.7517012010485, 5009.809661120751, 4737.835800925453, 6367.768379776122, 4145.136538396108, 3245.2355942295253], [5009.809661120751, 6457.099460719267, 5886.916298356638, 8629.316156306351, 5652.732196931034, 4230.998433193834], [4737.835800925453, 5886.916298356638, 5480.572860059201, 7874.5852298322625, 5201.208149603621, 3946.88889353884], [6367.768379776122, 8629.316156306351, 7874.5852298322625, 16773.350237147424, 10037.998045319995, 6778.051187778571], [4145.136538396108, 5652.732196931034, 5201.208149603621, 10037.998045319995, 6700.539297744209, 4632.480994181893], [3245.2355942295253, 4230.998433193834, 3946.88889353884, 6778.051187778571, 4632.480994181893, 3357.54746793236]]</COVARIANCE_MATRIX>
		<ROI_SIZE>2425</ROI_SIZE>
		<MAX_VALUE>[584.0, 712.0, 610.0, 876.0, 674.0, 474.0]</MAX_VALUE>
		<MIN_VALUE>[133.0, 279.0, 202.0, 286.0, 173.0, 126.0]</MIN_VALUE>
		<SIGNATURE_THRESHOLD_MD>0</SIGNATURE_THRESHOLD_MD>
		<SIGNATURE_THRESHOLD_ML>0</SIGNATURE_THRESHOLD_ML>
		<SIGNATURE_THRESHOLD_SAM>0</SIGNATURE_THRESHOLD_SAM>
	</signature>
	<signature ID="20190911_183512949198_302">
		<MACROCLASSID>2</MACROCLASSID>
		<MACROCLASSINFO>Vegetation</MACROCLASSINFO>
		<CLASSID>33</CLASSID>
		<CLASSINFO>C 1</CLASSINFO>
		<VALUES>[283.03149606299235, 43.15810203266266, 555.620615604868, 64.96193988555177, 385.8761632068718, 75.12548117268805, 3359.8954903364315, 222.01141854721473, 1457.219040801717, 145.41596587255313, 684.5561918396564, 104.02398696087315]</VALUES>
		<LCS_MIN>[168.0, 448.0, 279.0, 2954.0, 1086.0, 463.0]</LCS_MIN>
		<LCS_MAX>[525.0, 884.0, 805.0, 3950.0, 1928.0, 1136.0]</LCS_MAX>
		<WAVELENGTH>[0.48, 0.56, 0.655, 0.865, 1.61, 2.2]</WAVELENGTH>
		<MEAN_VALUE>[283.03149606299235, 555.620615604868, 385.8761632068718, 3359.8954903364315, 1457.219040801717, 684.5561918396564]</MEAN_VALUE>
		<CHECKBOX>2</CHECKBOX>
		<SD>[43.15810203266266, 64.96193988555177, 75.12548117268805, 222.01141854721473, 145.41596587255313, 104.02398696087315]</SD>
		<WAVELENGTH_UNIT>E-6m</WAVELENGTH_UNIT>
		<COLOR>#41cef9</COLOR>
		<COVARIANCE_MATRIX>[[1863.9560273447198, 2645.632301513887, 3040.3835593258573, -1247.8878234776525, 4640.2008325248735, 4005.8721544119303], [2645.632301513887, 4223.0765947496975, 4716.647827005474, -1930.6743482247061, 7334.947773370279, 6072.312164523651], [3040.3835593258573, 4716.647827005474, 5647.880785268474, -4627.30020069613, 7702.68688686153, 6843.964341825403], [-1247.8878234776525, -1930.6743482247061, -4627.30020069613, 49324.37732205525, 9278.664742089579, 450.43424355916187], [4640.2008325248735, 7334.947773370279, 7702.68688686153, 9278.664742089579, 21160.950554093608, 14041.272783164086], [4005.8721544119303, 6072.312164523651, 6843.964341825403, 450.43424355916187, 14041.272783164086, 10828.741288639387]]</COVARIANCE_MATRIX>
		<ROI_SIZE>1397</ROI_SIZE>
		<MAX_VALUE>[525.0, 884.0, 805.0, 3950.0, 1928.0, 1136.0]</MAX_VALUE>
		<MIN_VALUE>[168.0, 448.0, 279.0, 2954.0, 1086.0, 463.0]</MIN_VALUE>
		<SIGNATURE_THRESHOLD_MD>0</SIGNATURE_THRESHOLD_MD>
		<SIGNATURE_THRESHOLD_ML>0</SIGNATURE_THRESHOLD_ML>
		<SIGNATURE_THRESHOLD_SAM>0</SIGNATURE_THRESHOLD_SAM>
	</signature>
	<signature ID="20190911_183522613589_771">
		<MACROCLASSID>2</MACROCLASSID>
		<MACROCLASSINFO>Vegetation</MACROCLASSINFO>
		<CLASSID>34</CLASSID>
		<CLASSINFO>C 1</CLASSINFO>
		<VALUES>[258.5930605695946, 49.4418796413939, 476.3404532691538, 70.74028833428105, 368.20778178900935, 97.97714737404071, 2755.879061371839, 227.59520718621687, 1705.63457681508, 169.15054442268644, 820.044725230645, 148.8831045011871]</VALUES>
		<LCS_MIN>[-92.0, 330.0, 209.0, 2202.5, 1218.5, 499.0]</LCS_MIN>
		<LCS_MAX>[591.0, 906.0, 827.5, 3195.0, 2218.0, 1295.0]</LCS_MAX>
		<WAVELENGTH>[0.48, 0.56, 0.655, 0.865, 1.61, 2.2]</WAVELENGTH>
		<MEAN_VALUE>[258.5930605695946, 476.3404532691538, 368.20778178900935, 2755.879061371839, 1705.63457681508, 820.044725230645]</MEAN_VALUE>
		<CHECKBOX>2</CHECKBOX>
		<SD>[49.4418796413939, 70.74028833428105, 97.97714737404071, 227.59520718621687, 169.15054442268644, 148.8831045011871]</SD>
		<WAVELENGTH_UNIT>E-6m</WAVELENGTH_UNIT>
		<COLOR>#69ef1f</COLOR>
		<COVARIANCE_MATRIX>[[2312.2177357629985, 2526.1362447307024, 3300.5073098573507, 1048.3031302420427, 5133.248633660358, 5035.641195639068], [2526.1362447307024, 4903.4114888854265, 6500.146230802746, 911.7561223789296, 7206.575626571847, 9151.962543235102], [3300.5073098573507, 6500.146230802746, 9256.004738670326, -675.8459443000355, 9886.091786189027, 12958.528002725798], [1048.3031302420427, 911.7561223789296, -675.8459443000355, 44005.657438676106, 8703.917452216112, 731.1356804585358], [5133.248633660358, 7206.575626571847, 9886.091786189027, 8703.917452216112, 25488.954306855427, 19088.31430939565], [5035.641195639068, 9151.962543235102, 12958.528002725798, 731.1356804585358, 19088.31430939565, 21025.997109929907]]</COVARIANCE_MATRIX>
		<ROI_SIZE>36540</ROI_SIZE>
		<MAX_VALUE>[591.0, 906.0, 827.5, 3195.0, 2218.0, 1295.0]</MAX_VALUE>
		<MIN_VALUE>[-92.0, 330.0, 209.0, 2202.5, 1218.5, 499.0]</MIN_VALUE>
		<SIGNATURE_THRESHOLD_MD>0</SIGNATURE_THRESHOLD_MD>
		<SIGNATURE_THRESHOLD_ML>0</SIGNATURE_THRESHOLD_ML>
		<SIGNATURE_THRESHOLD_SAM>0</SIGNATURE_THRESHOLD_SAM>
	</signature>
	<signature ID="20190911_183536244433_421">
		<MACROCLASSID>2</MACROCLASSID>
		<MACROCLASSINFO>Vegetation</MACROCLASSINFO>
		<CLASSID>35</CLASSID>
		<CLASSINFO>C 1</CLASSINFO>
		<VALUES>[330.33300248138994, 73.65309861540193, 564.3756823821338, 77.1578145209929, 435.7548387096775, 92.36499205317949, 2764.7667493796494, 209.77503295842658, 1326.063523573205, 148.96432178796465, 685.0178660049646, 142.52851938167797]</VALUES>
		<LCS_MIN>[151.0, 366.0, 238.0, 2393.0, 800.0, 353.0]</LCS_MIN>
		<LCS_MAX>[663.0, 920.0, 832.0, 3390.0, 1666.0, 1032.0]</LCS_MAX>
		<WAVELENGTH>[0.48, 0.56, 0.655, 0.865, 1.61, 2.2]</WAVELENGTH>
		<MEAN_VALUE>[330.33300248138994, 564.3756823821338, 435.7548387096775, 2764.7667493796494, 1326.063523573205, 685.0178660049646]</MEAN_VALUE>
		<CHECKBOX>2</CHECKBOX>
		<SD>[73.65309861540193, 77.1578145209929, 92.36499205317949, 209.77503295842658, 148.96432178796465, 142.52851938167797]</SD>
		<WAVELENGTH_UNIT>E-6m</WAVELENGTH_UNIT>
		<COLOR>#de16f0</COLOR>
		<COVARIANCE_MATRIX>[[5827.575797423421, 5592.841628073604, 6730.407837051934, -4194.1679220890055, 7106.831151704495, 8241.475188090546], [5592.841628073604, 6511.098756784844, 7336.137717278404, -1339.0660804923277, 8685.48997856451, 8954.886546320586], [6730.407837051934, 7336.137717278404, 9246.060977309224, -6199.993451467538, 10135.816839795309, 11404.452133326746], [-4194.1679220890055, -1339.0660804923277, -6199.993451467538, 42973.98806207731, 713.8271674231341, -8634.88313128015], [7106.831151704495, 8685.48997856451, 10135.816839795309, 713.8271674231341, 22456.007682153046, 19359.52631667431], [8241.475188090546, 8954.886546320586, 11404.452133326746, -8634.88313128015, 19359.52631667431, 20707.29180001394]]</COVARIANCE_MATRIX>
		<ROI_SIZE>3847</ROI_SIZE>
		<MAX_VALUE>[663.0, 920.0, 832.0, 3390.0, 1666.0, 1032.0]</MAX_VALUE>
		<MIN_VALUE>[151.0, 366.0, 238.0, 2393.0, 800.0, 353.0]</MIN_VALUE>
		<SIGNATURE_THRESHOLD_MD>0</SIGNATURE_THRESHOLD_MD>
		<SIGNATURE_THRESHOLD_ML>0</SIGNATURE_THRESHOLD_ML>
		<SIGNATURE_THRESHOLD_SAM>0</SIGNATURE_THRESHOLD_SAM>
	</signature>
	<signature ID="20190911_183600033120_655">
		<MACROCLASSID>3</MACROCLASSID>
		<MACROCLASSINFO>Barren</MACROCLASSINFO>
		<CLASSID>36</CLASSID>
		<CLASSINFO>C 1</CLASSINFO>
		<VALUES>[724.1691419141913, 63.263122185334936, 1044.4843234323437, 99.45067438400471, 1296.9777227722782, 118.43315955678567, 2757.0561056105616, 173.36275181493554, 3517.732673267326, 131.5651477686057, 2496.901815181519, 154.2026650041917]</VALUES>
		<LCS_MIN>[557.0, 822.5, 987.5, 2422.5, 3194.0, 2085.5]</LCS_MIN>
		<LCS_MAX>[926.0, 1389.5, 1734.0, 3127.0, 3839.5, 2839.0]</LCS_MAX>
		<WAVELENGTH>[0.48, 0.56, 0.655, 0.865, 1.61, 2.2]</WAVELENGTH>
		<MEAN_VALUE>[724.1691419141913, 1044.4843234323437, 1296.9777227722782, 2757.0561056105616, 3517.732673267326, 2496.901815181519]</MEAN_VALUE>
		<CHECKBOX>2</CHECKBOX>
		<SD>[63.263122185334936, 99.45067438400471, 118.43315955678567, 173.36275181493554, 131.5651477686057, 154.2026650041917]</SD>
		<WAVELENGTH_UNIT>E-6m</WAVELENGTH_UNIT>
		<COLOR>#468dad</COLOR>
		<COVARIANCE_MATRIX>[[4008.8378726509013, 5455.246044377167, 6829.6653444889935, -395.3256211984833, 3554.527522297683, 8742.159196601477], [5455.246044377167, 9906.784464582823, 10526.929402258407, 4496.782285955869, 2625.763157679406, 11552.64143346153], [6829.6653444889935, 10526.929402258407, 14049.597436789134, 2214.476458554947, 6508.125439816708, 15181.35235455364], [-395.3256211984833, 4496.782285955869, 2214.476458554947, 30104.32081389958, 4418.599320841174, -4055.8973747374725], [3554.527522297683, 2625.763157679406, 6508.125439816708, 4418.599320841174, 17337.99866623026, 12055.248915800668], [8742.159196601477, 11552.64143346153, 15181.35235455364, -4055.8973747374725, 12055.248915800668, 23817.765137195536]]</COVARIANCE_MATRIX>
		<ROI_SIZE>606</ROI_SIZE>
		<MAX_VALUE>[926.0, 1389.5, 1734.0, 3127.0, 3839.5, 2839.0]</MAX_VALUE>
		<MIN_VALUE>[557.0, 822.5, 987.5, 2422.5, 3194.0, 2085.5]</MIN_VALUE>
		<SIGNATURE_THRESHOLD_MD>0</SIGNATURE_THRESHOLD_MD>
		<SIGNATURE_THRESHOLD_ML>0</SIGNATURE_THRESHOLD_ML>
		<SIGNATURE_THRESHOLD_SAM>0</SIGNATURE_THRESHOLD_SAM>
	</signature>
	<signature ID="20190911_183612968662_710">
		<MACROCLASSID>3</MACROCLASSID>
		<MACROCLASSINFO>Barren</MACROCLASSINFO>
		<CLASSID>37</CLASSID>
		<CLASSINFO>C 1</CLASSINFO>
		<VALUES>[688.272189349113, 96.43242146194119, 1170.1518737672582, 119.77305385364366, 1447.441814595661, 189.9617891273471, 2693.2978303747523, 155.28924483481674, 2586.5976331360926, 183.0332414876239, 2063.0690335305753, 191.36082064044936]</VALUES>
		<LCS_MIN>[438.0, 871.0, 989.0, 2263.0, 2195.0, 1653.0]</LCS_MIN>
		<LCS_MAX>[1036.0, 1523.0, 1946.0, 3103.0, 3167.0, 2573.0]</LCS_MAX>
		<WAVELENGTH>[0.48, 0.56, 0.655, 0.865, 1.61, 2.2]</WAVELENGTH>
		<MEAN_VALUE>[688.272189349113, 1170.1518737672582, 1447.441814595661, 2693.2978303747523, 2586.5976331360926, 2063.0690335305753]</MEAN_VALUE>
		<CHECKBOX>2</CHECKBOX>
		<SD>[96.43242146194119, 119.77305385364366, 189.9617891273471, 155.28924483481674, 183.0332414876239, 191.36082064044936]</SD>
		<WAVELENGTH_UNIT>E-6m</WAVELENGTH_UNIT>
		<COLOR>#765d1b</COLOR>
		<COVARIANCE_MATRIX>[[9317.589798161702, 10746.470437589169, 16841.24116518932, -4074.516009074537, 3553.9318708047795, 11547.022674649765], [10746.470437589169, 14373.93538679826, 22402.015771296705, -4025.7054010649326, 5660.333957012886, 16160.171313079338], [16841.24116518932, 22402.015771296705, 36156.7965089537, -9117.829474316095, 6455.992352129475, 24359.31331321966], [-4074.516009074537, -4025.7054010649326, -9117.829474316095, 24162.407169196464, 20114.216911850694, 8390.801533472104], [3553.9318708047795, 5660.333957012886, 6455.992352129475, 20114.216911850694, 33567.37533035526, 28847.569333676358], [11547.022674649765, 16160.171313079338, 24359.31331321966, 8390.801533472104, 28847.569333676358, 36691.33316961745]]</COVARIANCE_MATRIX>
		<ROI_SIZE>507</ROI_SIZE>
		<MAX_VALUE>[1036.0, 1523.0, 1946.0, 3103.0, 3167.0, 2573.0]</MAX_VALUE>
		<MIN_VALUE>[438.0, 871.0, 989.0, 2263.0, 2195.0, 1653.0]</MIN_VALUE>
		<SIGNATURE_THRESHOLD_MD>0</SIGNATURE_THRESHOLD_MD>
		<SIGNATURE_THRESHOLD_ML>0</SIGNATURE_THRESHOLD_ML>
		<SIGNATURE_THRESHOLD_SAM>0</SIGNATURE_THRESHOLD_SAM>
	</signature>
	<signature ID="20190911_183626133289_682">
		<MACROCLASSID>3</MACROCLASSID>
		<MACROCLASSINFO>Barren</MACROCLASSINFO>
		<CLASSID>38</CLASSID>
		<CLASSINFO>C 1</CLASSINFO>
		<VALUES>[904.819277108434, 118.03877362202755, 1292.5502008032133, 149.40975735315666, 1508.570281124498, 207.7833384641186, 2296.5381526104416, 222.11442732407716, 1900.1044176706828, 233.4589502812603, 1431.85140562249, 192.56350855585666]</VALUES>
		<LCS_MIN>[542.0, 860.0, 938.0, 1896.0, 1368.0, 960.0]</LCS_MIN>
		<LCS_MAX>[1180.0, 1602.0, 1905.0, 2889.0, 2347.0, 1814.0]</LCS_MAX>
		<WAVELENGTH>[0.48, 0.56, 0.655, 0.865, 1.61, 2.2]</WAVELENGTH>
		<MEAN_VALUE>[904.819277108434, 1292.5502008032133, 1508.570281124498, 2296.5381526104416, 1900.1044176706828, 1431.85140562249]</MEAN_VALUE>
		<CHECKBOX>2</CHECKBOX>
		<SD>[118.03877362202755, 149.40975735315666, 207.7833384641186, 222.11442732407716, 233.4589502812603, 192.56350855585666]</SD>
		<WAVELENGTH_UNIT>E-6m</WAVELENGTH_UNIT>
		<COLOR>#0d0055</COLOR>
		<COVARIANCE_MATRIX>[[13989.334143023703, 16660.97886708123, 23206.236542945975, 5722.2226486591535, 17063.349591916052, 18791.549650213765], [16660.97886708123, 22413.288800362745, 30696.156739862665, 13064.448681824073, 25616.00683378676, 24435.594183184345], [23206.236542945975, 30696.156739862665, 43348.004113227085, 13759.65960616661, 33432.75876084985, 34147.01250161938], [5722.2226486591535, 13064.448681824073, 13759.65960616661, 49533.74954657337, 39167.08067754892, 18348.17303083301], [17063.349591916052, 25616.00683378676, 33432.75876084985, 39167.08067754892, 54722.85195621196, 39123.19703005569], [18791.549650213765, 24435.594183184345, 34147.01250161938, 18348.17303083301, 39123.19703005569, 37230.22379841948]]</COVARIANCE_MATRIX>
		<ROI_SIZE>249</ROI_SIZE>
		<MAX_VALUE>[1180.0, 1602.0, 1905.0, 2889.0, 2347.0, 1814.0]</MAX_VALUE>
		<MIN_VALUE>[542.0, 860.0, 938.0, 1896.0, 1368.0, 960.0]</MIN_VALUE>
		<SIGNATURE_THRESHOLD_MD>0</SIGNATURE_THRESHOLD_MD>
		<SIGNATURE_THRESHOLD_ML>0</SIGNATURE_THRESHOLD_ML>
		<SIGNATURE_THRESHOLD_SAM>0</SIGNATURE_THRESHOLD_SAM>
	</signature>
	<signature ID="20190911_183655279687_206">
		<MACROCLASSID>4</MACROCLASSID>
		<MACROCLASSINFO>Builtup</MACROCLASSINFO>
		<CLASSID>39</CLASSID>
		<CLASSINFO>C 1</CLASSINFO>
		<VALUES>[769.2887645107797, 135.24572582474948, 1091.1538142620211, 149.02652806645185, 1110.2406716417906, 196.69164720355664, 2211.0661276948604, 245.92619521305602, 1942.9241293532348, 203.42924560322285, 1523.6048922056402, 258.7333750295387]</VALUES>
		<LCS_MIN>[410.5, 720.0, 613.5, 1808.5, 1394.0, 960.0]</LCS_MIN>
		<LCS_MAX>[1218.5, 1533.5, 1605.5, 2808.0, 2376.5, 1960.0]</LCS_MAX>
		<WAVELENGTH>[0.48, 0.56, 0.655, 0.865, 1.61, 2.2]</WAVELENGTH>
		<MEAN_VALUE>[769.2887645107797, 1091.1538142620211, 1110.2406716417906, 2211.0661276948604, 1942.9241293532348, 1523.6048922056402]</MEAN_VALUE>
		<CHECKBOX>2</CHECKBOX>
		<SD>[135.24572582474948, 149.02652806645185, 196.69164720355664, 245.92619521305602, 203.42924560322285, 258.7333750295387]</SD>
		<WAVELENGTH_UNIT>E-6m</WAVELENGTH_UNIT>
		<COLOR>#d17ab5</COLOR>
		<COVARIANCE_MATRIX>[[19317.44037349625, 20226.479925656073, 24694.503728702304, -8391.10734947586, 17899.81636678471, 28458.798701952703], [20226.479925656073, 24041.450238245583, 28671.854813840466, -6510.639895884869, 19532.48933602023, 30334.122009377283], [24694.503728702304, 28671.854813840466, 38690.90115969909, -12836.077976417928, 24316.75475806015, 37931.72750214821], [-8391.10734947586, -6510.639895884869, -12836.077976417928, 57830.76780291986, 8581.825545806316, -15626.918140859354], [17899.81636678471, 19532.48933602023, 24316.75475806015, 8581.825545806316, 41262.94118455543, 44902.03155986084], [28458.798701952703, 30334.122009377283, 37931.72750214821, -15626.918140859354, 44902.03155986084, 65915.47385009809]]</COVARIANCE_MATRIX>
		<ROI_SIZE>9587</ROI_SIZE>
		<MAX_VALUE>[1218.5, 1533.5, 1605.5, 2808.0, 2376.5, 1960.0]</MAX_VALUE>
		<MIN_VALUE>[410.5, 720.0, 613.5, 1808.5, 1394.0, 960.0]</MIN_VALUE>
		<SIGNATURE_THRESHOLD_MD>0</SIGNATURE_THRESHOLD_MD>
		<SIGNATURE_THRESHOLD_ML>0</SIGNATURE_THRESHOLD_ML>
		<SIGNATURE_THRESHOLD_SAM>0</SIGNATURE_THRESHOLD_SAM>
	</signature>
	<signature ID="20190911_183704921909_858">
		<MACROCLASSID>4</MACROCLASSID>
		<MACROCLASSINFO>Builtup</MACROCLASSINFO>
		<CLASSID>40</CLASSID>
		<CLASSINFO>C 1</CLASSINFO>
		<VALUES>[1045.4478215038675, 114.09157148356151, 1302.8388966971197, 130.93667283228095, 1389.0021082220683, 134.45303159326963, 1900.4451862262833, 155.7456781119304, 2264.3079761068157, 189.3715076853684, 2035.2977863668284, 203.71835783000753]</VALUES>
		<LCS_MIN>[679.5, 946.5, 1063.0, 1448.5, 1926.0, 1735.5]</LCS_MIN>
		<LCS_MAX>[1474.5, 1930.5, 1986.5, 2408.5, 2921.5, 2722.5]</LCS_MAX>
		<WAVELENGTH>[0.48, 0.56, 0.655, 0.865, 1.61, 2.2]</WAVELENGTH>
		<MEAN_VALUE>[1045.4478215038675, 1302.8388966971197, 1389.0021082220683, 1900.4451862262833, 2264.3079761068157, 2035.2977863668284]</MEAN_VALUE>
		<CHECKBOX>2</CHECKBOX>
		<SD>[114.09157148356151, 130.93667283228095, 134.45303159326963, 155.7456781119304, 189.3715076853684, 203.71835783000753]</SD>
		<WAVELENGTH_UNIT>E-6m</WAVELENGTH_UNIT>
		<COLOR>#e4ffdc</COLOR>
		<COVARIANCE_MATRIX>[[12707.190494925288, 13256.686824409724, 12020.382878460861, 7372.973840178262, 13325.302533986413, 16441.5117553445], [13256.686824409724, 16662.14156162935, 15527.730326373037, 10366.03434997138, 15331.499403405895, 17887.942050329737], [12020.382878460861, 15527.730326373037, 18069.868946606417, 11373.91856172956, 17567.01192769157, 18226.07878543617], [7372.973840178262, 10366.03434997138, 11373.91856172956, 24236.2093622346, 19239.076317355146, 14439.773082905955], [13325.302533986413, 15331.499403405895, 17567.01192769157, 19239.076317355146, 35640.09052068555, 35614.77857878221], [16441.5117553445, 17887.942050329737, 18226.07878543617, 14439.773082905955, 35614.77857878221, 41657.86525525844]]</COVARIANCE_MATRIX>
		<ROI_SIZE>5762</ROI_SIZE>
		<MAX_VALUE>[1474.5, 1930.5, 1986.5, 2408.5, 2921.5, 2722.5]</MAX_VALUE>
		<MIN_VALUE>[679.5, 946.5, 1063.0, 1448.5, 1926.0, 1735.5]</MIN_VALUE>
		<SIGNATURE_THRESHOLD_MD>0</SIGNATURE_THRESHOLD_MD>
		<SIGNATURE_THRESHOLD_ML>0</SIGNATURE_THRESHOLD_ML>
		<SIGNATURE_THRESHOLD_SAM>0</SIGNATURE_THRESHOLD_SAM>
	</signature>
	<signature ID="20190911_183715836909_230">
		<MACROCLASSID>4</MACROCLASSID>
		<MACROCLASSINFO>Builtup</MACROCLASSINFO>
		<CLASSID>41</CLASSID>
		<CLASSINFO>C 1</CLASSINFO>
		<VALUES>[1070.7683408577875, 122.93854943783624, 1338.8433972911969, 143.27923807596017, 1412.4669864559844, 144.83029167019993, 1901.3422686230251, 166.59832467824597, 2322.7917607223494, 208.69868445077068, 2118.975451467272, 227.10594352328067]</VALUES>
		<LCS_MIN>[672.0, 920.5, 1025.5, 1436.0, 1933.5, 1763.5]</LCS_MIN>
		<LCS_MAX>[1558.0, 1901.0, 1935.0, 2401.5, 2920.5, 2751.5]</LCS_MAX>
		<WAVELENGTH>[0.48, 0.56, 0.655, 0.865, 1.61, 2.2]</WAVELENGTH>
		<MEAN_VALUE>[1070.7683408577875, 1338.8433972911969, 1412.4669864559844, 1901.3422686230251, 2322.7917607223494, 2118.975451467272]</MEAN_VALUE>
		<CHECKBOX>2</CHECKBOX>
		<SD>[122.93854943783624, 143.27923807596017, 144.83029167019993, 166.59832467824597, 208.69868445077068, 227.10594352328067]</SD>
		<WAVELENGTH_UNIT>E-6m</WAVELENGTH_UNIT>
		<COLOR>#fd0338</COLOR>
		<COVARIANCE_MATRIX>[[15335.385759975095, 15658.957150919867, 14785.910167971046, 11472.445596172014, 15998.718711614698, 19232.826086808254], [15658.957150919867, 20641.75964651722, 19048.94217578183, 15002.99284659424, 19584.192324014904, 22337.513386578983], [14785.910167971046, 19048.94217578183, 21444.341506739427, 15404.853237322624, 20830.16873195846, 22039.38472437292], [11472.445596172014, 15002.99284659424, 15404.853237322624, 27778.98601222122, 21969.47709663827, 18849.97563114329], [15998.718711614698, 19584.192324014904, 20830.16873195846, 21969.47709663827, 44204.322831740494, 44713.30225792462], [19232.826086808254, 22337.513386578983, 22039.38472437292, 18849.97563114329, 44713.30225792462, 51962.29000699434]]</COVARIANCE_MATRIX>
		<ROI_SIZE>5158</ROI_SIZE>
		<MAX_VALUE>[1558.0, 1901.0, 1935.0, 2401.5, 2920.5, 2751.5]</MAX_VALUE>
		<MIN_VALUE>[672.0, 920.5, 1025.5, 1436.0, 1933.5, 1763.5]</MIN_VALUE>
		<SIGNATURE_THRESHOLD_MD>0</SIGNATURE_THRESHOLD_MD>
		<SIGNATURE_THRESHOLD_ML>0</SIGNATURE_THRESHOLD_ML>
		<SIGNATURE_THRESHOLD_SAM>0</SIGNATURE_THRESHOLD_SAM>
	</signature>
	<signature ID="20190911_183724408964_526">
		<MACROCLASSID>4</MACROCLASSID>
		<MACROCLASSINFO>Builtup</MACROCLASSINFO>
		<CLASSID>42</CLASSID>
		<CLASSINFO>C 1</CLASSINFO>
		<VALUES>[1093.3000000000004, 118.39281101971274, 1412.0425287356318, 137.82837456411067, 1468.0206896551733, 143.57016638350206, 2061.8597701149447, 166.07094416694002, 2483.0252873563218, 208.51588170632962, 2297.2011494252874, 238.05947604876002]</VALUES>
		<LCS_MIN>[831.0, 1135.0, 1232.5, 1785.5, 2135.5, 1969.5]</LCS_MIN>
		<LCS_MAX>[1544.0, 1937.0, 1976.5, 2521.0, 3095.5, 2955.5]</LCS_MAX>
		<WAVELENGTH>[0.48, 0.56, 0.655, 0.865, 1.61, 2.2]</WAVELENGTH>
		<MEAN_VALUE>[1093.3000000000004, 1412.0425287356318, 1468.0206896551733, 2061.8597701149447, 2483.0252873563218, 2297.2011494252874]</MEAN_VALUE>
		<CHECKBOX>2</CHECKBOX>
		<SD>[118.39281101971274, 137.82837456411067, 143.57016638350206, 166.07094416694002, 208.51588170632962, 238.05947604876002]</SD>
		<WAVELENGTH_UNIT>E-6m</WAVELENGTH_UNIT>
		<COLOR>#7f255a</COLOR>
		<COVARIANCE_MATRIX>[[14049.154608294932, 15699.06324884792, 15344.48283410138, 9696.162557603688, 15913.217626728116, 19614.682027649764], [15699.06324884792, 19040.43194289952, 18577.13103051009, 13037.516346204775, 19437.842240055088, 23288.031172201918], [15344.48283410138, 18577.13103051009, 20659.886667726045, 12741.589889559822, 20175.12677975529, 23437.200897822982], [9696.162557603688, 13037.516346204775, 12741.589889559822, 27643.105866306483, 18248.014498914137, 13713.036336670375], [15913.217626728116, 19437.842240055088, 20175.12677975529, 18248.014498914137, 43579.054658615394, 46614.5766989777], [19614.682027649764, 23288.031172201918, 23437.200897822982, 13713.036336670375, 46614.5766989777, 56802.89550558821]]</COVARIANCE_MATRIX>
		<ROI_SIZE>435</ROI_SIZE>
		<MAX_VALUE>[1544.0, 1937.0, 1976.5, 2521.0, 3095.5, 2955.5]</MAX_VALUE>
		<MIN_VALUE>[831.0, 1135.0, 1232.5, 1785.5, 2135.5, 1969.5]</MIN_VALUE>
		<SIGNATURE_THRESHOLD_MD>0</SIGNATURE_THRESHOLD_MD>
		<SIGNATURE_THRESHOLD_ML>0</SIGNATURE_THRESHOLD_ML>
		<SIGNATURE_THRESHOLD_SAM>0</SIGNATURE_THRESHOLD_SAM>
	</signature>
	<signature ID="20190911_183741639543_803">
		<MACROCLASSID>4</MACROCLASSID>
		<MACROCLASSINFO>Builtup</MACROCLASSINFO>
		<CLASSID>43</CLASSID>
		<CLASSINFO>C 1</CLASSINFO>
		<VALUES>[733.2536978933223, 128.07908528484, 1064.3245181532945, 142.1140428926566, 1102.1546391752538, 146.5811482144657, 1924.9560735096354, 173.54442967152585, 2031.315105333932, 195.04254093650022, 1778.965934558492, 229.16407386976954]</VALUES>
		<LCS_MIN>[308.0, 604.0, 613.0, 1383.0, 1513.0, 1199.0]</LCS_MIN>
		<LCS_MAX>[1075.0, 1363.0, 1502.0, 2234.0, 2503.0, 2195.0]</LCS_MAX>
		<WAVELENGTH>[0.48, 0.56, 0.655, 0.865, 1.61, 2.2]</WAVELENGTH>
		<MEAN_VALUE>[733.2536978933223, 1064.3245181532945, 1102.1546391752538, 1924.9560735096354, 2031.315105333932, 1778.965934558492]</MEAN_VALUE>
		<CHECKBOX>2</CHECKBOX>
		<SD>[128.07908528484, 142.1140428926566, 146.5811482144657, 173.54442967152585, 195.04254093650022, 229.16407386976954]</SD>
		<WAVELENGTH_UNIT>E-6m</WAVELENGTH_UNIT>
		<COLOR>#5e0a63</COLOR>
		<COVARIANCE_MATRIX>[[16519.77592317471, 16465.930745641585, 15802.72981116493, 3407.764928694968, 15015.670495850534, 20704.604120456326], [16465.930745641585, 20850.241032155547, 19469.953204163325, 6077.131091276406, 18319.84814292019, 24506.78813268047], [15802.72981116493, 19469.953204163325, 22048.08032017503, 2956.280072970559, 19429.4986564759, 25431.61920817098], [3407.764928694968, 6077.131091276406, 2956.280072970559, 30449.162420371922, 13718.346493692008, 6149.256071812043], [15015.670495850534, 18319.84814292019, 19429.4986564759, 13718.346493692008, 37915.02094657477, 41076.80775743661], [20704.604120456326, 24506.78813268047, 25431.61920817098, 6149.256071812043, 41076.80775743661, 52461.93780483753]]</COVARIANCE_MATRIX>
		<ROI_SIZE>17394</ROI_SIZE>
		<MAX_VALUE>[1075.0, 1363.0, 1502.0, 2234.0, 2503.0, 2195.0]</MAX_VALUE>
		<MIN_VALUE>[308.0, 604.0, 613.0, 1383.0, 1513.0, 1199.0]</MIN_VALUE>
		<SIGNATURE_THRESHOLD_MD>0</SIGNATURE_THRESHOLD_MD>
		<SIGNATURE_THRESHOLD_ML>0</SIGNATURE_THRESHOLD_ML>
		<SIGNATURE_THRESHOLD_SAM>0</SIGNATURE_THRESHOLD_SAM>
	</signature>
	<signature ID="20190911_183835397277_725">
		<MACROCLASSID>4</MACROCLASSID>
		<MACROCLASSINFO>Builtup</MACROCLASSINFO>
		<CLASSID>44</CLASSID>
		<CLASSINFO>C 1</CLASSINFO>
		<VALUES>[830.3131416837793, 118.696503098575, 1182.3418891170406, 132.60245022576612, 1215.1981519507185, 139.26084855080353, 1991.4075975359349, 186.70042432545313, 2138.232032854207, 205.10107079397883, 1844.3942505133466, 217.23322426517444]</VALUES>
		<LCS_MIN>[511.0, 842.0, 876.0, 1450.0, 1704.0, 1455.0]</LCS_MIN>
		<LCS_MAX>[1220.0, 1584.0, 1692.0, 2362.0, 2685.0, 2443.0]</LCS_MAX>
		<WAVELENGTH>[0.48, 0.56, 0.655, 0.865, 1.61, 2.2]</WAVELENGTH>
		<MEAN_VALUE>[830.3131416837793, 1182.3418891170406, 1215.1981519507185, 1991.4075975359349, 2138.232032854207, 1844.3942505133466]</MEAN_VALUE>
		<CHECKBOX>2</CHECKBOX>
		<SD>[118.696503098575, 132.60245022576612, 139.26084855080353, 186.70042432545313, 205.10107079397883, 217.23322426517444]</SD>
		<WAVELENGTH_UNIT>E-6m</WAVELENGTH_UNIT>
		<COLOR>#f75edd</COLOR>
		<COVARIANCE_MATRIX>[[14103.339662678776, 13076.100435579963, 12655.154741680404, 6711.495049076609, 13566.224285693186, 16451.457095162827], [13076.100435579963, 17601.481141751312, 16426.381310791785, 10166.23460433765, 16867.810619793985, 20470.755102342308], [12655.154741680404, 16426.381310791785, 19413.51568003444, 9063.167866059162, 17510.737119896345, 20305.72035935347], [6711.495049076609, 10166.23460433765, 9063.167866059162, 34892.87274797352, 19628.400701908406, 11249.29032121912], [13566.224285693186, 16867.810619793985, 17510.737119896345, 19628.400701908406, 42109.68300161865, 40560.92487089824], [16451.457095162827, 20470.755102342308, 20305.72035935347, 11249.29032121912, 40560.92487089824, 47238.7734920893]]</COVARIANCE_MATRIX>
		<ROI_SIZE>974</ROI_SIZE>
		<MAX_VALUE>[1220.0, 1584.0, 1692.0, 2362.0, 2685.0, 2443.0]</MAX_VALUE>
		<MIN_VALUE>[511.0, 842.0, 876.0, 1450.0, 1704.0, 1455.0]</MIN_VALUE>
		<SIGNATURE_THRESHOLD_MD>0</SIGNATURE_THRESHOLD_MD>
		<SIGNATURE_THRESHOLD_ML>0</SIGNATURE_THRESHOLD_ML>
		<SIGNATURE_THRESHOLD_SAM>0</SIGNATURE_THRESHOLD_SAM>
	</signature>
	<signature ID="20190911_183907536236_930">
		<MACROCLASSID>4</MACROCLASSID>
		<MACROCLASSINFO>Builtup</MACROCLASSINFO>
		<CLASSID>45</CLASSID>
		<CLASSINFO>C 1</CLASSINFO>
		<VALUES>[812.2892587939699, 133.69422073708282, 1133.6138505025156, 147.9850097868218, 1159.5471105527636, 172.8976131155317, 2099.0998743718606, 211.980023547385, 2051.1684987437134, 210.6314565913317, 1717.030464824119, 255.33447159010092]</VALUES>
		<LCS_MIN>[376.0, 690.0, 578.0, 1515.5, 1523.0, 1157.0]</LCS_MIN>
		<LCS_MAX>[1228.0, 1523.0, 1563.0, 2514.0, 2522.0, 2157.0]</LCS_MAX>
		<WAVELENGTH>[0.48, 0.56, 0.655, 0.865, 1.61, 2.2]</WAVELENGTH>
		<MEAN_VALUE>[812.2892587939699, 1133.6138505025156, 1159.5471105527636, 2099.0998743718606, 2051.1684987437134, 1717.030464824119]</MEAN_VALUE>
		<CHECKBOX>2</CHECKBOX>
		<SD>[133.69422073708282, 147.9850097868218, 172.8976131155317, 211.980023547385, 210.6314565913317, 255.33447159010092]</SD>
		<WAVELENGTH_UNIT>E-6m</WAVELENGTH_UNIT>
		<COLOR>#242d2c</COLOR>
		<COVARIANCE_MATRIX>[[18247.03133638031, 18386.954288286845, 19990.464206583492, -1908.4689857967905, 16364.579860244352, 25086.360348011134], [18386.954288286845, 22544.65705803839, 24164.622951091562, 1079.9552578847608, 18970.379296267543, 27812.91372387868], [19990.464206583492, 24164.622951091562, 30563.554908958868, -2925.5308427811347, 21459.973175633077, 31001.060786557657], [-1908.4689857967905, 1079.9552578847608, -2925.5308427811347, 45639.80830583485, 17116.663775699006, 1255.1355522394401], [16364.579860244352, 18970.379296267543, 21459.973175633077, 17116.663775699006, 45767.383824346485, 48357.07868150292], [25086.360348011134, 27812.91372387868, 31001.060786557657, 1255.1355522394401, 48357.07868150292, 65005.49076321599]]</COVARIANCE_MATRIX>
		<ROI_SIZE>43321</ROI_SIZE>
		<MAX_VALUE>[1228.0, 1523.0, 1563.0, 2514.0, 2522.0, 2157.0]</MAX_VALUE>
		<MIN_VALUE>[376.0, 690.0, 578.0, 1515.5, 1523.0, 1157.0]</MIN_VALUE>
		<SIGNATURE_THRESHOLD_MD>0</SIGNATURE_THRESHOLD_MD>
		<SIGNATURE_THRESHOLD_ML>0</SIGNATURE_THRESHOLD_ML>
		<SIGNATURE_THRESHOLD_SAM>0</SIGNATURE_THRESHOLD_SAM>
	</signature>
	<signature ID="20190911_183946904377_125">
		<MACROCLASSID>4</MACROCLASSID>
		<MACROCLASSINFO>Builtup</MACROCLASSINFO>
		<CLASSID>46</CLASSID>
		<CLASSINFO>C 1</CLASSINFO>
		<VALUES>[815.3451327433627, 99.50908438197938, 1080.8982300884963, 113.50246886894274, 1122.7433628318586, 136.06040620755152, 1740.5442477876113, 135.98577420265744, 1666.8805309734519, 162.99510381831908, 1407.0884955752215, 190.87812019795007]</VALUES>
		<LCS_MIN>[574.0, 790.5, 753.0, 1431.5, 1303.5, 942.0]</LCS_MIN>
		<LCS_MAX>[1127.0, 1452.5, 1481.0, 1997.5, 2028.0, 1790.0]</LCS_MAX>
		<WAVELENGTH>[0.48, 0.56, 0.655, 0.865, 1.61, 2.2]</WAVELENGTH>
		<MEAN_VALUE>[815.3451327433627, 1080.8982300884963, 1122.7433628318586, 1740.5442477876113, 1666.8805309734519, 1407.0884955752215]</MEAN_VALUE>
		<CHECKBOX>2</CHECKBOX>
		<SD>[99.50908438197938, 113.50246886894274, 136.06040620755152, 135.98577420265744, 162.99510381831908, 190.87812019795007]</SD>
		<WAVELENGTH_UNIT>E-6m</WAVELENGTH_UNIT>
		<COLOR>#5d8260</COLOR>
		<COVARIANCE_MATRIX>[[9990.46910556258, 10722.964009165617, 12012.379543299627, 208.9377172882422, 9979.432225821743, 14344.556238147905], [10722.964009165617, 12997.83553255373, 14001.444631005059, 1138.0491861567637, 11109.387286662453, 15849.790336599242], [12012.379543299627, 14001.444631005059, 18677.723727876106, 763.4578855878635, 14086.460137484197, 18653.97603903287], [208.9377172882422, 1138.0491861567637, 763.4578855878635, 18657.239096080913, 10962.849083438683, 6906.844263590392], [9979.432225821743, 11109.387286662453, 14086.460137484197, 10962.849083438683, 26804.612831858387, 29401.843256163094], [14344.556238147905, 15849.790336599242, 18653.97603903287, 6906.844263590392, 29401.843256163094, 36759.76442003792]]</COVARIANCE_MATRIX>
		<ROI_SIZE>113</ROI_SIZE>
		<MAX_VALUE>[1127.0, 1452.5, 1481.0, 1997.5, 2028.0, 1790.0]</MAX_VALUE>
		<MIN_VALUE>[574.0, 790.5, 753.0, 1431.5, 1303.5, 942.0]</MIN_VALUE>
		<SIGNATURE_THRESHOLD_MD>0</SIGNATURE_THRESHOLD_MD>
		<SIGNATURE_THRESHOLD_ML>0</SIGNATURE_THRESHOLD_ML>
		<SIGNATURE_THRESHOLD_SAM>0</SIGNATURE_THRESHOLD_SAM>
	</signature>
	<signature ID="20190911_183956256025_413">
		<MACROCLASSID>4</MACROCLASSID>
		<MACROCLASSINFO>Builtup</MACROCLASSINFO>
		<CLASSID>47</CLASSID>
		<CLASSINFO>C 1</CLASSINFO>
		<VALUES>[798.6101083032501, 125.57352387275849, 1076.578519855594, 144.6259293776556, 1111.5388086642613, 163.25698947677915, 1836.026173285198, 193.18831122233428, 1789.6723826714795, 204.3569613859191, 1499.8267148014438, 232.23891386465394]</VALUES>
		<LCS_MIN>[411.5, 639.0, 652.5, 1224.5, 1285.0, 1018.5]</LCS_MIN>
		<LCS_MAX>[1186.0, 1567.0, 1542.5, 2215.0, 2184.0, 1999.5]</LCS_MAX>
		<WAVELENGTH>[0.48, 0.56, 0.655, 0.865, 1.61, 2.2]</WAVELENGTH>
		<MEAN_VALUE>[798.6101083032501, 1076.578519855594, 1111.5388086642613, 1836.026173285198, 1789.6723826714795, 1499.8267148014438]</MEAN_VALUE>
		<CHECKBOX>2</CHECKBOX>
		<SD>[125.57352387275849, 144.6259293776556, 163.25698947677915, 193.18831122233428, 204.3569613859191, 232.23891386465394]</SD>
		<WAVELENGTH_UNIT>E-6m</WAVELENGTH_UNIT>
		<COLOR>#71acbd</COLOR>
		<COVARIANCE_MATRIX>[[15968.925752190622, 16781.377086516426, 17912.840314566292, 1957.660686613358, 13786.701703238745, 19845.736510373812], [16781.377086516426, 20258.080077988023, 21212.443777051794, 3961.894702562584, 16550.192129035124, 22953.079122635314], [17912.840314566292, 21212.443777051794, 25599.998096126303, 1970.7752106830224, 19222.138386243507, 25997.662302285156], [1957.660686613358, 3961.894702562584, 1970.7752106830224, 37661.66372171124, 19692.64387822173, 9794.080024180666], [13786.701703238745, 16550.192129035124, 19222.138386243507, 19692.64387822173, 41662.833965720965, 42999.373150054584], [19845.736510373812, 22953.079122635314, 25997.662302285156, 9794.080024180666, 42999.373150054584, 52774.08225446554]]</COVARIANCE_MATRIX>
		<ROI_SIZE>2031</ROI_SIZE>
		<MAX_VALUE>[1186.0, 1567.0, 1542.5, 2215.0, 2184.0, 1999.5]</MAX_VALUE>
		<MIN_VALUE>[411.5, 639.0, 652.5, 1224.5, 1285.0, 1018.5]</MIN_VALUE>
		<SIGNATURE_THRESHOLD_MD>0</SIGNATURE_THRESHOLD_MD>
		<SIGNATURE_THRESHOLD_ML>0</SIGNATURE_THRESHOLD_ML>
		<SIGNATURE_THRESHOLD_SAM>0</SIGNATURE_THRESHOLD_SAM>
	</signature>
</signaturelist>
