<?xml version="1.0" ?>
<signaturelist MCID_LIST="[['1', 'Waterbody', '#000000'], ['2', 'Vegetation', '#000000'], ['3', 'Bareland', '#000000'], ['4', 'Built-up', '#000000']]">
	<signature ID="20211202_160609469147_471">
		<MACROCLASSID>1</MACROCLASSID>
		<MACROCLASSINFO>Waterbody</MACROCLASSINFO>
		<CLASSID>1</CLASSID>
		<CLASSINFO>C 1</CLASSINFO>
		<VALUES>[0.11419032918319777, 0.0022735833174144476, 0.1155910471551756, 0.0039128277873518675, 0.11477398607817145, 0.003837063530260094, 0.05097313433222469, 0.014070413817259247, 0.009955579577413703, 0.008065197562953055, 0.006664468223091201, 0.0048311664326309975]</VALUES>
		<LCS_MIN>[0.10313385725021362, 0.09402599930763245, 0.0862458199262619, 0.03990993648767471, 0.006850802805274725, 0.00467341486364603]</LCS_MIN>
		<LCS_MAX>[0.1316523253917694, 0.13900765776634216, 0.13667096197605133, 0.138450026512146, 0.07209278643131256, 0.043760184198617935]</LCS_MAX>
		<WAVELENGTH>[0.48, 0.56, 0.655, 0.865, 1.61, 2.2]</WAVELENGTH>
		<MEAN_VALUE>[0.11419032918319777, 0.1155910471551756, 0.11477398607817145, 0.05097313433222469, 0.009955579577413703, 0.006664468223091201]</MEAN_VALUE>
		<CHECKBOX>2</CHECKBOX>
		<SD>[0.0022735833174144476, 0.0039128277873518675, 0.003837063530260094, 0.014070413817259247, 0.008065197562953055, 0.0048311664326309975]</SD>
		<WAVELENGTH_UNIT>E-6m</WAVELENGTH_UNIT>
		<COLOR>#d3d172</COLOR>
		<COVARIANCE_MATRIX>[[5.051843345427187e-06, 7.958187779877335e-06, 6.6640704972087406e-06, 5.4039151109464e-06, 1.5745369807973475e-07, 3.729231252691534e-07], [7.958187779877335e-06, 1.4041053873370402e-05, 1.2319163033680525e-05, -2.6510485895414604e-06, -6.480580395873403e-06, -3.5691605262400117e-06], [6.6640704972087406e-06, 1.2319163033680525e-05, 1.3091671462461818e-05, -1.7071628462872468e-05, -1.3580427548731677e-05, -7.79885067458963e-06], [5.4039151109464e-06, -2.6510485895414604e-06, -1.7071628462872468e-05, 0.0001712040975689888, 9.330876491731033e-05, 5.613500616163947e-05], [1.5745369807973475e-07, -6.480580395873403e-06, -1.3580427548731677e-05, 9.330876491731033e-05, 5.384484029491432e-05, 3.234844916732982e-05], [3.729231252691534e-07, -3.5691605262400117e-06, -7.79885067458963e-06, 5.613500616163947e-05, 3.234844916732982e-05, 1.9548378986655734e-05]]</COVARIANCE_MATRIX>
		<ROI_SIZE>7870</ROI_SIZE>
		<MAX_VALUE>[0.1316523253917694, 0.13900765776634216, 0.13667096197605133, 0.138450026512146, 0.07209278643131256, 0.043760184198617935]</MAX_VALUE>
		<MIN_VALUE>[0.10313385725021362, 0.09402599930763245, 0.0862458199262619, 0.03990993648767471, 0.006850802805274725, 0.00467341486364603]</MIN_VALUE>
		<SIGNATURE_THRESHOLD_MD>0.0</SIGNATURE_THRESHOLD_MD>
		<SIGNATURE_THRESHOLD_ML>0.0</SIGNATURE_THRESHOLD_ML>
		<SIGNATURE_THRESHOLD_SAM>0.0</SIGNATURE_THRESHOLD_SAM>
	</signature>
	<signature ID="20211202_160633267905_392">
		<MACROCLASSID>1</MACROCLASSID>
		<MACROCLASSINFO>Waterbody</MACROCLASSINFO>
		<CLASSID>2</CLASSID>
		<CLASSINFO>C 1</CLASSINFO>
		<VALUES>[0.09938605468550168, 0.002960460477269983, 0.09511867300562199, 0.004327874219790274, 0.07354274701177667, 0.007201116954043026, 0.02802578826508341, 0.007118044486390719, 0.010272283199916948, 0.004704112714513725, 0.006848040217196203, 0.0024352857858469168]</VALUES>
		<LCS_MIN>[0.09187517315149307, 0.08242210000753403, 0.05884258821606636, 0.021986307576298714, 0.007434982340782881, 0.004992054775357246]</LCS_MIN>
		<LCS_MAX>[0.10626717656850815, 0.10424909740686417, 0.09309662878513336, 0.11372870206832886, 0.07129618525505066, 0.03518340364098549]</LCS_MAX>
		<WAVELENGTH>[0.48, 0.56, 0.655, 0.865, 1.61, 2.2]</WAVELENGTH>
		<MEAN_VALUE>[0.09938605468550168, 0.09511867300562199, 0.07354274701177667, 0.02802578826508341, 0.010272283199916948, 0.006848040217196203]</MEAN_VALUE>
		<CHECKBOX>2</CHECKBOX>
		<SD>[0.002960460477269983, 0.004327874219790274, 0.007201116954043026, 0.007118044486390719, 0.004704112714513725, 0.0024352857858469168]</SD>
		<WAVELENGTH_UNIT>E-6m</WAVELENGTH_UNIT>
		<COLOR>#1588c1</COLOR>
		<COVARIANCE_MATRIX>[[8.486552360409405e-06, 1.229004374181386e-05, 2.0587234757840633e-05, 1.0918703310380806e-06, -2.3758957468089648e-06, -1.5988564427971141e-06], [1.229004374181386e-05, 1.8284783436683938e-05, 2.9963113775011152e-05, -5.111102723276417e-07, -4.837660526391119e-06, -3.084539002884412e-06], [2.0587234757840633e-05, 2.9963113775011152e-05, 5.1442890253383666e-05, 4.399681529321242e-06, -5.079981292510638e-06, -3.6736832953465637e-06], [1.0918703310380806e-06, -5.111102723276417e-07, 4.399681529321242e-06, 5.5944095947779715e-05, 3.354611180839129e-05, 1.6198173398151994e-05], [-2.3758957468089648e-06, -4.837660526391119e-06, -5.079981292510638e-06, 3.354611180839129e-05, 2.2107809854787774e-05, 1.0958696293528192e-05], [-1.5988564427971141e-06, -3.084539002884412e-06, -3.6736832953465637e-06, 1.6198173398151994e-05, 1.0958696293528192e-05, 5.624600817100145e-06]]</COVARIANCE_MATRIX>
		<ROI_SIZE>7119</ROI_SIZE>
		<MAX_VALUE>[0.10626717656850815, 0.10424909740686417, 0.09309662878513336, 0.11372870206832886, 0.07129618525505066, 0.03518340364098549]</MAX_VALUE>
		<MIN_VALUE>[0.09187517315149307, 0.08242210000753403, 0.05884258821606636, 0.021986307576298714, 0.007434982340782881, 0.004992054775357246]</MIN_VALUE>
		<SIGNATURE_THRESHOLD_MD>0.0</SIGNATURE_THRESHOLD_MD>
		<SIGNATURE_THRESHOLD_ML>0.0</SIGNATURE_THRESHOLD_ML>
		<SIGNATURE_THRESHOLD_SAM>0.0</SIGNATURE_THRESHOLD_SAM>
	</signature>
	<signature ID="20211202_160639448239_782">
		<MACROCLASSID>1</MACROCLASSID>
		<MACROCLASSINFO>Waterbody</MACROCLASSINFO>
		<CLASSID>3</CLASSID>
		<CLASSINFO>C 1</CLASSINFO>
		<VALUES>[0.0913515645092709, 0.002113813919096576, 0.0830949100532703, 0.0047134024146788375, 0.05657865206174339, 0.004709537805512879, 0.028405205470760742, 0.014273802881723464, 0.012113897412281376, 0.00877639102479601, 0.0078529619211322, 0.004887330791822604]</VALUES>
		<LCS_MIN>[0.08290008455514908, 0.06160414591431618, 0.04033477604389191, 0.018720220774412155, 0.004620305262506008, 0.0050186049193143845]</LCS_MIN>
		<LCS_MAX>[0.09784969687461853, 0.09261865168809891, 0.07039336860179901, 0.1136225014925003, 0.08725485950708389, 0.060303036123514175]</LCS_MAX>
		<WAVELENGTH>[0.48, 0.56, 0.655, 0.865, 1.61, 2.2]</WAVELENGTH>
		<MEAN_VALUE>[0.0913515645092709, 0.0830949100532703, 0.05657865206174339, 0.028405205470760742, 0.012113897412281376, 0.0078529619211322]</MEAN_VALUE>
		<CHECKBOX>2</CHECKBOX>
		<SD>[0.002113813919096576, 0.0047134024146788375, 0.004709537805512879, 0.014273802881723464, 0.00877639102479601, 0.004887330791822604]</SD>
		<WAVELENGTH_UNIT>E-6m</WAVELENGTH_UNIT>
		<COLOR>#b862a1</COLOR>
		<COVARIANCE_MATRIX>[[8.59432384459069e-06, 1.9429971871431917e-05, 1.7443457181798294e-05, -1.7975080481846817e-06, -4.113418071938213e-06, -2.8981185096199624e-06], [1.9429971871431917e-05, 4.678919503930956e-05, 3.9717160689178854e-05, -2.033922282862477e-05, -2.0262616089894436e-05, -1.2859469279646873e-05], [1.7443457181798294e-05, 3.9717160689178854e-05, 3.677617132780142e-05, -7.189528332673945e-07, -6.4080986703629605e-06, -4.700781119026942e-06], [-1.7975080481846817e-06, -2.033922282862477e-05, -7.189528332673945e-07, 0.00020904309349134564, 0.00012707123823929578, 6.842543371021748e-05], [-4.113418071938213e-06, -2.0262616089894436e-05, -6.4080986703629605e-06, 0.00012707123823929578, 8.294566941913217e-05, 4.631769115803763e-05], [-2.8981185096199624e-06, -1.2859469279646873e-05, -4.700781119026942e-06, 6.842543371021748e-05, 4.631769115803763e-05, 2.665488500497304e-05]]</COVARIANCE_MATRIX>
		<ROI_SIZE>3149</ROI_SIZE>
		<MAX_VALUE>[0.09784969687461853, 0.09261865168809891, 0.07039336860179901, 0.1136225014925003, 0.08725485950708389, 0.060303036123514175]</MAX_VALUE>
		<MIN_VALUE>[0.08290008455514908, 0.06160414591431618, 0.04033477604389191, 0.018720220774412155, 0.004620305262506008, 0.0050186049193143845]</MIN_VALUE>
		<SIGNATURE_THRESHOLD_MD>0.0</SIGNATURE_THRESHOLD_MD>
		<SIGNATURE_THRESHOLD_ML>0.0</SIGNATURE_THRESHOLD_ML>
		<SIGNATURE_THRESHOLD_SAM>0.0</SIGNATURE_THRESHOLD_SAM>
	</signature>
	<signature ID="20211202_160652774102_420">
		<MACROCLASSID>1</MACROCLASSID>
		<MACROCLASSINFO>Waterbody</MACROCLASSINFO>
		<CLASSID>4</CLASSID>
		<CLASSINFO>C 1</CLASSINFO>
		<VALUES>[0.09479896769255076, 0.0033317676668831397, 0.09425330710607566, 0.0035847839371853877, 0.07769821117539978, 0.004579556691336882, 0.08844115169575581, 0.030163672239116, 0.05386584533050984, 0.02446452068002197, 0.036479420023509755, 0.015807438903424162]</VALUES>
		<LCS_MIN>[0.08688309788703918, 0.07644757628440857, 0.05642621964216232, 0.040892407298088074, 0.010754168964922428, 0.008682990446686745]</LCS_MIN>
		<LCS_MAX>[0.10682478547096252, 0.10499259829521179, 0.09795591980218887, 0.14978837966918945, 0.11686201393604279, 0.08035094290971756]</LCS_MAX>
		<WAVELENGTH>[0.48, 0.56, 0.655, 0.865, 1.61, 2.2]</WAVELENGTH>
		<MEAN_VALUE>[0.09479896769255076, 0.09425330710607566, 0.07769821117539978, 0.08844115169575581, 0.05386584533050984, 0.036479420023509755]</MEAN_VALUE>
		<CHECKBOX>2</CHECKBOX>
		<SD>[0.0033317676668831397, 0.0035847839371853877, 0.004579556691336882, 0.030163672239116, 0.02446452068002197, 0.015807438903424162]</SD>
		<WAVELENGTH_UNIT>E-6m</WAVELENGTH_UNIT>
		<COLOR>#81dc0f</COLOR>
		<COVARIANCE_MATRIX>[[1.1162005648657214e-05, 2.6860031994146993e-06, 1.3055273484496865e-05, 8.269064710475504e-05, 7.190995529526845e-05, 4.7075245674932376e-05], [2.6860031994146993e-06, 1.2921674169774633e-05, 1.0716823453549296e-05, -1.1388105122023262e-05, -1.164980585599551e-05, -7.632681445102207e-06], [1.3055273484496865e-05, 1.0716823453549296e-05, 2.108820808643941e-05, 7.753907993901521e-05, 6.81883393554017e-05, 4.50771112809889e-05], [8.269064710475504e-05, -1.1388105122023262e-05, 7.753907993901521e-05, 0.0009148739045485854, 0.0007067527621984482, 0.0004378159355837852], [7.190995529526845e-05, -1.164980585599551e-05, 6.81883393554017e-05, 0.0007067527621984482, 0.000601819483563304, 0.0003859544813167304], [4.7075245674932376e-05, -7.632681445102207e-06, 4.50771112809889e-05, 0.0004378159355837852, 0.0003859544813167304, 0.0002512556384317577]]</COVARIANCE_MATRIX>
		<ROI_SIZE>182</ROI_SIZE>
		<MAX_VALUE>[0.10682478547096252, 0.10499259829521179, 0.09795591980218887, 0.14978837966918945, 0.11686201393604279, 0.08035094290971756]</MAX_VALUE>
		<MIN_VALUE>[0.08688309788703918, 0.07644757628440857, 0.05642621964216232, 0.040892407298088074, 0.010754168964922428, 0.008682990446686745]</MIN_VALUE>
		<SIGNATURE_THRESHOLD_MD>0.0</SIGNATURE_THRESHOLD_MD>
		<SIGNATURE_THRESHOLD_ML>0.0</SIGNATURE_THRESHOLD_ML>
		<SIGNATURE_THRESHOLD_SAM>0.0</SIGNATURE_THRESHOLD_SAM>
	</signature>
	<signature ID="20211202_160731665864_527">
		<MACROCLASSID>1</MACROCLASSID>
		<MACROCLASSINFO>Waterbody</MACROCLASSINFO>
		<CLASSID>5</CLASSID>
		<CLASSINFO>C 1</CLASSINFO>
		<VALUES>[0.08607678598779751, 0.0019597306310021943, 0.06265694271584879, 0.0036756531682037817, 0.05338575373803934, 0.0037251433740125377, 0.08172716280485526, 0.02264276185475164, 0.0631658830412064, 0.015353449593407394, 0.04624551486199709, 0.008353481092402356]</VALUES>
		<LCS_MIN>[0.0813865140080452, 0.05594826117157936, 0.04508786275982857, 0.05239008367061615, 0.04065343737602234, 0.03252805396914482]</LCS_MIN>
		<LCS_MAX>[0.09827455878257751, 0.08284696191549301, 0.07894359529018402, 0.1547538787126541, 0.1394590586423874, 0.0981152355670929]</LCS_MAX>
		<WAVELENGTH>[0.48, 0.56, 0.655, 0.865, 1.61, 2.2]</WAVELENGTH>
		<MEAN_VALUE>[0.08607678598779751, 0.06265694271584879, 0.05338575373803934, 0.08172716280485526, 0.0631658830412064, 0.04624551486199709]</MEAN_VALUE>
		<CHECKBOX>2</CHECKBOX>
		<SD>[0.0019597306310021943, 0.0036756531682037817, 0.0037251433740125377, 0.02264276185475164, 0.015353449593407394, 0.008353481092402356]</SD>
		<WAVELENGTH_UNIT>E-6m</WAVELENGTH_UNIT>
		<COLOR>#c92b39</COLOR>
		<COVARIANCE_MATRIX>[[3.352545490997727e-06, 5.765297828475013e-06, 6.220555405889172e-06, 2.6361489290138707e-05, 1.7842743545770645e-05, 9.224360837833956e-06], [5.765297828475013e-06, 1.1388870916562155e-05, 1.1130543498438783e-05, 6.0845486586913466e-05, 3.898682552971877e-05, 1.9250097466283478e-05], [6.220555405889172e-06, 1.1130543498438783e-05, 1.2249010978848673e-05, 4.970386726199649e-05, 3.355239823576994e-05, 1.7075837604352273e-05], [2.6361489290138707e-05, 6.0845486586913466e-05, 4.970386726199649e-05, 0.0004212497442495078, 0.0002597712154965848, 0.0001255107781616971], [1.7842743545770645e-05, 3.898682552971877e-05, 3.355239823576994e-05, 0.0002597712154965848, 0.000202924435143359, 0.00011195493425475433], [9.224360837833956e-06, 1.9250097466283478e-05, 1.7075837604352273e-05, 0.0001255107781616971, 0.00011195493425475433, 6.675280019408092e-05]]</COVARIANCE_MATRIX>
		<ROI_SIZE>4708</ROI_SIZE>
		<MAX_VALUE>[0.09827455878257751, 0.08284696191549301, 0.07894359529018402, 0.1547538787126541, 0.1394590586423874, 0.0981152355670929]</MAX_VALUE>
		<MIN_VALUE>[0.0813865140080452, 0.05594826117157936, 0.04508786275982857, 0.05239008367061615, 0.04065343737602234, 0.03252805396914482]</MIN_VALUE>
		<SIGNATURE_THRESHOLD_MD>0.0</SIGNATURE_THRESHOLD_MD>
		<SIGNATURE_THRESHOLD_ML>0.0</SIGNATURE_THRESHOLD_ML>
		<SIGNATURE_THRESHOLD_SAM>0.0</SIGNATURE_THRESHOLD_SAM>
	</signature>
	<signature ID="20211202_160810569492_120">
		<MACROCLASSID>1</MACROCLASSID>
		<MACROCLASSINFO>Waterbody</MACROCLASSINFO>
		<CLASSID>6</CLASSID>
		<CLASSINFO>C 1</CLASSINFO>
		<VALUES>[0.09445397269953466, 0.00615308969401335, 0.08627641267709217, 0.01217658652614361, 0.06960113719530497, 0.01219688109551225, 0.05042915018339095, 0.020218151015377883, 0.02084485341570719, 0.009647750241233726, 0.011850190276180238, 0.004865394376826319]</VALUES>
		<LCS_MIN>[0.07862495630979538, 0.053531892597675323, 0.03879467770457268, 0.013754715211689472, 0.0077801719307899475, 0.004407875239849091]</LCS_MIN>
		<LCS_MAX>[0.10257623344659805, 0.10467395931482315, 0.08797178417444229, 0.11117956042289734, 0.06250696629285812, 0.033351216465234756]</LCS_MAX>
		<WAVELENGTH>[0.48, 0.56, 0.655, 0.865, 1.61, 2.2]</WAVELENGTH>
		<MEAN_VALUE>[0.09445397269953466, 0.08627641267709217, 0.06960113719530497, 0.05042915018339095, 0.02084485341570719, 0.011850190276180238]</MEAN_VALUE>
		<CHECKBOX>2</CHECKBOX>
		<SD>[0.00615308969401335, 0.01217658652614361, 0.01219688109551225, 0.020218151015377883, 0.009647750241233726, 0.004865394376826319]</SD>
		<WAVELENGTH_UNIT>E-6m</WAVELENGTH_UNIT>
		<COLOR>#01b36b</COLOR>
		<COVARIANCE_MATRIX>[[3.788210960919969e-05, 7.43508935556747e-05, 7.426806405419484e-05, 5.646404133585747e-06, 5.129303644935135e-06, 3.7984802929713624e-06], [7.43508935556747e-05, 0.00014835383626632392, 0.00014617537090089172, 3.4988028346560895e-05, 2.1689291315851733e-05, 1.3200266039348207e-05], [7.426806405419484e-05, 0.00014617537090089172, 0.00014884877600707114, 8.923693712858949e-06, 8.266493750852533e-06, 6.528467110911151e-06], [5.646404133585747e-06, 3.4988028346560895e-05, 8.923693712858949e-06, 0.00040900681051425636, 0.00018512576934881508, 9.056750423042104e-05], [5.129303644935135e-06, 2.1689291315851733e-05, 8.266493750852533e-06, 0.00018512576934881508, 9.313218470197171e-05, 4.666853055823594e-05], [3.7984802929713624e-06, 1.3200266039348207e-05, 6.528467110911151e-06, 9.056750423042104e-05, 4.666853055823594e-05, 2.3685566702624783e-05]]</COVARIANCE_MATRIX>
		<ROI_SIZE>1754</ROI_SIZE>
		<MAX_VALUE>[0.10257623344659805, 0.10467395931482315, 0.08797178417444229, 0.11117956042289734, 0.06250696629285812, 0.033351216465234756]</MAX_VALUE>
		<MIN_VALUE>[0.07862495630979538, 0.053531892597675323, 0.03879467770457268, 0.013754715211689472, 0.0077801719307899475, 0.004407875239849091]</MIN_VALUE>
		<SIGNATURE_THRESHOLD_MD>0.0</SIGNATURE_THRESHOLD_MD>
		<SIGNATURE_THRESHOLD_ML>0.0</SIGNATURE_THRESHOLD_ML>
		<SIGNATURE_THRESHOLD_SAM>0.0</SIGNATURE_THRESHOLD_SAM>
	</signature>
	<signature ID="20211202_160817100179_141">
		<MACROCLASSID>1</MACROCLASSID>
		<MACROCLASSINFO>Waterbody</MACROCLASSINFO>
		<CLASSID>7</CLASSID>
		<CLASSINFO>C 1</CLASSINFO>
		<VALUES>[0.10615747865466844, 0.0026267081879322056, 0.10332383783090682, 0.004236709690716325, 0.1022095379552671, 0.0063819974300367, 0.05867915720279728, 0.018348078106023243, 0.021312985414018243, 0.010125060020124867, 0.013128179862784847, 0.00464502280083292]</VALUES>
		<LCS_MIN>[0.09652204066514969, 0.08852941542863846, 0.07867805659770966, 0.037307679653167725, 0.008682990446686745, 0.006611823104321957]</LCS_MIN>
		<LCS_MAX>[0.10860387235879898, 0.10690445452928543, 0.10759483277797699, 0.11518914997577667, 0.05751490965485573, 0.030111677944660187]</LCS_MAX>
		<WAVELENGTH>[0.48, 0.56, 0.655, 0.865, 1.61, 2.2]</WAVELENGTH>
		<MEAN_VALUE>[0.10615747865466844, 0.10332383783090682, 0.1022095379552671, 0.05867915720279728, 0.021312985414018243, 0.013128179862784847]</MEAN_VALUE>
		<CHECKBOX>2</CHECKBOX>
		<SD>[0.0026267081879322056, 0.004236709690716325, 0.0063819974300367, 0.018348078106023243, 0.010125060020124867, 0.00464502280083292]</SD>
		<WAVELENGTH_UNIT>E-6m</WAVELENGTH_UNIT>
		<COLOR>#25b1ff</COLOR>
		<COVARIANCE_MATRIX>[[6.982723789406009e-06, 1.1024622835975606e-05, 1.6660393157508224e-05, -3.9690403355052695e-05, -2.24392661039019e-05, -9.305376806878485e-06], [1.1024622835975606e-05, 1.816597068682313e-05, 2.694274553505238e-05, -6.228297570487484e-05, -3.50780610460788e-05, -1.4488469787465874e-05], [1.6660393157508224e-05, 2.694274553505238e-05, 4.122061363887042e-05, -9.927720384439453e-05, -5.613402390736155e-05, -2.3412470909534022e-05], [-3.9690403355052695e-05, -6.228297570487484e-05, -9.927720384439453e-05, 0.00034070800757035613, 0.0001844961807364598, 8.280459587695077e-05], [-2.24392661039019e-05, -3.50780610460788e-05, -5.613402390736155e-05, 0.0001844961807364598, 0.00010375198326073587, 4.6543889766326174e-05], [-9.305376806878485e-06, -1.4488469787465874e-05, -2.3412470909534022e-05, 8.280459587695077e-05, 4.6543889766326174e-05, 2.1836191081092693e-05]]</COVARIANCE_MATRIX>
		<ROI_SIZE>84</ROI_SIZE>
		<MAX_VALUE>[0.10860387235879898, 0.10690445452928543, 0.10759483277797699, 0.11518914997577667, 0.05751490965485573, 0.030111677944660187]</MAX_VALUE>
		<MIN_VALUE>[0.09652204066514969, 0.08852941542863846, 0.07867805659770966, 0.037307679653167725, 0.008682990446686745, 0.006611823104321957]</MIN_VALUE>
		<SIGNATURE_THRESHOLD_MD>0.0</SIGNATURE_THRESHOLD_MD>
		<SIGNATURE_THRESHOLD_ML>0.0</SIGNATURE_THRESHOLD_ML>
		<SIGNATURE_THRESHOLD_SAM>0.0</SIGNATURE_THRESHOLD_SAM>
	</signature>
	<signature ID="20211202_160840415552_357">
		<MACROCLASSID>1</MACROCLASSID>
		<MACROCLASSINFO>Waterbody</MACROCLASSINFO>
		<CLASSID>8</CLASSID>
		<CLASSINFO>C 1</CLASSINFO>
		<VALUES>[0.11557979770708614, 0.0017869256525546403, 0.11817415402465734, 0.002307066572898132, 0.11923978816355507, 0.004140013292174739, 0.04597545781565789, 0.011951252700379944, 0.011824987425473398, 0.0072223944202436845, 0.007570097496813882, 0.004156033402341019]</VALUES>
		<LCS_MIN>[0.10552367568016052, 0.10164686292409897, 0.09545987844467163, 0.037998080253601074, 0.007116332650184631, 0.004832734819501638]</LCS_MIN>
		<LCS_MAX>[0.12089814990758896, 0.12416423857212067, 0.12761619687080383, 0.11038296669721603, 0.0679238960146904, 0.04283081367611885]</LCS_MAX>
		<WAVELENGTH>[0.48, 0.56, 0.655, 0.865, 1.61, 2.2]</WAVELENGTH>
		<MEAN_VALUE>[0.11557979770708614, 0.11817415402465734, 0.11923978816355507, 0.04597545781565789, 0.011824987425473398, 0.007570097496813882]</MEAN_VALUE>
		<CHECKBOX>2</CHECKBOX>
		<SD>[0.0017869256525546403, 0.002307066572898132, 0.004140013292174739, 0.011951252700379944, 0.0072223944202436845, 0.004156033402341019]</SD>
		<WAVELENGTH_UNIT>E-6m</WAVELENGTH_UNIT>
		<COLOR>#22400d</COLOR>
		<COVARIANCE_MATRIX>[[3.113880893579335e-06, 3.849933364108438e-06, 6.6672068896878045e-06, -7.571074547740864e-06, -5.992040769342566e-06, -3.2478874345542863e-06], [3.849933364108438e-06, 5.340043117030291e-06, 8.942400199885014e-06, -1.004768637358211e-05, -8.472069566778373e-06, -4.708927463070722e-06], [6.6672068896878045e-06, 8.942400199885014e-06, 1.6727024558349513e-05, -1.6769605281297117e-05, -1.3027782188146375e-05, -7.106789325916907e-06], [-7.571074547740864e-06, -1.004768637358211e-05, -1.6769605281297117e-05, 0.00012055030674673617, 7.470781565643847e-05, 4.22797238570638e-05], [-5.992040769342566e-06, -8.472069566778373e-06, -1.3027782188146375e-05, 7.470781565643847e-05, 5.172994133317843e-05, 2.97311125905253e-05], [-3.2478874345542863e-06, -4.708927463070722e-06, -7.106789325916907e-06, 4.22797238570638e-05, 2.97311125905253e-05, 1.7332877177977934e-05]]</COVARIANCE_MATRIX>
		<ROI_SIZE>5886</ROI_SIZE>
		<MAX_VALUE>[0.12089814990758896, 0.12416423857212067, 0.12761619687080383, 0.11038296669721603, 0.0679238960146904, 0.04283081367611885]</MAX_VALUE>
		<MIN_VALUE>[0.10552367568016052, 0.10164686292409897, 0.09545987844467163, 0.037998080253601074, 0.007116332650184631, 0.004832734819501638]</MIN_VALUE>
		<SIGNATURE_THRESHOLD_MD>0.0</SIGNATURE_THRESHOLD_MD>
		<SIGNATURE_THRESHOLD_ML>0.0</SIGNATURE_THRESHOLD_ML>
		<SIGNATURE_THRESHOLD_SAM>0.0</SIGNATURE_THRESHOLD_SAM>
	</signature>
	<signature ID="20211202_160900118849_316">
		<MACROCLASSID>1</MACROCLASSID>
		<MACROCLASSINFO>Waterbody</MACROCLASSINFO>
		<CLASSID>9</CLASSID>
		<CLASSINFO>C 1</CLASSINFO>
		<VALUES>[0.09619176604760622, 0.0019265592230883566, 0.09069731582432577, 0.003747027795259391, 0.08254714573063358, 0.006707831744298597, 0.08187815255969068, 0.024723927276442414, 0.02388592635084789, 0.00790542517829407, 0.012347993758781147, 0.003452456915786416]</VALUES>
		<LCS_MIN>[0.08619271963834763, 0.06816286593675613, 0.0530804842710495, 0.03975061699748039, 0.010488629341125488, 0.006372843403369188]</LCS_MIN>
		<LCS_MAX>[0.10010674595832825, 0.09795591980218887, 0.09049437195062637, 0.14546015858650208, 0.048858460038900375, 0.022942235693335533]</LCS_MAX>
		<WAVELENGTH>[0.48, 0.56, 0.655, 0.865, 1.61, 2.2]</WAVELENGTH>
		<MEAN_VALUE>[0.09619176604760622, 0.09069731582432577, 0.08254714573063358, 0.08187815255969068, 0.02388592635084789, 0.012347993758781147]</MEAN_VALUE>
		<CHECKBOX>2</CHECKBOX>
		<SD>[0.0019265592230883566, 0.003747027795259391, 0.006707831744298597, 0.024723927276442414, 0.00790542517829407, 0.003452456915786416]</SD>
		<WAVELENGTH_UNIT>E-6m</WAVELENGTH_UNIT>
		<COLOR>#84ca32</COLOR>
		<COVARIANCE_MATRIX>[[3.717358367794077e-06, 5.522471838048659e-06, 1.1029675079043955e-05, -2.0120953195146285e-05, -6.813661002524896e-06, -2.9532604912674287e-06], [5.522471838048659e-06, 1.4061884030525107e-05, 2.0713570847874507e-05, 1.0982496860378888e-05, 2.9300470032467274e-06, 1.3067235613561934e-06], [1.1029675079043955e-05, 2.0713570847874507e-05, 4.506444383878261e-05, -7.048810221021995e-05, -2.2942354917177e-05, -9.885605322779156e-06], [-2.0120953195146285e-05, 1.0982496860378888e-05, -7.048810221021995e-05, 0.0006122158956713974, 0.0001909706916194409, 8.329357660841197e-05], [-6.813661002524896e-06, 2.9300470032467274e-06, -2.2942354917177e-05, 0.0001909706916194409, 6.259218935156241e-05, 2.726194179558661e-05], [-2.9532604912674287e-06, 1.3067235613561934e-06, -9.885605322779156e-06, 8.329357660841197e-05, 2.726194179558661e-05, 1.1937852832488716e-05]]</COVARIANCE_MATRIX>
		<ROI_SIZE>649</ROI_SIZE>
		<MAX_VALUE>[0.10010674595832825, 0.09795591980218887, 0.09049437195062637, 0.14546015858650208, 0.048858460038900375, 0.022942235693335533]</MAX_VALUE>
		<MIN_VALUE>[0.08619271963834763, 0.06816286593675613, 0.0530804842710495, 0.03975061699748039, 0.010488629341125488, 0.006372843403369188]</MIN_VALUE>
		<SIGNATURE_THRESHOLD_MD>0.0</SIGNATURE_THRESHOLD_MD>
		<SIGNATURE_THRESHOLD_ML>0.0</SIGNATURE_THRESHOLD_ML>
		<SIGNATURE_THRESHOLD_SAM>0.0</SIGNATURE_THRESHOLD_SAM>
	</signature>
	<signature ID="20211202_161001601581_997">
		<MACROCLASSID>1</MACROCLASSID>
		<MACROCLASSINFO>Waterbody</MACROCLASSINFO>
		<CLASSID>10</CLASSID>
		<CLASSINFO>C 1</CLASSINFO>
		<VALUES>[0.10257180500775576, 0.009295084861913085, 0.08718238212168217, 0.010788607122875413, 0.07869078839818638, 0.014941196162993605, 0.0751193407922983, 0.0238754308428854, 0.057182993817453585, 0.02263511389863536, 0.04542089156651249, 0.018345027139765158]</VALUES>
		<LCS_MIN>[0.08932601660490036, 0.0705261379480362, 0.054833002388477325, 0.03300601616501808, 0.02392471395432949, 0.01795017160475254]</LCS_MIN>
		<LCS_MAX>[0.13074950873851776, 0.11529536545276642, 0.1153484657406807, 0.11965014040470123, 0.1053643599152565, 0.08552887290716171]</LCS_MAX>
		<WAVELENGTH>[0.48, 0.56, 0.655, 0.865, 1.61, 2.2]</WAVELENGTH>
		<MEAN_VALUE>[0.10257180500775576, 0.08718238212168217, 0.07869078839818638, 0.0751193407922983, 0.057182993817453585, 0.04542089156651249]</MEAN_VALUE>
		<CHECKBOX>2</CHECKBOX>
		<SD>[0.009295084861913085, 0.010788607122875413, 0.014941196162993605, 0.0238754308428854, 0.02263511389863536, 0.018345027139765158]</SD>
		<WAVELENGTH_UNIT>E-6m</WAVELENGTH_UNIT>
		<COLOR>#d6ac77</COLOR>
		<COVARIANCE_MATRIX>[[8.82368694874458e-05, 9.870620124274865e-05, 0.00013696844689548016, 0.0002039093233179301, 0.0001876938622444868, 0.00015427607286255807], [9.870620124274865e-05, 0.00011887051368830726, 0.0001632030471228063, 0.0002454747154843062, 0.0002304128574905917, 0.00018927655764855444], [0.00013696844689548016, 0.0001632030471228063, 0.00022798911959398538, 0.00034714522189460695, 0.0003124362847302109, 0.0002560161519795656], [0.0002039093233179301, 0.0002454747154843062, 0.00034714522189460695, 0.0005821646191179752, 0.0004891071585007012, 0.00039280042983591557], [0.0001876938622444868, 0.0002304128574905917, 0.0003124362847302109, 0.0004891071585007012, 0.0005232493858784437, 0.0004217958776280284], [0.00015427607286255807, 0.00018927655764855444, 0.0002560161519795656, 0.00039280042983591557, 0.0004217958776280284, 0.00034370043431408703]]</COVARIANCE_MATRIX>
		<ROI_SIZE>48</ROI_SIZE>
		<MAX_VALUE>[0.13074950873851776, 0.11529536545276642, 0.1153484657406807, 0.11965014040470123, 0.1053643599152565, 0.08552887290716171]</MAX_VALUE>
		<MIN_VALUE>[0.08932601660490036, 0.0705261379480362, 0.054833002388477325, 0.03300601616501808, 0.02392471395432949, 0.01795017160475254]</MIN_VALUE>
		<SIGNATURE_THRESHOLD_MD>0.0</SIGNATURE_THRESHOLD_MD>
		<SIGNATURE_THRESHOLD_ML>0.0</SIGNATURE_THRESHOLD_ML>
		<SIGNATURE_THRESHOLD_SAM>0.0</SIGNATURE_THRESHOLD_SAM>
	</signature>
	<signature ID="20211202_161007341035_967">
		<MACROCLASSID>1</MACROCLASSID>
		<MACROCLASSINFO>Waterbody</MACROCLASSINFO>
		<CLASSID>11</CLASSID>
		<CLASSINFO>C 1</CLASSINFO>
		<VALUES>[0.10524201339909008, 0.007326896329554714, 0.089277660208089, 0.008756224575181342, 0.08159231580793856, 0.011888014731315642, 0.08137893530407121, 0.02309919097184135, 0.06162880946482931, 0.01898813342356179, 0.04987508637298431, 0.014102257616098256]</VALUES>
		<LCS_MIN>[0.09025540202856064, 0.07169449329376221, 0.05778044834733009, 0.03547549247741699, 0.020233778282999992, 0.017206672579050064]</LCS_MIN>
		<LCS_MAX>[0.12023432552814484, 0.10815246403217316, 0.10844455659389496, 0.12859869003295898, 0.10164686292409897, 0.07796112447977066]</LCS_MAX>
		<WAVELENGTH>[0.48, 0.56, 0.655, 0.865, 1.61, 2.2]</WAVELENGTH>
		<MEAN_VALUE>[0.10524201339909008, 0.089277660208089, 0.08159231580793856, 0.08137893530407121, 0.06162880946482931, 0.04987508637298431]</MEAN_VALUE>
		<CHECKBOX>2</CHECKBOX>
		<SD>[0.007326896329554714, 0.008756224575181342, 0.011888014731315642, 0.02309919097184135, 0.01898813342356179, 0.014102257616098256]</SD>
		<WAVELENGTH_UNIT>E-6m</WAVELENGTH_UNIT>
		<COLOR>#89038a</COLOR>
		<COVARIANCE_MATRIX>[[5.567168409470469e-05, 6.483448669314384e-05, 8.870795863913372e-05, 0.00014413682220038027, 9.715415944810957e-05, 7.602354162372649e-05], [6.483448669314384e-05, 7.951115549076349e-05, 0.00010696086246753111, 0.00018049724167212844, 0.00011828204878838733, 9.181462519336492e-05], [8.870795863913372e-05, 0.00010696086246753111, 0.00014655914856120944, 0.0002434636262478307, 0.00015953094407450408, 0.0001230328343808651], [0.00014413682220038027, 0.00018049724167212844, 0.0002434636262478307, 0.0005533345974981785, 0.0003674115869216621, 0.0002543164591770619], [9.715415944810957e-05, 0.00011828204878838733, 0.00015953094407450408, 0.0003674115869216621, 0.0003739028761629015, 0.0002719356562010944], [7.602354162372649e-05, 9.181462519336492e-05, 0.0001230328343808651, 0.0002543164591770619, 0.0002719356562010944, 0.00020623936143238097]]</COVARIANCE_MATRIX>
		<ROI_SIZE>28</ROI_SIZE>
		<MAX_VALUE>[0.12023432552814484, 0.10815246403217316, 0.10844455659389496, 0.12859869003295898, 0.10164686292409897, 0.07796112447977066]</MAX_VALUE>
		<MIN_VALUE>[0.09025540202856064, 0.07169449329376221, 0.05778044834733009, 0.03547549247741699, 0.020233778282999992, 0.017206672579050064]</MIN_VALUE>
		<SIGNATURE_THRESHOLD_MD>0.0</SIGNATURE_THRESHOLD_MD>
		<SIGNATURE_THRESHOLD_ML>0.0</SIGNATURE_THRESHOLD_ML>
		<SIGNATURE_THRESHOLD_SAM>0.0</SIGNATURE_THRESHOLD_SAM>
	</signature>
	<signature ID="20211202_161022779423_887">
		<MACROCLASSID>1</MACROCLASSID>
		<MACROCLASSINFO>Waterbody</MACROCLASSINFO>
		<CLASSID>12</CLASSID>
		<CLASSINFO>C 1</CLASSINFO>
		<VALUES>[0.10408092861374221, 0.006827552454216892, 0.0905669592320919, 0.008543106232333841, 0.08207691746453445, 0.011648386240253739, 0.09429330279429754, 0.01828342610177651, 0.06521100451548895, 0.015866610466568988, 0.05156161387761435, 0.012994161970793948]</VALUES>
		<LCS_MIN>[0.09081301093101501, 0.07243799418210983, 0.05823185667395592, 0.05693072825670242, 0.032182857394218445, 0.022517375648021698]</LCS_MIN>
		<LCS_MAX>[0.11577332764863968, 0.10509882122278214, 0.10302764177322388, 0.12342073768377304, 0.09755760431289673, 0.07660689949989319]</LCS_MAX>
		<WAVELENGTH>[0.48, 0.56, 0.655, 0.865, 1.61, 2.2]</WAVELENGTH>
		<MEAN_VALUE>[0.10408092861374221, 0.0905669592320919, 0.08207691746453445, 0.09429330279429754, 0.06521100451548895, 0.05156161387761435]</MEAN_VALUE>
		<CHECKBOX>2</CHECKBOX>
		<SD>[0.006827552454216892, 0.008543106232333841, 0.011648386240253739, 0.01828342610177651, 0.015866610466568988, 0.012994161970793948]</SD>
		<WAVELENGTH_UNIT>E-6m</WAVELENGTH_UNIT>
		<COLOR>#d84772</COLOR>
		<COVARIANCE_MATRIX>[[4.822290429729037e-05, 5.639666414936073e-05, 7.551038288511336e-05, 9.614993177819997e-05, 9.975437569664791e-05, 8.522654388798401e-05], [5.639666414936073e-05, 7.5501375249587e-05, 0.00010198573727393523, 0.00014355605526361614, 0.00013113291061017662, 0.00010933791782008484], [7.551038288511336e-05, 0.00010198573727393523, 0.00014036368520464748, 0.00019005750073119998, 0.00017762334027793258, 0.00014942562847863883], [9.614993177819997e-05, 0.00014355605526361614, 0.00019005750073119998, 0.0003458106948528439, 0.0002528471522964537, 0.00019555124163161963], [9.975437569664791e-05, 0.00013113291061017662, 0.00017762334027793258, 0.0002528471522964537, 0.0002604303299449384, 0.0002086348831653595], [8.522654388798401e-05, 0.00010933791782008484, 0.00014942562847863883, 0.00019555124163161963, 0.0002086348831653595, 0.00017467059660702944]]</COVARIANCE_MATRIX>
		<ROI_SIZE>30</ROI_SIZE>
		<MAX_VALUE>[0.11577332764863968, 0.10509882122278214, 0.10302764177322388, 0.12342073768377304, 0.09755760431289673, 0.07660689949989319]</MAX_VALUE>
		<MIN_VALUE>[0.09081301093101501, 0.07243799418210983, 0.05823185667395592, 0.05693072825670242, 0.032182857394218445, 0.022517375648021698]</MIN_VALUE>
		<SIGNATURE_THRESHOLD_MD>0.0</SIGNATURE_THRESHOLD_MD>
		<SIGNATURE_THRESHOLD_ML>0.0</SIGNATURE_THRESHOLD_ML>
		<SIGNATURE_THRESHOLD_SAM>0.0</SIGNATURE_THRESHOLD_SAM>
	</signature>
	<signature ID="20211202_161042166366_716">
		<MACROCLASSID>1</MACROCLASSID>
		<MACROCLASSINFO>Waterbody</MACROCLASSINFO>
		<CLASSID>13</CLASSID>
		<CLASSINFO>C 1</CLASSINFO>
		<VALUES>[0.10218438606809924, 0.010780238346891291, 0.08732015699953646, 0.01180803882260917, 0.0830967142372518, 0.013722870085962123, 0.08709552944511978, 0.017118448961527668, 0.06691198614803523, 0.015256242584648, 0.055437997537287495, 0.013652785085413685]</VALUES>
		<LCS_MIN>[0.07947467267513275, 0.05908157676458359, 0.05183245614171028, 0.05817876011133194, 0.040547218173742294, 0.02554447390139103]</LCS_MIN>
		<LCS_MAX>[0.12427046149969101, 0.10878974199295044, 0.10794004797935486, 0.11686201393604279, 0.09190171957015991, 0.07801422476768494]</LCS_MAX>
		<WAVELENGTH>[0.48, 0.56, 0.655, 0.865, 1.61, 2.2]</WAVELENGTH>
		<MEAN_VALUE>[0.10218438606809924, 0.08732015699953646, 0.0830967142372518, 0.08709552944511978, 0.06691198614803523, 0.055437997537287495]</MEAN_VALUE>
		<CHECKBOX>2</CHECKBOX>
		<SD>[0.010780238346891291, 0.01180803882260917, 0.013722870085962123, 0.017118448961527668, 0.015256242584648, 0.013652785085413685]</SD>
		<WAVELENGTH_UNIT>E-6m</WAVELENGTH_UNIT>
		<COLOR>#dc00a7</COLOR>
		<COVARIANCE_MATRIX>[[0.00011944169091293588, 0.00011718509631464258, 0.0001361417816951871, 0.00011600228754105046, 0.00010364160698372871, 0.0001323961332673207], [0.00011718509631464258, 0.00014330283738672733, 0.0001567208528285846, 0.00011574086238397285, 0.00010185525752604008, 0.0001352338440483436], [0.0001361417816951871, 0.0001567208528285846, 0.0001935481996042654, 0.00017602872685529292, 0.00015905658074188977, 0.00016885210061445832], [0.00011600228754105046, 0.00011574086238397285, 0.00017602872685529292, 0.0003011813387274742, 0.0002638251753523946, 0.00019426496874075383], [0.00010364160698372871, 0.00010185525752604008, 0.00015905658074188977, 0.0002638251753523946, 0.00023921829415485263, 0.00017933205526787788], [0.0001323961332673207, 0.0001352338440483436, 0.00016885210061445832, 0.00019426496874075383, 0.00017933205526787788, 0.00019157628412358463]]</COVARIANCE_MATRIX>
		<ROI_SIZE>37</ROI_SIZE>
		<MAX_VALUE>[0.12427046149969101, 0.10878974199295044, 0.10794004797935486, 0.11686201393604279, 0.09190171957015991, 0.07801422476768494]</MAX_VALUE>
		<MIN_VALUE>[0.07947467267513275, 0.05908157676458359, 0.05183245614171028, 0.05817876011133194, 0.040547218173742294, 0.02554447390139103]</MIN_VALUE>
		<SIGNATURE_THRESHOLD_MD>0.0</SIGNATURE_THRESHOLD_MD>
		<SIGNATURE_THRESHOLD_ML>0.0</SIGNATURE_THRESHOLD_ML>
		<SIGNATURE_THRESHOLD_SAM>0.0</SIGNATURE_THRESHOLD_SAM>
	</signature>
	<signature ID="20211202_161456110608_851">
		<MACROCLASSID>1</MACROCLASSID>
		<MACROCLASSINFO>Waterbody</MACROCLASSINFO>
		<CLASSID>14</CLASSID>
		<CLASSINFO>C 1</CLASSINFO>
		<VALUES>[0.0915147949542318, 0.004437644785122153, 0.07304492699248451, 0.007526484621311955, 0.0652457784329142, 0.009016535380022433, 0.0607051279928003, 0.01049314068358885, 0.05143795268876212, 0.016778950559020445, 0.04113138892820903, 0.009623527131024172]</VALUES>
		<LCS_MIN>[0.08560854196548462, 0.06367532163858414, 0.051938675343990326, 0.043600864708423615, 0.022862575948238373, 0.027111131697893143]</LCS_MIN>
		<LCS_MAX>[0.10122200101613998, 0.08937913179397583, 0.08412154018878937, 0.07626169174909592, 0.07501368224620819, 0.053292904049158096]</LCS_MAX>
		<WAVELENGTH>[0.48, 0.56, 0.655, 0.865, 1.61, 2.2]</WAVELENGTH>
		<MEAN_VALUE>[0.0915147949542318, 0.07304492699248451, 0.0652457784329142, 0.0607051279928003, 0.05143795268876212, 0.04113138892820903]</MEAN_VALUE>
		<CHECKBOX>2</CHECKBOX>
		<SD>[0.004437644785122153, 0.007526484621311955, 0.009016535380022433, 0.01049314068358885, 0.016778950559020445, 0.009623527131024172]</SD>
		<WAVELENGTH_UNIT>E-6m</WAVELENGTH_UNIT>
		<COLOR>#b09e5d</COLOR>
		<COVARIANCE_MATRIX>[[2.2974805688136257e-05, 3.067859142902307e-05, 3.307547012809664e-05, 1.690308636170812e-05, -9.132064406003337e-06, 1.002901854008087e-06], [3.067859142902307e-05, 6.608929834328592e-05, 7.807093061273918e-05, 7.125693809939548e-05, 6.71810848871246e-05, 4.59349321317859e-05], [3.307547012809664e-05, 7.807093061273918e-05, 9.48475644690916e-05, 9.366227459395304e-05, 9.90101252682507e-05, 6.376850069500506e-05], [1.690308636170812e-05, 7.125693809939548e-05, 9.366227459395304e-05, 0.00012845700257457793, 0.00018478200945537537, 0.00010864954674616456], [-9.132064406003337e-06, 6.71810848871246e-05, 9.90101252682507e-05, 0.00018478200945537537, 0.0003284553822595626, 0.00018241541692987084], [1.002901854008087e-06, 4.59349321317859e-05, 6.376850069500506e-05, 0.00010864954674616456, 0.00018241541692987084, 0.00010804765042848885]]</COVARIANCE_MATRIX>
		<ROI_SIZE>7</ROI_SIZE>
		<MAX_VALUE>[0.10122200101613998, 0.08937913179397583, 0.08412154018878937, 0.07626169174909592, 0.07501368224620819, 0.053292904049158096]</MAX_VALUE>
		<MIN_VALUE>[0.08560854196548462, 0.06367532163858414, 0.051938675343990326, 0.043600864708423615, 0.022862575948238373, 0.027111131697893143]</MIN_VALUE>
		<SIGNATURE_THRESHOLD_MD>0.0</SIGNATURE_THRESHOLD_MD>
		<SIGNATURE_THRESHOLD_ML>0.0</SIGNATURE_THRESHOLD_ML>
		<SIGNATURE_THRESHOLD_SAM>0.0</SIGNATURE_THRESHOLD_SAM>
	</signature>
	<signature ID="20211202_161503518230_513">
		<MACROCLASSID>1</MACROCLASSID>
		<MACROCLASSINFO>Waterbody</MACROCLASSINFO>
		<CLASSID>15</CLASSID>
		<CLASSINFO>C 1</CLASSINFO>
		<VALUES>[0.10308543198248919, 0.010646560218070254, 0.0853367500445422, 0.01284604307554115, 0.07962774397695765, 0.016314798839013864, 0.07548695758861655, 0.020321160239019708, 0.058548937277758825, 0.017973282500979456, 0.048903764061191506, 0.014254057618011188]</VALUES>
		<LCS_MIN>[0.086750328540802, 0.06202900409698486, 0.0519917756319046, 0.041715577244758606, 0.026845602318644524, 0.02400437369942665]</LCS_MIN>
		<LCS_MAX>[0.12126991152763367, 0.10573609918355942, 0.10621405392885208, 0.10727619379758835, 0.08507745712995529, 0.07188036292791367]</LCS_MAX>
		<WAVELENGTH>[0.48, 0.56, 0.655, 0.865, 1.61, 2.2]</WAVELENGTH>
		<MEAN_VALUE>[0.10308543198248919, 0.0853367500445422, 0.07962774397695765, 0.07548695758861655, 0.058548937277758825, 0.048903764061191506]</MEAN_VALUE>
		<CHECKBOX>2</CHECKBOX>
		<SD>[0.010646560218070254, 0.01284604307554115, 0.016314798839013864, 0.020321160239019708, 0.017973282500979456, 0.014254057618011188]</SD>
		<WAVELENGTH_UNIT>E-6m</WAVELENGTH_UNIT>
		<COLOR>#8a4e1b</COLOR>
		<COVARIANCE_MATRIX>[[0.00012043357128277421, 0.0001409236720064655, 0.0001794912532204762, 0.0002202122559538111, 0.00018292423919774592, 0.00015174435975495726], [0.0001409236720064655, 0.00017533462960273027, 0.00022063923825044185, 0.0002674483694136143, 0.00022700175759382546, 0.00018650021229404956], [0.0001794912532204762, 0.00022063923825044185, 0.0002828084398061037, 0.0003418869455344975, 0.00028870181995444, 0.0002360980724915862], [0.0002202122559538111, 0.0002674483694136143, 0.0003418869455344975, 0.00043875889969058335, 0.0003790072805713862, 0.0003041015297640115], [0.00018292423919774592, 0.00022700175759382546, 0.00028870181995444, 0.0003790072805713862, 0.00034322880674153566, 0.00026834517484530807], [0.00015174435975495726, 0.00018650021229404956, 0.0002360980724915862, 0.0003041015297640115, 0.00026834517484530807, 0.00021587678929790854]]</COVARIANCE_MATRIX>
		<ROI_SIZE>17</ROI_SIZE>
		<MAX_VALUE>[0.12126991152763367, 0.10573609918355942, 0.10621405392885208, 0.10727619379758835, 0.08507745712995529, 0.07188036292791367]</MAX_VALUE>
		<MIN_VALUE>[0.086750328540802, 0.06202900409698486, 0.0519917756319046, 0.041715577244758606, 0.026845602318644524, 0.02400437369942665]</MIN_VALUE>
		<SIGNATURE_THRESHOLD_MD>0.0</SIGNATURE_THRESHOLD_MD>
		<SIGNATURE_THRESHOLD_ML>0.0</SIGNATURE_THRESHOLD_ML>
		<SIGNATURE_THRESHOLD_SAM>0.0</SIGNATURE_THRESHOLD_SAM>
	</signature>
	<signature ID="20211202_161516996541_338">
		<MACROCLASSID>1</MACROCLASSID>
		<MACROCLASSINFO>Waterbody</MACROCLASSINFO>
		<CLASSID>16</CLASSID>
		<CLASSINFO>C 1</CLASSINFO>
		<VALUES>[0.0939181218855083, 0.009728914857096453, 0.07519955281168221, 0.010442587491558573, 0.06581620732322334, 0.013648331952198682, 0.0658029280602932, 0.01818309095015454, 0.05057614389806986, 0.016341968377867284, 0.03938051854493096, 0.011904000764313655]</VALUES>
