<?xml version="1.0" ?>
<signaturelist MCID_LIST="[['1', 'Waterbody', '#000000'], ['2', 'Vegetation', '#000000'], ['3', 'Bareland', '#000000'], ['4', 'Built-up', '#000000']]">
	<signature ID="20211202_161001601581_997">
		<MACROCLASSID>1</MACROCLASSID>
		<MACROCLASSINFO>Waterbody</MACROCLASSINFO>
		<CLASSID>10</CLASSID>
		<CLASSINFO>C 1</CLASSINFO>
		<VALUES>[0.10257180500775576, 0.009295084861913085, 0.08718238212168217, 0.010788607122875413, 0.07869078839818638, 0.014941196162993605, 0.0751193407922983, 0.0238754308428854, 0.057182993817453585, 0.02263511389863536, 0.04542089156651249, 0.018345027139765158]</VALUES>
		<LCS_MIN>[0.08932601660490036, 0.0705261379480362, 0.054833002388477325, 0.03300601616501808, 0.02392471395432949, 0.01795017160475254]</LCS_MIN>
		<LCS_MAX>[0.13074950873851776, 0.11529536545276642, 0.1153484657406807, 0.11965014040470123, 0.1053643599152565, 0.08552887290716171]</LCS_MAX>
		<WAVELENGTH>[0.48, 0.56, 0.655, 0.865, 1.61, 2.2]</WAVELENGTH>
		<MEAN_VALUE>[0.10257180500775576, 0.08718238212168217, 0.07869078839818638, 0.0751193407922983, 0.057182993817453585, 0.04542089156651249]</MEAN_VALUE>
		<CHECKBOX>2</CHECKBOX>
		<SD>[0.009295084861913085, 0.010788607122875413, 0.014941196162993605, 0.0238754308428854, 0.02263511389863536, 0.018345027139765158]</SD>
		<WAVELENGTH_UNIT>E-6m</WAVELENGTH_UNIT>
		<COLOR>#d6ac77</COLOR>
		<COVARIANCE_MATRIX>[[8.82368694874458e-05, 9.870620124274865e-05, 0.00013696844689548016, 0.0002039093233179301, 0.0001876938622444868, 0.00015427607286255807], [9.870620124274865e-05, 0.00011887051368830726, 0.0001632030471228063, 0.0002454747154843062, 0.0002304128574905917, 0.00018927655764855444], [0.00013696844689548016, 0.0001632030471228063, 0.00022798911959398538, 0.00034714522189460695, 0.0003124362847302109, 0.0002560161519795656], [0.0002039093233179301, 0.0002454747154843062, 0.00034714522189460695, 0.0005821646191179752, 0.0004891071585007012, 0.00039280042983591557], [0.0001876938622444868, 0.0002304128574905917, 0.0003124362847302109, 0.0004891071585007012, 0.0005232493858784437, 0.0004217958776280284], [0.00015427607286255807, 0.00018927655764855444, 0.0002560161519795656, 0.00039280042983591557, 0.0004217958776280284, 0.00034370043431408703]]</COVARIANCE_MATRIX>
		<ROI_SIZE>48</ROI_SIZE>
		<MAX_VALUE>[0.13074950873851776, 0.11529536545276642, 0.1153484657406807, 0.11965014040470123, 0.1053643599152565, 0.08552887290716171]</MAX_VALUE>
		<MIN_VALUE>[0.08932601660490036, 0.0705261379480362, 0.054833002388477325, 0.03300601616501808, 0.02392471395432949, 0.01795017160475254]</MIN_VALUE>
		<SIGNATURE_THRESHOLD_MD>0.0</SIGNATURE_THRESHOLD_MD>
		<SIGNATURE_THRESHOLD_ML>0.0</SIGNATURE_THRESHOLD_ML>
		<SIGNATURE_THRESHOLD_SAM>0.0</SIGNATURE_THRESHOLD_SAM>
	</signature>
	<signature ID="20211202_161007341035_967">
		<MACROCLASSID>1</MACROCLASSID>
		<MACROCLASSINFO>Waterbody</MACROCLASSINFO>
		<CLASSID>11</CLASSID>
		<CLASSINFO>C 1</CLASSINFO>
		<VALUES>[0.10524201339909008, 0.007326896329554714, 0.089277660208089, 0.008756224575181342, 0.08159231580793856, 0.011888014731315642, 0.08137893530407121, 0.02309919097184135, 0.06162880946482931, 0.01898813342356179, 0.04987508637298431, 0.014102257616098256]</VALUES>
		<LCS_MIN>[0.09025540202856064, 0.07169449329376221, 0.05778044834733009, 0.03547549247741699, 0.020233778282999992, 0.017206672579050064]</LCS_MIN>
		<LCS_MAX>[0.12023432552814484, 0.10815246403217316, 0.10844455659389496, 0.12859869003295898, 0.10164686292409897, 0.07796112447977066]</LCS_MAX>
		<WAVELENGTH>[0.48, 0.56, 0.655, 0.865, 1.61, 2.2]</WAVELENGTH>
		<MEAN_VALUE>[0.10524201339909008, 0.089277660208089, 0.08159231580793856, 0.08137893530407121, 0.06162880946482931, 0.04987508637298431]</MEAN_VALUE>
		<CHECKBOX>2</CHECKBOX>
		<SD>[0.007326896329554714, 0.008756224575181342, 0.011888014731315642, 0.02309919097184135, 0.01898813342356179, 0.014102257616098256]</SD>
		<WAVELENGTH_UNIT>E-6m</WAVELENGTH_UNIT>
		<COLOR>#89038a</COLOR>
		<COVARIANCE_MATRIX>[[5.567168409470469e-05, 6.483448669314384e-05, 8.870795863913372e-05, 0.00014413682220038027, 9.715415944810957e-05, 7.602354162372649e-05], [6.483448669314384e-05, 7.951115549076349e-05, 0.00010696086246753111, 0.00018049724167212844, 0.00011828204878838733, 9.181462519336492e-05], [8.870795863913372e-05, 0.00010696086246753111, 0.00014655914856120944, 0.0002434636262478307, 0.00015953094407450408, 0.0001230328343808651], [0.00014413682220038027, 0.00018049724167212844, 0.0002434636262478307, 0.0005533345974981785, 0.0003674115869216621, 0.0002543164591770619], [9.715415944810957e-05, 0.00011828204878838733, 0.00015953094407450408, 0.0003674115869216621, 0.0003739028761629015, 0.0002719356562010944], [7.602354162372649e-05, 9.181462519336492e-05, 0.0001230328343808651, 0.0002543164591770619, 0.0002719356562010944, 0.00020623936143238097]]</COVARIANCE_MATRIX>
		<ROI_SIZE>28</ROI_SIZE>
		<MAX_VALUE>[0.12023432552814484, 0.10815246403217316, 0.10844455659389496, 0.12859869003295898, 0.10164686292409897, 0.07796112447977066]</MAX_VALUE>
		<MIN_VALUE>[0.09025540202856064, 0.07169449329376221, 0.05778044834733009, 0.03547549247741699, 0.020233778282999992, 0.017206672579050064]</MIN_VALUE>
		<SIGNATURE_THRESHOLD_MD>0.0</SIGNATURE_THRESHOLD_MD>
		<SIGNATURE_THRESHOLD_ML>0.0</SIGNATURE_THRESHOLD_ML>
		<SIGNATURE_THRESHOLD_SAM>0.0</SIGNATURE_THRESHOLD_SAM>
	</signature>
	<signature ID="20211202_161022779423_887">
		<MACROCLASSID>1</MACROCLASSID>
		<MACROCLASSINFO>Waterbody</MACROCLASSINFO>
		<CLASSID>12</CLASSID>
		<CLASSINFO>C 1</CLASSINFO>
		<VALUES>[0.10408092861374221, 0.006827552454216892, 0.0905669592320919, 0.008543106232333841, 0.08207691746453445, 0.011648386240253739, 0.09429330279429754, 0.01828342610177651, 0.06521100451548895, 0.015866610466568988, 0.05156161387761435, 0.012994161970793948]</VALUES>
		<LCS_MIN>[0.09081301093101501, 0.07243799418210983, 0.05823185667395592, 0.05693072825670242, 0.032182857394218445, 0.022517375648021698]</LCS_MIN>
		<LCS_MAX>[0.11577332764863968, 0.10509882122278214, 0.10302764177322388, 0.12342073768377304, 0.09755760431289673, 0.07660689949989319]</LCS_MAX>
		<WAVELENGTH>[0.48, 0.56, 0.655, 0.865, 1.61, 2.2]</WAVELENGTH>
		<MEAN_VALUE>[0.10408092861374221, 0.0905669592320919, 0.08207691746453445, 0.09429330279429754, 0.06521100451548895, 0.05156161387761435]</MEAN_VALUE>
		<CHECKBOX>2</CHECKBOX>
		<SD>[0.006827552454216892, 0.008543106232333841, 0.011648386240253739, 0.01828342610177651, 0.015866610466568988, 0.012994161970793948]</SD>
		<WAVELENGTH_UNIT>E-6m</WAVELENGTH_UNIT>
		<COLOR>#d84772</COLOR>
		<COVARIANCE_MATRIX>[[4.822290429729037e-05, 5.639666414936073e-05, 7.551038288511336e-05, 9.614993177819997e-05, 9.975437569664791e-05, 8.522654388798401e-05], [5.639666414936073e-05, 7.5501375249587e-05, 0.00010198573727393523, 0.00014355605526361614, 0.00013113291061017662, 0.00010933791782008484], [7.551038288511336e-05, 0.00010198573727393523, 0.00014036368520464748, 0.00019005750073119998, 0.00017762334027793258, 0.00014942562847863883], [9.614993177819997e-05, 0.00014355605526361614, 0.00019005750073119998, 0.0003458106948528439, 0.0002528471522964537, 0.00019555124163161963], [9.975437569664791e-05, 0.00013113291061017662, 0.00017762334027793258, 0.0002528471522964537, 0.0002604303299449384, 0.0002086348831653595], [8.522654388798401e-05, 0.00010933791782008484, 0.00014942562847863883, 0.00019555124163161963, 0.0002086348831653595, 0.00017467059660702944]]</COVARIANCE_MATRIX>
		<ROI_SIZE>30</ROI_SIZE>
		<MAX_VALUE>[0.11577332764863968, 0.10509882122278214, 0.10302764177322388, 0.12342073768377304, 0.09755760431289673, 0.07660689949989319]</MAX_VALUE>
		<MIN_VALUE>[0.09081301093101501, 0.07243799418210983, 0.05823185667395592, 0.05693072825670242, 0.032182857394218445, 0.022517375648021698]</MIN_VALUE>
		<SIGNATURE_THRESHOLD_MD>0.0</SIGNATURE_THRESHOLD_MD>
		<SIGNATURE_THRESHOLD_ML>0.0</SIGNATURE_THRESHOLD_ML>
		<SIGNATURE_THRESHOLD_SAM>0.0</SIGNATURE_THRESHOLD_SAM>
	</signature>
	<signature ID="20211202_161557227560_620">
		<MACROCLASSID>1</MACROCLASSID>
		<MACROCLASSINFO>Waterbody</MACROCLASSINFO>
		<CLASSID>18</CLASSID>
		<CLASSINFO>C 1</CLASSINFO>
		<VALUES>[0.09881206488970554, 0.010055669237113873, 0.08075728515783948, 0.013139820796300933, 0.07325873399774237, 0.01522673417897159, 0.06904718550768764, 0.019753353888244337, 0.051488873407696235, 0.01715476545605513, 0.042781733879537286, 0.013614403391010138]</VALUES>
		<LCS_MIN>[0.08422774076461792, 0.06274595111608505, 0.050106488168239594, 0.035608261823654175, 0.025332052260637283, 0.01890609972178936]</LCS_MIN>
		<LCS_MAX>[0.11380837112665176, 0.10783382505178452, 0.09861976653337479, 0.10549710690975189, 0.0864582359790802, 0.06988885253667831]</LCS_MAX>
		<WAVELENGTH>[0.48, 0.56, 0.655, 0.865, 1.61, 2.2]</WAVELENGTH>
		<MEAN_VALUE>[0.09881206488970554, 0.08075728515783948, 0.07325873399774237, 0.06904718550768764, 0.051488873407696235, 0.042781733879537286]</MEAN_VALUE>
		<CHECKBOX>2</CHECKBOX>
		<SD>[0.010055669237113873, 0.013139820796300933, 0.01522673417897159, 0.019753353888244337, 0.01715476545605513, 0.013614403391010138]</SD>
		<WAVELENGTH_UNIT>E-6m</WAVELENGTH_UNIT>
		<COLOR>#fc941c</COLOR>
		<COVARIANCE_MATRIX>[[0.0001042763760779053, 0.00011661665485007688, 0.00015532849647570401, 0.00017707105143927038, 0.00016898379544727504, 0.00011852315219584852], [0.00011661665485007688, 0.00017805035167839378, 0.00017098429088946432, 0.00021532143000513315, 0.0001890078274300322, 0.0001528210414107889], [0.00015532849647570401, 0.00017098429088946432, 0.0002390988520346582, 0.00028112230938859284, 0.0002650408132467419, 0.0001880285271909088], [0.00017707105143927038, 0.00021532143000513315, 0.00028112230938859284, 0.00040238857036456466, 0.0003168980765622109, 0.000272543344181031], [0.00016898379544727504, 0.0001890078274300322, 0.0002650408132467419, 0.0003168980765622109, 0.0003034824039787054, 0.00021277183259371668], [0.00011852315219584852, 0.0001528210414107889, 0.0001880285271909088, 0.000272543344181031, 0.00021277183259371668, 0.0001911442232085392]]</COVARIANCE_MATRIX>
		<ROI_SIZE>33</ROI_SIZE>
		<MAX_VALUE>[0.11380837112665176, 0.10783382505178452, 0.09861976653337479, 0.10549710690975189, 0.0864582359790802, 0.06988885253667831]</MAX_VALUE>
		<MIN_VALUE>[0.08422774076461792, 0.06274595111608505, 0.050106488168239594, 0.035608261823654175, 0.025332052260637283, 0.01890609972178936]</MIN_VALUE>
		<SIGNATURE_THRESHOLD_MD>0.0</SIGNATURE_THRESHOLD_MD>
		<SIGNATURE_THRESHOLD_ML>0.0</SIGNATURE_THRESHOLD_ML>
		<SIGNATURE_THRESHOLD_SAM>0.0</SIGNATURE_THRESHOLD_SAM>
	</signature>
	<signature ID="20211202_161612426754_329">
		<MACROCLASSID>1</MACROCLASSID>
		<MACROCLASSINFO>Waterbody</MACROCLASSINFO>
		<CLASSID>19</CLASSID>
		<CLASSINFO>C 1</CLASSINFO>
		<VALUES>[0.09208963467524602, 0.003849171275788372, 0.07565709260793832, 0.00557485765127188, 0.06514803119576894, 0.00783376436924901, 0.06714566768361972, 0.023731119435980788, 0.04968775135393325, 0.014452434355749421, 0.038929493238146484, 0.009340820548740678]</VALUES>
		<LCS_MIN>[0.08547577261924744, 0.06317081302404404, 0.0480087585747242, 0.03550204262137413, 0.020578967407345772, 0.016569392755627632]</LCS_MIN>
		<LCS_MAX>[0.10047850012779236, 0.08621926605701447, 0.07745660096406937, 0.11662304401397705, 0.07010127604007721, 0.0496019572019577]</LCS_MAX>
		<WAVELENGTH>[0.48, 0.56, 0.655, 0.865, 1.61, 2.2]</WAVELENGTH>
		<MEAN_VALUE>[0.09208963467524602, 0.07565709260793832, 0.06514803119576894, 0.06714566768361972, 0.04968775135393325, 0.038929493238146484]</MEAN_VALUE>
		<CHECKBOX>2</CHECKBOX>
		<SD>[0.003849171275788372, 0.00557485765127188, 0.00783376436924901, 0.023731119435980788, 0.014452434355749421, 0.009340820548740678]</SD>
		<WAVELENGTH_UNIT>E-6m</WAVELENGTH_UNIT>
		<COLOR>#6d3df1</COLOR>
		<COVARIANCE_MATRIX>[[1.60507952386979e-05, 1.9163595425197855e-05, 2.9158018151065335e-05, 1.529819746792782e-05, 3.027362072316464e-05, 2.585823312983848e-05], [1.9163595425197855e-05, 3.366895907674916e-05, 4.411134432302788e-05, 7.73163337726146e-05, 6.886660412419587e-05, 4.905614332528785e-05], [2.9158018151065335e-05, 4.411134432302788e-05, 6.648185080848634e-05, 0.00010407263471279293, 9.561394836055115e-05, 7.081000512698665e-05], [1.529819746792782e-05, 7.73163337726146e-05, 0.00010407263471279293, 0.0006100965547375381, 0.00032467825803905725, 0.00018235520110465586], [3.027362072316464e-05, 6.886660412419587e-05, 9.561394836055115e-05, 0.00032467825803905725, 0.00022627893486060202, 0.00013890210539102554], [2.585823312983848e-05, 4.905614332528785e-05, 7.081000512698665e-05, 0.00018235520110465586, 0.00013890210539102554, 9.452184167457744e-05]]</COVARIANCE_MATRIX>
		<ROI_SIZE>13</ROI_SIZE>
		<MAX_VALUE>[0.10047850012779236, 0.08621926605701447, 0.07745660096406937, 0.11662304401397705, 0.07010127604007721, 0.0496019572019577]</MAX_VALUE>
		<MIN_VALUE>[0.08547577261924744, 0.06317081302404404, 0.0480087585747242, 0.03550204262137413, 0.020578967407345772, 0.016569392755627632]</MIN_VALUE>
		<SIGNATURE_THRESHOLD_MD>0.0</SIGNATURE_THRESHOLD_MD>
		<SIGNATURE_THRESHOLD_ML>0.0</SIGNATURE_THRESHOLD_ML>
		<SIGNATURE_THRESHOLD_SAM>0.0</SIGNATURE_THRESHOLD_SAM>
	</signature>
	<signature ID="20211202_161620590235_498">
		<MACROCLASSID>1</MACROCLASSID>
		<MACROCLASSINFO>Waterbody</MACROCLASSINFO>
		<CLASSID>20</CLASSID>
		<CLASSINFO>C 1</CLASSINFO>
		<VALUES>[0.09480862633178108, 0.009745543044403735, 0.07639865753682036, 0.012213836431632631, 0.06793926401357901, 0.01548110750452769, 0.06794764728922593, 0.021016962064231058, 0.04954745845967218, 0.017432509744725135, 0.04082113666165816, 0.014486942895450102]</VALUES>
		<LCS_MIN>[0.08077578246593475, 0.05645276978611946, 0.04410539194941521, 0.0336698554456234, 0.017419101670384407, 0.012745686806738377]</LCS_MIN>
		<LCS_MAX>[0.1117371916770935, 0.09779659658670425, 0.09543333202600479, 0.10127510130405426, 0.0766865462064743, 0.06585271656513214]</LCS_MAX>
		<WAVELENGTH>[0.48, 0.56, 0.655, 0.865, 1.61, 2.2]</WAVELENGTH>
		<MEAN_VALUE>[0.09480862633178108, 0.07639865753682036, 0.06793926401357901, 0.06794764728922593, 0.04954745845967218, 0.04082113666165816]</MEAN_VALUE>
		<CHECKBOX>2</CHECKBOX>
		<SD>[0.009745543044403735, 0.012213836431632631, 0.01548110750452769, 0.021016962064231058, 0.017432509744725135, 0.014486942895450102]</SD>
		<WAVELENGTH_UNIT>E-6m</WAVELENGTH_UNIT>
		<COLOR>#7fcc3c</COLOR>
		<COVARIANCE_MATRIX>[[0.00010025202936958522, 0.00012427342880982906, 0.00015779118984937668, 0.00019001930195372552, 0.0001536468043923378, 0.00013743145973421633], [0.00012427342880982906, 0.00015746545977890491, 0.00019705345039255917, 0.0002440848620608449, 0.00019802518363576382, 0.00017700520402286202], [0.00015779118984937668, 0.00019705345039255917, 0.0002529794001020491, 0.0003142928471788764, 0.00025885418290272355, 0.00022613409964833409], [0.00019001930195372552, 0.0002440848620608449, 0.0003142928471788764, 0.00046625229879282415, 0.0003671367885544896, 0.00030576452263630927], [0.0001536468043923378, 0.00019802518363576382, 0.00025885418290272355, 0.0003671367885544896, 0.00032077531795948744, 0.00025856972206383944], [0.00013743145973421633, 0.00017700520402286202, 0.00022613409964833409, 0.00030576452263630927, 0.00025856972206383944, 0.00022153103782329708]]</COVARIANCE_MATRIX>
		<ROI_SIZE>19</ROI_SIZE>
		<MAX_VALUE>[0.1117371916770935, 0.09779659658670425, 0.09543333202600479, 0.10127510130405426, 0.0766865462064743, 0.06585271656513214]</MAX_VALUE>
		<MIN_VALUE>[0.08077578246593475, 0.05645276978611946, 0.04410539194941521, 0.0336698554456234, 0.017419101670384407, 0.012745686806738377]</MIN_VALUE>
		<SIGNATURE_THRESHOLD_MD>0.0</SIGNATURE_THRESHOLD_MD>
		<SIGNATURE_THRESHOLD_ML>0.0</SIGNATURE_THRESHOLD_ML>
		<SIGNATURE_THRESHOLD_SAM>0.0</SIGNATURE_THRESHOLD_SAM>
	</signature>
	<signature ID="20211202_161640820974_866">
		<MACROCLASSID>1</MACROCLASSID>
		<MACROCLASSINFO>Waterbody</MACROCLASSINFO>
		<CLASSID>21</CLASSID>
		<CLASSINFO>C 1</CLASSINFO>
		<VALUES>[0.09481894250573784, 0.007752156689933931, 0.07725058483152551, 0.009723603012578444, 0.066041336876565, 0.01324283440038207, 0.061234235185487505, 0.021593386618554, 0.03938710044041789, 0.017896540255885295, 0.03272583043395445, 0.014580317028392369]</VALUES>
		<LCS_MIN>[0.08263454586267471, 0.0615510456264019, 0.043946072459220886, 0.021030377596616745, 0.012506696395576, 0.010329308919608593]</LCS_MIN>
		<LCS_MAX>[0.11402078717947006, 0.0979028195142746, 0.09434463828802109, 0.10624060779809952, 0.07846564054489136, 0.06407362967729568]</LCS_MAX>
		<WAVELENGTH>[0.48, 0.56, 0.655, 0.865, 1.61, 2.2]</WAVELENGTH>
		<MEAN_VALUE>[0.09481894250573784, 0.07725058483152551, 0.066041336876565, 0.061234235185487505, 0.03938710044041789, 0.03272583043395445]</MEAN_VALUE>
		<CHECKBOX>2</CHECKBOX>
		<SD>[0.007752156689933931, 0.009723603012578444, 0.01324283440038207, 0.021593386618554, 0.017896540255885295, 0.014580317028392369]</SD>
		<WAVELENGTH_UNIT>E-6m</WAVELENGTH_UNIT>
		<COLOR>#210951</COLOR>
		<COVARIANCE_MATRIX>[[6.224221579032019e-05, 7.294838724192232e-05, 0.00010225303412880749, 0.00015636728494428098, 0.00013050285633653402, 0.00010966982517857105], [7.294838724192232e-05, 9.792518540052697e-05, 0.00013169870362617075, 0.00018914008978754282, 0.00017698363808449358, 0.00014516242663376033], [0.00010225303412880749, 0.00013169870362617075, 0.00018163597269449383, 0.00026578307733871043, 0.0002362734085181728, 0.00019551317382138222], [0.00015636728494428098, 0.00018914008978754282, 0.00026578307733871043, 0.00048292698920704424, 0.00034723617136478424, 0.000286230118945241], [0.00013050285633653402, 0.00017698363808449358, 0.0002362734085181728, 0.00034723617136478424, 0.00033172493567690253, 0.00026702118339017034], [0.00010966982517857105, 0.00014516242663376033, 0.00019551317382138222, 0.000286230118945241, 0.00026702118339017034, 0.0002201779861934483]]</COVARIANCE_MATRIX>
		<ROI_SIZE>29</ROI_SIZE>
		<MAX_VALUE>[0.11402078717947006, 0.0979028195142746, 0.09434463828802109, 0.10624060779809952, 0.07846564054489136, 0.06407362967729568]</MAX_VALUE>
		<MIN_VALUE>[0.08263454586267471, 0.0615510456264019, 0.043946072459220886, 0.021030377596616745, 0.012506696395576, 0.010329308919608593]</MIN_VALUE>
		<SIGNATURE_THRESHOLD_MD>0.0</SIGNATURE_THRESHOLD_MD>
		<SIGNATURE_THRESHOLD_ML>0.0</SIGNATURE_THRESHOLD_ML>
		<SIGNATURE_THRESHOLD_SAM>0.0</SIGNATURE_THRESHOLD_SAM>
	</signature>
	<signature ID="20211202_161652827575_932">
		<MACROCLASSID>1</MACROCLASSID>
		<MACROCLASSINFO>Waterbody</MACROCLASSINFO>
		<CLASSID>22</CLASSID>
		<CLASSINFO>C 1</CLASSINFO>
		<VALUES>[0.09630610715401798, 0.007247489775076388, 0.07973321664490196, 0.009521601680130143, 0.06969109746186358, 0.011838030972649315, 0.0690670911418764, 0.018078066098265153, 0.04570139091657963, 0.015647978074483322, 0.03866471011975878, 0.012683873100758893]</VALUES>
		<LCS_MIN>[0.083856001496315, 0.06309114396572113, 0.049017779529094696, 0.04123759642243385, 0.02026032842695713, 0.01691458187997341]</LCS_MIN>
		<LCS_MAX>[0.11216205358505249, 0.10077059268951416, 0.09397289901971817, 0.10661236941814423, 0.0742967277765274, 0.06388776004314423]</LCS_MAX>
		<WAVELENGTH>[0.48, 0.56, 0.655, 0.865, 1.61, 2.2]</WAVELENGTH>
		<MEAN_VALUE>[0.09630610715401798, 0.07973321664490196, 0.06969109746186358, 0.0690670911418764, 0.04570139091657963, 0.03866471011975878]</MEAN_VALUE>
		<CHECKBOX>2</CHECKBOX>
		<SD>[0.007247489775076388, 0.009521601680130143, 0.011838030972649315, 0.018078066098265153, 0.015647978074483322, 0.012683873100758893]</SD>
		<WAVELENGTH_UNIT>E-6m</WAVELENGTH_UNIT>
		<COLOR>#3c16ee</COLOR>
		<COVARIANCE_MATRIX>[[5.3945732361171395e-05, 6.750514876330271e-05, 8.54515383252874e-05, 0.00011065667786169797, 0.00010406482761027291, 8.208188228309155e-05], [6.750514876330271e-05, 9.311119356425479e-05, 0.00010616020881570876, 0.00013565330300480127, 0.00013132405001670122, 0.00011210154480068013], [8.54515383252874e-05, 0.00010616020881570876, 0.0001439265179214999, 0.0001913134619826451, 0.00018019034177996218, 0.0001361102913506329], [0.00011065667786169797, 0.00013565330300480127, 0.0001913134619826451, 0.0003356493543833494, 0.00026338291354477406, 0.00019932094437535852], [0.00010406482761027291, 0.00013132405001670122, 0.00018019034177996218, 0.00026338291354477406, 0.00025147703127004206, 0.00019344521570019424], [8.208188228309155e-05, 0.00011210154480068013, 0.0001361102913506329, 0.00019932094437535852, 0.00019344521570019424, 0.00016522876103408635]]</COVARIANCE_MATRIX>
		<ROI_SIZE>38</ROI_SIZE>
		<MAX_VALUE>[0.11216205358505249, 0.10077059268951416, 0.09397289901971817, 0.10661236941814423, 0.0742967277765274, 0.06388776004314423]</MAX_VALUE>
		<MIN_VALUE>[0.083856001496315, 0.06309114396572113, 0.049017779529094696, 0.04123759642243385, 0.02026032842695713, 0.01691458187997341]</MIN_VALUE>
		<SIGNATURE_THRESHOLD_MD>0.0</SIGNATURE_THRESHOLD_MD>
		<SIGNATURE_THRESHOLD_ML>0.0</SIGNATURE_THRESHOLD_ML>
		<SIGNATURE_THRESHOLD_SAM>0.0</SIGNATURE_THRESHOLD_SAM>
	</signature>
	<signature ID="20211202_170114218179_187">
		<MACROCLASSID>3</MACROCLASSID>
		<MACROCLASSINFO>Bareland</MACROCLASSINFO>
		<CLASSID>69</CLASSID>
		<CLASSINFO>C 1</CLASSINFO>
		<VALUES>[0.14550521310235634, 0.009536348723667746, 0.1824132984534639, 0.014907410353483015, 0.26663561898176796, 0.015088977682467763, 0.39777756274723614, 0.019840527478187014, 0.4722521251342334, 0.019960384458235933, 0.3783510517878612, 0.01875575285098502]</VALUES>
		<LCS_MIN>[0.127005472779274, 0.15448834002017975, 0.24285848438739777, 0.356560617685318, 0.43337997794151306, 0.3452753722667694]</LCS_MIN>
		<LCS_MAX>[0.17334133386611938, 0.22711223363876343, 0.3152698874473572, 0.43648672103881836, 0.5323714017868042, 0.43800026178359985]</LCS_MAX>
		<WAVELENGTH>[0.48, 0.56, 0.655, 0.865, 1.61, 2.2]</WAVELENGTH>
		<MEAN_VALUE>[0.14550521310235634, 0.1824132984534639, 0.26663561898176796, 0.39777756274723614, 0.4722521251342334, 0.3783510517878612]</MEAN_VALUE>
		<CHECKBOX>2</CHECKBOX>
		<SD>[0.009536348723667746, 0.014907410353483015, 0.015088977682467763, 0.019840527478187014, 0.019960384458235933, 0.01875575285098502]</SD>
		<WAVELENGTH_UNIT>E-6m</WAVELENGTH_UNIT>
		<COLOR>#6cd8c3</COLOR>
		<COVARIANCE_MATRIX>[[9.169353143079206e-05, 0.00014033315528649837, 0.00011623185855569318, 0.00015307081048376858, 0.00013968166604172438, 6.673557800240815e-05], [0.00014033315528649837, 0.00022406750940717757, 0.00019970006542280316, 0.0002446872240398079, 0.00024249991110991687, 0.00013344896433409303], [0.00011623185855569318, 0.00019970006542280316, 0.000229558878345415, 0.00022399207227863371, 0.0002823519171215594, 0.000216541244299151], [0.00015307081048376858, 0.0002446872240398079, 0.00022399207227863371, 0.00039689982077106833, 0.0002840573142748326, 0.00015190646809060127], [0.00013968166604172438, 0.00024249991110991687, 0.0002823519171215594, 0.0002840573142748326, 0.00040170963620767, 0.0003224387764930725], [6.673557800240815e-05, 0.00013344896433409303, 0.000216541244299151, 0.00015190646809060127, 0.0003224387764930725, 0.0003546855296008289]]</COVARIANCE_MATRIX>
		<ROI_SIZE>122</ROI_SIZE>
		<MAX_VALUE>[0.17334133386611938, 0.22711223363876343, 0.3152698874473572, 0.43648672103881836, 0.5323714017868042, 0.43800026178359985]</MAX_VALUE>
		<MIN_VALUE>[0.127005472779274, 0.15448834002017975, 0.24285848438739777, 0.356560617685318, 0.43337997794151306, 0.3452753722667694]</MIN_VALUE>
		<SIGNATURE_THRESHOLD_MD>0.0</SIGNATURE_THRESHOLD_MD>
		<SIGNATURE_THRESHOLD_ML>0.0</SIGNATURE_THRESHOLD_ML>
		<SIGNATURE_THRESHOLD_SAM>0.0</SIGNATURE_THRESHOLD_SAM>
	</signature>
	<signature ID="20211202_170131163330_985">
		<MACROCLASSID>3</MACROCLASSID>
		<MACROCLASSINFO>Bareland</MACROCLASSINFO>
		<CLASSID>70</CLASSID>
		<CLASSINFO>C 1</CLASSINFO>
		<VALUES>[0.14154330278974941, 0.004604572657082748, 0.15693922352838705, 0.0072214542470394015, 0.2049708104277232, 0.012005484370771844, 0.34400049456391446, 0.016224406027036047, 0.33900763411598495, 0.016925558079978885, 0.22828362726542845, 0.012625045673769012]</VALUES>
		<LCS_MIN>[0.12944838404655457, 0.13879522681236267, 0.17174813151359558, 0.3151637017726898, 0.3104371726512909, 0.19763779640197754]</LCS_MIN>
		<LCS_MAX>[0.1555505096912384, 0.18043114244937897, 0.24238049983978271, 0.3971875309944153, 0.388132780790329, 0.2651634216308594]</LCS_MAX>
		<WAVELENGTH>[0.48, 0.56, 0.655, 0.865, 1.61, 2.2]</WAVELENGTH>
		<MEAN_VALUE>[0.14154330278974941, 0.15693922352838705, 0.2049708104277232, 0.34400049456391446, 0.33900763411598495, 0.22828362726542845]</MEAN_VALUE>
		<CHECKBOX>2</CHECKBOX>
		<SD>[0.004604572657082748, 0.0072214542470394015, 0.012005484370771844, 0.016224406027036047, 0.016925558079978885, 0.012625045673769012]</SD>
		<WAVELENGTH_UNIT>E-6m</WAVELENGTH_UNIT>
		<COLOR>#5ccbf7</COLOR>
		<COVARIANCE_MATRIX>[[2.1244750314508565e-05, 3.169680348946713e-05, 4.8283101932611316e-05, 3.625068347901106e-05, 4.7472807636950165e-05, 4.029526098747738e-05], [3.169680348946713e-05, 5.225433051236905e-05, 8.321698260260746e-05, 7.184797868831083e-05, 7.90557824075222e-05, 6.333839701255783e-05], [4.8283101932611316e-05, 8.321698260260746e-05, 0.00014442166138906032, 0.00012686346599366516, 0.00013461455819197, 0.00010513020242797211], [3.625068347901106e-05, 7.184797868831083e-05, 0.00012686346599366516, 0.0002637610014062375, 0.0001986636925721541, 7.53836939111352e-05], [4.7472807636950165e-05, 7.90557824075222e-05, 0.00013461455819197, 0.0001986636925721541, 0.00028705093427561224, 0.0001748346840031445], [4.029526098747738e-05, 6.333839701255783e-05, 0.00010513020242797211, 7.53836939111352e-05, 0.0001748346840031445, 0.00015971247921697795]]</COVARIANCE_MATRIX>
		<ROI_SIZE>498</ROI_SIZE>
		<MAX_VALUE>[0.1555505096912384, 0.18043114244937897, 0.24238049983978271, 0.3971875309944153, 0.388132780790329, 0.2651634216308594]</MAX_VALUE>
		<MIN_VALUE>[0.12944838404655457, 0.13879522681236267, 0.17174813151359558, 0.3151637017726898, 0.3104371726512909, 0.19763779640197754]</MIN_VALUE>
		<SIGNATURE_THRESHOLD_MD>0.0</SIGNATURE_THRESHOLD_MD>
		<SIGNATURE_THRESHOLD_ML>0.0</SIGNATURE_THRESHOLD_ML>
		<SIGNATURE_THRESHOLD_SAM>0.0</SIGNATURE_THRESHOLD_SAM>
	</signature>
	<signature ID="20211202_170149811027_572">
		<MACROCLASSID>3</MACROCLASSID>
		<MACROCLASSINFO>Bareland</MACROCLASSINFO>
		<CLASSID>71</CLASSID>
		<CLASSINFO>C 1</CLASSINFO>
		<VALUES>[0.1364869568096088, 0.006392418894021538, 0.15510531535193103, 0.008885856315580597, 0.2059097237981203, 0.012996214504945489, 0.33940042722088376, 0.020904032717134393, 0.3641949165799528, 0.020615474345688698, 0.2602002008616325, 0.020179481118292753]</VALUES>
		<LCS_MIN>[0.11967669427394867, 0.13234272599220276, 0.1624278426170349, 0.29230111837387085, 0.3238998055458069, 0.2297675907611847]</LCS_MIN>
		<LCS_MAX>[0.15693128108978271, 0.1895921230316162, 0.24710704386234283, 0.39145195484161377, 0.4229709804058075, 0.32952913641929626]</LCS_MAX>
		<WAVELENGTH>[0.48, 0.56, 0.655, 0.865, 1.61, 2.2]</WAVELENGTH>
		<MEAN_VALUE>[0.1364869568096088, 0.15510531535193103, 0.2059097237981203, 0.33940042722088376, 0.3641949165799528, 0.2602002008616325]</MEAN_VALUE>
		<CHECKBOX>2</CHECKBOX>
		<SD>[0.006392418894021538, 0.008885856315580597, 0.012996214504945489, 0.020904032717134393, 0.020615474345688698, 0.020179481118292753]</SD>
		<WAVELENGTH_UNIT>E-6m</WAVELENGTH_UNIT>
		<COLOR>#fb072a</COLOR>
		<COVARIANCE_MATRIX>[[4.0921651816461235e-05, 5.376720946514979e-05, 4.500359500525519e-05, 5.090453851153143e-05, 3.0415840228670277e-05, 3.5089040011371253e-06], [5.376720946514979e-05, 7.998457294888794e-05, 8.875629282556474e-05, 0.00010048516560345888, 7.927332626422867e-05, 4.562175672617741e-05], [4.500359500525519e-05, 8.875629282556474e-05, 0.0001778396253939718, 0.0001942046219483018, 0.00018598481256049126, 0.0001536799391033128], [5.090453851153143e-05, 0.00010048516560345888, 0.0001942046219483018, 0.0004477089096326381, 0.0002679064928088337, 6.734523776685819e-05], [3.0415840228670277e-05, 7.927332626422867e-05, 0.00018598481256049126, 0.0002679064928088337, 0.0004318970604799688, 0.00033907423494383693], [3.5089040011371253e-06, 4.562175672617741e-05, 0.0001536799391033128, 6.734523776685819e-05, 0.00033907423494383693, 0.0004338502185419202]]</COVARIANCE_MATRIX>
		<ROI_SIZE>2557</ROI_SIZE>
		<MAX_VALUE>[0.15693128108978271, 0.1895921230316162, 0.24710704386234283, 0.39145195484161377, 0.4229709804058075, 0.32952913641929626]</MAX_VALUE>
		<MIN_VALUE>[0.11967669427394867, 0.13234272599220276, 0.1624278426170349, 0.29230111837387085, 0.3238998055458069, 0.2297675907611847]</MIN_VALUE>
		<SIGNATURE_THRESHOLD_MD>0.0</SIGNATURE_THRESHOLD_MD>
		<SIGNATURE_THRESHOLD_ML>0.0</SIGNATURE_THRESHOLD_ML>
		<SIGNATURE_THRESHOLD_SAM>0.0</SIGNATURE_THRESHOLD_SAM>
	</signature>
	<signature ID="20211202_170228991132_507">
		<MACROCLASSID>3</MACROCLASSID>
		<MACROCLASSINFO>Bareland</MACROCLASSINFO>
		<CLASSID>72</CLASSID>
		<CLASSINFO>C 1</CLASSINFO>
		<VALUES>[0.13791203482643413, 0.0048788443102003925, 0.15265876151945285, 0.007834259241952477, 0.20087764250195547, 0.01292489002954079, 0.3437736672551736, 0.019155314331485936, 0.34252478538647935, 0.017049870653426814, 0.2251490032219369, 0.013628295008579356]</VALUES>
		<LCS_MIN>[0.12724445760250092, 0.13826414942741394, 0.1715357005596161, 0.30156829953193665, 0.31511059403419495, 0.1987796127796173]</LCS_MIN>
		<LCS_MAX>[0.15244373679161072, 0.17562495172023773, 0.23863647878170013, 0.3976919949054718, 0.3811757266521454, 0.2560555636882782]</LCS_MAX>
		<WAVELENGTH>[0.48, 0.56, 0.655, 0.865, 1.61, 2.2]</WAVELENGTH>
		<MEAN_VALUE>[0.13791203482643413, 0.15265876151945285, 0.20087764250195547, 0.3437736672551736, 0.34252478538647935, 0.2251490032219369]</MEAN_VALUE>
		<CHECKBOX>2</CHECKBOX>
		<SD>[0.0048788443102003925, 0.007834259241952477, 0.01292489002954079, 0.019155314331485936, 0.017049870653426814, 0.013628295008579356]</SD>
		<WAVELENGTH_UNIT>E-6m</WAVELENGTH_UNIT>
		<COLOR>#731d0a</COLOR>
		<COVARIANCE_MATRIX>[[2.406469502602704e-05, 3.776599987759255e-05, 6.0196332924533635e-05, 5.724716174881905e-05, 4.460591298993677e-05, 4.3125837692059577e-05], [3.776599987759255e-05, 6.205007230164483e-05, 9.858145494945347e-05, 9.750787285156548e-05, 7.905507663963363e-05, 7.176370127126575e-05], [6.0196332924533635e-05, 9.858145494945347e-05, 0.00016888852405827492, 0.0001843570062192157, 0.00015057181008160114, 0.00011296796583337709], [5.724716174881905e-05, 9.750787285156548e-05, 0.0001843570062192157, 0.0003709582088049501, 0.00025453654234297574, 0.0001055347456713207], [4.460591298993677e-05, 7.905507663963363e-05, 0.00015057181008160114, 0.00025453654234297574, 0.0002938925754278898, 0.0001821467449190095], [4.3125837692059577e-05, 7.176370127126575e-05, 0.00011296796583337709, 0.0001055347456713207, 0.0001821467449190095, 0.000187771423952654]]</COVARIANCE_MATRIX>
		<ROI_SIZE>92</ROI_SIZE>
		<MAX_VALUE>[0.15244373679161072, 0.17562495172023773, 0.23863647878170013, 0.3976919949054718, 0.3811757266521454, 0.2560555636882782]</MAX_VALUE>
		<MIN_VALUE>[0.12724445760250092, 0.13826414942741394, 0.1715357005596161, 0.30156829953193665, 0.31511059403419495, 0.1987796127796173]</MIN_VALUE>
		<SIGNATURE_THRESHOLD_MD>0.0</SIGNATURE_THRESHOLD_MD>
		<SIGNATURE_THRESHOLD_ML>0.0</SIGNATURE_THRESHOLD_ML>
		<SIGNATURE_THRESHOLD_SAM>0.0</SIGNATURE_THRESHOLD_SAM>
	</signature>
	<signature ID="20211202_170244717945_638">
		<MACROCLASSID>3</MACROCLASSID>
		<MACROCLASSINFO>Bareland</MACROCLASSINFO>
		<CLASSID>73</CLASSID>
		<CLASSINFO>C 1</CLASSINFO>
		<VALUES>[0.13870336568436117, 0.005556254150116843, 0.15482834736640377, 0.008647272075226203, 0.20194954213661112, 0.014366405784256915, 0.3541645333170889, 0.022087316922851517, 0.36118040092893533, 0.02215060645481813, 0.23877730059462626, 0.016750108125111973]</VALUES>
		<LCS_MIN>[0.1278817355632782, 0.13547605276107788, 0.16638432443141937, 0.3173676133155823, 0.3252806067466736, 0.20385132730007172]</LCS_MIN>
		<LCS_MAX>[0.15693128108978271, 0.18308649957180023, 0.2427257001399994, 0.4163326025009155, 0.4108094573020935, 0.2849457859992981]</LCS_MAX>
		<WAVELENGTH>[0.48, 0.56, 0.655, 0.865, 1.61, 2.2]</WAVELENGTH>
		<MEAN_VALUE>[0.13870336568436117, 0.15482834736640377, 0.20194954213661112, 0.3541645333170889, 0.36118040092893533, 0.23877730059462626]</MEAN_VALUE>
		<CHECKBOX>2</CHECKBOX>
		<SD>[0.005556254150116843, 0.008647272075226203, 0.014366405784256915, 0.022087316922851517, 0.02215060645481813, 0.016750108125111973]</SD>
		<WAVELENGTH_UNIT>E-6m</WAVELENGTH_UNIT>
		<COLOR>#53e6c9</COLOR>
		<COVARIANCE_MATRIX>[[3.108197415713221e-05, 4.7289388021454215e-05, 7.697751425439492e-05, 6.492745887953788e-05, 6.364595901686698e-05, 5.105736636323854e-05], [4.7289388021454215e-05, 7.528399146394804e-05, 0.00012035485269734636, 0.00010348495561629534, 0.00010783619654830545, 8.705181971890852e-05], [7.697751425439492e-05, 0.00012035485269734636, 0.00020779765327461064, 0.00019262457499280572, 0.0002005301066674292, 0.00014075860963203013], [6.492745887953788e-05, 0.00010348495561629534, 0.00019262457499280572, 0.0004911682917736471, 0.00026559739490039647, 4.560272645903751e-05], [6.364595901686698e-05, 0.00010783619654830545, 0.0002005301066674292, 0.00026559739490039647, 0.0004939871141687036, 0.00030879024416208267], [5.105736636323854e-05, 8.705181971890852e-05, 0.00014075860963203013, 4.560272645903751e-05, 0.00030879024416208267, 0.0002824747352860868]]</COVARIANCE_MATRIX>
		<ROI_SIZE>148</ROI_SIZE>
		<MAX_VALUE>[0.15693128108978271, 0.18308649957180023, 0.2427257001399994, 0.4163326025009155, 0.4108094573020935, 0.2849457859992981]</MAX_VALUE>
		<MIN_VALUE>[0.1278817355632782, 0.13547605276107788, 0.16638432443141937, 0.3173676133155823, 0.3252806067466736, 0.20385132730007172]</MIN_VALUE>
		<SIGNATURE_THRESHOLD_MD>0.0</SIGNATURE_THRESHOLD_MD>
		<SIGNATURE_THRESHOLD_ML>0.0</SIGNATURE_THRESHOLD_ML>
		<SIGNATURE_THRESHOLD_SAM>0.0</SIGNATURE_THRESHOLD_SAM>
	</signature>
	<signature ID="20211202_170638556443_322">
		<MACROCLASSID>3</MACROCLASSID>
		<MACROCLASSINFO>Bareland</MACROCLASSINFO>
		<CLASSID>78</CLASSID>
		<CLASSINFO>C 1</CLASSINFO>
		<VALUES>[0.10796838966400711, 0.00400884254452981, 0.1088288041169764, 0.005959855856320341, 0.1267672169817325, 0.008529266606291287, 0.16867106681942853, 0.013724902973105796, 0.16010817173763017, 0.013235490423721623, 0.1231284504402829, 0.009145493041802025]</VALUES>
		<LCS_MIN>[0.09612372517585754, 0.09012263268232346, 0.10164686292409897, 0.14036187529563904, 0.13473254442214966, 0.10470050573348999]</LCS_MIN>
		<LCS_MAX>[0.12870489060878754, 0.137148916721344, 0.1593742072582245, 0.19968247413635254, 0.1940796673297882, 0.15427592396736145]</LCS_MAX>
		<WAVELENGTH>[0.48, 0.56, 0.655, 0.865, 1.61, 2.2]</WAVELENGTH>
		<MEAN_VALUE>[0.10796838966400711, 0.1088288041169764, 0.1267672169817325, 0.16867106681942853, 0.16010817173763017, 0.1231284504402829]</MEAN_VALUE>
		<CHECKBOX>2</CHECKBOX>
		<SD>[0.00400884254452981, 0.005959855856320341, 0.008529266606291287, 0.013724902973105796, 0.013235490423721623, 0.009145493041802025]</SD>
		<WAVELENGTH_UNIT>E-6m</WAVELENGTH_UNIT>
		<COLOR>#fe11fe</COLOR>
		<COVARIANCE_MATRIX>[[1.6081916328403167e-05, 2.255034814879764e-05, 3.1010989914648235e-05, 3.721189932548441e-05, 3.51132512150798e-05, 2.335123463126365e-05], [2.255034814879764e-05, 3.554441354935989e-05, 4.913618613500148e-05, 6.100032987887971e-05, 5.7810666476143524e-05, 3.913476757588796e-05], [3.1010989914648235e-05, 4.913618613500148e-05, 7.279862620634958e-05, 9.065939229913056e-05, 8.654278644826263e-05, 5.946434612269513e-05], [3.721189932548441e-05, 6.100032987887971e-05, 9.065939229913056e-05, 0.0001885030505945906, 0.00016763905296102166, 0.00010623524576658383], [3.51132512150798e-05, 5.7810666476143524e-05, 8.654278644826263e-05, 0.00016763905296102166, 0.00017529918113723397, 0.00011452010221546516], [2.335123463126365e-05, 3.913476757588796e-05, 5.946434612269513e-05, 0.00010623524576658383, 0.00011452010221546516, 8.369780698558316e-05]]</COVARIANCE_MATRIX>
		<ROI_SIZE>1449</ROI_SIZE>
		<MAX_VALUE>[0.12870489060878754, 0.137148916721344, 0.1593742072582245, 0.19968247413635254, 0.1940796673297882, 0.15427592396736145]</MAX_VALUE>
		<MIN_VALUE>[0.09612372517585754, 0.09012263268232346, 0.10164686292409897, 0.14036187529563904, 0.13473254442214966, 0.10470050573348999]</MIN_VALUE>
		<SIGNATURE_THRESHOLD_MD>0.0</SIGNATURE_THRESHOLD_MD>
		<SIGNATURE_THRESHOLD_ML>0.0</SIGNATURE_THRESHOLD_ML>
		<SIGNATURE_THRESHOLD_SAM>0.0</SIGNATURE_THRESHOLD_SAM>
	</signature>
	<signature ID="20211202_170706478653_464">
		<MACROCLASSID>3</MACROCLASSID>
		<MACROCLASSINFO>Bareland</MACROCLASSINFO>
		<CLASSID>79</CLASSID>
		<CLASSINFO>C 1</CLASSINFO>
		<VALUES>[0.115616535966918, 0.0043430529915873695, 0.11864296140948404, 0.006624904577032005, 0.14226975238057052, 0.01008751285425144, 0.20177567872356153, 0.012739469951458566, 0.21379252139914862, 0.013564559865065617, 0.1584203098497868, 0.009740056809821526]</VALUES>
		<LCS_MIN>[0.09944291412830353, 0.09519436210393906, 0.11011742055416107, 0.16564083099365234, 0.18051078915596008, 0.12618231773376465]</LCS_MIN>
		<LCS_MAX>[0.1283862441778183, 0.1364319622516632, 0.16593292355537415, 0.22522693872451782, 0.24036242067813873, 0.18382997810840607]</LCS_MAX>
		<WAVELENGTH>[0.48, 0.56, 0.655, 0.865, 1.61, 2.2]</WAVELENGTH>
		<MEAN_VALUE>[0.115616535966918, 0.11864296140948404, 0.14226975238057052, 0.20177567872356153, 0.21379252139914862, 0.1584203098497868]</MEAN_VALUE>
		<CHECKBOX>2</CHECKBOX>
		<SD>[0.0043430529915873695, 0.006624904577032005, 0.01008751285425144, 0.012739469951458566, 0.013564559865065617, 0.009740056809821526]</SD>
		<WAVELENGTH_UNIT>E-6m</WAVELENGTH_UNIT>
		<COLOR>#f0978b</COLOR>
		<COVARIANCE_MATRIX>[[1.823399361455813e-05, 2.6844068997888826e-05, 3.892168388119899e-05, 3.442270462983288e-05, 2.5491559426882304e-05, 1.731992233544588e-05], [2.6844068997888826e-05, 4.357370562502183e-05, 6.477913848357275e-05, 6.062370084691793e-05, 5.0388131057843566e-05, 3.342133277328685e-05], [3.892168388119899e-05, 6.477913848357275e-05, 0.00010192946501774713, 9.425669850315899e-05, 8.733804133953527e-05, 5.868369044037536e-05], [3.442270462983288e-05, 6.062370084691793e-05, 9.425669850315899e-05, 0.00015734000771772116, 0.00013040099292993546, 7.683297735638916e-05], [2.5491559426882304e-05, 5.0388131057843566e-05, 8.733804133953527e-05, 0.00013040099292993546, 0.00017797185864765197, 0.00011963531869696453], [1.731992233544588e-05, 3.342133277328685e-05, 5.868369044037536e-05, 7.683297735638916e-05, 0.00011963531869696453, 9.162264905171469e-05]]</COVARIANCE_MATRIX>
		<ROI_SIZE>6074</ROI_SIZE>
		<MAX_VALUE>[0.1283862441778183, 0.1364319622516632, 0.16593292355537415, 0.22522693872451782, 0.24036242067813873, 0.18382997810840607]</MAX_VALUE>
		<MIN_VALUE>[0.09944291412830353, 0.09519436210393906, 0.11011742055416107, 0.16564083099365234, 0.18051078915596008, 0.12618231773376465]</MIN_VALUE>
		<SIGNATURE_THRESHOLD_MD>0.0</SIGNATURE_THRESHOLD_MD>
		<SIGNATURE_THRESHOLD_ML>0.0</SIGNATURE_THRESHOLD_ML>
		<SIGNATURE_THRESHOLD_SAM>0.0</SIGNATURE_THRESHOLD_SAM>
	</signature>
	<signature ID="20211207_160327620501_322">
		<MACROCLASSID>3</MACROCLASSID>
		<MACROCLASSINFO>Bareland</MACROCLASSINFO>
		<CLASSID>80</CLASSID>
		<CLASSINFO>C 1</CLASSINFO>
		<VALUES>[0.11568620397582566, 0.003497040999822385, 0.12209989965931901, 0.005143106384427354, 0.15331497241759431, 0.007444849762218969, 0.2630096029424102, 0.01105231909560012, 0.35388108047507927, 0.013868340681493013, 0.257595356090887, 0.011644795823028058]</VALUES>
		<LCS_MIN>[0.10924115777015686, 0.11359593272209167, 0.14115847647190094, 0.2412121444940567, 0.33460086584091187, 0.23714947700500488]</LCS_MIN>
		<LCS_MAX>[0.12782861292362213, 0.14479632675647736, 0.18316614627838135, 0.29822254180908203, 0.39381518959999084, 0.28927403688430786]</LCS_MAX>
