<?xml version="1.0" ?>
<signaturelist MCID_LIST="[['1', 'waterbody', '#0000ff'], ['2', 'vegetation', '#00ff00'], ['3', 'bareland', '#ffaa00'], ['4', 'built-up', '#ff0000']]">
	<signature ID="20210203_163012091877_982">
		<MACROCLASSID>1</MACROCLASSID>
		<MACROCLASSINFO>waterbody</MACROCLASSINFO>
		<CLASSID>1</CLASSID>
		<CLASSINFO>C 1</CLASSINFO>
		<VALUES>[0.11180288224880187, 0.0066514740977358, 0.10297543861504112, 0.01162694939977246, 0.0811771606095135, 0.013496111683440904, 0.1848527544311115, 0.03402514152172935, 0.09162447688036733, 0.015225694329695122, 0.04646446130105428, 0.007715712546178945]</VALUES>
		<LCS_MIN>[0.09671846777200699, 0.07659126818180084, 0.052350617945194244, 0.12929944694042206, 0.059188488870859146, 0.026516716927289963]</LCS_MIN>
		<LCS_MAX>[0.12557563185691833, 0.12508109211921692, 0.11028585582971573, 0.26427343487739563, 0.11853459477424622, 0.0630422830581665]</LCS_MAX>
		<WAVELENGTH>[0.485, 0.56, 0.66, 0.83, 1.65, 2.215]</WAVELENGTH>
		<MEAN_VALUE>[0.11180288224880187, 0.10297543861504112, 0.0811771606095135, 0.1848527544311115, 0.09162447688036733, 0.04646446130105428]</MEAN_VALUE>
		<CHECKBOX>2</CHECKBOX>
		<SD>[0.0066514740977358, 0.01162694939977246, 0.013496111683440904, 0.03402514152172935, 0.015225694329695122, 0.007715712546178945]</SD>
		<WAVELENGTH_UNIT>E-6m</WAVELENGTH_UNIT>
		<COLOR>#efed19</COLOR>
		<COVARIANCE_MATRIX>[[4.5046508603263646e-05, 7.482767978217453e-05, 8.795715984888375e-05, -0.00011537290265550837, -2.1963023755233735e-05, 2.0942554328939877e-05], [7.482767978217453e-05, 0.0001376438740408048, 0.00015415469533763826, -0.00020525796571746469, -4.729270585812628e-05, 3.239947182009928e-05], [8.795715984888375e-05, 0.00015415469533763826, 0.0001854567526606843, -0.0002625038323458284, -6.272532482398674e-05, 4.090296715730801e-05], [-0.00011537290265550837, -0.00020525796571746469, -0.0002625038323458284, 0.0011787594994530082, 0.00037933874409645796, 3.75078889192082e-05], [-2.1963023755233735e-05, -4.729270585812628e-05, -6.272532482398674e-05, 0.00037933874409645796, 0.00023603670706506819, 6.30576687399298e-05], [2.0942554328939877e-05, 3.239947182009928e-05, 4.090296715730801e-05, 3.75078889192082e-05, 6.30576687399298e-05, 6.0614624089794233e-05]]</COVARIANCE_MATRIX>
		<ROI_SIZE>56</ROI_SIZE>
		<MAX_VALUE>[0.12557563185691833, 0.12508109211921692, 0.11028585582971573, 0.26427343487739563, 0.11853459477424622, 0.0630422830581665]</MAX_VALUE>
		<MIN_VALUE>[0.09671846777200699, 0.07659126818180084, 0.052350617945194244, 0.12929944694042206, 0.059188488870859146, 0.026516716927289963]</MIN_VALUE>
		<SIGNATURE_THRESHOLD_MD>0.0</SIGNATURE_THRESHOLD_MD>
		<SIGNATURE_THRESHOLD_ML>0.0</SIGNATURE_THRESHOLD_ML>
		<SIGNATURE_THRESHOLD_SAM>0.0</SIGNATURE_THRESHOLD_SAM>
	</signature>
	<signature ID="20210203_163341499386_378">
		<MACROCLASSID>1</MACROCLASSID>
		<MACROCLASSINFO>waterbody</MACROCLASSINFO>
		<CLASSID>2</CLASSID>
		<CLASSINFO>C 1</CLASSINFO>
		<VALUES>[0.11497125564746455, 0.004057830919464413, 0.10780634248340629, 0.00659683225420987, 0.08502727851901257, 0.008144702379934546, 0.19082828768542107, 0.03280245948550058, 0.08892125520907654, 0.015796848805753466, 0.041221259634049844, 0.007437981965944326]</VALUES>
		<LCS_MIN>[0.10721197724342346, 0.09085299074649811, 0.06551772356033325, 0.13917559385299683, 0.059188488870859146, 0.023472916334867477]</LCS_MIN>
		<LCS_MAX>[0.12688730657100677, 0.12508109211921692, 0.11291926354169846, 0.2511052191257477, 0.1164151057600975, 0.05695469677448273]</LCS_MAX>
		<WAVELENGTH>[0.485, 0.56, 0.66, 0.83, 1.65, 2.215]</WAVELENGTH>
		<MEAN_VALUE>[0.11497125564746455, 0.10780634248340629, 0.08502727851901257, 0.19082828768542107, 0.08892125520907654, 0.041221259634049844]</MEAN_VALUE>
		<CHECKBOX>2</CHECKBOX>
		<SD>[0.004057830919464413, 0.00659683225420987, 0.008144702379934546, 0.03280245948550058, 0.015796848805753466, 0.007437981965944326]</SD>
		<WAVELENGTH_UNIT>E-6m</WAVELENGTH_UNIT>
		<COLOR>#bf3715</COLOR>
		<COVARIANCE_MATRIX>[[1.670122037467081e-05, 2.184230470447801e-05, 2.8642962206504308e-05, -5.8656325563788414e-05, -1.5840014384593815e-05, 9.11773554435058e-07], [2.184230470447801e-05, 4.4139884266769513e-05, 4.996524876332842e-05, -9.527403744868934e-05, -7.331293545576045e-06, 7.729908247711137e-06], [2.8642962206504308e-05, 4.996524876332842e-05, 6.72838359605521e-05, -0.0001444082154193893, -2.255078470625449e-05, 7.66077937441878e-06], [-5.8656325563788414e-05, -9.527403744868934e-05, -0.0001444082154193893, 0.0010913728037849069, 0.0003860177530441433, 0.00013130661682225764], [-1.5840014384593815e-05, -7.331293545576045e-06, -2.255078470625449e-05, 0.0003860177530441433, 0.00025310530327260494, 9.578749450156465e-05], [9.11773554435058e-07, 7.729908247711137e-06, 7.66077937441878e-06, 0.00013130661682225764, 9.578749450156465e-05, 5.611391316051595e-05]]</COVARIANCE_MATRIX>
		<ROI_SIZE>71</ROI_SIZE>
		<MAX_VALUE>[0.12688730657100677, 0.12508109211921692, 0.11291926354169846, 0.2511052191257477, 0.1164151057600975, 0.05695469677448273]</MAX_VALUE>
		<MIN_VALUE>[0.10721197724342346, 0.09085299074649811, 0.06551772356033325, 0.13917559385299683, 0.059188488870859146, 0.023472916334867477]</MIN_VALUE>
		<SIGNATURE_THRESHOLD_MD>0.0</SIGNATURE_THRESHOLD_MD>
		<SIGNATURE_THRESHOLD_ML>0.0</SIGNATURE_THRESHOLD_ML>
		<SIGNATURE_THRESHOLD_SAM>0.0</SIGNATURE_THRESHOLD_SAM>
	</signature>
	<signature ID="20210203_163349955912_327">
		<MACROCLASSID>1</MACROCLASSID>
		<MACROCLASSINFO>waterbody</MACROCLASSINFO>
		<CLASSID>3</CLASSID>
		<CLASSINFO>C 1</CLASSINFO>
		<VALUES>[0.12147992986197374, 0.0066916467976572405, 0.12042420387876279, 0.0091604298830326, 0.10157944566133072, 0.010027115636378005, 0.1320540144735453, 0.024194684949522496, 0.06398981802013455, 0.013593557121689913, 0.03334973087268216, 0.0063767407890239075]</VALUES>
		<LCS_MIN>[0.11377041041851044, 0.10796704143285751, 0.08658507466316223, 0.09308692067861557, 0.04011295735836029, 0.023472916334867477]</LCS_MIN>
		<LCS_MAX>[0.1426275670528412, 0.15075215697288513, 0.13398662209510803, 0.1852642446756363, 0.08886154741048813, 0.04782329499721527]</LCS_MAX>
		<WAVELENGTH>[0.485, 0.56, 0.66, 0.83, 1.65, 2.215]</WAVELENGTH>
		<MEAN_VALUE>[0.12147992986197374, 0.12042420387876279, 0.10157944566133072, 0.1320540144735453, 0.06398981802013455, 0.03334973087268216]</MEAN_VALUE>
		<CHECKBOX>2</CHECKBOX>
		<SD>[0.0066916467976572405, 0.0091604298830326, 0.010027115636378005, 0.024194684949522496, 0.013593557121689913, 0.0063767407890239075]</SD>
		<WAVELENGTH_UNIT>E-6m</WAVELENGTH_UNIT>
		<COLOR>#2e3b36</COLOR>
		<COVARIANCE_MATRIX>[[4.5711014536209404e-05, 5.9722166042774916e-05, 6.535420834552497e-05, -4.659812111640349e-05, -3.384855153854005e-05, -1.20862523544929e-06], [5.9722166042774916e-05, 8.566167525714263e-05, 9.037327981786802e-05, -6.730725726811215e-05, -4.5943070290377364e-05, -2.244305733256624e-06], [6.535420834552497e-05, 9.037327981786802e-05, 0.00010263769217999652, -9.43602281040512e-05, -6.093423144193366e-05, -3.895337158610346e-06], [-4.659812111640349e-05, -6.730725726811215e-05, -9.43602281040512e-05, 0.0005975782405585051, 0.0002778098569251597, 9.643713565310463e-05], [-3.384855153854005e-05, -4.5943070290377364e-05, -6.093423144193366e-05, 0.0002778098569251597, 0.00018863448349293321, 6.744559505023062e-05], [-1.20862523544929e-06, -2.244305733256624e-06, -3.895337158610346e-06, 9.643713565310463e-05, 6.744559505023062e-05, 4.1509963921271265e-05]]</COVARIANCE_MATRIX>
		<ROI_SIZE>49</ROI_SIZE>
		<MAX_VALUE>[0.1426275670528412, 0.15075215697288513, 0.13398662209510803, 0.1852642446756363, 0.08886154741048813, 0.04782329499721527]</MAX_VALUE>
		<MIN_VALUE>[0.11377041041851044, 0.10796704143285751, 0.08658507466316223, 0.09308692067861557, 0.04011295735836029, 0.023472916334867477]</MIN_VALUE>
		<SIGNATURE_THRESHOLD_MD>0.0</SIGNATURE_THRESHOLD_MD>
		<SIGNATURE_THRESHOLD_ML>0.0</SIGNATURE_THRESHOLD_ML>
		<SIGNATURE_THRESHOLD_SAM>0.0</SIGNATURE_THRESHOLD_SAM>
	</signature>
	<signature ID="20210203_163404131008_379">
		<MACROCLASSID>1</MACROCLASSID>
		<MACROCLASSINFO>waterbody</MACROCLASSINFO>
		<CLASSID>4</CLASSID>
		<CLASSINFO>C 1</CLASSINFO>
		<VALUES>[0.12260778977443255, 0.002160399134235911, 0.13021094716004725, 0.0029220301828404138, 0.15425391310953884, 0.0049353082674950975, 0.18110774402855, 0.004807477336808422, 0.028670870000851972, 0.007274137555465453, 0.01589362897433855, 0.005365997192965927]</VALUES>
		<LCS_MIN>[0.11508210003376007, 0.11367172747850418, 0.1313532143831253, 0.16551196575164795, 0.016798412427306175, 0.008253929205238819]</LCS_MIN>
		<LCS_MAX>[0.12951068580150604, 0.13649044930934906, 0.1655876636505127, 0.20830859243869781, 0.06130799278616905, 0.044779498130083084]</LCS_MAX>
		<WAVELENGTH>[0.485, 0.56, 0.66, 0.83, 1.65, 2.215]</WAVELENGTH>
		<MEAN_VALUE>[0.12260778977443255, 0.13021094716004725, 0.15425391310953884, 0.18110774402855, 0.028670870000851972, 0.01589362897433855]</MEAN_VALUE>
		<CHECKBOX>2</CHECKBOX>
		<SD>[0.002160399134235911, 0.0029220301828404138, 0.0049353082674950975, 0.004807477336808422, 0.007274137555465453, 0.005365997192965927]</SD>
		<WAVELENGTH_UNIT>E-6m</WAVELENGTH_UNIT>
		<COLOR>#c95b33</COLOR>
		<COVARIANCE_MATRIX>[[4.595465270540444e-06, 3.255338469898561e-06, 5.034648438595468e-06, -1.3796721987091587e-07, -6.89457692715223e-07, 7.178358600867796e-07], [3.255338469898561e-06, 7.719389031990431e-06, 8.712749149708543e-06, -1.1807077271441813e-06, -5.04519130117842e-06, -2.107034106302308e-06], [5.034648438595468e-06, 8.712749149708543e-06, 1.9755505491048098e-05, -5.031976343161659e-06, -1.4146250578050967e-05, -7.574230494356016e-06], [-1.3796721987091587e-07, -1.1807077271441813e-06, -5.031976343161659e-06, 2.2648948288406245e-05, 1.6358046195819043e-05, 8.126726243062876e-06], [-6.89457692715223e-07, -5.04519130117842e-06, -1.4146250578050967e-05, 1.6358046195819043e-05, 4.676875687437132e-05, 2.6687854187912308e-05], [7.178358600867796e-07, -2.107034106302308e-06, -7.574230494356016e-06, 8.126726243062876e-06, 2.6687854187912308e-05, 2.5960371203836985e-05]]</COVARIANCE_MATRIX>
		<ROI_SIZE>1245</ROI_SIZE>
		<MAX_VALUE>[0.12951068580150604, 0.13649044930934906, 0.1655876636505127, 0.20830859243869781, 0.06130799278616905, 0.044779498130083084]</MAX_VALUE>
		<MIN_VALUE>[0.11508210003376007, 0.11367172747850418, 0.1313532143831253, 0.16551196575164795, 0.016798412427306175, 0.008253929205238819]</MIN_VALUE>
		<SIGNATURE_THRESHOLD_MD>0.0</SIGNATURE_THRESHOLD_MD>
		<SIGNATURE_THRESHOLD_ML>0.0</SIGNATURE_THRESHOLD_ML>
		<SIGNATURE_THRESHOLD_SAM>0.0</SIGNATURE_THRESHOLD_SAM>
	</signature>
	<signature ID="20210203_163409105170_920">
		<MACROCLASSID>1</MACROCLASSID>
		<MACROCLASSINFO>waterbody</MACROCLASSINFO>
		<CLASSID>5</CLASSID>
		<CLASSINFO>C 1</CLASSINFO>
		<VALUES>[0.11568002275422087, 0.0019238433366731552, 0.12105855553747921, 0.003407483608778664, 0.1457132279787985, 0.006205397580731147, 0.17364361754849425, 0.006275408421141826, 0.022685923454407435, 0.005946273806281443, 0.011829206069926079, 0.0052244225880229605]</VALUES>
		<LCS_MIN>[0.1085236594080925, 0.10796704143285751, 0.12081952393054962, 0.15563584864139557, 0.014678907580673695, 0.0]</LCS_MIN>
		<LCS_MAX>[0.12164054065942764, 0.12793344259262085, 0.1550539880990982, 0.20501653850078583, 0.05071047693490982, 0.03260431066155434]</LCS_MAX>
		<WAVELENGTH>[0.485, 0.56, 0.66, 0.83, 1.65, 2.215]</WAVELENGTH>
		<MEAN_VALUE>[0.11568002275422087, 0.12105855553747921, 0.1457132279787985, 0.17364361754849425, 0.022685923454407435, 0.011829206069926079]</MEAN_VALUE>
		<CHECKBOX>2</CHECKBOX>
		<SD>[0.0019238433366731552, 0.003407483608778664, 0.006205397580731147, 0.006275408421141826, 0.005946273806281443, 0.0052244225880229605]</SD>
		<WAVELENGTH_UNIT>E-6m</WAVELENGTH_UNIT>
		<COLOR>#f49451</COLOR>
		<COVARIANCE_MATRIX>[[7.512151569244452e-06, 4.840548172069248e-06, 9.262723324354738e-06, 1.6546117649340886e-06, -3.6154465306026395e-06, -1.476100692343607e-06], [4.840548172069248e-06, 1.3797651263303123e-05, 2.0239785953890532e-05, 5.421105925051961e-06, -8.09430730441818e-06, -4.191622338112211e-06], [9.262723324354738e-06, 2.0239785953890532e-05, 4.14159003412351e-05, 3.909234237653436e-06, -1.8770513634081e-05, -9.78426578512881e-06], [1.6546117649340886e-06, 5.421105925051961e-06, 3.909234237653436e-06, 5.8590740081854165e-05, 2.588672396086622e-05, 1.0553745596553199e-05], [-3.6154465306026395e-06, -8.09430730441818e-06, -1.8770513634081e-05, 2.588672396086622e-05, 3.5122702684020624e-05, 1.5257531231327448e-05], [-1.476100692343607e-06, -4.191622338112211e-06, -9.78426578512881e-06, 1.0553745596553199e-05, 1.5257531231327448e-05, 2.146071710740216e-05]]</COVARIANCE_MATRIX>
		<ROI_SIZE>637</ROI_SIZE>
		<MAX_VALUE>[0.12164054065942764, 0.12793344259262085, 0.1550539880990982, 0.20501653850078583, 0.05071047693490982, 0.03260431066155434]</MAX_VALUE>
		<MIN_VALUE>[0.1085236594080925, 0.10796704143285751, 0.12081952393054962, 0.15563584864139557, 0.014678907580673695, 0.0]</MIN_VALUE>
		<SIGNATURE_THRESHOLD_MD>0.0</SIGNATURE_THRESHOLD_MD>
		<SIGNATURE_THRESHOLD_ML>0.0</SIGNATURE_THRESHOLD_ML>
		<SIGNATURE_THRESHOLD_SAM>0.0</SIGNATURE_THRESHOLD_SAM>
	</signature>
	<signature ID="20210203_163415038760_399">
		<MACROCLASSID>1</MACROCLASSID>
		<MACROCLASSINFO>waterbody</MACROCLASSINFO>
		<CLASSID>6</CLASSID>
		<CLASSINFO>C 1</CLASSINFO>
		<VALUES>[0.12177460489865526, 0.0022633891959609877, 0.12644152801655595, 0.0032716257385978077, 0.14706401485121076, 0.005395128740574793, 0.1683422080978364, 0.0062493196172868325, 0.029273328291091742, 0.006877794341561746, 0.015829874383647736, 0.004963066606574127]</VALUES>
		<LCS_MIN>[0.11508210003376007, 0.11081938445568085, 0.12081952393054962, 0.1523437798023224, 0.01891791634261608, 0.005210130475461483]</LCS_MIN>
		<LCS_MAX>[0.12819898128509521, 0.13363811373710632, 0.15768741071224213, 0.20172452926635742, 0.06130799278616905, 0.03869190812110901]</LCS_MAX>
		<WAVELENGTH>[0.485, 0.56, 0.66, 0.83, 1.65, 2.215]</WAVELENGTH>
		<MEAN_VALUE>[0.12177460489865526, 0.12644152801655595, 0.14706401485121076, 0.1683422080978364, 0.029273328291091742, 0.015829874383647736]</MEAN_VALUE>
		<CHECKBOX>2</CHECKBOX>
		<SD>[0.0022633891959609877, 0.0032716257385978077, 0.005395128740574793, 0.0062493196172868325, 0.006877794341561746, 0.004963066606574127]</SD>
		<WAVELENGTH_UNIT>E-6m</WAVELENGTH_UNIT>
		<COLOR>#e1af1d</COLOR>
		<COVARIANCE_MATRIX>[[8.6492700575036e-06, 6.6054526541847736e-06, 6.829498943261569e-06, 8.225012606999371e-06, 5.196027359488653e-06, 4.658446869143518e-06], [6.6054526541847736e-06, 1.21495559142204e-05, 1.326929032074986e-05, 5.41495955985738e-06, -3.5869663861376466e-07, 1.3956505426904187e-06], [6.829498943261569e-06, 1.326929032074986e-05, 2.7560936359805055e-05, -3.989995093434118e-06, -1.5653049558750354e-05, -7.585332241433207e-06], [8.225012606999371e-06, 5.41495955985738e-06, -3.989995093434118e-06, 5.258386590867303e-05, 3.832299626083113e-05, 2.1936870325589553e-05], [5.196027359488653e-06, -3.5869663861376466e-07, -1.5653049558750354e-05, 3.832299626083113e-05, 5.8101624745177105e-05, 3.2619460398564115e-05], [4.658446869143518e-06, 1.3956505426904187e-06, -7.585332241433207e-06, 2.1936870325589553e-05, 3.2619460398564115e-05, 2.7845477234222926e-05]]</COVARIANCE_MATRIX>
		<ROI_SIZE>928</ROI_SIZE>
		<MAX_VALUE>[0.12819898128509521, 0.13363811373710632, 0.15768741071224213, 0.20172452926635742, 0.06130799278616905, 0.03869190812110901]</MAX_VALUE>
		<MIN_VALUE>[0.11508210003376007, 0.11081938445568085, 0.12081952393054962, 0.1523437798023224, 0.01891791634261608, 0.005210130475461483]</MIN_VALUE>
		<SIGNATURE_THRESHOLD_MD>0.0</SIGNATURE_THRESHOLD_MD>
		<SIGNATURE_THRESHOLD_ML>0.0</SIGNATURE_THRESHOLD_ML>
		<SIGNATURE_THRESHOLD_SAM>0.0</SIGNATURE_THRESHOLD_SAM>
	</signature>
	<signature ID="20210203_163426574841_605">
		<MACROCLASSID>1</MACROCLASSID>
		<MACROCLASSINFO>waterbody</MACROCLASSINFO>
		<CLASSID>7</CLASSID>
		<CLASSINFO>C 1</CLASSINFO>
		<VALUES>[0.10694963733355203, 0.004368793542856976, 0.10245251258214315, 0.009047917116762172, 0.10361452301343282, 0.016568002674122725, 0.12929944346348443, 0.02143626167401229, 0.04958007310827574, 0.011185057477300829, 0.027937154409786065, 0.006748420272537654]</VALUES>
		<LCS_MIN>[0.09671846777200699, 0.0822959616780281, 0.06815113872289658, 0.08979487419128418, 0.033754441887140274, 0.014341524802148342]</LCS_MIN>
		<LCS_MAX>[0.1124587282538414, 0.11081938445568085, 0.1181861087679863, 0.16880401968955994, 0.06766650825738907, 0.041735704988241196]</LCS_MAX>
		<WAVELENGTH>[0.485, 0.56, 0.66, 0.83, 1.65, 2.215]</WAVELENGTH>
		<MEAN_VALUE>[0.10694963733355203, 0.10245251258214315, 0.10361452301343282, 0.12929944346348443, 0.04958007310827574, 0.027937154409786065]</MEAN_VALUE>
		<CHECKBOX>2</CHECKBOX>
		<SD>[0.004368793542856976, 0.009047917116762172, 0.016568002674122725, 0.02143626167401229, 0.011185057477300829, 0.006748420272537654]</SD>
		<WAVELENGTH_UNIT>E-6m</WAVELENGTH_UNIT>
		<COLOR>#384233</COLOR>
		<COVARIANCE_MATRIX>[[2.0449668227229267e-05, 3.9872447814559564e-05, 7.189721509348601e-05, -4.935007837048033e-06, -7.665202247153502e-06, 9.524997949483804e-06], [3.9872447814559564e-05, 8.77122874953784e-05, 0.0001585623831488192, 1.341434290225152e-05, -1.531540692667477e-05, 2.389603469055146e-05], [7.189721509348601e-05, 0.0001585623831488192, 0.0002941057609859854, -6.192462478793459e-06, -3.5987675801152363e-05, 4.622327469405718e-05], [-4.935007837048033e-06, 1.341434290225152e-05, -6.192462478793459e-06, 0.0004923357046209276, 0.00021131883841007948, 9.30458918446675e-05], [-7.665202247153502e-06, -1.531540692667477e-05, -3.5987675801152363e-05, 0.00021131883841007948, 0.00013404162018559873, 5.425271228887141e-05], [9.524997949483804e-06, 2.389603469055146e-05, 4.622327469405718e-05, 9.30458918446675e-05, 5.425271228887141e-05, 4.879411790170707e-05]]</COVARIANCE_MATRIX>
		<ROI_SIZE>15</ROI_SIZE>
		<MAX_VALUE>[0.1124587282538414, 0.11081938445568085, 0.1181861087679863, 0.16880401968955994, 0.06766650825738907, 0.041735704988241196]</MAX_VALUE>
		<MIN_VALUE>[0.09671846777200699, 0.0822959616780281, 0.06815113872289658, 0.08979487419128418, 0.033754441887140274, 0.014341524802148342]</MIN_VALUE>
		<SIGNATURE_THRESHOLD_MD>0.0</SIGNATURE_THRESHOLD_MD>
		<SIGNATURE_THRESHOLD_ML>0.0</SIGNATURE_THRESHOLD_ML>
		<SIGNATURE_THRESHOLD_SAM>0.0</SIGNATURE_THRESHOLD_SAM>
	</signature>
	<signature ID="20210203_163433111672_950">
		<MACROCLASSID>1</MACROCLASSID>
		<MACROCLASSINFO>waterbody</MACROCLASSINFO>
		<CLASSID>8</CLASSID>
		<CLASSINFO>C 1</CLASSINFO>
		<VALUES>[0.11318360621991909, 0.003766904777676203, 0.1110445651176729, 0.0052096237699140215, 0.11520619023787348, 0.009930306961468072, 0.1739153571819004, 0.02224710096572341, 0.08624005827464554, 0.013868154788238246, 0.05367059584118818, 0.010938555812984495]</VALUES>
		<LCS_MIN>[0.10721197724342346, 0.09941000491380692, 0.0944853350520134, 0.13259148597717285, 0.048590969294309616, 0.03260431066155434]</LCS_MIN>
		<LCS_MAX>[0.1203288584947586, 0.12222874909639359, 0.13398662209510803, 0.22476884722709656, 0.11217609792947769, 0.07521748542785645]</LCS_MAX>
		<WAVELENGTH>[0.485, 0.56, 0.66, 0.83, 1.65, 2.215]</WAVELENGTH>
		<MEAN_VALUE>[0.11318360621991909, 0.1110445651176729, 0.11520619023787348, 0.1739153571819004, 0.08624005827464554, 0.05367059584118818]</MEAN_VALUE>
		<CHECKBOX>2</CHECKBOX>
		<SD>[0.003766904777676203, 0.0052096237699140215, 0.009930306961468072, 0.02224710096572341, 0.013868154788238246, 0.010938555812984495]</SD>
		<WAVELENGTH_UNIT>E-6m</WAVELENGTH_UNIT>
		<COLOR>#666ad4</COLOR>
		<COVARIANCE_MATRIX>[[1.4573073713108897e-05, 1.823591628635768e-05, 3.339984323247336e-05, -3.5432687582215294e-05, 3.3792698559409473e-06, 2.0896808564430103e-05], [1.823591628635768e-05, 2.787369885481894e-05, 4.9208843847736716e-05, -6.335945363389328e-05, -4.622336291504325e-06, 2.30510067922296e-05], [3.339984323247336e-05, 4.9208843847736716e-05, 0.0001012761567835696, -0.0001542292011436075, -2.476759436831344e-05, 3.522644692566246e-05], [-3.5432687582215294e-05, -6.335945363389328e-05, -0.0001542292011436075, 0.0005083100986666977, 0.00020007976854685694, 6.165420199977234e-05], [3.3792698559409473e-06, -4.622336291504325e-06, -2.476759436831344e-05, 0.00020007976854685694, 0.00019752371008507907, 0.00012070799857610837], [2.0896808564430103e-05, 2.30510067922296e-05, 3.522644692566246e-05, 6.165420199977234e-05, 0.00012070799857610837, 0.00012288584548514336]]</COVARIANCE_MATRIX>
		<ROI_SIZE>38</ROI_SIZE>
		<MAX_VALUE>[0.1203288584947586, 0.12222874909639359, 0.13398662209510803, 0.22476884722709656, 0.11217609792947769, 0.07521748542785645]</MAX_VALUE>
		<MIN_VALUE>[0.10721197724342346, 0.09941000491380692, 0.0944853350520134, 0.13259148597717285, 0.048590969294309616, 0.03260431066155434]</MIN_VALUE>
		<SIGNATURE_THRESHOLD_MD>0.0</SIGNATURE_THRESHOLD_MD>
		<SIGNATURE_THRESHOLD_ML>0.0</SIGNATURE_THRESHOLD_ML>
		<SIGNATURE_THRESHOLD_SAM>0.0</SIGNATURE_THRESHOLD_SAM>
	</signature>
	<signature ID="20210203_163442031968_752">
		<MACROCLASSID>1</MACROCLASSID>
		<MACROCLASSINFO>waterbody</MACROCLASSINFO>
		<CLASSID>9</CLASSID>
		<CLASSINFO>C 1</CLASSINFO>
		<VALUES>[0.12378348167552504, 0.0031626463268509186, 0.1395086319467357, 0.006149284952316579, 0.1477661545626645, 0.00829534000171699, 0.15657368068431698, 0.011030561422340447, 0.03390231630006846, 0.01158779211867922, 0.017774645212041428, 0.008030311084369178]</VALUES>
		<LCS_MIN>[0.11377041041851044, 0.11937639862298965, 0.1181861087679863, 0.13588353991508484, 0.016798412427306175, 0.008253929205238819]</LCS_MIN>
		<LCS_MAX>[0.12951068580150604, 0.1478998214006424, 0.16032081842422485, 0.18855628371238708, 0.06766650825738907, 0.04782329499721527]</LCS_MAX>
		<WAVELENGTH>[0.485, 0.56, 0.66, 0.83, 1.65, 2.215]</WAVELENGTH>
		<MEAN_VALUE>[0.12378348167552504, 0.1395086319467357, 0.1477661545626645, 0.15657368068431698, 0.03390231630006846, 0.017774645212041428]</MEAN_VALUE>
		<CHECKBOX>2</CHECKBOX>
		<SD>[0.0031626463268509186, 0.006149284952316579, 0.00829534000171699, 0.011030561422340447, 0.01158779211867922, 0.008030311084369178]</SD>
		<WAVELENGTH_UNIT>E-6m</WAVELENGTH_UNIT>
		<COLOR>#2d2ae6</COLOR>
		<COVARIANCE_MATRIX>[[1.0060824934043922e-05, 1.548328873468563e-05, 2.023353226832114e-05, -1.5556752259726636e-05, -1.4495796676783357e-05, -4.4814805733039975e-06], [1.548328873468563e-05, 3.803483923547901e-05, 4.650377013604157e-05, -3.337853559060022e-05, -3.658081914181821e-05, -1.5550303942291066e-05], [2.023353226832114e-05, 4.650377013604157e-05, 6.921507883816957e-05, -4.721979348687455e-05, -5.215285636950284e-05, -2.3349117327597924e-05], [-1.5556752259726636e-05, -3.337853559060022e-05, -4.721979348687455e-05, 0.0001223848230438307, 8.408024586969987e-05, 4.698023622040637e-05], [-1.4495796676783357e-05, -3.658081914181821e-05, -5.215285636950284e-05, 8.408024586969987e-05, 0.00013506217510439456, 7.84145449870266e-05], [-4.4814805733039975e-06, -1.5550303942291066e-05, -2.3349117327597924e-05, 4.698023622040637e-05, 7.84145449870266e-05, 6.486300844699144e-05]]</COVARIANCE_MATRIX>
		<ROI_SIZE>172</ROI_SIZE>
		<MAX_VALUE>[0.12951068580150604, 0.1478998214006424, 0.16032081842422485, 0.18855628371238708, 0.06766650825738907, 0.04782329499721527]</MAX_VALUE>
		<MIN_VALUE>[0.11377041041851044, 0.11937639862298965, 0.1181861087679863, 0.13588353991508484, 0.016798412427306175, 0.008253929205238819]</MIN_VALUE>
		<SIGNATURE_THRESHOLD_MD>0.0</SIGNATURE_THRESHOLD_MD>
		<SIGNATURE_THRESHOLD_ML>0.0</SIGNATURE_THRESHOLD_ML>
		<SIGNATURE_THRESHOLD_SAM>0.0</SIGNATURE_THRESHOLD_SAM>
	</signature>
	<signature ID="20210203_163445875808_427">
		<MACROCLASSID>1</MACROCLASSID>
		<MACROCLASSINFO>waterbody</MACROCLASSINFO>
		<CLASSID>10</CLASSID>
		<CLASSINFO>C 1</CLASSINFO>
		<VALUES>[0.12470115660815623, 0.002666356879210268, 0.14106448290047346, 0.004951952032413717, 0.15040398771698416, 0.006799046896850687, 0.16103360379064405, 0.010123100038946935, 0.030412883548116373, 0.009334794426998352, 0.015712604589491818, 0.005307336944106355]</VALUES>
		<LCS_MIN>[0.1163937896490097, 0.12508109211921692, 0.12871979176998138, 0.13917559385299683, 0.014678907580673695, 0.005210130475461483]</LCS_MIN>
		<LCS_MAX>[0.12951068580150604, 0.1478998214006424, 0.16032081842422485, 0.1852642446756363, 0.057068996131420135, 0.03260431066155434]</LCS_MAX>
		<WAVELENGTH>[0.485, 0.56, 0.66, 0.83, 1.65, 2.215]</WAVELENGTH>
		<MEAN_VALUE>[0.12470115660815623, 0.14106448290047346, 0.15040398771698416, 0.16103360379064405, 0.030412883548116373, 0.015712604589491818]</MEAN_VALUE>
		<CHECKBOX>2</CHECKBOX>
		<SD>[0.002666356879210268, 0.004951952032413717, 0.006799046896850687, 0.010123100038946935, 0.009334794426998352, 0.005307336944106355]</SD>
		<WAVELENGTH_UNIT>E-6m</WAVELENGTH_UNIT>
		<COLOR>#6ef73f</COLOR>
		<COVARIANCE_MATRIX>[[7.174090569606051e-06, 1.0124435902980622e-05, 1.3670383850694634e-05, -1.4590104910894297e-05, -1.1769230695790611e-05, -4.742630153486971e-06], [1.0124435902980622e-05, 2.4744755137362517e-05, 3.061287497985177e-05, -3.131632547592744e-05, -2.5246756194974296e-05, -1.098505799745908e-05], [1.3670383850694634e-05, 3.061287497985177e-05, 4.664728476200253e-05, -4.765228368341923e-05, -3.790421396843158e-05, -1.6083055015769787e-05], [-1.4590104910894297e-05, -3.131632547592744e-05, -4.765228368341923e-05, 0.00010340876178815961, 5.746528404415585e-05, 2.6783238354255445e-05], [-1.1769230695790611e-05, -2.5246756194974296e-05, -3.790421396843158e-05, 5.746528404415585e-05, 8.793055167188868e-05, 3.8991249311948195e-05], [-4.742630153486971e-06, -1.098505799745908e-05, -1.6083055015769787e-05, 2.6783238354255445e-05, 3.8991249311948195e-05, 2.842389585566707e-05]]</COVARIANCE_MATRIX>
		<ROI_SIZE>111</ROI_SIZE>
		<MAX_VALUE>[0.12951068580150604, 0.1478998214006424, 0.16032081842422485, 0.1852642446756363, 0.057068996131420135, 0.03260431066155434]</MAX_VALUE>
		<MIN_VALUE>[0.1163937896490097, 0.12508109211921692, 0.12871979176998138, 0.13917559385299683, 0.014678907580673695, 0.005210130475461483]</MIN_VALUE>
		<SIGNATURE_THRESHOLD_MD>0.0</SIGNATURE_THRESHOLD_MD>
		<SIGNATURE_THRESHOLD_ML>0.0</SIGNATURE_THRESHOLD_ML>
		<SIGNATURE_THRESHOLD_SAM>0.0</SIGNATURE_THRESHOLD_SAM>
	</signature>
	<signature ID="20210203_163450817017_728">
		<MACROCLASSID>1</MACROCLASSID>
		<MACROCLASSINFO>waterbody</MACROCLASSINFO>
		<CLASSID>11</CLASSID>
		<CLASSINFO>C 1</CLASSINFO>
		<VALUES>[0.1217904514500073, 0.0019013732515857935, 0.1378758788108826, 0.005470528035406096, 0.14632608337061748, 0.007548096017624255, 0.1626902188573565, 0.011407867030760925, 0.03484447476054941, 0.009443050089521133, 0.017907115444540978, 0.0051698862281004355]</VALUES>
		<LCS_MIN>[0.11770548671483994, 0.12508109211921692, 0.12871979176998138, 0.1457596719264984, 0.021037420257925987, 0.008253929205238819]</LCS_MIN>
		<LCS_MAX>[0.12557563185691833, 0.1478998214006424, 0.15768741071224213, 0.19184835255146027, 0.057068996131420135, 0.029560511931777]</LCS_MAX>
		<WAVELENGTH>[0.485, 0.56, 0.66, 0.83, 1.65, 2.215]</WAVELENGTH>
		<MEAN_VALUE>[0.1217904514500073, 0.1378758788108826, 0.14632608337061748, 0.1626902188573565, 0.03484447476054941, 0.017907115444540978]</MEAN_VALUE>
		<CHECKBOX>2</CHECKBOX>
		<SD>[0.0019013732515857935, 0.005470528035406096, 0.007548096017624255, 0.011407867030760925, 0.009443050089521133, 0.0051698862281004355]</SD>
		<WAVELENGTH_UNIT>E-6m</WAVELENGTH_UNIT>
		<COLOR>#dc1060</COLOR>
		<COVARIANCE_MATRIX>[[3.7215502288745483e-06, 7.048892712191446e-06, 1.1404762517486233e-05, -1.290000363951549e-05, -8.01799524197122e-06, -3.6033311516803224e-06], [7.048892712191446e-06, 3.080687383771874e-05, 3.719097367138602e-05, -3.132644633296877e-05, -2.3958631572895683e-05, -8.40468146634521e-06], [1.1404762517486233e-05, 3.719097367138602e-05, 5.864945342182182e-05, -6.104968633735552e-05, -3.9127109630499035e-05, -1.5115130736376159e-05], [-1.290000363951549e-05, -3.132644633296877e-05, -6.104968633735552e-05, 0.00013396705617196858, 7.663536962354556e-05, 2.8629514417843893e-05], [-8.01799524197122e-06, -2.3958631572895683e-05, -3.9127109630499035e-05, 7.663536962354556e-05, 9.179387416224927e-05, 3.831229332718067e-05], [-3.6033311516803224e-06, -8.40468146634521e-06, -1.5115130736376159e-05, 2.8629514417843893e-05, 3.831229332718067e-05, 2.7513833629200235e-05]]</COVARIANCE_MATRIX>
		<ROI_SIZE>35</ROI_SIZE>
		<MAX_VALUE>[0.12557563185691833, 0.1478998214006424, 0.15768741071224213, 0.19184835255146027, 0.057068996131420135, 0.029560511931777]</MAX_VALUE>
		<MIN_VALUE>[0.11770548671483994, 0.12508109211921692, 0.12871979176998138, 0.1457596719264984, 0.021037420257925987, 0.008253929205238819]</MIN_VALUE>
		<SIGNATURE_THRESHOLD_MD>0.0</SIGNATURE_THRESHOLD_MD>
		<SIGNATURE_THRESHOLD_ML>0.0</SIGNATURE_THRESHOLD_ML>
		<SIGNATURE_THRESHOLD_SAM>0.0</SIGNATURE_THRESHOLD_SAM>
	</signature>
	<signature ID="20210203_163457124551_699">
		<MACROCLASSID>1</MACROCLASSID>
		<MACROCLASSINFO>waterbody</MACROCLASSINFO>
		<CLASSID>12</CLASSID>
		<CLASSINFO>C 1</CLASSINFO>
		<VALUES>[0.11976256073296303, 0.002084810003006905, 0.12504400189854564, 0.003099207375990756, 0.1465544480689944, 0.005188499815126544, 0.16340145929892125, 0.005365757314465295, 0.022718691443891208, 0.005574834271362339, 0.011669790990812943, 0.0036146755410037547]</VALUES>
		<LCS_MIN>[0.1085236594080925, 0.10796704143285751, 0.11555270105600357, 0.13588353991508484, 0.014678907580673695, 0.0021663333754986525]</LCS_MIN>
		<LCS_MAX>[0.12688730657100677, 0.13363811373710632, 0.15768741071224213, 0.1852642446756363, 0.048590969294309616, 0.03260431066155434]</LCS_MAX>
		<WAVELENGTH>[0.485, 0.56, 0.66, 0.83, 1.65, 2.215]</WAVELENGTH>
		<MEAN_VALUE>[0.11976256073296303, 0.12504400189854564, 0.1465544480689944, 0.16340145929892125, 0.022718691443891208, 0.011669790990812943]</MEAN_VALUE>
		<CHECKBOX>2</CHECKBOX>
		<SD>[0.002084810003006905, 0.003099207375990756, 0.005188499815126544, 0.005365757314465295, 0.005574834271362339, 0.0036146755410037547]</SD>
		<WAVELENGTH_UNIT>E-6m</WAVELENGTH_UNIT>
		<COLOR>#90a502</COLOR>
		<COVARIANCE_MATRIX>[[4.352092219050974e-06, 3.9931642277224455e-06, 7.328747869905783e-06, -4.972434197725306e-08, -5.175257228984265e-06, -2.2947463094169507e-06], [3.9931642277224455e-06, 9.617592695576604e-06, 1.2447871995391324e-05, -1.1665638339763973e-06, -9.131839760812e-06, -3.886279046128038e-06], [7.328747869905783e-06, 1.2447871995391324e-05, 2.6955583962262608e-05, -3.783722831940395e-06, -1.822129161155317e-05, -8.36636627354892e-06], [-4.972434197725306e-08, -1.1665638339763973e-06, -3.783722831940395e-06, 2.882884109567385e-05, 1.0130725058843382e-05, 4.987503871234367e-06], [-5.175257228984265e-06, -9.131839760812e-06, -1.822129161155317e-05, 1.0130725058843382e-05, 3.111924525001086e-05, 1.425036862201523e-05], [-2.2947463094169507e-06, -3.886279046128038e-06, -8.36636627354892e-06, 4.987503871234367e-06, 1.425036862201523e-05, 1.3082892110105604e-05]]</COVARIANCE_MATRIX>
		<ROI_SIZE>769</ROI_SIZE>
		<MAX_VALUE>[0.12688730657100677, 0.13363811373710632, 0.15768741071224213, 0.1852642446756363, 0.048590969294309616, 0.03260431066155434]</MAX_VALUE>
		<MIN_VALUE>[0.1085236594080925, 0.10796704143285751, 0.11555270105600357, 0.13588353991508484, 0.014678907580673695, 0.0021663333754986525]</MIN_VALUE>
		<SIGNATURE_THRESHOLD_MD>0.0</SIGNATURE_THRESHOLD_MD>
		<SIGNATURE_THRESHOLD_ML>0.0</SIGNATURE_THRESHOLD_ML>
		<SIGNATURE_THRESHOLD_SAM>0.0</SIGNATURE_THRESHOLD_SAM>
	</signature>
	<signature ID="20210203_163505370370_493">
		<MACROCLASSID>1</MACROCLASSID>
		<MACROCLASSINFO>waterbody</MACROCLASSINFO>
		<CLASSID>13</CLASSID>
		<CLASSINFO>C 1</CLASSINFO>
		<VALUES>[0.13594408737586045, 0.0029392210103774906, 0.1428670474523587, 0.004650748022768928, 0.16120909557333785, 0.006320062835995784, 0.19916569446337312, 0.004285567460216189, 0.04916018757398911, 0.006086310812659417, 0.029568882980046753, 0.004683439795641352]</VALUES>
		<LCS_MIN>[0.12688730657100677, 0.12508109211921692, 0.1313532143831253, 0.18855628371238708, 0.03587394580245018, 0.02042911946773529]</LCS_MIN>
		<LCS_MAX>[0.14525094628334045, 0.156456857919693, 0.18138818442821503, 0.22476884722709656, 0.07402502745389938, 0.050867099314928055]</LCS_MAX>
		<WAVELENGTH>[0.485, 0.56, 0.66, 0.83, 1.65, 2.215]</WAVELENGTH>
		<MEAN_VALUE>[0.13594408737586045, 0.1428670474523587, 0.16120909557333785, 0.19916569446337312, 0.04916018757398911, 0.029568882980046753]</MEAN_VALUE>
		<CHECKBOX>2</CHECKBOX>
		<SD>[0.0029392210103774906, 0.004650748022768928, 0.006320062835995784, 0.004285567460216189, 0.006086310812659417, 0.004683439795641352]</SD>
		<WAVELENGTH_UNIT>E-6m</WAVELENGTH_UNIT>
		<COLOR>#0e1883</COLOR>
		<COVARIANCE_MATRIX>[[8.64694629854057e-06, 1.045011686073849e-05, 1.3956581824459136e-05, 3.562120355127263e-06, 1.3465161146086757e-06, 2.3269512894330546e-06], [1.045011686073849e-05, 2.1649300833814777e-05, 2.5058585379156284e-05, 4.382814040582161e-06, -1.0705675776989665e-06, 1.6511066860402934e-06], [1.3956581824459136e-05, 2.5058585379156284e-05, 3.997984094894491e-05, 1.7262019582631183e-06, -6.548480087076314e-06, -1.463482590224885e-06], [3.562120355127263e-06, 4.382814040582161e-06, 1.7262019582631183e-06, 1.8382937923888676e-05, 1.4164614185574464e-05, 1.0069353265862446e-05], [1.3465161146086757e-06, -1.0705675776989665e-06, -6.548480087076314e-06, 1.4164614185574464e-05, 3.707716314238496e-05, 2.2663707568426616e-05], [2.3269512894330546e-06, 1.6511066860402934e-06, -1.463482590224885e-06, 1.0069353265862446e-05, 2.2663707568426616e-05, 2.195473098254297e-05]]</COVARIANCE_MATRIX>
		<ROI_SIZE>1091</ROI_SIZE>
		<MAX_VALUE>[0.14525094628334045, 0.156456857919693, 0.18138818442821503, 0.22476884722709656, 0.07402502745389938, 0.050867099314928055]</MAX_VALUE>
		<MIN_VALUE>[0.12688730657100677, 0.12508109211921692, 0.1313532143831253, 0.18855628371238708, 0.03587394580245018, 0.02042911946773529]</MIN_VALUE>
		<SIGNATURE_THRESHOLD_MD>0.0</SIGNATURE_THRESHOLD_MD>
		<SIGNATURE_THRESHOLD_ML>0.0</SIGNATURE_THRESHOLD_ML>
		<SIGNATURE_THRESHOLD_SAM>0.0</SIGNATURE_THRESHOLD_SAM>
	</signature>
	<signature ID="20210203_163511599630_986">
		<MACROCLASSID>1</MACROCLASSID>
		<MACROCLASSINFO>waterbody</MACROCLASSINFO>
		<CLASSID>14</CLASSID>
		<CLASSINFO>C 1</CLASSINFO>
		<VALUES>[0.1257205523509347, 0.00276278235736078, 0.1293265074656152, 0.00377374069198535, 0.15072703503113444, 0.00610868620764711, 0.20682808488442744, 0.005901143266512454, 0.0442606259898916, 0.006686636760071063, 0.025638890574115104, 0.004678081408040465]</VALUES>
		<LCS_MIN>[0.1124587282538414, 0.11081938445568085, 0.12081952393054962, 0.1786801815032959, 0.033754441887140274, 0.014341524802148342]</LCS_MIN>
		<LCS_MAX>[0.1360691338777542, 0.14219515025615692, 0.1655876636505127, 0.23464497923851013, 0.06978601217269897, 0.04782329499721527]</LCS_MAX>
		<WAVELENGTH>[0.485, 0.56, 0.66, 0.83, 1.65, 2.215]</WAVELENGTH>
		<MEAN_VALUE>[0.1257205523509347, 0.1293265074656152, 0.15072703503113444, 0.20682808488442744, 0.0442606259898916, 0.025638890574115104]</MEAN_VALUE>
		<CHECKBOX>2</CHECKBOX>
		<SD>[0.00276278235736078, 0.00377374069198535, 0.00610868620764711, 0.005901143266512454, 0.006686636760071063, 0.004678081408040465]</SD>
		<WAVELENGTH_UNIT>E-6m</WAVELENGTH_UNIT>
		<COLOR>#ef3a23</COLOR>
		<COVARIANCE_MATRIX>[[7.641409865755122e-06, 7.4544564085954335e-06, 1.1590424946916755e-05, 2.3393197068344307e-07, -9.831710485741496e-07, 1.7482221892350935e-06], [7.4544564085954335e-06, 1.4256872418627609e-05, 1.9071401766268536e-05, 1.3273424315229931e-07, -6.031858447386185e-06, -4.948760761180893e-07], [1.1590424946916755e-05, 1.9071401766268536e-05, 3.73573275282979e-05, -1.330500481344643e-06, -1.6658690583426505e-05, -5.8950772654498e-06], [2.3393197068344307e-07, 1.3273424315229931e-07, -1.330500481344643e-06, 3.4862012398662046e-05, 1.6281828720821068e-05, 7.189605639723595e-06], [-9.831710485741496e-07, -6.031858447386185e-06, -1.6658690583426505e-05, 1.6281828720821068e-05, 4.476057074498385e-05, 2.4340632080566138e-05], [1.7482221892350935e-06, -4.948760761180893e-07, -5.8950772654498e-06, 7.189605639723595e-06, 2.4340632080566138e-05, 2.190865416196175e-05]]</COVARIANCE_MATRIX>
		<ROI_SIZE>905</ROI_SIZE>
		<MAX_VALUE>[0.1360691338777542, 0.14219515025615692, 0.1655876636505127, 0.23464497923851013, 0.06978601217269897, 0.04782329499721527]</MAX_VALUE>
		<MIN_VALUE>[0.1124587282538414, 0.11081938445568085, 0.12081952393054962, 0.1786801815032959, 0.033754441887140274, 0.014341524802148342]</MIN_VALUE>
		<SIGNATURE_THRESHOLD_MD>0.0</SIGNATURE_THRESHOLD_MD>
		<SIGNATURE_THRESHOLD_ML>0.0</SIGNATURE_THRESHOLD_ML>
		<SIGNATURE_THRESHOLD_SAM>0.0</SIGNATURE_THRESHOLD_SAM>
	</signature>
	<signature ID="20210204_115352028368_701">
		<MACROCLASSID>1</MACROCLASSID>
		<MACROCLASSINFO>waterbody</MACROCLASSINFO>
		<CLASSID>15</CLASSID>
		<CLASSINFO>C 1</CLASSINFO>
		<VALUES>[0.13229723235494217, 0.005458051068039226, 0.13358352297658543, 0.0058326387464420135, 0.12524216415351652, 0.00642352795916136, 0.15979420710978884, 0.009838074496702735, 0.07280808211299787, 0.007842015701661355, 0.043206630065217244, 0.0065309044390063275]</VALUES>
		<LCS_MIN>[0.12295223027467728, 0.12222874909639359, 0.11028585582971573, 0.13917559385299683, 0.057068996131420135, 0.014341524802148342]</LCS_MIN>
		<LCS_MAX>[0.14393925666809082, 0.14504748582839966, 0.13925346732139587, 0.1786801815032959, 0.09522006660699844, 0.05999848619103432]</LCS_MAX>
		<WAVELENGTH>[0.485, 0.56, 0.66, 0.83, 1.65, 2.215]</WAVELENGTH>
		<MEAN_VALUE>[0.13229723235494217, 0.13358352297658543, 0.12524216415351652, 0.15979420710978884, 0.07280808211299787, 0.043206630065217244]</MEAN_VALUE>
		<CHECKBOX>2</CHECKBOX>
		<SD>[0.005458051068039226, 0.0058326387464420135, 0.00642352795916136, 0.009838074496702735, 0.007842015701661355, 0.0065309044390063275]</SD>
		<WAVELENGTH_UNIT>E-6m</WAVELENGTH_UNIT>
		<COLOR>#a89881</COLOR>
		<COVARIANCE_MATRIX>[[2.993354416065698e-05, 2.848302610195468e-05, 3.106037271286158e-05, 1.777406636924314e-05, 1.984755348929825e-05, 2.1122599132154454e-05], [2.848302610195468e-05, 3.4183230875086174e-05, 3.444118369679412e-05, 1.1965652590780097e-05, 1.4814604479591684e-05, 1.852982045837459e-05], [3.106037271286158e-05, 3.444118369679412e-05, 4.146008505483078e-05, 9.07078195776305e-06, 1.5631849727483004e-05, 2.0092089703718114e-05], [1.777406636924314e-05, 1.1965652590780097e-05, 9.07078195776305e-06, 9.725303533057068e-05, 6.0032720196793774e-05, 4.1546829674607843e-05], [1.984755348929825e-05, 1.4814604479591684e-05, 1.5631849727483004e-05, 6.0032720196793774e-05, 6.179286992983933e-05, 4.1592247274908236e-05], [2.1122599132154454e-05, 1.852982045837459e-05, 2.0092089703718114e-05, 4.1546829674607843e-05, 4.1592247274908236e-05, 4.285777391062208e-05]]</COVARIANCE_MATRIX>
		<ROI_SIZE>209</ROI_SIZE>
		<MAX_VALUE>[0.14393925666809082, 0.14504748582839966, 0.13925346732139587, 0.1786801815032959, 0.09522006660699844, 0.05999848619103432]</MAX_VALUE>
		<MIN_VALUE>[0.12295223027467728, 0.12222874909639359, 0.11028585582971573, 0.13917559385299683, 0.057068996131420135, 0.014341524802148342]</MIN_VALUE>
		<SIGNATURE_THRESHOLD_MD>0</SIGNATURE_THRESHOLD_MD>
		<SIGNATURE_THRESHOLD_ML>0</SIGNATURE_THRESHOLD_ML>
		<SIGNATURE_THRESHOLD_SAM>0</SIGNATURE_THRESHOLD_SAM>
	</signature>
	<signature ID="20210204_115424363800_407">
		<MACROCLASSID>1</MACROCLASSID>
		<MACROCLASSINFO>waterbody</MACROCLASSINFO>
		<CLASSID>16</CLASSID>
		<CLASSINFO>C 1</CLASSINFO>
		<VALUES>[0.12332114716991781, 0.0030451684856164945, 0.12205047719180584, 0.003701013737878807, 0.11481204372830686, 0.006591259521147351, 0.1427762641105801, 0.017270693986065244, 0.09502136020455508, 0.01768833549565211, 0.05942777881864458, 0.013811548682995044]</VALUES>
