<?xml version="1.0" ?>
<signaturelist MCID_LIST="[['1', 'waterbody', '#000000'], ['2', 'vegetation', '#000000'], ['3', 'bareland', '#000000'], ['4', 'built-up', '#000000']]">
	<signature ID="20210511_155101548512_181">
		<MACROCLASSID>1</MACROCLASSID>
		<MACROCLASSINFO>waterbody</MACROCLASSINFO>
		<CLASSID>1</CLASSID>
		<CLASSINFO>C 1</CLASSINFO>
		<VALUES>[0.12931802313074697, 0.0021743489115103698, 0.11518896878244708, 0.0035243032675737027, 0.08547407940010336, 0.006620769721351911, 0.03583075742388237, 0.0036424030507859768, 0.01354825149349221, 0.0031248986077673005, 0.008205683861235902, 0.0019408870339242127]</VALUES>
		<LCS_MIN>[0.11853864789009094, 0.09582031518220901, 0.07007753849029541, 0.031017929315567017, 0.009237381629645824, 0.0049938117153942585]</LCS_MIN>
		<LCS_MAX>[0.13577084243297577, 0.12465784698724747, 0.10812901705503464, 0.07242205739021301, 0.052681248635053635, 0.03483948856592178]</LCS_MAX>
		<WAVELENGTH>[0.48, 0.56, 0.655, 0.865, 1.61, 2.2]</WAVELENGTH>
		<MEAN_VALUE>[0.12931802313074697, 0.11518896878244708, 0.08547407940010336, 0.03583075742388237, 0.01354825149349221, 0.008205683861235902]</MEAN_VALUE>
		<CHECKBOX>2</CHECKBOX>
		<SD>[0.0021743489115103698, 0.0035243032675737027, 0.006620769721351911, 0.0036424030507859768, 0.0031248986077673005, 0.0019408870339242127]</SD>
		<WAVELENGTH_UNIT>E-6m</WAVELENGTH_UNIT>
		<COLOR>#05d3d0</COLOR>
		<COVARIANCE_MATRIX>[[3.708863630025687e-06, 5.513367936253225e-06, 9.990249330901371e-06, 2.595276671696293e-07, -9.656562904375825e-07, -4.102385508737662e-07], [5.513367936253225e-06, 9.246884660753755e-06, 1.5102755158897827e-05, -7.435878369931987e-07, -2.2656092403871097e-06, -1.1282630164123712e-06], [9.990249330901371e-06, 1.5102755158897827e-05, 3.5734007622149494e-05, 5.462076212756096e-06, -7.138846697237339e-07, -1.4125411015797485e-07], [2.595276671696293e-07, -7.435878369931987e-07, 5.462076212756096e-06, 8.931960419759575e-06, 6.261319601750494e-06, 3.829383270759434e-06], [-9.656562904375825e-07, -2.2656092403871097e-06, -7.138846697237339e-07, 6.261319601750494e-06, 6.285423061283643e-06, 3.841834407690958e-06], [-4.102385508737662e-07, -1.1282630164123712e-06, -1.4125411015797485e-07, 3.829383270759434e-06, 3.841834407690958e-06, 2.48807540449215e-06]]</COVARIANCE_MATRIX>
		<ROI_SIZE>10175</ROI_SIZE>
		<MAX_VALUE>[0.13577084243297577, 0.12465784698724747, 0.10812901705503464, 0.07242205739021301, 0.052681248635053635, 0.03483948856592178]</MAX_VALUE>
		<MIN_VALUE>[0.11853864789009094, 0.09582031518220901, 0.07007753849029541, 0.031017929315567017, 0.009237381629645824, 0.0049938117153942585]</MIN_VALUE>
		<SIGNATURE_THRESHOLD_MD>0</SIGNATURE_THRESHOLD_MD>
		<SIGNATURE_THRESHOLD_ML>0</SIGNATURE_THRESHOLD_ML>
		<SIGNATURE_THRESHOLD_SAM>0</SIGNATURE_THRESHOLD_SAM>
	</signature>
	<signature ID="20210511_155107872227_930">
		<MACROCLASSID>1</MACROCLASSID>
		<MACROCLASSINFO>waterbody</MACROCLASSINFO>
		<CLASSID>2</CLASSID>
		<CLASSINFO>C 1</CLASSINFO>
		<VALUES>[0.14572690077509648, 0.0024309139175921765, 0.1247489182446808, 0.003986618745386181, 0.08077525572030128, 0.006195396940230257, 0.043437972667373335, 0.002718458576592657, 0.02416285267528405, 0.002248571611854777, 0.016779593918713864, 0.0016893878986141888]</VALUES>
		<LCS_MIN>[0.1373182088136673, 0.11591280996799469, 0.07200004905462265, 0.03828592598438263, 0.014184309169650078, 0.008182349614799023]</LCS_MIN>
		<LCS_MAX>[0.15548822283744812, 0.14174935221672058, 0.12498606741428375, 0.08224556595087051, 0.05802673473954201, 0.04006774723529816]</LCS_MAX>
		<WAVELENGTH>[0.48, 0.56, 0.655, 0.865, 1.61, 2.2]</WAVELENGTH>
		<MEAN_VALUE>[0.14572690077509648, 0.1247489182446808, 0.08077525572030128, 0.043437972667373335, 0.02416285267528405, 0.016779593918713864]</MEAN_VALUE>
		<CHECKBOX>2</CHECKBOX>
		<SD>[0.0024309139175921765, 0.003986618745386181, 0.006195396940230257, 0.002718458576592657, 0.002248571611854777, 0.0016893878986141888]</SD>
		<WAVELENGTH_UNIT>E-6m</WAVELENGTH_UNIT>
		<COLOR>#725267</COLOR>
		<COVARIANCE_MATRIX>[[5.7819007492641825e-06, 7.43085245977765e-06, 8.573760847942748e-06, 2.3684551025531674e-06, 1.3481516360715611e-06, 1.046014329895309e-06], [7.43085245977765e-06, 1.534201862166353e-05, 1.961943132345407e-05, 3.5444240859560367e-06, 1.674079948328823e-06, 1.1924297989743012e-06], [8.573760847942748e-06, 1.961943132345407e-05, 3.339640420803505e-05, 7.840282264681161e-06, 2.1856620533324727e-06, 1.2308787758666739e-06], [2.3684551025531674e-06, 3.5444240859560367e-06, 7.840282264681161e-06, 5.988427737942677e-06, 4.106700896860075e-06, 2.887481860800123e-06], [1.3481516360715611e-06, 1.674079948328823e-06, 2.1856620533324727e-06, 4.106700896860075e-06, 4.676426709229577e-06, 3.5098006353753945e-06], [1.046014329895309e-06, 1.1924297989743012e-06, 1.2308787758666739e-06, 2.887481860800123e-06, 3.5098006353753945e-06, 2.7290178058163205e-06]]</COVARIANCE_MATRIX>
		<ROI_SIZE>9995</ROI_SIZE>
		<MAX_VALUE>[0.15548822283744812, 0.14174935221672058, 0.12498606741428375, 0.08224556595087051, 0.05802673473954201, 0.04006774723529816]</MAX_VALUE>
		<MIN_VALUE>[0.1373182088136673, 0.11591280996799469, 0.07200004905462265, 0.03828592598438263, 0.014184309169650078, 0.008182349614799023]</MIN_VALUE>
		<SIGNATURE_THRESHOLD_MD>0</SIGNATURE_THRESHOLD_MD>
		<SIGNATURE_THRESHOLD_ML>0</SIGNATURE_THRESHOLD_ML>
		<SIGNATURE_THRESHOLD_SAM>0</SIGNATURE_THRESHOLD_SAM>
	</signature>
	<signature ID="20210511_155113576420_168">
		<MACROCLASSID>1</MACROCLASSID>
		<MACROCLASSINFO>waterbody</MACROCLASSINFO>
		<CLASSID>3</CLASSID>
		<CLASSINFO>C 1</CLASSINFO>
		<VALUES>[0.12700871465721497, 0.00110964134904137, 0.09143804386135182, 0.0013728028289627637, 0.06104839457807557, 0.0015760024787976252, 0.04487958854746711, 0.0020504080795315906, 0.03106303857055439, 0.0023319140291833385, 0.02248696655852614, 0.0018198640464870037]</VALUES>
		<LCS_MIN>[0.12320424616336823, 0.08688770979642868, 0.05371282249689102, 0.034886375069618225, 0.019295349717140198, 0.013926411978900433]</LCS_MIN>
		<LCS_MAX>[0.13040189445018768, 0.09563274681568146, 0.06569329649209976, 0.051532432436943054, 0.03720745071768761, 0.027243252843618393]</LCS_MAX>
		<WAVELENGTH>[0.48, 0.56, 0.655, 0.865, 1.61, 2.2]</WAVELENGTH>
		<MEAN_VALUE>[0.12700871465721497, 0.09143804386135182, 0.06104839457807557, 0.04487958854746711, 0.03106303857055439, 0.02248696655852614]</MEAN_VALUE>
		<CHECKBOX>2</CHECKBOX>
		<SD>[0.00110964134904137, 0.0013728028289627637, 0.0015760024787976252, 0.0020504080795315906, 0.0023319140291833385, 0.0018198640464870037]</SD>
		<WAVELENGTH_UNIT>E-6m</WAVELENGTH_UNIT>
		<COLOR>#a7c995</COLOR>
		<COVARIANCE_MATRIX>[[1.0007471411000835e-06, 1.18543622044447e-06, 8.150728305018941e-07, 6.792027396912317e-07, 6.961326223417855e-07, 5.282365825433527e-07], [1.18543622044447e-06, 1.5471721826327866e-06, 1.0889610213820576e-06, 9.393858663421206e-07, 9.93089164622148e-07, 7.600956339324159e-07], [8.150728305018941e-07, 1.0889610213820576e-06, 2.0368104791383642e-06, 2.547883358939448e-06, 2.844281480890227e-06, 2.208705459156631e-06], [6.792027396912317e-07, 9.393858663421206e-07, 2.547883358939448e-06, 3.60650293476797e-06, 3.988287885988011e-06, 3.10532703737604e-06], [6.961326223417855e-07, 9.93089164622148e-07, 2.844281480890227e-06, 3.988287885988011e-06, 4.6281902290259514e-06, 3.5631715046170673e-06], [5.282365825433527e-07, 7.600956339324159e-07, 2.208705459156631e-06, 3.10532703737604e-06, 3.5631715046170673e-06, 2.814745350208882e-06]]</COVARIANCE_MATRIX>
		<ROI_SIZE>10198</ROI_SIZE>
		<MAX_VALUE>[0.13040189445018768, 0.09563274681568146, 0.06569329649209976, 0.051532432436943054, 0.03720745071768761, 0.027243252843618393]</MAX_VALUE>
		<MIN_VALUE>[0.12320424616336823, 0.08688770979642868, 0.05371282249689102, 0.034886375069618225, 0.019295349717140198, 0.013926411978900433]</MIN_VALUE>
		<SIGNATURE_THRESHOLD_MD>0</SIGNATURE_THRESHOLD_MD>
		<SIGNATURE_THRESHOLD_ML>0</SIGNATURE_THRESHOLD_ML>
		<SIGNATURE_THRESHOLD_SAM>0</SIGNATURE_THRESHOLD_SAM>
	</signature>
	<signature ID="20210511_155119435397_641">
		<MACROCLASSID>1</MACROCLASSID>
		<MACROCLASSINFO>waterbody</MACROCLASSINFO>
		<CLASSID>4</CLASSID>
		<CLASSINFO>C 1</CLASSINFO>
		<VALUES>[0.12599812830389528, 0.0028208756288132268, 0.09616625276778419, 0.0035680311178353484, 0.062439214146815795, 0.002870982786634017, 0.04265859421072124, 0.003168648201246568, 0.026154135560106612, 0.00349819311656981, 0.018916924517269812, 0.002760294677024935]</VALUES>
		<LCS_MIN>[0.11783529818058014, 0.08684082329273224, 0.05537743493914604, 0.034229908138513565, 0.01603647693991661, 0.010855101980268955]</LCS_MIN>
		<LCS_MAX>[0.13492681086063385, 0.10705054551362991, 0.07120291143655777, 0.053103256970644, 0.03713710606098175, 0.027759047225117683]</LCS_MAX>
		<WAVELENGTH>[0.48, 0.56, 0.655, 0.865, 1.61, 2.2]</WAVELENGTH>
		<MEAN_VALUE>[0.12599812830389528, 0.09616625276778419, 0.062439214146815795, 0.04265859421072124, 0.026154135560106612, 0.018916924517269812]</MEAN_VALUE>
		<CHECKBOX>2</CHECKBOX>
		<SD>[0.0028208756288132268, 0.0035680311178353484, 0.002870982786634017, 0.003168648201246568, 0.00349819311656981, 0.002760294677024935]</SD>
		<WAVELENGTH_UNIT>E-6m</WAVELENGTH_UNIT>
		<COLOR>#e767dc</COLOR>
		<COVARIANCE_MATRIX>[[7.0639527350608735e-06, 8.69901852050646e-06, 6.555615570386046e-06, 6.206722297982391e-06, 6.212223025194807e-06, 4.770542041260885e-06], [8.69901852050646e-06, 1.1183945298027792e-05, 8.354033818012784e-06, 7.9253225308731e-06, 8.18513565073555e-06, 6.31239272754688e-06], [6.555615570386046e-06, 8.354033818012784e-06, 7.2777466264518634e-06, 7.564486137374892e-06, 8.071895312569646e-06, 6.301555896336349e-06], [6.206722297982391e-06, 7.9253225308731e-06, 7.564486137374892e-06, 8.926040622438446e-06, 9.471281290064928e-06, 7.466109833663846e-06], [6.212223025194807e-06, 8.18513565073555e-06, 8.071895312569646e-06, 9.471281290064928e-06, 1.082489360726373e-05, 8.521528591220628e-06], [4.770542041260885e-06, 6.31239272754688e-06, 6.301555896336349e-06, 7.466109833663846e-06, 8.521528591220628e-06, 6.776064232171606e-06]]</COVARIANCE_MATRIX>
		<ROI_SIZE>10200</ROI_SIZE>
		<MAX_VALUE>[0.13492681086063385, 0.10705054551362991, 0.07120291143655777, 0.053103256970644, 0.03713710606098175, 0.027759047225117683]</MAX_VALUE>
		<MIN_VALUE>[0.11783529818058014, 0.08684082329273224, 0.05537743493914604, 0.034229908138513565, 0.01603647693991661, 0.010855101980268955]</MIN_VALUE>
		<SIGNATURE_THRESHOLD_MD>0</SIGNATURE_THRESHOLD_MD>
		<SIGNATURE_THRESHOLD_ML>0</SIGNATURE_THRESHOLD_ML>
		<SIGNATURE_THRESHOLD_SAM>0</SIGNATURE_THRESHOLD_SAM>
	</signature>
	<signature ID="20210511_155128923778_837">
		<MACROCLASSID>1</MACROCLASSID>
		<MACROCLASSINFO>waterbody</MACROCLASSINFO>
		<CLASSID>5</CLASSID>
		<CLASSINFO>C 1</CLASSINFO>
		<VALUES>[0.12162152228108049, 0.0017731955603043656, 0.10684258168764725, 0.0027888855232851414, 0.08260445087227067, 0.009140196233079368, 0.04937619843394821, 0.008136818598977979, 0.018848495645485616, 0.003692051822990388, 0.011373510176550245, 0.002400968641571504]</VALUES>
		<LCS_MIN>[0.11830420792102814, 0.10125958919525146, 0.06986652314662933, 0.03835625201463699, 0.012519706040620804, 0.007455550134181976]</LCS_MIN>
		<LCS_MAX>[0.13185550272464752, 0.1183745339512825, 0.11120032519102097, 0.08630158752202988, 0.03971606492996216, 0.026844685897231102]</LCS_MAX>
		<WAVELENGTH>[0.48, 0.56, 0.655, 0.865, 1.61, 2.2]</WAVELENGTH>
		<MEAN_VALUE>[0.12162152228108049, 0.10684258168764725, 0.08260445087227067, 0.04937619843394821, 0.018848495645485616, 0.011373510176550245]</MEAN_VALUE>
		<CHECKBOX>2</CHECKBOX>
		<SD>[0.0017731955603043656, 0.0027888855232851414, 0.009140196233079368, 0.008136818598977979, 0.003692051822990388, 0.002400968641571504]</SD>
		<WAVELENGTH_UNIT>E-6m</WAVELENGTH_UNIT>
		<COLOR>#b2a5ee</COLOR>
		<COVARIANCE_MATRIX>[[2.731327681235401e-06, 4.03396488669104e-06, 7.740245383667291e-06, 3.0770623363707026e-06, 3.0249211945381535e-06, 2.3761687059542437e-06], [4.03396488669104e-06, 8.11659747598795e-06, 1.9691827033551606e-05, 9.47890775049367e-06, 5.364490439500223e-06, 3.7113351861071894e-06], [7.740245383667291e-06, 1.9691827033551606e-05, 9.254360121078096e-05, 4.5284526278248894e-05, 9.31739804749873e-06, 4.495709250118223e-06], [3.0770623363707026e-06, 9.47890775049367e-06, 4.5284526278248894e-05, 7.24508700537995e-05, 2.216617036275933e-05, 1.0478331702547518e-05], [3.0249211945381535e-06, 5.364490439500223e-06, 9.31739804749873e-06, 2.216617036275933e-05, 1.36394893216776e-05, 8.103061448675507e-06], [2.3761687059542437e-06, 3.7113351861071894e-06, 4.495709250118223e-06, 1.0478331702547518e-05, 8.103061448675507e-06, 5.308730665402377e-06]]</COVARIANCE_MATRIX>
		<ROI_SIZE>3721</ROI_SIZE>
		<MAX_VALUE>[0.13185550272464752, 0.1183745339512825, 0.11120032519102097, 0.08630158752202988, 0.03971606492996216, 0.026844685897231102]</MAX_VALUE>
		<MIN_VALUE>[0.11830420792102814, 0.10125958919525146, 0.06986652314662933, 0.03835625201463699, 0.012519706040620804, 0.007455550134181976]</MIN_VALUE>
		<SIGNATURE_THRESHOLD_MD>0</SIGNATURE_THRESHOLD_MD>
		<SIGNATURE_THRESHOLD_ML>0</SIGNATURE_THRESHOLD_ML>
		<SIGNATURE_THRESHOLD_SAM>0</SIGNATURE_THRESHOLD_SAM>
	</signature>
	<signature ID="20210511_155132527388_448">
		<MACROCLASSID>1</MACROCLASSID>
		<MACROCLASSINFO>waterbody</MACROCLASSINFO>
		<CLASSID>6</CLASSID>
		<CLASSINFO>C 1</CLASSINFO>
		<VALUES>[0.12459651745027965, 0.002478314070287134, 0.1241038568483458, 0.006101424095362701, 0.08191587845484412, 0.0040679095955093066, 0.06539835601217221, 0.008906947257700424, 0.026955609582364582, 0.004400449021714445, 0.01640982650220394, 0.0023511409061283445]</VALUES>
		<LCS_MIN>[0.1160300150513649, 0.09577341377735138, 0.07174214720726013, 0.05701858550310135, 0.022507337853312492, 0.013926411978900433]</LCS_MIN>
		<LCS_MAX>[0.1370837688446045, 0.1347392499446869, 0.1053859293460846, 0.09821172058582306, 0.05666692182421684, 0.035800736397504807]</LCS_MAX>
		<WAVELENGTH>[0.48, 0.56, 0.655, 0.865, 1.61, 2.2]</WAVELENGTH>
		<MEAN_VALUE>[0.12459651745027965, 0.1241038568483458, 0.08191587845484412, 0.06539835601217221, 0.026955609582364582, 0.01640982650220394]</MEAN_VALUE>
		<CHECKBOX>2</CHECKBOX>
		<SD>[0.002478314070287134, 0.006101424095362701, 0.0040679095955093066, 0.008906947257700424, 0.004400449021714445, 0.0023511409061283445]</SD>
		<WAVELENGTH_UNIT>E-6m</WAVELENGTH_UNIT>
		<COLOR>#a5c45e</COLOR>
		<COVARIANCE_MATRIX>[[6.155720008780458e-06, 1.2057100808825204e-05, 9.17166148575039e-06, 5.621275792306329e-07, 1.0291972323137378e-06, 1.1137839029993863e-06], [1.2057100808825204e-05, 3.7310287742010266e-05, 1.4879907093138783e-05, -2.2932795052971907e-05, -7.988730800030995e-06, -2.2750564498000086e-06], [9.17166148575039e-06, 1.4879907093138783e-05, 1.6584743462709256e-05, 1.0403455751399844e-05, 5.408710485682453e-06, 3.436937731539159e-06], [5.621275792306329e-07, -2.2932795052971907e-05, 1.0403455751399844e-05, 7.951039922751844e-05, 3.546380039003465e-05, 1.65118100628837e-05], [1.0291972323137378e-06, -7.988730800030995e-06, 5.408710485682453e-06, 3.546380039003465e-05, 1.9407078433671344e-05, 9.91095593920739e-06], [1.1137839029993863e-06, -2.2750564498000086e-06, 3.436937731539159e-06, 1.65118100628837e-05, 9.91095593920739e-06, 5.540175060604694e-06]]</COVARIANCE_MATRIX>
		<ROI_SIZE>450</ROI_SIZE>
		<MAX_VALUE>[0.1370837688446045, 0.1347392499446869, 0.1053859293460846, 0.09821172058582306, 0.05666692182421684, 0.035800736397504807]</MAX_VALUE>
		<MIN_VALUE>[0.1160300150513649, 0.09577341377735138, 0.07174214720726013, 0.05701858550310135, 0.022507337853312492, 0.013926411978900433]</MIN_VALUE>
		<SIGNATURE_THRESHOLD_MD>0</SIGNATURE_THRESHOLD_MD>
		<SIGNATURE_THRESHOLD_ML>0</SIGNATURE_THRESHOLD_ML>
		<SIGNATURE_THRESHOLD_SAM>0</SIGNATURE_THRESHOLD_SAM>
	</signature>
	<signature ID="20210511_155141600623_595">
		<MACROCLASSID>1</MACROCLASSID>
		<MACROCLASSINFO>waterbody</MACROCLASSINFO>
		<CLASSID>7</CLASSID>
		<CLASSINFO>C 1</CLASSINFO>
		<VALUES>[0.1506670804243627, 0.005302872149934655, 0.1474269803993832, 0.010235597870893204, 0.1338228749723037, 0.010177151088562635, 0.0679503065802111, 0.007100344160450059, 0.021115671286381706, 0.005087072455768625, 0.011956124943908127, 0.003342466570335227]</VALUES>
		<LCS_MIN>[0.13546603918075562, 0.11551424115896225, 0.0977897122502327, 0.05575256049633026, 0.01615370437502861, 0.007924452424049377]</LCS_MIN>
		<LCS_MAX>[0.17480702698230743, 0.18629512190818787, 0.1731189489364624, 0.10367443412542343, 0.05650279298424721, 0.037582557648420334]</LCS_MAX>
		<WAVELENGTH>[0.48, 0.56, 0.655, 0.865, 1.61, 2.2]</WAVELENGTH>
		<MEAN_VALUE>[0.1506670804243627, 0.1474269803993832, 0.1338228749723037, 0.0679503065802111, 0.021115671286381706, 0.011956124943908127]</MEAN_VALUE>
		<CHECKBOX>2</CHECKBOX>
		<SD>[0.005302872149934655, 0.010235597870893204, 0.010177151088562635, 0.007100344160450059, 0.005087072455768625, 0.003342466570335227]</SD>
		<WAVELENGTH_UNIT>E-6m</WAVELENGTH_UNIT>
		<COLOR>#8531b7</COLOR>
		<COVARIANCE_MATRIX>[[2.8133393882104856e-05, 5.237475231435274e-05, 4.545701254631526e-05, 1.5856729481280983e-05, 1.0237893044900927e-05, 6.922508762218525e-06], [5.237475231435274e-05, 0.00010481567705754908, 9.522970660035302e-05, 2.082668894104224e-05, 1.237200969460362e-05, 8.721719551851201e-06], [4.545701254631526e-05, 9.522970660035302e-05, 0.00010362206852438326, 1.9280865063522963e-05, 7.227350912488885e-06, 5.947362911455314e-06], [1.5856729481280983e-05, 2.082668894104224e-05, 1.9280865063522963e-05, 5.0438087789196615e-05, 3.0312121303919573e-05, 1.8624426111935026e-05], [1.0237893044900927e-05, 1.237200969460362e-05, 7.227350912488885e-06, 3.0312121303919573e-05, 2.589021519286764e-05, 1.6697164879049717e-05], [6.922508762218525e-06, 8.721719551851201e-06, 5.947362911455314e-06, 1.8624426111935026e-05, 1.6697164879049717e-05, 1.1177224091237818e-05]]</COVARIANCE_MATRIX>
		<ROI_SIZE>2174</ROI_SIZE>
		<MAX_VALUE>[0.17480702698230743, 0.18629512190818787, 0.1731189489364624, 0.10367443412542343, 0.05650279298424721, 0.037582557648420334]</MAX_VALUE>
		<MIN_VALUE>[0.13546603918075562, 0.11551424115896225, 0.0977897122502327, 0.05575256049633026, 0.01615370437502861, 0.007924452424049377]</MIN_VALUE>
		<SIGNATURE_THRESHOLD_MD>0</SIGNATURE_THRESHOLD_MD>
		<SIGNATURE_THRESHOLD_ML>0</SIGNATURE_THRESHOLD_ML>
		<SIGNATURE_THRESHOLD_SAM>0</SIGNATURE_THRESHOLD_SAM>
	</signature>
	<signature ID="20210511_155208375518_591">
		<MACROCLASSID>1</MACROCLASSID>
		<MACROCLASSINFO>waterbody</MACROCLASSINFO>
		<CLASSID>8</CLASSID>
		<CLASSINFO>C 1</CLASSINFO>
		<VALUES>[0.13441210377799426, 0.0026925784661129414, 0.12173904624322189, 0.003829446012465168, 0.09406205035908065, 0.005263798125517689, 0.0697923737031448, 0.011186009784228911, 0.023539431957507746, 0.008990722238774911, 0.012117249726662015, 0.005006414527975608]</VALUES>
		<LCS_MIN>[0.12862007319927216, 0.11422475427389145, 0.08346471190452576, 0.05129797384142876, 0.008534024469554424, 0.005322044249624014]</LCS_MIN>
		<LCS_MAX>[0.14292161166667938, 0.13420002162456512, 0.11141134053468704, 0.10365099459886551, 0.05725304037332535, 0.03521459922194481]</LCS_MAX>
		<WAVELENGTH>[0.48, 0.56, 0.655, 0.865, 1.61, 2.2]</WAVELENGTH>
		<MEAN_VALUE>[0.13441210377799426, 0.12173904624322189, 0.09406205035908065, 0.0697923737031448, 0.023539431957507746, 0.012117249726662015]</MEAN_VALUE>
		<CHECKBOX>2</CHECKBOX>
		<SD>[0.0026925784661129414, 0.003829446012465168, 0.005263798125517689, 0.011186009784228911, 0.008990722238774911, 0.005006414527975608]</SD>
		<WAVELENGTH_UNIT>E-6m</WAVELENGTH_UNIT>
		<COLOR>#dc1fe0</COLOR>
		<COVARIANCE_MATRIX>[[7.269733506791578e-06, 9.770341931188963e-06, 1.3124367268840984e-05, 1.3018581541365757e-05, 6.602865574869992e-06, 3.845219348531177e-06], [9.770341931188963e-06, 1.470461495519843e-05, 1.9521069411581526e-05, 1.6654562494116406e-05, 9.325084217482192e-06, 5.304505833286843e-06], [1.3124367268840984e-05, 1.9521069411581526e-05, 2.7783068174068033e-05, 2.9863006268982263e-05, 1.92198028653664e-05, 1.0962816722178212e-05], [1.3018581541365757e-05, 1.6654562494116406e-05, 2.9863006268982263e-05, 0.00012546775989257325, 8.623643765686398e-05, 4.503235453381511e-05], [6.602865574869992e-06, 9.325084217482192e-06, 1.92198028653664e-05, 8.623643765686398e-05, 8.105334001614997e-05, 4.419474320337453e-05], [3.845219348531177e-06, 5.304505833286843e-06, 1.0962816722178212e-05, 4.503235453381511e-05, 4.419474320337453e-05, 2.5132481211826926e-05]]</COVARIANCE_MATRIX>
		<ROI_SIZE>368</ROI_SIZE>
		<MAX_VALUE>[0.14292161166667938, 0.13420002162456512, 0.11141134053468704, 0.10365099459886551, 0.05725304037332535, 0.03521459922194481]</MAX_VALUE>
		<MIN_VALUE>[0.12862007319927216, 0.11422475427389145, 0.08346471190452576, 0.05129797384142876, 0.008534024469554424, 0.005322044249624014]</MIN_VALUE>
		<SIGNATURE_THRESHOLD_MD>0</SIGNATURE_THRESHOLD_MD>
		<SIGNATURE_THRESHOLD_ML>0</SIGNATURE_THRESHOLD_ML>
		<SIGNATURE_THRESHOLD_SAM>0</SIGNATURE_THRESHOLD_SAM>
	</signature>
	<signature ID="20210511_155220444529_156">
		<MACROCLASSID>1</MACROCLASSID>
		<MACROCLASSINFO>waterbody</MACROCLASSINFO>
		<CLASSID>9</CLASSID>
		<CLASSINFO>C 1</CLASSINFO>
		<VALUES>[0.14395932047753723, 0.005279884825255283, 0.13220443120142364, 0.005110194335259199, 0.1045011386006802, 0.0060456779842007185, 0.0963023072360335, 0.01723868315482026, 0.03591563644072227, 0.012287152043979972, 0.0190490709307293, 0.006447854686612769]</VALUES>
		<LCS_MIN>[0.1328870952129364, 0.11891377717256546, 0.08946668356657028, 0.057065486907958984, 0.012824486941099167, 0.007103875745087862]</LCS_MIN>
		<LCS_MAX>[0.16090403497219086, 0.14751684665679932, 0.12210231274366379, 0.14181968569755554, 0.0782599002122879, 0.045202240347862244]</LCS_MAX>
		<WAVELENGTH>[0.48, 0.56, 0.655, 0.865, 1.61, 2.2]</WAVELENGTH>
		<MEAN_VALUE>[0.14395932047753723, 0.13220443120142364, 0.1045011386006802, 0.0963023072360335, 0.03591563644072227, 0.0190490709307293]</MEAN_VALUE>
		<CHECKBOX>2</CHECKBOX>
		<SD>[0.005279884825255283, 0.005110194335259199, 0.0060456779842007185, 0.01723868315482026, 0.012287152043979972, 0.006447854686612769]</SD>
		<WAVELENGTH_UNIT>E-6m</WAVELENGTH_UNIT>
		<COLOR>#dabfdb</COLOR>
		<COVARIANCE_MATRIX>[[2.813061271130602e-05, 2.6384951270278457e-05, 3.043061657807573e-05, 3.48835221352506e-05, 1.73792085845049e-05, 1.4461415066595193e-05], [2.6384951270278457e-05, 2.635148692724335e-05, 3.042205983444912e-05, 2.8884652086871215e-05, 1.345662503706724e-05, 1.2469395905971686e-05], [3.043061657807573e-05, 3.042205983444912e-05, 3.6882497036727914e-05, 3.496525327905819e-05, 1.7645625236672618e-05, 1.5834477367645956e-05], [3.48835221352506e-05, 2.8884652086871215e-05, 3.496525327905819e-05, 0.000299873762338759, 0.0001867925695232011, 9.544801324619121e-05], [1.73792085845049e-05, 1.345662503706724e-05, 1.7645625236672618e-05, 0.0001867925695232011, 0.00015234659721871646, 7.706004478997877e-05], [1.4461415066595193e-05, 1.2469395905971686e-05, 1.5834477367645956e-05, 9.544801324619121e-05, 7.706004478997877e-05, 4.1952783060216734e-05]]</COVARIANCE_MATRIX>
		<ROI_SIZE>111</ROI_SIZE>
		<MAX_VALUE>[0.16090403497219086, 0.14751684665679932, 0.12210231274366379, 0.14181968569755554, 0.0782599002122879, 0.045202240347862244]</MAX_VALUE>
		<MIN_VALUE>[0.1328870952129364, 0.11891377717256546, 0.08946668356657028, 0.057065486907958984, 0.012824486941099167, 0.007103875745087862]</MIN_VALUE>
		<SIGNATURE_THRESHOLD_MD>0</SIGNATURE_THRESHOLD_MD>
		<SIGNATURE_THRESHOLD_ML>0</SIGNATURE_THRESHOLD_ML>
		<SIGNATURE_THRESHOLD_SAM>0</SIGNATURE_THRESHOLD_SAM>
	</signature>
	<signature ID="20210511_155233899214_735">
		<MACROCLASSID>1</MACROCLASSID>
		<MACROCLASSINFO>waterbody</MACROCLASSINFO>
		<CLASSID>10</CLASSID>
		<CLASSINFO>C 1</CLASSINFO>
		<VALUES>[0.1478702781860494, 0.005681123405430613, 0.13567977072286214, 0.008417880042876233, 0.10929526123872468, 0.011663945031626852, 0.08712525973635271, 0.009482348676715512, 0.031153944436429944, 0.0081543359128912, 0.016349981877614155, 0.00465533879697318]</VALUES>
		<LCS_MIN>[0.13806846737861633, 0.12128173559904099, 0.08995901793241501, 0.07110913097858429, 0.020959952846169472, 0.009917289018630981]</LCS_MIN>
		<LCS_MAX>[0.16479593515396118, 0.15391738712787628, 0.13352011144161224, 0.11087208241224289, 0.06051192432641983, 0.03174471855163574]</LCS_MAX>
		<WAVELENGTH>[0.48, 0.56, 0.655, 0.865, 1.61, 2.2]</WAVELENGTH>
		<MEAN_VALUE>[0.1478702781860494, 0.13567977072286214, 0.10929526123872468, 0.08712525973635271, 0.031153944436429944, 0.016349981877614155]</MEAN_VALUE>
		<CHECKBOX>2</CHECKBOX>
		<SD>[0.005681123405430613, 0.008417880042876233, 0.011663945031626852, 0.009482348676715512, 0.0081543359128912, 0.00465533879697318]</SD>
		<WAVELENGTH_UNIT>E-6m</WAVELENGTH_UNIT>
		<COLOR>#8e5aef</COLOR>
		<COVARIANCE_MATRIX>[[3.2544122840628917e-05, 4.519783125081831e-05, 6.263396762985274e-05, 1.77701361219488e-05, 1.1427721414059838e-05, 1.0145237364391153e-05], [4.519783125081831e-05, 7.145121028638926e-05, 9.80500067595166e-05, 1.3240222016073086e-05, 8.839683525876444e-06, 9.899599911460245e-06], [6.263396762985274e-05, 9.80500067595166e-05, 0.0001371813438149866, 1.6924659236505658e-05, 1.1431416489249541e-05, 1.3265279180723584e-05], [1.77701361219488e-05, 1.3240222016073086e-05, 1.6924659236505658e-05, 9.066422756369865e-05, 6.529498761373175e-05, 3.599007111932711e-05], [1.1427721414059838e-05, 8.839683525876444e-06, 1.1431416489249541e-05, 6.529498761373175e-05, 6.704730413176941e-05, 3.6992998816127294e-05], [1.0145237364391153e-05, 9.899599911460245e-06, 1.3265279180723584e-05, 3.599007111932711e-05, 3.6992998816127294e-05, 2.1852780808892084e-05]]</COVARIANCE_MATRIX>
		<ROI_SIZE>121</ROI_SIZE>
		<MAX_VALUE>[0.16479593515396118, 0.15391738712787628, 0.13352011144161224, 0.11087208241224289, 0.06051192432641983, 0.03174471855163574]</MAX_VALUE>
		<MIN_VALUE>[0.13806846737861633, 0.12128173559904099, 0.08995901793241501, 0.07110913097858429, 0.020959952846169472, 0.009917289018630981]</MIN_VALUE>
		<SIGNATURE_THRESHOLD_MD>0</SIGNATURE_THRESHOLD_MD>
		<SIGNATURE_THRESHOLD_ML>0</SIGNATURE_THRESHOLD_ML>
		<SIGNATURE_THRESHOLD_SAM>0</SIGNATURE_THRESHOLD_SAM>
	</signature>
	<signature ID="20210511_155246900037_309">
		<MACROCLASSID>1</MACROCLASSID>
		<MACROCLASSINFO>waterbody</MACROCLASSINFO>
		<CLASSID>11</CLASSID>
		<CLASSINFO>C 1</CLASSINFO>
		<VALUES>[0.13995405541615433, 0.0019650713783313394, 0.14371985264189607, 0.0030837703949446803, 0.1517266334445626, 0.004722422027333781, 0.08641959733522697, 0.010077542179184319, 0.022270085808174984, 0.009578934701955245, 0.012344128807780097, 0.006358239327289309]</VALUES>
		<LCS_MIN>[0.13232441246509552, 0.12857317924499512, 0.12754158675670624, 0.07045266032218933, 0.010057967156171799, 0.005064146593213081]</LCS_MIN>
		<LCS_MAX>[0.1472824215888977, 0.1494862586259842, 0.15865331888198853, 0.11992192268371582, 0.05690135806798935, 0.039012715220451355]</LCS_MAX>
		<WAVELENGTH>[0.48, 0.56, 0.655, 0.865, 1.61, 2.2]</WAVELENGTH>
		<MEAN_VALUE>[0.13995405541615433, 0.14371985264189607, 0.1517266334445626, 0.08641959733522697, 0.022270085808174984, 0.012344128807780097]</MEAN_VALUE>
		<CHECKBOX>2</CHECKBOX>
		<SD>[0.0019650713783313394, 0.0030837703949446803, 0.004722422027333781, 0.010077542179184319, 0.009578934701955245, 0.006358239327289309]</SD>
		<WAVELENGTH_UNIT>E-6m</WAVELENGTH_UNIT>
		<COLOR>#f08f1d</COLOR>
		<COVARIANCE_MATRIX>[[3.870222238690826e-06, 4.987759378650734e-06, 7.499437129557414e-06, -3.977412565485212e-06, -4.467718813266022e-06, -1.628259983930155e-06], [4.987759378650734e-06, 9.531106304377734e-06, 1.2744267115928055e-05, -1.6959281811644653e-05, -1.620973823961473e-05, -9.403255184792527e-06], [7.499437129557414e-06, 1.2744267115928055e-05, 2.2351611271074082e-05, -2.6508998443749134e-05, -2.5742361704355773e-05, -1.3694555225257538e-05], [-3.977412565485212e-06, -1.6959281811644653e-05, -2.6508998443749134e-05, 0.00010178610435602281, 8.582637934625273e-05, 5.221683401000721e-05], [-4.467718813266022e-06, -1.620973823961473e-05, -2.5742361704355773e-05, 8.582637934625273e-05, 9.196311415530283e-05, 5.9244261062106764e-05], [-1.628259983930155e-06, -9.403255184792527e-06, -1.3694555225257538e-05, 5.221683401000721e-05, 5.9244261062106764e-05, 4.05184651474746e-05]]</COVARIANCE_MATRIX>
		<ROI_SIZE>444</ROI_SIZE>
		<MAX_VALUE>[0.1472824215888977, 0.1494862586259842, 0.15865331888198853, 0.11992192268371582, 0.05690135806798935, 0.039012715220451355]</MAX_VALUE>
		<MIN_VALUE>[0.13232441246509552, 0.12857317924499512, 0.12754158675670624, 0.07045266032218933, 0.010057967156171799, 0.005064146593213081]</MIN_VALUE>
		<SIGNATURE_THRESHOLD_MD>0</SIGNATURE_THRESHOLD_MD>
		<SIGNATURE_THRESHOLD_ML>0</SIGNATURE_THRESHOLD_ML>
		<SIGNATURE_THRESHOLD_SAM>0</SIGNATURE_THRESHOLD_SAM>
	</signature>
	<signature ID="20210511_155253133621_243">
		<MACROCLASSID>1</MACROCLASSID>
		<MACROCLASSINFO>waterbody</MACROCLASSINFO>
		<CLASSID>12</CLASSID>
		<CLASSINFO>C 1</CLASSINFO>
		<VALUES>[0.13470796688658296, 0.0024255922571403245, 0.13705317304759732, 0.0030131335912026705, 0.12856772068094038, 0.004324311928329753, 0.07885701545193542, 0.01337640341422582, 0.025365645017047397, 0.009344017881029024, 0.013463274639893757, 0.004946737850600094]</VALUES>
		<LCS_MIN>[0.12779948115348816, 0.12711957097053528, 0.11373239755630493, 0.05727648362517357, 0.013926411978900433, 0.007783782668411732]</LCS_MIN>
		<LCS_MAX>[0.14350773394107819, 0.14554747939109802, 0.14121012389659882, 0.11750707775354385, 0.06496649235486984, 0.036316532641649246]</LCS_MAX>
		<WAVELENGTH>[0.48, 0.56, 0.655, 0.865, 1.61, 2.2]</WAVELENGTH>
		<MEAN_VALUE>[0.13470796688658296, 0.13705317304759732, 0.12856772068094038, 0.07885701545193542, 0.025365645017047397, 0.013463274639893757]</MEAN_VALUE>
		<CHECKBOX>2</CHECKBOX>
		<SD>[0.0024255922571403245, 0.0030131335912026705, 0.004324311928329753, 0.01337640341422582, 0.009344017881029024, 0.004946737850600094]</SD>
		<WAVELENGTH_UNIT>E-6m</WAVELENGTH_UNIT>
		<COLOR>#210e1a</COLOR>
		<COVARIANCE_MATRIX>[[7.163685769819118e-06, 9.039725711907178e-06, 9.106309218745653e-06, 2.0675827471925747e-06, -7.985244402145806e-07, 1.6542121137577469e-07], [9.039725711907178e-06, 1.405812585002706e-05, 1.514061135474029e-05, -7.840311011366185e-06, -8.22635583227692e-06, -4.082410584684172e-06], [9.106309218745653e-06, 1.514061135474029e-05, 2.5018802236015892e-05, -1.7341850665797618e-05, -1.4371705484667396e-05, -6.438185974680474e-06], [2.0675827471925747e-06, -7.840311011366185e-06, -1.7341850665797618e-05, 0.0001593884420367974, 9.513405576562148e-05, 4.9402981092935326e-05], [-7.985244402145806e-07, -8.22635583227692e-06, -1.4371705484667396e-05, 9.513405576562148e-05, 8.386239024284454e-05, 4.547986059097044e-05], [1.6542121137577469e-07, -4.082410584684172e-06, -6.438185974680474e-06, 4.9402981092935326e-05, 4.547986059097044e-05, 2.7441900998010223e-05]]</COVARIANCE_MATRIX>
		<ROI_SIZE>485</ROI_SIZE>
		<MAX_VALUE>[0.14350773394107819, 0.14554747939109802, 0.14121012389659882, 0.11750707775354385, 0.06496649235486984, 0.036316532641649246]</MAX_VALUE>
		<MIN_VALUE>[0.12779948115348816, 0.12711957097053528, 0.11373239755630493, 0.05727648362517357, 0.013926411978900433, 0.007783782668411732]</MIN_VALUE>
		<SIGNATURE_THRESHOLD_MD>0</SIGNATURE_THRESHOLD_MD>
		<SIGNATURE_THRESHOLD_ML>0</SIGNATURE_THRESHOLD_ML>
		<SIGNATURE_THRESHOLD_SAM>0</SIGNATURE_THRESHOLD_SAM>
	</signature>
	<signature ID="20210511_155259976531_782">
		<MACROCLASSID>1</MACROCLASSID>
		<MACROCLASSINFO>waterbody</MACROCLASSINFO>
		<CLASSID>13</CLASSID>
		<CLASSINFO>C 1</CLASSINFO>
		<VALUES>[0.1407898674102931, 0.0024421444952576845, 0.14204548134253556, 0.003069694035419121, 0.13771444120086151, 0.004458103153955439, 0.07957938741032895, 0.009497874418655149, 0.021247177452135554, 0.007689984515732587, 0.01087868734191243, 0.00437966658465202]</VALUES>
		<LCS_MIN>[0.13143348693847656, 0.11605347692966461, 0.10301797091960907, 0.06627941876649857, 0.011792905628681183, 0.00672875065356493]</LCS_MIN>
		<LCS_MAX>[0.14641493558883667, 0.1476340889930725, 0.14496132731437683, 0.11635825783014297, 0.05875352397561073, 0.03324522078037262]</LCS_MAX>
		<WAVELENGTH>[0.48, 0.56, 0.655, 0.865, 1.61, 2.2]</WAVELENGTH>
		<MEAN_VALUE>[0.1407898674102931, 0.14204548134253556, 0.13771444120086151, 0.07957938741032895, 0.021247177452135554, 0.01087868734191243]</MEAN_VALUE>
		<CHECKBOX>2</CHECKBOX>
		<SD>[0.0024421444952576845, 0.003069694035419121, 0.004458103153955439, 0.009497874418655149, 0.007689984515732587, 0.00437966658465202]</SD>
		<WAVELENGTH_UNIT>E-6m</WAVELENGTH_UNIT>
		<COLOR>#832287</COLOR>
		<COVARIANCE_MATRIX>[[5.973259365510747e-06, 6.638573561556633e-06, 9.310055230582864e-06, 5.050109546733645e-07, -1.6910643576809001e-06, -8.195065393359511e-07], [6.638573561556633e-06, 9.437540764571808e-06, 1.2395790411763192e-05, -7.86843630317106e-06, -8.442165256386581e-06, -4.6092996721909735e-06], [9.310055230582864e-06, 1.2395790411763192e-05, 1.990530728097e-05, -5.225273296423162e-06, -6.429340105906275e-06, -3.012286225189845e-06], [5.050109546733645e-07, -7.86843630317106e-06, -5.225273296423162e-06, 9.034861634384197e-05, 6.761304911587409e-05, 3.753701397077711e-05], [-1.6910643576809001e-06, -8.442165256386581e-06, -6.429340105906275e-06, 6.761304911587409e-05, 5.9226980283412195e-05, 3.326695216437281e-05], [-8.195065393359511e-07, -4.6092996721909735e-06, -3.012286225189845e-06, 3.753701397077711e-05, 3.326695216437281e-05, 1.9211034830918876e-05]]</COVARIANCE_MATRIX>
		<ROI_SIZE>650</ROI_SIZE>
		<MAX_VALUE>[0.14641493558883667, 0.1476340889930725, 0.14496132731437683, 0.11635825783014297, 0.05875352397561073, 0.03324522078037262]</MAX_VALUE>
		<MIN_VALUE>[0.13143348693847656, 0.11605347692966461, 0.10301797091960907, 0.06627941876649857, 0.011792905628681183, 0.00672875065356493]</MIN_VALUE>
		<SIGNATURE_THRESHOLD_MD>0</SIGNATURE_THRESHOLD_MD>
		<SIGNATURE_THRESHOLD_ML>0</SIGNATURE_THRESHOLD_ML>
		<SIGNATURE_THRESHOLD_SAM>0</SIGNATURE_THRESHOLD_SAM>
	</signature>
	<signature ID="20210511_155305684199_441">
		<MACROCLASSID>1</MACROCLASSID>
		<MACROCLASSINFO>waterbody</MACROCLASSINFO>
		<CLASSID>14</CLASSID>
		<CLASSINFO>C 1</CLASSINFO>
		<VALUES>[0.13763656813737946, 0.0030119333224185906, 0.12627078356697816, 0.002970201948859225, 0.09957923387112308, 0.0038145623367395885, 0.0808910665990308, 0.01042732988376104, 0.028217183426022537, 0.009355103756373648, 0.014315097787699039, 0.005446060325552074]</VALUES>
		<LCS_MIN>[0.13281674683094025, 0.12168030440807343, 0.09342890977859497, 0.06341912597417831, 0.013035500422120094, 0.007103875745087862]</LCS_MIN>
		<LCS_MAX>[0.1459929198026657, 0.13682587444782257, 0.11448264867067337, 0.11584246158599854, 0.06431002169847488, 0.04461611807346344]</LCS_MAX>
		<WAVELENGTH>[0.48, 0.56, 0.655, 0.865, 1.61, 2.2]</WAVELENGTH>
		<MEAN_VALUE>[0.13763656813737946, 0.12627078356697816, 0.09957923387112308, 0.0808910665990308, 0.028217183426022537, 0.014315097787699039]</MEAN_VALUE>
		<CHECKBOX>2</CHECKBOX>
		<SD>[0.0030119333224185906, 0.002970201948859225, 0.0038145623367395885, 0.01042732988376104, 0.009355103756373648, 0.005446060325552074]</SD>
		<WAVELENGTH_UNIT>E-6m</WAVELENGTH_UNIT>
		<COLOR>#5caa80</COLOR>
		<COVARIANCE_MATRIX>[[9.09819056708802e-06, 8.476142085850543e-06, 9.426110205816523e-06, 1.2010601198438736e-05, 7.784335590691282e-06, 4.542509942479687e-06], [8.476142085850543e-06, 8.847820024053955e-06, 1.0303699684344344e-05, 1.4497633944264207e-05, 9.361188402885058e-06, 5.201916068644992e-06], [9.426110205816523e-06, 1.0303699684344344e-05, 1.4593308228513197e-05, 2.7459691991543022e-05, 2.0952292188499773e-05, 1.1871503660960993e-05], [1.2010601198438736e-05, 1.4497633944264207e-05, 2.7459691991543022e-05, 0.00010904620328175777, 8.75475049003398e-05, 4.815049869370204e-05], [7.784335590691282e-06, 9.361188402885058e-06, 2.0952292188499773e-05, 8.75475049003398e-05, 8.777312071319423e-05, 5.0135319980974375e-05], [4.542509942479687e-06, 5.201916068644992e-06, 1.1871503660960993e-05, 4.815049869370204e-05, 5.0135319980974375e-05, 2.974604412806414e-05]]</COVARIANCE_MATRIX>
		<ROI_SIZE>344</ROI_SIZE>
		<MAX_VALUE>[0.1459929198026657, 0.13682587444782257, 0.11448264867067337, 0.11584246158599854, 0.06431002169847488, 0.04461611807346344]</MAX_VALUE>
		<MIN_VALUE>[0.13281674683094025, 0.12168030440807343, 0.09342890977859497, 0.06341912597417831, 0.013035500422120094, 0.007103875745087862]</MIN_VALUE>
		<SIGNATURE_THRESHOLD_MD>0</SIGNATURE_THRESHOLD_MD>
		<SIGNATURE_THRESHOLD_ML>0</SIGNATURE_THRESHOLD_ML>
		<SIGNATURE_THRESHOLD_SAM>0</SIGNATURE_THRESHOLD_SAM>
	</signature>
	<signature ID="20210511_155317338679_141">
		<MACROCLASSID>1</MACROCLASSID>
		<MACROCLASSINFO>waterbody</MACROCLASSINFO>
		<CLASSID>15</CLASSID>
		<CLASSINFO>C 1</CLASSINFO>
		<VALUES>[0.12585510594977273, 0.004995496971745977, 0.11316763328181371, 0.007770321583817836, 0.07742524726523292, 0.006953333578612154, 0.12076229676604272, 0.03413421716377798, 0.05674402297784885, 0.02301007646006647, 0.02798776835617093, 0.012121611005050466]</VALUES>
		<LCS_MIN>[0.10979361087083817, 0.08634846657514572, 0.060347795486450195, 0.055682215839624405, 0.014207751490175724, 0.00691631343215704]</LCS_MIN>
		<LCS_MAX>[0.13769333064556122, 0.12864351272583008, 0.09455426782369614, 0.18416161835193634, 0.10402611643075943, 0.061355940997600555]</LCS_MAX>
		<WAVELENGTH>[0.48, 0.56, 0.655, 0.865, 1.61, 2.2]</WAVELENGTH>
		<MEAN_VALUE>[0.12585510594977273, 0.11316763328181371, 0.07742524726523292, 0.12076229676604272, 0.05674402297784885, 0.02798776835617093]</MEAN_VALUE>
		<CHECKBOX>2</CHECKBOX>
		<SD>[0.004995496971745977, 0.007770321583817836, 0.006953333578612154, 0.03413421716377798, 0.02301007646006647, 0.012121611005050466]</SD>
		<WAVELENGTH_UNIT>E-6m</WAVELENGTH_UNIT>
		<COLOR>#8aab2d</COLOR>
		<COVARIANCE_MATRIX>[[2.5522148858239646e-05, 3.886616193161616e-05, 3.203867561520935e-05, -4.261785164374173e-05, -1.281727705667033e-05, 4.784555996984418e-06], [3.886616193161616e-05, 6.175012245948957e-05, 4.982501157176232e-05, -7.095180638160044e-05, -1.7320688635464834e-05, 8.962526228808235e-06], [3.203867561520935e-05, 4.982501157176232e-05, 4.9447685306715567e-05, 9.329420493675708e-06, 3.5003785671546814e-05, 3.580691446763171e-05], [-4.261785164374173e-05, -7.095180638160044e-05, 9.329420493675708e-06, 0.0011916253445972272, 0.000699755686343636, 0.0003103561014487669], [-1.281727705667033e-05, -1.7320688635464834e-05, 3.5003785671546814e-05, 0.000699755686343636, 0.0005414968827594255, 0.0002708082389517433], [4.784555996984418e-06, 8.962526228808235e-06, 3.580691446763171e-05, 0.0003103561014487669, 0.0002708082389517433, 0.00015027285002498244]]</COVARIANCE_MATRIX>
		<ROI_SIZE>45</ROI_SIZE>
		<MAX_VALUE>[0.13769333064556122, 0.12864351272583008, 0.09455426782369614, 0.18416161835193634, 0.10402611643075943, 0.061355940997600555]</MAX_VALUE>
		<MIN_VALUE>[0.10979361087083817, 0.08634846657514572, 0.060347795486450195, 0.055682215839624405, 0.014207751490175724, 0.00691631343215704]</MIN_VALUE>
		<SIGNATURE_THRESHOLD_MD>0</SIGNATURE_THRESHOLD_MD>
		<SIGNATURE_THRESHOLD_ML>0</SIGNATURE_THRESHOLD_ML>
		<SIGNATURE_THRESHOLD_SAM>0</SIGNATURE_THRESHOLD_SAM>
	</signature>
	<signature ID="20210511_155323522431_855">
		<MACROCLASSID>1</MACROCLASSID>
		<MACROCLASSINFO>waterbody</MACROCLASSINFO>
		<CLASSID>16</CLASSID>
		<CLASSINFO>C 1</CLASSINFO>
		<VALUES>[0.12234017361075647, 0.004232340202677381, 0.10992105245109526, 0.006835259947043859, 0.07325624536362388, 0.008988751472481833, 0.12564745166849703, 0.04032835403115843, 0.06378440640025564, 0.023008578991074575, 0.03181921872460554, 0.011910363859850542]</VALUES>
		<LCS_MIN>[0.11131755262613297, 0.090779609978199, 0.05741715431213379, 0.05774539336562157, 0.022835569456219673, 0.014793881215155125]</LCS_MIN>
