<?xml version="1.0" ?>
<signaturelist MCID_LIST="[['1', 'waterbody', '#000000'], ['2', 'vegetation', '#000000'], ['3', 'bareland', '#000000'], ['4', 'built-up', '#000000']]">
	<signature ID="20211207_154938978386_449">
		<MACROCLASSID>1</MACROCLASSID>
		<MACROCLASSINFO>waterbody</MACROCLASSINFO>
		<CLASSID>1</CLASSID>
		<CLASSINFO>C 1</CLASSINFO>
		<VALUES>[0.1148901407118186, 0.0017929313309971136, 0.13203697622732147, 0.0021528758526269433, 0.1118108300916335, 0.003147208379241961, 0.037604501410064564, 0.002580476619054224, 0.005424577446897253, 0.001926018457543922, 0.003942607378544094, 0.002649537077062388]</VALUES>
		<LCS_MIN>[0.10854754596948624, 0.12311806529760361, 0.1010730192065239, 0.028839154168963432, 0.0, 0.0]</LCS_MIN>
		<LCS_MAX>[0.12118113785982132, 0.1402883380651474, 0.12643691897392273, 0.05261978507041931, 0.015120809897780418, 0.013601822778582573]</LCS_MAX>
		<WAVELENGTH>[0.485, 0.56, 0.66, 0.83, 1.65, 2.215]</WAVELENGTH>
		<MEAN_VALUE>[0.1148901407118186, 0.13203697622732147, 0.1118108300916335, 0.037604501410064564, 0.005424577446897253, 0.003942607378544094]</MEAN_VALUE>
		<CHECKBOX>2</CHECKBOX>
		<SD>[0.0017929313309971136, 0.0021528758526269433, 0.003147208379241961, 0.002580476619054224, 0.001926018457543922, 0.002649537077062388]</SD>
		<WAVELENGTH_UNIT>E-6m</WAVELENGTH_UNIT>
		<COLOR>#542766</COLOR>
		<COVARIANCE_MATRIX>[[3.132097442040829e-06, 5.699668380844413e-07, -8.521434624339022e-07, -8.597478826869324e-07, -5.071462373001129e-08, 3.7366362015353036e-08], [5.699668380844413e-07, 4.513287422707195e-06, -1.479042817119424e-06, -1.5550489022359905e-06, -1.8962995181862433e-07, -1.1374018107552647e-07], [-8.521434624339022e-07, -1.479042817119424e-06, 1.010269235699408e-05, 4.645844796983795e-06, 2.74957091958121e-07, -1.1747909173204104e-07], [-8.597478826869324e-07, -1.5550489022359905e-06, 4.645844796983795e-06, 5.802136921283318e-06, 3.046069551056107e-07, 1.5595045413529636e-07], [-5.071462373001129e-08, -1.8962995181862433e-07, 2.74957091958121e-07, 3.046069551056107e-07, 3.6397263173981382e-06, 1.5044245910507435e-07], [3.7366362015353036e-08, -1.1374018107552647e-07, -1.1747909173204104e-07, 1.5595045413529636e-07, 1.5044245910507435e-07, 7.018552609436286e-06]]</COVARIANCE_MATRIX>
		<ROI_SIZE>10201</ROI_SIZE>
		<MAX_VALUE>[0.12118113785982132, 0.1402883380651474, 0.12643691897392273, 0.05261978507041931, 0.015120809897780418, 0.013601822778582573]</MAX_VALUE>
		<MIN_VALUE>[0.10854754596948624, 0.12311806529760361, 0.1010730192065239, 0.028839154168963432, 0.0, 0.0]</MIN_VALUE>
		<SIGNATURE_THRESHOLD_MD>0</SIGNATURE_THRESHOLD_MD>
		<SIGNATURE_THRESHOLD_ML>0</SIGNATURE_THRESHOLD_ML>
		<SIGNATURE_THRESHOLD_SAM>0</SIGNATURE_THRESHOLD_SAM>
	</signature>
	<signature ID="20211207_154946292270_694">
		<MACROCLASSID>1</MACROCLASSID>
		<MACROCLASSINFO>waterbody</MACROCLASSINFO>
		<CLASSID>2</CLASSID>
		<CLASSINFO>C 1</CLASSINFO>
		<VALUES>[0.11731538833831516, 0.0018740443788986115, 0.1325507348650595, 0.002262256753519353, 0.10696099624272948, 0.003478941194817787, 0.03553136658065196, 0.002479120335624823, 0.005623936558751656, 0.0022141747608032626, 0.004025218226705689, 0.0027128757414425944]</VALUES>
		<LCS_MIN>[0.1006515696644783, 0.09907965362071991, 0.07570912688970566, 0.028839154168963432, 0.0, 0.0]</LCS_MIN>
		<LCS_MAX>[0.1243395209312439, 0.14372240006923676, 0.12009594589471817, 0.06847354769706726, 0.032983142882585526, 0.0209309384226799]</LCS_MAX>
		<WAVELENGTH>[0.485, 0.56, 0.66, 0.83, 1.65, 2.215]</WAVELENGTH>
		<MEAN_VALUE>[0.11731538833831516, 0.1325507348650595, 0.10696099624272948, 0.03553136658065196, 0.005623936558751656, 0.004025218226705689]</MEAN_VALUE>
		<CHECKBOX>2</CHECKBOX>
		<SD>[0.0018740443788986115, 0.002262256753519353, 0.003478941194817787, 0.002479120335624823, 0.0022141747608032626, 0.0027128757414425944]</SD>
		<WAVELENGTH_UNIT>E-6m</WAVELENGTH_UNIT>
		<COLOR>#253ac6</COLOR>
		<COVARIANCE_MATRIX>[[3.3771677255923477e-06, 1.0971792542706592e-06, 2.3401603185176742e-06, -3.6015546466075534e-07, -6.97065353640363e-07, -3.9881609687537387e-07], [1.0971792542706592e-06, 4.917552639037633e-06, 2.0647776387055324e-06, -9.442675174428981e-07, -1.2292013175350477e-06, -8.099832714771022e-07], [2.3401603185176742e-06, 2.0647776387055324e-06, 1.1055437037901896e-05, 9.998862917334324e-07, -1.0694018527983438e-06, -6.719306005426043e-07], [-3.6015546466075534e-07, -9.442675174428981e-07, 9.998862917334324e-07, 5.756815143189958e-06, 1.2436630780441124e-06, 8.531047955859966e-07], [-6.97065353640363e-07, -1.2292013175350477e-06, -1.0694018527983438e-06, 1.2436630780441124e-06, 4.969906659828831e-06, 9.981242054911079e-07], [-3.9881609687537387e-07, -8.099832714771022e-07, -6.719306005426043e-07, 8.531047955859966e-07, 9.981242054911079e-07, 7.570217409034956e-06]]</COVARIANCE_MATRIX>
		<ROI_SIZE>10143</ROI_SIZE>
		<MAX_VALUE>[0.1243395209312439, 0.14372240006923676, 0.12009594589471817, 0.06847354769706726, 0.032983142882585526, 0.0209309384226799]</MAX_VALUE>
		<MIN_VALUE>[0.1006515696644783, 0.09907965362071991, 0.07570912688970566, 0.028839154168963432, 0.0, 0.0]</MIN_VALUE>
		<SIGNATURE_THRESHOLD_MD>0</SIGNATURE_THRESHOLD_MD>
		<SIGNATURE_THRESHOLD_ML>0</SIGNATURE_THRESHOLD_ML>
		<SIGNATURE_THRESHOLD_SAM>0</SIGNATURE_THRESHOLD_SAM>
	</signature>
	<signature ID="20211207_155003486956_175">
		<MACROCLASSID>1</MACROCLASSID>
		<MACROCLASSINFO>waterbody</MACROCLASSINFO>
		<CLASSID>3</CLASSID>
		<CLASSINFO>C 1</CLASSINFO>
		<VALUES>[0.09433167588162568, 0.0028863099433091384, 0.09997345007037466, 0.0038322771148812914, 0.09229369276365425, 0.006345240532343008, 0.07431398749118213, 0.011195744606464804, 0.013028463274021787, 0.007454946479184459, 0.008051453995720687, 0.004638246610966388]</VALUES>
		<LCS_MIN>[0.08801797032356262, 0.08534342050552368, 0.0693681389093399, 0.0565832257270813, 0.0023619970306754112, 0.0]</LCS_MIN>
		<LCS_MAX>[0.10538914799690247, 0.11281587928533554, 0.11375497281551361, 0.10414449125528336, 0.04574195668101311, 0.031924620270729065]</LCS_MAX>
		<WAVELENGTH>[0.485, 0.56, 0.66, 0.83, 1.65, 2.215]</WAVELENGTH>
		<MEAN_VALUE>[0.09433167588162568, 0.09997345007037466, 0.09229369276365425, 0.07431398749118213, 0.013028463274021787, 0.008051453995720687]</MEAN_VALUE>
		<CHECKBOX>2</CHECKBOX>
		<SD>[0.0028863099433091384, 0.0038322771148812914, 0.006345240532343008, 0.011195744606464804, 0.007454946479184459, 0.004638246610966388]</SD>
		<WAVELENGTH_UNIT>E-6m</WAVELENGTH_UNIT>
		<COLOR>#4a5cdf</COLOR>
		<COVARIANCE_MATRIX>[[8.347119961568436e-06, 5.627867232573854e-06, 1.2087381154588378e-05, 8.731679351250847e-06, -8.549130925985113e-08, 6.376806631781675e-07], [5.627867232573854e-06, 1.4715144645802184e-05, 1.796007907265339e-05, -7.285356618023252e-06, -1.1854755128724956e-05, -5.184638525537104e-06], [1.2087381154588378e-05, 1.796007907265339e-05, 4.034102266311856e-05, 6.088790899870292e-06, -1.0838582346767264e-05, -3.6705918901975248e-06], [8.731679351250847e-06, -7.285356618023252e-06, 6.088790899870292e-06, 0.00012559047120944727, 5.962018586949299e-05, 3.348080939040186e-05], [-8.549130925985113e-08, -1.1854755128724956e-05, -1.0838582346767264e-05, 5.962018586949299e-05, 5.568520000163718e-05, 2.571163308244718e-05], [6.376806631781675e-07, -5.184638525537104e-06, -3.6705918901975248e-06, 3.348080939040186e-05, 2.571163308244718e-05, 2.1555514627325762e-05]]</COVARIANCE_MATRIX>
		<ROI_SIZE>511</ROI_SIZE>
		<MAX_VALUE>[0.10538914799690247, 0.11281587928533554, 0.11375497281551361, 0.10414449125528336, 0.04574195668101311, 0.031924620270729065]</MAX_VALUE>
		<MIN_VALUE>[0.08801797032356262, 0.08534342050552368, 0.0693681389093399, 0.0565832257270813, 0.0023619970306754112, 0.0]</MIN_VALUE>
		<SIGNATURE_THRESHOLD_MD>0</SIGNATURE_THRESHOLD_MD>
		<SIGNATURE_THRESHOLD_ML>0</SIGNATURE_THRESHOLD_ML>
		<SIGNATURE_THRESHOLD_SAM>0</SIGNATURE_THRESHOLD_SAM>
	</signature>
	<signature ID="20211207_155050144400_488">
		<MACROCLASSID>1</MACROCLASSID>
		<MACROCLASSINFO>waterbody</MACROCLASSINFO>
		<CLASSID>4</CLASSID>
		<CLASSINFO>C 1</CLASSINFO>
		<VALUES>[0.11763223573767198, 0.0017158213985822726, 0.13439070046951657, 0.0021169622020232727, 0.11109894950443383, 0.0022743857390421255, 0.03416015731786329, 0.002123078737316849, 0.005082174046558488, 0.0019701576765363475, 0.0036291572562495438, 0.0026290524969517772]</VALUES>
		<LCS_MIN>[0.11012674868106842, 0.12655210494995117, 0.1010730192065239, 0.028839154168963432, 0.0, 0.0]</LCS_MIN>
		<LCS_MAX>[0.1243395209312439, 0.1471564620733261, 0.12009594589471817, 0.06054665893316269, 0.03043138049542904, 0.013601822778582573]</LCS_MAX>
		<WAVELENGTH>[0.485, 0.56, 0.66, 0.83, 1.65, 2.215]</WAVELENGTH>
		<MEAN_VALUE>[0.11763223573767198, 0.13439070046951657, 0.11109894950443383, 0.03416015731786329, 0.005082174046558488, 0.0036291572562495438]</MEAN_VALUE>
		<CHECKBOX>2</CHECKBOX>
		<SD>[0.0017158213985822726, 0.0021169622020232727, 0.0022743857390421255, 0.002123078737316849, 0.0019701576765363475, 0.0026290524969517772]</SD>
		<WAVELENGTH_UNIT>E-6m</WAVELENGTH_UNIT>
		<COLOR>#539990</COLOR>
		<COVARIANCE_MATRIX>[[2.813023817338576e-06, 2.880005528672593e-07, -5.128909435023387e-07, -5.584610838778936e-07, -7.310173872092692e-09, -2.1151356565152356e-08], [2.880005528672593e-07, 4.261979881192576e-06, -5.157119808680609e-07, -6.311343638045982e-07, -1.4382086853597166e-07, -7.926535822237651e-08], [-5.128909435023387e-07, -5.157119808680609e-07, 5.4483299044486395e-06, 1.5727324533651096e-06, 5.399325792181437e-08, -3.8618041469362647e-08], [-5.584610838778936e-07, -6.311343638045982e-07, 1.5727324533651096e-06, 4.266310970840671e-06, 3.1596180265931023e-07, 1.2297432107297575e-07], [-7.310173872092692e-09, -1.4382086853597166e-07, 5.399325792181437e-08, 3.1596180265931023e-07, 3.854920549205256e-06, 1.9430407667460025e-07], [-2.1151356565152356e-08, -7.926535822237651e-08, -3.8618041469362647e-08, 1.2297432107297575e-07, 1.9430407667460025e-07, 6.865236970899758e-06]]</COVARIANCE_MATRIX>
		<ROI_SIZE>10199</ROI_SIZE>
		<MAX_VALUE>[0.1243395209312439, 0.1471564620733261, 0.12009594589471817, 0.06054665893316269, 0.03043138049542904, 0.013601822778582573]</MAX_VALUE>
		<MIN_VALUE>[0.11012674868106842, 0.12655210494995117, 0.1010730192065239, 0.028839154168963432, 0.0, 0.0]</MIN_VALUE>
		<SIGNATURE_THRESHOLD_MD>0</SIGNATURE_THRESHOLD_MD>
		<SIGNATURE_THRESHOLD_ML>0</SIGNATURE_THRESHOLD_ML>
		<SIGNATURE_THRESHOLD_SAM>0</SIGNATURE_THRESHOLD_SAM>
	</signature>
	<signature ID="20211207_155107274082_295">
		<MACROCLASSID>1</MACROCLASSID>
		<MACROCLASSINFO>waterbody</MACROCLASSINFO>
		<CLASSID>5</CLASSID>
		<CLASSINFO>C 1</CLASSINFO>
		<VALUES>[0.10033572191993394, 0.009134812173040479, 0.0973626255989075, 0.013468924158357877, 0.10133723020553588, 0.01763630497261998, 0.14470367357134825, 0.018777483638537876, 0.1262925845881303, 0.02017004757059069, 0.0897025131310026, 0.015129600816968507]</VALUES>
		<LCS_MIN>[0.08170118182897568, 0.07504124939441681, 0.0693681389093399, 0.10018104314804077, 0.08912192285060883, 0.057576533406972885]</LCS_MIN>
		<LCS_MAX>[0.11644354462623596, 0.12311806529760361, 0.13594837486743927, 0.17548637092113495, 0.15801949799060822, 0.11987406015396118]</LCS_MAX>
		<WAVELENGTH>[0.485, 0.56, 0.66, 0.83, 1.65, 2.215]</WAVELENGTH>
		<MEAN_VALUE>[0.10033572191993394, 0.0973626255989075, 0.10133723020553588, 0.14470367357134825, 0.1262925845881303, 0.0897025131310026]</MEAN_VALUE>
		<CHECKBOX>2</CHECKBOX>
		<SD>[0.009134812173040479, 0.013468924158357877, 0.01763630497261998, 0.018777483638537876, 0.02017004757059069, 0.015129600816968507]</SD>
		<WAVELENGTH_UNIT>E-6m</WAVELENGTH_UNIT>
		<COLOR>#827f26</COLOR>
		<COVARIANCE_MATRIX>[[8.485911196955431e-05, 0.0001192153823532056, 0.00015028969479124506, 4.010032192802337e-06, -2.19931215101542e-06, 7.04452824943256e-05], [0.0001192153823532056, 0.00018448669625450515, 0.00023371515220402947, 3.7833097284373694e-05, 4.0695524938726e-05, 0.00012157730472499394], [0.00015028969479124506, 0.00023371515220402947, 0.0003163111048345018, 9.026954165740564e-05, 7.969204612129184e-05, 0.00017411254397418054], [4.010032192802337e-06, 3.7833097284373694e-05, 9.026954165740564e-05, 0.0003585700594531093, 0.0002720543678903181, 0.0001194600071540537], [-2.19931215101542e-06, 4.0695524938726e-05, 7.969204612129184e-05, 0.0002720543678903181, 0.0004137262566100591, 0.00021981922423073167], [7.04452824943256e-05, 0.00012157730472499394, 0.00017411254397418054, 0.0001194600071540537, 0.00021981922423073167, 0.00023278456360760756]]</COVARIANCE_MATRIX>
		<ROI_SIZE>60</ROI_SIZE>
		<MAX_VALUE>[0.11644354462623596, 0.12311806529760361, 0.13594837486743927, 0.17548637092113495, 0.15801949799060822, 0.11987406015396118]</MAX_VALUE>
		<MIN_VALUE>[0.08170118182897568, 0.07504124939441681, 0.0693681389093399, 0.10018104314804077, 0.08912192285060883, 0.057576533406972885]</MIN_VALUE>
		<SIGNATURE_THRESHOLD_MD>0</SIGNATURE_THRESHOLD_MD>
		<SIGNATURE_THRESHOLD_ML>0</SIGNATURE_THRESHOLD_ML>
		<SIGNATURE_THRESHOLD_SAM>0</SIGNATURE_THRESHOLD_SAM>
	</signature>
	<signature ID="20211207_155123716726_540">
		<MACROCLASSID>1</MACROCLASSID>
		<MACROCLASSINFO>waterbody</MACROCLASSINFO>
		<CLASSID>6</CLASSID>
		<CLASSINFO>C 1</CLASSINFO>
		<VALUES>[0.10224955954721995, 0.00708544717733709, 0.08501636893266719, 0.009605706286666047, 0.0782379654369184, 0.013493695391789356, 0.08248712588101625, 0.020824416974734, 0.06770533740165686, 0.019168644271831636, 0.049374903640931576, 0.016607591653281437]</VALUES>
		<LCS_MIN>[0.0895971730351448, 0.06817314028739929, 0.05668620020151138, 0.04072946310043335, 0.03043138049542904, 0.0209309384226799]</LCS_MIN>
		<LCS_MAX>[0.12118113785982132, 0.10938183218240738, 0.11058449745178223, 0.11999823153018951, 0.09932895749807358, 0.0832284539937973]</LCS_MAX>
		<WAVELENGTH>[0.485, 0.56, 0.66, 0.83, 1.65, 2.215]</WAVELENGTH>
		<MEAN_VALUE>[0.10224955954721995, 0.08501636893266719, 0.0782379654369184, 0.08248712588101625, 0.06770533740165686, 0.049374903640931576]</MEAN_VALUE>
		<CHECKBOX>2</CHECKBOX>
		<SD>[0.00708544717733709, 0.009605706286666047, 0.013493695391789356, 0.020824416974734, 0.019168644271831636, 0.016607591653281437]</SD>
		<WAVELENGTH_UNIT>E-6m</WAVELENGTH_UNIT>
		<COLOR>#c8fb10</COLOR>
		<COVARIANCE_MATRIX>[[5.080842389202485e-05, 6.416817894483035e-05, 8.89889703530307e-05, 0.00011036027787651373, 0.00010692853021138575, 9.756003408715127e-05], [6.416817894483035e-05, 9.338127511227037e-05, 0.00012611045022784665, 0.00015878342827942957, 0.00015000996943189687, 0.00013950315764063074], [8.89889703530307e-05, 0.00012611045022784665, 0.0001842735480411732, 0.00022696182357381374, 0.00020755321010419435, 0.00019386731845804576], [0.00011036027787651373, 0.00015878342827942957, 0.00022696182357381374, 0.0004388811175464757, 0.00033663916818807107, 0.00026016169914890735], [0.00010692853021138575, 0.00015000996943189687, 0.00020755321010419435, 0.00033663916818807107, 0.00037186387410219297, 0.00028843511356880353], [9.756003408715127e-05, 0.00013950315764063074, 0.00019386731845804576, 0.00026016169914890735, 0.00028843511356880353, 0.00027913513787783173]]</COVARIANCE_MATRIX>
		<ROI_SIZE>84</ROI_SIZE>
		<MAX_VALUE>[0.12118113785982132, 0.10938183218240738, 0.11058449745178223, 0.11999823153018951, 0.09932895749807358, 0.0832284539937973]</MAX_VALUE>
		<MIN_VALUE>[0.0895971730351448, 0.06817314028739929, 0.05668620020151138, 0.04072946310043335, 0.03043138049542904, 0.0209309384226799]</MIN_VALUE>
		<SIGNATURE_THRESHOLD_MD>0</SIGNATURE_THRESHOLD_MD>
		<SIGNATURE_THRESHOLD_ML>0</SIGNATURE_THRESHOLD_ML>
		<SIGNATURE_THRESHOLD_SAM>0</SIGNATURE_THRESHOLD_SAM>
	</signature>
	<signature ID="20211207_155140059375_533">
		<MACROCLASSID>1</MACROCLASSID>
		<MACROCLASSINFO>waterbody</MACROCLASSINFO>
		<CLASSID>7</CLASSID>
		<CLASSINFO>C 1</CLASSINFO>
		<VALUES>[0.10325907413349594, 0.00623252905336091, 0.08526355981133708, 0.009726761036772507, 0.07652018132597899, 0.013082856225940917, 0.09842975844824041, 0.022781091605279805, 0.07398937010141306, 0.020777277348697484, 0.04948041657375736, 0.01565865703082161]</VALUES>
		<LCS_MIN>[0.09433476626873016, 0.07160719484090805, 0.05668620020151138, 0.044692907482385635, 0.040638431906700134, 0.02459549903869629]</LCS_MIN>
		<LCS_MAX>[0.12118113785982132, 0.11281587928533554, 0.11058449745178223, 0.13585197925567627, 0.12484657019376755, 0.07956390082836151]</LCS_MAX>
		<WAVELENGTH>[0.485, 0.56, 0.66, 0.83, 1.65, 2.215]</WAVELENGTH>
		<MEAN_VALUE>[0.10325907413349594, 0.08526355981133708, 0.07652018132597899, 0.09842975844824041, 0.07398937010141306, 0.04948041657375736]</MEAN_VALUE>
		<CHECKBOX>2</CHECKBOX>
		<SD>[0.00623252905336091, 0.009726761036772507, 0.013082856225940917, 0.022781091605279805, 0.020777277348697484, 0.01565865703082161]</SD>
		<WAVELENGTH_UNIT>E-6m</WAVELENGTH_UNIT>
		<COLOR>#9cf580</COLOR>
		<COVARIANCE_MATRIX>[[3.976928550577337e-05, 5.5605838757830084e-05, 7.484458235498627e-05, 7.933683244998106e-05, 9.076950372299353e-05, 7.107899892486061e-05], [5.5605838757830084e-05, 9.686249646329637e-05, 0.00012190416077750106, 0.00011101066124869196, 0.00013876043111770364, 0.00010750313819222886], [7.484458235498627e-05, 0.00012190416077750106, 0.00017523639195789455, 0.0001606239758543136, 0.00021058602226793787, 0.00015499616425333486], [7.933683244998106e-05, 0.00011101066124869196, 0.0001606239758543136, 0.0005313347569835818, 0.00039210676358579293, 0.0002510701924178996], [9.076950372299353e-05, 0.00013876043111770364, 0.00021058602226793787, 0.00039210676358579293, 0.00044197371245385705, 0.00028557051219154977], [7.107899892486061e-05, 0.00010750313819222886, 0.00015499616425333486, 0.0002510701924178996, 0.00028557051219154977, 0.0002510314814376823]]</COVARIANCE_MATRIX>
		<ROI_SIZE>43</ROI_SIZE>
		<MAX_VALUE>[0.12118113785982132, 0.11281587928533554, 0.11058449745178223, 0.13585197925567627, 0.12484657019376755, 0.07956390082836151]</MAX_VALUE>
		<MIN_VALUE>[0.09433476626873016, 0.07160719484090805, 0.05668620020151138, 0.044692907482385635, 0.040638431906700134, 0.02459549903869629]</MIN_VALUE>
		<SIGNATURE_THRESHOLD_MD>0</SIGNATURE_THRESHOLD_MD>
		<SIGNATURE_THRESHOLD_ML>0</SIGNATURE_THRESHOLD_ML>
		<SIGNATURE_THRESHOLD_SAM>0</SIGNATURE_THRESHOLD_SAM>
	</signature>
	<signature ID="20211207_155150470944_604">
		<MACROCLASSID>1</MACROCLASSID>
		<MACROCLASSINFO>waterbody</MACROCLASSINFO>
		<CLASSID>8</CLASSID>
		<CLASSINFO>C 1</CLASSINFO>
		<VALUES>[0.10530604049563409, 0.0062114725415059495, 0.08941006915349708, 0.007793327261228993, 0.08538745618180223, 0.011681933355770972, 0.09277567424272234, 0.014917963778923472, 0.0848913614295031, 0.01390622734226319, 0.06432704156950898, 0.011604394327392256]</VALUES>
		<LCS_MIN>[0.09275556355714798, 0.07504124939441681, 0.06302718073129654, 0.06054665893316269, 0.05084548145532608, 0.03925374150276184]</LCS_MIN>
		<LCS_MAX>[0.11644354462623596, 0.10938183218240738, 0.11375497281551361, 0.11999823153018951, 0.10953601449728012, 0.08689301460981369]</LCS_MAX>
		<WAVELENGTH>[0.485, 0.56, 0.66, 0.83, 1.65, 2.215]</WAVELENGTH>
		<MEAN_VALUE>[0.10530604049563409, 0.08941006915349708, 0.08538745618180223, 0.09277567424272234, 0.0848913614295031, 0.06432704156950898]</MEAN_VALUE>
		<CHECKBOX>2</CHECKBOX>
		<SD>[0.0062114725415059495, 0.007793327261228993, 0.011681933355770972, 0.014917963778923472, 0.01390622734226319, 0.011604394327392256]</SD>
		<WAVELENGTH_UNIT>E-6m</WAVELENGTH_UNIT>
		<COLOR>#7f6d67</COLOR>
		<COVARIANCE_MATRIX>[[3.9625158461825083e-05, 4.490415220826353e-05, 6.632087436111613e-05, 5.569936955927122e-05, 3.5579776147959257e-05, 2.732187917670048e-05], [4.490415220826353e-05, 6.237746195738846e-05, 8.81697137177262e-05, 8.095739235881264e-05, 5.9825787285348544e-05, 4.289047151323682e-05], [6.632087436111613e-05, 8.81697137177262e-05, 0.00014015587954836845, 0.00013066529824203602, 8.906268240784026e-05, 5.850538203891226e-05], [5.569936955927122e-05, 8.095739235881264e-05, 0.00013066529824203602, 0.0002285603904257395, 0.00015889240027184138, 0.00011140087899554033], [3.5579776147959257e-05, 5.9825787285348544e-05, 8.906268240784026e-05, 0.00015889240027184138, 0.00019860973075672746, 0.00012536837835799884], [2.732187917670048e-05, 4.289047151323682e-05, 5.850538203891226e-05, 0.00011140087899554033, 0.00012536837835799884, 0.00013830148034630588]]</COVARIANCE_MATRIX>
		<ROI_SIZE>38</ROI_SIZE>
		<MAX_VALUE>[0.11644354462623596, 0.10938183218240738, 0.11375497281551361, 0.11999823153018951, 0.10953601449728012, 0.08689301460981369]</MAX_VALUE>
		<MIN_VALUE>[0.09275556355714798, 0.07504124939441681, 0.06302718073129654, 0.06054665893316269, 0.05084548145532608, 0.03925374150276184]</MIN_VALUE>
		<SIGNATURE_THRESHOLD_MD>0</SIGNATURE_THRESHOLD_MD>
		<SIGNATURE_THRESHOLD_ML>0</SIGNATURE_THRESHOLD_ML>
		<SIGNATURE_THRESHOLD_SAM>0</SIGNATURE_THRESHOLD_SAM>
	</signature>
	<signature ID="20211207_155201933417_358">
		<MACROCLASSID>1</MACROCLASSID>
		<MACROCLASSINFO>waterbody</MACROCLASSINFO>
		<CLASSID>9</CLASSID>
		<CLASSINFO>C 1</CLASSINFO>
		<VALUES>[0.09584530442953111, 0.0023039767395356455, 0.07787807901268419, 0.004006322486177639, 0.0641299541229787, 0.005256302995763785, 0.06830121463407642, 0.020759071541269228, 0.04496533115920813, 0.013490799344720203, 0.03064999032927596, 0.008412796936007659]</VALUES>
		<LCS_MIN>[0.09117636829614639, 0.07160719484090805, 0.05668620020151138, 0.03676603361964226, 0.025327857583761215, 0.017266379669308662]</LCS_MIN>
		<LCS_MAX>[0.09907235950231552, 0.08534342050552368, 0.07570912688970566, 0.10414449125528336, 0.07125957310199738, 0.050247419625520706]</LCS_MAX>
		<WAVELENGTH>[0.485, 0.56, 0.66, 0.83, 1.65, 2.215]</WAVELENGTH>
		<MEAN_VALUE>[0.09584530442953111, 0.07787807901268419, 0.0641299541229787, 0.06830121463407642, 0.04496533115920813, 0.03064999032927596]</MEAN_VALUE>
		<CHECKBOX>2</CHECKBOX>
		<SD>[0.0023039767395356455, 0.004006322486177639, 0.005256302995763785, 0.020759071541269228, 0.013490799344720203, 0.008412796936007659]</SD>
		<WAVELENGTH_UNIT>E-6m</WAVELENGTH_UNIT>
		<COLOR>#61671b</COLOR>
		<COVARIANCE_MATRIX>[[5.5495955806995525e-06, 7.84521267830301e-06, 1.0775565893161359e-05, -1.025447405934097e-05, 4.937553510769093e-07, 2.2759452668418895e-06], [7.84521267830301e-06, 1.678019349340043e-05, 1.8999567437974628e-05, 1.0409741725219215e-05, 1.584595142398763e-05, 1.007241811458388e-05], [1.0775565893161359e-05, 1.8999567437974628e-05, 2.888457214615148e-05, 3.0545674498787818e-06, 2.1856663778952338e-05, 1.4672302387295783e-05], [-1.025447405934097e-05, 1.0409741725219215e-05, 3.0545674498787818e-06, 0.0004505271899489673, 0.00025868019225039075, 0.0001232265780682188], [4.937553510769093e-07, 1.584595142398763e-05, 2.1856663778952338e-05, 0.00025868019225039075, 0.0001902744700031169, 8.227477182023768e-05], [2.2759452668418895e-06, 1.007241811458388e-05, 1.4672302387295783e-05, 0.0001232265780682188, 8.227477182023768e-05, 7.399220466315896e-05]]</COVARIANCE_MATRIX>
		<ROI_SIZE>23</ROI_SIZE>
		<MAX_VALUE>[0.09907235950231552, 0.08534342050552368, 0.07570912688970566, 0.10414449125528336, 0.07125957310199738, 0.050247419625520706]</MAX_VALUE>
		<MIN_VALUE>[0.09117636829614639, 0.07160719484090805, 0.05668620020151138, 0.03676603361964226, 0.025327857583761215, 0.017266379669308662]</MIN_VALUE>
		<SIGNATURE_THRESHOLD_MD>0</SIGNATURE_THRESHOLD_MD>
		<SIGNATURE_THRESHOLD_ML>0</SIGNATURE_THRESHOLD_ML>
		<SIGNATURE_THRESHOLD_SAM>0</SIGNATURE_THRESHOLD_SAM>
	</signature>
	<signature ID="20211207_155210721294_866">
		<MACROCLASSID>1</MACROCLASSID>
		<MACROCLASSINFO>waterbody</MACROCLASSINFO>
		<CLASSID>10</CLASSID>
		<CLASSINFO>C 1</CLASSINFO>
		<VALUES>[0.09692289825114939, 0.0037987100961047906, 0.07895225928061539, 0.0060653645763074976, 0.06373172708683543, 0.00818995251429199, 0.06979468475199407, 0.0175767066833695, 0.04645077708280749, 0.01579450756959916, 0.03192461902896563, 0.012123239288168984]</VALUES>
		<LCS_MIN>[0.09117636829614639, 0.07160719484090805, 0.0535157136619091, 0.04072946310043335, 0.025327857583761215, 0.017266379669308662]</LCS_MIN>
		<LCS_MAX>[0.1117059588432312, 0.09907965362071991, 0.09156157076358795, 0.10018104314804077, 0.08146663010120392, 0.057576533406972885]</LCS_MAX>
		<WAVELENGTH>[0.485, 0.56, 0.66, 0.83, 1.65, 2.215]</WAVELENGTH>
		<MEAN_VALUE>[0.09692289825114939, 0.07895225928061539, 0.06373172708683543, 0.06979468475199407, 0.04645077708280749, 0.03192461902896563]</MEAN_VALUE>
		<CHECKBOX>2</CHECKBOX>
		<SD>[0.0037987100961047906, 0.0060653645763074976, 0.00818995251429199, 0.0175767066833695, 0.01579450756959916, 0.012123239288168984]</SD>
		<WAVELENGTH_UNIT>E-6m</WAVELENGTH_UNIT>
		<COLOR>#e65d59</COLOR>
		<COVARIANCE_MATRIX>[[1.4842489776941276e-05, 1.856322777778707e-05, 2.7307108336056568e-05, 1.2756556421888844e-05, 2.862394188150581e-05, 2.9596723179455853e-05], [1.856322777778707e-05, 3.783975165619792e-05, 4.320490604432285e-05, 2.540659513316274e-05, 4.9475594736211976e-05, 4.530351062383288e-05], [2.7307108336056568e-05, 4.320490604432285e-05, 6.899175996311078e-05, 4.428029178945531e-05, 8.431918858739635e-05, 7.933734135419928e-05], [1.2756556421888844e-05, 2.540659513316274e-05, 4.428029178945531e-05, 0.00031776749262844053, 0.00016952574697973833, 0.00010913942009812487], [2.862394188150581e-05, 4.9475594736211976e-05, 8.431918858739635e-05, 0.00016952574697973833, 0.00025659408277658584, 0.0001774034514992153], [2.9596723179455853e-05, 4.530351062383288e-05, 7.933734135419928e-05, 0.00010913942009812487, 0.0001774034514992153, 0.00015117215743358126]]</COVARIANCE_MATRIX>
		<ROI_SIZE>36</ROI_SIZE>
		<MAX_VALUE>[0.1117059588432312, 0.09907965362071991, 0.09156157076358795, 0.10018104314804077, 0.08146663010120392, 0.057576533406972885]</MAX_VALUE>
		<MIN_VALUE>[0.09117636829614639, 0.07160719484090805, 0.0535157136619091, 0.04072946310043335, 0.025327857583761215, 0.017266379669308662]</MIN_VALUE>
		<SIGNATURE_THRESHOLD_MD>0</SIGNATURE_THRESHOLD_MD>
		<SIGNATURE_THRESHOLD_ML>0</SIGNATURE_THRESHOLD_ML>
		<SIGNATURE_THRESHOLD_SAM>0</SIGNATURE_THRESHOLD_SAM>
	</signature>
	<signature ID="20211207_155327718702_183">
		<MACROCLASSID>1</MACROCLASSID>
		<MACROCLASSINFO>waterbody</MACROCLASSINFO>
		<CLASSID>11</CLASSID>
		<CLASSINFO>C 1</CLASSINFO>
		<VALUES>[0.0997271521425829, 0.006374074246374317, 0.08693481363901279, 0.008207380232767061, 0.08205009924202432, 0.011800714715249419, 0.09670095545489613, 0.020022901823307616, 0.08464077060542455, 0.021258483206389525, 0.059274747967720046, 0.015230224183770433]</VALUES>
		<LCS_MIN>[0.09117636829614639, 0.07160719484090805, 0.06302718073129654, 0.0565832257270813, 0.04319018870592117, 0.031924620270729065]</LCS_MIN>
		<LCS_MAX>[0.11486433446407318, 0.10938183218240738, 0.11058449745178223, 0.13188855350017548, 0.11974306404590607, 0.09055758267641068]</LCS_MAX>
		<WAVELENGTH>[0.485, 0.56, 0.66, 0.83, 1.65, 2.215]</WAVELENGTH>
		<MEAN_VALUE>[0.0997271521425829, 0.08693481363901279, 0.08205009924202432, 0.09670095545489613, 0.08464077060542455, 0.059274747967720046]</MEAN_VALUE>
		<CHECKBOX>2</CHECKBOX>
		<SD>[0.006374074246374317, 0.008207380232767061, 0.011800714715249419, 0.020022901823307616, 0.021258483206389525, 0.015230224183770433]</SD>
		<WAVELENGTH_UNIT>E-6m</WAVELENGTH_UNIT>
		<COLOR>#48584f</COLOR>
		<COVARIANCE_MATRIX>[[4.1644543060749584e-05, 4.7468286298214174e-05, 7.034594493008103e-05, 0.00010232409465511772, 9.619528642540918e-05, 7.886642465841575e-05], [4.7468286298214174e-05, 6.904511754234596e-05, 9.390586805159651e-05, 0.00012715191784728357, 0.0001370004396620488, 0.00010765721540751674], [7.034594493008103e-05, 9.390586805159651e-05, 0.0001427382894854717, 0.00019665844114443332, 0.00020144926148480638, 0.0001629486210953275], [0.00010232409465511772, 0.00012715191784728357, 0.00019665844114443332, 0.00041093951236146074, 0.000380727304307637, 0.0002605952580953835], [9.619528642540918e-05, 0.0001370004396620488, 0.00020144926148480638, 0.000380727304307637, 0.0004632211859422541, 0.00030726868404075267], [7.886642465841575e-05, 0.00010765721540751674, 0.0001629486210953275, 0.0002605952580953835, 0.00030726868404075267, 0.00023775872190510348]]</COVARIANCE_MATRIX>
		<ROI_SIZE>41</ROI_SIZE>
		<MAX_VALUE>[0.11486433446407318, 0.10938183218240738, 0.11058449745178223, 0.13188855350017548, 0.11974306404590607, 0.09055758267641068]</MAX_VALUE>
		<MIN_VALUE>[0.09117636829614639, 0.07160719484090805, 0.06302718073129654, 0.0565832257270813, 0.04319018870592117, 0.031924620270729065]</MIN_VALUE>
		<SIGNATURE_THRESHOLD_MD>0</SIGNATURE_THRESHOLD_MD>
		<SIGNATURE_THRESHOLD_ML>0</SIGNATURE_THRESHOLD_ML>
		<SIGNATURE_THRESHOLD_SAM>0</SIGNATURE_THRESHOLD_SAM>
	</signature>
	<signature ID="20211207_155338891525_615">
		<MACROCLASSID>1</MACROCLASSID>
		<MACROCLASSINFO>waterbody</MACROCLASSINFO>
		<CLASSID>12</CLASSID>
		<CLASSINFO>C 1</CLASSINFO>
		<VALUES>[0.09551198861815714, 0.004995846209603805, 0.07853774414821103, 0.006498890657441827, 0.06948343962430951, 0.008739672141207475, 0.08793041800910774, 0.020298107284261322, 0.06815106685866007, 0.0169243140313289, 0.046649487452073535, 0.010746391368384477]</VALUES>
		<LCS_MIN>[0.08643878251314163, 0.06473907828330994, 0.05034521967172623, 0.048656344413757324, 0.0380866713821888, 0.028260059654712677]</LCS_MIN>
		<LCS_MAX>[0.11328514665365219, 0.09907965362071991, 0.09156157076358795, 0.1279251128435135, 0.10953601449728012, 0.06857021898031235]</LCS_MAX>
		<WAVELENGTH>[0.485, 0.56, 0.66, 0.83, 1.65, 2.215]</WAVELENGTH>
		<MEAN_VALUE>[0.09551198861815714, 0.07853774414821103, 0.06948343962430951, 0.08793041800910774, 0.06815106685866007, 0.046649487452073535]</MEAN_VALUE>
		<CHECKBOX>2</CHECKBOX>
		<SD>[0.004995846209603805, 0.006498890657441827, 0.008739672141207475, 0.020298107284261322, 0.0169243140313289, 0.010746391368384477]</SD>
		<WAVELENGTH_UNIT>E-6m</WAVELENGTH_UNIT>
		<COLOR>#390914</COLOR>
		<COVARIANCE_MATRIX>[[2.5420673412050004e-05, 2.8848115973008502e-05, 3.6022212082731377e-05, 3.972497095716926e-05, 3.5815823126849215e-05, 3.2606333241409306e-05], [2.8848115973008502e-05, 4.301772014363246e-05, 5.221300417776278e-05, 6.177503541287825e-05, 5.9590650002917176e-05, 4.823560366372538e-05], [3.6022212082731377e-05, 5.221300417776278e-05, 7.779634819386827e-05, 9.870893957962032e-05, 9.250490002286245e-05, 7.443626642913951e-05], [3.972497095716926e-05, 6.177503541287825e-05, 9.870893957962032e-05, 0.0004196430326441858, 0.000258258250186212, 0.0001304737891286232], [3.5815823126849215e-05, 5.9590650002917176e-05, 9.250490002286245e-05, 0.000258258250186212, 0.00029173670923531453, 0.0001617769131665969], [3.2606333241409306e-05, 4.823560366372538e-05, 7.443626642913951e-05, 0.0001304737891286232, 0.0001617769131665969, 0.00011762353720994189]]</COVARIANCE_MATRIX>
		<ROI_SIZE>55</ROI_SIZE>
		<MAX_VALUE>[0.11328514665365219, 0.09907965362071991, 0.09156157076358795, 0.1279251128435135, 0.10953601449728012, 0.06857021898031235]</MAX_VALUE>
		<MIN_VALUE>[0.08643878251314163, 0.06473907828330994, 0.05034521967172623, 0.048656344413757324, 0.0380866713821888, 0.028260059654712677]</MIN_VALUE>
		<SIGNATURE_THRESHOLD_MD>0</SIGNATURE_THRESHOLD_MD>
		<SIGNATURE_THRESHOLD_ML>0</SIGNATURE_THRESHOLD_ML>
		<SIGNATURE_THRESHOLD_SAM>0</SIGNATURE_THRESHOLD_SAM>
	</signature>
	<signature ID="20211207_155414757344_390">
		<MACROCLASSID>1</MACROCLASSID>
		<MACROCLASSINFO>waterbody</MACROCLASSINFO>
		<CLASSID>13</CLASSID>
		<CLASSINFO>C 1</CLASSINFO>
		<VALUES>[0.09929400590950983, 0.005186728655593723, 0.08136714458988421, 0.007550802900538205, 0.07203803472874458, 0.011327359974655844, 0.09420112154462883, 0.025134210856276075, 0.0668723372121652, 0.023302898140934423, 0.04285400837921261, 0.015958559666543925]</VALUES>
		<LCS_MIN>[0.09275556355714798, 0.07160719484090805, 0.05668620020151138, 0.05261978507041931, 0.0380866713821888, 0.02459549903869629]</LCS_MIN>
		<LCS_MAX>[0.11644354462623596, 0.10251371562480927, 0.10424350947141647, 0.13585197925567627, 0.1146395206451416, 0.0832284539937973]</LCS_MAX>
		<WAVELENGTH>[0.485, 0.56, 0.66, 0.83, 1.65, 2.215]</WAVELENGTH>
		<MEAN_VALUE>[0.09929400590950983, 0.08136714458988421, 0.07203803472874458, 0.09420112154462883, 0.0668723372121652, 0.04285400837921261]</MEAN_VALUE>
		<CHECKBOX>2</CHECKBOX>
		<SD>[0.005186728655593723, 0.007550802900538205, 0.011327359974655844, 0.025134210856276075, 0.023302898140934423, 0.015958559666543925]</SD>
		<WAVELENGTH_UNIT>E-6m</WAVELENGTH_UNIT>
		<COLOR>#d42ec3</COLOR>
		<COVARIANCE_MATRIX>[[2.7382549756520597e-05, 3.508168511258202e-05, 5.509865877848504e-05, 5.991598227495704e-05, 8.043320397354534e-05, 6.625576322304545e-05], [3.508168511258202e-05, 5.8032742736397216e-05, 8.021445505786188e-05, 0.00010631422901739543, 0.00012417124272103092, 9.681874198799358e-05], [5.509865877848504e-05, 8.021445505786188e-05, 0.00013060031763821088, 0.0001430331226739083, 0.00018687596586457804, 0.00015059201752302086], [5.991598227495704e-05, 0.00010631422901739543, 0.0001430331226739083, 0.0006430094224278844, 0.00038019412178967246, 0.00022240041954484332], [8.043320397354534e-05, 0.00012417124272103092, 0.00018687596586457804, 0.00038019412178967246, 0.0005527219378697429, 0.0003447011513908594], [6.625576322304545e-05, 9.681874198799358e-05, 0.00015059201752302086, 0.00022240041954484332, 0.0003447011513908594, 0.0002592234056776183]]</COVARIANCE_MATRIX>
		<ROI_SIZE>57</ROI_SIZE>
		<MAX_VALUE>[0.11644354462623596, 0.10251371562480927, 0.10424350947141647, 0.13585197925567627, 0.1146395206451416, 0.0832284539937973]</MAX_VALUE>
		<MIN_VALUE>[0.09275556355714798, 0.07160719484090805, 0.05668620020151138, 0.05261978507041931, 0.0380866713821888, 0.02459549903869629]</MIN_VALUE>
		<SIGNATURE_THRESHOLD_MD>0</SIGNATURE_THRESHOLD_MD>
		<SIGNATURE_THRESHOLD_ML>0</SIGNATURE_THRESHOLD_ML>
		<SIGNATURE_THRESHOLD_SAM>0</SIGNATURE_THRESHOLD_SAM>
	</signature>
	<signature ID="20211207_155511375897_161">
		<MACROCLASSID>1</MACROCLASSID>
		<MACROCLASSINFO>waterbody</MACROCLASSINFO>
		<CLASSID>14</CLASSID>
		<CLASSINFO>C 1</CLASSINFO>
		<VALUES>[0.1067542263259322, 0.005269448592370728, 0.0975081346045106, 0.0075560403190800506, 0.10238958314313726, 0.010230562477020375, 0.13685964742454426, 0.01515997508800256, 0.13669714293742588, 0.0175994362735434, 0.09968792179883536, 0.013176067273767876]</VALUES>
		<LCS_MIN>[0.09433476626873016, 0.07504124939441681, 0.07887962460517883, 0.10414449125528336, 0.09932895749807358, 0.06857021898031235]</LCS_MIN>
		<LCS_MAX>[0.11960192024707794, 0.11968400329351425, 0.1296074092388153, 0.16755951941013336, 0.17333006858825684, 0.12720318138599396]</LCS_MAX>
		<WAVELENGTH>[0.485, 0.56, 0.66, 0.83, 1.65, 2.215]</WAVELENGTH>
		<MEAN_VALUE>[0.1067542263259322, 0.0975081346045106, 0.10238958314313726, 0.13685964742454426, 0.13669714293742588, 0.09968792179883536]</MEAN_VALUE>
		<CHECKBOX>2</CHECKBOX>
		<SD>[0.005269448592370728, 0.0075560403190800506, 0.010230562477020375, 0.01515997508800256, 0.0175994362735434, 0.013176067273767876]</SD>
		<WAVELENGTH_UNIT>E-6m</WAVELENGTH_UNIT>
		<COLOR>#5c8019</COLOR>
		<COVARIANCE_MATRIX>[[2.8004414010096295e-05, 3.5119069105191445e-05, 4.5046206092800414e-05, 6.209197610026147e-06, 2.112359535697269e-05, 3.5606026195923697e-05], [3.5119069105191445e-05, 5.7581726032653644e-05, 7.11347699340652e-05, 1.9395660097669863e-05, 3.4735521644211915e-05, 5.4805485039122644e-05], [4.5046206092800414e-05, 7.11347699340652e-05, 0.00010555897619105679, 4.312644858014408e-05, 7.035411470964785e-05, 8.708024118159722e-05], [6.209197610026147e-06, 1.9395660097669863e-05, 4.312644858014408e-05, 0.00023178915958055777, 0.0001756230485778101, 7.724599991466699e-05], [2.112359535697269e-05, 3.4735521644211915e-05, 7.035411470964785e-05, 0.0001756230485778101, 0.00031238750891699797, 0.00018283727895901717], [3.5606026195923697e-05, 5.4805485039122644e-05, 8.708024118159722e-05, 7.724599991466699e-05, 0.00018283727895901717, 0.00017509258426271035]]</COVARIANCE_MATRIX>
		<ROI_SIZE>118</ROI_SIZE>
		<MAX_VALUE>[0.11960192024707794, 0.11968400329351425, 0.1296074092388153, 0.16755951941013336, 0.17333006858825684, 0.12720318138599396]</MAX_VALUE>
		<MIN_VALUE>[0.09433476626873016, 0.07504124939441681, 0.07887962460517883, 0.10414449125528336, 0.09932895749807358, 0.06857021898031235]</MIN_VALUE>
		<SIGNATURE_THRESHOLD_MD>0</SIGNATURE_THRESHOLD_MD>
		<SIGNATURE_THRESHOLD_ML>0</SIGNATURE_THRESHOLD_ML>
		<SIGNATURE_THRESHOLD_SAM>0</SIGNATURE_THRESHOLD_SAM>
	</signature>
	<signature ID="20211207_155743321651_808">
		<MACROCLASSID>1</MACROCLASSID>
		<MACROCLASSINFO>waterbody</MACROCLASSINFO>
		<CLASSID>15</CLASSID>
		<CLASSINFO>C 1</CLASSINFO>
		<VALUES>[0.09596490739814696, 0.004177857312701837, 0.08124470734788526, 0.004889228926622576, 0.07253863710549567, 0.007766078869980393, 0.10734080739559664, 0.016057625506145524, 0.08615857783344485, 0.02104333720713726, 0.05615799765913718, 0.009880395275015422]</VALUES>
		<LCS_MIN>[0.09117636829614639, 0.07504124939441681, 0.059856683015823364, 0.08036385476589203, 0.04574195668101311, 0.03558918088674545]</LCS_MIN>
		<LCS_MAX>[0.11012674868106842, 0.09564559161663055, 0.09156157076358795, 0.13585197925567627, 0.12739835679531097, 0.07589932531118393]</LCS_MAX>
		<WAVELENGTH>[0.485, 0.56, 0.66, 0.83, 1.65, 2.215]</WAVELENGTH>
		<MEAN_VALUE>[0.09596490739814696, 0.08124470734788526, 0.07253863710549567, 0.10734080739559664, 0.08615857783344485, 0.05615799765913718]</MEAN_VALUE>
		<CHECKBOX>2</CHECKBOX>
		<SD>[0.004177857312701837, 0.004889228926622576, 0.007766078869980393, 0.016057625506145524, 0.02104333720713726, 0.009880395275015422]</SD>
		<WAVELENGTH_UNIT>E-6m</WAVELENGTH_UNIT>
		<COLOR>#4fc959</COLOR>
		<COVARIANCE_MATRIX>[[1.8036308116139422e-05, 1.377340705130803e-05, 2.3699003345292404e-05, 1.8191658392938038e-05, 3.991609841170996e-05, 1.9364902075124786e-05], [1.377340705130803e-05, 2.4701378146820395e-05, 3.338876587909421e-05, 2.8055564161721403e-05, 4.9665860404053105e-05, 3.8037085821688937e-05], [2.3699003345292404e-05, 3.338876587909421e-05, 6.232238038191445e-05, 7.874715975164355e-05, 0.00010328655178275133, 6.351414257694957e-05], [1.8191658392938038e-05, 2.8055564161721403e-05, 7.874715975164355e-05, 0.00026644224812546915, 0.000195880532172816, 8.844178070271716e-05], [3.991609841170996e-05, 4.9665860404053105e-05, 0.00010328655178275133, 0.000195880532172816, 0.0004575827755070638, 0.00015088428567446496], [1.9364902075124786e-05, 3.8037085821688937e-05, 6.351414257694957e-05, 8.844178070271716e-05, 0.00015088428567446496, 0.00010087628448356535]]</COVARIANCE_MATRIX>
		<ROI_SIZE>31</ROI_SIZE>
		<MAX_VALUE>[0.11012674868106842, 0.09564559161663055, 0.09156157076358795, 0.13585197925567627, 0.12739835679531097, 0.07589932531118393]</MAX_VALUE>
		<MIN_VALUE>[0.09117636829614639, 0.07504124939441681, 0.059856683015823364, 0.08036385476589203, 0.04574195668101311, 0.03558918088674545]</MIN_VALUE>
		<SIGNATURE_THRESHOLD_MD>0</SIGNATURE_THRESHOLD_MD>
		<SIGNATURE_THRESHOLD_ML>0</SIGNATURE_THRESHOLD_ML>
		<SIGNATURE_THRESHOLD_SAM>0</SIGNATURE_THRESHOLD_SAM>
	</signature>
	<signature ID="20211207_155802362350_822">
		<MACROCLASSID>1</MACROCLASSID>
		<MACROCLASSINFO>waterbody</MACROCLASSINFO>
		<CLASSID>16</CLASSID>
		<CLASSINFO>C 1</CLASSINFO>
		<VALUES>[0.10367835954659514, 0.005135767230543829, 0.09287927072081303, 0.007366098112977076, 0.08988825024829969, 0.01173237563556923, 0.10491515509784223, 0.02239760514914406, 0.09911631399558651, 0.021513091625242082, 0.07539037014875145, 0.01738581261325428]</VALUES>
		<LCS_MIN>[0.09591396898031235, 0.08190936595201492, 0.07253863662481308, 0.06451009958982468, 0.055949002504348755, 0.050247419625520706]</LCS_MIN>
		<LCS_MAX>[0.12118113785982132, 0.11281587928533554, 0.11692545562982559, 0.14377887547016144, 0.1427089124917984, 0.1162094920873642]</LCS_MAX>
		<WAVELENGTH>[0.485, 0.56, 0.66, 0.83, 1.65, 2.215]</WAVELENGTH>
