<?xml version="1.0" ?>
<signaturelist MCID_LIST="[['1', 'waterbody', '#000000'], ['2', 'vegetation', '#000000'], ['3', 'bareland', '#000000'], ['4', 'built-up', '#000000']]">
	<signature ID="20211207_154938978386_449">
		<MACROCLASSID>1</MACROCLASSID>
		<MACROCLASSINFO>waterbody</MACROCLASSINFO>
		<CLASSID>1</CLASSID>
		<CLASSINFO>C 1</CLASSINFO>
		<VALUES>[0.1148901407118186, 0.0017929313309971136, 0.13203697622732147, 0.0021528758526269433, 0.1118108300916335, 0.003147208379241961, 0.037604501410064564, 0.002580476619054224, 0.005424577446897253, 0.001926018457543922, 0.003942607378544094, 0.002649537077062388]</VALUES>
		<LCS_MIN>[0.10854754596948624, 0.12311806529760361, 0.1010730192065239, 0.028839154168963432, 0.0, 0.0]</LCS_MIN>
		<LCS_MAX>[0.12118113785982132, 0.1402883380651474, 0.12643691897392273, 0.05261978507041931, 0.015120809897780418, 0.013601822778582573]</LCS_MAX>
		<WAVELENGTH>[0.485, 0.56, 0.66, 0.83, 1.65, 2.215]</WAVELENGTH>
		<MEAN_VALUE>[0.1148901407118186, 0.13203697622732147, 0.1118108300916335, 0.037604501410064564, 0.005424577446897253, 0.003942607378544094]</MEAN_VALUE>
		<CHECKBOX>2</CHECKBOX>
		<SD>[0.0017929313309971136, 0.0021528758526269433, 0.003147208379241961, 0.002580476619054224, 0.001926018457543922, 0.002649537077062388]</SD>
		<WAVELENGTH_UNIT>E-6m</WAVELENGTH_UNIT>
		<COLOR>#542766</COLOR>
		<COVARIANCE_MATRIX>[[3.1320973903348204e-06, 5.699668577108241e-07, -8.521434438080178e-07, -8.597478995397978e-07, -5.071462538808191e-08, 3.7366362448665313e-08], [5.699668577108241e-07, 4.5132874220144e-06, -1.4790427940170048e-06, -1.5550489251836552e-06, -1.8962995795845927e-07, -1.1374017816478954e-07], [-8.521434438080178e-07, -1.4790427940170048e-06, 1.0102692613145337e-05, 4.645844910555752e-06, 2.7495710241964844e-07, -1.1747908956749598e-07], [-8.597478995397978e-07, -1.5550489251836552e-06, 4.645844910555752e-06, 5.802136911370326e-06, 3.0460694233624963e-07, 1.5595045965710597e-07], [-5.071462538808191e-08, -1.8962995795845927e-07, 2.7495710241964844e-07, 3.0460694233624963e-07, 3.6397264011611696e-06, 1.504424602671861e-07], [3.7366362448665313e-08, -1.1374017816478954e-07, -1.1747908956749598e-07, 1.5595045965710597e-07, 1.504424602671861e-07, 7.018552423687652e-06]]</COVARIANCE_MATRIX>
		<ROI_SIZE>10201</ROI_SIZE>
		<MAX_VALUE>[0.12118113785982132, 0.1402883380651474, 0.12643691897392273, 0.05261978507041931, 0.015120809897780418, 0.013601822778582573]</MAX_VALUE>
		<MIN_VALUE>[0.10854754596948624, 0.12311806529760361, 0.1010730192065239, 0.028839154168963432, 0.0, 0.0]</MIN_VALUE>
		<SIGNATURE_THRESHOLD_MD>0.0</SIGNATURE_THRESHOLD_MD>
		<SIGNATURE_THRESHOLD_ML>0.0</SIGNATURE_THRESHOLD_ML>
		<SIGNATURE_THRESHOLD_SAM>0.0</SIGNATURE_THRESHOLD_SAM>
	</signature>
	<signature ID="20211207_154946292270_694">
		<MACROCLASSID>1</MACROCLASSID>
		<MACROCLASSINFO>waterbody</MACROCLASSINFO>
		<CLASSID>2</CLASSID>
		<CLASSINFO>C 1</CLASSINFO>
		<VALUES>[0.11731538833831516, 0.0018740443788986115, 0.1325507348650595, 0.002262256753519353, 0.10696099624272948, 0.003478941194817787, 0.03553136658065196, 0.002479120335624823, 0.005623936558751656, 0.0022141747608032626, 0.004025218226705689, 0.0027128757414425944]</VALUES>
		<LCS_MIN>[0.1006515696644783, 0.09907965362071991, 0.07570912688970566, 0.028839154168963432, 0.0, 0.0]</LCS_MIN>
		<LCS_MAX>[0.1243395209312439, 0.14372240006923676, 0.12009594589471817, 0.06847354769706726, 0.032983142882585526, 0.0209309384226799]</LCS_MAX>
		<WAVELENGTH>[0.485, 0.56, 0.66, 0.83, 1.65, 2.215]</WAVELENGTH>
		<MEAN_VALUE>[0.11731538833831516, 0.1325507348650595, 0.10696099624272948, 0.03553136658065196, 0.005623936558751656, 0.004025218226705689]</MEAN_VALUE>
		<CHECKBOX>2</CHECKBOX>
		<SD>[0.0018740443788986115, 0.002262256753519353, 0.003478941194817787, 0.002479120335624823, 0.0022141747608032626, 0.0027128757414425944]</SD>
		<WAVELENGTH_UNIT>E-6m</WAVELENGTH_UNIT>
		<COLOR>#253ac6</COLOR>
		<COVARIANCE_MATRIX>[[3.3771677863114746e-06, 1.0971792789860046e-06, 2.3401603357342537e-06, -3.6015546811540844e-07, -6.970653316784592e-07, -3.988160983681155e-07], [1.0971792789860046e-06, 4.917552814731607e-06, 2.064777618215885e-06, -9.442675263926503e-07, -1.2292013025216875e-06, -8.099832484731451e-07], [2.3401603357342537e-06, 2.064777618215885e-06, 1.1055437425966375e-05, 9.99886310637521e-07, -1.069401832864969e-06, -6.719305929436814e-07], [-3.6015546811540844e-07, -9.442675263926503e-07, 9.99886310637521e-07, 5.756814971391577e-06, 1.243663064087741e-06, 8.531047797077917e-07], [-6.970653316784592e-07, -1.2292013025216875e-06, -1.069401832864969e-06, 1.243663064087741e-06, 4.969906512997113e-06, 9.98124164652836e-07], [-3.988160983681155e-07, -8.099832484731451e-07, -6.719305929436814e-07, 8.531047797077917e-07, 9.98124164652836e-07, 7.570217348984443e-06]]</COVARIANCE_MATRIX>
		<ROI_SIZE>10143</ROI_SIZE>
		<MAX_VALUE>[0.1243395209312439, 0.14372240006923676, 0.12009594589471817, 0.06847354769706726, 0.032983142882585526, 0.0209309384226799]</MAX_VALUE>
		<MIN_VALUE>[0.1006515696644783, 0.09907965362071991, 0.07570912688970566, 0.028839154168963432, 0.0, 0.0]</MIN_VALUE>
		<SIGNATURE_THRESHOLD_MD>0.0</SIGNATURE_THRESHOLD_MD>
		<SIGNATURE_THRESHOLD_ML>0.0</SIGNATURE_THRESHOLD_ML>
		<SIGNATURE_THRESHOLD_SAM>0.0</SIGNATURE_THRESHOLD_SAM>
	</signature>
	<signature ID="20211207_155003486956_175">
		<MACROCLASSID>1</MACROCLASSID>
		<MACROCLASSINFO>waterbody</MACROCLASSINFO>
		<CLASSID>3</CLASSID>
		<CLASSINFO>C 1</CLASSINFO>
		<VALUES>[0.09433167588162568, 0.0028863099433091384, 0.09997345007037466, 0.0038322771148812914, 0.09229369276365425, 0.006345240532343008, 0.07431398749118213, 0.011195744606464804, 0.013028463274021787, 0.007454946479184459, 0.008051453995720687, 0.004638246610966388]</VALUES>
		<LCS_MIN>[0.08801797032356262, 0.08534342050552368, 0.0693681389093399, 0.0565832257270813, 0.0023619970306754112, 0.0]</LCS_MIN>
		<LCS_MAX>[0.10538914799690247, 0.11281587928533554, 0.11375497281551361, 0.10414449125528336, 0.04574195668101311, 0.031924620270729065]</LCS_MAX>
		<WAVELENGTH>[0.485, 0.56, 0.66, 0.83, 1.65, 2.215]</WAVELENGTH>
		<MEAN_VALUE>[0.09433167588162568, 0.09997345007037466, 0.09229369276365425, 0.07431398749118213, 0.013028463274021787, 0.008051453995720687]</MEAN_VALUE>
		<CHECKBOX>2</CHECKBOX>
		<SD>[0.0028863099433091384, 0.0038322771148812914, 0.006345240532343008, 0.011195744606464804, 0.007454946479184459, 0.004638246610966388]</SD>
		<WAVELENGTH_UNIT>E-6m</WAVELENGTH_UNIT>
		<COLOR>#4a5cdf</COLOR>
		<COVARIANCE_MATRIX>[[8.347119546670001e-06, 5.627867267321562e-06, 1.20873810374178e-05, 8.731679372431245e-06, -8.549130825485918e-08, 6.376806709340599e-07], [5.627867267321562e-06, 1.4715144970978145e-05, 1.7960079276235774e-05, -7.285356787178898e-06, -1.1854755030071829e-05, -5.184638666833052e-06], [1.20873810374178e-05, 1.7960079276235774e-05, 4.0341023122891784e-05, 6.0887909967277665e-06, -1.0838582056749146e-05, -3.6705919228552375e-06], [8.731679372431245e-06, -7.285356787178898e-06, 6.0887909967277665e-06, 0.00012559046444948763, 5.962018622085452e-05, 3.348081008880399e-05], [-8.549130825485918e-08, -1.1854755030071829e-05, -1.0838582056749146e-05, 5.962018622085452e-05, 5.568519918597303e-05, 2.5711633497849107e-05], [6.376806709340599e-07, -5.184638666833052e-06, -3.6705919228552375e-06, 3.348081008880399e-05, 2.5711633497849107e-05, 2.1555513740167953e-05]]</COVARIANCE_MATRIX>
		<ROI_SIZE>511</ROI_SIZE>
		<MAX_VALUE>[0.10538914799690247, 0.11281587928533554, 0.11375497281551361, 0.10414449125528336, 0.04574195668101311, 0.031924620270729065]</MAX_VALUE>
		<MIN_VALUE>[0.08801797032356262, 0.08534342050552368, 0.0693681389093399, 0.0565832257270813, 0.0023619970306754112, 0.0]</MIN_VALUE>
		<SIGNATURE_THRESHOLD_MD>0.0</SIGNATURE_THRESHOLD_MD>
		<SIGNATURE_THRESHOLD_ML>0.0</SIGNATURE_THRESHOLD_ML>
		<SIGNATURE_THRESHOLD_SAM>0.0</SIGNATURE_THRESHOLD_SAM>
	</signature>
	<signature ID="20211207_155050144400_488">
		<MACROCLASSID>1</MACROCLASSID>
		<MACROCLASSINFO>waterbody</MACROCLASSINFO>
		<CLASSID>4</CLASSID>
		<CLASSINFO>C 1</CLASSINFO>
		<VALUES>[0.11763223573767198, 0.0017158213985822726, 0.13439070046951657, 0.0021169622020232727, 0.11109894950443383, 0.0022743857390421255, 0.03416015731786329, 0.002123078737316849, 0.005082174046558488, 0.0019701576765363475, 0.0036291572562495438, 0.0026290524969517772]</VALUES>
		<LCS_MIN>[0.11012674868106842, 0.12655210494995117, 0.1010730192065239, 0.028839154168963432, 0.0, 0.0]</LCS_MIN>
		<LCS_MAX>[0.1243395209312439, 0.1471564620733261, 0.12009594589471817, 0.06054665893316269, 0.03043138049542904, 0.013601822778582573]</LCS_MAX>
		<WAVELENGTH>[0.485, 0.56, 0.66, 0.83, 1.65, 2.215]</WAVELENGTH>
		<MEAN_VALUE>[0.11763223573767198, 0.13439070046951657, 0.11109894950443383, 0.03416015731786329, 0.005082174046558488, 0.0036291572562495438]</MEAN_VALUE>
		<CHECKBOX>2</CHECKBOX>
		<SD>[0.0017158213985822726, 0.0021169622020232727, 0.0022743857390421255, 0.002123078737316849, 0.0019701576765363475, 0.0026290524969517772]</SD>
		<WAVELENGTH_UNIT>E-6m</WAVELENGTH_UNIT>
		<COLOR>#539990</COLOR>
		<COVARIANCE_MATRIX>[[2.813023911585333e-06, 2.88000563841706e-07, -5.128909492668754e-07, -5.584610676123702e-07, -7.3101737996239535e-09, -2.115135622204889e-08], [2.88000563841706e-07, 4.261979938746663e-06, -5.157119744580996e-07, -6.311343554443738e-07, -1.438208698800736e-07, -7.926535516844524e-08], [-5.128909492668754e-07, -5.157119744580996e-07, 5.44832982996013e-06, 1.5727324580439017e-06, 5.399325786470399e-08, -3.861804032112559e-08], [-5.584610676123702e-07, -6.311343554443738e-07, 1.5727324580439017e-06, 4.2663109525165055e-06, 3.1596181315762806e-07, 1.2297432760988158e-07], [-7.3101737996239535e-09, -1.438208698800736e-07, 5.399325786470399e-08, 3.1596181315762806e-07, 3.8549205783056095e-06, 1.943040786045458e-07], [-2.115135622204889e-08, -7.926535516844524e-08, -3.861804032112559e-08, 1.2297432760988158e-07, 1.943040786045458e-07, 6.865237082820386e-06]]</COVARIANCE_MATRIX>
		<ROI_SIZE>10199</ROI_SIZE>
		<MAX_VALUE>[0.1243395209312439, 0.1471564620733261, 0.12009594589471817, 0.06054665893316269, 0.03043138049542904, 0.013601822778582573]</MAX_VALUE>
		<MIN_VALUE>[0.11012674868106842, 0.12655210494995117, 0.1010730192065239, 0.028839154168963432, 0.0, 0.0]</MIN_VALUE>
		<SIGNATURE_THRESHOLD_MD>0.0</SIGNATURE_THRESHOLD_MD>
		<SIGNATURE_THRESHOLD_ML>0.0</SIGNATURE_THRESHOLD_ML>
		<SIGNATURE_THRESHOLD_SAM>0.0</SIGNATURE_THRESHOLD_SAM>
	</signature>
	<signature ID="20211207_155107274082_295">
		<MACROCLASSID>1</MACROCLASSID>
		<MACROCLASSINFO>waterbody</MACROCLASSINFO>
		<CLASSID>5</CLASSID>
		<CLASSINFO>C 1</CLASSINFO>
		<VALUES>[0.10033572191993394, 0.009134812173040479, 0.0973626255989075, 0.013468924158357877, 0.10133723020553588, 0.01763630497261998, 0.14470367357134825, 0.018777483638537876, 0.1262925845881303, 0.02017004757059069, 0.0897025131310026, 0.015129600816968507]</VALUES>
		<LCS_MIN>[0.08170118182897568, 0.07504124939441681, 0.0693681389093399, 0.10018104314804077, 0.08912192285060883, 0.057576533406972885]</LCS_MIN>
		<LCS_MAX>[0.11644354462623596, 0.12311806529760361, 0.13594837486743927, 0.17548637092113495, 0.15801949799060822, 0.11987406015396118]</LCS_MAX>
		<WAVELENGTH>[0.485, 0.56, 0.66, 0.83, 1.65, 2.215]</WAVELENGTH>
		<MEAN_VALUE>[0.10033572191993394, 0.0973626255989075, 0.10133723020553588, 0.14470367357134825, 0.1262925845881303, 0.0897025131310026]</MEAN_VALUE>
		<CHECKBOX>2</CHECKBOX>
		<SD>[0.009134812173040479, 0.013468924158357877, 0.01763630497261998, 0.018777483638537876, 0.02017004757059069, 0.015129600816968507]</SD>
		<WAVELENGTH_UNIT>E-6m</WAVELENGTH_UNIT>
		<COLOR>#827f26</COLOR>
		<COVARIANCE_MATRIX>[[8.485911530442536e-05, 0.00011921537952730432, 0.0001502896921010688, 4.010032171208877e-06, -2.1993121208652155e-06, 7.044528319966048e-05], [0.00011921537952730432, 0.0001844866928877309, 0.00023371515271719545, 3.783309875871055e-05, 4.0695525967748836e-05, 0.00012157730816397816], [0.0001502896921010688, 0.00023371515271719545, 0.0003163111105095595, 9.0269539214205e-05, 7.96920430730097e-05, 0.0001741125452099368], [4.010032171208877e-06, 3.783309875871055e-05, 9.0269539214205e-05, 0.0003585700469557196, 0.0002720543707255274, 0.00011946000449825078], [-2.1993121208652155e-06, 4.0695525967748836e-05, 7.96920430730097e-05, 0.0002720543707255274, 0.00041372625855728984, 0.00021981922327540815], [7.044528319966048e-05, 0.00012157730816397816, 0.0001741125452099368, 0.00011946000449825078, 0.00021981922327540815, 0.0002327845577383414]]</COVARIANCE_MATRIX>
		<ROI_SIZE>60</ROI_SIZE>
		<MAX_VALUE>[0.11644354462623596, 0.12311806529760361, 0.13594837486743927, 0.17548637092113495, 0.15801949799060822, 0.11987406015396118]</MAX_VALUE>
		<MIN_VALUE>[0.08170118182897568, 0.07504124939441681, 0.0693681389093399, 0.10018104314804077, 0.08912192285060883, 0.057576533406972885]</MIN_VALUE>
		<SIGNATURE_THRESHOLD_MD>0.0</SIGNATURE_THRESHOLD_MD>
		<SIGNATURE_THRESHOLD_ML>0.0</SIGNATURE_THRESHOLD_ML>
		<SIGNATURE_THRESHOLD_SAM>0.0</SIGNATURE_THRESHOLD_SAM>
	</signature>
	<signature ID="20211207_155123716726_540">
		<MACROCLASSID>1</MACROCLASSID>
		<MACROCLASSINFO>waterbody</MACROCLASSINFO>
		<CLASSID>6</CLASSID>
		<CLASSINFO>C 1</CLASSINFO>
		<VALUES>[0.10224955954721995, 0.00708544717733709, 0.08501636893266719, 0.009605706286666047, 0.0782379654369184, 0.013493695391789356, 0.08248712588101625, 0.020824416974734, 0.06770533740165686, 0.019168644271831636, 0.049374903640931576, 0.016607591653281437]</VALUES>
		<LCS_MIN>[0.0895971730351448, 0.06817314028739929, 0.05668620020151138, 0.04072946310043335, 0.03043138049542904, 0.0209309384226799]</LCS_MIN>
		<LCS_MAX>[0.12118113785982132, 0.10938183218240738, 0.11058449745178223, 0.11999823153018951, 0.09932895749807358, 0.0832284539937973]</LCS_MAX>
		<WAVELENGTH>[0.485, 0.56, 0.66, 0.83, 1.65, 2.215]</WAVELENGTH>
		<MEAN_VALUE>[0.10224955954721995, 0.08501636893266719, 0.0782379654369184, 0.08248712588101625, 0.06770533740165686, 0.049374903640931576]</MEAN_VALUE>
		<CHECKBOX>2</CHECKBOX>
		<SD>[0.00708544717733709, 0.009605706286666047, 0.013493695391789356, 0.020824416974734, 0.019168644271831636, 0.016607591653281437]</SD>
		<WAVELENGTH_UNIT>E-6m</WAVELENGTH_UNIT>
		<COLOR>#c8fb10</COLOR>
		<COVARIANCE_MATRIX>[[5.0808423111448064e-05, 6.416817632270977e-05, 8.898897067410871e-05, 0.00011036027717636898, 0.00010692852811189368, 9.756003419170156e-05], [6.416817632270977e-05, 9.338127711089328e-05, 0.00012611044803634286, 0.0001587834267411381, 0.00015000997518654913, 0.000139503157697618], [8.898897067410871e-05, 0.00012611044803634286, 0.000184273550985381, 0.00022696182713843882, 0.00020755321020260453, 0.00019386732310522348], [0.00011036027717636898, 0.0001587834267411381, 0.00022696182713843882, 0.0004388811066746712, 0.00033663917565718293, 0.00026016170158982277], [0.00010692852811189368, 0.00015000997518654913, 0.00020755321020260453, 0.00033663917565718293, 0.00037186386180110276, 0.0002884351124521345], [9.756003419170156e-05, 0.000139503157697618, 0.00019386732310522348, 0.00026016170158982277, 0.0002884351124521345, 0.0002791351289488375]]</COVARIANCE_MATRIX>
		<ROI_SIZE>84</ROI_SIZE>
		<MAX_VALUE>[0.12118113785982132, 0.10938183218240738, 0.11058449745178223, 0.11999823153018951, 0.09932895749807358, 0.0832284539937973]</MAX_VALUE>
		<MIN_VALUE>[0.0895971730351448, 0.06817314028739929, 0.05668620020151138, 0.04072946310043335, 0.03043138049542904, 0.0209309384226799]</MIN_VALUE>
		<SIGNATURE_THRESHOLD_MD>0.0</SIGNATURE_THRESHOLD_MD>
		<SIGNATURE_THRESHOLD_ML>0.0</SIGNATURE_THRESHOLD_ML>
		<SIGNATURE_THRESHOLD_SAM>0.0</SIGNATURE_THRESHOLD_SAM>
	</signature>
	<signature ID="20211207_155140059375_533">
		<MACROCLASSID>1</MACROCLASSID>
		<MACROCLASSINFO>waterbody</MACROCLASSINFO>
		<CLASSID>7</CLASSID>
		<CLASSINFO>C 1</CLASSINFO>
		<VALUES>[0.10325907413349594, 0.00623252905336091, 0.08526355981133708, 0.009726761036772507, 0.07652018132597899, 0.013082856225940917, 0.09842975844824041, 0.022781091605279805, 0.07398937010141306, 0.020777277348697484, 0.04948041657375736, 0.01565865703082161]</VALUES>
		<LCS_MIN>[0.09433476626873016, 0.07160719484090805, 0.05668620020151138, 0.044692907482385635, 0.040638431906700134, 0.02459549903869629]</LCS_MIN>
		<LCS_MAX>[0.12118113785982132, 0.11281587928533554, 0.11058449745178223, 0.13585197925567627, 0.12484657019376755, 0.07956390082836151]</LCS_MAX>
		<WAVELENGTH>[0.485, 0.56, 0.66, 0.83, 1.65, 2.215]</WAVELENGTH>
		<MEAN_VALUE>[0.10325907413349594, 0.08526355981133708, 0.07652018132597899, 0.09842975844824041, 0.07398937010141306, 0.04948041657375736]</MEAN_VALUE>
		<CHECKBOX>2</CHECKBOX>
		<SD>[0.00623252905336091, 0.009726761036772507, 0.013082856225940917, 0.022781091605279805, 0.020777277348697484, 0.01565865703082161]</SD>
		<WAVELENGTH_UNIT>E-6m</WAVELENGTH_UNIT>
		<COLOR>#9cf580</COLOR>
		<COVARIANCE_MATRIX>[[3.9769285649526864e-05, 5.5605840316275135e-05, 7.484458183171228e-05, 7.933683082228526e-05, 9.076950664166361e-05, 7.107899727998301e-05], [5.5605840316275135e-05, 9.686249541118741e-05, 0.00012190415873192251, 0.00011101066047558561, 0.00013876042794436216, 0.0001075031395885162], [7.484458183171228e-05, 0.00012190415873192251, 0.00017523638962302357, 0.0001606239820830524, 0.00021058601851109415, 0.00015499615983571857], [7.933683082228526e-05, 0.00011101066047558561, 0.0001606239820830524, 0.0005313347792252898, 0.0003921067691408098, 0.0002510701888240874], [9.076950664166361e-05, 0.00013876042794436216, 0.00021058601851109415, 0.0003921067691408098, 0.00044197370880283415, 0.00028557050973176956], [7.107899727998301e-05, 0.0001075031395885162, 0.00015499615983571857, 0.0002510701888240874, 0.00028557050973176956, 0.0002510314807295799]]</COVARIANCE_MATRIX>
		<ROI_SIZE>43</ROI_SIZE>
		<MAX_VALUE>[0.12118113785982132, 0.11281587928533554, 0.11058449745178223, 0.13585197925567627, 0.12484657019376755, 0.07956390082836151]</MAX_VALUE>
		<MIN_VALUE>[0.09433476626873016, 0.07160719484090805, 0.05668620020151138, 0.044692907482385635, 0.040638431906700134, 0.02459549903869629]</MIN_VALUE>
		<SIGNATURE_THRESHOLD_MD>0.0</SIGNATURE_THRESHOLD_MD>
		<SIGNATURE_THRESHOLD_ML>0.0</SIGNATURE_THRESHOLD_ML>
		<SIGNATURE_THRESHOLD_SAM>0.0</SIGNATURE_THRESHOLD_SAM>
	</signature>
	<signature ID="20211207_155150470944_604">
		<MACROCLASSID>1</MACROCLASSID>
		<MACROCLASSINFO>waterbody</MACROCLASSINFO>
		<CLASSID>8</CLASSID>
		<CLASSINFO>C 1</CLASSINFO>
		<VALUES>[0.10530604049563409, 0.0062114725415059495, 0.08941006915349708, 0.007793327261228993, 0.08538745618180223, 0.011681933355770972, 0.09277567424272234, 0.014917963778923472, 0.0848913614295031, 0.01390622734226319, 0.06432704156950898, 0.011604394327392256]</VALUES>
		<LCS_MIN>[0.09275556355714798, 0.07504124939441681, 0.06302718073129654, 0.06054665893316269, 0.05084548145532608, 0.03925374150276184]</LCS_MIN>
		<LCS_MAX>[0.11644354462623596, 0.10938183218240738, 0.11375497281551361, 0.11999823153018951, 0.10953601449728012, 0.08689301460981369]</LCS_MAX>
		<WAVELENGTH>[0.485, 0.56, 0.66, 0.83, 1.65, 2.215]</WAVELENGTH>
		<MEAN_VALUE>[0.10530604049563409, 0.08941006915349708, 0.08538745618180223, 0.09277567424272234, 0.0848913614295031, 0.06432704156950898]</MEAN_VALUE>
		<CHECKBOX>2</CHECKBOX>
		<SD>[0.0062114725415059495, 0.007793327261228993, 0.011681933355770972, 0.014917963778923472, 0.01390622734226319, 0.011604394327392256]</SD>
		<WAVELENGTH_UNIT>E-6m</WAVELENGTH_UNIT>
		<COLOR>#7f6d67</COLOR>
		<COVARIANCE_MATRIX>[[3.962515984312631e-05, 4.490415085456334e-05, 6.632087752223015e-05, 5.5699369113426656e-05, 3.557977470336482e-05, 2.7321879315422848e-05], [4.490415085456334e-05, 6.237746129045263e-05, 8.816971239866689e-05, 8.095739030977711e-05, 5.982578659313731e-05, 4.2890471377177164e-05], [6.632087752223015e-05, 8.816971239866689e-05, 0.0001401558838551864, 0.00013066529936622828, 8.9062683400698e-05, 5.850538218510337e-05], [5.5699369113426656e-05, 8.095739030977711e-05, 0.00013066529936622828, 0.00022856038413010538, 0.00015889240603428334, 0.00011140087735839188], [3.557977470336482e-05, 5.982578659313731e-05, 8.9062683400698e-05, 0.00015889240603428334, 0.00019860973407048732, 0.0001253683731192723], [2.7321879315422848e-05, 4.2890471377177164e-05, 5.850538218510337e-05, 0.00011140087735839188, 0.0001253683731192723, 0.0001383014750899747]]</COVARIANCE_MATRIX>
		<ROI_SIZE>38</ROI_SIZE>
		<MAX_VALUE>[0.11644354462623596, 0.10938183218240738, 0.11375497281551361, 0.11999823153018951, 0.10953601449728012, 0.08689301460981369]</MAX_VALUE>
		<MIN_VALUE>[0.09275556355714798, 0.07504124939441681, 0.06302718073129654, 0.06054665893316269, 0.05084548145532608, 0.03925374150276184]</MIN_VALUE>
		<SIGNATURE_THRESHOLD_MD>0.0</SIGNATURE_THRESHOLD_MD>
		<SIGNATURE_THRESHOLD_ML>0.0</SIGNATURE_THRESHOLD_ML>
		<SIGNATURE_THRESHOLD_SAM>0.0</SIGNATURE_THRESHOLD_SAM>
	</signature>
	<signature ID="20211207_155201933417_358">
		<MACROCLASSID>1</MACROCLASSID>
		<MACROCLASSINFO>waterbody</MACROCLASSINFO>
		<CLASSID>9</CLASSID>
		<CLASSINFO>C 1</CLASSINFO>
		<VALUES>[0.09584530442953111, 0.0023039767395356455, 0.07787807901268419, 0.004006322486177639, 0.0641299541229787, 0.005256302995763785, 0.06830121463407642, 0.020759071541269228, 0.04496533115920813, 0.013490799344720203, 0.03064999032927596, 0.008412796936007659]</VALUES>
		<LCS_MIN>[0.09117636829614639, 0.07160719484090805, 0.05668620020151138, 0.03676603361964226, 0.025327857583761215, 0.017266379669308662]</LCS_MIN>
		<LCS_MAX>[0.09907235950231552, 0.08534342050552368, 0.07570912688970566, 0.10414449125528336, 0.07125957310199738, 0.050247419625520706]</LCS_MAX>
		<WAVELENGTH>[0.485, 0.56, 0.66, 0.83, 1.65, 2.215]</WAVELENGTH>
		<MEAN_VALUE>[0.09584530442953111, 0.07787807901268419, 0.0641299541229787, 0.06830121463407642, 0.04496533115920813, 0.03064999032927596]</MEAN_VALUE>
		<CHECKBOX>2</CHECKBOX>
		<SD>[0.0023039767395356455, 0.004006322486177639, 0.005256302995763785, 0.020759071541269228, 0.013490799344720203, 0.008412796936007659]</SD>
		<WAVELENGTH_UNIT>E-6m</WAVELENGTH_UNIT>
		<COLOR>#61671b</COLOR>
		<COVARIANCE_MATRIX>[[5.549595698539633e-06, 7.845213076507207e-06, 1.0775565897347406e-05, -1.0254473636450712e-05, 4.937553512718296e-07, 2.2759452349419007e-06], [7.845213076507207e-06, 1.6780193618615158e-05, 1.8999568055733107e-05, 1.0409741662442684e-05, 1.5845951566006988e-05, 1.0072418263007421e-05], [1.0775565897347406e-05, 1.8999568055733107e-05, 2.888457129301969e-05, 3.054567514482187e-06, 2.18566638068296e-05, 1.4672302313556429e-05], [-1.0254473636450712e-05, 1.0409741662442684e-05, 3.054567514482187e-06, 0.0004505271790549159, 0.0002586802002042532, 0.00012322657858021557], [4.937553512718296e-07, 1.5845951566006988e-05, 2.18566638068296e-05, 0.0002586802002042532, 0.00019027446978725493, 8.227477519540116e-05], [2.2759452349419007e-06, 1.0072418263007421e-05, 1.4672302313556429e-05, 0.00012322657858021557, 8.227477519540116e-05, 7.399220339721069e-05]]</COVARIANCE_MATRIX>
		<ROI_SIZE>23</ROI_SIZE>
		<MAX_VALUE>[0.09907235950231552, 0.08534342050552368, 0.07570912688970566, 0.10414449125528336, 0.07125957310199738, 0.050247419625520706]</MAX_VALUE>
		<MIN_VALUE>[0.09117636829614639, 0.07160719484090805, 0.05668620020151138, 0.03676603361964226, 0.025327857583761215, 0.017266379669308662]</MIN_VALUE>
		<SIGNATURE_THRESHOLD_MD>0.0</SIGNATURE_THRESHOLD_MD>
		<SIGNATURE_THRESHOLD_ML>0.0</SIGNATURE_THRESHOLD_ML>
		<SIGNATURE_THRESHOLD_SAM>0.0</SIGNATURE_THRESHOLD_SAM>
	</signature>
	<signature ID="20211207_155210721294_866">
		<MACROCLASSID>1</MACROCLASSID>
		<MACROCLASSINFO>waterbody</MACROCLASSINFO>
		<CLASSID>10</CLASSID>
		<CLASSINFO>C 1</CLASSINFO>
		<VALUES>[0.09692289825114939, 0.0037987100961047906, 0.07895225928061539, 0.0060653645763074976, 0.06373172708683543, 0.00818995251429199, 0.06979468475199407, 0.0175767066833695, 0.04645077708280749, 0.01579450756959916, 0.03192461902896563, 0.012123239288168984]</VALUES>
		<LCS_MIN>[0.09117636829614639, 0.07160719484090805, 0.0535157136619091, 0.04072946310043335, 0.025327857583761215, 0.017266379669308662]</LCS_MIN>
		<LCS_MAX>[0.1117059588432312, 0.09907965362071991, 0.09156157076358795, 0.10018104314804077, 0.08146663010120392, 0.057576533406972885]</LCS_MAX>
		<WAVELENGTH>[0.485, 0.56, 0.66, 0.83, 1.65, 2.215]</WAVELENGTH>
		<MEAN_VALUE>[0.09692289825114939, 0.07895225928061539, 0.06373172708683543, 0.06979468475199407, 0.04645077708280749, 0.03192461902896563]</MEAN_VALUE>
		<CHECKBOX>2</CHECKBOX>
		<SD>[0.0037987100961047906, 0.0060653645763074976, 0.00818995251429199, 0.0175767066833695, 0.01579450756959916, 0.012123239288168984]</SD>
		<WAVELENGTH_UNIT>E-6m</WAVELENGTH_UNIT>
		<COLOR>#e65d59</COLOR>
		<COVARIANCE_MATRIX>[[1.4842489690636285e-05, 1.8563227058621123e-05, 2.7307109121466056e-05, 1.275655631616246e-05, 2.862394103431143e-05, 2.9596723834401928e-05], [1.8563227058621123e-05, 3.783975262194872e-05, 4.320490552345291e-05, 2.5406594431842677e-05, 4.947559500578791e-05, 4.530350997811183e-05], [2.7307109121466056e-05, 4.320490552345291e-05, 6.899175787111744e-05, 4.428029205882922e-05, 8.431918831774965e-05, 7.933734013931826e-05], [1.275655631616246e-05, 2.5406594431842677e-05, 4.428029205882922e-05, 0.0003177674952894449, 0.0001695257524261251, 0.0001091394224204123], [2.862394103431143e-05, 4.947559500578791e-05, 8.431918831774965e-05, 0.0001695257524261251, 0.00025659409584477544, 0.00017740344628691673], [2.9596723834401928e-05, 4.530350997811183e-05, 7.933734013931826e-05, 0.0001091394224204123, 0.00017740344628691673, 0.00015117216389626265]]</COVARIANCE_MATRIX>
		<ROI_SIZE>36</ROI_SIZE>
		<MAX_VALUE>[0.1117059588432312, 0.09907965362071991, 0.09156157076358795, 0.10018104314804077, 0.08146663010120392, 0.057576533406972885]</MAX_VALUE>
		<MIN_VALUE>[0.09117636829614639, 0.07160719484090805, 0.0535157136619091, 0.04072946310043335, 0.025327857583761215, 0.017266379669308662]</MIN_VALUE>
		<SIGNATURE_THRESHOLD_MD>0.0</SIGNATURE_THRESHOLD_MD>
		<SIGNATURE_THRESHOLD_ML>0.0</SIGNATURE_THRESHOLD_ML>
		<SIGNATURE_THRESHOLD_SAM>0.0</SIGNATURE_THRESHOLD_SAM>
	</signature>
	<signature ID="20211207_155327718702_183">
		<MACROCLASSID>1</MACROCLASSID>
		<MACROCLASSINFO>waterbody</MACROCLASSINFO>
		<CLASSID>11</CLASSID>
		<CLASSINFO>C 1</CLASSINFO>
		<VALUES>[0.0997271521425829, 0.006374074246374317, 0.08693481363901279, 0.008207380232767061, 0.08205009924202432, 0.011800714715249419, 0.09670095545489613, 0.020022901823307616, 0.08464077060542455, 0.021258483206389525, 0.059274747967720046, 0.015230224183770433]</VALUES>
		<LCS_MIN>[0.09117636829614639, 0.07160719484090805, 0.06302718073129654, 0.0565832257270813, 0.04319018870592117, 0.031924620270729065]</LCS_MIN>
		<LCS_MAX>[0.11486433446407318, 0.10938183218240738, 0.11058449745178223, 0.13188855350017548, 0.11974306404590607, 0.09055758267641068]</LCS_MAX>
		<WAVELENGTH>[0.485, 0.56, 0.66, 0.83, 1.65, 2.215]</WAVELENGTH>
		<MEAN_VALUE>[0.0997271521425829, 0.08693481363901279, 0.08205009924202432, 0.09670095545489613, 0.08464077060542455, 0.059274747967720046]</MEAN_VALUE>
		<CHECKBOX>2</CHECKBOX>
		<SD>[0.006374074246374317, 0.008207380232767061, 0.011800714715249419, 0.020022901823307616, 0.021258483206389525, 0.015230224183770433]</SD>
		<WAVELENGTH_UNIT>E-6m</WAVELENGTH_UNIT>
		<COLOR>#48584f</COLOR>
		<COVARIANCE_MATRIX>[[4.164454367128201e-05, 4.746828562929295e-05, 7.034594455035403e-05, 0.0001023240911308676, 9.619528282200918e-05, 7.886642561061308e-05], [4.746828562929295e-05, 6.904511974425986e-05, 9.390586637891829e-05, 0.00012715191405732185, 0.00013700044655706733, 0.00010765721526695415], [7.034594455035403e-05, 9.390586637891829e-05, 0.00014273829583544284, 0.00019665843865368515, 0.00020144926384091377, 0.00016294862143695354], [0.0001023240911308676, 0.00012715191405732185, 0.00019665843865368515, 0.0004109395085833967, 0.0003807273169513792, 0.00026059526135213673], [9.619528282200918e-05, 0.00013700044655706733, 0.00020144926384091377, 0.0003807273169513792, 0.00046322119305841625, 0.00030726869590580463], [7.886642561061308e-05, 0.00010765721526695415, 0.00016294862143695354, 0.00026059526135213673, 0.00030726869590580463, 0.0002377587225055322]]</COVARIANCE_MATRIX>
		<ROI_SIZE>41</ROI_SIZE>
		<MAX_VALUE>[0.11486433446407318, 0.10938183218240738, 0.11058449745178223, 0.13188855350017548, 0.11974306404590607, 0.09055758267641068]</MAX_VALUE>
		<MIN_VALUE>[0.09117636829614639, 0.07160719484090805, 0.06302718073129654, 0.0565832257270813, 0.04319018870592117, 0.031924620270729065]</MIN_VALUE>
		<SIGNATURE_THRESHOLD_MD>0.0</SIGNATURE_THRESHOLD_MD>
		<SIGNATURE_THRESHOLD_ML>0.0</SIGNATURE_THRESHOLD_ML>
		<SIGNATURE_THRESHOLD_SAM>0.0</SIGNATURE_THRESHOLD_SAM>
	</signature>
	<signature ID="20211207_155338891525_615">
		<MACROCLASSID>1</MACROCLASSID>
		<MACROCLASSINFO>waterbody</MACROCLASSINFO>
		<CLASSID>12</CLASSID>
		<CLASSINFO>C 1</CLASSINFO>
		<VALUES>[0.09551198861815714, 0.004995846209603805, 0.07853774414821103, 0.006498890657441827, 0.06948343962430951, 0.008739672141207475, 0.08793041800910774, 0.020298107284261322, 0.06815106685866007, 0.0169243140313289, 0.046649487452073535, 0.010746391368384477]</VALUES>
		<LCS_MIN>[0.08643878251314163, 0.06473907828330994, 0.05034521967172623, 0.048656344413757324, 0.0380866713821888, 0.028260059654712677]</LCS_MIN>
		<LCS_MAX>[0.11328514665365219, 0.09907965362071991, 0.09156157076358795, 0.1279251128435135, 0.10953601449728012, 0.06857021898031235]</LCS_MAX>
		<WAVELENGTH>[0.485, 0.56, 0.66, 0.83, 1.65, 2.215]</WAVELENGTH>
		<MEAN_VALUE>[0.09551198861815714, 0.07853774414821103, 0.06948343962430951, 0.08793041800910774, 0.06815106685866007, 0.046649487452073535]</MEAN_VALUE>
		<CHECKBOX>2</CHECKBOX>
		<SD>[0.004995846209603805, 0.006498890657441827, 0.008739672141207475, 0.020298107284261322, 0.0169243140313289, 0.010746391368384477]</SD>
		<WAVELENGTH_UNIT>E-6m</WAVELENGTH_UNIT>
		<COLOR>#390914</COLOR>
		<COVARIANCE_MATRIX>[[2.5420673409826122e-05, 2.8848115107393824e-05, 3.6022211133968085e-05, 3.972497142967768e-05, 3.581582132028416e-05, 3.260633457102813e-05], [2.8848115107393824e-05, 4.301772059989162e-05, 5.221300307312049e-05, 6.177503382787108e-05, 5.959064947091974e-05, 4.823560448130593e-05], [3.6022211133968085e-05, 5.221300307312049e-05, 7.779635052429512e-05, 9.870893700281158e-05, 9.250490256818011e-05, 7.443626964231953e-05], [3.972497142967768e-05, 6.177503382787108e-05, 9.870893700281158e-05, 0.00041964303818531334, 0.00025825825287029147, 0.00013047379616182297], [3.581582132028416e-05, 5.959064947091974e-05, 9.250490256818011e-05, 0.00025825825287029147, 0.0002917367091868073, 0.00016177691577468067], [3.260633457102813e-05, 4.823560448130593e-05, 7.443626964231953e-05, 0.00013047379616182297, 0.00016177691577468067, 0.00011762353824451566]]</COVARIANCE_MATRIX>
		<ROI_SIZE>55</ROI_SIZE>
		<MAX_VALUE>[0.11328514665365219, 0.09907965362071991, 0.09156157076358795, 0.1279251128435135, 0.10953601449728012, 0.06857021898031235]</MAX_VALUE>
		<MIN_VALUE>[0.08643878251314163, 0.06473907828330994, 0.05034521967172623, 0.048656344413757324, 0.0380866713821888, 0.028260059654712677]</MIN_VALUE>
		<SIGNATURE_THRESHOLD_MD>0.0</SIGNATURE_THRESHOLD_MD>
		<SIGNATURE_THRESHOLD_ML>0.0</SIGNATURE_THRESHOLD_ML>
		<SIGNATURE_THRESHOLD_SAM>0.0</SIGNATURE_THRESHOLD_SAM>
	</signature>
	<signature ID="20211207_155414757344_390">
		<MACROCLASSID>1</MACROCLASSID>
		<MACROCLASSINFO>waterbody</MACROCLASSINFO>
		<CLASSID>13</CLASSID>
		<CLASSINFO>C 1</CLASSINFO>
		<VALUES>[0.09929400590950983, 0.005186728655593723, 0.08136714458988421, 0.007550802900538205, 0.07203803472874458, 0.011327359974655844, 0.09420112154462883, 0.025134210856276075, 0.0668723372121652, 0.023302898140934423, 0.04285400837921261, 0.015958559666543925]</VALUES>
		<LCS_MIN>[0.09275556355714798, 0.07160719484090805, 0.05668620020151138, 0.05261978507041931, 0.0380866713821888, 0.02459549903869629]</LCS_MIN>
		<LCS_MAX>[0.11644354462623596, 0.10251371562480927, 0.10424350947141647, 0.13585197925567627, 0.1146395206451416, 0.0832284539937973]</LCS_MAX>
		<WAVELENGTH>[0.485, 0.56, 0.66, 0.83, 1.65, 2.215]</WAVELENGTH>
		<MEAN_VALUE>[0.09929400590950983, 0.08136714458988421, 0.07203803472874458, 0.09420112154462883, 0.0668723372121652, 0.04285400837921261]</MEAN_VALUE>
		<CHECKBOX>2</CHECKBOX>
		<SD>[0.005186728655593723, 0.007550802900538205, 0.011327359974655844, 0.025134210856276075, 0.023302898140934423, 0.015958559666543925]</SD>
		<WAVELENGTH_UNIT>E-6m</WAVELENGTH_UNIT>
		<COLOR>#d42ec3</COLOR>
		<COVARIANCE_MATRIX>[[2.7382549887988716e-05, 3.5081684472970665e-05, 5.509865877684206e-05, 5.9915983001701534e-05, 8.043320121942088e-05, 6.625576497754082e-05], [3.5081684472970665e-05, 5.803274325444363e-05, 8.021445682970807e-05, 0.00010631422628648579, 0.00012417124526109546, 9.681874507805333e-05], [5.509865877684206e-05, 8.021445682970807e-05, 0.0001306003105128184, 0.00014303311763796955, 0.00018687597184907645, 0.00015059202269185334], [5.9915983001701534e-05, 0.00010631422628648579, 0.00014303311763796955, 0.0006430094363167882, 0.0003801941347774118, 0.0002224004128947854], [8.043320121942088e-05, 0.00012417124526109546, 0.00018687597184907645, 0.0003801941347774118, 0.0005527219618670642, 0.00034470114042051136], [6.625576497754082e-05, 9.681874507805333e-05, 0.00015059202269185334, 0.0002224004128947854, 0.00034470114042051136, 0.0002592233940958977]]</COVARIANCE_MATRIX>
		<ROI_SIZE>57</ROI_SIZE>
		<MAX_VALUE>[0.11644354462623596, 0.10251371562480927, 0.10424350947141647, 0.13585197925567627, 0.1146395206451416, 0.0832284539937973]</MAX_VALUE>
		<MIN_VALUE>[0.09275556355714798, 0.07160719484090805, 0.05668620020151138, 0.05261978507041931, 0.0380866713821888, 0.02459549903869629]</MIN_VALUE>
		<SIGNATURE_THRESHOLD_MD>0.0</SIGNATURE_THRESHOLD_MD>
		<SIGNATURE_THRESHOLD_ML>0.0</SIGNATURE_THRESHOLD_ML>
		<SIGNATURE_THRESHOLD_SAM>0.0</SIGNATURE_THRESHOLD_SAM>
	</signature>
	<signature ID="20211207_155511375897_161">
		<MACROCLASSID>1</MACROCLASSID>
		<MACROCLASSINFO>waterbody</MACROCLASSINFO>
		<CLASSID>14</CLASSID>
		<CLASSINFO>C 1</CLASSINFO>
		<VALUES>[0.1067542263259322, 0.005269448592370728, 0.0975081346045106, 0.0075560403190800506, 0.10238958314313726, 0.010230562477020375, 0.13685964742454426, 0.01515997508800256, 0.13669714293742588, 0.0175994362735434, 0.09968792179883536, 0.013176067273767876]</VALUES>
		<LCS_MIN>[0.09433476626873016, 0.07504124939441681, 0.07887962460517883, 0.10414449125528336, 0.09932895749807358, 0.06857021898031235]</LCS_MIN>
		<LCS_MAX>[0.11960192024707794, 0.11968400329351425, 0.1296074092388153, 0.16755951941013336, 0.17333006858825684, 0.12720318138599396]</LCS_MAX>
		<WAVELENGTH>[0.485, 0.56, 0.66, 0.83, 1.65, 2.215]</WAVELENGTH>
		<MEAN_VALUE>[0.1067542263259322, 0.0975081346045106, 0.10238958314313726, 0.13685964742454426, 0.13669714293742588, 0.09968792179883536]</MEAN_VALUE>
		<CHECKBOX>2</CHECKBOX>
		<SD>[0.005269448592370728, 0.0075560403190800506, 0.010230562477020375, 0.01515997508800256, 0.0175994362735434, 0.013176067273767876]</SD>
		<WAVELENGTH_UNIT>E-6m</WAVELENGTH_UNIT>
		<COLOR>#5c8019</COLOR>
		<COVARIANCE_MATRIX>[[2.800441325234715e-05, 3.511906834319234e-05, 4.504620665102266e-05, 6.209197636053432e-06, 2.112359470629599e-05, 3.560602635843679e-05], [3.511906834319234e-05, 5.7581724831834435e-05, 7.113476749509573e-05, 1.939566027431283e-05, 3.473551987553947e-05, 5.480548497871496e-05], [4.504620665102266e-05, 7.113476749509573e-05, 0.00010555897461017594, 4.312644887249917e-05, 7.035411545075476e-05, 8.708023960934952e-05], [6.209197636053432e-06, 1.939566027431283e-05, 4.312644887249917e-05, 0.0002317891630809754, 0.0001756230485625565, 7.724599709035829e-05], [2.112359470629599e-05, 3.473551987553947e-05, 7.035411545075476e-05, 0.0001756230485625565, 0.0003123875067103654, 0.0001828372769523412], [3.560602635843679e-05, 5.480548497871496e-05, 8.708023960934952e-05, 7.724599709035829e-05, 0.0001828372769523412, 0.00017509258759673685]]</COVARIANCE_MATRIX>
		<ROI_SIZE>118</ROI_SIZE>
		<MAX_VALUE>[0.11960192024707794, 0.11968400329351425, 0.1296074092388153, 0.16755951941013336, 0.17333006858825684, 0.12720318138599396]</MAX_VALUE>
		<MIN_VALUE>[0.09433476626873016, 0.07504124939441681, 0.07887962460517883, 0.10414449125528336, 0.09932895749807358, 0.06857021898031235]</MIN_VALUE>
		<SIGNATURE_THRESHOLD_MD>0.0</SIGNATURE_THRESHOLD_MD>
		<SIGNATURE_THRESHOLD_ML>0.0</SIGNATURE_THRESHOLD_ML>
		<SIGNATURE_THRESHOLD_SAM>0.0</SIGNATURE_THRESHOLD_SAM>
	</signature>
	<signature ID="20211207_155743321651_808">
		<MACROCLASSID>1</MACROCLASSID>
		<MACROCLASSINFO>waterbody</MACROCLASSINFO>
		<CLASSID>15</CLASSID>
		<CLASSINFO>C 1</CLASSINFO>
		<VALUES>[0.09596490739814696, 0.004177857312701837, 0.08124470734788526, 0.004889228926622576, 0.07253863710549567, 0.007766078869980393, 0.10734080739559664, 0.016057625506145524, 0.08615857783344485, 0.02104333720713726, 0.05615799765913718, 0.009880395275015422]</VALUES>
		<LCS_MIN>[0.09117636829614639, 0.07504124939441681, 0.059856683015823364, 0.08036385476589203, 0.04574195668101311, 0.03558918088674545]</LCS_MIN>
		<LCS_MAX>[0.11012674868106842, 0.09564559161663055, 0.09156157076358795, 0.13585197925567627, 0.12739835679531097, 0.07589932531118393]</LCS_MAX>
		<WAVELENGTH>[0.485, 0.56, 0.66, 0.83, 1.65, 2.215]</WAVELENGTH>
		<MEAN_VALUE>[0.09596490739814696, 0.08124470734788526, 0.07253863710549567, 0.10734080739559664, 0.08615857783344485, 0.05615799765913718]</MEAN_VALUE>
		<CHECKBOX>2</CHECKBOX>
		<SD>[0.004177857312701837, 0.004889228926622576, 0.007766078869980393, 0.016057625506145524, 0.02104333720713726, 0.009880395275015422]</SD>
		<WAVELENGTH_UNIT>E-6m</WAVELENGTH_UNIT>
		<COLOR>#4fc959</COLOR>
		<COVARIANCE_MATRIX>[[1.803630766517017e-05, 1.3773406863037962e-05, 2.3699003577348776e-05, 1.8191658455180004e-05, 3.991609992226586e-05, 1.9364902982488275e-05], [1.3773406863037962e-05, 2.470137769705616e-05, 3.3388765587005764e-05, 2.8055565053364262e-05, 4.9665861297398806e-05, 3.8037087506381795e-05], [2.3699003577348776e-05, 3.3388765587005764e-05, 6.232238229131326e-05, 7.874715811340138e-05, 0.00010328655480407178, 6.351414049277082e-05], [1.8191658455180004e-05, 2.8055565053364262e-05, 7.874715811340138e-05, 0.000266442249994725, 0.00019588053692132235, 8.844178228173405e-05], [3.991609992226586e-05, 4.9665861297398806e-05, 0.00010328655480407178, 0.00019588053692132235, 0.00045758276246488094, 0.00015088428335729986], [1.9364902982488275e-05, 3.8037087506381795e-05, 6.351414049277082e-05, 8.844178228173405e-05, 0.00015088428335729986, 0.00010087628470500931]]</COVARIANCE_MATRIX>
		<ROI_SIZE>31</ROI_SIZE>
		<MAX_VALUE>[0.11012674868106842, 0.09564559161663055, 0.09156157076358795, 0.13585197925567627, 0.12739835679531097, 0.07589932531118393]</MAX_VALUE>
		<MIN_VALUE>[0.09117636829614639, 0.07504124939441681, 0.059856683015823364, 0.08036385476589203, 0.04574195668101311, 0.03558918088674545]</MIN_VALUE>
		<SIGNATURE_THRESHOLD_MD>0.0</SIGNATURE_THRESHOLD_MD>
		<SIGNATURE_THRESHOLD_ML>0.0</SIGNATURE_THRESHOLD_ML>
		<SIGNATURE_THRESHOLD_SAM>0.0</SIGNATURE_THRESHOLD_SAM>
	</signature>
	<signature ID="20211207_155802362350_822">
		<MACROCLASSID>1</MACROCLASSID>
		<MACROCLASSINFO>waterbody</MACROCLASSINFO>
		<CLASSID>16</CLASSID>
		<CLASSINFO>C 1</CLASSINFO>
		<VALUES>[0.10367835954659514, 0.005135767230543829, 0.09287927072081303, 0.007366098112977076, 0.08988825024829969, 0.01173237563556923, 0.10491515509784223, 0.02239760514914406, 0.09911631399558651, 0.021513091625242082, 0.07539037014875145, 0.01738581261325428]</VALUES>
		<LCS_MIN>[0.09591396898031235, 0.08190936595201492, 0.07253863662481308, 0.06451009958982468, 0.055949002504348755, 0.050247419625520706]</LCS_MIN>
		<LCS_MAX>[0.12118113785982132, 0.11281587928533554, 0.11692545562982559, 0.14377887547016144, 0.1427089124917984, 0.1162094920873642]</LCS_MAX>
