<?xml version="1.0" ?>
<signaturelist MCID_LIST="[['1', 'waterbody', '#0000ff'], ['2', 'vegetation', '#00ff00'], ['3', 'bareland', '#ffaa00'], ['4', 'built-up', '#ff0000']]">
	<signature ID="20200824_113003577659_120">
		<MACROCLASSID>1</MACROCLASSID>
		<MACROCLASSINFO>waterbody</MACROCLASSINFO>
		<CLASSID>1</CLASSID>
		<CLASSINFO>C 1</CLASSINFO>
		<VALUES>[0.14468121905248238, 0.017305541680885533, 0.10769398313616121, 0.014863337843645751, 0.07127270299750268, 0.011437092760948077, 0.053581940698618165, 0.010392068689788097]</VALUES>
		<LCS_MIN>[0.08887972682714462, 0.061362046748399734, 0.0493747740983963, 0.0352424755692482]</LCS_MIN>
		<LCS_MAX>[0.21033917367458344, 0.17311938107013702, 0.1322711706161499, 0.1185428649187088]</LCS_MAX>
		<WAVELENGTH>[1.0, 2.0, 3.0, 4.0]</WAVELENGTH>
		<MEAN_VALUE>[0.14468121905248238, 0.10769398313616121, 0.07127270299750268, 0.053581940698618165]</MEAN_VALUE>
		<CHECKBOX>2</CHECKBOX>
		<SD>[0.017305541680885533, 0.014863337843645751, 0.011437092760948077, 0.010392068689788097]</SD>
		<WAVELENGTH_UNIT>band number</WAVELENGTH_UNIT>
		<COLOR>#485801</COLOR>
		<COVARIANCE_MATRIX>[[0.00033171707854054536, 0.0002702066942897998, 7.780417716396312e-05, -4.4358879719887626e-06], [0.0002702066942897998, 0.0002470497106432961, 8.184125714318538e-05, 8.585863662306946e-06], [7.780417716396312e-05, 8.184125714318538e-05, 0.0001221668021245249, 8.030971960743059e-05], [-4.4358879719887626e-06, 8.585863662306946e-06, 8.030971960743059e-05, 9.180804523197954e-05]]</COVARIANCE_MATRIX>
		<ROI_SIZE>9463</ROI_SIZE>
		<MAX_VALUE>[0.21033917367458344, 0.17311938107013702, 0.1322711706161499, 0.1185428649187088]</MAX_VALUE>
		<MIN_VALUE>[0.08887972682714462, 0.061362046748399734, 0.0493747740983963, 0.0352424755692482]</MIN_VALUE>
		<SIGNATURE_THRESHOLD_MD>0</SIGNATURE_THRESHOLD_MD>
		<SIGNATURE_THRESHOLD_ML>0</SIGNATURE_THRESHOLD_ML>
		<SIGNATURE_THRESHOLD_SAM>0</SIGNATURE_THRESHOLD_SAM>
	</signature>
	<signature ID="20200824_113045299133_989">
		<MACROCLASSID>1</MACROCLASSID>
		<MACROCLASSINFO>waterbody</MACROCLASSINFO>
		<CLASSID>2</CLASSID>
		<CLASSINFO>C 1</CLASSINFO>
		<VALUES>[0.13081636682660464, 0.00546245870666186, 0.10438452414534322, 0.004917032387365556, 0.0646015930649644, 0.005691733692894461, 0.04298817291245436, 0.006213645441509271]</VALUES>
		<LCS_MIN>[0.09130890667438507, 0.07292314618825912, 0.0493747740983963, 0.0288347490131855]</LCS_MIN>
		<LCS_MAX>[0.14718025922775269, 0.11724071204662323, 0.11095497012138367, 0.1057274267077446]</LCS_MAX>
		<WAVELENGTH>[1.0, 2.0, 3.0, 4.0]</WAVELENGTH>
		<MEAN_VALUE>[0.13081636682660464, 0.10438452414534322, 0.0646015930649644, 0.04298817291245436]</MEAN_VALUE>
		<CHECKBOX>2</CHECKBOX>
		<SD>[0.00546245870666186, 0.004917032387365556, 0.005691733692894461, 0.006213645441509271]</SD>
		<WAVELENGTH_UNIT>band number</WAVELENGTH_UNIT>
		<COLOR>#a279b4</COLOR>
		<COVARIANCE_MATRIX>[[2.8938140279012784e-05, 4.2931288047117155e-06, -2.6712892472091415e-06, -7.77948815300394e-06], [4.2931288047117155e-06, 2.5349741381939832e-05, 6.758704181063845e-06, -1.3221483104450992e-06], [-2.6712892472091415e-06, 6.758704181063845e-06, 2.977524400664442e-05, 1.464203494944733e-05], [-7.77948815300394e-06, -1.3221483104450992e-06, 1.464203494944733e-05, 3.475692856892556e-05]]</COVARIANCE_MATRIX>
		<ROI_SIZE>9400</ROI_SIZE>
		<MAX_VALUE>[0.14718025922775269, 0.11724071204662323, 0.11095497012138367, 0.1057274267077446]</MAX_VALUE>
		<MIN_VALUE>[0.09130890667438507, 0.07292314618825912, 0.0493747740983963, 0.0288347490131855]</MIN_VALUE>
		<SIGNATURE_THRESHOLD_MD>0</SIGNATURE_THRESHOLD_MD>
		<SIGNATURE_THRESHOLD_ML>0</SIGNATURE_THRESHOLD_ML>
		<SIGNATURE_THRESHOLD_SAM>0</SIGNATURE_THRESHOLD_SAM>
	</signature>
	<signature ID="20200824_113100627953_754">
		<MACROCLASSID>1</MACROCLASSID>
		<MACROCLASSINFO>waterbody</MACROCLASSINFO>
		<CLASSID>3</CLASSID>
		<CLASSINFO>C 1</CLASSINFO>
		<VALUES>[0.14037541111013754, 0.004620852451654441, 0.10092067554805123, 0.004958754830921742, 0.06962761102798345, 0.009307036114671817, 0.050994330197986444, 0.009188087728774831]</VALUES>
		<LCS_MIN>[0.11802999675273895, 0.08255740255117416, 0.051743242889642715, 0.0352424755692482]</LCS_MIN>
		<LCS_MAX>[0.16175539791584015, 0.12302126735448837, 0.13463963568210602, 0.1121351420879364]</LCS_MAX>
		<WAVELENGTH>[1.0, 2.0, 3.0, 4.0]</WAVELENGTH>
		<MEAN_VALUE>[0.14037541111013754, 0.10092067554805123, 0.06962761102798345, 0.050994330197986444]</MEAN_VALUE>
		<CHECKBOX>2</CHECKBOX>
		<SD>[0.004620852451654441, 0.004958754830921742, 0.009307036114671817, 0.009188087728774831]</SD>
		<WAVELENGTH_UNIT>band number</WAVELENGTH_UNIT>
		<COLOR>#3f0aba</COLOR>
		<COVARIANCE_MATRIX>[[2.1999966181728544e-05, 7.172906977418647e-06, -1.5155170700613551e-05, -1.4602994027881913e-05], [7.172906977418647e-06, 2.423301416698672e-05, -2.3041897288063036e-05, -2.2525155971885423e-05], [-1.5155170700613551e-05, -2.3041897288063036e-05, 0.00010253585678656258, 8.822385408300287e-05], [-1.4602994027881913e-05, -2.2525155971885423e-05, 8.822385408300287e-05, 0.00010530591592305528]]</COVARIANCE_MATRIX>
		<ROI_SIZE>9673</ROI_SIZE>
		<MAX_VALUE>[0.16175539791584015, 0.12302126735448837, 0.13463963568210602, 0.1121351420879364]</MAX_VALUE>
		<MIN_VALUE>[0.11802999675273895, 0.08255740255117416, 0.051743242889642715, 0.0352424755692482]</MIN_VALUE>
		<SIGNATURE_THRESHOLD_MD>0</SIGNATURE_THRESHOLD_MD>
		<SIGNATURE_THRESHOLD_ML>0</SIGNATURE_THRESHOLD_ML>
		<SIGNATURE_THRESHOLD_SAM>0</SIGNATURE_THRESHOLD_SAM>
	</signature>
	<signature ID="20200824_113113446374_996">
		<MACROCLASSID>1</MACROCLASSID>
		<MACROCLASSINFO>waterbody</MACROCLASSINFO>
		<CLASSID>4</CLASSID>
		<CLASSINFO>C 1</CLASSINFO>
		<VALUES>[0.13347498653425735, 0.005655864544462862, 0.10524146232766268, 0.0042333028845556175, 0.07274210633642407, 0.005703476230365028, 0.04868124623232739, 0.005716388101036104]</VALUES>
		<LCS_MIN>[0.11802999675273895, 0.09026481211185455, 0.05648018419742584, 0.0352424755692482]</LCS_MIN>
		<LCS_MAX>[0.15689700841903687, 0.12302126735448837, 0.10148108750581741, 0.0768926739692688]</LCS_MAX>
		<WAVELENGTH>[1.0, 2.0, 3.0, 4.0]</WAVELENGTH>
		<MEAN_VALUE>[0.13347498653425735, 0.10524146232766268, 0.07274210633642407, 0.04868124623232739]</MEAN_VALUE>
		<CHECKBOX>2</CHECKBOX>
		<SD>[0.005655864544462862, 0.0042333028845556175, 0.005703476230365028, 0.005716388101036104]</SD>
		<WAVELENGTH_UNIT>band number</WAVELENGTH_UNIT>
		<COLOR>#7cd114</COLOR>
		<COVARIANCE_MATRIX>[[3.1350724358746416e-05, 1.0278772485451322e-05, 6.684453743298824e-06, 7.92403273278333e-06], [1.0278772485451322e-05, 1.8733117940037868e-05, 1.3284590582895836e-06, 1.705189148078493e-06], [6.684453743298824e-06, 1.3284590582895836e-06, 3.4958212953325404e-05, 2.1793015910130922e-05], [7.92403273278333e-06, 1.705189148078493e-06, 2.1793015910130922e-05, 3.4981811184511777e-05]]</COVARIANCE_MATRIX>
		<ROI_SIZE>10201</ROI_SIZE>
		<MAX_VALUE>[0.15689700841903687, 0.12302126735448837, 0.10148108750581741, 0.0768926739692688]</MAX_VALUE>
		<MIN_VALUE>[0.11802999675273895, 0.09026481211185455, 0.05648018419742584, 0.0352424755692482]</MIN_VALUE>
		<SIGNATURE_THRESHOLD_MD>0</SIGNATURE_THRESHOLD_MD>
		<SIGNATURE_THRESHOLD_ML>0</SIGNATURE_THRESHOLD_ML>
		<SIGNATURE_THRESHOLD_SAM>0</SIGNATURE_THRESHOLD_SAM>
	</signature>
	<signature ID="20200824_113221603961_366">
		<MACROCLASSID>1</MACROCLASSID>
		<MACROCLASSINFO>waterbody</MACROCLASSINFO>
		<CLASSID>5</CLASSID>
		<CLASSINFO>C 1</CLASSINFO>
		<VALUES>[0.059039388689500455, 0.0035177433860510807, 0.040021085584103826, 0.0027232270270380957, 0.02806897479779546, 0.005723993628844268, 0.0330070830676499, 0.007285179213214843]</VALUES>
		<LCS_MIN>[0.047583501785993576, 0.03053244762122631, 0.013847749680280685, 0.0064077228307724]</LCS_MIN>
		<LCS_MAX>[0.0767337754368782, 0.05750834941864014, 0.09437569230794907, 0.096115842461586]</LCS_MAX>
		<WAVELENGTH>[1.0, 2.0, 3.0, 4.0]</WAVELENGTH>
		<MEAN_VALUE>[0.059039388689500455, 0.040021085584103826, 0.02806897479779546, 0.0330070830676499]</MEAN_VALUE>
		<CHECKBOX>2</CHECKBOX>
		<SD>[0.0035177433860510807, 0.0027232270270380957, 0.005723993628844268, 0.007285179213214843]</SD>
		<WAVELENGTH_UNIT>band number</WAVELENGTH_UNIT>
		<COLOR>#3c88d4</COLOR>
		<COVARIANCE_MATRIX>[[1.2469426956715373e-05, 1.3102050998192076e-06, -1.7470008246982522e-06, -2.3693076619036097e-06], [1.3102050998192076e-06, 7.040771238010846e-06, 1.2628179425876036e-06, 4.752769865984364e-07], [-1.7470008246982522e-06, 1.2628179425876036e-06, 3.4305783282189615e-05, 3.39018473413554e-05], [-2.3693076619036097e-06, 4.752769865984364e-07, 3.39018473413554e-05, 5.821481087249785e-05]]</COVARIANCE_MATRIX>
		<ROI_SIZE>8505</ROI_SIZE>
		<MAX_VALUE>[0.0767337754368782, 0.05750834941864014, 0.09437569230794907, 0.096115842461586]</MAX_VALUE>
		<MIN_VALUE>[0.047583501785993576, 0.03053244762122631, 0.013847749680280685, 0.0064077228307724]</MIN_VALUE>
		<SIGNATURE_THRESHOLD_MD>0</SIGNATURE_THRESHOLD_MD>
		<SIGNATURE_THRESHOLD_ML>0</SIGNATURE_THRESHOLD_ML>
		<SIGNATURE_THRESHOLD_SAM>0</SIGNATURE_THRESHOLD_SAM>
	</signature>
	<signature ID="20200824_113227061826_941">
		<MACROCLASSID>1</MACROCLASSID>
		<MACROCLASSINFO>waterbody</MACROCLASSINFO>
		<CLASSID>6</CLASSID>
		<CLASSINFO>C 1</CLASSINFO>
		<VALUES>[0.07232993949730336, 0.005549824779680305, 0.0494463156931605, 0.005123544852359279, 0.03900001387174691, 0.01173640315337925, 0.04008757884105657, 0.014239321659301826]</VALUES>
		<LCS_MIN>[0.052441876381635666, 0.038239847868680954, 0.023321624845266342, 0.016019307076931]</LCS_MIN>
		<LCS_MAX>[0.10345485061407089, 0.08448424935340881, 0.09674415737390518, 0.0993196964263916]</LCS_MAX>
		<WAVELENGTH>[1.0, 2.0, 3.0, 4.0]</WAVELENGTH>
		<MEAN_VALUE>[0.07232993949730336, 0.0494463156931605, 0.03900001387174691, 0.04008757884105657]</MEAN_VALUE>
		<CHECKBOX>2</CHECKBOX>
		<SD>[0.005549824779680305, 0.005123544852359279, 0.01173640315337925, 0.014239321659301826]</SD>
		<WAVELENGTH_UNIT>band number</WAVELENGTH_UNIT>
		<COLOR>#d53344</COLOR>
		<COVARIANCE_MATRIX>[[3.0895326023877086e-05, 1.7977089237469923e-05, 1.597163606699734e-05, 8.902336564600505e-06], [1.7977089237469923e-05, 2.6331483275226914e-05, 2.908369550271133e-05, 2.394762305693021e-05], [1.597163606699734e-05, 2.908369550271133e-05, 0.00013816698408319975, 0.00015238412884771056], [8.902336564600505e-06, 2.394762305693021e-05, 0.00015238412884771056, 0.00020338215295188382]]</COVARIANCE_MATRIX>
		<ROI_SIZE>326</ROI_SIZE>
		<MAX_VALUE>[0.10345485061407089, 0.08448424935340881, 0.09674415737390518, 0.0993196964263916]</MAX_VALUE>
		<MIN_VALUE>[0.052441876381635666, 0.038239847868680954, 0.023321624845266342, 0.016019307076931]</MIN_VALUE>
		<SIGNATURE_THRESHOLD_MD>0</SIGNATURE_THRESHOLD_MD>
		<SIGNATURE_THRESHOLD_ML>0</SIGNATURE_THRESHOLD_ML>
		<SIGNATURE_THRESHOLD_SAM>0</SIGNATURE_THRESHOLD_SAM>
	</signature>
	<signature ID="20200824_113315130997_340">
		<MACROCLASSID>1</MACROCLASSID>
		<MACROCLASSINFO>waterbody</MACROCLASSINFO>
		<CLASSID>7</CLASSID>
		<CLASSINFO>C 1</CLASSINFO>
		<VALUES>[0.07834017132559129, 0.004553874064562149, 0.05309524194848154, 0.002029385612800754, 0.05915426096368222, 0.01581673744938817, 0.06309539818715663, 0.021388594059776223]</VALUES>
		<LCS_MIN>[0.06701702624559402, 0.04980095103383064, 0.03990090265870094, 0.0416501984000206]</LCS_MIN>
		<LCS_MAX>[0.08887972682714462, 0.061362046748399734, 0.10621803253889084, 0.1185428649187088]</LCS_MAX>
		<WAVELENGTH>[1.0, 2.0, 3.0, 4.0]</WAVELENGTH>
		<MEAN_VALUE>[0.07834017132559129, 0.05309524194848154, 0.05915426096368222, 0.06309539818715663]</MEAN_VALUE>
		<CHECKBOX>2</CHECKBOX>
		<SD>[0.004553874064562149, 0.002029385612800754, 0.01581673744938817, 0.021388594059776223]</SD>
		<WAVELENGTH_UNIT>band number</WAVELENGTH_UNIT>
		<COLOR>#8de065</COLOR>
		<COVARIANCE_MATRIX>[[2.1077732422053987e-05, 3.445535344405703e-06, 1.6289806223847722e-05, 1.716863797475491e-05], [3.445535344405703e-06, 4.185920817335189e-06, 1.9625522189320944e-05, 2.0390685352688107e-05], [1.6289806223847722e-05, 1.9625522189320944e-05, 0.00025427031769931886, 0.0003252311937069732], [1.716863797475491e-05, 2.0390685352688107e-05, 0.0003252311937069732, 0.0004649714961137945]]</COVARIANCE_MATRIX>
		<ROI_SIZE>62</ROI_SIZE>
		<MAX_VALUE>[0.08887972682714462, 0.061362046748399734, 0.10621803253889084, 0.1185428649187088]</MAX_VALUE>
		<MIN_VALUE>[0.06701702624559402, 0.04980095103383064, 0.03990090265870094, 0.0416501984000206]</MIN_VALUE>
		<SIGNATURE_THRESHOLD_MD>0</SIGNATURE_THRESHOLD_MD>
		<SIGNATURE_THRESHOLD_ML>0</SIGNATURE_THRESHOLD_ML>
		<SIGNATURE_THRESHOLD_SAM>0</SIGNATURE_THRESHOLD_SAM>
	</signature>
	<signature ID="20200824_113320246201_753">
		<MACROCLASSID>1</MACROCLASSID>
		<MACROCLASSINFO>waterbody</MACROCLASSINFO>
		<CLASSID>8</CLASSID>
		<CLASSINFO>C 1</CLASSINFO>
		<VALUES>[0.06878744703480753, 0.004823885870489142, 0.04678004197144912, 0.002588531816775152, 0.052586259604510625, 0.012239238432961614, 0.0554430923282595, 0.01616799475243928]</VALUES>
		<LCS_MIN>[0.057300254702568054, 0.04209355264902115, 0.030427031219005585, 0.0256308913230896]</LCS_MIN>
		<LCS_MAX>[0.07916295528411865, 0.05365464836359024, 0.10384955257177353, 0.1153390109539032]</LCS_MAX>
		<WAVELENGTH>[1.0, 2.0, 3.0, 4.0]</WAVELENGTH>
		<MEAN_VALUE>[0.06878744703480753, 0.04678004197144912, 0.052586259604510625, 0.0554430923282595]</MEAN_VALUE>
		<CHECKBOX>2</CHECKBOX>
		<SD>[0.004823885870489142, 0.002588531816775152, 0.012239238432961614, 0.01616799475243928]</SD>
		<WAVELENGTH_UNIT>band number</WAVELENGTH_UNIT>
		<COLOR>#7a40a0</COLOR>
		<COVARIANCE_MATRIX>[[2.34687627110903e-05, 2.113526288627465e-06, 1.590263270589768e-05, 1.3354622565405547e-05], [2.113526288627465e-06, 6.757766171298783e-06, 1.1890833906280244e-05, 1.236997309779691e-05], [1.590263270589768e-05, 1.1890833906280244e-05, 0.00015107929038827683, 0.00018063829054117215], [1.3354622565405547e-05, 1.236997309779691e-05, 0.00018063829054117215, 0.0002636382770013564]]</COVARIANCE_MATRIX>
		<ROI_SIZE>118</ROI_SIZE>
		<MAX_VALUE>[0.07916295528411865, 0.05365464836359024, 0.10384955257177353, 0.1153390109539032]</MAX_VALUE>
		<MIN_VALUE>[0.057300254702568054, 0.04209355264902115, 0.030427031219005585, 0.0256308913230896]</MIN_VALUE>
		<SIGNATURE_THRESHOLD_MD>0</SIGNATURE_THRESHOLD_MD>
		<SIGNATURE_THRESHOLD_ML>0</SIGNATURE_THRESHOLD_ML>
		<SIGNATURE_THRESHOLD_SAM>0</SIGNATURE_THRESHOLD_SAM>
	</signature>
	<signature ID="20200824_113337200963_367">
		<MACROCLASSID>1</MACROCLASSID>
		<MACROCLASSINFO>waterbody</MACROCLASSINFO>
		<CLASSID>9</CLASSID>
		<CLASSINFO>C 1</CLASSINFO>
		<VALUES>[0.07888049773814139, 0.005893325495556553, 0.05750834925980991, 0.004092744203545825, 0.05615887860226077, 0.01242495277803804, 0.05535974405532662, 0.016187196451827937]</VALUES>
		<LCS_MIN>[0.06701702624559402, 0.05172780156135559, 0.04226937144994736, 0.0352424755692482]</LCS_MIN>
		<LCS_MAX>[0.10831324011087418, 0.08641110360622406, 0.10621803253889084, 0.1185428649187088]</LCS_MAX>
		<WAVELENGTH>[1.0, 2.0, 3.0, 4.0]</WAVELENGTH>
		<MEAN_VALUE>[0.07888049773814139, 0.05750834925980991, 0.05615887860226077, 0.05535974405532662]</MEAN_VALUE>
		<CHECKBOX>2</CHECKBOX>
		<SD>[0.005893325495556553, 0.004092744203545825, 0.01242495277803804, 0.016187196451827937]</SD>
		<WAVELENGTH_UNIT>band number</WAVELENGTH_UNIT>
		<COLOR>#c3a960</COLOR>
		<COVARIANCE_MATRIX>[[3.4866426584890385e-05, 1.588154065078876e-05, 3.550422036993821e-05, 4.3285970219727655e-05], [1.588154065078876e-05, 1.6815732372917297e-05, 3.292246197782008e-05, 3.7064185743921684e-05], [3.550422036993821e-05, 3.292246197782008e-05, 0.0001549801497914809, 0.0001867466651364779], [4.3285970219727655e-05, 3.7064185743921684e-05, 0.0001867466651364779, 0.0002630448827792928]]</COVARIANCE_MATRIX>
		<ROI_SIZE>258</ROI_SIZE>
		<MAX_VALUE>[0.10831324011087418, 0.08641110360622406, 0.10621803253889084, 0.1185428649187088]</MAX_VALUE>
		<MIN_VALUE>[0.06701702624559402, 0.05172780156135559, 0.04226937144994736, 0.0352424755692482]</MIN_VALUE>
		<SIGNATURE_THRESHOLD_MD>0</SIGNATURE_THRESHOLD_MD>
		<SIGNATURE_THRESHOLD_ML>0</SIGNATURE_THRESHOLD_ML>
		<SIGNATURE_THRESHOLD_SAM>0</SIGNATURE_THRESHOLD_SAM>
	</signature>
	<signature ID="20200824_113346677676_152">
		<MACROCLASSID>1</MACROCLASSID>
		<MACROCLASSINFO>waterbody</MACROCLASSINFO>
		<CLASSID>10</CLASSID>
		<CLASSINFO>C 1</CLASSINFO>
		<VALUES>[0.08449368282324737, 0.009288148010283373, 0.05977418232295247, 0.007289414859539005, 0.06569089588743668, 0.01516331750321055, 0.06615380366781247, 0.017260563062900268]</VALUES>
		<LCS_MIN>[0.06701702624559402, 0.04980095103383064, 0.0493747740983963, 0.0416501984000206]</LCS_MIN>
		<LCS_MAX>[0.13017593324184418, 0.0921916514635086, 0.1156919002532959, 0.1249505952000618]</LCS_MAX>
		<WAVELENGTH>[1.0, 2.0, 3.0, 4.0]</WAVELENGTH>
		<MEAN_VALUE>[0.08449368282324737, 0.05977418232295247, 0.06569089588743668, 0.06615380366781247]</MEAN_VALUE>
		<CHECKBOX>2</CHECKBOX>
		<SD>[0.009288148010283373, 0.007289414859539005, 0.01516331750321055, 0.017260563062900268]</SD>
		<WAVELENGTH_UNIT>band number</WAVELENGTH_UNIT>
		<COLOR>#635741</COLOR>
		<COVARIANCE_MATRIX>[[8.707595227832292e-05, 6.160592078714185e-05, 7.115651588829323e-05, 4.3888308077160636e-05], [6.160592078714185e-05, 5.3632163097220175e-05, 6.683926266271633e-05, 4.331075507005716e-05], [7.115651588829323e-05, 6.683926266271633e-05, 0.00023207504067235987, 0.000235219872156521], [4.3888308077160636e-05, 4.331075507005716e-05, 0.000235219872156521, 0.00030071140208245414]]</COVARIANCE_MATRIX>
		<ROI_SIZE>108</ROI_SIZE>
		<MAX_VALUE>[0.13017593324184418, 0.0921916514635086, 0.1156919002532959, 0.1249505952000618]</MAX_VALUE>
		<MIN_VALUE>[0.06701702624559402, 0.04980095103383064, 0.0493747740983963, 0.0416501984000206]</MIN_VALUE>
		<SIGNATURE_THRESHOLD_MD>0</SIGNATURE_THRESHOLD_MD>
		<SIGNATURE_THRESHOLD_ML>0</SIGNATURE_THRESHOLD_ML>
		<SIGNATURE_THRESHOLD_SAM>0</SIGNATURE_THRESHOLD_SAM>
	</signature>
	<signature ID="20200824_113431855812_456">
		<MACROCLASSID>1</MACROCLASSID>
		<MACROCLASSINFO>waterbody</MACROCLASSINFO>
		<CLASSID>11</CLASSID>
		<CLASSINFO>C 1</CLASSINFO>
		<VALUES>[0.09771994819362123, 0.0085087967117295, 0.06572792878254362, 0.013785736993620169, 0.04946812725487355, 0.017776810040251716, 0.04624406363914094, 0.016095373024236106]</VALUES>
		<LCS_MIN>[0.06944621354341507, 0.04209355264902115, 0.025690095499157906, 0.01922317035496235]</LCS_MIN>
		<LCS_MAX>[0.13260513544082642, 0.11338701844215393, 0.10148108750581741, 0.1057274267077446]</LCS_MAX>
		<WAVELENGTH>[1.0, 2.0, 3.0, 4.0]</WAVELENGTH>
		<MEAN_VALUE>[0.09771994819362123, 0.06572792878254362, 0.04946812725487355, 0.04624406363914094]</MEAN_VALUE>
		<CHECKBOX>2</CHECKBOX>
		<SD>[0.0085087967117295, 0.013785736993620169, 0.017776810040251716, 0.016095373024236106]</SD>
		<WAVELENGTH_UNIT>band number</WAVELENGTH_UNIT>
		<COLOR>#cbf5e8</COLOR>
		<COVARIANCE_MATRIX>[[8.255544966670692e-05, 8.329051980538454e-05, 7.10689100985988e-05, 4.558861909333282e-05], [8.329051980538454e-05, 0.00015466235578484155, 0.00015882818764396449, 0.00011660787443875706], [7.10689100985988e-05, 0.00015882818764396449, 0.0002148549631439106, 0.00017063921996743396], [4.558861909333282e-05, 0.00011660787443875706, 0.00017063921996743396, 0.00016518648090676631]]</COVARIANCE_MATRIX>
		<ROI_SIZE>7001</ROI_SIZE>
		<MAX_VALUE>[0.13260513544082642, 0.11338701844215393, 0.10148108750581741, 0.1057274267077446]</MAX_VALUE>
		<MIN_VALUE>[0.06944621354341507, 0.04209355264902115, 0.025690095499157906, 0.01922317035496235]</MIN_VALUE>
		<SIGNATURE_THRESHOLD_MD>0</SIGNATURE_THRESHOLD_MD>
		<SIGNATURE_THRESHOLD_ML>0</SIGNATURE_THRESHOLD_ML>
		<SIGNATURE_THRESHOLD_SAM>0</SIGNATURE_THRESHOLD_SAM>
	</signature>
	<signature ID="20200824_113451863244_540">
		<MACROCLASSID>1</MACROCLASSID>
		<MACROCLASSINFO>waterbody</MACROCLASSINFO>
		<CLASSID>12</CLASSID>
		<CLASSINFO>C 1</CLASSINFO>
		<VALUES>[0.059057612015739745, 0.0033051585916515336, 0.040839506698643425, 0.0025357477342598258, 0.026769975360433698, 0.002744541282101389, 0.032492230263640176, 0.0040539629460329876]</VALUES>
		<LCS_MIN>[0.05001268908381462, 0.03245929628610611, 0.01621622033417225, 0.01922317035496235]</LCS_MIN>
		<LCS_MAX>[0.07430458068847656, 0.04980095103383064, 0.035163965076208115, 0.0448540598154068]</LCS_MAX>
		<WAVELENGTH>[1.0, 2.0, 3.0, 4.0]</WAVELENGTH>
		<MEAN_VALUE>[0.059057612015739745, 0.040839506698643425, 0.026769975360433698, 0.032492230263640176]</MEAN_VALUE>
		<CHECKBOX>2</CHECKBOX>
		<SD>[0.0033051585916515336, 0.0025357477342598258, 0.002744541282101389, 0.0040539629460329876]</SD>
		<WAVELENGTH_UNIT>band number</WAVELENGTH_UNIT>
		<COLOR>#35dec2</COLOR>
		<COVARIANCE_MATRIX>[[1.1082091436479305e-05, 6.833375321059806e-07, 4.6012565359280626e-07, 3.5730807612772126e-07], [6.833375321059806e-07, 6.391841965751397e-06, 4.704374871268565e-07, 3.6755290263313603e-07], [4.6012565359280626e-07, 4.704374871268565e-07, 7.687505156236729e-06, 1.5661355987191826e-07], [3.5730807612772126e-07, 3.6755290263313603e-07, 1.5661355987191826e-07, 1.617394598542979e-05]]</COVARIANCE_MATRIX>
		<ROI_SIZE>10200</ROI_SIZE>
		<MAX_VALUE>[0.07430458068847656, 0.04980095103383064, 0.035163965076208115, 0.0448540598154068]</MAX_VALUE>
		<MIN_VALUE>[0.05001268908381462, 0.03245929628610611, 0.01621622033417225, 0.01922317035496235]</MIN_VALUE>
		<SIGNATURE_THRESHOLD_MD>0</SIGNATURE_THRESHOLD_MD>
		<SIGNATURE_THRESHOLD_ML>0</SIGNATURE_THRESHOLD_ML>
		<SIGNATURE_THRESHOLD_SAM>0</SIGNATURE_THRESHOLD_SAM>
	</signature>
	<signature ID="20200824_113513898670_502">
		<MACROCLASSID>1</MACROCLASSID>
		<MACROCLASSINFO>waterbody</MACROCLASSINFO>
		<CLASSID>13</CLASSID>
		<CLASSINFO>C 1</CLASSINFO>
		<VALUES>[0.048699484708359386, 0.0029077698978501186, 0.03156645945565337, 0.002103324105522925, 0.019417560122839565, 0.0028456179738516854, 0.027930692176368323, 0.003508562531112441]</VALUES>
		<LCS_MIN>[0.03543756157159805, 0.024751896038651466, 0.011479281820356846, 0.016019307076931]</LCS_MIN>
		<LCS_MAX>[0.06944621354341507, 0.047874100506305695, 0.035163965076208115, 0.0448540598154068]</LCS_MAX>
		<WAVELENGTH>[1.0, 2.0, 3.0, 4.0]</WAVELENGTH>
		<MEAN_VALUE>[0.048699484708359386, 0.03156645945565337, 0.019417560122839565, 0.027930692176368323]</MEAN_VALUE>
		<CHECKBOX>2</CHECKBOX>
		<SD>[0.0029077698978501186, 0.002103324105522925, 0.0028456179738516854, 0.003508562531112441]</SD>
		<WAVELENGTH_UNIT>band number</WAVELENGTH_UNIT>
		<COLOR>#c126f6</COLOR>
		<COVARIANCE_MATRIX>[[8.300793124590914e-06, 1.1304683727296834e-06, 1.1263172141201884e-06, 9.078278849833861e-07], [1.1304683727296834e-06, 4.2604110077185005e-06, 1.6389324862552616e-06, 8.86494083993965e-07], [1.1263172141201884e-06, 1.6389324862552616e-06, 7.942503315499506e-06, 6.98017695489288e-07], [9.078278849833861e-07, 8.86494083993965e-07, 6.98017695489288e-07, 1.2331159891359475e-05]]</COVARIANCE_MATRIX>
		<ROI_SIZE>10201</ROI_SIZE>
		<MAX_VALUE>[0.06944621354341507, 0.047874100506305695, 0.035163965076208115, 0.0448540598154068]</MAX_VALUE>
		<MIN_VALUE>[0.03543756157159805, 0.024751896038651466, 0.011479281820356846, 0.016019307076931]</MIN_VALUE>
		<SIGNATURE_THRESHOLD_MD>0</SIGNATURE_THRESHOLD_MD>
		<SIGNATURE_THRESHOLD_ML>0</SIGNATURE_THRESHOLD_ML>
		<SIGNATURE_THRESHOLD_SAM>0</SIGNATURE_THRESHOLD_SAM>
	</signature>
	<signature ID="20200824_113548086022_909">
		<MACROCLASSID>1</MACROCLASSID>
		<MACROCLASSINFO>waterbody</MACROCLASSINFO>
		<CLASSID>14</CLASSID>
		<CLASSINFO>C 1</CLASSINFO>
		<VALUES>[0.1318571455800463, 0.02705948749823964, 0.05692672967463825, 0.01536023469941428, 0.029579097653507948, 0.01368140291769912, 0.03431218986868412, 0.01158025519041294]</VALUES>
		<LCS_MIN>[0.08402133733034134, 0.03245929628610611, 0.013847749680280685, 0.01922317035496235]</LCS_MIN>
		<LCS_MAX>[0.2079099863767624, 0.12109441310167313, 0.09200721234083176, 0.096115842461586]</LCS_MAX>
		<WAVELENGTH>[1.0, 2.0, 3.0, 4.0]</WAVELENGTH>
		<MEAN_VALUE>[0.1318571455800463, 0.05692672967463825, 0.029579097653507948, 0.03431218986868412]</MEAN_VALUE>
		<CHECKBOX>2</CHECKBOX>
		<SD>[0.02705948749823964, 0.01536023469941428, 0.01368140291769912, 0.01158025519041294]</SD>
		<WAVELENGTH_UNIT>band number</WAVELENGTH_UNIT>
		<COLOR>#54236a</COLOR>
		<COVARIANCE_MATRIX>[[0.0007478805321963189, 0.00012577874106252236, -4.773474577071759e-06, 2.676386757644777e-06], [0.00012577874106252236, 0.0002140605140691047, 0.00015930975652212912, 0.00011559364073574184], [-4.773474577071759e-06, 0.00015930975652212912, 0.0001914799561058499, 0.0001486592782130635], [2.676386757644777e-06, 0.00011559364073574184, 0.0001486592782130635, 0.00014492230632673684]]</COVARIANCE_MATRIX>
		<ROI_SIZE>5627</ROI_SIZE>
		<MAX_VALUE>[0.2079099863767624, 0.12109441310167313, 0.09200721234083176, 0.096115842461586]</MAX_VALUE>
		<MIN_VALUE>[0.08402133733034134, 0.03245929628610611, 0.013847749680280685, 0.01922317035496235]</MIN_VALUE>
		<SIGNATURE_THRESHOLD_MD>0</SIGNATURE_THRESHOLD_MD>
		<SIGNATURE_THRESHOLD_ML>0</SIGNATURE_THRESHOLD_ML>
		<SIGNATURE_THRESHOLD_SAM>0</SIGNATURE_THRESHOLD_SAM>
	</signature>
	<signature ID="20200824_113622920026_783">
		<MACROCLASSID>1</MACROCLASSID>
		<MACROCLASSINFO>waterbody</MACROCLASSINFO>
		<CLASSID>15</CLASSID>
		<CLASSINFO>C 1</CLASSINFO>
		<VALUES>[0.05724089701320362, 0.014235737412080948, 0.03703013308656138, 0.011413031175176367, 0.022922056987295172, 0.01061031965477059, 0.030439693998909594, 0.007518854633912584]</VALUES>
		<LCS_MIN>[0.04029593616724014, 0.026678746566176414, 0.011479281820356846, 0.016019307076931]</LCS_MIN>
		<LCS_MAX>[0.11802999675273895, 0.10182591527700424, 0.08963875472545624, 0.0993196964263916]</LCS_MAX>
		<WAVELENGTH>[1.0, 2.0, 3.0, 4.0]</WAVELENGTH>
		<MEAN_VALUE>[0.05724089701320362, 0.03703013308656138, 0.022922056987295172, 0.030439693998909594]</MEAN_VALUE>
		<CHECKBOX>2</CHECKBOX>
		<SD>[0.014235737412080948, 0.011413031175176367, 0.01061031965477059, 0.007518854633912584]</SD>
		<WAVELENGTH_UNIT>band number</WAVELENGTH_UNIT>
		<COLOR>#d70ece</COLOR>
		<COVARIANCE_MATRIX>[[0.00025191221750349815, 0.00018820294281368145, 0.00013076704508019408, 5.1419063709361215e-05], [0.00018820294281368145, 0.00016610221371477456, 0.00012535710640579104, 5.105272165849431e-05], [0.00013076704508019408, 0.00012535710640579104, 0.0001255418512480898, 5.880399012397713e-05], [5.1419063709361215e-05, 5.105272165849431e-05, 5.880399012397713e-05, 5.226742277086473e-05]]</COVARIANCE_MATRIX>
		<ROI_SIZE>7708</ROI_SIZE>
		<MAX_VALUE>[0.11802999675273895, 0.10182591527700424, 0.08963875472545624, 0.0993196964263916]</MAX_VALUE>
		<MIN_VALUE>[0.04029593616724014, 0.026678746566176414, 0.011479281820356846, 0.016019307076931]</MIN_VALUE>
		<SIGNATURE_THRESHOLD_MD>0</SIGNATURE_THRESHOLD_MD>
		<SIGNATURE_THRESHOLD_ML>0</SIGNATURE_THRESHOLD_ML>
		<SIGNATURE_THRESHOLD_SAM>0</SIGNATURE_THRESHOLD_SAM>
	</signature>
	<signature ID="20200824_113658123104_305">
		<MACROCLASSID>1</MACROCLASSID>
		<MACROCLASSINFO>waterbody</MACROCLASSINFO>
		<CLASSID>16</CLASSID>
		<CLASSINFO>C 1</CLASSINFO>
		<VALUES>[0.06344866884736512, 0.005348907706977231, 0.03982329920175695, 0.0031005545078409778, 0.03710393681552201, 0.011294055153634705, 0.0442052127761578, 0.015545841276772656]</VALUES>
		<LCS_MIN>[0.047583501785993576, 0.03245929628610611, 0.013847749680280685, 0.01922317035496235]</LCS_MIN>
		<LCS_MAX>[0.08402133733034134, 0.061362046748399734, 0.09437569230794907, 0.0993196964263916]</LCS_MAX>
		<WAVELENGTH>[1.0, 2.0, 3.0, 4.0]</WAVELENGTH>
		<MEAN_VALUE>[0.06344866884736512, 0.03982329920175695, 0.03710393681552201, 0.0442052127761578]</MEAN_VALUE>
		<CHECKBOX>2</CHECKBOX>
		<SD>[0.005348907706977231, 0.0031005545078409778, 0.011294055153634705, 0.015545841276772656]</SD>
		<WAVELENGTH_UNIT>band number</WAVELENGTH_UNIT>
		<COLOR>#face72</COLOR>
		<COVARIANCE_MATRIX>[[3.086713453241214e-05, 7.791907998413432e-06, -3.316206611766471e-06, -1.3244276176712657e-05], [7.791907998413432e-06, 1.1247903924161024e-05, 1.5871608670055416e-05, 1.5582040543467988e-05], [-3.316206611766471e-06, 1.5871608670055416e-05, 0.00013825822513847686, 0.0001690097999230571], [-1.3244276176712657e-05, 1.5582040543467988e-05, 0.0001690097999230571, 0.000250752898683511]]</COVARIANCE_MATRIX>
		<ROI_SIZE>2103</ROI_SIZE>
		<MAX_VALUE>[0.08402133733034134, 0.061362046748399734, 0.09437569230794907, 0.0993196964263916]</MAX_VALUE>
		<MIN_VALUE>[0.047583501785993576, 0.03245929628610611, 0.013847749680280685, 0.01922317035496235]</MIN_VALUE>
		<SIGNATURE_THRESHOLD_MD>0</SIGNATURE_THRESHOLD_MD>
		<SIGNATURE_THRESHOLD_ML>0</SIGNATURE_THRESHOLD_ML>
		<SIGNATURE_THRESHOLD_SAM>0</SIGNATURE_THRESHOLD_SAM>
	</signature>
	<signature ID="20200824_113753916538_359">
		<MACROCLASSID>1</MACROCLASSID>
		<MACROCLASSINFO>waterbody</MACROCLASSINFO>
		<CLASSID>17</CLASSID>
		<CLASSINFO>C 1</CLASSINFO>
		<VALUES>[0.13490070980042213, 0.014955199177827286, 0.10584339570254087, 0.01230438217087537, 0.07360421381890773, 0.010114527472682476, 0.060008323043584826, 0.012794241839788102]</VALUES>
		<LCS_MIN>[0.10345485061407089, 0.07870370149612427, 0.05411171540617943, 0.0352424755692482]</LCS_MIN>
		<LCS_MAX>[0.1641845703125, 0.13072867691516876, 0.10148108750581741, 0.0865042582154274]</LCS_MAX>
		<WAVELENGTH>[1.0, 2.0, 3.0, 4.0]</WAVELENGTH>
		<MEAN_VALUE>[0.13490070980042213, 0.10584339570254087, 0.07360421381890773, 0.060008323043584826]</MEAN_VALUE>
		<CHECKBOX>2</CHECKBOX>
		<SD>[0.014955199177827286, 0.01230438217087537, 0.010114527472682476, 0.012794241839788102]</SD>
		<WAVELENGTH_UNIT>band number</WAVELENGTH_UNIT>
		<COLOR>#e996f3</COLOR>
		<COVARIANCE_MATRIX>[[0.00022478189190802613, 0.00016109397903396779, -5.803967151003828e-05, -8.521835235539551e-05], [0.00016109397903396779, 0.00015215861367533245, -3.120987851368249e-05, -4.781749705907961e-05], [-5.803967151003828e-05, -3.120987851368249e-05, 0.00010281775476949615, 0.00011433541916753404], [-8.521835235539551e-05, -4.781749705907961e-05, 0.00011433541916753404, 0.0001645152002562657]]</COVARIANCE_MATRIX>
		<ROI_SIZE>200</ROI_SIZE>
		<MAX_VALUE>[0.1641845703125, 0.13072867691516876, 0.10148108750581741, 0.0865042582154274]</MAX_VALUE>
		<MIN_VALUE>[0.10345485061407089, 0.07870370149612427, 0.05411171540617943, 0.0352424755692482]</MIN_VALUE>
		<SIGNATURE_THRESHOLD_MD>0</SIGNATURE_THRESHOLD_MD>
		<SIGNATURE_THRESHOLD_ML>0</SIGNATURE_THRESHOLD_ML>
		<SIGNATURE_THRESHOLD_SAM>0</SIGNATURE_THRESHOLD_SAM>
	</signature>
	<signature ID="20200824_113805980338_112">
		<MACROCLASSID>1</MACROCLASSID>
		<MACROCLASSINFO>waterbody</MACROCLASSINFO>
		<CLASSID>18</CLASSID>
		<CLASSINFO>C 1</CLASSINFO>
		<VALUES>[0.12742711956563743, 0.004831810933489756, 0.10433589010254335, 0.005955542744278862, 0.08583673246596987, 0.014615780120682131, 0.07583876958999194, 0.017969516333741095]</VALUES>
		<LCS_MIN>[0.11317160725593567, 0.08833795040845871, 0.058848652988672256, 0.0448540598154068]</LCS_MIN>
		<LCS_MAX>[0.1374635100364685, 0.12302126735448837, 0.11332343518733978, 0.1057274267077446]</LCS_MAX>
		<WAVELENGTH>[1.0, 2.0, 3.0, 4.0]</WAVELENGTH>
		<MEAN_VALUE>[0.12742711956563743, 0.10433589010254335, 0.08583673246596987, 0.07583876958999194]</MEAN_VALUE>
		<CHECKBOX>2</CHECKBOX>
		<SD>[0.004831810933489756, 0.005955542744278862, 0.014615780120682131, 0.017969516333741095]</SD>
		<WAVELENGTH_UNIT>band number</WAVELENGTH_UNIT>
		<COLOR>#aead75</COLOR>
		<COVARIANCE_MATRIX>[[2.3657682188951105e-05, 1.778824546546782e-05, -5.373938322982337e-06, -1.4454133399776122e-05], [1.778824546546782e-05, 3.5941402570651667e-05, 1.1921620525317043e-05, 2.433593745428106e-06], [-5.373938322982337e-06, 1.1921620525317043e-05, 0.0002164693089166086, 0.00024311408779454144], [-1.4454133399776122e-05, 2.433593745428106e-06, 0.00024311408779454144, 0.000327208897498836]]</COVARIANCE_MATRIX>
		<ROI_SIZE>76</ROI_SIZE>
		<MAX_VALUE>[0.1374635100364685, 0.12302126735448837, 0.11332343518733978, 0.1057274267077446]</MAX_VALUE>
		<MIN_VALUE>[0.11317160725593567, 0.08833795040845871, 0.058848652988672256, 0.0448540598154068]</MIN_VALUE>
		<SIGNATURE_THRESHOLD_MD>0</SIGNATURE_THRESHOLD_MD>
		<SIGNATURE_THRESHOLD_ML>0</SIGNATURE_THRESHOLD_ML>
		<SIGNATURE_THRESHOLD_SAM>0</SIGNATURE_THRESHOLD_SAM>
	</signature>
	<signature ID="20200824_113818995169_783">
		<MACROCLASSID>1</MACROCLASSID>
		<MACROCLASSINFO>waterbody</MACROCLASSINFO>
		<CLASSID>19</CLASSID>
		<CLASSINFO>C 1</CLASSINFO>
		<VALUES>[0.14031780213117606, 0.0052771982929410545, 0.1167590028606355, 0.003636848901424769, 0.08096423172391956, 0.010853325751186122, 0.06143404040485619, 0.013256156465135688]</VALUES>
		<LCS_MIN>[0.1253175586462021, 0.10760646313428879, 0.058848652988672256, 0.0320386178791523]</LCS_MIN>
		<LCS_MAX>[0.15203861892223358, 0.12494811415672302, 0.10621803253889084, 0.0833003893494606]</LCS_MAX>
		<WAVELENGTH>[1.0, 2.0, 3.0, 4.0]</WAVELENGTH>
		<MEAN_VALUE>[0.14031780213117606, 0.1167590028606355, 0.08096423172391956, 0.06143404040485619]</MEAN_VALUE>
		<CHECKBOX>2</CHECKBOX>
		<SD>[0.0052771982929410545, 0.003636848901424769, 0.010853325751186122, 0.013256156465135688]</SD>
		<WAVELENGTH_UNIT>band number</WAVELENGTH_UNIT>
		<COLOR>#335a60</COLOR>
		<COVARIANCE_MATRIX>[[2.8201338554956927e-05, 5.776785663429627e-06, -1.1996701216603188e-05, -1.4821786629783844e-05], [5.776785663429627e-06, 1.3394096133462831e-05, -1.5741817713708612e-06, -5.118420494518953e-06], [-1.1996701216603188e-05, -1.5741817713708612e-06, 0.00011928575175833909, 0.00012182257047430979], [-1.4821786629783844e-05, -5.118420494518953e-06, 0.00012182257047430979, 0.00017795005997788227]]</COVARIANCE_MATRIX>
		<ROI_SIZE>80</ROI_SIZE>
		<MAX_VALUE>[0.15203861892223358, 0.12494811415672302, 0.10621803253889084, 0.0833003893494606]</MAX_VALUE>
		<MIN_VALUE>[0.1253175586462021, 0.10760646313428879, 0.058848652988672256, 0.0320386178791523]</MIN_VALUE>
		<SIGNATURE_THRESHOLD_MD>0</SIGNATURE_THRESHOLD_MD>
		<SIGNATURE_THRESHOLD_ML>0</SIGNATURE_THRESHOLD_ML>
		<SIGNATURE_THRESHOLD_SAM>0</SIGNATURE_THRESHOLD_SAM>
	</signature>
	<signature ID="20200824_113936889687_138">
		<MACROCLASSID>1</MACROCLASSID>
		<MACROCLASSINFO>waterbody</MACROCLASSINFO>
		<CLASSID>20</CLASSID>
		<CLASSINFO>C 1</CLASSINFO>
		<VALUES>[0.08794708283884184, 0.008950437664062708, 0.06934471534831184, 0.00990186739906908, 0.06982396825748893, 0.013424209746793528, 0.06994143683862476, 0.014693720403573614]</VALUES>
		<LCS_MIN>[0.06944621354341507, 0.05365464836359024, 0.04226937144994736, 0.0384463369846344]</LCS_MIN>
		<LCS_MAX>[0.11802999675273895, 0.09797222167253494, 0.09674415737390518, 0.1025235652923584]</LCS_MAX>
		<WAVELENGTH>[1.0, 2.0, 3.0, 4.0]</WAVELENGTH>
		<MEAN_VALUE>[0.08794708283884184, 0.06934471534831184, 0.06982396825748893, 0.06994143683862476]</MEAN_VALUE>
		<CHECKBOX>2</CHECKBOX>
		<SD>[0.008950437664062708, 0.00990186739906908, 0.013424209746793528, 0.014693720403573614]</SD>
		<WAVELENGTH_UNIT>band number</WAVELENGTH_UNIT>
		<COLOR>#2a7071</COLOR>
		<COVARIANCE_MATRIX>[[8.083204910240082e-05, 7.523431837131825e-05, 8.315350565697683e-05, 6.904279909829058e-05], [7.523431837131825e-05, 9.893028409675383e-05, 0.00010191642900581087, 9.78124189628331e-05], [8.315350565697683e-05, 0.00010191642900581087, 0.00018183291550001354, 0.0001733021829084137], [6.904279909829058e-05, 9.78124189628331e-05, 0.0001733021829084137, 0.00021785051316594857]]</COVARIANCE_MATRIX>
		<ROI_SIZE>112</ROI_SIZE>
		<MAX_VALUE>[0.11802999675273895, 0.09797222167253494, 0.09674415737390518, 0.1025235652923584]</MAX_VALUE>
		<MIN_VALUE>[0.06944621354341507, 0.05365464836359024, 0.04226937144994736, 0.0384463369846344]</MIN_VALUE>
		<SIGNATURE_THRESHOLD_MD>0</SIGNATURE_THRESHOLD_MD>
		<SIGNATURE_THRESHOLD_ML>0</SIGNATURE_THRESHOLD_ML>
		<SIGNATURE_THRESHOLD_SAM>0</SIGNATURE_THRESHOLD_SAM>
	</signature>
	<signature ID="20200824_114032809614_760">
		<MACROCLASSID>1</MACROCLASSID>
		<MACROCLASSINFO>waterbody</MACROCLASSINFO>
		<CLASSID>21</CLASSID>
		<CLASSINFO>C 1</CLASSINFO>
		<VALUES>[0.08751119925719857, 0.007000064886372906, 0.0612115371892283, 0.011616328732176514, 0.04411774417670352, 0.01585596691337758, 0.04230357114515956, 0.013521667109972223]</VALUES>
		<LCS_MIN>[0.05487106740474701, 0.03631299361586571, 0.020953156054019928, 0.0224270299077034]</LCS_MIN>
		<LCS_MAX>[0.11317160725593567, 0.10182591527700424, 0.09200721234083176, 0.0833003893494606]</LCS_MAX>
		<WAVELENGTH>[1.0, 2.0, 3.0, 4.0]</WAVELENGTH>
		<MEAN_VALUE>[0.08751119925719857, 0.0612115371892283, 0.04411774417670352, 0.04230357114515956]</MEAN_VALUE>
		<CHECKBOX>2</CHECKBOX>
		<SD>[0.007000064886372906, 0.011616328732176514, 0.01585596691337758, 0.013521667109972223]</SD>
		<WAVELENGTH_UNIT>band number</WAVELENGTH_UNIT>
		<COLOR>#5c271f</COLOR>
		<COVARIANCE_MATRIX>[[4.57079660499248e-05, 4.8686809051285745e-05, 2.984995048826361e-05, 1.327243206137686e-05], [4.8686809051285745e-05, 0.00011839458018457041, 0.0001187347170157228, 8.123524387510872e-05], [2.984995048826361e-05, 0.0001187347170157228, 0.00020777260089365458, 0.0001598237762913047], [1.327243206137686e-05, 8.123524387510872e-05, 0.0001598237762913047, 0.00015459745234018668]]</COVARIANCE_MATRIX>
		<ROI_SIZE>9451</ROI_SIZE>
		<MAX_VALUE>[0.11317160725593567, 0.10182591527700424, 0.09200721234083176, 0.0833003893494606]</MAX_VALUE>
		<MIN_VALUE>[0.05487106740474701, 0.03631299361586571, 0.020953156054019928, 0.0224270299077034]</MIN_VALUE>
		<SIGNATURE_THRESHOLD_MD>0</SIGNATURE_THRESHOLD_MD>
		<SIGNATURE_THRESHOLD_ML>0</SIGNATURE_THRESHOLD_ML>
		<SIGNATURE_THRESHOLD_SAM>0</SIGNATURE_THRESHOLD_SAM>
	</signature>
	<signature ID="20200824_114125279305_166">
		<MACROCLASSID>1</MACROCLASSID>
		<MACROCLASSINFO>waterbody</MACROCLASSINFO>
		<CLASSID>22</CLASSID>
		<CLASSINFO>C 1</CLASSINFO>
		<VALUES>[0.06626807182446674, 0.006086150370309679, 0.04254948718400751, 0.004541050614313214, 0.02927232590540274, 0.005379299870366559, 0.03417563175709995, 0.005489135159499125]</VALUES>
		<LCS_MIN>[0.052441876381635666, 0.03438614681363106, 0.020953156054019928, 0.0224270299077034]</LCS_MIN>
		<LCS_MAX>[0.10831324011087418, 0.07870370149612427, 0.07542793452739716, 0.0736888125538826]</LCS_MAX>
		<WAVELENGTH>[1.0, 2.0, 3.0, 4.0]</WAVELENGTH>
		<MEAN_VALUE>[0.06626807182446674, 0.04254948718400751, 0.02927232590540274, 0.03417563175709995]</MEAN_VALUE>
		<CHECKBOX>2</CHECKBOX>
		<SD>[0.006086150370309679, 0.004541050614313214, 0.005379299870366559, 0.005489135159499125]</SD>
		<WAVELENGTH_UNIT>band number</WAVELENGTH_UNIT>
		<COLOR>#42680a</COLOR>
		<COVARIANCE_MATRIX>[[3.5200526633815056e-05, 1.110596785894418e-05, 1.2788272110121098e-05, 1.0085005577803214e-05], [1.110596785894418e-05, 1.7084032511475497e-05, 1.3160919710173953e-05, 1.0544255532181787e-05], [1.2788272110121098e-05, 1.3160919710173953e-05, 2.3147880728026866e-05, 1.4320629598738292e-05], [1.0085005577803214e-05, 1.0544255532181787e-05, 1.4320629598738292e-05, 2.7130264161051326e-05]]</COVARIANCE_MATRIX>
		<ROI_SIZE>7193</ROI_SIZE>
		<MAX_VALUE>[0.10831324011087418, 0.07870370149612427, 0.07542793452739716, 0.0736888125538826]</MAX_VALUE>
		<MIN_VALUE>[0.052441876381635666, 0.03438614681363106, 0.020953156054019928, 0.0224270299077034]</MIN_VALUE>
		<SIGNATURE_THRESHOLD_MD>0</SIGNATURE_THRESHOLD_MD>
		<SIGNATURE_THRESHOLD_ML>0</SIGNATURE_THRESHOLD_ML>
		<SIGNATURE_THRESHOLD_SAM>0</SIGNATURE_THRESHOLD_SAM>
	</signature>
	<signature ID="20200824_114200028586_173">
		<MACROCLASSID>1</MACROCLASSID>
		<MACROCLASSINFO>waterbody</MACROCLASSINFO>
		<CLASSID>23</CLASSID>
		<CLASSINFO>C 1</CLASSINFO>
		<VALUES>[0.075608413809432, 0.007282896498739422, 0.05057367421669218, 0.005183523206311706, 0.03671837770011817, 0.006521541571178259, 0.03863149245518439, 0.006268797748398283]</VALUES>
		<LCS_MIN>[0.0597294457256794, 0.01897134631872177, 0.025690095499157906, 0.0224270299077034]</LCS_MIN>
