<?xml version="1.0" ?>
<signaturelist MCID_LIST="[['1', 'waterbody', '#0000ff'], ['2', 'vegetation', '#00ff00'], ['3', 'bareland', '#ffaa00'], ['4', 'built-up', '#ff0000']]">
	<signature ID="20211208_144055588622_639">
		<MACROCLASSID>1</MACROCLASSID>
		<MACROCLASSINFO>waterbody</MACROCLASSINFO>
		<CLASSID>1</CLASSID>
		<CLASSINFO>C 1</CLASSINFO>
		<VALUES>[0.1025851739363538, 0.004934988079066135, 0.08890019295116265, 0.005986583140568114, 0.08441626404722531, 0.007872082890217348, 0.07987350587629609, 0.015466340174390074, 0.05605635874801212, 0.0171637627730814, 0.044455897373457745, 0.01392755851560693]</VALUES>
		<LCS_MIN>[0.09597788751125336, 0.08063629269599915, 0.07141120731830597, 0.047900114208459854, 0.027446307241916656, 0.020605623722076416]</LCS_MIN>
		<LCS_MAX>[0.11774303764104843, 0.1076817661523819, 0.10574454069137573, 0.10252583771944046, 0.08522466570138931, 0.07111207395792007]</LCS_MAX>
		<WAVELENGTH>[0.485, 0.56, 0.66, 0.83, 1.65, 2.215]</WAVELENGTH>
		<MEAN_VALUE>[0.1025851739363538, 0.08890019295116265, 0.08441626404722531, 0.07987350587629609, 0.05605635874801212, 0.044455897373457745]</MEAN_VALUE>
		<CHECKBOX>2</CHECKBOX>
		<SD>[0.004934988079066135, 0.005986583140568114, 0.007872082890217348, 0.015466340174390074, 0.0171637627730814, 0.01392755851560693]</SD>
		<WAVELENGTH_UNIT>E-6m</WAVELENGTH_UNIT>
		<COLOR>#d075e0</COLOR>
		<COVARIANCE_MATRIX>[[2.5049938978825598e-05, 2.6278967005942068e-05, 3.445205711688677e-05, 5.827699192070346e-05, 6.075762103843927e-05, 4.5749940807623625e-05], [2.6278967005942068e-05, 3.6863154204618193e-05, 4.0498929759939595e-05, 6.666631220800394e-05, 7.662236680091635e-05, 6.001292583280126e-05], [3.445205711688677e-05, 4.0498929759939595e-05, 6.374025157417998e-05, 9.806558279489221e-05, 0.00010476804978788262, 8.439709066267254e-05], [5.827699192070346e-05, 6.666631220800394e-05, 9.806558279489221e-05, 0.0002460421834868082, 0.00023252084330085181, 0.00018207564133363105], [6.075762103843927e-05, 7.662236680091635e-05, 0.00010476804978788262, 0.00023252084330085181, 0.00030301174546006103, 0.00022797651908324065], [4.5749940807623625e-05, 6.001292583280126e-05, 8.439709066267254e-05, 0.00018207564133363105, 0.00022797651908324065, 0.0001995190829543881]]</COVARIANCE_MATRIX>
		<ROI_SIZE>36</ROI_SIZE>
		<MAX_VALUE>[0.11774303764104843, 0.1076817661523819, 0.10574454069137573, 0.10252583771944046, 0.08522466570138931, 0.07111207395792007]</MAX_VALUE>
		<MIN_VALUE>[0.09597788751125336, 0.08063629269599915, 0.07141120731830597, 0.047900114208459854, 0.027446307241916656, 0.020605623722076416]</MIN_VALUE>
		<SIGNATURE_THRESHOLD_MD>0</SIGNATURE_THRESHOLD_MD>
		<SIGNATURE_THRESHOLD_ML>0</SIGNATURE_THRESHOLD_ML>
		<SIGNATURE_THRESHOLD_SAM>0</SIGNATURE_THRESHOLD_SAM>
	</signature>
	<signature ID="20211208_144102773448_338">
		<MACROCLASSID>1</MACROCLASSID>
		<MACROCLASSINFO>waterbody</MACROCLASSINFO>
		<CLASSID>2</CLASSID>
		<CLASSINFO>C 1</CLASSINFO>
		<VALUES>[0.10318583588708531, 0.005864858159101058, 0.09031734954227101, 0.00860675106242106, 0.08559854260899803, 0.01034021019599731, 0.07698653993958776, 0.014680984586055625, 0.06352922828360037, 0.01655191795340188, 0.05291008068756623, 0.013992384608076145]</VALUES>
		<LCS_MIN>[0.09442324936389923, 0.07387493550777435, 0.06829000264406204, 0.051801953464746475, 0.042518917471170425, 0.03503604233264923]</LCS_MIN>
		<LCS_MAX>[0.11774303764104843, 0.1076817661523819, 0.11198695003986359, 0.09862401336431503, 0.09527305513620377, 0.08193489909172058]</LCS_MAX>
		<WAVELENGTH>[0.485, 0.56, 0.66, 0.83, 1.65, 2.215]</WAVELENGTH>
		<MEAN_VALUE>[0.10318583588708531, 0.09031734954227101, 0.08559854260899803, 0.07698653993958776, 0.06352922828360037, 0.05291008068756623]</MEAN_VALUE>
		<CHECKBOX>2</CHECKBOX>
		<SD>[0.005864858159101058, 0.00860675106242106, 0.01034021019599731, 0.014680984586055625, 0.01655191795340188, 0.013992384608076145]</SD>
		<WAVELENGTH_UNIT>E-6m</WAVELENGTH_UNIT>
		<COLOR>#71cf3b</COLOR>
		<COVARIANCE_MATRIX>[[3.603449271334447e-05, 4.702911393411996e-05, 5.831282667468038e-05, 4.3801278766269315e-05, 4.145521757628263e-05, 5.8659378764875375e-05], [4.702911393411996e-05, 7.760360022431872e-05, 8.724670624771727e-05, 7.560489389913022e-05, 4.7757210063323165e-05, 7.077475888432887e-05], [5.831282667468038e-05, 8.724670624771727e-05, 0.00011201137294014037, 9.252461658539236e-05, 6.744442669716118e-05, 9.627134991107496e-05], [4.3801278766269315e-05, 7.560489389913022e-05, 9.252461658539236e-05, 0.0002257947040548601, 0.0001892047350444082, 0.0001410675371049119], [4.145521757628263e-05, 4.7757210063323165e-05, 6.744442669716118e-05, 0.0001892047350444082, 0.00028701198736167825, 0.00021679789702654898], [5.8659378764875375e-05, 7.077475888432887e-05, 9.627134991107496e-05, 0.0001410675371049119, 0.00021679789702654898, 0.00020511000925938934]]</COVARIANCE_MATRIX>
		<ROI_SIZE>22</ROI_SIZE>
		<MAX_VALUE>[0.11774303764104843, 0.1076817661523819, 0.11198695003986359, 0.09862401336431503, 0.09527305513620377, 0.08193489909172058]</MAX_VALUE>
		<MIN_VALUE>[0.09442324936389923, 0.07387493550777435, 0.06829000264406204, 0.051801953464746475, 0.042518917471170425, 0.03503604233264923]</MIN_VALUE>
		<SIGNATURE_THRESHOLD_MD>0</SIGNATURE_THRESHOLD_MD>
		<SIGNATURE_THRESHOLD_ML>0</SIGNATURE_THRESHOLD_ML>
		<SIGNATURE_THRESHOLD_SAM>0</SIGNATURE_THRESHOLD_SAM>
	</signature>
	<signature ID="20211208_144110197363_814">
		<MACROCLASSID>1</MACROCLASSID>
		<MACROCLASSINFO>waterbody</MACROCLASSINFO>
		<CLASSID>3</CLASSID>
		<CLASSINFO>C 1</CLASSINFO>
		<VALUES>[0.09814718053784481, 0.0032703547246947136, 0.08299491363902424, 0.0048106556459234185, 0.07344363404567851, 0.005902296891916671, 0.05851674322472063, 0.00930697548000215, 0.0343399825397619, 0.010180348393320597, 0.029750482395811132, 0.010649400172237271]</VALUES>
		<LCS_MIN>[0.091313935816288, 0.07387493550777435, 0.06204758957028389, 0.04399827867746353, 0.01739789918065071, 0.009782813489437103]</LCS_MIN>
		<LCS_MAX>[0.10686046630144119, 0.09077835083007812, 0.08389606326818466, 0.07911481708288193, 0.05759153142571449, 0.04946645721793175]</LCS_MAX>
		<WAVELENGTH>[0.485, 0.56, 0.66, 0.83, 1.65, 2.215]</WAVELENGTH>
		<MEAN_VALUE>[0.09814718053784481, 0.08299491363902424, 0.07344363404567851, 0.05851674322472063, 0.0343399825397619, 0.029750482395811132]</MEAN_VALUE>
		<CHECKBOX>2</CHECKBOX>
		<SD>[0.0032703547246947136, 0.0048106556459234185, 0.005902296891916671, 0.00930697548000215, 0.010180348393320597, 0.010649400172237271]</SD>
		<WAVELENGTH_UNIT>E-6m</WAVELENGTH_UNIT>
		<COLOR>#9182c5</COLOR>
		<COVARIANCE_MATRIX>[[1.094986812117428e-05, 9.778229361281778e-06, 1.4433615836723822e-05, 2.263836289741374e-05, 2.281423152601539e-05, 1.854929399498792e-05], [9.778229361281778e-06, 2.3693417451837117e-05, 2.3732860001758384e-05, 2.963932137586909e-05, 3.532011110831446e-05, 3.105770227066353e-05], [1.4433615836723822e-05, 2.3732860001758384e-05, 3.566656356700368e-05, 4.692011182135796e-05, 5.3235817495418176e-05, 4.987235357674038e-05], [2.263836289741374e-05, 2.963932137586909e-05, 4.692011182135796e-05, 8.868216859929845e-05, 8.096537506935716e-05, 6.683507059651649e-05], [2.281423152601539e-05, 3.532011110831446e-05, 5.3235817495418176e-05, 8.096537506935716e-05, 0.00010610710039532295, 8.542294274059166e-05], [1.854929399498792e-05, 3.105770227066353e-05, 4.987235357674038e-05, 6.683507059651649e-05, 8.542294274059166e-05, 0.000116109955552934]]</COVARIANCE_MATRIX>
		<ROI_SIZE>43</ROI_SIZE>
		<MAX_VALUE>[0.10686046630144119, 0.09077835083007812, 0.08389606326818466, 0.07911481708288193, 0.05759153142571449, 0.04946645721793175]</MAX_VALUE>
		<MIN_VALUE>[0.091313935816288, 0.07387493550777435, 0.06204758957028389, 0.04399827867746353, 0.01739789918065071, 0.009782813489437103]</MIN_VALUE>
		<SIGNATURE_THRESHOLD_MD>0</SIGNATURE_THRESHOLD_MD>
		<SIGNATURE_THRESHOLD_ML>0</SIGNATURE_THRESHOLD_ML>
		<SIGNATURE_THRESHOLD_SAM>0</SIGNATURE_THRESHOLD_SAM>
	</signature>
	<signature ID="20211208_144118974357_534">
		<MACROCLASSID>1</MACROCLASSID>
		<MACROCLASSINFO>waterbody</MACROCLASSINFO>
		<CLASSID>4</CLASSID>
		<CLASSINFO>C 1</CLASSINFO>
		<VALUES>[0.10080695353382453, 0.005088822385549438, 0.08862428670435883, 0.007613594791208467, 0.0833988785249206, 0.009501336707736037, 0.07457418200782447, 0.016734084575605997, 0.05551293351794637, 0.01975648925864336, 0.0464654422604141, 0.019161325612782738]</VALUES>
		<LCS_MIN>[0.08975928276777267, 0.07049424946308136, 0.06204758957028389, 0.04009643569588661, 0.014885797165334225, 0.0061752088367938995]</LCS_MIN>
		<LCS_MAX>[0.11929769814014435, 0.11106245964765549, 0.10574454069137573, 0.10642767697572708, 0.10029725730419159, 0.0927576944231987]</LCS_MAX>
		<WAVELENGTH>[0.485, 0.56, 0.66, 0.83, 1.65, 2.215]</WAVELENGTH>
		<MEAN_VALUE>[0.10080695353382453, 0.08862428670435883, 0.0833988785249206, 0.07457418200782447, 0.05551293351794637, 0.0464654422604141]</MEAN_VALUE>
		<CHECKBOX>2</CHECKBOX>
		<SD>[0.005088822385549438, 0.007613594791208467, 0.009501336707736037, 0.016734084575605997, 0.01975648925864336, 0.019161325612782738]</SD>
		<WAVELENGTH_UNIT>E-6m</WAVELENGTH_UNIT>
		<COLOR>#84b5e5</COLOR>
		<COVARIANCE_MATRIX>[[2.601120710843212e-05, 3.259274438012787e-05, 4.136020409880936e-05, 6.319238768681078e-05, 8.338320886753866e-05, 7.704847165146452e-05], [3.259274438012787e-05, 5.822445598091551e-05, 6.678426205806403e-05, 9.423712737998048e-05, 0.00012074059394242255, 0.00011861253089699323], [4.136020409880936e-05, 6.678426205806403e-05, 9.067662323036697e-05, 0.00013202021734726722, 0.0001581476149394616, 0.00015303982307849622], [6.319238768681078e-05, 9.423712737998048e-05, 0.00013202021734726722, 0.0002812741625239058, 0.000285227769035234, 0.0002522608678423875], [8.338320886753866e-05, 0.00012074059394242255, 0.0001581476149394616, 0.000285227769035234, 0.00039205361835056553, 0.00033835749400509005], [7.704847165146452e-05, 0.00011861253089699323, 0.00015303982307849622, 0.0002522608678423875, 0.00033835749400509005, 0.00036878820545792416]]</COVARIANCE_MATRIX>
		<ROI_SIZE>226</ROI_SIZE>
		<MAX_VALUE>[0.11929769814014435, 0.11106245964765549, 0.10574454069137573, 0.10642767697572708, 0.10029725730419159, 0.0927576944231987]</MAX_VALUE>
		<MIN_VALUE>[0.08975928276777267, 0.07049424946308136, 0.06204758957028389, 0.04009643569588661, 0.014885797165334225, 0.0061752088367938995]</MIN_VALUE>
		<SIGNATURE_THRESHOLD_MD>0</SIGNATURE_THRESHOLD_MD>
		<SIGNATURE_THRESHOLD_ML>0</SIGNATURE_THRESHOLD_ML>
		<SIGNATURE_THRESHOLD_SAM>0</SIGNATURE_THRESHOLD_SAM>
	</signature>
	<signature ID="20211208_144129799449_390">
		<MACROCLASSID>1</MACROCLASSID>
		<MACROCLASSINFO>waterbody</MACROCLASSINFO>
		<CLASSID>5</CLASSID>
		<CLASSINFO>C 1</CLASSINFO>
		<VALUES>[0.09617411583951375, 0.0034162533436150715, 0.08260562647025559, 0.005106987938406427, 0.07683545983966117, 0.006917456576885281, 0.07536450650506807, 0.01368937343475353, 0.04637243443177741, 0.00955981183305238, 0.03335482836927025, 0.00867538843471188]</VALUES>
		<LCS_MIN>[0.08975928276777267, 0.07049424946308136, 0.06204758957028389, 0.05960562825202942, 0.027446307241916656, 0.01699802093207836]</LCS_MIN>
		<LCS_MAX>[0.10686046630144119, 0.1009204089641571, 0.10262331366539001, 0.11423135548830032, 0.06763994693756104, 0.06028927117586136]</LCS_MAX>
		<WAVELENGTH>[0.485, 0.56, 0.66, 0.83, 1.65, 2.215]</WAVELENGTH>
		<MEAN_VALUE>[0.09617411583951375, 0.08260562647025559, 0.07683545983966117, 0.07536450650506807, 0.04637243443177741, 0.03335482836927025]</MEAN_VALUE>
		<CHECKBOX>2</CHECKBOX>
		<SD>[0.0034162533436150715, 0.005106987938406427, 0.006917456576885281, 0.01368937343475353, 0.00955981183305238, 0.00867538843471188]</SD>
		<WAVELENGTH_UNIT>E-6m</WAVELENGTH_UNIT>
		<COLOR>#dd3c71</COLOR>
		<COVARIANCE_MATRIX>[[1.1785206387249023e-05, 1.444968022551524e-05, 1.9714441369200626e-05, 7.760631598369617e-06, 9.076651319630542e-06, 1.4739453793908748e-05], [1.444968022551524e-05, 2.6337025075607547e-05, 3.1834269136201715e-05, 6.164808336403259e-06, 1.3235283446304811e-05, 2.4507279671627153e-05], [1.9714441369200626e-05, 3.1834269136201715e-05, 4.8320334958711977e-05, 2.0064406579717223e-05, 2.5168762592640037e-05, 3.6034218619273225e-05], [7.760631598369617e-06, 6.164808336403259e-06, 2.0064406579717223e-05, 0.00018923618959531348, 7.801705474881546e-05, 4.469414373032894e-05], [9.076651319630542e-06, 1.3235283446304811e-05, 2.5168762592640037e-05, 7.801705474881546e-05, 9.228598269791114e-05, 6.402785059924843e-05], [1.4739453793908748e-05, 2.4507279671627153e-05, 3.6034218619273225e-05, 4.469414373032894e-05, 6.402785059924843e-05, 7.60002308116927e-05]]</COVARIANCE_MATRIX>
		<ROI_SIZE>103</ROI_SIZE>
		<MAX_VALUE>[0.10686046630144119, 0.1009204089641571, 0.10262331366539001, 0.11423135548830032, 0.06763994693756104, 0.06028927117586136]</MAX_VALUE>
		<MIN_VALUE>[0.08975928276777267, 0.07049424946308136, 0.06204758957028389, 0.05960562825202942, 0.027446307241916656, 0.01699802093207836]</MIN_VALUE>
		<SIGNATURE_THRESHOLD_MD>0</SIGNATURE_THRESHOLD_MD>
		<SIGNATURE_THRESHOLD_ML>0</SIGNATURE_THRESHOLD_ML>
		<SIGNATURE_THRESHOLD_SAM>0</SIGNATURE_THRESHOLD_SAM>
	</signature>
	<signature ID="20211208_144140144474_179">
		<MACROCLASSID>1</MACROCLASSID>
		<MACROCLASSINFO>waterbody</MACROCLASSINFO>
		<CLASSID>6</CLASSID>
		<CLASSINFO>C 1</CLASSINFO>
		<VALUES>[0.09838608506263471, 0.0036468137538369005, 0.08699993803804996, 0.004903516143373746, 0.08328406118294772, 0.007155452659384364, 0.07773769595751577, 0.013578577880079401, 0.05552274156727044, 0.013747707949546124, 0.04571737911479147, 0.012475867570507785]</VALUES>
		<LCS_MIN>[0.08975928276777267, 0.08063629269599915, 0.07141120731830597, 0.055703792721033096, 0.03247050940990448, 0.020605623722076416]</LCS_MIN>
		<LCS_MAX>[0.10841512680053711, 0.09753971546888351, 0.09950211644172668, 0.1103295162320137, 0.08522466570138931, 0.07111207395792007]</LCS_MAX>
		<WAVELENGTH>[0.485, 0.56, 0.66, 0.83, 1.65, 2.215]</WAVELENGTH>
		<MEAN_VALUE>[0.09838608506263471, 0.08699993803804996, 0.08328406118294772, 0.07773769595751577, 0.05552274156727044, 0.04571737911479147]</MEAN_VALUE>
		<CHECKBOX>2</CHECKBOX>
		<SD>[0.0036468137538369005, 0.004903516143373746, 0.007155452659384364, 0.013578577880079401, 0.013747707949546124, 0.012475867570507785]</SD>
		<WAVELENGTH_UNIT>E-6m</WAVELENGTH_UNIT>
		<COLOR>#d64e77</COLOR>
		<COVARIANCE_MATRIX>[[1.3565235566277474e-05, 1.4326678217738912e-05, 2.1204044482378785e-05, 2.5584267277238635e-05, 3.156063595222775e-05, 2.9512116614701705e-05], [1.4326678217738912e-05, 2.4525359979693498e-05, 3.0774096930198975e-05, 3.8486347798200115e-05, 4.79084124301374e-05, 4.336099008930865e-05], [2.1204044482378785e-05, 3.0774096930198975e-05, 5.222451281590458e-05, 5.637907674551205e-05, 7.100073708806787e-05, 6.994944266494432e-05], [2.5584267277238635e-05, 3.8486347798200115e-05, 5.637907674551205e-05, 0.00018806533279028929, 0.00015000235851112575, 0.0001256432593533284], [3.156063595222775e-05, 4.79084124301374e-05, 7.100073708806787e-05, 0.00015000235851112575, 0.00019277946334333402, 0.00016192325616216617], [2.9512116614701705e-05, 4.336099008930865e-05, 6.994944266494432e-05, 0.0001256432593533284, 0.00016192325616216617, 0.00015876021706958475]]</COVARIANCE_MATRIX>
		<ROI_SIZE>51</ROI_SIZE>
		<MAX_VALUE>[0.10841512680053711, 0.09753971546888351, 0.09950211644172668, 0.1103295162320137, 0.08522466570138931, 0.07111207395792007]</MAX_VALUE>
		<MIN_VALUE>[0.08975928276777267, 0.08063629269599915, 0.07141120731830597, 0.055703792721033096, 0.03247050940990448, 0.020605623722076416]</MIN_VALUE>
		<SIGNATURE_THRESHOLD_MD>0</SIGNATURE_THRESHOLD_MD>
		<SIGNATURE_THRESHOLD_ML>0</SIGNATURE_THRESHOLD_ML>
		<SIGNATURE_THRESHOLD_SAM>0</SIGNATURE_THRESHOLD_SAM>
	</signature>
	<signature ID="20211208_144202999896_597">
		<MACROCLASSID>1</MACROCLASSID>
		<MACROCLASSINFO>waterbody</MACROCLASSINFO>
		<CLASSID>7</CLASSID>
		<CLASSINFO>C 1</CLASSINFO>
		<VALUES>[0.09682588990439069, 0.004079092447844354, 0.08678299595009197, 0.006655773249480592, 0.08375418998978357, 0.008229869505594171, 0.07698653993958778, 0.014005529558283578, 0.054394309493628425, 0.01675236334148187, 0.04389107041060924, 0.012903623243468984]</VALUES>
		<LCS_MIN>[0.08975928276777267, 0.07725560665130615, 0.07141120731830597, 0.051801953464746475, 0.024934202432632446, 0.02421322837471962]</LCS_MIN>
		<LCS_MAX>[0.10530582815408707, 0.1009204089641571, 0.09950211644172668, 0.09862401336431503, 0.07768835127353668, 0.06389687955379486]</LCS_MAX>
		<WAVELENGTH>[0.485, 0.56, 0.66, 0.83, 1.65, 2.215]</WAVELENGTH>
		<MEAN_VALUE>[0.09682588990439069, 0.08678299595009197, 0.08375418998978357, 0.07698653993958778, 0.054394309493628425, 0.04389107041060924]</MEAN_VALUE>
		<CHECKBOX>2</CHECKBOX>
		<SD>[0.004079092447844354, 0.006655773249480592, 0.008229869505594171, 0.014005529558283578, 0.01675236334148187, 0.012903623243468984]</SD>
		<WAVELENGTH_UNIT>E-6m</WAVELENGTH_UNIT>
		<COLOR>#4912cd</COLOR>
		<COVARIANCE_MATRIX>[[1.743132830273041e-05, 2.307089756486584e-05, 3.016472271120248e-05, 3.973103578555884e-05, 4.1150924133170207e-05, 3.566665391351559e-05], [2.307089756486584e-05, 4.640880886033484e-05, 5.166286244927043e-05, 7.400601676937445e-05, 8.165424234652321e-05, 6.029452048094713e-05], [3.016472271120248e-05, 5.166286244927043e-05, 7.09560259876378e-05, 8.203321400042717e-05, 9.84682228161772e-05, 7.906437042229108e-05], [3.973103578555884e-05, 7.400601676937445e-05, 8.203321400042717e-05, 0.00020549556574166707, 0.0002117785606219872, 0.0001504517002242075], [4.1150924133170207e-05, 8.165424234652321e-05, 9.84682228161772e-05, 0.0002117785606219872, 0.0002940055669309792, 0.0002117761485042282], [3.566665391351559e-05, 6.029452048094713e-05, 7.906437042229108e-05, 0.0001504517002242075, 0.0002117761485042282, 0.00017443223056222125]]</COVARIANCE_MATRIX>
		<ROI_SIZE>22</ROI_SIZE>
		<MAX_VALUE>[0.10530582815408707, 0.1009204089641571, 0.09950211644172668, 0.09862401336431503, 0.07768835127353668, 0.06389687955379486]</MAX_VALUE>
		<MIN_VALUE>[0.08975928276777267, 0.07725560665130615, 0.07141120731830597, 0.051801953464746475, 0.024934202432632446, 0.02421322837471962]</MIN_VALUE>
		<SIGNATURE_THRESHOLD_MD>0</SIGNATURE_THRESHOLD_MD>
		<SIGNATURE_THRESHOLD_ML>0</SIGNATURE_THRESHOLD_ML>
		<SIGNATURE_THRESHOLD_SAM>0</SIGNATURE_THRESHOLD_SAM>
	</signature>
	<signature ID="20211208_144213764723_382">
		<MACROCLASSID>1</MACROCLASSID>
		<MACROCLASSINFO>waterbody</MACROCLASSINFO>
		<CLASSID>8</CLASSID>
		<CLASSINFO>C 1</CLASSINFO>
		<VALUES>[0.09403457942729192, 0.0030521002793230307, 0.08197448526819548, 0.005552441788563587, 0.07843394204974176, 0.0071657698182774005, 0.07293690554797645, 0.012411311321462259, 0.04942719894461333, 0.013406052634541404, 0.04119903202323864, 0.0099334290755652]</VALUES>
		<LCS_MIN>[0.08820462971925735, 0.07049424946308136, 0.06516879796981812, 0.047900114208459854, 0.024934202432632446, 0.02421322837471962]</LCS_MIN>
		<LCS_MAX>[0.09908720850944519, 0.09415903687477112, 0.09325969219207764, 0.09472215920686722, 0.07517624646425247, 0.06028927117586136]</LCS_MAX>
		<WAVELENGTH>[0.485, 0.56, 0.66, 0.83, 1.65, 2.215]</WAVELENGTH>
		<MEAN_VALUE>[0.09403457942729192, 0.08197448526819548, 0.07843394204974176, 0.07293690554797645, 0.04942719894461333, 0.04119903202323864]</MEAN_VALUE>
		<CHECKBOX>2</CHECKBOX>
		<SD>[0.0030521002793230307, 0.005552441788563587, 0.0071657698182774005, 0.012411311321462259, 0.013406052634541404, 0.0099334290755652]</SD>
		<WAVELENGTH_UNIT>E-6m</WAVELENGTH_UNIT>
		<COLOR>#03f390</COLOR>
		<COVARIANCE_MATRIX>[[9.513514330257443e-06, 1.4844816377724154e-05, 1.992582113118946e-05, 3.2782231333854964e-05, 2.733811547003749e-05, 2.1419959071754996e-05], [1.4844816377724154e-05, 3.1485558960395426e-05, 3.530374205589147e-05, 5.924202915741359e-05, 4.603183947794034e-05, 3.698857108191832e-05], [1.992582113118946e-05, 3.530374205589147e-05, 5.244077319680203e-05, 8.524921906980072e-05, 6.439467967636289e-05, 4.875382284411814e-05], [3.2782231333854964e-05, 5.924202915741359e-05, 8.524921906980072e-05, 0.00015731810932928406, 0.00011470207659939854, 8.410828711492777e-05], [2.733811547003749e-05, 4.603183947794034e-05, 6.439467967636289e-05, 0.00011470207659939854, 0.00018354612484094765, 0.0001254311970549346], [2.1419959071754996e-05, 3.698857108191832e-05, 4.875382284411814e-05, 8.410828711492777e-05, 0.0001254311970549346, 0.00010077243901203482]]</COVARIANCE_MATRIX>
		<ROI_SIZE>48</ROI_SIZE>
		<MAX_VALUE>[0.09908720850944519, 0.09415903687477112, 0.09325969219207764, 0.09472215920686722, 0.07517624646425247, 0.06028927117586136]</MAX_VALUE>
		<MIN_VALUE>[0.08820462971925735, 0.07049424946308136, 0.06516879796981812, 0.047900114208459854, 0.024934202432632446, 0.02421322837471962]</MIN_VALUE>
		<SIGNATURE_THRESHOLD_MD>0</SIGNATURE_THRESHOLD_MD>
		<SIGNATURE_THRESHOLD_ML>0</SIGNATURE_THRESHOLD_ML>
		<SIGNATURE_THRESHOLD_SAM>0</SIGNATURE_THRESHOLD_SAM>
	</signature>
	<signature ID="20211208_144315291446_945">
		<MACROCLASSID>1</MACROCLASSID>
		<MACROCLASSINFO>waterbody</MACROCLASSINFO>
		<CLASSID>9</CLASSID>
		<CLASSINFO>C 1</CLASSINFO>
		<VALUES>[0.09194319925847506, 0.002736396460485593, 0.08425845862144511, 0.0044504427446620315, 0.08174094149754162, 0.006072458775179057, 0.09778789785646255, 0.013314680305640555, 0.04814124169449011, 0.013746342909801802, 0.03409119291851917, 0.009866005434824097]</VALUES>
		<LCS_MIN>[0.08820462971925735, 0.07387493550777435, 0.07141120731830597, 0.07521297037601471, 0.022422103211283684, 0.01699802093207836]</LCS_MIN>
		<LCS_MAX>[0.09753254801034927, 0.09415903687477112, 0.09950211644172668, 0.12203504145145416, 0.07768835127353668, 0.056681662797927856]</LCS_MAX>
		<WAVELENGTH>[0.485, 0.56, 0.66, 0.83, 1.65, 2.215]</WAVELENGTH>
		<MEAN_VALUE>[0.09194319925847506, 0.08425845862144511, 0.08174094149754162, 0.09778789785646255, 0.04814124169449011, 0.03409119291851917]</MEAN_VALUE>
		<CHECKBOX>2</CHECKBOX>
		<SD>[0.002736396460485593, 0.0044504427446620315, 0.006072458775179057, 0.013314680305640555, 0.013746342909801802, 0.009866005434824097]</SD>
		<WAVELENGTH_UNIT>E-6m</WAVELENGTH_UNIT>
		<COLOR>#0dc1f8</COLOR>
		<COVARIANCE_MATRIX>[[7.670496456981457e-06, 8.817641017463143e-06, 1.3934441430148693e-05, 6.013151354695292e-06, 5.2344687297584485e-06, 5.670449269887235e-06], [8.817641017463143e-06, 2.0289524541161627e-05, 2.2923587708206195e-05, 1.7580176823873917e-05, 2.4501379953120962e-05, 1.7486856715755813e-05], [1.3934441430148693e-05, 2.2923587708206195e-05, 3.777413985859671e-05, 7.956316041218901e-06, 2.1400566510460394e-05, 2.0434263320125325e-05], [6.013151354695292e-06, 1.7580176823873917e-05, 7.956316041218901e-06, 0.00018160463143754432, 0.00010713692116685721, 5.583921849017891e-05], [5.2344687297584485e-06, 2.4501379953120962e-05, 2.1400566510460394e-05, 0.00010713692116685721, 0.00019357077128151324, 0.00012767732608285864], [5.670449269887235e-06, 1.7486856715755813e-05, 2.0434263320125325e-05, 5.583921849017891e-05, 0.00012767732608285864, 9.971216234339274e-05]]</COVARIANCE_MATRIX>
		<ROI_SIZE>42</ROI_SIZE>
		<MAX_VALUE>[0.09753254801034927, 0.09415903687477112, 0.09950211644172668, 0.12203504145145416, 0.07768835127353668, 0.056681662797927856]</MAX_VALUE>
		<MIN_VALUE>[0.08820462971925735, 0.07387493550777435, 0.07141120731830597, 0.07521297037601471, 0.022422103211283684, 0.01699802093207836]</MIN_VALUE>
		<SIGNATURE_THRESHOLD_MD>0</SIGNATURE_THRESHOLD_MD>
		<SIGNATURE_THRESHOLD_ML>0</SIGNATURE_THRESHOLD_ML>
		<SIGNATURE_THRESHOLD_SAM>0</SIGNATURE_THRESHOLD_SAM>
	</signature>
	<signature ID="20211208_144331356459_481">
		<MACROCLASSID>1</MACROCLASSID>
		<MACROCLASSINFO>waterbody</MACROCLASSINFO>
		<CLASSID>10</CLASSID>
		<CLASSINFO>C 1</CLASSINFO>
		<VALUES>[0.0907486081123352, 0.0030753943127026463, 0.07641044157472525, 0.0052037448891514545, 0.07183683799071747, 0.005936679200307869, 0.07139981834387235, 0.013374531178905464, 0.04217635890976949, 0.01149432805012549, 0.032330338991331795, 0.009392533946642847]</VALUES>
		<LCS_MIN>[0.08354067802429199, 0.06711356341838837, 0.06204758957028389, 0.047900114208459854, 0.019910000264644623, 0.013390419073402882]</LCS_MIN>
		<LCS_MAX>[0.09753254801034927, 0.08401697874069214, 0.08389606326818466, 0.09862401336431503, 0.060103632509708405, 0.04946645721793175]</LCS_MAX>
		<WAVELENGTH>[0.485, 0.56, 0.66, 0.83, 1.65, 2.215]</WAVELENGTH>
		<MEAN_VALUE>[0.0907486081123352, 0.07641044157472525, 0.07183683799071747, 0.07139981834387235, 0.04217635890976949, 0.032330338991331795]</MEAN_VALUE>
		<CHECKBOX>2</CHECKBOX>
		<SD>[0.0030753943127026463, 0.0052037448891514545, 0.005936679200307869, 0.013374531178905464, 0.01149432805012549, 0.009392533946642847]</SD>
		<WAVELENGTH_UNIT>E-6m</WAVELENGTH_UNIT>
		<COLOR>#828d7b</COLOR>
		<COVARIANCE_MATRIX>[[9.67800483392013e-06, 1.2589443465811413e-05, 1.581903152943628e-05, 2.7559915636383898e-05, 2.659502107519461e-05, 2.0086516149945207e-05], [1.2589443465811413e-05, 2.7708704147448255e-05, 2.760651368386086e-05, 5.560105704303432e-05, 4.631439344847537e-05, 3.9637528517814285e-05], [1.581903152943628e-05, 2.760651368386086e-05, 3.6063791553585925e-05, 5.8587921057983016e-05, 5.193493764936951e-05, 4.281454420345949e-05], [2.7559915636383898e-05, 5.560105704303432e-05, 5.8587921057983016e-05, 0.00018303803970331697, 0.00011081436824298827, 8.273909687844924e-05], [2.659502107519461e-05, 4.631439344847537e-05, 5.193493764936951e-05, 0.00011081436824298827, 0.00013519212563375979, 9.473651223727646e-05], [2.0086516149945207e-05, 3.9637528517814285e-05, 4.281454420345949e-05, 8.273909687844924e-05, 9.473651223727646e-05, 9.027131472811353e-05]]</COVARIANCE_MATRIX>
		<ROI_SIZE>44</ROI_SIZE>
		<MAX_VALUE>[0.09753254801034927, 0.08401697874069214, 0.08389606326818466, 0.09862401336431503, 0.060103632509708405, 0.04946645721793175]</MAX_VALUE>
		<MIN_VALUE>[0.08354067802429199, 0.06711356341838837, 0.06204758957028389, 0.047900114208459854, 0.019910000264644623, 0.013390419073402882]</MIN_VALUE>
		<SIGNATURE_THRESHOLD_MD>0</SIGNATURE_THRESHOLD_MD>
		<SIGNATURE_THRESHOLD_ML>0</SIGNATURE_THRESHOLD_ML>
		<SIGNATURE_THRESHOLD_SAM>0</SIGNATURE_THRESHOLD_SAM>
	</signature>
	<signature ID="20211208_144400613677_321">
		<MACROCLASSID>1</MACROCLASSID>
		<MACROCLASSINFO>waterbody</MACROCLASSINFO>
		<CLASSID>11</CLASSID>
		<CLASSINFO>C 1</CLASSINFO>
		<VALUES>[0.09137739195507401, 0.004626361641158158, 0.07953240083796637, 0.006635587404545745, 0.07708035599516362, 0.009087212703410818, 0.08460923892502882, 0.013235728719587806, 0.06112898194364139, 0.015191075735530272, 0.050497202126651396, 0.0131394596150217]</VALUES>
		<LCS_MIN>[0.07887670397758484, 0.06711356341838837, 0.06204758957028389, 0.05960562825202942, 0.03247050940990448, 0.02421322837471962]</LCS_MIN>
		<LCS_MAX>[0.10064186155796051, 0.09415903687477112, 0.09325969219207764, 0.1103295162320137, 0.08773676306009293, 0.07111207395792007]</LCS_MAX>
		<WAVELENGTH>[0.485, 0.56, 0.66, 0.83, 1.65, 2.215]</WAVELENGTH>
		<MEAN_VALUE>[0.09137739195507401, 0.07953240083796637, 0.07708035599516362, 0.08460923892502882, 0.06112898194364139, 0.050497202126651396]</MEAN_VALUE>
		<CHECKBOX>2</CHECKBOX>
		<SD>[0.004626361641158158, 0.006635587404545745, 0.009087212703410818, 0.013235728719587806, 0.015191075735530272, 0.0131394596150217]</SD>
		<WAVELENGTH_UNIT>E-6m</WAVELENGTH_UNIT>
		<COLOR>#0e5fa6</COLOR>
		<COVARIANCE_MATRIX>[[2.184912249383748e-05, 2.7116936366524797e-05, 3.754216442886471e-05, 4.3369867066799935e-05, 5.2982577665677745e-05, 4.281544969222831e-05], [2.7116936366524797e-05, 4.4948333124269574e-05, 5.760887107202906e-05, 6.719945181557182e-05, 7.900450709756818e-05, 6.315873675045968e-05], [3.754216442886471e-05, 5.760887107202906e-05, 8.42977979403024e-05, 9.074818593174879e-05, 0.00011086135625076021, 8.927647501238341e-05], [4.3369867066799935e-05, 6.719945181557182e-05, 9.074818593174879e-05, 0.00017883419212890735, 0.00016190082849075376, 0.00012061198705834143], [5.2982577665677745e-05, 7.900450709756818e-05, 0.00011086135625076021, 0.00016190082849075376, 0.00023557646496100433, 0.0001656364987358693], [4.281544969222831e-05, 6.315873675045968e-05, 8.927647501238341e-05, 0.00012061198705834143, 0.0001656364987358693, 0.00017624217812009426]]</COVARIANCE_MATRIX>
		<ROI_SIZE>49</ROI_SIZE>
		<MAX_VALUE>[0.10064186155796051, 0.09415903687477112, 0.09325969219207764, 0.1103295162320137, 0.08773676306009293, 0.07111207395792007]</MAX_VALUE>
		<MIN_VALUE>[0.07887670397758484, 0.06711356341838837, 0.06204758957028389, 0.05960562825202942, 0.03247050940990448, 0.02421322837471962]</MIN_VALUE>
		<SIGNATURE_THRESHOLD_MD>0</SIGNATURE_THRESHOLD_MD>
		<SIGNATURE_THRESHOLD_ML>0</SIGNATURE_THRESHOLD_ML>
		<SIGNATURE_THRESHOLD_SAM>0</SIGNATURE_THRESHOLD_SAM>
	</signature>
	<signature ID="20211208_144525344498_607">
		<MACROCLASSID>1</MACROCLASSID>
		<MACROCLASSINFO>waterbody</MACROCLASSINFO>
		<CLASSID>12</CLASSID>
		<CLASSINFO>C 1</CLASSINFO>
		<VALUES>[0.0953609703315629, 0.0039030307432377843, 0.08482190564511315, 0.0049931318129063755, 0.08092347916866106, 0.007217317165344497, 0.07608005321688122, 0.013235326394259894, 0.05460093359625529, 0.016830026348217772, 0.04253756881706299, 0.013518325274393188]</VALUES>
		<LCS_MIN>[0.08354067802429199, 0.07049424946308136, 0.06204758957028389, 0.047900114208459854, 0.027446307241916656, 0.020605623722076416]</LCS_MIN>
		<LCS_MAX>[0.10530582815408707, 0.09415903687477112, 0.09638089686632156, 0.09862401336431503, 0.09276095777750015, 0.06750448793172836]</LCS_MAX>
		<WAVELENGTH>[0.485, 0.56, 0.66, 0.83, 1.65, 2.215]</WAVELENGTH>
		<MEAN_VALUE>[0.0953609703315629, 0.08482190564511315, 0.08092347916866106, 0.07608005321688122, 0.05460093359625529, 0.04253756881706299]</MEAN_VALUE>
		<CHECKBOX>2</CHECKBOX>
		<SD>[0.0039030307432377843, 0.0049931318129063755, 0.007217317165344497, 0.013235326394259894, 0.016830026348217772, 0.013518325274393188]</SD>
		<WAVELENGTH_UNIT>E-6m</WAVELENGTH_UNIT>
		<COLOR>#8aadbd</COLOR>
		<COVARIANCE_MATRIX>[[1.547935299850862e-05, 1.6441512861148763e-05, 2.458997121317374e-05, 2.6666512024259876e-05, 4.215604393745158e-05, 3.500691985518249e-05], [1.6441512861148763e-05, 2.533348409623605e-05, 3.170412637559662e-05, 3.652316762348586e-05, 5.846998475351101e-05, 4.658339792426992e-05], [2.458997121317374e-05, 3.170412637559662e-05, 5.29298229855824e-05, 6.252920529127938e-05, 8.594169841221896e-05, 7.00599401290585e-05], [2.6666512024259876e-05, 3.652316762348586e-05, 6.252920529127938e-05, 0.00017799924967811838, 0.0001438126700934566, 0.00010827138730868241], [4.215604393745158e-05, 5.846998475351101e-05, 8.594169841221896e-05, 0.0001438126700934566, 0.00028781833183140926, 0.00021647394625339675], [3.500691985518249e-05, 4.658339792426992e-05, 7.00599401290585e-05, 0.00010827138730868241, 0.00021647394625339675, 0.00018569262013114118]]</COVARIANCE_MATRIX>
		<ROI_SIZE>63</ROI_SIZE>
		<MAX_VALUE>[0.10530582815408707, 0.09415903687477112, 0.09638089686632156, 0.09862401336431503, 0.09276095777750015, 0.06750448793172836]</MAX_VALUE>
		<MIN_VALUE>[0.08354067802429199, 0.07049424946308136, 0.06204758957028389, 0.047900114208459854, 0.027446307241916656, 0.020605623722076416]</MIN_VALUE>
		<SIGNATURE_THRESHOLD_MD>0</SIGNATURE_THRESHOLD_MD>
		<SIGNATURE_THRESHOLD_ML>0</SIGNATURE_THRESHOLD_ML>
		<SIGNATURE_THRESHOLD_SAM>0</SIGNATURE_THRESHOLD_SAM>
	</signature>
	<signature ID="20211208_144609689382_745">
		<MACROCLASSID>2</MACROCLASSID>
		<MACROCLASSINFO>vegetation</MACROCLASSINFO>
		<CLASSID>13</CLASSID>
		<CLASSINFO>C 1</CLASSINFO>
		<VALUES>[0.09537787695474854, 0.007146142512964776, 0.10001853290113208, 0.01148777610585172, 0.10245088230004058, 0.019612120129622358, 0.2928505450040217, 0.02238852385126841, 0.19472811639826432, 0.023718175743789437, 0.11127408513918398, 0.02027987403123659]</VALUES>
		<LCS_MIN>[0.08043135702610016, 0.07387493550777435, 0.06204758957028389, 0.25859934091567993, 0.12290617823600769, 0.056681662797927856]</LCS_MIN>
		<LCS_MAX>[0.1161883994936943, 0.13134655356407166, 0.14632026851177216, 0.3795563578605652, 0.24097496271133423, 0.15769457817077637]</LCS_MAX>
		<WAVELENGTH>[0.485, 0.56, 0.66, 0.83, 1.65, 2.215]</WAVELENGTH>
		<MEAN_VALUE>[0.09537787695474854, 0.10001853290113208, 0.10245088230004058, 0.2928505450040217, 0.19472811639826432, 0.11127408513918398]</MEAN_VALUE>
		<CHECKBOX>2</CHECKBOX>
		<SD>[0.007146142512964776, 0.01148777610585172, 0.019612120129622358, 0.02238852385126841, 0.023718175743789437, 0.02027987403123659]</SD>
		<WAVELENGTH_UNIT>E-6m</WAVELENGTH_UNIT>
		<COLOR>#c97c56</COLOR>
		<COVARIANCE_MATRIX>[[5.110769037706838e-05, 7.7842808611311e-05, 0.00013360577455981366, 1.811918936483639e-05, 0.00013413852422488917, 0.00012504036874093515], [7.7842808611311e-05, 0.00013207324077433718, 0.00021779877125233454, 4.453265090001626e-05, 0.00021823589303032992, 0.0002010231194821083], [0.00013360577455981366, 0.00021779877125233454, 0.00038493907529625664, 3.72037100878909e-05, 0.00037930219293329725, 0.0003529254542009217], [1.811918936483639e-05, 4.453265090001626e-05, 3.72037100878909e-05, 0.0005016419291489555, 0.00019768466079117525, 7.554341567983953e-05], [0.00013413852422488917, 0.00021823589303032992, 0.00037930219293329725, 0.00019768466079117525, 0.0005629962143736379, 0.0004433392850322753], [0.00012504036874093515, 0.0002010231194821083, 0.0003529254542009217, 7.554341567983953e-05, 0.0004433392850322753, 0.0004115981511420355]]</COVARIANCE_MATRIX>
		<ROI_SIZE>1267</ROI_SIZE>
		<MAX_VALUE>[0.1161883994936943, 0.13134655356407166, 0.14632026851177216, 0.3795563578605652, 0.24097496271133423, 0.15769457817077637]</MAX_VALUE>
		<MIN_VALUE>[0.08043135702610016, 0.07387493550777435, 0.06204758957028389, 0.25859934091567993, 0.12290617823600769, 0.056681662797927856]</MIN_VALUE>
		<SIGNATURE_THRESHOLD_MD>0</SIGNATURE_THRESHOLD_MD>
		<SIGNATURE_THRESHOLD_ML>0</SIGNATURE_THRESHOLD_ML>
		<SIGNATURE_THRESHOLD_SAM>0</SIGNATURE_THRESHOLD_SAM>
	</signature>
	<signature ID="20211208_150043340235_514">
		<MACROCLASSID>2</MACROCLASSID>
		<MACROCLASSINFO>vegetation</MACROCLASSINFO>
		<CLASSID>14</CLASSID>
		<CLASSINFO>C 1</CLASSINFO>
		<VALUES>[0.0938203876505872, 0.009073778392421445, 0.09552756865660034, 0.015399734320545084, 0.09674056178567275, 0.027867216337725403, 0.2942124357921089, 0.02489123194570027, 0.1913722937549641, 0.03074909345736595, 0.10324434149181674, 0.026016390974185746]</VALUES>
		<LCS_MIN>[0.0757673978805542, 0.06711356341838837, 0.0495627336204052, 0.2546975314617157, 0.11788199096918106, 0.04946645721793175]</LCS_MIN>
		<LCS_MAX>[0.11463374644517899, 0.12796588242053986, 0.14632026851177216, 0.3795563578605652, 0.25102338194847107, 0.16130219399929047]</LCS_MAX>
		<WAVELENGTH>[0.485, 0.56, 0.66, 0.83, 1.65, 2.215]</WAVELENGTH>
		<MEAN_VALUE>[0.0938203876505872, 0.09552756865660034, 0.09674056178567275, 0.2942124357921089, 0.1913722937549641, 0.10324434149181674]</MEAN_VALUE>
		<CHECKBOX>2</CHECKBOX>
		<SD>[0.009073778392421445, 0.015399734320545084, 0.027867216337725403, 0.02489123194570027, 0.03074909345736595, 0.026016390974185746]</SD>
		<WAVELENGTH_UNIT>E-6m</WAVELENGTH_UNIT>
		<COLOR>#f1434e</COLOR>
		<COVARIANCE_MATRIX>[[7.710031010791036e-05, 0.0001243644804213007, 0.00022180864842955746, -1.1270473626332076e-05, 0.00023388018094556447, 0.00020614803062055434], [0.0001243644804213007, 0.00021658874758073647, 0.00037625092810377684, 5.788538028725604e-06, 0.0003997519262313054, 0.0003467362315982318], [0.00022180864842955746, 0.00037625092810377684, 0.0006902332331548812, -3.2783189812377344e-05, 0.0007199201858986617, 0.0006216428358434911], [-1.1270473626332076e-05, 5.788538028725604e-06, -3.2783189812377344e-05, 0.0006048691842271969, 0.00015246812783614933, -6.992189225816881e-06], [0.00023388018094556447, 0.0003997519262313054, 0.0007199201858986617, 0.00015246812783614933, 0.0009997014849706754, 0.0007840706950808896], [0.00020614803062055434, 0.0003467362315982318, 0.0006216428358434911, -6.992189225816881e-06, 0.0007840706950808896, 0.0006924421413211108]]</COVARIANCE_MATRIX>
		<ROI_SIZE>1862</ROI_SIZE>
		<MAX_VALUE>[0.11463374644517899, 0.12796588242053986, 0.14632026851177216, 0.3795563578605652, 0.25102338194847107, 0.16130219399929047]</MAX_VALUE>
		<MIN_VALUE>[0.0757673978805542, 0.06711356341838837, 0.0495627336204052, 0.2546975314617157, 0.11788199096918106, 0.04946645721793175]</MIN_VALUE>
		<SIGNATURE_THRESHOLD_MD>0</SIGNATURE_THRESHOLD_MD>
		<SIGNATURE_THRESHOLD_ML>0</SIGNATURE_THRESHOLD_ML>
		<SIGNATURE_THRESHOLD_SAM>0</SIGNATURE_THRESHOLD_SAM>
	</signature>
	<signature ID="20211208_150220063909_259">
		<MACROCLASSID>2</MACROCLASSID>
		<MACROCLASSINFO>vegetation</MACROCLASSINFO>
		<CLASSID>15</CLASSID>
		<CLASSINFO>C 1</CLASSINFO>
		<VALUES>[0.09902391543591103, 0.007394997219240532, 0.10529331856566845, 0.011985848962145341, 0.1168931807322247, 0.02066308319620346, 0.29712329197305604, 0.02410248139222531, 0.21842709094657714, 0.026876546093928724, 0.12789335687420367, 0.021502139578491532]</VALUES>
		<LCS_MIN>[0.07887670397758484, 0.07387493550777435, 0.05892637372016907, 0.26250118017196655, 0.1279303878545761, 0.056681662797927856]</LCS_MIN>
		<LCS_MAX>[0.12085236608982086, 0.13472725450992584, 0.15880511701107025, 0.3951636552810669, 0.2610718011856079, 0.1757325977087021]</LCS_MAX>
		<WAVELENGTH>[0.485, 0.56, 0.66, 0.83, 1.65, 2.215]</WAVELENGTH>
		<MEAN_VALUE>[0.09902391543591103, 0.10529331856566845, 0.1168931807322247, 0.29712329197305604, 0.21842709094657714, 0.12789335687420367]</MEAN_VALUE>
		<CHECKBOX>2</CHECKBOX>
		<SD>[0.007394997219240532, 0.011985848962145341, 0.02066308319620346, 0.02410248139222531, 0.026876546093928724, 0.021502139578491532]</SD>
		<WAVELENGTH_UNIT>E-6m</WAVELENGTH_UNIT>
		<COLOR>#dd907f</COLOR>
		<COVARIANCE_MATRIX>[[5.1766701755391134e-05, 7.880239398036553e-05, 0.0001411313999814025, -4.963705759365959e-06, 0.00015222392567887632, 0.0001373380108531208], [7.880239398036553e-05, 0.00013590061242835716, 0.0002330938010268191, 1.6237578467504448e-05, 0.0002563645266917307, 0.00022677056604405044], [0.0001411313999814025, 0.0002330938010268191, 0.0004367371344919247, -2.075293074624784e-05, 0.0004742717952731583, 0.0004190125993707105], [-4.963705759365959e-06, 1.6237578467504448e-05, -2.075293074624784e-05, 0.000568461712201037, 0.00014103189295829619, -1.9133597907943583e-06], [0.00015222392567887632, 0.0002563645266917307, 0.0004742717952731583, 0.00014103189295829619, 0.0007208384973596115, 0.0005476278127065097], [0.0001373380108531208, 0.00022677056604405044, 0.0004190125993707105, -1.9133597907943583e-06, 0.0005476278127065097, 0.0004887688022684828]]</COVARIANCE_MATRIX>
		<ROI_SIZE>5088</ROI_SIZE>
		<MAX_VALUE>[0.12085236608982086, 0.13472725450992584, 0.15880511701107025, 0.3951636552810669, 0.2610718011856079, 0.1757325977087021]</MAX_VALUE>
		<MIN_VALUE>[0.07887670397758484, 0.07387493550777435, 0.05892637372016907, 0.26250118017196655, 0.1279303878545761, 0.056681662797927856]</MIN_VALUE>
		<SIGNATURE_THRESHOLD_MD>0</SIGNATURE_THRESHOLD_MD>
		<SIGNATURE_THRESHOLD_ML>0</SIGNATURE_THRESHOLD_ML>
		<SIGNATURE_THRESHOLD_SAM>0</SIGNATURE_THRESHOLD_SAM>
	</signature>
	<signature ID="20211208_150246984906_152">
		<MACROCLASSID>2</MACROCLASSID>
		<MACROCLASSINFO>vegetation</MACROCLASSINFO>
		<CLASSID>16</CLASSID>
		<CLASSINFO>C 1</CLASSINFO>
		<VALUES>[0.10298132163020808, 0.007625515335207776, 0.11136147083107184, 0.011532932355346316, 0.12483988498325252, 0.020342026476085465, 0.2906287121177432, 0.023244253718991695, 0.21675027600264296, 0.024389333986789462, 0.1325889582802885, 0.02029016930965651]</VALUES>
		<LCS_MIN>[0.08354067802429199, 0.08063629269599915, 0.07141120731830597, 0.25859934091567993, 0.13546669483184814, 0.06750448793172836]</LCS_MIN>
		<LCS_MAX>[0.12240701913833618, 0.13810794055461884, 0.16192632913589478, 0.3639490008354187, 0.2610718011856079, 0.16490979492664337]</LCS_MAX>
