<?xml version="1.0" ?>
<signaturelist MCID_LIST="[['1', 'waterbody', '#0000ff'], ['2', 'vegetation', '#00ff00'], ['3', 'bareland', '#ffaa00'], ['4', 'built-up', '#ff0000']]">
	<signature ID="20211208_144055588622_639">
		<MACROCLASSID>1</MACROCLASSID>
		<MACROCLASSINFO>waterbody</MACROCLASSINFO>
		<CLASSID>1</CLASSID>
		<CLASSINFO>C 1</CLASSINFO>
		<VALUES>[0.1025851739363538, 0.004934988079066135, 0.08890019295116265, 0.005986583140568114, 0.08441626404722531, 0.007872082890217348, 0.07987350587629609, 0.015466340174390074, 0.05605635874801212, 0.0171637627730814, 0.044455897373457745, 0.01392755851560693]</VALUES>
		<LCS_MIN>[0.09597788751125336, 0.08063629269599915, 0.07141120731830597, 0.047900114208459854, 0.027446307241916656, 0.020605623722076416]</LCS_MIN>
		<LCS_MAX>[0.11774303764104843, 0.1076817661523819, 0.10574454069137573, 0.10252583771944046, 0.08522466570138931, 0.07111207395792007]</LCS_MAX>
		<WAVELENGTH>[0.485, 0.56, 0.66, 0.83, 1.65, 2.215]</WAVELENGTH>
		<MEAN_VALUE>[0.1025851739363538, 0.08890019295116265, 0.08441626404722531, 0.07987350587629609, 0.05605635874801212, 0.044455897373457745]</MEAN_VALUE>
		<CHECKBOX>2</CHECKBOX>
		<SD>[0.004934988079066135, 0.005986583140568114, 0.007872082890217348, 0.015466340174390074, 0.0171637627730814, 0.01392755851560693]</SD>
		<WAVELENGTH_UNIT>E-6m</WAVELENGTH_UNIT>
		<COLOR>#d075e0</COLOR>
		<COVARIANCE_MATRIX>[[2.504993972252123e-05, 2.6278967197868042e-05, 3.4452055842848495e-05, 5.827699351357296e-05, 6.075762212276459e-05, 4.5749940909445286e-05], [2.6278967197868042e-05, 3.6863155401078984e-05, 4.04989295930136e-05, 6.666631088592112e-05, 7.662236748728901e-05, 6.001292422297411e-05], [3.4452055842848495e-05, 4.04989295930136e-05, 6.374024815158918e-05, 9.806558227865025e-05, 0.00010476804891368374, 8.439709199592471e-05], [5.827699351357296e-05, 6.666631088592112e-05, 9.806558227865025e-05, 0.0002460421819705516, 0.00023252084793057293, 0.0001820756442612037], [6.075762212276459e-05, 7.662236748728901e-05, 0.00010476804891368374, 0.00023252084793057293, 0.0003030117368325591, 0.0002279765176353976], [4.5749940909445286e-05, 6.001292422297411e-05, 8.439709199592471e-05, 0.0001820756442612037, 0.0002279765176353976, 0.00019951908325310796]]</COVARIANCE_MATRIX>
		<ROI_SIZE>36</ROI_SIZE>
		<MAX_VALUE>[0.11774303764104843, 0.1076817661523819, 0.10574454069137573, 0.10252583771944046, 0.08522466570138931, 0.07111207395792007]</MAX_VALUE>
		<MIN_VALUE>[0.09597788751125336, 0.08063629269599915, 0.07141120731830597, 0.047900114208459854, 0.027446307241916656, 0.020605623722076416]</MIN_VALUE>
		<SIGNATURE_THRESHOLD_MD>0.0</SIGNATURE_THRESHOLD_MD>
		<SIGNATURE_THRESHOLD_ML>0.0</SIGNATURE_THRESHOLD_ML>
		<SIGNATURE_THRESHOLD_SAM>0.0</SIGNATURE_THRESHOLD_SAM>
	</signature>
	<signature ID="20211208_144102773448_338">
		<MACROCLASSID>1</MACROCLASSID>
		<MACROCLASSINFO>waterbody</MACROCLASSINFO>
		<CLASSID>2</CLASSID>
		<CLASSINFO>C 1</CLASSINFO>
		<VALUES>[0.10318583588708531, 0.005864858159101058, 0.09031734954227101, 0.00860675106242106, 0.08559854260899803, 0.01034021019599731, 0.07698653993958776, 0.014680984586055625, 0.06352922828360037, 0.01655191795340188, 0.05291008068756623, 0.013992384608076145]</VALUES>
		<LCS_MIN>[0.09442324936389923, 0.07387493550777435, 0.06829000264406204, 0.051801953464746475, 0.042518917471170425, 0.03503604233264923]</LCS_MIN>
		<LCS_MAX>[0.11774303764104843, 0.1076817661523819, 0.11198695003986359, 0.09862401336431503, 0.09527305513620377, 0.08193489909172058]</LCS_MAX>
		<WAVELENGTH>[0.485, 0.56, 0.66, 0.83, 1.65, 2.215]</WAVELENGTH>
		<MEAN_VALUE>[0.10318583588708531, 0.09031734954227101, 0.08559854260899803, 0.07698653993958776, 0.06352922828360037, 0.05291008068756623]</MEAN_VALUE>
		<CHECKBOX>2</CHECKBOX>
		<SD>[0.005864858159101058, 0.00860675106242106, 0.01034021019599731, 0.014680984586055625, 0.01655191795340188, 0.013992384608076145]</SD>
		<WAVELENGTH_UNIT>E-6m</WAVELENGTH_UNIT>
		<COLOR>#71cf3b</COLOR>
		<COVARIANCE_MATRIX>[[3.603449295042083e-05, 4.7029112465679646e-05, 5.8312827604822814e-05, 4.380127938929945e-05, 4.145521597820334e-05, 5.8659377828007564e-05], [4.7029112465679646e-05, 7.760360313113779e-05, 8.724670624360442e-05, 7.560489029856399e-05, 4.775721026817337e-05, 7.077476038830355e-05], [5.8312827604822814e-05, 8.724670624360442e-05, 0.00011201137385796756, 9.252461313735694e-05, 6.744442362105474e-05, 9.627135295886546e-05], [4.380127938929945e-05, 7.560489029856399e-05, 9.252461313735694e-05, 0.00022579470532946289, 0.00018920472939498723, 0.00014106753224041313], [4.145521597820334e-05, 4.775721026817337e-05, 6.744442362105474e-05, 0.00018920472939498723, 0.0002870119933504611, 0.0002167978964280337], [5.8659377828007564e-05, 7.077476038830355e-05, 9.627135295886546e-05, 0.00014106753224041313, 0.0002167978964280337, 0.00020511001639533788]]</COVARIANCE_MATRIX>
		<ROI_SIZE>22</ROI_SIZE>
		<MAX_VALUE>[0.11774303764104843, 0.1076817661523819, 0.11198695003986359, 0.09862401336431503, 0.09527305513620377, 0.08193489909172058]</MAX_VALUE>
		<MIN_VALUE>[0.09442324936389923, 0.07387493550777435, 0.06829000264406204, 0.051801953464746475, 0.042518917471170425, 0.03503604233264923]</MIN_VALUE>
		<SIGNATURE_THRESHOLD_MD>0.0</SIGNATURE_THRESHOLD_MD>
		<SIGNATURE_THRESHOLD_ML>0.0</SIGNATURE_THRESHOLD_ML>
		<SIGNATURE_THRESHOLD_SAM>0.0</SIGNATURE_THRESHOLD_SAM>
	</signature>
	<signature ID="20211208_144110197363_814">
		<MACROCLASSID>1</MACROCLASSID>
		<MACROCLASSINFO>waterbody</MACROCLASSINFO>
		<CLASSID>3</CLASSID>
		<CLASSINFO>C 1</CLASSINFO>
		<VALUES>[0.09814718053784481, 0.0032703547246947136, 0.08299491363902424, 0.0048106556459234185, 0.07344363404567851, 0.005902296891916671, 0.05851674322472063, 0.00930697548000215, 0.0343399825397619, 0.010180348393320597, 0.029750482395811132, 0.010649400172237271]</VALUES>
		<LCS_MIN>[0.091313935816288, 0.07387493550777435, 0.06204758957028389, 0.04399827867746353, 0.01739789918065071, 0.009782813489437103]</LCS_MIN>
		<LCS_MAX>[0.10686046630144119, 0.09077835083007812, 0.08389606326818466, 0.07911481708288193, 0.05759153142571449, 0.04946645721793175]</LCS_MAX>
		<WAVELENGTH>[0.485, 0.56, 0.66, 0.83, 1.65, 2.215]</WAVELENGTH>
		<MEAN_VALUE>[0.09814718053784481, 0.08299491363902424, 0.07344363404567851, 0.05851674322472063, 0.0343399825397619, 0.029750482395811132]</MEAN_VALUE>
		<CHECKBOX>2</CHECKBOX>
		<SD>[0.0032703547246947136, 0.0048106556459234185, 0.005902296891916671, 0.00930697548000215, 0.010180348393320597, 0.010649400172237271]</SD>
		<WAVELENGTH_UNIT>E-6m</WAVELENGTH_UNIT>
		<COLOR>#9182c5</COLOR>
		<COVARIANCE_MATRIX>[[1.0949867828458082e-05, 9.778229468793143e-06, 1.4433615433517843e-05, 2.2638363589067012e-05, 2.281423076055944e-05, 1.8549293599789962e-05], [9.778229468793143e-06, 2.3693417460890487e-05, 2.3732860427116975e-05, 2.9639320928254165e-05, 3.532011032802984e-05, 3.105770156253129e-05], [1.4433615433517843e-05, 2.3732860427116975e-05, 3.56665623257868e-05, 4.6920111344661564e-05, 5.323581717675552e-05, 4.987235297448933e-05], [2.2638363589067012e-05, 2.9639320928254165e-05, 4.6920111344661564e-05, 8.868216536939144e-05, 8.096537203527987e-05, 6.683506944682449e-05], [2.281423076055944e-05, 3.532011032802984e-05, 5.323581717675552e-05, 8.096537203527987e-05, 0.00010610710160108283, 8.542294381186366e-05], [1.8549293599789962e-05, 3.105770156253129e-05, 4.987235297448933e-05, 6.683506944682449e-05, 8.542294381186366e-05, 0.00011610995716182515]]</COVARIANCE_MATRIX>
		<ROI_SIZE>43</ROI_SIZE>
		<MAX_VALUE>[0.10686046630144119, 0.09077835083007812, 0.08389606326818466, 0.07911481708288193, 0.05759153142571449, 0.04946645721793175]</MAX_VALUE>
		<MIN_VALUE>[0.091313935816288, 0.07387493550777435, 0.06204758957028389, 0.04399827867746353, 0.01739789918065071, 0.009782813489437103]</MIN_VALUE>
		<SIGNATURE_THRESHOLD_MD>0.0</SIGNATURE_THRESHOLD_MD>
		<SIGNATURE_THRESHOLD_ML>0.0</SIGNATURE_THRESHOLD_ML>
		<SIGNATURE_THRESHOLD_SAM>0.0</SIGNATURE_THRESHOLD_SAM>
	</signature>
	<signature ID="20211208_144118974357_534">
		<MACROCLASSID>1</MACROCLASSID>
		<MACROCLASSINFO>waterbody</MACROCLASSINFO>
		<CLASSID>4</CLASSID>
		<CLASSINFO>C 1</CLASSINFO>
		<VALUES>[0.10080695353382453, 0.005088822385549438, 0.08862428670435883, 0.007613594791208467, 0.0833988785249206, 0.009501336707736037, 0.07457418200782447, 0.016734084575605997, 0.05551293351794637, 0.01975648925864336, 0.0464654422604141, 0.019161325612782738]</VALUES>
		<LCS_MIN>[0.08975928276777267, 0.07049424946308136, 0.06204758957028389, 0.04009643569588661, 0.014885797165334225, 0.0061752088367938995]</LCS_MIN>
		<LCS_MAX>[0.11929769814014435, 0.11106245964765549, 0.10574454069137573, 0.10642767697572708, 0.10029725730419159, 0.0927576944231987]</LCS_MAX>
		<WAVELENGTH>[0.485, 0.56, 0.66, 0.83, 1.65, 2.215]</WAVELENGTH>
		<MEAN_VALUE>[0.10080695353382453, 0.08862428670435883, 0.0833988785249206, 0.07457418200782447, 0.05551293351794637, 0.0464654422604141]</MEAN_VALUE>
		<CHECKBOX>2</CHECKBOX>
		<SD>[0.005088822385549438, 0.007613594791208467, 0.009501336707736037, 0.016734084575605997, 0.01975648925864336, 0.019161325612782738]</SD>
		<WAVELENGTH_UNIT>E-6m</WAVELENGTH_UNIT>
		<COLOR>#84b5e5</COLOR>
		<COVARIANCE_MATRIX>[[2.601120650069788e-05, 3.2592743082204834e-05, 4.136020288569853e-05, 6.319239037111402e-05, 8.33832091302611e-05, 7.704846939304844e-05], [3.2592743082204834e-05, 5.822445746161975e-05, 6.678426143480465e-05, 9.423712617717683e-05, 0.00012074059486621991, 0.00011861253005918115], [4.136020288569853e-05, 6.678426143480465e-05, 9.067662176676095e-05, 0.0001320202136412263, 0.00015814760990906507, 0.0001530398294562474], [6.319239037111402e-05, 9.423712617717683e-05, 0.0001320202136412263, 0.0002812741731759161, 0.00028522778302431107, 0.0002522608556319028], [8.33832091302611e-05, 0.00012074059486621991, 0.00015814760990906507, 0.00028522778302431107, 0.0003920536255463958, 0.00033835749491117895], [7.704846939304844e-05, 0.00011861253005918115, 0.0001530398294562474, 0.0002522608556319028, 0.00033835749491117895, 0.0003687881981022656]]</COVARIANCE_MATRIX>
		<ROI_SIZE>226</ROI_SIZE>
		<MAX_VALUE>[0.11929769814014435, 0.11106245964765549, 0.10574454069137573, 0.10642767697572708, 0.10029725730419159, 0.0927576944231987]</MAX_VALUE>
		<MIN_VALUE>[0.08975928276777267, 0.07049424946308136, 0.06204758957028389, 0.04009643569588661, 0.014885797165334225, 0.0061752088367938995]</MIN_VALUE>
		<SIGNATURE_THRESHOLD_MD>0.0</SIGNATURE_THRESHOLD_MD>
		<SIGNATURE_THRESHOLD_ML>0.0</SIGNATURE_THRESHOLD_ML>
		<SIGNATURE_THRESHOLD_SAM>0.0</SIGNATURE_THRESHOLD_SAM>
	</signature>
	<signature ID="20211208_144129799449_390">
		<MACROCLASSID>1</MACROCLASSID>
		<MACROCLASSINFO>waterbody</MACROCLASSINFO>
		<CLASSID>5</CLASSID>
		<CLASSINFO>C 1</CLASSINFO>
		<VALUES>[0.09617411583951375, 0.0034162533436150715, 0.08260562647025559, 0.005106987938406427, 0.07683545983966117, 0.006917456576885281, 0.07536450650506807, 0.01368937343475353, 0.04637243443177741, 0.00955981183305238, 0.03335482836927025, 0.00867538843471188]</VALUES>
		<LCS_MIN>[0.08975928276777267, 0.07049424946308136, 0.06204758957028389, 0.05960562825202942, 0.027446307241916656, 0.01699802093207836]</LCS_MIN>
		<LCS_MAX>[0.10686046630144119, 0.1009204089641571, 0.10262331366539001, 0.11423135548830032, 0.06763994693756104, 0.06028927117586136]</LCS_MAX>
		<WAVELENGTH>[0.485, 0.56, 0.66, 0.83, 1.65, 2.215]</WAVELENGTH>
		<MEAN_VALUE>[0.09617411583951375, 0.08260562647025559, 0.07683545983966117, 0.07536450650506807, 0.04637243443177741, 0.03335482836927025]</MEAN_VALUE>
		<CHECKBOX>2</CHECKBOX>
		<SD>[0.0034162533436150715, 0.005106987938406427, 0.006917456576885281, 0.01368937343475353, 0.00955981183305238, 0.00867538843471188]</SD>
		<WAVELENGTH_UNIT>E-6m</WAVELENGTH_UNIT>
		<COLOR>#dd3c71</COLOR>
		<COVARIANCE_MATRIX>[[1.1785205970227253e-05, 1.4449679838435259e-05, 1.971444180526305e-05, 7.760631888231728e-06, 9.076651622308418e-06, 1.4739453945367131e-05], [1.4449679838435259e-05, 2.633702570165042e-05, 3.1834268156671897e-05, 6.164808382891351e-06, 1.3235283404355869e-05, 2.450727879477199e-05], [1.971444180526305e-05, 3.1834268156671897e-05, 4.83203366457019e-05, 2.0064406271558255e-05, 2.516876338631846e-05, 3.6034220102010295e-05], [7.760631888231728e-06, 6.164808382891351e-06, 2.0064406271558255e-05, 0.00018923619063571095, 7.801705214660615e-05, 4.4694144889945164e-05], [9.076651622308418e-06, 1.3235283404355869e-05, 2.516876338631846e-05, 7.801705214660615e-05, 9.228598355548456e-05, 6.402785220416263e-05], [1.4739453945367131e-05, 2.450727879477199e-05, 3.6034220102010295e-05, 4.4694144889945164e-05, 6.402785220416263e-05, 7.600022945553064e-05]]</COVARIANCE_MATRIX>
		<ROI_SIZE>103</ROI_SIZE>
		<MAX_VALUE>[0.10686046630144119, 0.1009204089641571, 0.10262331366539001, 0.11423135548830032, 0.06763994693756104, 0.06028927117586136]</MAX_VALUE>
		<MIN_VALUE>[0.08975928276777267, 0.07049424946308136, 0.06204758957028389, 0.05960562825202942, 0.027446307241916656, 0.01699802093207836]</MIN_VALUE>
		<SIGNATURE_THRESHOLD_MD>0.0</SIGNATURE_THRESHOLD_MD>
		<SIGNATURE_THRESHOLD_ML>0.0</SIGNATURE_THRESHOLD_ML>
		<SIGNATURE_THRESHOLD_SAM>0.0</SIGNATURE_THRESHOLD_SAM>
	</signature>
	<signature ID="20211208_144140144474_179">
		<MACROCLASSID>1</MACROCLASSID>
		<MACROCLASSINFO>waterbody</MACROCLASSINFO>
		<CLASSID>6</CLASSID>
		<CLASSINFO>C 1</CLASSINFO>
		<VALUES>[0.09838608506263471, 0.0036468137538369005, 0.08699993803804996, 0.004903516143373746, 0.08328406118294772, 0.007155452659384364, 0.07773769595751577, 0.013578577880079401, 0.05552274156727044, 0.013747707949546124, 0.04571737911479147, 0.012475867570507785]</VALUES>
		<LCS_MIN>[0.08975928276777267, 0.08063629269599915, 0.07141120731830597, 0.055703792721033096, 0.03247050940990448, 0.020605623722076416]</LCS_MIN>
		<LCS_MAX>[0.10841512680053711, 0.09753971546888351, 0.09950211644172668, 0.1103295162320137, 0.08522466570138931, 0.07111207395792007]</LCS_MAX>
		<WAVELENGTH>[0.485, 0.56, 0.66, 0.83, 1.65, 2.215]</WAVELENGTH>
		<MEAN_VALUE>[0.09838608506263471, 0.08699993803804996, 0.08328406118294772, 0.07773769595751577, 0.05552274156727044, 0.04571737911479147]</MEAN_VALUE>
		<CHECKBOX>2</CHECKBOX>
		<SD>[0.0036468137538369005, 0.004903516143373746, 0.007155452659384364, 0.013578577880079401, 0.013747707949546124, 0.012475867570507785]</SD>
		<WAVELENGTH_UNIT>E-6m</WAVELENGTH_UNIT>
		<COLOR>#d64e77</COLOR>
		<COVARIANCE_MATRIX>[[1.3565235349233262e-05, 1.4326677955978084e-05, 2.1204044969636016e-05, 2.5584267859812826e-05, 3.156063758069649e-05, 2.95121171802748e-05], [1.4326677955978084e-05, 2.4525359549443237e-05, 3.0774095648666844e-05, 3.8486348785227165e-05, 4.790841194335371e-05, 4.336098936619237e-05], [2.1204044969636016e-05, 3.0774095648666844e-05, 5.222451363806613e-05, 5.637907815980725e-05, 7.100073707988486e-05, 6.994944124016911e-05], [2.5584267859812826e-05, 3.8486348785227165e-05, 5.637907815980725e-05, 0.00018806532898452133, 0.0001500023645348847, 0.00012564325879793614], [3.156063758069649e-05, 4.790841194335371e-05, 7.100073707988486e-05, 0.0001500023645348847, 0.00019277946557849646, 0.00016192324983421713], [2.95121171802748e-05, 4.336098936619237e-05, 6.994944124016911e-05, 0.00012564325879793614, 0.00016192324983421713, 0.00015876021643634886]]</COVARIANCE_MATRIX>
		<ROI_SIZE>51</ROI_SIZE>
		<MAX_VALUE>[0.10841512680053711, 0.09753971546888351, 0.09950211644172668, 0.1103295162320137, 0.08522466570138931, 0.07111207395792007]</MAX_VALUE>
		<MIN_VALUE>[0.08975928276777267, 0.08063629269599915, 0.07141120731830597, 0.055703792721033096, 0.03247050940990448, 0.020605623722076416]</MIN_VALUE>
		<SIGNATURE_THRESHOLD_MD>0.0</SIGNATURE_THRESHOLD_MD>
		<SIGNATURE_THRESHOLD_ML>0.0</SIGNATURE_THRESHOLD_ML>
		<SIGNATURE_THRESHOLD_SAM>0.0</SIGNATURE_THRESHOLD_SAM>
	</signature>
	<signature ID="20211208_144202999896_597">
		<MACROCLASSID>1</MACROCLASSID>
		<MACROCLASSINFO>waterbody</MACROCLASSINFO>
		<CLASSID>7</CLASSID>
		<CLASSINFO>C 1</CLASSINFO>
		<VALUES>[0.09682588990439069, 0.004079092447844354, 0.08678299595009197, 0.006655773249480592, 0.08375418998978357, 0.008229869505594171, 0.07698653993958778, 0.014005529558283578, 0.054394309493628425, 0.01675236334148187, 0.04389107041060924, 0.012903623243468984]</VALUES>
		<LCS_MIN>[0.08975928276777267, 0.07725560665130615, 0.07141120731830597, 0.051801953464746475, 0.024934202432632446, 0.02421322837471962]</LCS_MIN>
		<LCS_MAX>[0.10530582815408707, 0.1009204089641571, 0.09950211644172668, 0.09862401336431503, 0.07768835127353668, 0.06389687955379486]</LCS_MAX>
		<WAVELENGTH>[0.485, 0.56, 0.66, 0.83, 1.65, 2.215]</WAVELENGTH>
		<MEAN_VALUE>[0.09682588990439069, 0.08678299595009197, 0.08375418998978357, 0.07698653993958778, 0.054394309493628425, 0.04389107041060924]</MEAN_VALUE>
		<CHECKBOX>2</CHECKBOX>
		<SD>[0.004079092447844354, 0.006655773249480592, 0.008229869505594171, 0.014005529558283578, 0.01675236334148187, 0.012903623243468984]</SD>
		<WAVELENGTH_UNIT>E-6m</WAVELENGTH_UNIT>
		<COLOR>#4912cd</COLOR>
		<COVARIANCE_MATRIX>[[1.743132816045545e-05, 2.3070897441357374e-05, 3.016472328454256e-05, 3.97310359403491e-05, 4.115092451684177e-05, 3.5666653275256976e-05], [2.3070897441357374e-05, 4.640880797524005e-05, 5.166286064195447e-05, 7.400601316476241e-05, 8.165424515027553e-05, 6.029452197253704e-05], [3.016472328454256e-05, 5.166286064195447e-05, 7.09560263203457e-05, 8.203321340261027e-05, 9.846821922110394e-05, 7.906436803750694e-05], [3.97310359403491e-05, 7.400601316476241e-05, 8.203321340261027e-05, 0.00020549556938931346, 0.00021177856251597404, 0.0001504516985733062], [4.115092451684177e-05, 8.165424515027553e-05, 9.846821922110394e-05, 0.00021177856251597404, 0.00029400555649772286, 0.00021177614689804614], [3.5666653275256976e-05, 6.029452197253704e-05, 7.906436803750694e-05, 0.0001504516985733062, 0.00021177614689804614, 0.0001744322362355888]]</COVARIANCE_MATRIX>
		<ROI_SIZE>22</ROI_SIZE>
		<MAX_VALUE>[0.10530582815408707, 0.1009204089641571, 0.09950211644172668, 0.09862401336431503, 0.07768835127353668, 0.06389687955379486]</MAX_VALUE>
		<MIN_VALUE>[0.08975928276777267, 0.07725560665130615, 0.07141120731830597, 0.051801953464746475, 0.024934202432632446, 0.02421322837471962]</MIN_VALUE>
		<SIGNATURE_THRESHOLD_MD>0.0</SIGNATURE_THRESHOLD_MD>
		<SIGNATURE_THRESHOLD_ML>0.0</SIGNATURE_THRESHOLD_ML>
		<SIGNATURE_THRESHOLD_SAM>0.0</SIGNATURE_THRESHOLD_SAM>
	</signature>
	<signature ID="20211208_144213764723_382">
		<MACROCLASSID>1</MACROCLASSID>
		<MACROCLASSINFO>waterbody</MACROCLASSINFO>
		<CLASSID>8</CLASSID>
		<CLASSINFO>C 1</CLASSINFO>
		<VALUES>[0.09403457942729192, 0.0030521002793230307, 0.08197448526819548, 0.005552441788563587, 0.07843394204974176, 0.0071657698182774005, 0.07293690554797645, 0.012411311321462259, 0.04942719894461333, 0.013406052634541404, 0.04119903202323864, 0.0099334290755652]</VALUES>
		<LCS_MIN>[0.08820462971925735, 0.07049424946308136, 0.06516879796981812, 0.047900114208459854, 0.024934202432632446, 0.02421322837471962]</LCS_MIN>
		<LCS_MAX>[0.09908720850944519, 0.09415903687477112, 0.09325969219207764, 0.09472215920686722, 0.07517624646425247, 0.06028927117586136]</LCS_MAX>
		<WAVELENGTH>[0.485, 0.56, 0.66, 0.83, 1.65, 2.215]</WAVELENGTH>
		<MEAN_VALUE>[0.09403457942729192, 0.08197448526819548, 0.07843394204974176, 0.07293690554797645, 0.04942719894461333, 0.04119903202323864]</MEAN_VALUE>
		<CHECKBOX>2</CHECKBOX>
		<SD>[0.0030521002793230307, 0.005552441788563587, 0.0071657698182774005, 0.012411311321462259, 0.013406052634541404, 0.0099334290755652]</SD>
		<WAVELENGTH_UNIT>E-6m</WAVELENGTH_UNIT>
		<COLOR>#03f390</COLOR>
		<COVARIANCE_MATRIX>[[9.51351466937922e-06, 1.484481617808342e-05, 1.9925821106880903e-05, 3.278223084635101e-05, 2.7338115614838898e-05, 2.141995901183691e-05], [1.484481617808342e-05, 3.148556061205454e-05, 3.5303743061376736e-05, 5.924202923779376e-05, 4.603184061124921e-05, 3.6988571082474664e-05], [1.9925821106880903e-05, 3.5303743061376736e-05, 5.2440773288253695e-05, 8.52492157719098e-05, 6.43946768832393e-05, 4.875382364843972e-05], [3.278223084635101e-05, 5.924202923779376e-05, 8.52492157719098e-05, 0.00015731810708530247, 0.00011470207391539589, 8.410828741034493e-05], [2.7338115614838898e-05, 4.603184061124921e-05, 6.43946768832393e-05, 0.00011470207391539589, 0.0001835461298469454, 0.00012543119373731315], [2.141995901183691e-05, 3.6988571082474664e-05, 4.875382364843972e-05, 8.410828741034493e-05, 0.00012543119373731315, 0.00010077244223793969]]</COVARIANCE_MATRIX>
		<ROI_SIZE>48</ROI_SIZE>
		<MAX_VALUE>[0.09908720850944519, 0.09415903687477112, 0.09325969219207764, 0.09472215920686722, 0.07517624646425247, 0.06028927117586136]</MAX_VALUE>
		<MIN_VALUE>[0.08820462971925735, 0.07049424946308136, 0.06516879796981812, 0.047900114208459854, 0.024934202432632446, 0.02421322837471962]</MIN_VALUE>
		<SIGNATURE_THRESHOLD_MD>0.0</SIGNATURE_THRESHOLD_MD>
		<SIGNATURE_THRESHOLD_ML>0.0</SIGNATURE_THRESHOLD_ML>
		<SIGNATURE_THRESHOLD_SAM>0.0</SIGNATURE_THRESHOLD_SAM>
	</signature>
	<signature ID="20211208_144315291446_945">
		<MACROCLASSID>1</MACROCLASSID>
		<MACROCLASSINFO>waterbody</MACROCLASSINFO>
		<CLASSID>9</CLASSID>
		<CLASSINFO>C 1</CLASSINFO>
		<VALUES>[0.09194319925847506, 0.002736396460485593, 0.08425845862144511, 0.0044504427446620315, 0.08174094149754162, 0.006072458775179057, 0.09778789785646255, 0.013314680305640555, 0.04814124169449011, 0.013746342909801802, 0.03409119291851917, 0.009866005434824097]</VALUES>
		<LCS_MIN>[0.08820462971925735, 0.07387493550777435, 0.07141120731830597, 0.07521297037601471, 0.022422103211283684, 0.01699802093207836]</LCS_MIN>
		<LCS_MAX>[0.09753254801034927, 0.09415903687477112, 0.09950211644172668, 0.12203504145145416, 0.07768835127353668, 0.056681662797927856]</LCS_MAX>
		<WAVELENGTH>[0.485, 0.56, 0.66, 0.83, 1.65, 2.215]</WAVELENGTH>
		<MEAN_VALUE>[0.09194319925847506, 0.08425845862144511, 0.08174094149754162, 0.09778789785646255, 0.04814124169449011, 0.03409119291851917]</MEAN_VALUE>
		<CHECKBOX>2</CHECKBOX>
		<SD>[0.002736396460485593, 0.0044504427446620315, 0.006072458775179057, 0.013314680305640555, 0.013746342909801802, 0.009866005434824097]</SD>
		<WAVELENGTH_UNIT>E-6m</WAVELENGTH_UNIT>
		<COLOR>#0dc1f8</COLOR>
		<COVARIANCE_MATRIX>[[7.670496415812522e-06, 8.817641173664015e-06, 1.3934441085439175e-05, 6.013151505612768e-06, 5.2344685173011385e-06, 5.67044935451122e-06], [8.817641173664015e-06, 2.028952440014109e-05, 2.2923588403500617e-05, 1.7580176063347608e-05, 2.4501379812136292e-05, 1.7486856449977495e-05], [1.3934441085439175e-05, 2.2923588403500617e-05, 3.777414167416282e-05, 7.956316039781086e-06, 2.1400566765805706e-05, 2.0434263205970638e-05], [6.013151505612768e-06, 1.7580176063347608e-05, 7.956316039781086e-06, 0.00018160462786909193, 0.00010713691881392151, 5.5839220294728875e-05], [5.2344685173011385e-06, 2.4501379812136292e-05, 2.1400566765805706e-05, 0.00010713691881392151, 0.0001935707696247846, 0.00012767732550855726], [5.67044935451122e-06, 1.7486856449977495e-05, 2.0434263205970638e-05, 5.5839220294728875e-05, 0.00012767732550855726, 9.971216059057042e-05]]</COVARIANCE_MATRIX>
		<ROI_SIZE>42</ROI_SIZE>
		<MAX_VALUE>[0.09753254801034927, 0.09415903687477112, 0.09950211644172668, 0.12203504145145416, 0.07768835127353668, 0.056681662797927856]</MAX_VALUE>
		<MIN_VALUE>[0.08820462971925735, 0.07387493550777435, 0.07141120731830597, 0.07521297037601471, 0.022422103211283684, 0.01699802093207836]</MIN_VALUE>
		<SIGNATURE_THRESHOLD_MD>0.0</SIGNATURE_THRESHOLD_MD>
		<SIGNATURE_THRESHOLD_ML>0.0</SIGNATURE_THRESHOLD_ML>
		<SIGNATURE_THRESHOLD_SAM>0.0</SIGNATURE_THRESHOLD_SAM>
	</signature>
	<signature ID="20211208_144331356459_481">
		<MACROCLASSID>1</MACROCLASSID>
		<MACROCLASSINFO>waterbody</MACROCLASSINFO>
		<CLASSID>10</CLASSID>
		<CLASSINFO>C 1</CLASSINFO>
		<VALUES>[0.0907486081123352, 0.0030753943127026463, 0.07641044157472525, 0.0052037448891514545, 0.07183683799071747, 0.005936679200307869, 0.07139981834387235, 0.013374531178905464, 0.04217635890976949, 0.01149432805012549, 0.032330338991331795, 0.009392533946642847]</VALUES>
		<LCS_MIN>[0.08354067802429199, 0.06711356341838837, 0.06204758957028389, 0.047900114208459854, 0.019910000264644623, 0.013390419073402882]</LCS_MIN>
		<LCS_MAX>[0.09753254801034927, 0.08401697874069214, 0.08389606326818466, 0.09862401336431503, 0.060103632509708405, 0.04946645721793175]</LCS_MAX>
		<WAVELENGTH>[0.485, 0.56, 0.66, 0.83, 1.65, 2.215]</WAVELENGTH>
		<MEAN_VALUE>[0.0907486081123352, 0.07641044157472525, 0.07183683799071747, 0.07139981834387235, 0.04217635890976949, 0.032330338991331795]</MEAN_VALUE>
		<CHECKBOX>2</CHECKBOX>
		<SD>[0.0030753943127026463, 0.0052037448891514545, 0.005936679200307869, 0.013374531178905464, 0.01149432805012549, 0.009392533946642847]</SD>
		<WAVELENGTH_UNIT>E-6m</WAVELENGTH_UNIT>
		<COLOR>#828d7b</COLOR>
		<COVARIANCE_MATRIX>[[9.67800497164717e-06, 1.2589443031174596e-05, 1.5819032341823913e-05, 2.7559915906749666e-05, 2.659502024471294e-05, 2.0086516087758355e-05], [1.2589443031174596e-05, 2.7708703782991506e-05, 2.76065129583003e-05, 5.560105637414381e-05, 4.631439514923841e-05, 3.9637528971070424e-05], [1.5819032341823913e-05, 2.76065129583003e-05, 3.606379323173314e-05, 5.858792064827867e-05, 5.193493780097924e-05, 4.281454312149435e-05], [2.7559915906749666e-05, 5.560105637414381e-05, 5.858792064827867e-05, 0.00018303803517483175, 0.00011081436969107017, 8.273909770650789e-05], [2.659502024471294e-05, 4.631439514923841e-05, 5.193493780097924e-05, 0.00011081436969107017, 0.00013519212370738387, 9.473651152802631e-05], [2.0086516087758355e-05, 3.9637528971070424e-05, 4.281454312149435e-05, 8.273909770650789e-05, 9.473651152802631e-05, 9.027131454786286e-05]]</COVARIANCE_MATRIX>
		<ROI_SIZE>44</ROI_SIZE>
		<MAX_VALUE>[0.09753254801034927, 0.08401697874069214, 0.08389606326818466, 0.09862401336431503, 0.060103632509708405, 0.04946645721793175]</MAX_VALUE>
		<MIN_VALUE>[0.08354067802429199, 0.06711356341838837, 0.06204758957028389, 0.047900114208459854, 0.019910000264644623, 0.013390419073402882]</MIN_VALUE>
		<SIGNATURE_THRESHOLD_MD>0.0</SIGNATURE_THRESHOLD_MD>
		<SIGNATURE_THRESHOLD_ML>0.0</SIGNATURE_THRESHOLD_ML>
		<SIGNATURE_THRESHOLD_SAM>0.0</SIGNATURE_THRESHOLD_SAM>
	</signature>
	<signature ID="20211208_144400613677_321">
		<MACROCLASSID>1</MACROCLASSID>
		<MACROCLASSINFO>waterbody</MACROCLASSINFO>
		<CLASSID>11</CLASSID>
		<CLASSINFO>C 1</CLASSINFO>
		<VALUES>[0.09137739195507401, 0.004626361641158158, 0.07953240083796637, 0.006635587404545745, 0.07708035599516362, 0.009087212703410818, 0.08460923892502882, 0.013235728719587806, 0.06112898194364139, 0.015191075735530272, 0.050497202126651396, 0.0131394596150217]</VALUES>
		<LCS_MIN>[0.07887670397758484, 0.06711356341838837, 0.06204758957028389, 0.05960562825202942, 0.03247050940990448, 0.02421322837471962]</LCS_MIN>
		<LCS_MAX>[0.10064186155796051, 0.09415903687477112, 0.09325969219207764, 0.1103295162320137, 0.08773676306009293, 0.07111207395792007]</LCS_MAX>
		<WAVELENGTH>[0.485, 0.56, 0.66, 0.83, 1.65, 2.215]</WAVELENGTH>
		<MEAN_VALUE>[0.09137739195507401, 0.07953240083796637, 0.07708035599516362, 0.08460923892502882, 0.06112898194364139, 0.050497202126651396]</MEAN_VALUE>
		<CHECKBOX>2</CHECKBOX>
		<SD>[0.004626361641158158, 0.006635587404545745, 0.009087212703410818, 0.013235728719587806, 0.015191075735530272, 0.0131394596150217]</SD>
		<WAVELENGTH_UNIT>E-6m</WAVELENGTH_UNIT>
		<COLOR>#0e5fa6</COLOR>
		<COVARIANCE_MATRIX>[[2.18491222767625e-05, 2.711693559831474e-05, 3.754216595552862e-05, 4.3369866034481674e-05, 5.2982577471993864e-05, 4.281544897821732e-05], [2.711693559831474e-05, 4.494833410717547e-05, 5.7608871429692954e-05, 6.71994494041428e-05, 7.900450873421505e-05, 6.315873906714842e-05], [3.754216595552862e-05, 5.7608871429692954e-05, 8.429779700236395e-05, 9.074818808585405e-05, 0.00011086135782534257, 8.927647286327556e-05], [4.3369866034481674e-05, 6.71994494041428e-05, 9.074818808585405e-05, 0.00017883419059216976, 0.00016190082533285022, 0.0001206119850394316], [5.2982577471993864e-05, 7.900450873421505e-05, 0.00011086135782534257, 0.00016190082533285022, 0.0002355764590902254, 0.00016563650569878519], [4.281544897821732e-05, 6.315873906714842e-05, 8.927647286327556e-05, 0.0001206119850394316, 0.00016563650569878519, 0.0001762421743478626]]</COVARIANCE_MATRIX>
		<ROI_SIZE>49</ROI_SIZE>
		<MAX_VALUE>[0.10064186155796051, 0.09415903687477112, 0.09325969219207764, 0.1103295162320137, 0.08773676306009293, 0.07111207395792007]</MAX_VALUE>
		<MIN_VALUE>[0.07887670397758484, 0.06711356341838837, 0.06204758957028389, 0.05960562825202942, 0.03247050940990448, 0.02421322837471962]</MIN_VALUE>
		<SIGNATURE_THRESHOLD_MD>0.0</SIGNATURE_THRESHOLD_MD>
		<SIGNATURE_THRESHOLD_ML>0.0</SIGNATURE_THRESHOLD_ML>
		<SIGNATURE_THRESHOLD_SAM>0.0</SIGNATURE_THRESHOLD_SAM>
	</signature>
	<signature ID="20211208_144525344498_607">
		<MACROCLASSID>1</MACROCLASSID>
		<MACROCLASSINFO>waterbody</MACROCLASSINFO>
		<CLASSID>12</CLASSID>
		<CLASSINFO>C 1</CLASSINFO>
		<VALUES>[0.0953609703315629, 0.0039030307432377843, 0.08482190564511315, 0.0049931318129063755, 0.08092347916866106, 0.007217317165344497, 0.07608005321688122, 0.013235326394259894, 0.05460093359625529, 0.016830026348217772, 0.04253756881706299, 0.013518325274393188]</VALUES>
		<LCS_MIN>[0.08354067802429199, 0.07049424946308136, 0.06204758957028389, 0.047900114208459854, 0.027446307241916656, 0.020605623722076416]</LCS_MIN>
		<LCS_MAX>[0.10530582815408707, 0.09415903687477112, 0.09638089686632156, 0.09862401336431503, 0.09276095777750015, 0.06750448793172836]</LCS_MAX>
		<WAVELENGTH>[0.485, 0.56, 0.66, 0.83, 1.65, 2.215]</WAVELENGTH>
		<MEAN_VALUE>[0.0953609703315629, 0.08482190564511315, 0.08092347916866106, 0.07608005321688122, 0.05460093359625529, 0.04253756881706299]</MEAN_VALUE>
		<CHECKBOX>2</CHECKBOX>
		<SD>[0.0039030307432377843, 0.0049931318129063755, 0.007217317165344497, 0.013235326394259894, 0.016830026348217772, 0.013518325274393188]</SD>
		<WAVELENGTH_UNIT>E-6m</WAVELENGTH_UNIT>
		<COLOR>#8aadbd</COLOR>
		<COVARIANCE_MATRIX>[[1.5479352441616356e-05, 1.6441512343590148e-05, 2.458997187204659e-05, 2.6666511985240504e-05, 4.21560434915591e-05, 3.500692037050612e-05], [1.6441512343590148e-05, 2.533348379074596e-05, 3.1704126740805805e-05, 3.652316809166223e-05, 5.846998465131037e-05, 4.658339821617119e-05], [2.458997187204659e-05, 3.1704126740805805e-05, 5.292982314131223e-05, 6.252920866245404e-05, 8.59416977618821e-05, 7.005994120845571e-05], [2.6666511985240504e-05, 3.652316809166223e-05, 6.252920866245404e-05, 0.00017799924535211176, 0.00014381266373675317, 0.00010827138612512499], [4.21560434915591e-05, 5.846998465131037e-05, 8.59416977618821e-05, 0.00014381266373675317, 0.0002878183440770954, 0.0002164739416912198], [3.500692037050612e-05, 4.658339821617119e-05, 7.005994120845571e-05, 0.00010827138612512499, 0.0002164739416912198, 0.00018569262465462089]]</COVARIANCE_MATRIX>
		<ROI_SIZE>63</ROI_SIZE>
		<MAX_VALUE>[0.10530582815408707, 0.09415903687477112, 0.09638089686632156, 0.09862401336431503, 0.09276095777750015, 0.06750448793172836]</MAX_VALUE>
		<MIN_VALUE>[0.08354067802429199, 0.07049424946308136, 0.06204758957028389, 0.047900114208459854, 0.027446307241916656, 0.020605623722076416]</MIN_VALUE>
		<SIGNATURE_THRESHOLD_MD>0.0</SIGNATURE_THRESHOLD_MD>
		<SIGNATURE_THRESHOLD_ML>0.0</SIGNATURE_THRESHOLD_ML>
		<SIGNATURE_THRESHOLD_SAM>0.0</SIGNATURE_THRESHOLD_SAM>
	</signature>
	<signature ID="20211208_144609689382_745">
		<MACROCLASSID>2</MACROCLASSID>
		<MACROCLASSINFO>vegetation</MACROCLASSINFO>
		<CLASSID>13</CLASSID>
		<CLASSINFO>C 1</CLASSINFO>
		<VALUES>[0.09537787695474854, 0.007146142512964776, 0.10001853290113208, 0.01148777610585172, 0.10245088230004058, 0.019612120129622358, 0.2928505450040217, 0.02238852385126841, 0.19472811639826432, 0.023718175743789437, 0.11127408513918398, 0.02027987403123659]</VALUES>
		<LCS_MIN>[0.08043135702610016, 0.07387493550777435, 0.06204758957028389, 0.25859934091567993, 0.12290617823600769, 0.056681662797927856]</LCS_MIN>
		<LCS_MAX>[0.1161883994936943, 0.13134655356407166, 0.14632026851177216, 0.3795563578605652, 0.24097496271133423, 0.15769457817077637]</LCS_MAX>
		<WAVELENGTH>[0.485, 0.56, 0.66, 0.83, 1.65, 2.215]</WAVELENGTH>
		<MEAN_VALUE>[0.09537787695474854, 0.10001853290113208, 0.10245088230004058, 0.2928505450040217, 0.19472811639826432, 0.11127408513918398]</MEAN_VALUE>
		<CHECKBOX>2</CHECKBOX>
		<SD>[0.007146142512964776, 0.01148777610585172, 0.019612120129622358, 0.02238852385126841, 0.023718175743789437, 0.02027987403123659]</SD>
		<WAVELENGTH_UNIT>E-6m</WAVELENGTH_UNIT>
		<COLOR>#c97c56</COLOR>
		<COVARIANCE_MATRIX>[[5.110769052407704e-05, 7.784280751366168e-05, 0.00013360577577259392, 1.8119189917342737e-05, 0.00013413852138910443, 0.0001250403729500249], [7.784280751366168e-05, 0.00013207324082031846, 0.00021779877715744078, 4.4532651372719556e-05, 0.00021823588758707047, 0.00020102312555536628], [0.00013360577577259392, 0.00021779877715744078, 0.0003849390777759254, 3.7203710235189646e-05, 0.0003793021896854043, 0.00035292544635012746], [1.8119189917342737e-05, 4.4532651372719556e-05, 3.7203710235189646e-05, 0.0005016419454477727, 0.0001976846542675048, 7.554341573268175e-05], [0.00013413852138910443, 0.00021823588758707047, 0.0003793021896854043, 0.0001976846542675048, 0.0005629961960949004, 0.00044333928963169456], [0.0001250403729500249, 0.00020102312555536628, 0.00035292544635012746, 7.554341573268175e-05, 0.00044333928963169456, 0.000411598157370463]]</COVARIANCE_MATRIX>
		<ROI_SIZE>1267</ROI_SIZE>
		<MAX_VALUE>[0.1161883994936943, 0.13134655356407166, 0.14632026851177216, 0.3795563578605652, 0.24097496271133423, 0.15769457817077637]</MAX_VALUE>
		<MIN_VALUE>[0.08043135702610016, 0.07387493550777435, 0.06204758957028389, 0.25859934091567993, 0.12290617823600769, 0.056681662797927856]</MIN_VALUE>
		<SIGNATURE_THRESHOLD_MD>0.0</SIGNATURE_THRESHOLD_MD>
		<SIGNATURE_THRESHOLD_ML>0.0</SIGNATURE_THRESHOLD_ML>
		<SIGNATURE_THRESHOLD_SAM>0.0</SIGNATURE_THRESHOLD_SAM>
	</signature>
	<signature ID="20211208_150043340235_514">
		<MACROCLASSID>2</MACROCLASSID>
		<MACROCLASSINFO>vegetation</MACROCLASSINFO>
		<CLASSID>14</CLASSID>
		<CLASSINFO>C 1</CLASSINFO>
		<VALUES>[0.0938203876505872, 0.009073778392421445, 0.09552756865660034, 0.015399734320545084, 0.09674056178567275, 0.027867216337725403, 0.2942124357921089, 0.02489123194570027, 0.1913722937549641, 0.03074909345736595, 0.10324434149181674, 0.026016390974185746]</VALUES>
		<LCS_MIN>[0.0757673978805542, 0.06711356341838837, 0.0495627336204052, 0.2546975314617157, 0.11788199096918106, 0.04946645721793175]</LCS_MIN>
		<LCS_MAX>[0.11463374644517899, 0.12796588242053986, 0.14632026851177216, 0.3795563578605652, 0.25102338194847107, 0.16130219399929047]</LCS_MAX>
		<WAVELENGTH>[0.485, 0.56, 0.66, 0.83, 1.65, 2.215]</WAVELENGTH>
		<MEAN_VALUE>[0.0938203876505872, 0.09552756865660034, 0.09674056178567275, 0.2942124357921089, 0.1913722937549641, 0.10324434149181674]</MEAN_VALUE>
		<CHECKBOX>2</CHECKBOX>
		<SD>[0.009073778392421445, 0.015399734320545084, 0.027867216337725403, 0.02489123194570027, 0.03074909345736595, 0.026016390974185746]</SD>
		<WAVELENGTH_UNIT>E-6m</WAVELENGTH_UNIT>
		<COLOR>#f1434e</COLOR>
		<COVARIANCE_MATRIX>[[7.710031059104949e-05, 0.00012436448014341295, 0.00022180864471010864, -1.1270473805780057e-05, 0.00023388018598780036, 0.00020614803361240774], [0.00012436448014341295, 0.0002165887417504564, 0.0003762509149964899, 5.788538146589417e-06, 0.0003997519379481673, 0.00034673622576519847], [0.00022180864471010864, 0.0003762509149964899, 0.0006902332534082234, -3.2783191272756085e-05, 0.0007199202082119882, 0.0006216428591869771], [-1.1270473805780057e-05, 5.788538146589417e-06, -3.2783191272756085e-05, 0.0006048691575415432, 0.00015246812836267054, -6.992189355514711e-06], [0.00023388018598780036, 0.0003997519379481673, 0.0007199202082119882, 0.00015246812836267054, 0.0009997014421969652, 0.0007840706966817379], [0.00020614803361240774, 0.00034673622576519847, 0.0006216428591869771, -6.992189355514711e-06, 0.0007840706966817379, 0.0006924421177245677]]</COVARIANCE_MATRIX>
		<ROI_SIZE>1862</ROI_SIZE>
		<MAX_VALUE>[0.11463374644517899, 0.12796588242053986, 0.14632026851177216, 0.3795563578605652, 0.25102338194847107, 0.16130219399929047]</MAX_VALUE>
		<MIN_VALUE>[0.0757673978805542, 0.06711356341838837, 0.0495627336204052, 0.2546975314617157, 0.11788199096918106, 0.04946645721793175]</MIN_VALUE>
		<SIGNATURE_THRESHOLD_MD>0.0</SIGNATURE_THRESHOLD_MD>
		<SIGNATURE_THRESHOLD_ML>0.0</SIGNATURE_THRESHOLD_ML>
		<SIGNATURE_THRESHOLD_SAM>0.0</SIGNATURE_THRESHOLD_SAM>
	</signature>
	<signature ID="20211208_150220063909_259">
		<MACROCLASSID>2</MACROCLASSID>
		<MACROCLASSINFO>vegetation</MACROCLASSINFO>
		<CLASSID>15</CLASSID>
		<CLASSINFO>C 1</CLASSINFO>
		<VALUES>[0.09902391543591103, 0.007394997219240532, 0.10529331856566845, 0.011985848962145341, 0.1168931807322247, 0.02066308319620346, 0.29712329197305604, 0.02410248139222531, 0.21842709094657714, 0.026876546093928724, 0.12789335687420367, 0.021502139578491532]</VALUES>
		<LCS_MIN>[0.07887670397758484, 0.07387493550777435, 0.05892637372016907, 0.26250118017196655, 0.1279303878545761, 0.056681662797927856]</LCS_MIN>
		<LCS_MAX>[0.12085236608982086, 0.13472725450992584, 0.15880511701107025, 0.3951636552810669, 0.2610718011856079, 0.1757325977087021]</LCS_MAX>
		<WAVELENGTH>[0.485, 0.56, 0.66, 0.83, 1.65, 2.215]</WAVELENGTH>
		<MEAN_VALUE>[0.09902391543591103, 0.10529331856566845, 0.1168931807322247, 0.29712329197305604, 0.21842709094657714, 0.12789335687420367]</MEAN_VALUE>
		<CHECKBOX>2</CHECKBOX>
		<SD>[0.007394997219240532, 0.011985848962145341, 0.02066308319620346, 0.02410248139222531, 0.026876546093928724, 0.021502139578491532]</SD>
		<WAVELENGTH_UNIT>E-6m</WAVELENGTH_UNIT>
		<COLOR>#dd907f</COLOR>
		<COVARIANCE_MATRIX>[[5.176670310902409e-05, 7.880239718360826e-05, 0.00014113140059635043, -4.963705578120425e-06, 0.00015222393267322332, 0.00013733800733461976], [7.880239718360826e-05, 0.00013590061280410737, 0.00023309380048885942, 1.6237578165601008e-05, 0.0002563645248301327, 0.0002267705713165924], [0.00014113140059635043, 0.00023309380048885942, 0.00043673714390024543, -2.0752930140588433e-05, 0.0004742718010675162, 0.0004190125910099596], [-4.963705578120425e-06, 1.6237578165601008e-05, -2.0752930140588433e-05, 0.0005684617208316922, 0.00014103189460001886, -1.9133597106701927e-06], [0.00015222393267322332, 0.0002563645248301327, 0.0004742718010675162, 0.00014103189460001886, 0.0007208384922705591, 0.0005476278020069003], [0.00013733800733461976, 0.0002267705713165924, 0.0004190125910099596, -1.9133597106701927e-06, 0.0005476278020069003, 0.0004887687973678112]]</COVARIANCE_MATRIX>
		<ROI_SIZE>5088</ROI_SIZE>
		<MAX_VALUE>[0.12085236608982086, 0.13472725450992584, 0.15880511701107025, 0.3951636552810669, 0.2610718011856079, 0.1757325977087021]</MAX_VALUE>
		<MIN_VALUE>[0.07887670397758484, 0.07387493550777435, 0.05892637372016907, 0.26250118017196655, 0.1279303878545761, 0.056681662797927856]</MIN_VALUE>
		<SIGNATURE_THRESHOLD_MD>0.0</SIGNATURE_THRESHOLD_MD>
		<SIGNATURE_THRESHOLD_ML>0.0</SIGNATURE_THRESHOLD_ML>
		<SIGNATURE_THRESHOLD_SAM>0.0</SIGNATURE_THRESHOLD_SAM>
	</signature>
	<signature ID="20211208_150246984906_152">
		<MACROCLASSID>2</MACROCLASSID>
		<MACROCLASSINFO>vegetation</MACROCLASSINFO>
		<CLASSID>16</CLASSID>
		<CLASSINFO>C 1</CLASSINFO>
		<VALUES>[0.10298132163020808, 0.007625515335207776, 0.11136147083107184, 0.011532932355346316, 0.12483988498325252, 0.020342026476085465, 0.2906287121177432, 0.023244253718991695, 0.21675027600264296, 0.024389333986789462, 0.1325889582802885, 0.02029016930965651]</VALUES>
		<LCS_MIN>[0.08354067802429199, 0.08063629269599915, 0.07141120731830597, 0.25859934091567993, 0.13546669483184814, 0.06750448793172836]</LCS_MIN>
