<?xml version="1.0" ?>
<signaturelist MCID_LIST="[['1', 'waterbody', '#ba44eb'], ['2', 'vegetation', '#6e967c'], ['3', 'bareland', '#c37bb7'], ['4', 'built-up', '#30c1e1']]">
	<signature ID="20210517_164033808543_778">
		<MACROCLASSID>1</MACROCLASSID>
		<MACROCLASSINFO>waterbody</MACROCLASSINFO>
		<CLASSID>15</CLASSID>
		<CLASSINFO>C 1</CLASSINFO>
		<VALUES>[0.12572058, 0.010362249, 0.10480506, 0.013537638, 0.07930375, 0.01219971, 0.054427292, 0.009746239, 0.022819096, 0.011144131, 0.016966872, 0.009529907]</VALUES>
		<LCS_MIN>[0.1043144, 0.07701375, 0.05714474, 0.037232835, 0.0055774013, 0.0]</LCS_MIN>
		<LCS_MAX>[0.14316502, 0.12824541, 0.10392768, 0.11371128, 0.09246934, 0.069512196]</LCS_MAX>
		<WAVELENGTH>[0.485, 0.56, 0.66, 0.83, 1.65, 2.215]</WAVELENGTH>
		<MEAN_VALUE>[0.12572058, 0.10480506, 0.07930375, 0.054427292, 0.022819096, 0.016966872]</MEAN_VALUE>
		<CHECKBOX>2</CHECKBOX>
		<SD>[0.010362249, 0.013537638, 0.01219971, 0.009746239, 0.011144131, 0.009529907]</SD>
		<WAVELENGTH_UNIT>E-6m</WAVELENGTH_UNIT>
		<COLOR>#390bde</COLOR>
		<COVARIANCE_MATRIX>[[0.00010744471364887431, 0.00012742236140184104, 0.00011275446740910411, -7.838223609724082e-06, -3.437945633777417e-05, -2.179198054363951e-05], [0.00012742236140184104, 0.00018338455993216485, 0.00015351278125308454, -5.0477406148274895e-06, -4.4138119847048074e-05, -3.458345599938184e-05], [0.00011275446740910411, 0.00015351278125308454, 0.00014892792387399822, 1.3399490853771567e-05, -2.3888573196018115e-05, -1.6696985767339356e-05], [-7.838223609724082e-06, -5.0477406148274895e-06, 1.3399490853771567e-05, 9.504976333118975e-05, 8.099820843199268e-05, 6.199084600666538e-05], [-3.437945633777417e-05, -4.4138119847048074e-05, -2.3888573196018115e-05, 8.099820843199268e-05, 0.00012427092588040978, 8.727181557333097e-05], [-2.179198054363951e-05, -3.458345599938184e-05, -1.6696985767339356e-05, 6.199084600666538e-05, 8.727181557333097e-05, 9.087708895094693e-05]]</COVARIANCE_MATRIX>
		<ROI_SIZE>1568</ROI_SIZE>
		<MAX_VALUE>[0.14316502, 0.12824541, 0.10392768, 0.11371128, 0.09246934, 0.069512196]</MAX_VALUE>
		<MIN_VALUE>[0.1043144, 0.07701375, 0.05714474, 0.037232835, 0.0055774013, 0.0]</MIN_VALUE>
		<SIGNATURE_THRESHOLD_MD>0.0</SIGNATURE_THRESHOLD_MD>
		<SIGNATURE_THRESHOLD_ML>0.0</SIGNATURE_THRESHOLD_ML>
		<SIGNATURE_THRESHOLD_SAM>0.0</SIGNATURE_THRESHOLD_SAM>
	</signature>
	<signature ID="20210517_165437106380_347">
		<MACROCLASSID>1</MACROCLASSID>
		<MACROCLASSINFO>waterbody</MACROCLASSINFO>
		<CLASSID>16</CLASSID>
		<CLASSINFO>C 1</CLASSINFO>
		<VALUES>[0.12572058, 0.010362249, 0.10480506, 0.013537638, 0.07930375, 0.01219971, 0.054427292, 0.009746239, 0.022819096, 0.011144131, 0.016966872, 0.009529907]</VALUES>
		<LCS_MIN>[0.1043144, 0.07701375, 0.05714474, 0.037232835, 0.0055774013, 0.0]</LCS_MIN>
		<LCS_MAX>[0.14316502, 0.12824541, 0.10392768, 0.11371128, 0.09246934, 0.069512196]</LCS_MAX>
		<WAVELENGTH>[0.485, 0.56, 0.66, 0.83, 1.65, 2.215]</WAVELENGTH>
		<MEAN_VALUE>[0.12572058, 0.10480506, 0.07930375, 0.054427292, 0.022819096, 0.016966872]</MEAN_VALUE>
		<CHECKBOX>2</CHECKBOX>
		<SD>[0.010362249, 0.013537638, 0.01219971, 0.009746239, 0.011144131, 0.009529907]</SD>
		<WAVELENGTH_UNIT>E-6m</WAVELENGTH_UNIT>
		<COLOR>#8d6c76</COLOR>
		<COVARIANCE_MATRIX>[[0.00010744471364887431, 0.00012742236140184104, 0.00011275446740910411, -7.838223609724082e-06, -3.437945633777417e-05, -2.179198054363951e-05], [0.00012742236140184104, 0.00018338455993216485, 0.00015351278125308454, -5.0477406148274895e-06, -4.4138119847048074e-05, -3.458345599938184e-05], [0.00011275446740910411, 0.00015351278125308454, 0.00014892792387399822, 1.3399490853771567e-05, -2.3888573196018115e-05, -1.6696985767339356e-05], [-7.838223609724082e-06, -5.0477406148274895e-06, 1.3399490853771567e-05, 9.504976333118975e-05, 8.099820843199268e-05, 6.199084600666538e-05], [-3.437945633777417e-05, -4.4138119847048074e-05, -2.3888573196018115e-05, 8.099820843199268e-05, 0.00012427092588040978, 8.727181557333097e-05], [-2.179198054363951e-05, -3.458345599938184e-05, -1.6696985767339356e-05, 6.199084600666538e-05, 8.727181557333097e-05, 9.087708895094693e-05]]</COVARIANCE_MATRIX>
		<ROI_SIZE>1568</ROI_SIZE>
		<MAX_VALUE>[0.14316502, 0.12824541, 0.10392768, 0.11371128, 0.09246934, 0.069512196]</MAX_VALUE>
		<MIN_VALUE>[0.1043144, 0.07701375, 0.05714474, 0.037232835, 0.0055774013, 0.0]</MIN_VALUE>
		<SIGNATURE_THRESHOLD_MD>0.0</SIGNATURE_THRESHOLD_MD>
		<SIGNATURE_THRESHOLD_ML>0.0</SIGNATURE_THRESHOLD_ML>
		<SIGNATURE_THRESHOLD_SAM>0.0</SIGNATURE_THRESHOLD_SAM>
	</signature>
	<signature ID="20210518_115016070040_702">
		<MACROCLASSID>1</MACROCLASSID>
		<MACROCLASSINFO>waterbody</MACROCLASSINFO>
		<CLASSID>19</CLASSID>
		<CLASSINFO>C 1</CLASSINFO>
		<VALUES>[0.12397672, 0.007492838, 0.10643656, 0.010086929, 0.08968516, 0.01192534, 0.06512345, 0.015403313, 0.025440512, 0.014102123, 0.017566375, 0.010442838]</VALUES>
		<LCS_MIN>[0.096135326, 0.06847516, 0.04994737, 0.037232835, 0.0026810032, 0.0]</LCS_MIN>
		<LCS_MAX>[0.14112027, 0.12824541, 0.11832242, 0.11821001, 0.098262146, 0.0653527]</LCS_MAX>
		<WAVELENGTH>[0.485, 0.56, 0.66, 0.83, 1.65, 2.215]</WAVELENGTH>
		<MEAN_VALUE>[0.12397672, 0.10643656, 0.08968516, 0.06512345, 0.025440512, 0.017566375]</MEAN_VALUE>
		<CHECKBOX>2</CHECKBOX>
		<SD>[0.007492838, 0.010086929, 0.01192534, 0.015403313, 0.014102123, 0.010442838]</SD>
		<WAVELENGTH_UNIT>E-6m</WAVELENGTH_UNIT>
		<COLOR>#c1e588</COLOR>
		<COVARIANCE_MATRIX>[[5.623777906293981e-05, 6.978495366638526e-05, 8.202346361940727e-05, 2.1100067897350527e-05, -1.6776288248365745e-05, -6.965070156184083e-07], [6.978495366638526e-05, 0.00010191860201302916, 0.00011417990026529878, 3.5085249692201614e-05, -2.123312879120931e-05, -1.6761326833147905e-06], [8.202346361940727e-05, 0.00011417990026529878, 0.0001424547517672181, 6.242595554795116e-05, -1.4936070328985807e-05, 5.355187568056863e-06], [2.1100067897350527e-05, 3.5085249692201614e-05, 6.242595554795116e-05, 0.00023766416416037828, 0.00015273444296326488, 0.00010886535164900124], [-1.6776288248365745e-05, -2.123312879120931e-05, -1.4936070328985807e-05, 0.00015273444296326488, 0.0001992069446714595, 0.00012767367297783494], [-6.965070156184083e-07, -1.6761326833147905e-06, 5.355187568056863e-06, 0.00010886535164900124, 0.00012767367297783494, 0.0001092377133318223]]</COVARIANCE_MATRIX>
		<ROI_SIZE>591</ROI_SIZE>
		<MAX_VALUE>[0.14112027, 0.12824541, 0.11832242, 0.11821001, 0.098262146, 0.0653527]</MAX_VALUE>
		<MIN_VALUE>[0.096135326, 0.06847516, 0.04994737, 0.037232835, 0.0026810032, 0.0]</MIN_VALUE>
		<SIGNATURE_THRESHOLD_MD>0.0</SIGNATURE_THRESHOLD_MD>
		<SIGNATURE_THRESHOLD_ML>0.0</SIGNATURE_THRESHOLD_ML>
		<SIGNATURE_THRESHOLD_SAM>0.0</SIGNATURE_THRESHOLD_SAM>
	</signature>
	<signature ID="20210518_120748259822_789">
		<MACROCLASSID>2</MACROCLASSID>
		<MACROCLASSINFO>vegetation</MACROCLASSINFO>
		<CLASSID>20</CLASSID>
		<CLASSINFO>C 1</CLASSINFO>
		<VALUES>[0.09766982, 0.0027005223, 0.07392264, 0.0032834366, 0.054465324, 0.0034505927, 0.18037511, 0.012131223, 0.10396395, 0.01033603, 0.045577634, 0.006773315]</VALUES>
		<LCS_MIN>[0.087956235, 0.064205855, 0.04274999, 0.14970113, 0.069298156, 0.019598342]</LCS_MIN>
		<LCS_MAX>[0.118627794, 0.085552365, 0.0679408, 0.27566567, 0.17356849, 0.08199065]</LCS_MAX>
		<WAVELENGTH>[0.485, 0.56, 0.66, 0.83, 1.65, 2.215]</WAVELENGTH>
		<MEAN_VALUE>[0.09766982, 0.07392264, 0.054465324, 0.18037511, 0.10396395, 0.045577634]</MEAN_VALUE>
		<CHECKBOX>2</CHECKBOX>
		<SD>[0.0027005223, 0.0032834366, 0.0034505927, 0.012131223, 0.01033603, 0.006773315]</SD>
		<WAVELENGTH_UNIT>E-6m</WAVELENGTH_UNIT>
		<COLOR>#6e967c</COLOR>
		<COVARIANCE_MATRIX>[[7.293121598195285e-06, 2.987351990668685e-06, 3.407873464311706e-06, 5.8942205214407295e-06, 8.56526821735315e-06, 4.911054020340089e-06], [2.987351990668685e-06, 1.0781403943838086e-05, 6.559797839145176e-06, 1.4924163224350195e-05, 1.7442909665987827e-05, 9.959202543541323e-06], [3.407873464311706e-06, 6.559797839145176e-06, 1.1907079169759527e-05, 1.1956827620451804e-05, 2.1379770259954967e-05, 1.2884366697107907e-05], [5.8942205214407295e-06, 1.4924163224350195e-05, 1.1956827620451804e-05, 0.00014717264275532216, 4.802298644790426e-05, 1.705575778032653e-05], [8.56526821735315e-06, 1.7442909665987827e-05, 2.1379770259954967e-05, 4.802298644790426e-05, 0.00010683792061172426, 5.5227767006726936e-05], [4.911054020340089e-06, 9.959202543541323e-06, 1.2884366697107907e-05, 1.705575778032653e-05, 5.5227767006726936e-05, 4.587968942360021e-05]]</COVARIANCE_MATRIX>
		<ROI_SIZE>18675</ROI_SIZE>
		<MAX_VALUE>[0.118627794, 0.085552365, 0.0679408, 0.27566567, 0.17356849, 0.08199065]</MAX_VALUE>
		<MIN_VALUE>[0.087956235, 0.064205855, 0.04274999, 0.14970113, 0.069298156, 0.019598342]</MIN_VALUE>
		<SIGNATURE_THRESHOLD_MD>0.0</SIGNATURE_THRESHOLD_MD>
		<SIGNATURE_THRESHOLD_ML>0.0</SIGNATURE_THRESHOLD_ML>
		<SIGNATURE_THRESHOLD_SAM>0.0</SIGNATURE_THRESHOLD_SAM>
	</signature>
	<signature ID="20210518_121100993028_501">
		<MACROCLASSID>2</MACROCLASSID>
		<MACROCLASSINFO>vegetation</MACROCLASSINFO>
		<CLASSID>21</CLASSID>
		<CLASSINFO>C 1</CLASSINFO>
		<VALUES>[0.09766982, 0.0027005223, 0.07392264, 0.0032834366, 0.054465324, 0.0034505927, 0.18037511, 0.012131223, 0.10396395, 0.01033603, 0.045577634, 0.006773315]</VALUES>
		<LCS_MIN>[0.087956235, 0.064205855, 0.04274999, 0.14970113, 0.069298156, 0.019598342]</LCS_MIN>
		<LCS_MAX>[0.118627794, 0.085552365, 0.0679408, 0.27566567, 0.17356849, 0.08199065]</LCS_MAX>
		<WAVELENGTH>[0.485, 0.56, 0.66, 0.83, 1.65, 2.215]</WAVELENGTH>
		<MEAN_VALUE>[0.09766982, 0.07392264, 0.054465324, 0.18037511, 0.10396395, 0.045577634]</MEAN_VALUE>
		<CHECKBOX>2</CHECKBOX>
		<SD>[0.0027005223, 0.0032834366, 0.0034505927, 0.012131223, 0.01033603, 0.006773315]</SD>
		<WAVELENGTH_UNIT>E-6m</WAVELENGTH_UNIT>
		<COLOR>#1a230c</COLOR>
		<COVARIANCE_MATRIX>[[7.293121598195285e-06, 2.987351990668685e-06, 3.407873464311706e-06, 5.8942205214407295e-06, 8.56526821735315e-06, 4.911054020340089e-06], [2.987351990668685e-06, 1.0781403943838086e-05, 6.559797839145176e-06, 1.4924163224350195e-05, 1.7442909665987827e-05, 9.959202543541323e-06], [3.407873464311706e-06, 6.559797839145176e-06, 1.1907079169759527e-05, 1.1956827620451804e-05, 2.1379770259954967e-05, 1.2884366697107907e-05], [5.8942205214407295e-06, 1.4924163224350195e-05, 1.1956827620451804e-05, 0.00014717264275532216, 4.802298644790426e-05, 1.705575778032653e-05], [8.56526821735315e-06, 1.7442909665987827e-05, 2.1379770259954967e-05, 4.802298644790426e-05, 0.00010683792061172426, 5.5227767006726936e-05], [4.911054020340089e-06, 9.959202543541323e-06, 1.2884366697107907e-05, 1.705575778032653e-05, 5.5227767006726936e-05, 4.587968942360021e-05]]</COVARIANCE_MATRIX>
		<ROI_SIZE>24224</ROI_SIZE>
		<MAX_VALUE>[0.118627794, 0.085552365, 0.0679408, 0.27566567, 0.17356849, 0.08199065]</MAX_VALUE>
		<MIN_VALUE>[0.087956235, 0.064205855, 0.04274999, 0.14970113, 0.069298156, 0.019598342]</MIN_VALUE>
		<SIGNATURE_THRESHOLD_MD>0.0</SIGNATURE_THRESHOLD_MD>
		<SIGNATURE_THRESHOLD_ML>0.0</SIGNATURE_THRESHOLD_ML>
		<SIGNATURE_THRESHOLD_SAM>0.0</SIGNATURE_THRESHOLD_SAM>
	</signature>
	<signature ID="20210518_123619280930_621">
		<MACROCLASSID>2</MACROCLASSID>
		<MACROCLASSINFO>vegetation</MACROCLASSINFO>
		<CLASSID>22</CLASSID>
		<CLASSINFO>C 1</CLASSINFO>
		<VALUES>[0.10317698, 0.0023560668, 0.07901647, 0.003036251, 0.059209276, 0.0027419638, 0.17734233, 0.014525072, 0.11040313, 0.012407778, 0.049354166, 0.007584675]</VALUES>
		<LCS_MIN>[0.096135326, 0.06847516, 0.04994737, 0.1407037, 0.07798736, 0.032076806]</LCS_MIN>
		<LCS_MAX>[0.108403936, 0.089821674, 0.0679408, 0.20818466, 0.13591531, 0.069512196]</LCS_MAX>
		<WAVELENGTH>[0.485, 0.56, 0.66, 0.83, 1.65, 2.215]</WAVELENGTH>
		<MEAN_VALUE>[0.10317698, 0.07901647, 0.059209276, 0.17734233, 0.11040313, 0.049354166]</MEAN_VALUE>
		<CHECKBOX>2</CHECKBOX>
		<SD>[0.0023560668, 0.003036251, 0.0027419638, 0.014525072, 0.012407778, 0.007584675]</SD>
		<WAVELENGTH_UNIT>E-6m</WAVELENGTH_UNIT>
		<COLOR>#f1024d</COLOR>
		<COVARIANCE_MATRIX>[[5.559861619985895e-06, 2.032128350037965e-06, 1.686215796325996e-06, -4.873996317655838e-07, 9.523624839857803e-07, 1.4304540627563256e-06], [2.032128350037965e-06, 9.233451237378176e-06, 3.5894649954570923e-06, 1.3789373042527586e-05, 1.3842378393746912e-05, 7.793762961227912e-06], [1.686215796325996e-06, 3.5894649954570923e-06, 7.53030008127098e-06, 9.888308341032825e-06, 1.7232798199984245e-05, 1.0724043931986671e-05], [-4.873996317655838e-07, 1.3789373042527586e-05, 9.888308341032825e-06, 0.0002113125956384465, 0.00010809930245159194, 4.161318429396488e-05], [9.523624839857803e-07, 1.3842378393746912e-05, 1.7232798199984245e-05, 0.00010809930245159194, 0.00015419731789734215, 7.793411350576207e-05], [1.4304540627563256e-06, 7.793762961227912e-06, 1.0724043931986671e-05, 4.161318429396488e-05, 7.793411350576207e-05, 5.761861757491715e-05]]</COVARIANCE_MATRIX>
		<ROI_SIZE>631</ROI_SIZE>
		<MAX_VALUE>[0.108403936, 0.089821674, 0.0679408, 0.20818466, 0.13591531, 0.069512196]</MAX_VALUE>
		<MIN_VALUE>[0.096135326, 0.06847516, 0.04994737, 0.1407037, 0.07798736, 0.032076806]</MIN_VALUE>
		<SIGNATURE_THRESHOLD_MD>0.0</SIGNATURE_THRESHOLD_MD>
		<SIGNATURE_THRESHOLD_ML>0.0</SIGNATURE_THRESHOLD_ML>
		<SIGNATURE_THRESHOLD_SAM>0.0</SIGNATURE_THRESHOLD_SAM>
	</signature>
	<signature ID="20210518_130112020310_763">
		<MACROCLASSID>3</MACROCLASSID>
		<MACROCLASSINFO>bareland</MACROCLASSINFO>
		<CLASSID>23</CLASSID>
		<CLASSINFO>C 1</CLASSINFO>
		<VALUES>[0.15958959, 0.009105088, 0.1497111, 0.012026713, 0.15394683, 0.013993242, 0.20580608, 0.01903936, 0.27018178, 0.02321603, 0.23181233, 0.020965759]</VALUES>
		<LCS_MIN>[0.1370307, 0.1197068, 0.12911847, 0.16769606, 0.21122167, 0.17765887]</LCS_MIN>
		<LCS_MAX>[0.19632906, 0.20082353, 0.21188828, 0.27116692, 0.33866316, 0.30660295]</LCS_MAX>
		<WAVELENGTH>[0.485, 0.56, 0.66, 0.83, 1.65, 2.215]</WAVELENGTH>
		<MEAN_VALUE>[0.15958959, 0.1497111, 0.15394683, 0.20580608, 0.27018178, 0.23181233]</MEAN_VALUE>
		<CHECKBOX>2</CHECKBOX>
		<SD>[0.009105088, 0.012026713, 0.013993242, 0.01903936, 0.02321603, 0.020965759]</SD>
		<WAVELENGTH_UNIT>E-6m</WAVELENGTH_UNIT>
		<COLOR>#c37bb7</COLOR>
		<COVARIANCE_MATRIX>[[8.291159610962495e-05, 0.00010154787014471367, 0.00011450182500993833, 0.00012864753080066293, 0.00013284999295137823, 0.00015957985306158662], [0.00010154787014471367, 0.000144657475175336, 0.0001608619058970362, 0.0001870257838163525, 0.00018522850587032735, 0.00021367376029957086], [0.00011450182500993833, 0.0001608619058970362, 0.00019583207904361188, 0.0002242320479126647, 0.00021840710542164743, 0.00024610862601548433], [0.00012864753080066293, 0.0001870257838163525, 0.0002242320479126647, 0.00036253646248951554, 0.0003806489403359592, 0.0003255561750847846], [0.00013284999295137823, 0.00018522850587032735, 0.00021840710542164743, 0.0003806489403359592, 0.0005390423466451466, 0.00042453076457604766], [0.00015957985306158662, 0.00021367376029957086, 0.00024610862601548433, 0.0003255561750847846, 0.00042453076457604766, 0.0004396105941850692]]</COVARIANCE_MATRIX>
		<ROI_SIZE>9243</ROI_SIZE>
		<MAX_VALUE>[0.19632906, 0.20082353, 0.21188828, 0.27116692, 0.33866316, 0.30660295]</MAX_VALUE>
		<MIN_VALUE>[0.1370307, 0.1197068, 0.12911847, 0.16769606, 0.21122167, 0.17765887]</MIN_VALUE>
		<SIGNATURE_THRESHOLD_MD>0.0</SIGNATURE_THRESHOLD_MD>
		<SIGNATURE_THRESHOLD_ML>0.0</SIGNATURE_THRESHOLD_ML>
		<SIGNATURE_THRESHOLD_SAM>0.0</SIGNATURE_THRESHOLD_SAM>
	</signature>
	<signature ID="20210518_142754598164_754">
		<MACROCLASSID>3</MACROCLASSID>
		<MACROCLASSINFO>bareland</MACROCLASSINFO>
		<CLASSID>24</CLASSID>
		<CLASSINFO>C 1</CLASSINFO>
		<VALUES>[0.14914533, 0.012269595, 0.13171086, 0.01598941, 0.12734173, 0.018473003, 0.17494468, 0.014589755, 0.2168525, 0.033101745, 0.17862555, 0.04544885]</VALUES>
		<LCS_MIN>[0.12476211, 0.10262958, 0.08953293, 0.1407037, 0.16777569, 0.10694757]</LCS_MIN>
		<LCS_MAX>[0.16974704, 0.15386121, 0.15790798, 0.21268341, 0.27204603, 0.24421068]</LCS_MAX>
		<WAVELENGTH>[0.485, 0.56, 0.66, 0.83, 1.65, 2.215]</WAVELENGTH>
		<MEAN_VALUE>[0.14914533, 0.13171086, 0.12734173, 0.17494468, 0.2168525, 0.17862555]</MEAN_VALUE>
		<CHECKBOX>2</CHECKBOX>
		<SD>[0.012269595, 0.01598941, 0.018473003, 0.014589755, 0.033101745, 0.04544885]</SD>
		<WAVELENGTH_UNIT>E-6m</WAVELENGTH_UNIT>
		<COLOR>#b3a8de</COLOR>
		<COVARIANCE_MATRIX>[[0.00015060024452395737, 0.0001903326774481684, 0.00021887643379159272, 0.0001389737444696948, 0.00038549196324311197, 0.0005416786298155785], [0.0001903326774481684, 0.0002557585248723626, 0.0002889124443754554, 0.00018886032921727747, 0.0005088921170681715, 0.0007091761799529195], [0.00021887643379159272, 0.0002889124443754554, 0.0003413817612454295, 0.00022058798640500754, 0.0005911511252634227, 0.0008160027791745961], [0.0001389737444696948, 0.00018886032921727747, 0.00022058798640500754, 0.00021294191537890583, 0.00041263457387685776, 0.0005258882883936167], [0.00038549196324311197, 0.0005088921170681715, 0.0005911511252634227, 0.00041263457387685776, 0.0010961425723508, 0.0014696069993078709], [0.0005416786298155785, 0.0007091761799529195, 0.0008160027791745961, 0.0005258882883936167, 0.0014696069993078709, 0.0020663843024522066]]</COVARIANCE_MATRIX>
		<ROI_SIZE>2629</ROI_SIZE>
		<MAX_VALUE>[0.16974704, 0.15386121, 0.15790798, 0.21268341, 0.27204603, 0.24421068]</MAX_VALUE>
		<MIN_VALUE>[0.12476211, 0.10262958, 0.08953293, 0.1407037, 0.16777569, 0.10694757]</MIN_VALUE>
		<SIGNATURE_THRESHOLD_MD>0.0</SIGNATURE_THRESHOLD_MD>
		<SIGNATURE_THRESHOLD_ML>0.0</SIGNATURE_THRESHOLD_ML>
		<SIGNATURE_THRESHOLD_SAM>0.0</SIGNATURE_THRESHOLD_SAM>
	</signature>
	<signature ID="20210518_144004330978_186">
		<MACROCLASSID>4</MACROCLASSID>
		<MACROCLASSINFO>built-up</MACROCLASSINFO>
		<CLASSID>25</CLASSID>
		<CLASSINFO>C 1</CLASSINFO>
		<VALUES>[0.13740586, 0.005612815, 0.116198674, 0.0068583367, 0.109888285, 0.00911596, 0.14708558, 0.012442113, 0.15826324, 0.018704128, 0.13473125, 0.016851895]</VALUES>
		<LCS_MIN>[0.12271732, 0.10262958, 0.08953293, 0.11371128, 0.11564051, 0.09446912]</LCS_MIN>
		<LCS_MAX>[0.16156796, 0.14105332, 0.13631585, 0.18119226, 0.20542887, 0.18181837]</LCS_MAX>
		<WAVELENGTH>[0.485, 0.56, 0.66, 0.83, 1.65, 2.215]</WAVELENGTH>
		<MEAN_VALUE>[0.13740586, 0.116198674, 0.109888285, 0.14708558, 0.15826324, 0.13473125]</MEAN_VALUE>
		<CHECKBOX>2</CHECKBOX>
		<SD>[0.005612815, 0.0068583367, 0.00911596, 0.012442113, 0.018704128, 0.016851895]</SD>
		<WAVELENGTH_UNIT>E-6m</WAVELENGTH_UNIT>
		<COLOR>#30c1e1</COLOR>
		<COVARIANCE_MATRIX>[[3.158530671498738e-05, 3.1964013032848015e-05, 4.047930633532815e-05, 1.976277599169407e-05, 4.0033137338468805e-05, 4.891036587650888e-05], [3.1964013032848015e-05, 4.715863906312734e-05, 5.579215212492272e-05, 2.6576379241305403e-05, 4.964222898706794e-05, 6.8369168729987e-05], [4.047930633532815e-05, 5.579215212492272e-05, 8.331601566169411e-05, 2.5822484531090595e-05, 5.171640805201605e-05, 8.808202255750075e-05], [1.976277599169407e-05, 2.6576379241305403e-05, 2.5822484531090595e-05, 0.0001552072208141908, 0.00017158729315269738, 9.501190652372316e-05], [4.0033137338468805e-05, 4.964222898706794e-05, 5.171640805201605e-05, 0.00017158729315269738, 0.00035075077903456986, 0.0002554873644839972], [4.891036587650888e-05, 6.8369168729987e-05, 8.808202255750075e-05, 9.501190652372316e-05, 0.0002554873644839972, 0.00028472207486629486]]</COVARIANCE_MATRIX>
		<ROI_SIZE>387</ROI_SIZE>
		<MAX_VALUE>[0.16156796, 0.14105332, 0.13631585, 0.18119226, 0.20542887, 0.18181837]</MAX_VALUE>
		<MIN_VALUE>[0.12271732, 0.10262958, 0.08953293, 0.11371128, 0.11564051, 0.09446912]</MIN_VALUE>
		<SIGNATURE_THRESHOLD_MD>0.0</SIGNATURE_THRESHOLD_MD>
		<SIGNATURE_THRESHOLD_ML>0.0</SIGNATURE_THRESHOLD_ML>
		<SIGNATURE_THRESHOLD_SAM>0.0</SIGNATURE_THRESHOLD_SAM>
	</signature>
	<signature ID="20210518_144558503434_120">
		<MACROCLASSID>4</MACROCLASSID>
		<MACROCLASSINFO>built-up</MACROCLASSINFO>
		<CLASSID>26</CLASSID>
		<CLASSINFO>C 1</CLASSINFO>
		<VALUES>[0.13707772, 0.0042918227, 0.112478636, 0.0056921095, 0.10034, 0.008035387, 0.14869478, 0.009237812, 0.13704991, 0.010738544, 0.106136076, 0.012454886]</VALUES>
		<LCS_MIN>[0.12271732, 0.10262958, 0.08953293, 0.12270875, 0.11564051, 0.08615014]</LCS_MIN>
		<LCS_MAX>[0.1656575, 0.14532262, 0.14351322, 0.17669353, 0.17646489, 0.16102092]</LCS_MAX>
		<WAVELENGTH>[0.485, 0.56, 0.66, 0.83, 1.65, 2.215]</WAVELENGTH>
		<MEAN_VALUE>[0.13707772, 0.112478636, 0.10034, 0.14869478, 0.13704991, 0.106136076]</MEAN_VALUE>
		<CHECKBOX>2</CHECKBOX>
		<SD>[0.0042918227, 0.0056921095, 0.008035387, 0.009237812, 0.010738544, 0.012454886]</SD>
		<WAVELENGTH_UNIT>E-6m</WAVELENGTH_UNIT>
		<COLOR>#fbf56a</COLOR>
		<COVARIANCE_MATRIX>[[1.8429152987664565e-05, 1.8780710888677277e-05, 2.747817234194372e-05, 2.905216433646274e-06, 2.0507317458395846e-05, 3.2546497095609084e-05], [1.8780710888677277e-05, 3.24166685459204e-05, 4.011066266684793e-05, 1.1202383575437125e-05, 3.170430500176735e-05, 4.644382352125831e-05], [2.747817234194372e-05, 4.011066266684793e-05, 6.460043368861079e-05, 1.111296660383232e-05, 4.734741014544852e-05, 7.280256249941885e-05], [2.905216433646274e-06, 1.1202383575437125e-05, 1.111296660383232e-05, 8.538077236153185e-05, 3.958689922001213e-05, 8.381359293707646e-06], [2.0507317458395846e-05, 3.170430500176735e-05, 4.734741014544852e-05, 3.958689922001213e-05, 0.00011537526734173298, 0.00010387002839706838], [3.2546497095609084e-05, 4.644382352125831e-05, 7.280256249941885e-05, 8.381359293707646e-06, 0.00010387002839706838, 0.00015520346642006189]]</COVARIANCE_MATRIX>
		<ROI_SIZE>1958</ROI_SIZE>
		<MAX_VALUE>[0.1656575, 0.14532262, 0.14351322, 0.17669353, 0.17646489, 0.16102092]</MAX_VALUE>
		<MIN_VALUE>[0.12271732, 0.10262958, 0.08953293, 0.12270875, 0.11564051, 0.08615014]</MIN_VALUE>
		<SIGNATURE_THRESHOLD_MD>0.0</SIGNATURE_THRESHOLD_MD>
		<SIGNATURE_THRESHOLD_ML>0.0</SIGNATURE_THRESHOLD_ML>
		<SIGNATURE_THRESHOLD_SAM>0.0</SIGNATURE_THRESHOLD_SAM>
	</signature>
	<signature ID="20210518_144804923790_119">
		<MACROCLASSID>4</MACROCLASSID>
		<MACROCLASSINFO>built-up</MACROCLASSINFO>
		<CLASSID>27</CLASSID>
		<CLASSINFO>C 1</CLASSINFO>
		<VALUES>[0.14804378, 0.004049062, 0.12869482, 0.005804633, 0.122363046, 0.006942539, 0.15640979, 0.009722857, 0.16142394, 0.014471198, 0.14036943, 0.014803005]</VALUES>
		<LCS_MIN>[0.13907549, 0.115437485, 0.10752636, 0.1407037, 0.1446045, 0.11942604]</LCS_MIN>
		<LCS_MAX>[0.16156796, 0.14532262, 0.13991454, 0.17669353, 0.20832527, 0.18181837]</LCS_MAX>
		<WAVELENGTH>[0.485, 0.56, 0.66, 0.83, 1.65, 2.215]</WAVELENGTH>
		<MEAN_VALUE>[0.14804378, 0.12869482, 0.122363046, 0.15640979, 0.16142394, 0.14036943]</MEAN_VALUE>
		<CHECKBOX>2</CHECKBOX>
		<SD>[0.004049062, 0.005804633, 0.006942539, 0.009722857, 0.014471198, 0.014803005]</SD>
		<WAVELENGTH_UNIT>E-6m</WAVELENGTH_UNIT>
		<COLOR>#7a0ab4</COLOR>
		<COVARIANCE_MATRIX>[[1.6687670722603798e-05, 1.5539597370661795e-05, 2.1589057723758742e-05, 1.3337206837604754e-05, 3.4185926779173315e-05, 3.602983633754775e-05], [1.5539597370661795e-05, 3.429543357924558e-05, 3.354351792950183e-05, 3.122851921943948e-05, 5.214702832745388e-05, 6.0183963796589524e-05], [2.1589057723758742e-05, 3.354351792950183e-05, 4.905954483547248e-05, 3.051766907447018e-05, 6.148790998850018e-05, 7.69161997595802e-05], [1.3337206837604754e-05, 3.122851921943948e-05, 3.051766907447018e-05, 9.622205107007176e-05, 9.944854537025094e-05, 6.683594256173819e-05], [3.4185926779173315e-05, 5.214702832745388e-05, 6.148790998850018e-05, 9.944854537025094e-05, 0.0002131551445927471, 0.00017541763372719288], [3.602983633754775e-05, 6.0183963796589524e-05, 7.69161997595802e-05, 6.683594256173819e-05, 0.00017541763372719288, 0.00022304199228528887]]</COVARIANCE_MATRIX>
		<ROI_SIZE>57</ROI_SIZE>
		<MAX_VALUE>[0.16156796, 0.14532262, 0.13991454, 0.17669353, 0.20832527, 0.18181837]</MAX_VALUE>
		<MIN_VALUE>[0.13907549, 0.115437485, 0.10752636, 0.1407037, 0.1446045, 0.11942604]</MIN_VALUE>
		<SIGNATURE_THRESHOLD_MD>0.0</SIGNATURE_THRESHOLD_MD>
		<SIGNATURE_THRESHOLD_ML>0.0</SIGNATURE_THRESHOLD_ML>
		<SIGNATURE_THRESHOLD_SAM>0.0</SIGNATURE_THRESHOLD_SAM>
	</signature>
	<signature ID="20210518_145650059473_869">
		<MACROCLASSID>4</MACROCLASSID>
		<MACROCLASSINFO>built-up</MACROCLASSINFO>
		<CLASSID>29</CLASSID>
		<CLASSINFO>C 1</CLASSINFO>
		<VALUES>[0.13451408, 0.003463953, 0.108705126, 0.004131288, 0.09922169, 0.006372926, 0.14416423, 0.007921589, 0.14794649, 0.008336405, 0.11958603, 0.010088913]</VALUES>
		<LCS_MIN>[0.12885162, 0.09836027, 0.08233554, 0.13170621, 0.13012251, 0.10694757]</LCS_MIN>
		<LCS_MAX>[0.14316502, 0.115437485, 0.11112504, 0.1586986, 0.16198288, 0.14022349]</LCS_MAX>
		<WAVELENGTH>[0.485, 0.56, 0.66, 0.83, 1.65, 2.215]</WAVELENGTH>
		<MEAN_VALUE>[0.13451408, 0.108705126, 0.09922169, 0.14416423, 0.14794649, 0.11958603]</MEAN_VALUE>
		<CHECKBOX>2</CHECKBOX>
		<SD>[0.003463953, 0.004131288, 0.006372926, 0.007921589, 0.008336405, 0.010088913]</SD>
		<WAVELENGTH_UNIT>E-6m</WAVELENGTH_UNIT>
		<COLOR>#bae35e</COLOR>
		<COVARIANCE_MATRIX>[[1.2478930329962168e-05, 9.965339813788887e-06, 1.564528065500781e-05, -2.349239366594702e-06, 7.325658771151211e-06, 1.4367215044330806e-05], [9.965339813788887e-06, 1.7750240658642724e-05, 2.1131256289663725e-05, -6.500639301521005e-06, 1.1033917871827725e-05, 2.17195411096327e-05], [1.564528065500781e-05, 2.1131256289663725e-05, 4.223875293973833e-05, -3.7858546875213506e-06, 2.052575655397959e-05, 3.970162651967257e-05], [-2.349239366594702e-06, -6.500639301521005e-06, -3.7858546875213506e-06, 6.526163633679971e-05, 3.852905138046481e-05, 9.903177669912111e-06], [7.325658771151211e-06, 1.1033917871827725e-05, 2.052575655397959e-05, 3.852905138046481e-05, 7.227548485388979e-05, 5.004361446481198e-05], [1.4367215044330806e-05, 2.17195411096327e-05, 3.970162651967257e-05, 9.903177669912111e-06, 5.004361446481198e-05, 0.00010585760901449248]]</COVARIANCE_MATRIX>
		<ROI_SIZE>26</ROI_SIZE>
		<MAX_VALUE>[0.14316502, 0.115437485, 0.11112504, 0.1586986, 0.16198288, 0.14022349]</MAX_VALUE>
		<MIN_VALUE>[0.12885162, 0.09836027, 0.08233554, 0.13170621, 0.13012251, 0.10694757]</MIN_VALUE>
		<SIGNATURE_THRESHOLD_MD>0.0</SIGNATURE_THRESHOLD_MD>
		<SIGNATURE_THRESHOLD_ML>0.0</SIGNATURE_THRESHOLD_ML>
		<SIGNATURE_THRESHOLD_SAM>0.0</SIGNATURE_THRESHOLD_SAM>
	</signature>
	<signature ID="20210518_150836342400_849">
		<MACROCLASSID>4</MACROCLASSID>
		<MACROCLASSINFO>built-up</MACROCLASSINFO>
		<CLASSID>30</CLASSID>
		<CLASSINFO>C 1</CLASSINFO>
		<VALUES>[0.14009787, 0.005303904, 0.12156302, 0.0075354287, 0.11550606, 0.008043863, 0.15341748, 0.0084583, 0.15681975, 0.012077503, 0.1345268, 0.013994647]</VALUES>
		<LCS_MIN>[0.1308964, 0.10689888, 0.10032899, 0.13620494, 0.13301891, 0.10694757]</LCS_MIN>
		<LCS_MAX>[0.1513441, 0.14105332, 0.13271716, 0.17219481, 0.18225767, 0.16933993]</LCS_MAX>
		<WAVELENGTH>[0.485, 0.56, 0.66, 0.83, 1.65, 2.215]</WAVELENGTH>
		<MEAN_VALUE>[0.14009787, 0.12156302, 0.11550606, 0.15341748, 0.15681975, 0.1345268]</MEAN_VALUE>
		<CHECKBOX>2</CHECKBOX>
		<SD>[0.005303904, 0.0075354287, 0.008043863, 0.0084583, 0.012077503, 0.013994647]</SD>
		<WAVELENGTH_UNIT>E-6m</WAVELENGTH_UNIT>
		<COLOR>#7c1b8f</COLOR>
		<COVARIANCE_MATRIX>[[2.875653990486171e-05, 3.0069120839470997e-05, 3.090563041041605e-05, -7.154685590649024e-06, 1.0528819075261708e-05, 3.2981235563056543e-05], [3.0069120839470997e-05, 5.8044519391842186e-05, 5.382556264521554e-05, 2.7649637104332214e-06, 3.068104342673905e-05, 6.013739766785875e-05], [3.090563041041605e-05, 5.382556264521554e-05, 6.614159065065905e-05, 7.461233963113045e-06, 3.44721665896941e-05, 6.276726344367489e-05], [-7.154685590649024e-06, 2.7649637104332214e-06, 7.461233963113045e-06, 7.313267269637436e-05, 5.870476525160484e-05, 1.37404922497808e-05], [1.0528819075261708e-05, 3.068104342673905e-05, 3.44721665896941e-05, 5.870476525160484e-05, 0.00014910755271557719, 0.00012119699385948479], [3.2981235563056543e-05, 6.013739766785875e-05, 6.276726344367489e-05, 1.37404922497808e-05, 0.00012119699385948479, 0.00020020236843265593]]</COVARIANCE_MATRIX>
		<ROI_SIZE>26</ROI_SIZE>
		<MAX_VALUE>[0.1513441, 0.14105332, 0.13271716, 0.17219481, 0.18225767, 0.16933993]</MAX_VALUE>
		<MIN_VALUE>[0.1308964, 0.10689888, 0.10032899, 0.13620494, 0.13301891, 0.10694757]</MIN_VALUE>
		<SIGNATURE_THRESHOLD_MD>0.0</SIGNATURE_THRESHOLD_MD>
		<SIGNATURE_THRESHOLD_ML>0.0</SIGNATURE_THRESHOLD_ML>
		<SIGNATURE_THRESHOLD_SAM>0.0</SIGNATURE_THRESHOLD_SAM>
	</signature>
	<signature ID="20210521_163228902411_947">
		<MACROCLASSID>3</MACROCLASSID>
		<MACROCLASSINFO>bareland</MACROCLASSINFO>
		<CLASSID>37</CLASSID>
		<CLASSINFO>C 1</CLASSINFO>
		<VALUES>[0.16824667, 0.003464372, 0.1569014, 0.0039879302, 0.1620201, 0.005169749, 0.2264203, 0.007311967, 0.3005045, 0.009625213, 0.25463852, 0.009867975]</VALUES>
		<LCS_MIN>[0.15543364, 0.14532262, 0.14711194, 0.19918719, 0.28073522, 0.23173223]</LCS_MIN>
		<LCS_MAX>[0.17792612, 0.17093843, 0.17590143, 0.2396758, 0.32128477, 0.27332708]</LCS_MAX>
		<WAVELENGTH>[0.485, 0.56, 0.66, 0.83, 1.65, 2.215]</WAVELENGTH>
		<MEAN_VALUE>[0.16824667, 0.1569014, 0.1620201, 0.2264203, 0.3005045, 0.25463852]</MEAN_VALUE>
		<CHECKBOX>2</CHECKBOX>
		<SD>[0.003464372, 0.0039879302, 0.005169749, 0.007311967, 0.009625213, 0.009867975]</SD>
		<WAVELENGTH_UNIT>E-6m</WAVELENGTH_UNIT>
		<COLOR>#1f2802</COLOR>
		<COVARIANCE_MATRIX>[[1.2017180779366754e-05, 7.662712050660048e-06, 1.0100840881932527e-05, 2.250649231427815e-06, 6.673921689070994e-06, 1.567640902067069e-05], [7.662712050660048e-06, 1.5923873434076086e-05, 1.4506440493278205e-05, 6.49423964205198e-06, 1.1743530194507912e-05, 2.1463416487677023e-05], [1.0100840881932527e-05, 1.4506440493278205e-05, 2.6760388209368102e-05, 1.379431523673702e-05, 2.3898275685496628e-05, 3.416096660657786e-05], [2.250649231427815e-06, 6.49423964205198e-06, 1.379431523673702e-05, 5.3533058235188946e-05, 4.577716390485875e-05, 2.5292951249866746e-05], [6.673921689070994e-06, 1.1743530194507912e-05, 2.3898275685496628e-05, 4.577716390485875e-05, 9.276290074922144e-05, 6.897302955621853e-05], [1.567640902067069e-05, 2.1463416487677023e-05, 3.416096660657786e-05, 2.5292951249866746e-05, 6.897302955621853e-05, 9.750113531481475e-05]]</COVARIANCE_MATRIX>
		<ROI_SIZE>785</ROI_SIZE>
		<MAX_VALUE>[0.17792612, 0.17093843, 0.17590143, 0.2396758, 0.32128477, 0.27332708]</MAX_VALUE>
		<MIN_VALUE>[0.15543364, 0.14532262, 0.14711194, 0.19918719, 0.28073522, 0.23173223]</MIN_VALUE>
		<SIGNATURE_THRESHOLD_MD>0.0</SIGNATURE_THRESHOLD_MD>
		<SIGNATURE_THRESHOLD_ML>0.0</SIGNATURE_THRESHOLD_ML>
		<SIGNATURE_THRESHOLD_SAM>0.0</SIGNATURE_THRESHOLD_SAM>
	</signature>
	<signature ID="20210524_104121825605_142">
		<MACROCLASSID>4</MACROCLASSID>
		<MACROCLASSINFO>built-up</MACROCLASSINFO>
		<CLASSID>36</CLASSID>
		<CLASSINFO>C 1</CLASSINFO>
		<VALUES>[0.13698317, 0.0039316677, 0.11702606, 0.0051284, 0.10995338, 0.005247857, 0.12992765, 0.0071388506, 0.14521073, 0.0104067745, 0.12832542, 0.010673913]</VALUES>
		<LCS_MIN>[0.1308964, 0.10689888, 0.10032899, 0.11821001, 0.13012251, 0.11110707]</LCS_MIN>
		<LCS_MAX>[0.14725457, 0.12824541, 0.1219211, 0.14970113, 0.1706721, 0.15270194]</LCS_MAX>
		<WAVELENGTH>[0.485, 0.56, 0.66, 0.83, 1.65, 2.215]</WAVELENGTH>
		<MEAN_VALUE>[0.13698317, 0.11702606, 0.10995338, 0.12992765, 0.14521073, 0.12832542]</MEAN_VALUE>
		<CHECKBOX>2</CHECKBOX>
		<SD>[0.0039316677, 0.0051284, 0.005247857, 0.0071388506, 0.0104067745, 0.010673913]</SD>
		<WAVELENGTH_UNIT>E-6m</WAVELENGTH_UNIT>
		<COLOR>#e4e792</COLOR>
		<COVARIANCE_MATRIX>[[1.582605931127985e-05, 1.3379818611634019e-05, 1.3959114674265671e-05, 1.2616621179554017e-05, 1.2015446573493475e-05, 1.4608571057456815e-05], [1.3379818611634019e-05, 2.692668626229182e-05, 2.312239683773451e-05, 1.706887746219217e-05, 2.0212247577456277e-05, 2.6116048262023093e-05], [1.3959114674265671e-05, 2.312239683773451e-05, 2.819571705806712e-05, 1.5212410828365076e-05, 2.0084608508003873e-05, 2.528760270135977e-05], [1.2616621179554017e-05, 1.706887746219217e-05, 1.5212410828365076e-05, 5.2176601645976905e-05, 2.964607188512301e-05, 3.1353145230378e-05], [1.2015446573493475e-05, 2.0212247577456277e-05, 2.0084608508003873e-05, 2.964607188512301e-05, 0.00011087955511641262, 9.31515964629311e-05], [1.4608571057456815e-05, 2.6116048262023093e-05, 2.528760270135977e-05, 3.1353145230378e-05, 9.31515964629311e-05, 0.00011664508964797644]]</COVARIANCE_MATRIX>
		<ROI_SIZE>43</ROI_SIZE>
		<MAX_VALUE>[0.14725457, 0.12824541, 0.1219211, 0.14970113, 0.1706721, 0.15270194]</MAX_VALUE>
		<MIN_VALUE>[0.1308964, 0.10689888, 0.10032899, 0.11821001, 0.13012251, 0.11110707]</MIN_VALUE>
		<SIGNATURE_THRESHOLD_MD>0</SIGNATURE_THRESHOLD_MD>
		<SIGNATURE_THRESHOLD_ML>0</SIGNATURE_THRESHOLD_ML>
		<SIGNATURE_THRESHOLD_SAM>0</SIGNATURE_THRESHOLD_SAM>
	</signature>
	<signature ID="20210524_104252234738_527">
		<MACROCLASSID>3</MACROCLASSID>
		<MACROCLASSINFO>bareland</MACROCLASSINFO>
		<CLASSID>37</CLASSID>
		<CLASSINFO>C 1</CLASSINFO>
		<VALUES>[0.14725631, 0.00406456, 0.13047493, 0.0049830764, 0.1252522, 0.005105089, 0.15692604, 0.0071765035, 0.17930189, 0.010100905, 0.15720272, 0.010298427]</VALUES>
		<LCS_MIN>[0.13294119, 0.115437485, 0.10392768, 0.13620494, 0.1590865, 0.14022349]</LCS_MIN>
		<LCS_MAX>[0.1574784, 0.14532262, 0.13991454, 0.17219481, 0.19963606, 0.18181837]</LCS_MAX>
		<WAVELENGTH>[0.485, 0.56, 0.66, 0.83, 1.65, 2.215]</WAVELENGTH>
		<MEAN_VALUE>[0.14725631, 0.13047493, 0.1252522, 0.15692604, 0.17930189, 0.15720272]</MEAN_VALUE>
		<CHECKBOX>2</CHECKBOX>
		<SD>[0.00406456, 0.0049830764, 0.005105089, 0.0071765035, 0.010100905, 0.010298427]</SD>
		<WAVELENGTH_UNIT>E-6m</WAVELENGTH_UNIT>
		<COLOR>#5e0fd7</COLOR>
		<COVARIANCE_MATRIX>[[1.65347776039441e-05, 1.3139251772874097e-05, 1.3955785900179364e-05, 1.2070578888062377e-06, 9.489226106458392e-06, 1.4841661407461137e-05], [1.3139251772874097e-05, 2.4852289511237773e-05, 1.956211563690506e-05, 1.0724472189406224e-05, 2.1447109572796955e-05, 2.5442665177955744e-05], [1.3955785900179364e-05, 1.956211563690506e-05, 2.6084223263261885e-05, 1.1435434923942397e-05, 2.5565135913903826e-05, 3.0272084933055886e-05], [1.2070578888062377e-06, 1.0724472189406224e-05, 1.1435434923942397e-05, 5.1546259040962594e-05, 4.149290640636896e-05, 2.2055148749776593e-05], [9.489226106458392e-06, 2.1447109572796955e-05, 2.5565135913903826e-05, 4.149290640636896e-05, 0.0001021155531175948, 8.289992217633286e-05], [1.4841661407461137e-05, 2.5442665177955744e-05, 3.0272084933055886e-05, 2.2055148749776593e-05, 8.289992217633286e-05, 0.00010614834246415529]]</COVARIANCE_MATRIX>
		<ROI_SIZE>1170</ROI_SIZE>
		<MAX_VALUE>[0.1574784, 0.14532262, 0.13991454, 0.17219481, 0.19963606, 0.18181837]</MAX_VALUE>
		<MIN_VALUE>[0.13294119, 0.115437485, 0.10392768, 0.13620494, 0.1590865, 0.14022349]</MIN_VALUE>
		<SIGNATURE_THRESHOLD_MD>0</SIGNATURE_THRESHOLD_MD>
		<SIGNATURE_THRESHOLD_ML>0</SIGNATURE_THRESHOLD_ML>
		<SIGNATURE_THRESHOLD_SAM>0</SIGNATURE_THRESHOLD_SAM>
	</signature>
</signaturelist>
