<?xml version="1.0" ?>
<signaturelist MCID_LIST="[['1', 'waterbody', '#000000'], ['2', 'vegetation', '#000000'], ['3', 'bareland', '#000000'], ['4', 'built-up', '#000000']]">
	<signature ID="20210521_113153905046_221">
		<MACROCLASSID>1</MACROCLASSID>
		<MACROCLASSINFO>waterbody</MACROCLASSINFO>
		<CLASSID>1</CLASSID>
		<CLASSINFO>C 1</CLASSINFO>
		<VALUES>[0.0967178392023236, 0.002182244610757188, 0.08580530691069461, 0.005165219462418517, 0.05661015569002596, 0.004355584051838262, 0.059059222545716786, 0.012078809000037114, 0.02278077888943546, 0.0066188131421607435, 0.013192568443014058, 0.005511905654361697]</VALUES>
		<LCS_MIN>[0.09007490426301956, 0.07532250881195068, 0.04847190901637077, 0.04046796262264252, 0.011628865264356136, 0.0020058273803442717]</LCS_MIN>
		<LCS_MAX>[0.10808565467596054, 0.10135667771100998, 0.08748481422662735, 0.11362324655056, 0.060690559446811676, 0.0470983050763607]</LCS_MAX>
		<WAVELENGTH>[0.485, 0.56, 0.66, 0.83, 1.65, 2.215]</WAVELENGTH>
		<MEAN_VALUE>[0.0967178392023236, 0.08580530691069461, 0.05661015569002596, 0.059059222545716786, 0.02278077888943546, 0.013192568443014058]</MEAN_VALUE>
		<CHECKBOX>2</CHECKBOX>
		<SD>[0.002182244610757188, 0.005165219462418517, 0.004355584051838262, 0.012078809000037114, 0.0066188131421607435, 0.005511905654361697]</SD>
		<WAVELENGTH_UNIT>E-6m</WAVELENGTH_UNIT>
		<COLOR>#f33616</COLOR>
		<COVARIANCE_MATRIX>[[4.726453656927045e-06, 5.498821335434697e-06, 5.348025418834714e-06, 9.757535441662965e-06, 5.553356748358439e-06, 4.450682549471465e-06], [5.498821335434697e-06, 2.6210569247323806e-05, 1.9440886657807254e-05, 5.2481700252218144e-05, 1.534205715865809e-05, 9.482634950586285e-06], [5.348025418834714e-06, 1.9440886657807254e-05, 2.092957720873853e-05, 4.5255153394228485e-05, 2.1411395462829437e-05, 1.52860320165766e-05], [9.757535441662965e-06, 5.2481700252218144e-05, 4.5255153394228485e-05, 0.00016831976740092297, 5.1265239431821495e-05, 3.101083866069045e-05], [5.553356748358439e-06, 1.534205715865809e-05, 2.1411395462829437e-05, 5.1265239431821495e-05, 6.0479377148266856e-05, 4.2130863639774765e-05], [4.450682549471465e-06, 9.482634950586285e-06, 1.52860320165766e-05, 3.101083866069045e-05, 4.2130863639774765e-05, 4.0369008262671254e-05]]</COVARIANCE_MATRIX>
		<ROI_SIZE>2600</ROI_SIZE>
		<MAX_VALUE>[0.10808565467596054, 0.10135667771100998, 0.08748481422662735, 0.11362324655056, 0.060690559446811676, 0.0470983050763607]</MAX_VALUE>
		<MIN_VALUE>[0.09007490426301956, 0.07532250881195068, 0.04847190901637077, 0.04046796262264252, 0.011628865264356136, 0.0020058273803442717]</MIN_VALUE>
		<SIGNATURE_THRESHOLD_MD>0</SIGNATURE_THRESHOLD_MD>
		<SIGNATURE_THRESHOLD_ML>0</SIGNATURE_THRESHOLD_ML>
		<SIGNATURE_THRESHOLD_SAM>0</SIGNATURE_THRESHOLD_SAM>
	</signature>
	<signature ID="20210521_113157582133_755">
		<MACROCLASSID>1</MACROCLASSID>
		<MACROCLASSINFO>waterbody</MACROCLASSINFO>
		<CLASSID>2</CLASSID>
		<CLASSINFO>C 1</CLASSINFO>
		<VALUES>[0.09518425638762856, 0.002338805856536252, 0.08119797541652085, 0.003944630771561822, 0.053556530515063705, 0.005039496092845147, 0.04971762462068265, 0.011244340550336518, 0.02234603784363286, 0.01104665030605477, 0.013362903830506413, 0.008347200985665116]</VALUES>
		<LCS_MIN>[0.08868945389986038, 0.0724298283457756, 0.046033602207899094, 0.04046796262264252, 0.0018165261717513204, 0.0020058273803442717]</LCS_MIN>
		<LCS_MAX>[0.10947110503911972, 0.0984639972448349, 0.07773159444332123, 0.1166713759303093, 0.06461548805236816, 0.0499165877699852]</LCS_MAX>
		<WAVELENGTH>[0.485, 0.56, 0.66, 0.83, 1.65, 2.215]</WAVELENGTH>
		<MEAN_VALUE>[0.09518425638762856, 0.08119797541652085, 0.053556530515063705, 0.04971762462068265, 0.02234603784363286, 0.013362903830506413]</MEAN_VALUE>
		<CHECKBOX>2</CHECKBOX>
		<SD>[0.002338805856536252, 0.003944630771561822, 0.005039496092845147, 0.011244340550336518, 0.01104665030605477, 0.008347200985665116]</SD>
		<WAVELENGTH_UNIT>E-6m</WAVELENGTH_UNIT>
		<COLOR>#ff5ed0</COLOR>
		<COVARIANCE_MATRIX>[[5.722907602044553e-06, 6.208961537940191e-06, 7.0457300092470355e-06, 1.2883360002009752e-05, 1.0915653454025744e-05, 8.168008755880448e-06], [6.208961537940191e-06, 1.713101264788323e-05, 1.559770675042883e-05, 3.771908614543006e-05, 2.433301453927596e-05, 1.640167799705963e-05], [7.0457300092470355e-06, 1.559770675042883e-05, 2.244999510627634e-05, 4.2400329242437364e-05, 3.8075821310967496e-05, 2.71454844213179e-05], [1.2883360002009752e-05, 3.771908614543006e-05, 4.2400329242437364e-05, 0.0001438059532805033, 7.627505259414205e-05, 4.8768165356205024e-05], [1.0915653454025744e-05, 2.433301453927596e-05, 3.8075821310967496e-05, 7.627505259414205e-05, 9.98141646559509e-05, 6.815970783859661e-05], [8.168008755880448e-06, 1.640167799705963e-05, 2.71454844213179e-05, 4.8768165356205024e-05, 6.815970783859661e-05, 5.836554791400686e-05]]</COVARIANCE_MATRIX>
		<ROI_SIZE>3087</ROI_SIZE>
		<MAX_VALUE>[0.10947110503911972, 0.0984639972448349, 0.07773159444332123, 0.1166713759303093, 0.06461548805236816, 0.0499165877699852]</MAX_VALUE>
		<MIN_VALUE>[0.08868945389986038, 0.0724298283457756, 0.046033602207899094, 0.04046796262264252, 0.0018165261717513204, 0.0020058273803442717]</MIN_VALUE>
		<SIGNATURE_THRESHOLD_MD>0</SIGNATURE_THRESHOLD_MD>
		<SIGNATURE_THRESHOLD_ML>0</SIGNATURE_THRESHOLD_ML>
		<SIGNATURE_THRESHOLD_SAM>0</SIGNATURE_THRESHOLD_SAM>
	</signature>
	<signature ID="20210521_113204800203_840">
		<MACROCLASSID>1</MACROCLASSID>
		<MACROCLASSINFO>waterbody</MACROCLASSINFO>
		<CLASSID>3</CLASSID>
		<CLASSINFO>C 1</CLASSINFO>
		<VALUES>[0.10331614490515319, 0.003730716857147544, 0.08492529264993129, 0.005727610301963501, 0.05792541916332909, 0.006095670027866118, 0.04947016938583846, 0.007301405599253906, 0.023865428350820523, 0.00889924544410043, 0.016268724418938577, 0.007884498690457896]</VALUES>
		<LCS_MIN>[0.09423123300075531, 0.07532250881195068, 0.04847190901637077, 0.04046796262264252, 0.009666397236287594, 0.0020058273803442717]</LCS_MIN>
		<LCS_MAX>[0.12471099942922592, 0.11003474146127701, 0.0923614352941513, 0.09228629618883133, 0.0665779709815979, 0.0555531345307827]</LCS_MAX>
		<WAVELENGTH>[0.485, 0.56, 0.66, 0.83, 1.65, 2.215]</WAVELENGTH>
		<MEAN_VALUE>[0.10331614490515319, 0.08492529264993129, 0.05792541916332909, 0.04947016938583846, 0.023865428350820523, 0.016268724418938577]</MEAN_VALUE>
		<CHECKBOX>2</CHECKBOX>
		<SD>[0.003730716857147544, 0.005727610301963501, 0.006095670027866118, 0.007301405599253906, 0.00889924544410043, 0.007884498690457896]</SD>
		<WAVELENGTH_UNIT>E-6m</WAVELENGTH_UNIT>
		<COLOR>#007594</COLOR>
		<COVARIANCE_MATRIX>[[1.3923896907924177e-05, 1.782096970655339e-05, 1.9005965688809627e-05, 2.2123019169809476e-05, 2.405805446035802e-05, 2.15169129066364e-05], [1.782096970655339e-05, 3.281883369963734e-05, 3.129270903487896e-05, 3.599836454416841e-05, 4.14853311389693e-05, 3.603085312628724e-05], [1.9005965688809627e-05, 3.129270903487896e-05, 3.7172273118288066e-05, 4.1691617358256785e-05, 4.7166034899924546e-05, 4.1276835634142925e-05], [2.2123019169809476e-05, 3.599836454416841e-05, 4.1691617358256785e-05, 5.333215948931512e-05, 5.755135921051581e-05, 5.029138246850028e-05], [2.405805446035802e-05, 4.14853311389693e-05, 4.7166034899924546e-05, 5.755135921051581e-05, 7.92287109392262e-05, 6.369761940803917e-05], [2.15169129066364e-05, 3.603085312628724e-05, 4.1276835634142925e-05, 5.029138246850028e-05, 6.369761940803917e-05, 6.219054903148798e-05]]</COVARIANCE_MATRIX>
		<ROI_SIZE>2465</ROI_SIZE>
		<MAX_VALUE>[0.12471099942922592, 0.11003474146127701, 0.0923614352941513, 0.09228629618883133, 0.0665779709815979, 0.0555531345307827]</MAX_VALUE>
		<MIN_VALUE>[0.09423123300075531, 0.07532250881195068, 0.04847190901637077, 0.04046796262264252, 0.009666397236287594, 0.0020058273803442717]</MIN_VALUE>
		<SIGNATURE_THRESHOLD_MD>0</SIGNATURE_THRESHOLD_MD>
		<SIGNATURE_THRESHOLD_ML>0</SIGNATURE_THRESHOLD_ML>
		<SIGNATURE_THRESHOLD_SAM>0</SIGNATURE_THRESHOLD_SAM>
	</signature>
	<signature ID="20210521_113207942929_740">
		<MACROCLASSID>1</MACROCLASSID>
		<MACROCLASSINFO>waterbody</MACROCLASSINFO>
		<CLASSID>4</CLASSID>
		<CLASSINFO>C 1</CLASSINFO>
		<VALUES>[0.11754659364890788, 0.003119939524604683, 0.11330473562702544, 0.004106793583981863, 0.07764545500116506, 0.003430767310477139, 0.06385909875287951, 0.010935944668560325, 0.03192547400755325, 0.009449870927800537, 0.019260132808045928, 0.006294149907209633]</VALUES>
		<LCS_MIN>[0.10808565467596054, 0.0984639972448349, 0.06797836720943451, 0.04656423628330231, 0.015553799457848072, 0.007642387878149748]</LCS_MIN>
		<LCS_MAX>[0.12471099942922592, 0.12160549312829971, 0.08992311358451843, 0.09533442556858063, 0.06854043900966644, 0.0470983050763607]</LCS_MAX>
		<WAVELENGTH>[0.485, 0.56, 0.66, 0.83, 1.65, 2.215]</WAVELENGTH>
		<MEAN_VALUE>[0.11754659364890788, 0.11330473562702544, 0.07764545500116506, 0.06385909875287951, 0.03192547400755325, 0.019260132808045928]</MEAN_VALUE>
		<CHECKBOX>2</CHECKBOX>
		<SD>[0.003119939524604683, 0.004106793583981863, 0.003430767310477139, 0.010935944668560325, 0.009449870927800537, 0.006294149907209633]</SD>
		<WAVELENGTH_UNIT>E-6m</WAVELENGTH_UNIT>
		<COLOR>#ac6752</COLOR>
		<COVARIANCE_MATRIX>[[9.760545859635151e-06, 9.404530645537895e-06, 5.732475880850185e-06, -1.5609586839550924e-05, -1.0760209226504144e-05, -5.056751274186058e-06], [9.404530645537895e-06, 1.6911709273155058e-05, 8.757861901984453e-06, -1.8387748015825528e-05, -1.2381225467135548e-05, -6.128061517749883e-06], [5.732475880850185e-06, 8.757861901984453e-06, 1.1802235631114385e-05, 4.956768836541503e-06, 6.094820964611341e-06, 6.19007162528037e-06], [-1.5609586839550924e-05, -1.8387748015825528e-05, 4.956768836541503e-06, 0.0001199207574172295, 8.71704742661273e-05, 5.24248695926697e-05], [-1.0760209226504144e-05, -1.2381225467135548e-05, 6.094820964611341e-06, 8.71704742661273e-05, 8.954338496776298e-05, 4.889683127689445e-05], [-5.056751274186058e-06, -6.128061517749883e-06, 6.19007162528037e-06, 5.24248695926697e-05, 4.889683127689445e-05, 3.972426943877149e-05]]</COVARIANCE_MATRIX>
		<ROI_SIZE>368</ROI_SIZE>
		<MAX_VALUE>[0.12471099942922592, 0.12160549312829971, 0.08992311358451843, 0.09533442556858063, 0.06854043900966644, 0.0470983050763607]</MAX_VALUE>
		<MIN_VALUE>[0.10808565467596054, 0.0984639972448349, 0.06797836720943451, 0.04656423628330231, 0.015553799457848072, 0.007642387878149748]</MIN_VALUE>
		<SIGNATURE_THRESHOLD_MD>0</SIGNATURE_THRESHOLD_MD>
		<SIGNATURE_THRESHOLD_ML>0</SIGNATURE_THRESHOLD_ML>
		<SIGNATURE_THRESHOLD_SAM>0</SIGNATURE_THRESHOLD_SAM>
	</signature>
	<signature ID="20210521_113216661654_511">
		<MACROCLASSID>1</MACROCLASSID>
		<MACROCLASSINFO>waterbody</MACROCLASSINFO>
		<CLASSID>5</CLASSID>
		<CLASSINFO>C 1</CLASSINFO>
		<VALUES>[0.10090655466065623, 0.002449038605026968, 0.10665829323781709, 0.0030875546905603083, 0.07972238617941214, 0.004964037221277498, 0.04727268140718317, 0.007436444689419518, 0.02271360984530563, 0.006504157527699597, 0.016541963546595973, 0.005384988911292208]</VALUES>
		<LCS_MIN>[0.09423123300075531, 0.09557132422924042, 0.06797836720943451, 0.03437168896198273, 0.005741461645811796, 0.004824106581509113]</LCS_MIN>
		<LCS_MAX>[0.10808565467596054, 0.11871279776096344, 0.11430619657039642, 0.08619001507759094, 0.05872808396816254, 0.0527348667383194]</LCS_MAX>
		<WAVELENGTH>[0.485, 0.56, 0.66, 0.83, 1.65, 2.215]</WAVELENGTH>
		<MEAN_VALUE>[0.10090655466065623, 0.10665829323781709, 0.07972238617941214, 0.04727268140718317, 0.02271360984530563, 0.016541963546595973]</MEAN_VALUE>
		<CHECKBOX>2</CHECKBOX>
		<SD>[0.002449038605026968, 0.0030875546905603083, 0.004964037221277498, 0.007436444689419518, 0.006504157527699597, 0.005384988911292208]</SD>
		<WAVELENGTH_UNIT>E-6m</WAVELENGTH_UNIT>
		<COLOR>#74a33a</COLOR>
		<COVARIANCE_MATRIX>[[6.002938406585399e-06, 4.453291259711915e-06, 2.7317637295279805e-06, 8.564650951766665e-07, 4.094746389648246e-07, 1.1678627527601622e-06], [4.453291259711915e-06, 9.541176794640709e-06, 4.324038757956527e-06, 6.608844208454382e-07, -5.826381444697295e-07, 5.9320629372691e-07], [2.7317637295279805e-06, 4.324038757956527e-06, 2.4662817178464018e-05, 2.797946812812934e-05, 1.965279127604194e-05, 1.4703770108868976e-05], [8.564650951766665e-07, 6.608844208454382e-07, 2.797946812812934e-05, 5.534817803906927e-05, 4.006205312767321e-05, 2.9497019247048056e-05], [4.094746389648246e-07, -5.826381444697295e-07, 1.965279127604194e-05, 4.006205312767321e-05, 4.234037764740183e-05, 2.8749151908820313e-05], [1.1678627527601622e-06, 5.9320629372691e-07, 1.4703770108868976e-05, 2.9497019247048056e-05, 2.8749151908820313e-05, 2.9022996652486558e-05]]</COVARIANCE_MATRIX>
		<ROI_SIZE>1166</ROI_SIZE>
		<MAX_VALUE>[0.10808565467596054, 0.11871279776096344, 0.11430619657039642, 0.08619001507759094, 0.05872808396816254, 0.0527348667383194]</MAX_VALUE>
		<MIN_VALUE>[0.09423123300075531, 0.09557132422924042, 0.06797836720943451, 0.03437168896198273, 0.005741461645811796, 0.004824106581509113]</MIN_VALUE>
		<SIGNATURE_THRESHOLD_MD>0</SIGNATURE_THRESHOLD_MD>
		<SIGNATURE_THRESHOLD_ML>0</SIGNATURE_THRESHOLD_ML>
		<SIGNATURE_THRESHOLD_SAM>0</SIGNATURE_THRESHOLD_SAM>
	</signature>
	<signature ID="20210521_113221114468_201">
		<MACROCLASSID>1</MACROCLASSID>
		<MACROCLASSINFO>waterbody</MACROCLASSINFO>
		<CLASSID>6</CLASSID>
		<CLASSINFO>C 1</CLASSINFO>
		<VALUES>[0.10388247173930878, 0.002215292986959404, 0.10124781156307519, 0.0031315913600709505, 0.07281432166631695, 0.006864135205097044, 0.05584515361607844, 0.007322648696865085, 0.034832544003627924, 0.0076499057043576, 0.02481657368578675, 0.005648131915458452]</VALUES>
		<LCS_MIN>[0.09700212627649307, 0.09267862886190414, 0.06310175359249115, 0.04656423628330231, 0.021441202610731125, 0.010460667312145233]</LCS_MIN>
		<LCS_MAX>[0.11362744122743607, 0.11292742192745209, 0.10699127614498138, 0.09228629618883133, 0.07050289958715439, 0.0527348667383194]</LCS_MAX>
		<WAVELENGTH>[0.485, 0.56, 0.66, 0.83, 1.65, 2.215]</WAVELENGTH>
		<MEAN_VALUE>[0.10388247173930878, 0.10124781156307519, 0.07281432166631695, 0.05584515361607844, 0.034832544003627924, 0.02481657368578675]</MEAN_VALUE>
		<CHECKBOX>2</CHECKBOX>
		<SD>[0.002215292986959404, 0.0031315913600709505, 0.006864135205097044, 0.007322648696865085, 0.0076499057043576, 0.005648131915458452]</SD>
		<WAVELENGTH_UNIT>E-6m</WAVELENGTH_UNIT>
		<COLOR>#060047</COLOR>
		<COVARIANCE_MATRIX>[[4.909862161550114e-06, 2.688308139928646e-06, 2.3376643648699045e-06, 4.014034519791838e-06, 4.489764158194227e-06, 3.7308524950602125e-06], [2.688308139928646e-06, 9.811538833718978e-06, 1.3789434560204066e-05, 1.237086656287713e-05, 1.3421061482078683e-05, 9.366386171805718e-06], [2.3376643648699045e-06, 1.3789434560204066e-05, 4.713880986033256e-05, 4.278196062069042e-05, 4.234704056458614e-05, 2.750790265006242e-05], [4.014034519791838e-06, 1.237086656287713e-05, 4.278196062069042e-05, 5.364674217599265e-05, 4.803620304747435e-05, 3.222534177965942e-05], [4.489764158194227e-06, 1.3421061482078683e-05, 4.234704056458614e-05, 4.803620304747435e-05, 5.8548951021161516e-05, 3.745464664374722e-05], [3.7308524950602125e-06, 9.366386171805718e-06, 2.750790265006242e-05, 3.222534177965942e-05, 3.745464664374722e-05, 3.1916599756028794e-05]]</COVARIANCE_MATRIX>
		<ROI_SIZE>2099</ROI_SIZE>
		<MAX_VALUE>[0.11362744122743607, 0.11292742192745209, 0.10699127614498138, 0.09228629618883133, 0.07050289958715439, 0.0527348667383194]</MAX_VALUE>
		<MIN_VALUE>[0.09700212627649307, 0.09267862886190414, 0.06310175359249115, 0.04656423628330231, 0.021441202610731125, 0.010460667312145233]</MIN_VALUE>
		<SIGNATURE_THRESHOLD_MD>0</SIGNATURE_THRESHOLD_MD>
		<SIGNATURE_THRESHOLD_ML>0</SIGNATURE_THRESHOLD_ML>
		<SIGNATURE_THRESHOLD_SAM>0</SIGNATURE_THRESHOLD_SAM>
	</signature>
	<signature ID="20210521_113226229043_492">
		<MACROCLASSID>1</MACROCLASSID>
		<MACROCLASSINFO>waterbody</MACROCLASSINFO>
		<CLASSID>7</CLASSID>
		<CLASSINFO>C 1</CLASSINFO>
		<VALUES>[0.11463573770597582, 0.0027216957798885067, 0.1412235124140151, 0.004797906510175006, 0.12562061776924474, 0.003163320985234112, 0.05911663205673295, 0.008832123314902351, 0.02355358194585683, 0.008249499276949143, 0.016097226503512085, 0.00636110420812475]</VALUES>
		<LCS_MIN>[0.10392933338880539, 0.11292742192745209, 0.11186788231134415, 0.0496123768389225, 0.011628865264356136, 0.004824106581509113]</LCS_MIN>
		<LCS_MAX>[0.12194010615348816, 0.14763964712619781, 0.1411275714635849, 0.09533442556858063, 0.05676561966538429, 0.044280022382736206]</LCS_MAX>
		<WAVELENGTH>[0.485, 0.56, 0.66, 0.83, 1.65, 2.215]</WAVELENGTH>
		<MEAN_VALUE>[0.11463573770597582, 0.1412235124140151, 0.12562061776924474, 0.05911663205673295, 0.02355358194585683, 0.016097226503512085]</MEAN_VALUE>
		<CHECKBOX>2</CHECKBOX>
		<SD>[0.0027216957798885067, 0.004797906510175006, 0.003163320985234112, 0.008832123314902351, 0.008249499276949143, 0.00636110420812475]</SD>
		<WAVELENGTH_UNIT>E-6m</WAVELENGTH_UNIT>
		<COLOR>#ccc14c</COLOR>
		<COVARIANCE_MATRIX>[[7.417930599651289e-06, 9.081399323967403e-06, 6.037161962664943e-07, -1.4911934209044458e-05, -1.2240790651044522e-05, -8.569424268044845e-06], [9.081399323967403e-06, 2.305192344071385e-05, 4.409740035715705e-06, -3.185347718089126e-05, -2.524959845579986e-05, -1.825503038376975e-05], [6.037161962664943e-07, 4.409740035715705e-06, 1.0020517040400981e-05, -1.3068354271687199e-06, -2.962999410576385e-06, -1.4622926221587303e-06], [-1.4911934209044458e-05, -3.185347718089126e-05, -1.3068354271687199e-06, 7.811489515958547e-05, 6.117903204813885e-05, 4.3394584572022934e-05], [-1.2240790651044522e-05, -2.524959845579986e-05, -2.962999410576385e-06, 6.117903204813885e-05, 6.814888955587873e-05, 4.5238573632575864e-05], [-8.569424268044845e-06, -1.825503038376975e-05, -1.4622926221587303e-06, 4.3394584572022934e-05, 4.5238573632575864e-05, 4.0519924419427124e-05]]</COVARIANCE_MATRIX>
		<ROI_SIZE>720</ROI_SIZE>
		<MAX_VALUE>[0.12194010615348816, 0.14763964712619781, 0.1411275714635849, 0.09533442556858063, 0.05676561966538429, 0.044280022382736206]</MAX_VALUE>
		<MIN_VALUE>[0.10392933338880539, 0.11292742192745209, 0.11186788231134415, 0.0496123768389225, 0.011628865264356136, 0.004824106581509113]</MIN_VALUE>
		<SIGNATURE_THRESHOLD_MD>0</SIGNATURE_THRESHOLD_MD>
		<SIGNATURE_THRESHOLD_ML>0</SIGNATURE_THRESHOLD_ML>
		<SIGNATURE_THRESHOLD_SAM>0</SIGNATURE_THRESHOLD_SAM>
	</signature>
	<signature ID="20210521_113229767352_654">
		<MACROCLASSID>1</MACROCLASSID>
		<MACROCLASSINFO>waterbody</MACROCLASSINFO>
		<CLASSID>8</CLASSID>
		<CLASSINFO>C 1</CLASSINFO>
		<VALUES>[0.10616985236993055, 0.002455992626824679, 0.12519874004647139, 0.005480684807193178, 0.10714366956381133, 0.008478103599895448, 0.053422545926878215, 0.007715006899798583, 0.02731327502988279, 0.0074385357692933534, 0.019069630703597802, 0.005929581265309237]</VALUES>
		<LCS_MIN>[0.09700212627649307, 0.11292742192745209, 0.09479974210262299, 0.04656423628330231, 0.01947873644530773, 0.010460667312145233]</LCS_MIN>
		<LCS_MAX>[0.11224199831485748, 0.14185427129268646, 0.13868926465511322, 0.08314187079668045, 0.052840691059827805, 0.0499165877699852]</LCS_MAX>
		<WAVELENGTH>[0.485, 0.56, 0.66, 0.83, 1.65, 2.215]</WAVELENGTH>
		<MEAN_VALUE>[0.10616985236993055, 0.12519874004647139, 0.10714366956381133, 0.053422545926878215, 0.02731327502988279, 0.019069630703597802]</MEAN_VALUE>
		<CHECKBOX>2</CHECKBOX>
		<SD>[0.002455992626824679, 0.005480684807193178, 0.008478103599895448, 0.007715006899798583, 0.0074385357692933534, 0.005929581265309237]</SD>
		<WAVELENGTH_UNIT>E-6m</WAVELENGTH_UNIT>
		<COLOR>#cf9a48</COLOR>
		<COVARIANCE_MATRIX>[[6.079395056899193e-06, 8.2635495287084e-06, 3.8053943694304908e-06, -4.480712108103804e-06, -3.5191915891500307e-06, -1.3933508067956144e-06], [8.2635495287084e-06, 3.027442490033185e-05, 2.854967587389621e-05, -8.799938784791593e-06, -1.992500777712944e-05, -1.5001374959197408e-05], [3.8053943694304908e-06, 2.854967587389621e-05, 7.244421104938344e-05, 2.7563859203356903e-05, -7.872328772280554e-06, -8.626986431663881e-06], [-4.480712108103804e-06, -8.799938784791593e-06, 2.7563859203356903e-05, 5.999000336523075e-05, 4.094282707206907e-05, 2.7885304904794397e-05], [-3.5191915891500307e-06, -1.992500777712944e-05, -7.872328772280554e-06, 4.094282707206907e-05, 5.5767497968938935e-05, 3.7977523450727844e-05], [-1.3933508067956144e-06, -1.5001374959197408e-05, -8.626986431663881e-06, 2.7885304904794397e-05, 3.7977523450727844e-05, 3.5436783855779585e-05]]</COVARIANCE_MATRIX>
		<ROI_SIZE>128</ROI_SIZE>
		<MAX_VALUE>[0.11224199831485748, 0.14185427129268646, 0.13868926465511322, 0.08314187079668045, 0.052840691059827805, 0.0499165877699852]</MAX_VALUE>
		<MIN_VALUE>[0.09700212627649307, 0.11292742192745209, 0.09479974210262299, 0.04656423628330231, 0.01947873644530773, 0.010460667312145233]</MIN_VALUE>
		<SIGNATURE_THRESHOLD_MD>0</SIGNATURE_THRESHOLD_MD>
		<SIGNATURE_THRESHOLD_ML>0</SIGNATURE_THRESHOLD_ML>
		<SIGNATURE_THRESHOLD_SAM>0</SIGNATURE_THRESHOLD_SAM>
	</signature>
	<signature ID="20210521_113240816927_589">
		<MACROCLASSID>1</MACROCLASSID>
		<MACROCLASSINFO>waterbody</MACROCLASSINFO>
		<CLASSID>9</CLASSID>
		<CLASSINFO>C 1</CLASSINFO>
		<VALUES>[0.0951668107873835, 0.005239021323713153, 0.08041890487938887, 0.008686830282444678, 0.05140179313925313, 0.007245509425221022, 0.04826368918903276, 0.009438573288931619, 0.0307896222826177, 0.009657649737977244, 0.020428980372922588, 0.006437414788960892]</VALUES>
		<LCS_MIN>[0.08591858297586441, 0.06664445251226425, 0.038718678057193756, 0.03437168896198273, 0.01751626841723919, 0.007642387878149748]</LCS_MIN>
		<LCS_MAX>[0.1108565479516983, 0.10714206844568253, 0.08260820060968399, 0.08314187079668045, 0.06461548805236816, 0.0499165877699852]</LCS_MAX>
		<WAVELENGTH>[0.485, 0.56, 0.66, 0.83, 1.65, 2.215]</WAVELENGTH>
		<MEAN_VALUE>[0.0951668107873835, 0.08041890487938887, 0.05140179313925313, 0.04826368918903276, 0.0307896222826177, 0.020428980372922588]</MEAN_VALUE>
		<CHECKBOX>2</CHECKBOX>
		<SD>[0.005239021323713153, 0.008686830282444678, 0.007245509425221022, 0.009438573288931619, 0.009657649737977244, 0.006437414788960892]</SD>
		<WAVELENGTH_UNIT>E-6m</WAVELENGTH_UNIT>
		<COLOR>#181ee2</COLOR>
		<COVARIANCE_MATRIX>[[2.397264094524733e-05, 3.31198777025932e-05, 2.2890833262009996e-05, 1.8893378110124757e-05, 1.937620556352756e-05, 1.311137825147937e-05], [3.31198777025932e-05, 6.047296778537319e-05, 4.4932678290771236e-05, 4.3088116178745306e-05, 4.317415913663835e-05, 2.8477218325509176e-05], [2.2890833262009996e-05, 4.4932678290771236e-05, 4.5623427559296155e-05, 5.269248979171724e-05, 5.1568632963625623e-05, 3.2839960127018514e-05], [1.8893378110124757e-05, 4.3088116178745306e-05, 5.269248979171724e-05, 8.95119392771136e-05, 8.126417435792052e-05, 5.0147870308895006e-05], [1.937620556352756e-05, 4.317415913663835e-05, 5.1568632963625623e-05, 8.126417435792052e-05, 9.598935891287448e-05, 5.568168888684362e-05], [1.311137825147937e-05, 2.8477218325509176e-05, 3.2839960127018514e-05, 5.0147870308895006e-05, 5.568168888684362e-05, 4.1922606855664166e-05]]</COVARIANCE_MATRIX>
		<ROI_SIZE>2110</ROI_SIZE>
		<MAX_VALUE>[0.1108565479516983, 0.10714206844568253, 0.08260820060968399, 0.08314187079668045, 0.06461548805236816, 0.0499165877699852]</MAX_VALUE>
		<MIN_VALUE>[0.08591858297586441, 0.06664445251226425, 0.038718678057193756, 0.03437168896198273, 0.01751626841723919, 0.007642387878149748]</MIN_VALUE>
		<SIGNATURE_THRESHOLD_MD>0</SIGNATURE_THRESHOLD_MD>
		<SIGNATURE_THRESHOLD_ML>0</SIGNATURE_THRESHOLD_ML>
		<SIGNATURE_THRESHOLD_SAM>0</SIGNATURE_THRESHOLD_SAM>
	</signature>
	<signature ID="20210521_113246592079_668">
		<MACROCLASSID>1</MACROCLASSID>
		<MACROCLASSINFO>waterbody</MACROCLASSINFO>
		<CLASSID>10</CLASSID>
		<CLASSINFO>C 1</CLASSINFO>
		<VALUES>[0.11217558035537714, 0.008461095742001996, 0.12101916236923572, 0.016899234755380906, 0.08901875822031778, 0.01810679219882929, 0.05077625469588958, 0.00971200248540489, 0.029964486290555856, 0.009069726672826166, 0.02011013450805969, 0.005987329542345608]</VALUES>
		<LCS_MIN>[0.09700212627649307, 0.08978594094514847, 0.05822513997554779, 0.03437168896198273, 0.009666397236287594, 0.007642387878149748]</LCS_MIN>
		<LCS_MAX>[0.1274818629026413, 0.14763964712619781, 0.1167445108294487, 0.08619001507759094, 0.060690559446811676, 0.044280022382736206]</LCS_MAX>
		<WAVELENGTH>[0.485, 0.56, 0.66, 0.83, 1.65, 2.215]</WAVELENGTH>
		<MEAN_VALUE>[0.11217558035537714, 0.12101916236923572, 0.08901875822031778, 0.05077625469588958, 0.029964486290555856, 0.02011013450805969]</MEAN_VALUE>
		<CHECKBOX>2</CHECKBOX>
		<SD>[0.008461095742001996, 0.016899234755380906, 0.01810679219882929, 0.00971200248540489, 0.009069726672826166, 0.005987329542345608]</SD>
		<WAVELENGTH_UNIT>E-6m</WAVELENGTH_UNIT>
		<COLOR>#ed2a43</COLOR>
		<COVARIANCE_MATRIX>[[7.165040221690329e-05, 0.00013592099408105262, 0.00014019800380391843, 3.78037596769505e-05, 7.684213154520564e-06, 3.155745664945857e-06], [0.00013592099408105262, 0.0002858245260037693, 0.00029698241284112196, 7.766362904631351e-05, 1.411887076280553e-05, 4.770356880035019e-06], [0.00014019800380391843, 0.00029698241284112196, 0.00032813189673136007, 0.0001070574705221725, 3.788737616363586e-05, 1.969539767474338e-05], [3.78037596769505e-05, 7.766362904631351e-05, 0.0001070574705221725, 9.44023887346564e-05, 6.708561733976938e-05, 3.9991795534654466e-05], [7.684213154520564e-06, 1.411887076280553e-05, 3.788737616363586e-05, 6.708561733976938e-05, 8.232918429512768e-05, 4.690483289947578e-05], [3.155745664945857e-06, 4.770356880035019e-06, 1.969539767474338e-05, 3.9991795534654466e-05, 4.690483289947578e-05, 3.587829022966182e-05]]</COVARIANCE_MATRIX>
		<ROI_SIZE>1189</ROI_SIZE>
		<MAX_VALUE>[0.1274818629026413, 0.14763964712619781, 0.1167445108294487, 0.08619001507759094, 0.060690559446811676, 0.044280022382736206]</MAX_VALUE>
		<MIN_VALUE>[0.09700212627649307, 0.08978594094514847, 0.05822513997554779, 0.03437168896198273, 0.009666397236287594, 0.007642387878149748]</MIN_VALUE>
		<SIGNATURE_THRESHOLD_MD>0</SIGNATURE_THRESHOLD_MD>
		<SIGNATURE_THRESHOLD_ML>0</SIGNATURE_THRESHOLD_ML>
		<SIGNATURE_THRESHOLD_SAM>0</SIGNATURE_THRESHOLD_SAM>
	</signature>
	<signature ID="20210521_113252057521_319">
		<MACROCLASSID>1</MACROCLASSID>
		<MACROCLASSINFO>waterbody</MACROCLASSINFO>
		<CLASSID>11</CLASSID>
		<CLASSINFO>C 1</CLASSINFO>
		<VALUES>[0.10470712694682567, 0.0037068031749533437, 0.09777888953032197, 0.005751047690133818, 0.07410621492747672, 0.006780193681324923, 0.06620332788218526, 0.009773943693820963, 0.049234221558691116, 0.010528977462980635, 0.03482395400734323, 0.008790616077490187]</VALUES>
		<LCS_MIN>[0.09561668336391449, 0.08689325302839279, 0.06066344678401947, 0.052660513669252396, 0.03321600705385208, 0.021733786910772324]</LCS_MIN>
		<LCS_MAX>[0.11362744122743607, 0.11292742192745209, 0.09479974210262299, 0.09533442556858063, 0.07835276424884796, 0.06118971109390259]</LCS_MAX>
		<WAVELENGTH>[0.485, 0.56, 0.66, 0.83, 1.65, 2.215]</WAVELENGTH>
		<MEAN_VALUE>[0.10470712694682567, 0.09777888953032197, 0.07410621492747672, 0.06620332788218526, 0.049234221558691116, 0.03482395400734323]</MEAN_VALUE>
		<CHECKBOX>2</CHECKBOX>
		<SD>[0.0037068031749533437, 0.005751047690133818, 0.006780193681324923, 0.009773943693820963, 0.010528977462980635, 0.008790616077490187]</SD>
		<WAVELENGTH_UNIT>E-6m</WAVELENGTH_UNIT>
		<COLOR>#088c47</COLOR>
		<COVARIANCE_MATRIX>[[1.3800920129288468e-05, 1.8154739185284907e-05, 2.1478892153462214e-05, 2.2181032980685033e-05, 1.4962584923166772e-05, 1.036297667831606e-05], [1.8154739185284907e-05, 3.322025239557767e-05, 3.4107623717203086e-05, 3.0022382370922405e-05, 1.8599991318220314e-05, 1.105478989952066e-05], [2.1478892153462214e-05, 3.4107623717203086e-05, 4.6173541890887536e-05, 5.118036435183548e-05, 4.0810624477340265e-05, 2.814016129822394e-05], [2.2181032980685033e-05, 3.0022382370922405e-05, 5.118036435183548e-05, 9.595081222570961e-05, 8.811031467884825e-05, 6.584341736071471e-05], [1.4962584923166772e-05, 1.8599991318220314e-05, 4.0810624477340265e-05, 8.811031467884825e-05, 0.00011134773366888781, 8.284345141555995e-05], [1.036297667831606e-05, 1.105478989952066e-05, 2.814016129822394e-05, 6.584341736071471e-05, 8.284345141555995e-05, 7.761534922016304e-05]]</COVARIANCE_MATRIX>
		<ROI_SIZE>228</ROI_SIZE>
		<MAX_VALUE>[0.11362744122743607, 0.11292742192745209, 0.09479974210262299, 0.09533442556858063, 0.07835276424884796, 0.06118971109390259]</MAX_VALUE>
		<MIN_VALUE>[0.09561668336391449, 0.08689325302839279, 0.06066344678401947, 0.052660513669252396, 0.03321600705385208, 0.021733786910772324]</MIN_VALUE>
		<SIGNATURE_THRESHOLD_MD>0</SIGNATURE_THRESHOLD_MD>
		<SIGNATURE_THRESHOLD_ML>0</SIGNATURE_THRESHOLD_ML>
		<SIGNATURE_THRESHOLD_SAM>0</SIGNATURE_THRESHOLD_SAM>
	</signature>
	<signature ID="20210521_113258995530_269">
		<MACROCLASSID>1</MACROCLASSID>
		<MACROCLASSINFO>waterbody</MACROCLASSINFO>
		<CLASSID>12</CLASSID>
		<CLASSINFO>C 1</CLASSINFO>
		<VALUES>[0.11495579851033103, 0.002467949836204799, 0.12689081160866436, 0.0052329806311675175, 0.12235138656655749, 0.008594078212245171, 0.07456114246093447, 0.008641973441302145, 0.027466670025944974, 0.007652896833669664, 0.018584110516231125, 0.005808996818147787]</VALUES>
		<LCS_MIN>[0.10115845501422882, 0.10714206844568253, 0.09479974210262299, 0.055708643049001694, 0.015553799457848072, 0.007642387878149748]</LCS_MIN>
		<LCS_MAX>[0.12332554906606674, 0.13896159827709198, 0.13868926465511322, 0.1105751097202301, 0.06265302747488022, 0.0499165877699852]</LCS_MAX>
		<WAVELENGTH>[0.485, 0.56, 0.66, 0.83, 1.65, 2.215]</WAVELENGTH>
		<MEAN_VALUE>[0.11495579851033103, 0.12689081160866436, 0.12235138656655749, 0.07456114246093447, 0.027466670025944974, 0.018584110516231125]</MEAN_VALUE>
		<CHECKBOX>2</CHECKBOX>
		<SD>[0.002467949836204799, 0.0052329806311675175, 0.008594078212245171, 0.008641973441302145, 0.007652896833669664, 0.005808996818147787]</SD>
		<WAVELENGTH_UNIT>E-6m</WAVELENGTH_UNIT>
		<COLOR>#6ce8ae</COLOR>
		<COVARIANCE_MATRIX>[[6.584970178862718e-06, 8.236921404849555e-06, 1.1880106433166818e-05, -1.318284869516958e-06, -2.244690309980255e-06, -9.522940847427017e-07], [8.236921404849555e-06, 2.8872632115037933e-05, 4.177960976654185e-05, -7.307041025252126e-07, -1.6015475159674368e-05, -1.1334487670312463e-05], [1.1880106433166818e-05, 4.177960976654185e-05, 7.389985101866972e-05, 1.1392642610835875e-05, -1.9212736353224938e-05, -1.4008468682855865e-05], [-1.318284869516958e-06, -7.307041025252126e-07, 1.1392642610835875e-05, 6.731955138233245e-05, 4.114661896131617e-05, 2.7039527870231518e-05], [-2.244690309980255e-06, -1.6015475159674368e-05, -1.9212736353224938e-05, 4.114661896131617e-05, 5.7981182577028304e-05, 3.7929431234392835e-05], [-9.522940847427017e-07, -1.1334487670312463e-05, -1.4008468682855865e-05, 2.7039527870231518e-05, 3.7929431234392835e-05, 3.365174784836478e-05]]</COVARIANCE_MATRIX>
		<ROI_SIZE>1629</ROI_SIZE>
		<MAX_VALUE>[0.12332554906606674, 0.13896159827709198, 0.13868926465511322, 0.1105751097202301, 0.06265302747488022, 0.0499165877699852]</MAX_VALUE>
		<MIN_VALUE>[0.10115845501422882, 0.10714206844568253, 0.09479974210262299, 0.055708643049001694, 0.015553799457848072, 0.007642387878149748]</MIN_VALUE>
		<SIGNATURE_THRESHOLD_MD>0</SIGNATURE_THRESHOLD_MD>
		<SIGNATURE_THRESHOLD_ML>0</SIGNATURE_THRESHOLD_ML>
		<SIGNATURE_THRESHOLD_SAM>0</SIGNATURE_THRESHOLD_SAM>
	</signature>
	<signature ID="20210521_113307143019_584">
		<MACROCLASSID>1</MACROCLASSID>
		<MACROCLASSINFO>waterbody</MACROCLASSINFO>
		<CLASSID>13</CLASSID>
		<CLASSINFO>C 1</CLASSINFO>
		<VALUES>[0.1089823282076784, 0.00629825310780686, 0.09507864322105465, 0.006949359448226661, 0.08031228092247551, 0.008855050230664754, 0.09334683244245766, 0.017778146013885967, 0.06807249408314986, 0.015182902142436344, 0.049902869755551714, 0.011293664300282884]</VALUES>
		<LCS_MIN>[0.09561668336391449, 0.08110788464546204, 0.06554006040096283, 0.06485305726528168, 0.04106587916612625, 0.02737034671008587]</LCS_MIN>
		<LCS_MAX>[0.12471099942922592, 0.11292742192745209, 0.11186788231134415, 0.13800834119319916, 0.1077897846698761, 0.08655422925949097]</LCS_MAX>
		<WAVELENGTH>[0.485, 0.56, 0.66, 0.83, 1.65, 2.215]</WAVELENGTH>
		<MEAN_VALUE>[0.1089823282076784, 0.09507864322105465, 0.08031228092247551, 0.09334683244245766, 0.06807249408314986, 0.049902869755551714]</MEAN_VALUE>
		<CHECKBOX>2</CHECKBOX>
		<SD>[0.00629825310780686, 0.006949359448226661, 0.008855050230664754, 0.017778146013885967, 0.015182902142436344, 0.011293664300282884]</SD>
		<WAVELENGTH_UNIT>E-6m</WAVELENGTH_UNIT>
		<COLOR>#37afe2</COLOR>
		<COVARIANCE_MATRIX>[[3.976474341051114e-05, 3.868170715224597e-05, 4.01789495528644e-05, 5.558372174459785e-05, 5.6940328563499345e-05, 4.5191028501525136e-05], [3.868170715224597e-05, 4.841138600100033e-05, 5.4724436171013315e-05, 8.809462763301525e-05, 7.831646359505481e-05, 5.890921172439333e-05], [4.01789495528644e-05, 5.4724436171013315e-05, 7.860316315976069e-05, 0.00013859682941344642, 0.00011578447306679933, 8.343603583905422e-05], [5.558372174459785e-05, 8.809462763301525e-05, 0.00013859682941344642, 0.00031683335977810085, 0.00023629989476490977, 0.0001639674677159333], [5.6940328563499345e-05, 7.831646359505481e-05, 0.00011578447306679933, 0.00023629989476490977, 0.00023108276263135156, 0.00016249070264292626], [4.5191028501525136e-05, 5.890921172439333e-05, 8.343603583905422e-05, 0.0001639674677159333, 0.00016249070264292626, 0.0001278579432136488]]</COVARIANCE_MATRIX>
		<ROI_SIZE>411</ROI_SIZE>
		<MAX_VALUE>[0.12471099942922592, 0.11292742192745209, 0.11186788231134415, 0.13800834119319916, 0.1077897846698761, 0.08655422925949097]</MAX_VALUE>
		<MIN_VALUE>[0.09561668336391449, 0.08110788464546204, 0.06554006040096283, 0.06485305726528168, 0.04106587916612625, 0.02737034671008587]</MIN_VALUE>
		<SIGNATURE_THRESHOLD_MD>0</SIGNATURE_THRESHOLD_MD>
		<SIGNATURE_THRESHOLD_ML>0</SIGNATURE_THRESHOLD_ML>
		<SIGNATURE_THRESHOLD_SAM>0</SIGNATURE_THRESHOLD_SAM>
	</signature>
	<signature ID="20210521_113323208006_248">
		<MACROCLASSID>1</MACROCLASSID>
		<MACROCLASSINFO>waterbody</MACROCLASSINFO>
		<CLASSID>14</CLASSID>
		<CLASSINFO>C 1</CLASSINFO>
		<VALUES>[0.11159639661105311, 0.003795195854377475, 0.10044165217906846, 0.004103314955598516, 0.0871903946635877, 0.005891155048350737, 0.09554696489809722, 0.014397328456266829, 0.06287330290822148, 0.010212234422415268, 0.04820548419897653, 0.008198730000412968]</VALUES>
		<LCS_MIN>[0.1025438979268074, 0.09267862886190414, 0.07773159444332123, 0.07704560458660126, 0.04695328325033188, 0.033006906509399414]</LCS_MIN>
		<LCS_MAX>[0.1260964423418045, 0.11871279776096344, 0.11430619657039642, 0.12886393070220947, 0.09012757986783981, 0.07528109848499298]</LCS_MAX>
		<WAVELENGTH>[0.485, 0.56, 0.66, 0.83, 1.65, 2.215]</WAVELENGTH>
		<MEAN_VALUE>[0.11159639661105311, 0.10044165217906846, 0.0871903946635877, 0.09554696489809722, 0.06287330290822148, 0.04820548419897653]</MEAN_VALUE>
		<CHECKBOX>2</CHECKBOX>
		<SD>[0.003795195854377475, 0.004103314955598516, 0.005891155048350737, 0.014397328456266829, 0.010212234422415268, 0.008198730000412968]</SD>
		<WAVELENGTH_UNIT>E-6m</WAVELENGTH_UNIT>
		<COLOR>#7764fa</COLOR>
		<COVARIANCE_MATRIX>[[1.5447521655599583e-05, 1.3532857393355493e-05, 1.353334993407637e-05, 1.2151963559176187e-05, 1.0348105184406403e-05, 9.310130749648939e-06], [1.3532857393355493e-05, 1.83410479339178e-05, 1.7398128341683247e-05, 1.6568438914426232e-05, 1.3455928050822943e-05, 1.1506126896852858e-05], [1.353334993407637e-05, 1.7398128341683247e-05, 3.31855325149095e-05, 6.002188994755831e-05, 4.157427735154353e-05, 3.355349882876551e-05], [1.2151963559176187e-05, 1.6568438914426232e-05, 6.002188994755831e-05, 0.00018863170142387631, 0.00012512870048923504, 9.52242864871817e-05], [1.0348105184406403e-05, 1.3455928050822943e-05, 4.157427735154353e-05, 0.00012512870048923504, 9.607671753317663e-05, 6.925319666263592e-05], [9.310130749648939e-06, 1.1506126896852858e-05, 3.355349882876551e-05, 9.52242864871817e-05, 6.925319666263592e-05, 6.028677185571712e-05]]</COVARIANCE_MATRIX>
		<ROI_SIZE>1155</ROI_SIZE>
		<MAX_VALUE>[0.1260964423418045, 0.11871279776096344, 0.11430619657039642, 0.12886393070220947, 0.09012757986783981, 0.07528109848499298]</MAX_VALUE>
		<MIN_VALUE>[0.1025438979268074, 0.09267862886190414, 0.07773159444332123, 0.07704560458660126, 0.04695328325033188, 0.033006906509399414]</MIN_VALUE>
		<SIGNATURE_THRESHOLD_MD>0</SIGNATURE_THRESHOLD_MD>
		<SIGNATURE_THRESHOLD_ML>0</SIGNATURE_THRESHOLD_ML>
		<SIGNATURE_THRESHOLD_SAM>0</SIGNATURE_THRESHOLD_SAM>
	</signature>
	<signature ID="20210521_113329288341_489">
		<MACROCLASSID>1</MACROCLASSID>
		<MACROCLASSINFO>waterbody</MACROCLASSINFO>
		<CLASSID>15</CLASSID>
		<CLASSINFO>C 1</CLASSINFO>
		<VALUES>[0.1287896295434962, 0.0026097329117755292, 0.11856411261675508, 0.0034274377629676307, 0.10476945619159767, 0.00751224666037423, 0.12681284435441564, 0.013766540147339693, 0.08968739671127816, 0.010839938971107634, 0.06664189113147347, 0.007884889176990803]</VALUES>
		<LCS_MIN>[0.12332554906606674, 0.11003474146127701, 0.09479974210262299, 0.1105751097202301, 0.07639029622077942, 0.0555531345307827]</LCS_MIN>
		<LCS_MAX>[0.13717998564243317, 0.13028351962566376, 0.12649773061275482, 0.15934529900550842, 0.11760212481021881, 0.09219078719615936]</LCS_MAX>
		<WAVELENGTH>[0.485, 0.56, 0.66, 0.83, 1.65, 2.215]</WAVELENGTH>
		<MEAN_VALUE>[0.1287896295434962, 0.11856411261675508, 0.10476945619159767, 0.12681284435441564, 0.08968739671127816, 0.06664189113147347]</MEAN_VALUE>
		<CHECKBOX>2</CHECKBOX>
		<SD>[0.0026097329117755292, 0.0034274377629676307, 0.00751224666037423, 0.013766540147339693, 0.010839938971107634, 0.007884889176990803]</SD>
		<WAVELENGTH_UNIT>E-6m</WAVELENGTH_UNIT>
		<COLOR>#4dd51f</COLOR>
		<COVARIANCE_MATRIX>[[6.842681015737736e-06, 5.068515657537162e-06, 9.088684718735522e-06, 1.6038046694136196e-05, 1.2947362096347231e-05, 8.9679392817894e-06], [5.068515657537162e-06, 1.1802481401265439e-05, 2.029804337444682e-05, 3.5004225029629234e-05, 2.706565279132163e-05, 1.910955351385857e-05], [9.088684718735522e-06, 2.029804337444682e-05, 5.669879753835206e-05, 9.856632171829365e-05, 7.521954389127189e-05, 5.127233854106789e-05], [1.6038046694136196e-05, 3.5004225029629234e-05, 9.856632171829365e-05, 0.00019040738174863625, 0.00014226465709158909, 9.657578177054884e-05], [1.2947362096347231e-05, 2.706565279132163e-05, 7.521954389127189e-05, 0.00014226465709158909, 0.00011805594016915633, 7.919304301255638e-05], [8.9679392817894e-06, 1.910955351385857e-05, 5.127233854106789e-05, 9.657578177054884e-05, 7.919304301255638e-05, 6.246336220353657e-05]]</COVARIANCE_MATRIX>
		<ROI_SIZE>214</ROI_SIZE>
		<MAX_VALUE>[0.13717998564243317, 0.13028351962566376, 0.12649773061275482, 0.15934529900550842, 0.11760212481021881, 0.09219078719615936]</MAX_VALUE>
		<MIN_VALUE>[0.12332554906606674, 0.11003474146127701, 0.09479974210262299, 0.1105751097202301, 0.07639029622077942, 0.0555531345307827]</MIN_VALUE>
		<SIGNATURE_THRESHOLD_MD>0</SIGNATURE_THRESHOLD_MD>
		<SIGNATURE_THRESHOLD_ML>0</SIGNATURE_THRESHOLD_ML>
		<SIGNATURE_THRESHOLD_SAM>0</SIGNATURE_THRESHOLD_SAM>
	</signature>
	<signature ID="20210521_113335596311_713">
		<MACROCLASSID>1</MACROCLASSID>
		<MACROCLASSINFO>waterbody</MACROCLASSINFO>
		<CLASSID>16</CLASSID>
		<CLASSINFO>C 1</CLASSINFO>
		<VALUES>[0.1046253247362263, 0.004414093226502712, 0.0989893246442079, 0.00699734386305525, 0.07190610942834963, 0.007663896045668235, 0.0599717254363844, 0.009984813537613027, 0.03880719121826707, 0.010775185932148594, 0.026699010201483814, 0.007880233163366904]</VALUES>
		<LCS_MIN>[0.09561668336391449, 0.08400058001279831, 0.05822513997554779, 0.04351610317826271, 0.021441202610731125, 0.013278947211802006]</LCS_MIN>
