<?xml version="1.0" ?>
<signaturelist MCID_LIST="[['1', 'waterbody', '#0000ff'], ['2', 'vegetation', '#00ff00'], ['3', 'bareland', '#ffaa00'], ['4', 'built-up', '#ff0000']]">
	<signature ID="20220209_161705064026_845">
		<MACROCLASSID>1</MACROCLASSID>
		<MACROCLASSINFO>waterbody</MACROCLASSINFO>
		<CLASSID>1</CLASSID>
		<CLASSINFO>C 1</CLASSINFO>
		<VALUES>[0.10388348823544968, 0.002772046360316868, 0.11762173361417766, 0.0044820779263607365, 0.09029277242870659, 0.0030119378792697856, 0.038337970124275325, 0.006093324592692892, 0.009212692022574073, 0.004245181012202596, 0.006122692926749214, 0.003184298929601841]</VALUES>
		<LCS_MIN>[0.09267203509807587, 0.09631610661745071, 0.07546353340148926, 0.03138885274529457, 0.0, 0.0]</LCS_MIN>
		<LCS_MAX>[0.11019908636808395, 0.12563425302505493, 0.0971178486943245, 0.08552917093038559, 0.0543019101023674, 0.03351272642612457]</LCS_MAX>
		<WAVELENGTH>[0.485, 0.56, 0.66, 0.83, 1.65, 2.215]</WAVELENGTH>
		<MEAN_VALUE>[0.10388348823544968, 0.11762173361417766, 0.09029277242870659, 0.038337970124275325, 0.009212692022574073, 0.006122692926749214]</MEAN_VALUE>
		<CHECKBOX>2</CHECKBOX>
		<SD>[0.002772046360316868, 0.0044820779263607365, 0.0030119378792697856, 0.006093324592692892, 0.004245181012202596, 0.003184298929601841]</SD>
		<WAVELENGTH_UNIT>E-6m</WAVELENGTH_UNIT>
		<COLOR>#280b0b</COLOR>
		<COVARIANCE_MATRIX>[[7.321120392589364e-06, 9.103346201300155e-06, -9.176459911941492e-07, -9.607523679733276e-06, -5.227946985542076e-06, -2.4394566935370676e-06], [9.103346201300155e-06, 2.0474239136092365e-05, 1.498850394909823e-07, -1.8626380551722832e-05, -1.0572169230727013e-05, -5.2255004447943065e-06], [-9.176459911941492e-07, 1.498850394909823e-07, 8.765578058955725e-06, -2.0542988750094082e-06, -1.805565716495039e-06, -1.1581140597627382e-06], [-9.607523679733276e-06, -1.8626380551722832e-05, -2.0542988750094082e-06, 3.311986438347958e-05, 1.6646567019051872e-05, 8.779090421739966e-06], [-5.227946985542076e-06, -1.0572169230727013e-05, -1.805565716495039e-06, 1.6646567019051872e-05, 1.4657845895271748e-05, 6.107697117840871e-06], [-2.4394566935370676e-06, -5.2255004447943065e-06, -1.1581140597627382e-06, 8.779090421739966e-06, 6.107697117840871e-06, 8.862009053700604e-06]]</COVARIANCE_MATRIX>
		<ROI_SIZE>2995</ROI_SIZE>
		<MAX_VALUE>[0.11019908636808395, 0.12563425302505493, 0.0971178486943245, 0.08552917093038559, 0.0543019101023674, 0.03351272642612457]</MAX_VALUE>
		<MIN_VALUE>[0.09267203509807587, 0.09631610661745071, 0.07546353340148926, 0.03138885274529457, 0.0, 0.0]</MIN_VALUE>
		<SIGNATURE_THRESHOLD_MD>0.0</SIGNATURE_THRESHOLD_MD>
		<SIGNATURE_THRESHOLD_ML>0.0</SIGNATURE_THRESHOLD_ML>
		<SIGNATURE_THRESHOLD_SAM>0.0</SIGNATURE_THRESHOLD_SAM>
	</signature>
	<signature ID="20220209_161710969207_526">
		<MACROCLASSID>1</MACROCLASSID>
		<MACROCLASSINFO>waterbody</MACROCLASSINFO>
		<CLASSID>2</CLASSID>
		<CLASSINFO>C 1</CLASSINFO>
		<VALUES>[0.10967028606637397, 0.0018225164087096596, 0.12453176604838494, 0.0028575351959378324, 0.0893668249461186, 0.0022430002982268384, 0.035484688372033016, 0.005822022923880583, 0.008095727731690022, 0.0042204067003584035, 0.0054867816077100815, 0.0031566813015592426]</VALUES>
		<LCS_MIN>[0.0967167466878891, 0.09631610661745071, 0.07275673747062683, 0.028005078434944153, 0.0, 0.0]</LCS_MIN>
		<LCS_MAX>[0.11559201031923294, 0.13149787485599518, 0.0971178486943245, 0.08214540034532547, 0.04994479939341545, 0.030384119600057602]</LCS_MAX>
		<WAVELENGTH>[0.485, 0.56, 0.66, 0.83, 1.65, 2.215]</WAVELENGTH>
		<MEAN_VALUE>[0.10967028606637397, 0.12453176604838494, 0.0893668249461186, 0.035484688372033016, 0.008095727731690022, 0.0054867816077100815]</MEAN_VALUE>
		<CHECKBOX>2</CHECKBOX>
		<SD>[0.0018225164087096596, 0.0028575351959378324, 0.0022430002982268384, 0.005822022923880583, 0.0042204067003584035, 0.0031566813015592426]</SD>
		<WAVELENGTH_UNIT>E-6m</WAVELENGTH_UNIT>
		<COLOR>#b87434</COLOR>
		<COVARIANCE_MATRIX>[[3.779250619118102e-06, 3.306393864477286e-06, 5.97474240748852e-07, -6.203233624546556e-06, -4.037074177176692e-06, -2.019867451963364e-06], [3.306393864477286e-06, 9.3419612312573e-06, 2.046100235020276e-06, -1.275194972549798e-05, -8.553887710149866e-06, -4.608722520060837e-06], [5.97474240748852e-07, 2.046100235020276e-06, 5.5828072618169244e-06, -3.2716702662582975e-06, -2.163059434678871e-06, -1.3089842241242877e-06], [-6.203233624546556e-06, -1.275194972549798e-05, -3.2716702662582975e-06, 3.316135553177446e-05, 1.921194780152291e-05, 1.0162236321775708e-05], [-4.037074177176692e-06, -8.553887710149866e-06, -2.163059434678871e-06, 1.921194780152291e-05, 1.724386675050482e-05, 7.786314199620392e-06], [-2.019867451963364e-06, -4.608722520060837e-06, -1.3089842241242877e-06, 1.0162236321775708e-05, 7.786314199620392e-06, 1.0139320693269838e-05]]</COVARIANCE_MATRIX>
		<ROI_SIZE>13594</ROI_SIZE>
		<MAX_VALUE>[0.11559201031923294, 0.13149787485599518, 0.0971178486943245, 0.08214540034532547, 0.04994479939341545, 0.030384119600057602]</MAX_VALUE>
		<MIN_VALUE>[0.0967167466878891, 0.09631610661745071, 0.07275673747062683, 0.028005078434944153, 0.0, 0.0]</MIN_VALUE>
		<SIGNATURE_THRESHOLD_MD>0.0</SIGNATURE_THRESHOLD_MD>
		<SIGNATURE_THRESHOLD_ML>0.0</SIGNATURE_THRESHOLD_ML>
		<SIGNATURE_THRESHOLD_SAM>0.0</SIGNATURE_THRESHOLD_SAM>
	</signature>
	<signature ID="20220209_161725538955_452">
		<MACROCLASSID>1</MACROCLASSID>
		<MACROCLASSINFO>waterbody</MACROCLASSINFO>
		<CLASSID>3</CLASSID>
		<CLASSINFO>C 1</CLASSINFO>
		<VALUES>[0.10262626705817278, 0.003241952821412686, 0.11225403428347065, 0.005121049022111718, 0.08860573738118745, 0.010434447238147404, 0.037257029957256646, 0.01166086835411257, 0.006946340162860335, 0.0031698937066481684, 0.004943411594606961, 0.0027278095795790704]</VALUES>
		<LCS_MIN>[0.08458263427019119, 0.07579341530799866, 0.06463636457920074, 0.02462131343781948, 0.0, 0.0]</LCS_MIN>
		<LCS_MAX>[0.11424378305673599, 0.12856605648994446, 0.12147895991802216, 0.09568048268556595, 0.045587681233882904, 0.02725551649928093]</LCS_MAX>
		<WAVELENGTH>[0.485, 0.56, 0.66, 0.83, 1.65, 2.215]</WAVELENGTH>
		<MEAN_VALUE>[0.10262626705817278, 0.11225403428347065, 0.08860573738118745, 0.037257029957256646, 0.006946340162860335, 0.004943411594606961]</MEAN_VALUE>
		<CHECKBOX>2</CHECKBOX>
		<SD>[0.003241952821412686, 0.005121049022111718, 0.010434447238147404, 0.01166086835411257, 0.0031698937066481684, 0.0027278095795790704]</SD>
		<WAVELENGTH_UNIT>E-6m</WAVELENGTH_UNIT>
		<COLOR>#f0b88b</COLOR>
		<COVARIANCE_MATRIX>[[8.910134965844918e-06, 1.0488056432222947e-05, 5.593235073320102e-06, -9.799821782507934e-06, -3.6059525427845074e-06, -1.5011511322882143e-06], [1.0488056432222947e-05, 2.2075497327023186e-05, 1.086517204385018e-05, -1.8993539924849756e-05, -7.372928394033806e-06, -3.3460414670116734e-06], [5.593235073320102e-06, 1.086517204385018e-05, 0.00010593565821181983, 8.594238170189783e-05, 5.852541562489932e-06, 1.7068189208657714e-06], [-9.799821782507934e-06, -1.8993539924849756e-05, 8.594238170189783e-05, 0.00014568815822713077, 2.5638029910624027e-05, 1.0931402357527986e-05], [-3.6059525427845074e-06, -7.372928394033806e-06, 5.852541562489932e-06, 2.5638029910624027e-05, 1.1375667781976517e-05, 4.00421640733839e-06], [-1.5011511322882143e-06, -3.3460414670116734e-06, 1.7068189208657714e-06, 1.0931402357527986e-05, 4.00421640733839e-06, 7.42832799005555e-06]]</COVARIANCE_MATRIX>
		<ROI_SIZE>44777</ROI_SIZE>
		<MAX_VALUE>[0.11424378305673599, 0.12856605648994446, 0.12147895991802216, 0.09568048268556595, 0.045587681233882904, 0.02725551649928093]</MAX_VALUE>
		<MIN_VALUE>[0.08458263427019119, 0.07579341530799866, 0.06463636457920074, 0.02462131343781948, 0.0, 0.0]</MIN_VALUE>
		<SIGNATURE_THRESHOLD_MD>0.0</SIGNATURE_THRESHOLD_MD>
		<SIGNATURE_THRESHOLD_ML>0.0</SIGNATURE_THRESHOLD_ML>
		<SIGNATURE_THRESHOLD_SAM>0.0</SIGNATURE_THRESHOLD_SAM>
	</signature>
	<signature ID="20220209_161731523916_787">
		<MACROCLASSID>1</MACROCLASSID>
		<MACROCLASSINFO>waterbody</MACROCLASSINFO>
		<CLASSID>4</CLASSID>
		<CLASSINFO>C 1</CLASSINFO>
		<VALUES>[0.10447255258243936, 0.0037392501608511327, 0.11423507723692955, 0.005617845237466198, 0.0814840906970475, 0.006057599452315507, 0.03082727163593412, 0.003573943143542389, 0.00627118268514048, 0.0021102239383974626, 0.004684321258155362, 0.002449495212127768]</VALUES>
		<LCS_MIN>[0.08997556567192078, 0.08458886295557022, 0.06463636457920074, 0.02462131343781948, 0.0, 0.0]</LCS_MIN>
		<LCS_MAX>[0.11559201031923294, 0.12856605648994446, 0.11335860937833786, 0.07876162976026535, 0.032516345381736755, 0.030384119600057602]</LCS_MAX>
		<WAVELENGTH>[0.485, 0.56, 0.66, 0.83, 1.65, 2.215]</WAVELENGTH>
		<MEAN_VALUE>[0.10447255258243936, 0.11423507723692955, 0.0814840906970475, 0.03082727163593412, 0.00627118268514048, 0.004684321258155362]</MEAN_VALUE>
		<CHECKBOX>2</CHECKBOX>
		<SD>[0.0037392501608511327, 0.005617845237466198, 0.006057599452315507, 0.003573943143542389, 0.0021102239383974626, 0.002449495212127768]</SD>
		<WAVELENGTH_UNIT>E-6m</WAVELENGTH_UNIT>
		<COLOR>#992264</COLOR>
		<COVARIANCE_MATRIX>[[1.4853823813609779e-05, 1.8775437638396397e-05, 1.5522833564318717e-05, -1.9879084902640898e-06, -1.2481659723562188e-06, -3.722566361830104e-07], [1.8775437638396397e-05, 3.255715637351386e-05, 2.419160409772303e-05, -1.8892768594014342e-06, -1.87679108876182e-06, -6.660085887233436e-07], [1.5522833564318717e-05, 2.419160409772303e-05, 4.0132585127139464e-05, 1.0493719855730888e-05, 9.34423610488011e-07, 4.480425843667035e-07], [-1.9879084902640898e-06, -1.8892768594014342e-06, 1.0493719855730888e-05, 1.931173937919084e-05, 5.06216611029231e-06, 2.1888331502850633e-06], [-1.2481659723562188e-06, -1.87679108876182e-06, 9.34423610488011e-07, 5.06216611029231e-06, 4.774234184878878e-06, 1.017243789647182e-06], [-3.722566361830104e-07, -6.660085887233436e-07, 4.480425843667035e-07, 2.1888331502850633e-06, 1.017243789647182e-06, 6.039883373887278e-06]]</COVARIANCE_MATRIX>
		<ROI_SIZE>49921</ROI_SIZE>
		<MAX_VALUE>[0.11559201031923294, 0.12856605648994446, 0.11335860937833786, 0.07876162976026535, 0.032516345381736755, 0.030384119600057602]</MAX_VALUE>
		<MIN_VALUE>[0.08997556567192078, 0.08458886295557022, 0.06463636457920074, 0.02462131343781948, 0.0, 0.0]</MIN_VALUE>
		<SIGNATURE_THRESHOLD_MD>0.0</SIGNATURE_THRESHOLD_MD>
		<SIGNATURE_THRESHOLD_ML>0.0</SIGNATURE_THRESHOLD_ML>
		<SIGNATURE_THRESHOLD_SAM>0.0</SIGNATURE_THRESHOLD_SAM>
	</signature>
	<signature ID="20220209_161747497728_518">
		<MACROCLASSID>1</MACROCLASSID>
		<MACROCLASSINFO>waterbody</MACROCLASSINFO>
		<CLASSID>5</CLASSID>
		<CLASSINFO>C 1</CLASSINFO>
		<VALUES>[0.11668265316854569, 0.0035574113290295513, 0.13126850600144807, 0.00615951256460186, 0.10781980286578226, 0.007553104856887344, 0.03968842295374977, 0.004341275226277791, 0.006823621053078275, 0.0029938021599580813, 0.004977721108391913, 0.0027674590485442015]</VALUES>
		<LCS_MIN>[0.0940202847123146, 0.09338430315256119, 0.08629068732261658, 0.03138885274529457, 0.0, 0.0]</LCS_MIN>
		<LCS_MAX>[0.12502965331077576, 0.14615695178508759, 0.12418576329946518, 0.08891294151544571, 0.04776624217629433, 0.046027135103940964]</LCS_MAX>
		<WAVELENGTH>[0.485, 0.56, 0.66, 0.83, 1.65, 2.215]</WAVELENGTH>
		<MEAN_VALUE>[0.11668265316854569, 0.13126850600144807, 0.10781980286578226, 0.03968842295374977, 0.006823621053078275, 0.004977721108391913]</MEAN_VALUE>
		<CHECKBOX>2</CHECKBOX>
		<SD>[0.0035574113290295513, 0.00615951256460186, 0.007553104856887344, 0.004341275226277791, 0.0029938021599580813, 0.0027674590485442015]</SD>
		<WAVELENGTH_UNIT>E-6m</WAVELENGTH_UNIT>
		<COLOR>#c8832e</COLOR>
		<COVARIANCE_MATRIX>[[9.252989912056364e-06, 1.2821692507714033e-05, 1.68583956110524e-05, -2.7053763460571645e-06, -3.1895103802526137e-06, -1.559594693389954e-06], [1.2821692507714033e-05, 2.757787297014147e-05, 3.175509482389316e-05, -5.038754352426622e-06, -5.776097623311216e-06, -2.9012589948251843e-06], [1.68583956110524e-05, 3.175509482389316e-05, 5.14095627295319e-05, -1.4595750599255553e-06, -5.767779839516152e-06, -2.8605147690541344e-06], [-2.7053763460571645e-06, -5.038754352426622e-06, -1.4595750599255553e-06, 1.3243307876109611e-05, 5.70821066503413e-06, 3.0084918307693442e-06], [-3.1895103802526137e-06, -5.776097623311216e-06, -5.767779839516152e-06, 5.70821066503413e-06, 7.3131845965690445e-06, 2.4761559416219825e-06], [-1.559594693389954e-06, -2.9012589948251843e-06, -2.8605147690541344e-06, 3.0084918307693442e-06, 2.4761559416219825e-06, 7.037797786324518e-06]]</COVARIANCE_MATRIX>
		<ROI_SIZE>41533</ROI_SIZE>
		<MAX_VALUE>[0.12502965331077576, 0.14615695178508759, 0.12418576329946518, 0.08891294151544571, 0.04776624217629433, 0.046027135103940964]</MAX_VALUE>
		<MIN_VALUE>[0.0940202847123146, 0.09338430315256119, 0.08629068732261658, 0.03138885274529457, 0.0, 0.0]</MIN_VALUE>
		<SIGNATURE_THRESHOLD_MD>0.0</SIGNATURE_THRESHOLD_MD>
		<SIGNATURE_THRESHOLD_ML>0.0</SIGNATURE_THRESHOLD_ML>
		<SIGNATURE_THRESHOLD_SAM>0.0</SIGNATURE_THRESHOLD_SAM>
	</signature>
	<signature ID="20220209_161754251090_279">
		<MACROCLASSID>1</MACROCLASSID>
		<MACROCLASSINFO>waterbody</MACROCLASSINFO>
		<CLASSID>6</CLASSID>
		<CLASSINFO>C 1</CLASSINFO>
		<VALUES>[0.10479741435027819, 0.00481429928612912, 0.1159469274303674, 0.010058956017208312, 0.11624058548204338, 0.013225336660528, 0.10090397016226671, 0.014776692727756292, 0.020051330364155535, 0.009119087685315616, 0.011645794627603298, 0.006279295386094868]</VALUES>
		<LCS_MIN>[0.08862733840942383, 0.08458886295557022, 0.08087711036205292, 0.07876162976026535, 0.008552216924726963, 0.0]</LCS_MIN>
		<LCS_MAX>[0.11289554089307785, 0.13149787485599518, 0.13771972060203552, 0.13290193676948547, 0.05865903198719025, 0.03976993262767792]</LCS_MAX>
		<WAVELENGTH>[0.485, 0.56, 0.66, 0.83, 1.65, 2.215]</WAVELENGTH>
		<MEAN_VALUE>[0.10479741435027819, 0.1159469274303674, 0.11624058548204338, 0.10090397016226671, 0.020051330364155535, 0.011645794627603298]</MEAN_VALUE>
		<CHECKBOX>2</CHECKBOX>
		<SD>[0.00481429928612912, 0.010058956017208312, 0.013225336660528, 0.014776692727756292, 0.009119087685315616, 0.006279295386094868]</SD>
		<WAVELENGTH_UNIT>E-6m</WAVELENGTH_UNIT>
		<COLOR>#4250cf</COLOR>
		<COVARIANCE_MATRIX>[[2.325272907910403e-05, 4.4666161556961015e-05, 5.7633376854937524e-05, -1.9017361410078593e-05, -2.9223665478639305e-05, -1.9270542907179333e-05], [4.4666161556961015e-05, 0.00010151111200684682, 0.0001276192197110504, -5.649234299198724e-05, -6.579644832527265e-05, -4.474333763937466e-05], [5.7633376854937524e-05, 0.0001276192197110504, 0.000175477412994951, -6.758963718311861e-05, -8.624340989626944e-05, -5.7721677876543254e-05], [-1.9017361410078593e-05, -5.649234299198724e-05, -6.758963718311861e-05, 0.00021905958419665694, 8.047260052990168e-05, 4.7434929001610726e-05], [-2.9223665478639305e-05, -6.579644832527265e-05, -8.624340989626944e-05, 8.047260052990168e-05, 8.342775254277512e-05, 4.957461715093814e-05], [-1.9270542907179333e-05, -4.474333763937466e-05, -5.7721677876543254e-05, 4.7434929001610726e-05, 4.957461715093814e-05, 3.9557569834869355e-05]]</COVARIANCE_MATRIX>
		<ROI_SIZE>309</ROI_SIZE>
		<MAX_VALUE>[0.11289554089307785, 0.13149787485599518, 0.13771972060203552, 0.13290193676948547, 0.05865903198719025, 0.03976993262767792]</MAX_VALUE>
		<MIN_VALUE>[0.08862733840942383, 0.08458886295557022, 0.08087711036205292, 0.07876162976026535, 0.008552216924726963, 0.0]</MIN_VALUE>
		<SIGNATURE_THRESHOLD_MD>0.0</SIGNATURE_THRESHOLD_MD>
		<SIGNATURE_THRESHOLD_ML>0.0</SIGNATURE_THRESHOLD_ML>
		<SIGNATURE_THRESHOLD_SAM>0.0</SIGNATURE_THRESHOLD_SAM>
	</signature>
	<signature ID="20220209_161804782220_679">
		<MACROCLASSID>1</MACROCLASSID>
		<MACROCLASSINFO>waterbody</MACROCLASSINFO>
		<CLASSID>7</CLASSID>
		<CLASSINFO>C 1</CLASSINFO>
		<VALUES>[0.11377712383948595, 0.003934049769027733, 0.12845068884567093, 0.006026074317687979, 0.10621067822425277, 0.006889029354657996, 0.03845794444474473, 0.004254867853030835, 0.006364310325101262, 0.0020043443097329285, 0.004733415922747478, 0.002481187046770521]</VALUES>
		<LCS_MIN>[0.09536851942539215, 0.10217973589897156, 0.09170426428318024, 0.03138885274529457, 0.0, 0.0]</LCS_MIN>
		<LCS_MAX>[0.12502965331077576, 0.14615695178508759, 0.126892551779747, 0.08552917093038559, 0.04776624217629433, 0.036641329526901245]</LCS_MAX>
		<WAVELENGTH>[0.485, 0.56, 0.66, 0.83, 1.65, 2.215]</WAVELENGTH>
		<MEAN_VALUE>[0.11377712383948595, 0.12845068884567093, 0.10621067822425277, 0.03845794444474473, 0.006364310325101262, 0.004733415922747478]</MEAN_VALUE>
		<CHECKBOX>2</CHECKBOX>
		<SD>[0.003934049769027733, 0.006026074317687979, 0.006889029354657996, 0.004254867853030835, 0.0020043443097329285, 0.002481187046770521]</SD>
		<WAVELENGTH_UNIT>E-6m</WAVELENGTH_UNIT>
		<COLOR>#e4d3a2</COLOR>
		<COVARIANCE_MATRIX>[[1.5458339476026595e-05, 2.103037513734307e-05, 1.9141225493513048e-05, -3.42829002875078e-06, -1.9546794192137895e-06, -8.036885787987558e-07], [2.103037513734307e-05, 3.632051812019199e-05, 3.08185481117107e-05, -5.143023372511379e-06, -3.2648060823703418e-06, -1.4366316918312805e-06], [1.9141225493513048e-05, 3.08185481117107e-05, 4.996738425688818e-05, 8.683392479724716e-06, -7.183089678619581e-07, -3.6007529047310527e-07], [-3.42829002875078e-06, -5.143023372511379e-06, 8.683392479724716e-06, 1.8025926692644134e-05, 3.676516598716262e-06, 1.840872755565215e-06], [-1.9546794192137895e-06, -3.2648060823703418e-06, -7.183089678619581e-07, 3.676516598716262e-06, 4.211801297060447e-06, 9.7923407338385e-07], [-8.036885787987558e-07, -1.4366316918312805e-06, -3.6007529047310527e-07, 1.840872755565215e-06, 9.7923407338385e-07, 6.171900167828426e-06]]</COVARIANCE_MATRIX>
		<ROI_SIZE>77859</ROI_SIZE>
		<MAX_VALUE>[0.12502965331077576, 0.14615695178508759, 0.126892551779747, 0.08552917093038559, 0.04776624217629433, 0.036641329526901245]</MAX_VALUE>
		<MIN_VALUE>[0.09536851942539215, 0.10217973589897156, 0.09170426428318024, 0.03138885274529457, 0.0, 0.0]</MIN_VALUE>
		<SIGNATURE_THRESHOLD_MD>0.0</SIGNATURE_THRESHOLD_MD>
		<SIGNATURE_THRESHOLD_ML>0.0</SIGNATURE_THRESHOLD_ML>
		<SIGNATURE_THRESHOLD_SAM>0.0</SIGNATURE_THRESHOLD_SAM>
	</signature>
	<signature ID="20220209_161819202457_201">
		<MACROCLASSID>1</MACROCLASSID>
		<MACROCLASSINFO>waterbody</MACROCLASSINFO>
		<CLASSID>8</CLASSID>
		<CLASSINFO>C 1</CLASSINFO>
		<VALUES>[0.09845538198039508, 0.001978797580150014, 0.10485376594948463, 0.003501067415746281, 0.08632559224456579, 0.0033117023339593716, 0.057653730213292745, 0.015508844039656574, 0.020997828939342208, 0.009145593466632171, 0.012004951993385622, 0.006034628810016994]</VALUES>
		<LCS_MIN>[0.09132380783557892, 0.09045249223709106, 0.07275673747062683, 0.03138885274529457, 0.008552216924726963, 0.002226690761744976]</LCS_MIN>
		<LCS_MAX>[0.10480614751577377, 0.11390699446201324, 0.09982463717460632, 0.10244802385568619, 0.06737325340509415, 0.05541294813156128]</LCS_MAX>
		<WAVELENGTH>[0.485, 0.56, 0.66, 0.83, 1.65, 2.215]</WAVELENGTH>
		<MEAN_VALUE>[0.09845538198039508, 0.10485376594948463, 0.08632559224456579, 0.057653730213292745, 0.020997828939342208, 0.012004951993385622]</MEAN_VALUE>
		<CHECKBOX>2</CHECKBOX>
		<SD>[0.001978797580150014, 0.003501067415746281, 0.0033117023339593716, 0.015508844039656574, 0.009145593466632171, 0.006034628810016994]</SD>
		<WAVELENGTH_UNIT>E-6m</WAVELENGTH_UNIT>
		<COLOR>#6152b1</COLOR>
		<COVARIANCE_MATRIX>[[4.6210338950913865e-06, 5.098408564663259e-06, 4.440058546606451e-06, -1.2909270481031854e-05, -5.821588729304494e-06, -1.5127052392926998e-06], [5.098408564663259e-06, 1.4493117305391934e-05, 9.5771156338742e-06, -3.6011038901051506e-05, -1.7057514924090356e-05, -7.467875548172742e-06], [4.440058546606451e-06, 9.5771156338742e-06, 1.2243352102814242e-05, -3.259835284552537e-05, -1.4092871424509212e-05, -5.63351932214573e-06], [-1.2909270481031854e-05, -3.6011038901051506e-05, -3.259835284552537e-05, 0.00024191780539695174, 0.00011871367314597592, 6.030207441654056e-05], [-5.821588729304494e-06, -1.7057514924090356e-05, -1.4092871424509212e-05, 0.00011871367314597592, 8.193840767489746e-05, 4.3084623030154034e-05], [-1.5127052392926998e-06, -7.467875548172742e-06, -5.63351932214573e-06, 6.030207441654056e-05, 4.3084623030154034e-05, 3.383777220733464e-05]]</COVARIANCE_MATRIX>
		<ROI_SIZE>1156</ROI_SIZE>
		<MAX_VALUE>[0.10480614751577377, 0.11390699446201324, 0.09982463717460632, 0.10244802385568619, 0.06737325340509415, 0.05541294813156128]</MAX_VALUE>
		<MIN_VALUE>[0.09132380783557892, 0.09045249223709106, 0.07275673747062683, 0.03138885274529457, 0.008552216924726963, 0.002226690761744976]</MIN_VALUE>
		<SIGNATURE_THRESHOLD_MD>0.0</SIGNATURE_THRESHOLD_MD>
		<SIGNATURE_THRESHOLD_ML>0.0</SIGNATURE_THRESHOLD_ML>
		<SIGNATURE_THRESHOLD_SAM>0.0</SIGNATURE_THRESHOLD_SAM>
	</signature>
	<signature ID="20220209_161833765203_152">
		<MACROCLASSID>1</MACROCLASSID>
		<MACROCLASSINFO>waterbody</MACROCLASSINFO>
		<CLASSID>9</CLASSID>
		<CLASSINFO>C 1</CLASSINFO>
		<VALUES>[0.10033085905210509, 0.008309649930988216, 0.10417521243710169, 0.011432905364097398, 0.09086814009784402, 0.012660840252642632, 0.07398714936528528, 0.020133965895905014, 0.029231397781267515, 0.01137348092447261, 0.017525725069099846, 0.00699830018260002]</VALUES>
		<LCS_MIN>[0.08727911114692688, 0.0816570445895195, 0.06463636457920074, 0.04830770194530487, 0.010730773210525513, 0.002226690761744976]</LCS_MIN>
		<LCS_MAX>[0.14255671203136444, 0.15788418054580688, 0.14854688942432404, 0.12275063991546631, 0.06737325340509415, 0.04915573447942734]</LCS_MAX>
		<WAVELENGTH>[0.485, 0.56, 0.66, 0.83, 1.65, 2.215]</WAVELENGTH>
		<MEAN_VALUE>[0.10033085905210509, 0.10417521243710169, 0.09086814009784402, 0.07398714936528528, 0.029231397781267515, 0.017525725069099846]</MEAN_VALUE>
		<CHECKBOX>2</CHECKBOX>
		<SD>[0.008309649930988216, 0.011432905364097398, 0.012660840252642632, 0.020133965895905014, 0.01137348092447261, 0.00699830018260002]</SD>
		<WAVELENGTH_UNIT>E-6m</WAVELENGTH_UNIT>
		<COLOR>#ce6a9d</COLOR>
		<COVARIANCE_MATRIX>[[6.923151522642002e-05, 9.010484063765034e-05, 9.933147521223873e-05, 1.7312773707089946e-05, -1.059982787410263e-05, 2.15427894545428e-06], [9.010484063765034e-05, 0.00013105440302751958, 0.00014199703582562506, -6.461154953285586e-06, -3.096257569268346e-05, -6.317537554423325e-06], [9.933147521223873e-05, 0.00014199703582562506, 0.0001607176091056317, -9.267230780096725e-06, -3.392535654711537e-05, -6.33409445072175e-06], [1.7312773707089946e-05, -6.461154953285586e-06, -9.267230780096725e-06, 0.0004064405511599034, 0.00019772633095271885, 0.00011038657976314425], [-1.059982787410263e-05, -3.096257569268346e-05, -3.392535654711537e-05, 0.00019772633095271885, 0.00012969558883924037, 6.988777022343129e-05], [2.15427894545428e-06, -6.317537554423325e-06, -6.33409445072175e-06, 0.00011038657976314425, 6.988777022343129e-05, 4.91047503601294e-05]]</COVARIANCE_MATRIX>
		<ROI_SIZE>382</ROI_SIZE>
		<MAX_VALUE>[0.14255671203136444, 0.15788418054580688, 0.14854688942432404, 0.12275063991546631, 0.06737325340509415, 0.04915573447942734]</MAX_VALUE>
		<MIN_VALUE>[0.08727911114692688, 0.0816570445895195, 0.06463636457920074, 0.04830770194530487, 0.010730773210525513, 0.002226690761744976]</MIN_VALUE>
		<SIGNATURE_THRESHOLD_MD>0.0</SIGNATURE_THRESHOLD_MD>
		<SIGNATURE_THRESHOLD_ML>0.0</SIGNATURE_THRESHOLD_ML>
		<SIGNATURE_THRESHOLD_SAM>0.0</SIGNATURE_THRESHOLD_SAM>
	</signature>
	<signature ID="20220209_161840046905_567">
		<MACROCLASSID>1</MACROCLASSID>
		<MACROCLASSINFO>waterbody</MACROCLASSINFO>
		<CLASSID>10</CLASSID>
		<CLASSINFO>C 1</CLASSINFO>
		<VALUES>[0.09592033380362315, 0.003349207553966683, 0.09726960098255523, 0.004811124433867596, 0.08477560369775894, 0.00530681075466727, 0.08004925995076134, 0.022074718703889384, 0.03041008227521274, 0.010912288538367728, 0.01674839384355211, 0.00584185558881187]</VALUES>
		<LCS_MIN>[0.08727911114692688, 0.0816570445895195, 0.06734316051006317, 0.04492393136024475, 0.012909329496324062, 0.005355293396860361]</LCS_MIN>
		<LCS_MAX>[0.10885083675384521, 0.11390699446201324, 0.10523822903633118, 0.12275063991546631, 0.06519468873739243, 0.030384119600057602]</LCS_MAX>
		<WAVELENGTH>[0.485, 0.56, 0.66, 0.83, 1.65, 2.215]</WAVELENGTH>
		<MEAN_VALUE>[0.09592033380362315, 0.09726960098255523, 0.08477560369775894, 0.08004925995076134, 0.03041008227521274, 0.01674839384355211]</MEAN_VALUE>
		<CHECKBOX>2</CHECKBOX>
		<SD>[0.003349207553966683, 0.004811124433867596, 0.00530681075466727, 0.022074718703889384, 0.010912288538367728, 0.00584185558881187]</SD>
		<WAVELENGTH_UNIT>E-6m</WAVELENGTH_UNIT>
		<COLOR>#843873</COLOR>
		<COVARIANCE_MATRIX>[[1.1242063010286074e-05, 1.2487892490753438e-05, 1.3258769286039751e-05, -1.901118957903236e-05, -7.334167548833648e-06, -1.46553463764576e-06], [1.2487892490753438e-05, 2.3198241251520813e-05, 2.214072083006613e-05, -5.681650509359315e-05, -2.3875625629443675e-05, -9.300894816988148e-06], [1.3258769286039751e-05, 2.214072083006613e-05, 2.8224683774169534e-05, -7.137894863262773e-05, -2.843328365997877e-05, -1.214271287608426e-05], [-1.901118957903236e-05, -5.681650509359315e-05, -7.137894863262773e-05, 0.0004883736837655306, 0.00021095735428389162, 0.00010146690328838304], [-7.334167548833648e-06, -2.3875625629443675e-05, -2.843328365997877e-05, 0.00021095735428389162, 0.0001193420757772401, 5.3021129133412614e-05], [-1.46553463764576e-06, -9.300894816988148e-06, -1.214271287608426e-05, 0.00010146690328838304, 5.3021129133412614e-05, 3.420294524403289e-05]]</COVARIANCE_MATRIX>
		<ROI_SIZE>452</ROI_SIZE>
		<MAX_VALUE>[0.10885083675384521, 0.11390699446201324, 0.10523822903633118, 0.12275063991546631, 0.06519468873739243, 0.030384119600057602]</MAX_VALUE>
		<MIN_VALUE>[0.08727911114692688, 0.0816570445895195, 0.06734316051006317, 0.04492393136024475, 0.012909329496324062, 0.005355293396860361]</MIN_VALUE>
		<SIGNATURE_THRESHOLD_MD>0.0</SIGNATURE_THRESHOLD_MD>
		<SIGNATURE_THRESHOLD_ML>0.0</SIGNATURE_THRESHOLD_ML>
		<SIGNATURE_THRESHOLD_SAM>0.0</SIGNATURE_THRESHOLD_SAM>
	</signature>
	<signature ID="20220209_161858139279_677">
		<MACROCLASSID>1</MACROCLASSID>
		<MACROCLASSINFO>waterbody</MACROCLASSINFO>
		<CLASSID>11</CLASSID>
		<CLASSINFO>C 1</CLASSINFO>
		<VALUES>[0.09421624037502116, 0.0056357253676079504, 0.09440702581128398, 0.007744177219305582, 0.08355242334479501, 0.009113917543101237, 0.09051629657272332, 0.025996201317915295, 0.03599950016833584, 0.014130696813145324, 0.019497672584568415, 0.008022392157677628]</VALUES>
		<LCS_MIN>[0.08458263427019119, 0.07872522622346878, 0.06463636457920074, 0.04492393136024475, 0.008552216924726963, 0.005355293396860361]</LCS_MIN>
		<LCS_MAX>[0.14794963598251343, 0.15495237708091736, 0.1539604663848877, 0.1396694928407669, 0.08480170369148254, 0.05228434130549431]</LCS_MAX>
		<WAVELENGTH>[0.485, 0.56, 0.66, 0.83, 1.65, 2.215]</WAVELENGTH>
		<MEAN_VALUE>[0.09421624037502116, 0.09440702581128398, 0.08355242334479501, 0.09051629657272332, 0.03599950016833584, 0.019497672584568415]</MEAN_VALUE>
		<CHECKBOX>2</CHECKBOX>
		<SD>[0.0056357253676079504, 0.007744177219305582, 0.009113917543101237, 0.025996201317915295, 0.014130696813145324, 0.008022392157677628]</SD>
		<WAVELENGTH_UNIT>E-6m</WAVELENGTH_UNIT>
		<COLOR>#40c3c1</COLOR>
		<COVARIANCE_MATRIX>[[3.185400055372156e-05, 3.9891387132229283e-05, 4.620338950189762e-05, -1.7113859939854592e-05, -6.1993418967176694e-06, 4.992612502974225e-06], [3.9891387132229283e-05, 6.014712562318891e-05, 6.71279922244139e-05, -5.6569282605778426e-05, -2.4167897208826616e-05, -1.9104863895336166e-06], [4.620338950189762e-05, 6.71279922244139e-05, 8.330566197400913e-05, -9.079321898752823e-05, -3.7540768971666694e-05, -6.3678494370833505e-06], [-1.7113859939854592e-05, -5.6569282605778426e-05, -9.079321898752823e-05, 0.0006777727394364774, 0.0003099006717093289, 0.0001479076308896765], [-6.1993418967176694e-06, -2.4167897208826616e-05, -3.7540768971666694e-05, 0.0003099006717093289, 0.00020025874255225062, 9.786211739992723e-05], [4.992612502974225e-06, -1.9104863895336166e-06, -6.3678494370833505e-06, 0.0001479076308896765, 9.786211739992723e-05, 6.454640970332548e-05]]</COVARIANCE_MATRIX>
		<ROI_SIZE>344</ROI_SIZE>
		<MAX_VALUE>[0.14794963598251343, 0.15495237708091736, 0.1539604663848877, 0.1396694928407669, 0.08480170369148254, 0.05228434130549431]</MAX_VALUE>
		<MIN_VALUE>[0.08458263427019119, 0.07872522622346878, 0.06463636457920074, 0.04492393136024475, 0.008552216924726963, 0.005355293396860361]</MIN_VALUE>
		<SIGNATURE_THRESHOLD_MD>0.0</SIGNATURE_THRESHOLD_MD>
		<SIGNATURE_THRESHOLD_ML>0.0</SIGNATURE_THRESHOLD_ML>
		<SIGNATURE_THRESHOLD_SAM>0.0</SIGNATURE_THRESHOLD_SAM>
	</signature>
	<signature ID="20220209_161932746982_234">
		<MACROCLASSID>1</MACROCLASSID>
		<MACROCLASSINFO>waterbody</MACROCLASSINFO>
		<CLASSID>12</CLASSID>
		<CLASSINFO>C 1</CLASSINFO>
		<VALUES>[0.09966507906114662, 0.003209925998761407, 0.1059169904380054, 0.005567237525023966, 0.11059231663143242, 0.010340128226579676, 0.15911687108186578, 0.020826320915695834, 0.08204858811510789, 0.015589270205309244, 0.05513790618259826, 0.012206784416249963]</VALUES>
		<LCS_MIN>[0.09132380783557892, 0.08752067387104034, 0.08358389139175415, 0.12275063991546631, 0.04776624217629433, 0.030384119600057602]</LCS_MIN>
		<LCS_MAX>[0.10750260204076767, 0.11683880537748337, 0.13230614364147186, 0.20396111905574799, 0.10658726841211319, 0.07731318473815918]</LCS_MAX>
		<WAVELENGTH>[0.485, 0.56, 0.66, 0.83, 1.65, 2.215]</WAVELENGTH>
		<MEAN_VALUE>[0.09966507906114662, 0.1059169904380054, 0.11059231663143242, 0.15911687108186578, 0.08204858811510789, 0.05513790618259826]</MEAN_VALUE>
		<CHECKBOX>2</CHECKBOX>
		<SD>[0.003209925998761407, 0.005567237525023966, 0.010340128226579676, 0.020826320915695834, 0.015589270205309244, 0.012206784416249963]</SD>
		<WAVELENGTH_UNIT>E-6m</WAVELENGTH_UNIT>
		<COLOR>#848df4</COLOR>
		<COVARIANCE_MATRIX>[[1.0418109923193697e-05, 9.808552931644954e-06, 1.5829153198865242e-05, -3.972600097768009e-05, -1.0003345778386574e-05, 5.787894679087913e-06], [9.808552931644954e-06, 3.1338513508671895e-05, 5.083760333945975e-05, -8.121791324811056e-06, -3.515804201015271e-05, -2.1586143702734262e-05], [1.5829153198865242e-05, 5.083760333945975e-05, 0.00010810622916324064, -2.8139544156147167e-05, -8.344293746631593e-05, -5.2332921768538654e-05], [-3.972600097768009e-05, -8.121791324811056e-06, -2.8139544156147167e-05, 0.00043855494004674256, 6.232674058992416e-05, -3.587895480450243e-05], [-1.0003345778386574e-05, -3.515804201015271e-05, -8.344293746631593e-05, 6.232674058992416e-05, 0.0002457256196066737, 0.00014471470785792917], [5.787894679087913e-06, -2.1586143702734262e-05, -5.2332921768538654e-05, -3.587895480450243e-05, 0.00014471470785792917, 0.000150661202496849]]</COVARIANCE_MATRIX>
		<ROI_SIZE>91</ROI_SIZE>
		<MAX_VALUE>[0.10750260204076767, 0.11683880537748337, 0.13230614364147186, 0.20396111905574799, 0.10658726841211319, 0.07731318473815918]</MAX_VALUE>
		<MIN_VALUE>[0.09132380783557892, 0.08752067387104034, 0.08358389139175415, 0.12275063991546631, 0.04776624217629433, 0.030384119600057602]</MIN_VALUE>
		<SIGNATURE_THRESHOLD_MD>0.0</SIGNATURE_THRESHOLD_MD>
		<SIGNATURE_THRESHOLD_ML>0.0</SIGNATURE_THRESHOLD_ML>
		<SIGNATURE_THRESHOLD_SAM>0.0</SIGNATURE_THRESHOLD_SAM>
	</signature>
	<signature ID="20220209_161944252836_756">
		<MACROCLASSID>1</MACROCLASSID>
		<MACROCLASSINFO>waterbody</MACROCLASSINFO>
		<CLASSID>13</CLASSID>
		<CLASSINFO>C 1</CLASSINFO>
		<VALUES>[0.09518931650474104, 0.004492388647968888, 0.09652022640161877, 0.006473200382769605, 0.09146442686360848, 0.007890877139167654, 0.08801345659207695, 0.016185145407343175, 0.03770075608752197, 0.01150595113654674, 0.02272102263862196, 0.00800777873777667]</VALUES>
		<LCS_MIN>[0.08323439955711365, 0.07286160439252853, 0.05922277644276619, 0.06184277683496475, 0.01944500021636486, 0.008483897894620895]</LCS_MIN>
		<LCS_MAX>[0.11424378305673599, 0.11977062374353409, 0.11877217888832092, 0.11936686933040619, 0.06955181062221527, 0.05541294813156128]</LCS_MAX>
		<WAVELENGTH>[0.485, 0.56, 0.66, 0.83, 1.65, 2.215]</WAVELENGTH>
		<MEAN_VALUE>[0.09518931650474104, 0.09652022640161877, 0.09146442686360848, 0.08801345659207695, 0.03770075608752197, 0.02272102263862196]</MEAN_VALUE>
		<CHECKBOX>2</CHECKBOX>
		<SD>[0.004492388647968888, 0.006473200382769605, 0.007890877139167654, 0.016185145407343175, 0.01150595113654674, 0.00800777873777667]</SD>
		<WAVELENGTH_UNIT>E-6m</WAVELENGTH_UNIT>
		<COLOR>#8e0e9e</COLOR>
		<COVARIANCE_MATRIX>[[2.0310100808274e-05, 2.5490631742286496e-05, 3.098816887359135e-05, -1.4662216926808469e-05, -9.41077814786695e-06, 4.394411462271819e-06], [2.5490631742286496e-05, 4.216921661281958e-05, 4.700698264059611e-05, -4.0382186853094026e-05, -2.7101616069558077e-05, -5.027741281082854e-06], [3.098816887359135e-05, 4.700698264059611e-05, 6.266254058573395e-05, -6.281440437305719e-05, -3.912549072992988e-05, -8.592059202783275e-06], [-1.4662216926808469e-05, -4.0382186853094026e-05, -6.281440437305719e-05, 0.000263627473032102, 0.00016255145601462573, 8.706038352102041e-05], [-9.41077814786695e-06, -2.7101616069558077e-05, -3.912549072992988e-05, 0.00016255145601462573, 0.00013323014718480408, 7.393069245154038e-05], [4.394411462271819e-06, -5.027741281082854e-06, -8.592059202783275e-06, 8.706038352102041e-05, 7.393069245154038e-05, 6.453295645769686e-05]]</COVARIANCE_MATRIX>
		<ROI_SIZE>158</ROI_SIZE>
		<MAX_VALUE>[0.11424378305673599, 0.11977062374353409, 0.11877217888832092, 0.11936686933040619, 0.06955181062221527, 0.05541294813156128]</MAX_VALUE>
		<MIN_VALUE>[0.08323439955711365, 0.07286160439252853, 0.05922277644276619, 0.06184277683496475, 0.01944500021636486, 0.008483897894620895]</MIN_VALUE>
		<SIGNATURE_THRESHOLD_MD>0.0</SIGNATURE_THRESHOLD_MD>
		<SIGNATURE_THRESHOLD_ML>0.0</SIGNATURE_THRESHOLD_ML>
		<SIGNATURE_THRESHOLD_SAM>0.0</SIGNATURE_THRESHOLD_SAM>
	</signature>
	<signature ID="20220209_161953914334_891">
		<MACROCLASSID>1</MACROCLASSID>
		<MACROCLASSINFO>waterbody</MACROCLASSINFO>
		<CLASSID>14</CLASSID>
		<CLASSINFO>C 1</CLASSINFO>
		<VALUES>[0.10242800983703797, 0.003810018857814191, 0.10576306283473967, 0.006087821750600773, 0.108095392688281, 0.009166849596290721, 0.13243198063638473, 0.012639607792650538, 0.07572438888665706, 0.01563408671736122, 0.05571711756702926, 0.012363151270802203]</VALUES>
		<LCS_MIN>[0.0940202847123146, 0.09045249223709106, 0.08629068732261658, 0.11598309129476547, 0.03687345236539841, 0.02725551649928093]</LCS_MIN>
		<LCS_MAX>[0.10885083675384521, 0.11683880537748337, 0.12418576329946518, 0.16335588693618774, 0.10223016142845154, 0.08044177293777466]</LCS_MAX>
		<WAVELENGTH>[0.485, 0.56, 0.66, 0.83, 1.65, 2.215]</WAVELENGTH>
		<MEAN_VALUE>[0.10242800983703797, 0.10576306283473967, 0.108095392688281, 0.13243198063638473, 0.07572438888665706, 0.05571711756702926]</MEAN_VALUE>
		<CHECKBOX>2</CHECKBOX>
		<SD>[0.003810018857814191, 0.006087821750600773, 0.009166849596290721, 0.012639607792650538, 0.01563408671736122, 0.012363151270802203]</SD>
		<WAVELENGTH_UNIT>E-6m</WAVELENGTH_UNIT>
		<COLOR>#b1862a</COLOR>
		<COVARIANCE_MATRIX>[[1.4720697436132468e-05, 1.4876993191137444e-05, 2.09739609999815e-05, -1.44984351209132e-05, -9.149450306722429e-06, 3.34756850861595e-06], [1.4876993191137444e-05, 3.758356615435332e-05, 5.24334391229786e-05, -8.632002391095739e-06, -5.8053839893545955e-05, -3.59865662176162e-05], [2.09739609999815e-05, 5.24334391229786e-05, 8.521466952515766e-05, -2.263272472191602e-05, -9.304917330155149e-05, -5.837151184096001e-05], [-1.44984351209132e-05, -8.632002391095739e-06, -2.263272472191602e-05, 0.00016200981917791069, 8.90145602170378e-05, 3.1009753001853824e-05], [-9.149450306722429e-06, -5.8053839893545955e-05, -9.304917330155149e-05, 8.90145602170378e-05, 0.0002478672540746629, 0.00017396395560353994], [3.34756850861595e-06, -3.59865662176162e-05, -5.837151184096001e-05, 3.1009753001853824e-05, 0.00017396395560353994, 0.00015500029257964343]]</COVARIANCE_MATRIX>
		<ROI_SIZE>72</ROI_SIZE>
		<MAX_VALUE>[0.10885083675384521, 0.11683880537748337, 0.12418576329946518, 0.16335588693618774, 0.10223016142845154, 0.08044177293777466]</MAX_VALUE>
		<MIN_VALUE>[0.0940202847123146, 0.09045249223709106, 0.08629068732261658, 0.11598309129476547, 0.03687345236539841, 0.02725551649928093]</MIN_VALUE>
		<SIGNATURE_THRESHOLD_MD>0.0</SIGNATURE_THRESHOLD_MD>
		<SIGNATURE_THRESHOLD_ML>0.0</SIGNATURE_THRESHOLD_ML>
		<SIGNATURE_THRESHOLD_SAM>0.0</SIGNATURE_THRESHOLD_SAM>
	</signature>
	<signature ID="20220209_162005879966_990">
		<MACROCLASSID>1</MACROCLASSID>
		<MACROCLASSINFO>waterbody</MACROCLASSINFO>
		<CLASSID>15</CLASSID>
		<CLASSINFO>C 1</CLASSINFO>
		<VALUES>[0.09650690404241649, 0.003713562414583375, 0.09909962343798533, 0.005432354229887673, 0.09591717290391254, 0.007595080683802823, 0.09590430905614847, 0.021271247590825694, 0.03934870368224871, 0.015565860834816193, 0.02422430233645764, 0.009881476920116239]</VALUES>
		<LCS_MIN>[0.08593086153268814, 0.0816570445895195, 0.0700499415397644, 0.06184277683496475, 0.017266442999243736, 0.008483897894620895]</LCS_MIN>
		<LCS_MAX>[0.11019908636808395, 0.11390699446201324, 0.11606539040803909, 0.14305327832698822, 0.09133738279342651, 0.0647987574338913]</LCS_MAX>
		<WAVELENGTH>[0.485, 0.56, 0.66, 0.83, 1.65, 2.215]</WAVELENGTH>
		<MEAN_VALUE>[0.09650690404241649, 0.09909962343798533, 0.09591717290391254, 0.09590430905614847, 0.03934870368224871, 0.02422430233645764]</MEAN_VALUE>
		<CHECKBOX>2</CHECKBOX>
		<SD>[0.003713562414583375, 0.005432354229887673, 0.007595080683802823, 0.021271247590825694, 0.015565860834816193, 0.009881476920116239]</SD>
		<WAVELENGTH_UNIT>E-6m</WAVELENGTH_UNIT>
		<COLOR>#9f8e85</COLOR>
		<COVARIANCE_MATRIX>[[1.9394257833482698e-05, 2.496246452210471e-05, 3.217119228793308e-05, -2.9318729502847418e-05, -1.8107093637809157e-05, -2.6415561933390563e-06], [2.496246452210471e-05, 4.382582119433209e-05, 5.4118554544402286e-05, -6.551773549290374e-05, -4.336210622568615e-05, -1.4123902474239003e-05], [3.217119228793308e-05, 5.4118554544402286e-05, 7.765604095766321e-05, -0.00010328920325264335, -6.713851325912401e-05, -2.4156421204679646e-05], [-2.9318729502847418e-05, -6.551773549290374e-05, -0.00010328920325264335, 0.000479539594380185, 0.0002921863633673638, 0.00014908744196873158], [-1.8107093637809157e-05, -4.336210622568615e-05, -6.713851325912401e-05, 0.0002921863633673638, 0.00023054960183799267, 0.00011958031973335892], [-2.6415561933390563e-06, -1.4123902474239003e-05, -2.4156421204679646e-05, 0.00014908744196873158, 0.00011958031973335892, 8.061774860834703e-05]]</COVARIANCE_MATRIX>
		<ROI_SIZE>617</ROI_SIZE>
		<MAX_VALUE>[0.11019908636808395, 0.11390699446201324, 0.11606539040803909, 0.14305327832698822, 0.09133738279342651, 0.0647987574338913]</MAX_VALUE>
		<MIN_VALUE>[0.08593086153268814, 0.0816570445895195, 0.0700499415397644, 0.06184277683496475, 0.017266442999243736, 0.008483897894620895]</MIN_VALUE>
		<SIGNATURE_THRESHOLD_MD>0.0</SIGNATURE_THRESHOLD_MD>
		<SIGNATURE_THRESHOLD_ML>0.0</SIGNATURE_THRESHOLD_ML>
		<SIGNATURE_THRESHOLD_SAM>0.0</SIGNATURE_THRESHOLD_SAM>
	</signature>
	<signature ID="20220209_162124897986_573">
		<MACROCLASSID>1</MACROCLASSID>
		<MACROCLASSINFO>waterbody</MACROCLASSINFO>
		<CLASSID>16</CLASSID>
		<CLASSINFO>C 1</CLASSINFO>
		<VALUES>[0.10755216140484178, 0.0022817834323008226, 0.16220572825016008, 0.005341240895598971, 0.21135542446367328, 0.009788523281301737, 0.11976142519440489, 0.006007920453580074, 0.010719933951065814, 0.006610821889055714, 0.006339574607469242, 0.003948407792108849]</VALUES>
		<LCS_MIN>[0.0967167466878891, 0.1344296783208847, 0.17020122706890106, 0.10583179444074631, 0.0, 0.0]</LCS_MIN>
		<LCS_MAX>[0.11289554089307785, 0.16961145401000977, 0.22704383730888367, 0.15997210144996643, 0.04994479939341545, 0.030384119600057602]</LCS_MAX>
		<WAVELENGTH>[0.485, 0.56, 0.66, 0.83, 1.65, 2.215]</WAVELENGTH>
