<?xml version="1.0" ?>
<signaturelist MCID_LIST="[['1', 'waterbody', '#0000ff'], ['2', 'vegetation', '#00ff00'], ['3', 'bareland', '#ffaa00'], ['4', 'built-up', '#ff0000']]">
	<signature ID="20220104_140504371424_375">
		<MACROCLASSID>1</MACROCLASSID>
		<MACROCLASSINFO>waterbody</MACROCLASSINFO>
		<CLASSID>1</CLASSID>
		<CLASSINFO>C 1</CLASSINFO>
		<VALUES>[0.11701363055237951, 0.0030288977210034315, 0.1317186851615043, 0.005360419788986257, 0.10796617131367359, 0.007263525560210144, 0.03966146557983203, 0.004723395285222043, 0.0067666289148103475, 0.003500787912604299, 0.004899960470221615, 0.002961447849570736]</VALUES>
		<LCS_MIN>[0.0940202847123146, 0.0816570445895195, 0.07275673747062683, 0.028005078434944153, 0.0, 0.0]</LCS_MIN>
		<LCS_MAX>[0.1263778954744339, 0.14615695178508759, 0.126892551779747, 0.10921556502580643, 0.07608748227357864, 0.04915573447942734]</LCS_MAX>
		<WAVELENGTH>[0.485, 0.56, 0.66, 0.83, 1.65, 2.215]</WAVELENGTH>
		<MEAN_VALUE>[0.11701363055237951, 0.1317186851615043, 0.10796617131367359, 0.03966146557983203, 0.0067666289148103475, 0.004899960470221615]</MEAN_VALUE>
		<CHECKBOX>2</CHECKBOX>
		<SD>[0.0030288977210034315, 0.005360419788986257, 0.007263525560210144, 0.004723395285222043, 0.003500787912604299, 0.002961447849570736]</SD>
		<WAVELENGTH_UNIT>E-6m</WAVELENGTH_UNIT>
		<COLOR>#6452b7</COLOR>
		<COVARIANCE_MATRIX>[[8.672677401168376e-06, 1.1881395167252062e-05, 1.6028218936423894e-05, -4.590442409641582e-06, -4.246861354444006e-06, -2.1406812450152815e-06], [1.1881395167252062e-05, 2.6041015659215807e-05, 3.0233083058378202e-05, -8.728801216126263e-06, -7.903682887846834e-06, -4.083815455856124e-06], [1.6028218936423894e-05, 3.0233083058378202e-05, 5.002006667432221e-05, -4.541021040396094e-06, -7.519408575119705e-06, -3.807191607137918e-06], [-4.590442409641582e-06, -8.728801216126263e-06, -4.541021040396094e-06, 2.2970810886988932e-05, 1.1770257235334329e-05, 6.288661552790689e-06], [-4.246861354444006e-06, -7.903682887846834e-06, -7.519408575119705e-06, 1.1770257235334329e-05, 1.1576183269819465e-05, 4.863903537623857e-06], [-2.1406812450152815e-06, -4.083815455856124e-06, -3.807191607137918e-06, 6.288661552790689e-06, 4.863903537623857e-06, 8.477244131657354e-06]]</COVARIANCE_MATRIX>
		<ROI_SIZE>39613</ROI_SIZE>
		<MAX_VALUE>[0.1263778954744339, 0.14615695178508759, 0.126892551779747, 0.10921556502580643, 0.07608748227357864, 0.04915573447942734]</MAX_VALUE>
		<MIN_VALUE>[0.0940202847123146, 0.0816570445895195, 0.07275673747062683, 0.028005078434944153, 0.0, 0.0]</MIN_VALUE>
		<SIGNATURE_THRESHOLD_MD>0</SIGNATURE_THRESHOLD_MD>
		<SIGNATURE_THRESHOLD_ML>0</SIGNATURE_THRESHOLD_ML>
		<SIGNATURE_THRESHOLD_SAM>0</SIGNATURE_THRESHOLD_SAM>
	</signature>
	<signature ID="20220104_140515358323_562">
		<MACROCLASSID>1</MACROCLASSID>
		<MACROCLASSINFO>waterbody</MACROCLASSINFO>
		<CLASSID>2</CLASSID>
		<CLASSINFO>C 1</CLASSINFO>
		<VALUES>[0.10969095900821361, 0.0021153126053969798, 0.12430926713365505, 0.003638202340204529, 0.08883321855285041, 0.002577241518738205, 0.03544807837724551, 0.008449365978629957, 0.008236580856780392, 0.0059114525595076435, 0.005617470141852416, 0.004015873273825318]</VALUES>
		<LCS_MIN>[0.09132380783557892, 0.08752067387104034, 0.05922277644276619, 0.02462131343781948, 0.0, 0.0]</LCS_MIN>
		<LCS_MAX>[0.11559201031923294, 0.13149787485599518, 0.0971178486943245, 0.10583179444074631, 0.06955181062221527, 0.046027135103940964]</LCS_MAX>
		<WAVELENGTH>[0.485, 0.56, 0.66, 0.83, 1.65, 2.215]</WAVELENGTH>
		<MEAN_VALUE>[0.10969095900821361, 0.12430926713365505, 0.08883321855285041, 0.03544807837724551, 0.008236580856780392, 0.005617470141852416]</MEAN_VALUE>
		<CHECKBOX>2</CHECKBOX>
		<SD>[0.0021153126053969798, 0.003638202340204529, 0.002577241518738205, 0.008449365978629957, 0.0059114525595076435, 0.004015873273825318]</SD>
		<WAVELENGTH_UNIT>E-6m</WAVELENGTH_UNIT>
		<COLOR>#4dca87</COLOR>
		<COVARIANCE_MATRIX>[[4.555457894507421e-06, 5.008163326688323e-06, 1.548118912660301e-06, -1.0895588953975619e-05, -6.76501178877022e-06, -3.407773397409696e-06], [5.008163326688323e-06, 1.3167870141916758e-05, 4.195643385592241e-06, -2.3341166354074686e-05, -1.4756519128845028e-05, -7.802791647823219e-06], [1.548118912660301e-06, 4.195643385592241e-06, 6.944944496446722e-06, -9.066316492113749e-06, -5.450144057526427e-06, -2.9422281820230007e-06], [-1.0895588953975619e-05, -2.3341166354074686e-05, -9.066316492113749e-06, 6.385928230380747e-05, 3.742662877153951e-05, 1.9663866223143288e-05], [-6.76501178877022e-06, -1.4756519128845028e-05, -5.450144057526427e-06, 3.742662877153951e-05, 2.9138396038461955e-05, 1.410513398720979e-05], [-3.407773397409696e-06, -7.802791647823219e-06, -2.9422281820230007e-06, 1.9663866223143288e-05, 1.410513398720979e-05, 1.3678149843269684e-05]]</COVARIANCE_MATRIX>
		<ROI_SIZE>13221</ROI_SIZE>
		<MAX_VALUE>[0.11559201031923294, 0.13149787485599518, 0.0971178486943245, 0.10583179444074631, 0.06955181062221527, 0.046027135103940964]</MAX_VALUE>
		<MIN_VALUE>[0.09132380783557892, 0.08752067387104034, 0.05922277644276619, 0.02462131343781948, 0.0, 0.0]</MIN_VALUE>
		<SIGNATURE_THRESHOLD_MD>0</SIGNATURE_THRESHOLD_MD>
		<SIGNATURE_THRESHOLD_ML>0</SIGNATURE_THRESHOLD_ML>
		<SIGNATURE_THRESHOLD_SAM>0</SIGNATURE_THRESHOLD_SAM>
	</signature>
	<signature ID="20220104_140531633124_711">
		<MACROCLASSID>1</MACROCLASSID>
		<MACROCLASSINFO>waterbody</MACROCLASSINFO>
		<CLASSID>3</CLASSID>
		<CLASSINFO>C 1</CLASSINFO>
		<VALUES>[0.10282191279051078, 0.0034825901118231005, 0.11254654377778532, 0.005538943718912485, 0.08805046531126338, 0.010699016117580836, 0.03684267060007875, 0.012049796149934799, 0.006941309520867232, 0.003552498254250143, 0.0049458761390384146, 0.0029167678426302553]</VALUES>
		<LCS_MIN>[0.08593086153268814, 0.07579341530799866, 0.06463636457920074, 0.02462131343781948, 0.0, 0.0]</LCS_MIN>
		<LCS_MAX>[0.11694025993347168, 0.12856605648994446, 0.12147895991802216, 0.10244802385568619, 0.0543019101023674, 0.04289853572845459]</LCS_MAX>
		<WAVELENGTH>[0.485, 0.56, 0.66, 0.83, 1.65, 2.215]</WAVELENGTH>
		<MEAN_VALUE>[0.10282191279051078, 0.11254654377778532, 0.08805046531126338, 0.03684267060007875, 0.006941309520867232, 0.0049458761390384146]</MEAN_VALUE>
		<CHECKBOX>2</CHECKBOX>
		<SD>[0.0034825901118231005, 0.005538943718912485, 0.010699016117580836, 0.012049796149934799, 0.003552498254250143, 0.0029167678426302553]</SD>
		<WAVELENGTH_UNIT>E-6m</WAVELENGTH_UNIT>
		<COLOR>#a236d5</COLOR>
		<COVARIANCE_MATRIX>[[9.925197163379799e-06, 1.1989128342414185e-05, 6.994875450935859e-06, -1.0460398402941696e-05, -3.86968209816812e-06, -1.628759249048474e-06], [1.1989128342414185e-05, 2.410183453932982e-05, 1.2723966399428631e-05, -2.011585988004556e-05, -7.868289374908296e-06, -3.5987141721711986e-06], [6.994875450935859e-06, 1.2723966399428631e-05, 0.00010630204733109676, 8.202981092100521e-05, 5.7695059844115565e-06, 1.7269489708024217e-06], [-1.0460398402941696e-05, -2.011585988004556e-05, 8.202981092100521e-05, 0.00014400167882110728, 2.747453204088987e-05, 1.192836313892762e-05], [-3.86968209816812e-06, -7.868289374908296e-06, 5.7695059844115565e-06, 2.747453204088987e-05, 1.235730787674212e-05, 4.531210388627478e-06], [-1.628759249048474e-06, -3.5987141721711986e-06, 1.7269489708024217e-06, 1.192836313892762e-05, 4.531210388627478e-06, 7.737755353705471e-06]]</COVARIANCE_MATRIX>
		<ROI_SIZE>50341</ROI_SIZE>
		<MAX_VALUE>[0.11694025993347168, 0.12856605648994446, 0.12147895991802216, 0.10244802385568619, 0.0543019101023674, 0.04289853572845459]</MAX_VALUE>
		<MIN_VALUE>[0.08593086153268814, 0.07579341530799866, 0.06463636457920074, 0.02462131343781948, 0.0, 0.0]</MIN_VALUE>
		<SIGNATURE_THRESHOLD_MD>0</SIGNATURE_THRESHOLD_MD>
		<SIGNATURE_THRESHOLD_ML>0</SIGNATURE_THRESHOLD_ML>
		<SIGNATURE_THRESHOLD_SAM>0</SIGNATURE_THRESHOLD_SAM>
	</signature>
	<signature ID="20220104_140538862553_169">
		<MACROCLASSID>1</MACROCLASSID>
		<MACROCLASSINFO>waterbody</MACROCLASSINFO>
		<CLASSID>4</CLASSID>
		<CLASSINFO>C 1</CLASSINFO>
		<VALUES>[0.11228571604693684, 0.003124182586738149, 0.12630898259441534, 0.004758214757357127, 0.10455126844995098, 0.00529328448016298, 0.0390444669328813, 0.005563424773646024, 0.006466795160988113, 0.0022746244915827314, 0.004840807943984451, 0.0025138351943865497]</VALUES>
		<LCS_MIN>[0.0967167466878891, 0.09631610661745071, 0.08358389139175415, 0.03138885274529457, 0.0, 0.0]</LCS_MIN>
		<LCS_MAX>[0.12233317643404007, 0.14029330015182495, 0.11877217888832092, 0.10244802385568619, 0.056480471044778824, 0.036641329526901245]</LCS_MAX>
		<WAVELENGTH>[0.485, 0.56, 0.66, 0.83, 1.65, 2.215]</WAVELENGTH>
		<MEAN_VALUE>[0.11228571604693684, 0.12630898259441534, 0.10455126844995098, 0.0390444669328813, 0.006466795160988113, 0.004840807943984451]</MEAN_VALUE>
		<CHECKBOX>2</CHECKBOX>
		<SD>[0.003124182586738149, 0.004758214757357127, 0.00529328448016298, 0.005563424773646024, 0.0022746244915827314, 0.0025138351943865497]</SD>
		<WAVELENGTH_UNIT>E-6m</WAVELENGTH_UNIT>
		<COLOR>#c57d48</COLOR>
		<COVARIANCE_MATRIX>[[9.376603615919753e-06, 1.1394369066032304e-05, 4.405380047152255e-06, -6.920758872261364e-06, -1.976854781057744e-06, -8.470510869925612e-07], [1.1394369066032304e-05, 2.0970678531500193e-05, 7.535768124124289e-06, -1.052726401707268e-05, -3.3547430743358943e-06, -1.5242606815620222e-06], [4.405380047152255e-06, 7.535768124124289e-06, 2.7072714888983976e-05, 1.1735512698330947e-05, 3.6980305714503874e-07, 1.036959002094682e-08], [-6.920758872261364e-06, -1.052726401707268e-05, 1.1735512698330947e-05, 2.9387308533969537e-05, 5.994961408964368e-06, 2.8747037832696005e-06], [-1.976854781057744e-06, -3.3547430743358943e-06, 3.6980305714503874e-07, 5.994961408964368e-06, 5.01308433180097e-06, 1.3307558631928579e-06], [-8.470510869925612e-07, -1.5242606815620222e-06, 1.036959002094682e-08, 2.8747037832696005e-06, 1.3307558631928579e-06, 6.3293349875965895e-06]]</COVARIANCE_MATRIX>
		<ROI_SIZE>63563</ROI_SIZE>
		<MAX_VALUE>[0.12233317643404007, 0.14029330015182495, 0.11877217888832092, 0.10244802385568619, 0.056480471044778824, 0.036641329526901245]</MAX_VALUE>
		<MIN_VALUE>[0.0967167466878891, 0.09631610661745071, 0.08358389139175415, 0.03138885274529457, 0.0, 0.0]</MIN_VALUE>
		<SIGNATURE_THRESHOLD_MD>0</SIGNATURE_THRESHOLD_MD>
		<SIGNATURE_THRESHOLD_ML>0</SIGNATURE_THRESHOLD_ML>
		<SIGNATURE_THRESHOLD_SAM>0</SIGNATURE_THRESHOLD_SAM>
	</signature>
	<signature ID="20220104_140630261458_777">
		<MACROCLASSID>1</MACROCLASSID>
		<MACROCLASSINFO>waterbody</MACROCLASSINFO>
		<CLASSID>5</CLASSID>
		<CLASSINFO>C 1</CLASSINFO>
		<VALUES>[0.08906697870596593, 0.005229662661450633, 0.07668570987880229, 0.007383371327069071, 0.07369822830609653, 0.0104714577340131, 0.07670194436998469, 0.017758357967168865, 0.062258381437024356, 0.017322863038135572, 0.05037997606331888, 0.012774883377480317]</VALUES>
		<LCS_MIN>[0.07918969541788101, 0.06113435700535774, 0.05380919948220253, 0.04492393136024475, 0.025980671867728233, 0.024126915261149406]</LCS_MIN>
		<LCS_MAX>[0.10076144337654114, 0.09045249223709106, 0.09170426428318024, 0.10583179444074631, 0.08915881812572479, 0.07105597108602524]</LCS_MAX>
		<WAVELENGTH>[0.485, 0.56, 0.66, 0.83, 1.65, 2.215]</WAVELENGTH>
		<MEAN_VALUE>[0.08906697870596593, 0.07668570987880229, 0.07369822830609653, 0.07670194436998469, 0.062258381437024356, 0.05037997606331888]</MEAN_VALUE>
		<CHECKBOX>2</CHECKBOX>
		<SD>[0.005229662661450633, 0.007383371327069071, 0.0104714577340131, 0.017758357967168865, 0.017322863038135572, 0.012774883377480317]</SD>
		<WAVELENGTH_UNIT>E-6m</WAVELENGTH_UNIT>
		<COLOR>#8da4b3</COLOR>
		<COVARIANCE_MATRIX>[[2.7957135364850243e-05, 3.7369923689650125e-05, 5.188478346981051e-05, 8.081337597831394e-05, 7.05724123005333e-05, 5.3628852629187714e-05], [3.7369923689650125e-05, 5.5725598201238686e-05, 7.532496727680871e-05, 0.00012070520448796498, 0.00010402060183516608, 7.776667475822396e-05], [5.188478346981051e-05, 7.532496727680871e-05, 0.0001120881254546721, 0.00016766125241965632, 0.0001526071713929701, 0.00011286390100633572], [8.081337597831394e-05, 0.00012070520448796498, 0.00016766125241965632, 0.00032236726163877873, 0.0002547771894873671, 0.00017784255241796683], [7.05724123005333e-05, 0.00010402060183516608, 0.0001526071713929701, 0.0002547771894873671, 0.0003067500634788483, 0.00021133056587694358], [5.3628852629187714e-05, 7.776667475822396e-05, 0.00011286390100633572, 0.00017784255241796683, 0.00021133056587694358, 0.0001668242596484057]]</COVARIANCE_MATRIX>
		<ROI_SIZE>46</ROI_SIZE>
		<MAX_VALUE>[0.10076144337654114, 0.09045249223709106, 0.09170426428318024, 0.10583179444074631, 0.08915881812572479, 0.07105597108602524]</MAX_VALUE>
		<MIN_VALUE>[0.07918969541788101, 0.06113435700535774, 0.05380919948220253, 0.04492393136024475, 0.025980671867728233, 0.024126915261149406]</MIN_VALUE>
		<SIGNATURE_THRESHOLD_MD>0</SIGNATURE_THRESHOLD_MD>
		<SIGNATURE_THRESHOLD_ML>0</SIGNATURE_THRESHOLD_ML>
		<SIGNATURE_THRESHOLD_SAM>0</SIGNATURE_THRESHOLD_SAM>
	</signature>
	<signature ID="20220104_140638965259_756">
		<MACROCLASSID>1</MACROCLASSID>
		<MACROCLASSINFO>waterbody</MACROCLASSINFO>
		<CLASSID>6</CLASSID>
		<CLASSINFO>C 1</CLASSINFO>
		<VALUES>[0.0926720400651296, 0.005946698521806944, 0.08219010202270566, 0.009395523825817025, 0.08022091594157797, 0.011309196020103633, 0.08563170864275008, 0.01514379356575324, 0.07087214787801104, 0.016685954365629672, 0.05806752203991918, 0.013231492662306629]</VALUES>
		<LCS_MIN>[0.08323439955711365, 0.06699798256158829, 0.05922277644276619, 0.05845901742577553, 0.04340912774205208, 0.03976993262767792]</LCS_MIN>
		<LCS_MAX>[0.10345790535211563, 0.09924793243408203, 0.09982463717460632, 0.11259932816028595, 0.10005161166191101, 0.0866989865899086]</LCS_MAX>
		<WAVELENGTH>[0.485, 0.56, 0.66, 0.83, 1.65, 2.215]</WAVELENGTH>
		<MEAN_VALUE>[0.0926720400651296, 0.08219010202270566, 0.08022091594157797, 0.08563170864275008, 0.07087214787801104, 0.05806752203991918]</MEAN_VALUE>
		<CHECKBOX>2</CHECKBOX>
		<SD>[0.005946698521806944, 0.009395523825817025, 0.011309196020103633, 0.01514379356575324, 0.016685954365629672, 0.013231492662306629]</SD>
		<WAVELENGTH_UNIT>E-6m</WAVELENGTH_UNIT>
		<COLOR>#83ff2a</COLOR>
		<COVARIANCE_MATRIX>[[3.646832403767531e-05, 5.360946845367013e-05, 6.249576517083275e-05, 7.741338611997582e-05, 7.664270584874638e-05, 6.182141293685523e-05], [5.360946845367013e-05, 9.103448883529208e-05, 0.00010402216715755843, 0.00012767114478691533, 0.00012681705287211827, 9.456518190463074e-05], [6.249576517083275e-05, 0.00010402216715755843, 0.00013189472445303805, 0.00015920973693523996, 0.0001628738653922541, 0.0001245892402660407], [7.741338611997582e-05, 0.00012767114478691533, 0.00015920973693523996, 0.0002365011861734665, 0.00023276119621842695, 0.0001747270073000421], [7.664270584874638e-05, 0.00012681705287211827, 0.0001628738653922541, 0.00023276119621842695, 0.00028712173162599686, 0.00021257554294386899], [6.182141293685523e-05, 9.456518190463074e-05, 0.0001245892402660407, 0.0001747270073000421, 0.00021257554294386899, 0.00018054341051244527]]</COVARIANCE_MATRIX>
		<ROI_SIZE>33</ROI_SIZE>
		<MAX_VALUE>[0.10345790535211563, 0.09924793243408203, 0.09982463717460632, 0.11259932816028595, 0.10005161166191101, 0.0866989865899086]</MAX_VALUE>
		<MIN_VALUE>[0.08323439955711365, 0.06699798256158829, 0.05922277644276619, 0.05845901742577553, 0.04340912774205208, 0.03976993262767792]</MIN_VALUE>
		<SIGNATURE_THRESHOLD_MD>0</SIGNATURE_THRESHOLD_MD>
		<SIGNATURE_THRESHOLD_ML>0</SIGNATURE_THRESHOLD_ML>
		<SIGNATURE_THRESHOLD_SAM>0</SIGNATURE_THRESHOLD_SAM>
	</signature>
	<signature ID="20220104_140700705140_918">
		<MACROCLASSID>1</MACROCLASSID>
		<MACROCLASSINFO>waterbody</MACROCLASSINFO>
		<CLASSID>7</CLASSID>
		<CLASSINFO>C 1</CLASSINFO>
		<VALUES>[0.09021632985344956, 0.006426161210763152, 0.07841111094291722, 0.009249305229515038, 0.07517351196812731, 0.01059111139722489, 0.07948672425534045, 0.014309248908126647, 0.05974830480824624, 0.01723776293809939, 0.04937921364658645, 0.014163592249992848]</VALUES>
		<LCS_MIN>[0.07649322599172592, 0.05820253863930702, 0.05380919948220253, 0.04830770194530487, 0.030337786301970482, 0.024126915261149406]</LCS_MIN>
		<LCS_MAX>[0.09941321611404419, 0.09045249223709106, 0.08899747580289841, 0.10583179444074631, 0.09569449722766876, 0.07105597108602524]</LCS_MAX>
		<WAVELENGTH>[0.485, 0.56, 0.66, 0.83, 1.65, 2.215]</WAVELENGTH>
		<MEAN_VALUE>[0.09021632985344956, 0.07841111094291722, 0.07517351196812731, 0.07948672425534045, 0.05974830480824624, 0.04937921364658645]</MEAN_VALUE>
		<CHECKBOX>2</CHECKBOX>
		<SD>[0.006426161210763152, 0.009249305229515038, 0.01059111139722489, 0.014309248908126647, 0.01723776293809939, 0.014163592249992848]</SD>
		<WAVELENGTH_UNIT>E-6m</WAVELENGTH_UNIT>
		<COLOR>#46320c</COLOR>
		<COVARIANCE_MATRIX>[[4.282501264400277e-05, 5.966281197780704e-05, 6.792400708954592e-05, 8.109220652721513e-05, 8.827935659945624e-05, 7.633852025369201e-05], [5.966281197780704e-05, 8.871815268165027e-05, 9.954396550043778e-05, 0.00012038547562064657, 0.00013140914797750577, 0.0001111617437035306], [6.792400708954592e-05, 9.954396550043778e-05, 0.00011632614583688716, 0.00014371154007267805, 0.00015735982145738116, 0.00013242632992203145], [8.109220652721513e-05, 0.00012038547562064657, 0.00014371154007267805, 0.00021233810817823196, 0.00022661265921647772, 0.00018097831782814275], [8.827935659945624e-05, 0.00013140914797750577, 0.00015735982145738116, 0.00022661265921647772, 0.00030814567374382073, 0.00023678738632367755], [7.633852025369201e-05, 0.0001111617437035306, 0.00013242632992203145, 0.00018097831782814275, 0.00023678738632367755, 0.00020803724710643]]</COVARIANCE_MATRIX>
		<ROI_SIZE>28</ROI_SIZE>
		<MAX_VALUE>[0.09941321611404419, 0.09045249223709106, 0.08899747580289841, 0.10583179444074631, 0.09569449722766876, 0.07105597108602524]</MAX_VALUE>
		<MIN_VALUE>[0.07649322599172592, 0.05820253863930702, 0.05380919948220253, 0.04830770194530487, 0.030337786301970482, 0.024126915261149406]</MIN_VALUE>
		<SIGNATURE_THRESHOLD_MD>0</SIGNATURE_THRESHOLD_MD>
		<SIGNATURE_THRESHOLD_ML>0</SIGNATURE_THRESHOLD_ML>
		<SIGNATURE_THRESHOLD_SAM>0</SIGNATURE_THRESHOLD_SAM>
	</signature>
	<signature ID="20220104_140801528930_925">
		<MACROCLASSID>1</MACROCLASSID>
		<MACROCLASSINFO>waterbody</MACROCLASSINFO>
		<CLASSID>8</CLASSID>
		<CLASSINFO>C 1</CLASSINFO>
		<VALUES>[0.08249504611857475, 0.005031113887229717, 0.06855846268515434, 0.007404200656502647, 0.06354491520793208, 0.008930686780078068, 0.07314020569526379, 0.01213879876999116, 0.04969883280535859, 0.01449378315271408, 0.037852399667064024, 0.013025674714232017]</VALUES>
		<LCS_MIN>[0.07514499127864838, 0.05820253863930702, 0.0511024035513401, 0.05169147253036499, 0.025980671867728233, 0.014741105027496815]</LCS_MIN>
		<LCS_MAX>[0.09806497395038605, 0.08752067387104034, 0.08629068732261658, 0.09229671210050583, 0.08262314647436142, 0.0647987574338913]</LCS_MAX>
		<WAVELENGTH>[0.485, 0.56, 0.66, 0.83, 1.65, 2.215]</WAVELENGTH>
		<MEAN_VALUE>[0.08249504611857475, 0.06855846268515434, 0.06354491520793208, 0.07314020569526379, 0.04969883280535859, 0.037852399667064024]</MEAN_VALUE>
		<CHECKBOX>2</CHECKBOX>
		<SD>[0.005031113887229717, 0.007404200656502647, 0.008930686780078068, 0.01213879876999116, 0.01449378315271408, 0.013025674714232017]</SD>
		<WAVELENGTH_UNIT>E-6m</WAVELENGTH_UNIT>
		<COLOR>#a08338</COLOR>
		<COVARIANCE_MATRIX>[[2.5727059519165427e-05, 3.363721540766107e-05, 4.309211757872007e-05, 3.578762591399565e-05, 5.254040634247692e-05, 5.125057531610892e-05], [3.363721540766107e-05, 5.5720911744733804e-05, 6.326611342917362e-05, 6.095831527171169e-05, 8.405092819344852e-05, 7.912777479985178e-05], [4.309211757872007e-05, 6.326611342917362e-05, 8.106466089441635e-05, 6.823840217004926e-05, 0.00010258453177544493, 9.96333474120158e-05], [3.578762591399565e-05, 6.095831527171169e-05, 6.823840217004926e-05, 0.00014976601648945926, 0.00014457919846585265, 0.00011729656500451804], [5.254040634247692e-05, 8.405092819344852e-05, 0.00010258453177544493, 0.00014457919846585265, 0.00021351351647261815, 0.0001755034105658603], [5.125057531610892e-05, 7.912777479985178e-05, 9.96333474120158e-05, 0.00011729656500451804, 0.0001755034105658603, 0.0001724496476914913]]</COVARIANCE_MATRIX>
		<ROI_SIZE>62</ROI_SIZE>
		<MAX_VALUE>[0.09806497395038605, 0.08752067387104034, 0.08629068732261658, 0.09229671210050583, 0.08262314647436142, 0.0647987574338913]</MAX_VALUE>
		<MIN_VALUE>[0.07514499127864838, 0.05820253863930702, 0.0511024035513401, 0.05169147253036499, 0.025980671867728233, 0.014741105027496815]</MIN_VALUE>
		<SIGNATURE_THRESHOLD_MD>0</SIGNATURE_THRESHOLD_MD>
		<SIGNATURE_THRESHOLD_ML>0</SIGNATURE_THRESHOLD_ML>
		<SIGNATURE_THRESHOLD_SAM>0</SIGNATURE_THRESHOLD_SAM>
	</signature>
	<signature ID="20220104_140829623113_711">
		<MACROCLASSID>1</MACROCLASSID>
		<MACROCLASSINFO>waterbody</MACROCLASSINFO>
		<CLASSID>9</CLASSID>
		<CLASSINFO>C 1</CLASSINFO>
		<VALUES>[0.08798253050316933, 0.006815438128038699, 0.07987246532802998, 0.009771233233033222, 0.07746419650704967, 0.013072216441784822, 0.08449932803278383, 0.025350007639297446, 0.06424749691201291, 0.027853439069045492, 0.053372555047921516, 0.021251460988019073]</VALUES>
		<LCS_MIN>[0.07649322599172592, 0.06406617164611816, 0.05651599168777466, 0.04492393136024475, 0.02380211465060711, 0.017869707196950912]</LCS_MIN>
		<LCS_MAX>[0.10076144337654114, 0.09631610661745071, 0.0971178486943245, 0.12613441050052643, 0.12183717638254166, 0.09295619279146194]</LCS_MAX>
		<WAVELENGTH>[0.485, 0.56, 0.66, 0.83, 1.65, 2.215]</WAVELENGTH>
		<MEAN_VALUE>[0.08798253050316933, 0.07987246532802998, 0.07746419650704967, 0.08449932803278383, 0.06424749691201291, 0.053372555047921516]</MEAN_VALUE>
		<CHECKBOX>2</CHECKBOX>
		<SD>[0.006815438128038699, 0.009771233233033222, 0.013072216441784822, 0.025350007639297446, 0.027853439069045492, 0.021251460988019073]</SD>
		<WAVELENGTH_UNIT>E-6m</WAVELENGTH_UNIT>
		<COLOR>#d16a6c</COLOR>
		<COVARIANCE_MATRIX>[[4.8561569462447444e-05, 6.43770595192055e-05, 8.843635683524639e-05, 0.00015483237805978138, 0.00014728978088559029, 0.00012919361503706739], [6.43770595192055e-05, 9.981686248043888e-05, 0.0001307055393328367, 0.00023481979232650924, 0.00023078211896246367, 0.0001896492231616062], [8.843635683524639e-05, 0.0001307055393328367, 0.00017865024464181796, 0.0003218918777780906, 0.0003220218809018791, 0.00026294112792553035], [0.00015483237805978138, 0.00023481979232650924, 0.0003218918777780906, 0.0006718330185539134, 0.0006925934684312692, 0.0005276081224660293], [0.00014728978088559029, 0.00023078211896246367, 0.0003220218809018791, 0.0006925934684312692, 0.0008110783437899861, 0.0005894085716164365], [0.00012919361503706739, 0.0001896492231616062, 0.00026294112792553035, 0.0005276081224660293, 0.0005894085716164365, 0.0004721529847673556]]</COVARIANCE_MATRIX>
		<ROI_SIZE>23</ROI_SIZE>
		<MAX_VALUE>[0.10076144337654114, 0.09631610661745071, 0.0971178486943245, 0.12613441050052643, 0.12183717638254166, 0.09295619279146194]</MAX_VALUE>
		<MIN_VALUE>[0.07649322599172592, 0.06406617164611816, 0.05651599168777466, 0.04492393136024475, 0.02380211465060711, 0.017869707196950912]</MIN_VALUE>
		<SIGNATURE_THRESHOLD_MD>0</SIGNATURE_THRESHOLD_MD>
		<SIGNATURE_THRESHOLD_ML>0</SIGNATURE_THRESHOLD_ML>
		<SIGNATURE_THRESHOLD_SAM>0</SIGNATURE_THRESHOLD_SAM>
	</signature>
	<signature ID="20220104_140844136150_558">
		<MACROCLASSID>1</MACROCLASSID>
		<MACROCLASSINFO>waterbody</MACROCLASSINFO>
		<CLASSID>10</CLASSID>
		<CLASSINFO>C 1</CLASSINFO>
		<VALUES>[0.08405043694533798, 0.005563553635724805, 0.07093278308840176, 0.007528247876271922, 0.06278434787925921, 0.009541812014419147, 0.058993290325528684, 0.016981534423804748, 0.04117323977774695, 0.014754433777891809, 0.03507702537861309, 0.01385742409621136]</VALUES>
		<LCS_MIN>[0.07514499127864838, 0.06113435700535774, 0.0511024035513401, 0.03477261960506439, 0.017266442999243736, 0.011612501926720142]</LCS_MIN>
		<LCS_MAX>[0.09806497395038605, 0.08752067387104034, 0.08087711036205292, 0.09906425327062607, 0.0717303678393364, 0.05854155123233795]</LCS_MAX>
		<WAVELENGTH>[0.485, 0.56, 0.66, 0.83, 1.65, 2.215]</WAVELENGTH>
		<MEAN_VALUE>[0.08405043694533798, 0.07093278308840176, 0.06278434787925921, 0.058993290325528684, 0.04117323977774695, 0.03507702537861309]</MEAN_VALUE>
		<CHECKBOX>2</CHECKBOX>
		<SD>[0.005563553635724805, 0.007528247876271922, 0.009541812014419147, 0.016981534423804748, 0.014754433777891809, 0.01385742409621136]</SD>
		<WAVELENGTH_UNIT>E-6m</WAVELENGTH_UNIT>
		<COLOR>#f6fad1</COLOR>
		<COVARIANCE_MATRIX>[[3.178970011319725e-05, 3.975543303556456e-05, 5.017781334479699e-05, 6.712084786629563e-05, 6.188813968524422e-05, 6.275835716639849e-05], [3.975543303556456e-05, 5.8206259764608666e-05, 7.075623201585316e-05, 9.919166827210124e-05, 8.913349754577092e-05, 8.366787208013517e-05], [5.017781334479699e-05, 7.075623201585316e-05, 9.350688399198692e-05, 0.00013072974424997095, 0.00011049766849013545, 0.00011466775105969505], [6.712084786629563e-05, 9.919166827210124e-05, 0.00013072974424997095, 0.0002961663630459704, 0.0002168003236198141, 0.00021144333891505746], [6.188813968524422e-05, 8.913349754577092e-05, 0.00011049766849013545, 0.0002168003236198141, 0.0002235769192442, 0.0001785934385504565], [6.275835716639849e-05, 8.366787208013517e-05, 0.00011466775105969505, 0.00021144333891505746, 0.0001785934385504565, 0.0001972181540034014]]</COVARIANCE_MATRIX>
		<ROI_SIZE>38</ROI_SIZE>
		<MAX_VALUE>[0.09806497395038605, 0.08752067387104034, 0.08087711036205292, 0.09906425327062607, 0.0717303678393364, 0.05854155123233795]</MAX_VALUE>
		<MIN_VALUE>[0.07514499127864838, 0.06113435700535774, 0.0511024035513401, 0.03477261960506439, 0.017266442999243736, 0.011612501926720142]</MIN_VALUE>
		<SIGNATURE_THRESHOLD_MD>0</SIGNATURE_THRESHOLD_MD>
		<SIGNATURE_THRESHOLD_ML>0</SIGNATURE_THRESHOLD_ML>
		<SIGNATURE_THRESHOLD_SAM>0</SIGNATURE_THRESHOLD_SAM>
	</signature>
	<signature ID="20220104_140858525853_919">
		<MACROCLASSID>1</MACROCLASSID>
		<MACROCLASSINFO>waterbody</MACROCLASSINFO>
		<CLASSID>11</CLASSID>
		<CLASSINFO>C 1</CLASSINFO>
		<VALUES>[0.09041634244987597, 0.0054683862141421905, 0.08019113891686386, 0.00820222855031685, 0.07411013185404815, 0.010689649444068413, 0.07674438298608248, 0.017772657378396672, 0.05932935252069281, 0.01729460208426171, 0.04879474790336995, 0.014107483251840722]</VALUES>
		<LCS_MIN>[0.07649322599172592, 0.06113435700535774, 0.05380919948220253, 0.04154016077518463, 0.02380211465060711, 0.020998308435082436]</LCS_MIN>
		<LCS_MAX>[0.09941321611404419, 0.09631610661745071, 0.09441106766462326, 0.11259932816028595, 0.09133738279342651, 0.07731318473815918]</LCS_MAX>
		<WAVELENGTH>[0.485, 0.56, 0.66, 0.83, 1.65, 2.215]</WAVELENGTH>
		<MEAN_VALUE>[0.09041634244987597, 0.08019113891686386, 0.07411013185404815, 0.07674438298608248, 0.05932935252069281, 0.04879474790336995]</MEAN_VALUE>
		<CHECKBOX>2</CHECKBOX>
		<SD>[0.0054683862141421905, 0.00820222855031685, 0.010689649444068413, 0.017772657378396672, 0.01729460208426171, 0.014107483251840722]</SD>
		<WAVELENGTH_UNIT>E-6m</WAVELENGTH_UNIT>
		<COLOR>#8466ab</COLOR>
		<COVARIANCE_MATRIX>[[3.0489585978922702e-05, 4.1814129955500194e-05, 5.391793411574194e-05, 8.588716196060561e-05, 7.1228349487254e-05, 6.120048739109753e-05], [4.1814129955500194e-05, 6.85957012934296e-05, 8.542661455508018e-05, 0.00013217717342470212, 0.00011471772950384197, 9.586142570477438e-05], [5.391793411574194e-05, 8.542661455508018e-05, 0.00011650916612407353, 0.0001782443937153695, 0.0001543599964385247, 0.0001283555154748768], [8.588716196060561e-05, 0.00013217717342470212, 0.0001782443937153695, 0.0003220608277465418, 0.00026097945948713025, 0.0002192901230583472], [7.1228349487254e-05, 0.00011471772950384197, 0.0001543599964385247, 0.00026097945948713025, 0.0003049680310814388, 0.0002242339699225365], [6.120048739109753e-05, 9.586142570477438e-05, 0.0001283555154748768, 0.0002192901230583472, 0.0002242339699225365, 0.0002029234578911815]]</COVARIANCE_MATRIX>
		<ROI_SIZE>52</ROI_SIZE>
		<MAX_VALUE>[0.09941321611404419, 0.09631610661745071, 0.09441106766462326, 0.11259932816028595, 0.09133738279342651, 0.07731318473815918]</MAX_VALUE>
		<MIN_VALUE>[0.07649322599172592, 0.06113435700535774, 0.05380919948220253, 0.04154016077518463, 0.02380211465060711, 0.020998308435082436]</MIN_VALUE>
		<SIGNATURE_THRESHOLD_MD>0</SIGNATURE_THRESHOLD_MD>
		<SIGNATURE_THRESHOLD_ML>0</SIGNATURE_THRESHOLD_ML>
		<SIGNATURE_THRESHOLD_SAM>0</SIGNATURE_THRESHOLD_SAM>
	</signature>
	<signature ID="20220104_140913595775_154">
		<MACROCLASSID>1</MACROCLASSID>
		<MACROCLASSINFO>waterbody</MACROCLASSINFO>
		<CLASSID>12</CLASSID>
		<CLASSINFO>C 1</CLASSINFO>
		<VALUES>[0.10787193621806013, 0.0017421142989609455, 0.16311232367173792, 0.003349733250772629, 0.21293036699136547, 0.0067860519610218415, 0.11893489565502133, 0.004005529042385847, 0.009740208819610121, 0.004395900242091761, 0.005922041103947282, 0.003271141237258679]</VALUES>
		<LCS_MIN>[0.10076144337654114, 0.14322511851787567, 0.18914876878261566, 0.10921556502580643, 0.0, 0.0]</LCS_MIN>
		<LCS_MAX>[0.11289554089307785, 0.16961145401000977, 0.22704383730888367, 0.14305327832698822, 0.03469489514827728, 0.017869707196950912]</LCS_MAX>
		<WAVELENGTH>[0.485, 0.56, 0.66, 0.83, 1.65, 2.215]</WAVELENGTH>
		<MEAN_VALUE>[0.10787193621806013, 0.16311232367173792, 0.21293036699136547, 0.11893489565502133, 0.009740208819610121, 0.005922041103947282]</MEAN_VALUE>
		<CHECKBOX>2</CHECKBOX>
		<SD>[0.0017421142989609455, 0.003349733250772629, 0.0067860519610218415, 0.004005529042385847, 0.004395900242091761, 0.003271141237258679]</SD>
		<WAVELENGTH_UNIT>E-6m</WAVELENGTH_UNIT>
		<COLOR>#53a786</COLOR>
		<COVARIANCE_MATRIX>[[3.0390034586476737e-06, 2.745628222290108e-06, 4.578028438589961e-06, -2.1486385251247327e-06, -2.3320033098328827e-06, -9.589851327100026e-07], [2.745628222290108e-06, 1.1235653880427932e-05, 1.4911110639767142e-05, -7.18362422319275e-06, -7.365517409010824e-06, -3.917674667347287e-06], [4.578028438589961e-06, 1.4911110639767142e-05, 4.611182012743227e-05, -1.3336931441496451e-05, -1.623124316346485e-05, -8.579178626880382e-06], [-2.1486385251247327e-06, -7.18362422319275e-06, -1.3336931441496451e-05, 1.6065626774788594e-05, 1.2271846434603604e-05, 6.783260978774826e-06], [-2.3320033098328827e-06, -7.365517409010824e-06, -1.623124316346485e-05, 1.2271846434603604e-05, 1.934966988241496e-05, 8.799665157978733e-06], [-9.589851327100026e-07, -3.917674667347287e-06, -8.579178626880382e-06, 6.783260978774826e-06, 8.799665157978733e-06, 1.0714613149878654e-05]]</COVARIANCE_MATRIX>
		<ROI_SIZE>752</ROI_SIZE>
		<MAX_VALUE>[0.11289554089307785, 0.16961145401000977, 0.22704383730888367, 0.14305327832698822, 0.03469489514827728, 0.017869707196950912]</MAX_VALUE>
		<MIN_VALUE>[0.10076144337654114, 0.14322511851787567, 0.18914876878261566, 0.10921556502580643, 0.0, 0.0]</MIN_VALUE>
		<SIGNATURE_THRESHOLD_MD>0</SIGNATURE_THRESHOLD_MD>
		<SIGNATURE_THRESHOLD_ML>0</SIGNATURE_THRESHOLD_ML>
		<SIGNATURE_THRESHOLD_SAM>0</SIGNATURE_THRESHOLD_SAM>
	</signature>
	<signature ID="20220104_140942536013_233">
		<MACROCLASSID>1</MACROCLASSID>
		<MACROCLASSINFO>waterbody</MACROCLASSINFO>
		<CLASSID>13</CLASSID>
		<CLASSINFO>C 1</CLASSINFO>
		<VALUES>[0.09592033380362315, 0.003349207553966683, 0.09726960098255523, 0.004811124433867596, 0.08477560369775894, 0.00530681075466727, 0.08004925995076134, 0.022074718703889384, 0.03041008227521274, 0.010912288538367728, 0.01674839384355211, 0.00584185558881187]</VALUES>
		<LCS_MIN>[0.08727911114692688, 0.0816570445895195, 0.06734316051006317, 0.04492393136024475, 0.012909329496324062, 0.005355293396860361]</LCS_MIN>
		<LCS_MAX>[0.10885083675384521, 0.11390699446201324, 0.10523822903633118, 0.12275063991546631, 0.06519468873739243, 0.030384119600057602]</LCS_MAX>
		<WAVELENGTH>[0.485, 0.56, 0.66, 0.83, 1.65, 2.215]</WAVELENGTH>
		<MEAN_VALUE>[0.09592033380362315, 0.09726960098255523, 0.08477560369775894, 0.08004925995076134, 0.03041008227521274, 0.01674839384355211]</MEAN_VALUE>
		<CHECKBOX>2</CHECKBOX>
		<SD>[0.003349207553966683, 0.004811124433867596, 0.00530681075466727, 0.022074718703889384, 0.010912288538367728, 0.00584185558881187]</SD>
		<WAVELENGTH_UNIT>E-6m</WAVELENGTH_UNIT>
		<COLOR>#b89046</COLOR>
		<COVARIANCE_MATRIX>[[1.12420630604777e-05, 1.248789257419861e-05, 1.3258768907640298e-05, -1.9011188681815196e-05, -7.33416762830212e-06, -1.4655346313922164e-06], [1.248789257419861e-05, 2.3198241862100433e-05, 2.2140721514936035e-05, -5.681650367639832e-05, -2.3875626452740337e-05, -9.300894445912036e-06], [1.3258768907640298e-05, 2.2140721514936035e-05, 2.822468437783864e-05, -7.137895174989707e-05, -2.8433283217436672e-05, -1.2142713136843457e-05], [-1.9011188681815196e-05, -5.681650367639832e-05, -7.137895174989707e-05, 0.0004883736785961012, 0.0002109573568602399, 0.00010146690269868358], [-7.33416762830212e-06, -2.3875626452740337e-05, -2.8433283217436672e-05, 0.0002109573568602399, 0.00011934207227794994, 5.30211294286672e-05], [-1.4655346313922164e-06, -9.300894445912036e-06, -1.2142713136843457e-05, 0.00010146690269868358, 5.30211294286672e-05, 3.4202946957163334e-05]]</COVARIANCE_MATRIX>
		<ROI_SIZE>452</ROI_SIZE>
		<MAX_VALUE>[0.10885083675384521, 0.11390699446201324, 0.10523822903633118, 0.12275063991546631, 0.06519468873739243, 0.030384119600057602]</MAX_VALUE>
		<MIN_VALUE>[0.08727911114692688, 0.0816570445895195, 0.06734316051006317, 0.04492393136024475, 0.012909329496324062, 0.005355293396860361]</MIN_VALUE>
		<SIGNATURE_THRESHOLD_MD>0</SIGNATURE_THRESHOLD_MD>
		<SIGNATURE_THRESHOLD_ML>0</SIGNATURE_THRESHOLD_ML>
		<SIGNATURE_THRESHOLD_SAM>0</SIGNATURE_THRESHOLD_SAM>
	</signature>
	<signature ID="20220104_140950319140_390">
		<MACROCLASSID>1</MACROCLASSID>
		<MACROCLASSINFO>waterbody</MACROCLASSINFO>
		<CLASSID>14</CLASSID>
		<CLASSINFO>C 1</CLASSINFO>
		<VALUES>[0.09647066062225883, 0.002909794513632962, 0.10092161987881054, 0.0043161471877389114, 0.0849609432868587, 0.0046908919190526204, 0.06962873795368132, 0.020653486293261976, 0.026259864857691592, 0.010739649983836082, 0.014153584717655349, 0.005932966571288818]</VALUES>
		<LCS_MIN>[0.08997556567192078, 0.08458886295557022, 0.0700499415397644, 0.03815639391541481, 0.008552216924726963, 0.0]</LCS_MIN>
		<LCS_MAX>[0.11694025993347168, 0.1344296783208847, 0.12147895991802216, 0.11936686933040619, 0.0717303678393364, 0.04915573447942734]</LCS_MAX>
		<WAVELENGTH>[0.485, 0.56, 0.66, 0.83, 1.65, 2.215]</WAVELENGTH>
		<MEAN_VALUE>[0.09647066062225883, 0.10092161987881054, 0.0849609432868587, 0.06962873795368132, 0.026259864857691592, 0.014153584717655349]</MEAN_VALUE>
		<CHECKBOX>2</CHECKBOX>
		<SD>[0.002909794513632962, 0.0043161471877389114, 0.0046908919190526204, 0.020653486293261976, 0.010739649983836082, 0.005932966571288818]</SD>
		<WAVELENGTH_UNIT>E-6m</WAVELENGTH_UNIT>
		<COLOR>#748444</COLOR>
		<COVARIANCE_MATRIX>[[8.483376687661015e-06, 8.841142105561192e-06, 9.931591785462609e-06, -2.207130669815618e-05, -1.0919965670972915e-05, -3.829536195031181e-06], [8.841142105561192e-06, 1.866536998308686e-05, 1.703619787475921e-05, -4.870511137092947e-05, -2.271127329808615e-05, -1.0109379101496002e-05], [9.931591785462609e-06, 1.703619787475921e-05, 2.2047277243307512e-05, -5.8248886432226804e-05, -2.686386834325935e-05, -1.1388318560622791e-05], [-2.207130669815618e-05, -4.870511137092947e-05, -5.8248886432226804e-05, 0.00042739639197270367, 0.00019410518424653575, 9.01900363719529e-05], [-1.0919965670972915e-05, -2.271127329808615e-05, -2.686386834325935e-05, 0.00019410518424653575, 0.00011556447882156585, 5.395028060088407e-05], [-3.829536195031181e-06, -1.0109379101496002e-05, -1.1388318560622791e-05, 9.01900363719529e-05, 5.395028060088407e-05, 3.526857500594502e-05]]</COVARIANCE_MATRIX>
		<ROI_SIZE>515</ROI_SIZE>
		<MAX_VALUE>[0.11694025993347168, 0.1344296783208847, 0.12147895991802216, 0.11936686933040619, 0.0717303678393364, 0.04915573447942734]</MAX_VALUE>
		<MIN_VALUE>[0.08997556567192078, 0.08458886295557022, 0.0700499415397644, 0.03815639391541481, 0.008552216924726963, 0.0]</MIN_VALUE>
		<SIGNATURE_THRESHOLD_MD>0</SIGNATURE_THRESHOLD_MD>
		<SIGNATURE_THRESHOLD_ML>0</SIGNATURE_THRESHOLD_ML>
		<SIGNATURE_THRESHOLD_SAM>0</SIGNATURE_THRESHOLD_SAM>
	</signature>
	<signature ID="20220104_140958666062_564">
		<MACROCLASSID>1</MACROCLASSID>
		<MACROCLASSINFO>waterbody</MACROCLASSINFO>
		<CLASSID>15</CLASSID>
		<CLASSINFO>C 1</CLASSINFO>
		<VALUES>[0.09788381040561946, 0.0025033498082206963, 0.10311424965038897, 0.004575783342220426, 0.08514030039077633, 0.004401655439313538, 0.0614198103779927, 0.014981781684409909, 0.023836154202581377, 0.00815952622933928, 0.013225687308295158, 0.0051047604999819645]</VALUES>
		<LCS_MIN>[0.08053793013095856, 0.06699798256158829, 0.0511024035513401, 0.03477261960506439, 0.010730773210525513, 0.002226690761744976]</LCS_MIN>
		<LCS_MAX>[0.10345790535211563, 0.11097518354654312, 0.09441106766462326, 0.09906425327062607, 0.05212335288524628, 0.036641329526901245]</LCS_MAX>
		<WAVELENGTH>[0.485, 0.56, 0.66, 0.83, 1.65, 2.215]</WAVELENGTH>
		<MEAN_VALUE>[0.09788381040561946, 0.10311424965038897, 0.08514030039077633, 0.0614198103779927, 0.023836154202581377, 0.013225687308295158]</MEAN_VALUE>
		<CHECKBOX>2</CHECKBOX>
		<SD>[0.0025033498082206963, 0.004575783342220426, 0.004401655439313538, 0.014981781684409909, 0.00815952622933928, 0.0051047604999819645]</SD>
		<WAVELENGTH_UNIT>E-6m</WAVELENGTH_UNIT>
		<COLOR>#6eb897</COLOR>
		<COVARIANCE_MATRIX>[[4.317634603708884e-06, 4.58465128034601e-06, 4.13432876188825e-06, -1.1898186337331717e-05, -6.138921901750366e-06, -2.2729298828647576e-06], [4.58465128034601e-06, 1.3937956989841407e-05, 9.300045032403383e-06, -3.1206805876464755e-05, -1.568132515934319e-05, -7.17637623870591e-06], [4.13432876188825e-06, 9.300045032403383e-06, 1.1847371107341336e-05, -3.096578690714597e-05, -1.4382132855890979e-05, -6.8357851369966996e-06], [-1.1898186337331717e-05, -3.1206805876464755e-05, -3.096578690714597e-05, 0.00019183245166425059, 8.975010917763705e-05, 4.443051441282194e-05], [-6.138921901750366e-06, -1.568132515934319e-05, -1.4382132855890979e-05, 8.975010917763705e-05, 5.964164991471925e-05, 2.8530521797598148e-05], [-2.2729298828647576e-06, -7.17637623870591e-06, -6.8357851369966996e-06, 4.443051441282194e-05, 2.8530521797598148e-05, 2.182732992773374e-05]]</COVARIANCE_MATRIX>
		<ROI_SIZE>842</ROI_SIZE>
		<MAX_VALUE>[0.10345790535211563, 0.11097518354654312, 0.09441106766462326, 0.09906425327062607, 0.05212335288524628, 0.036641329526901245]</MAX_VALUE>
		<MIN_VALUE>[0.08053793013095856, 0.06699798256158829, 0.0511024035513401, 0.03477261960506439, 0.010730773210525513, 0.002226690761744976]</MIN_VALUE>
		<SIGNATURE_THRESHOLD_MD>0</SIGNATURE_THRESHOLD_MD>
		<SIGNATURE_THRESHOLD_ML>0</SIGNATURE_THRESHOLD_ML>
		<SIGNATURE_THRESHOLD_SAM>0</SIGNATURE_THRESHOLD_SAM>
	</signature>
	<signature ID="20220104_141005646871_976">
		<MACROCLASSID>1</MACROCLASSID>
		<MACROCLASSINFO>waterbody</MACROCLASSINFO>
		<CLASSID>16</CLASSID>
		<CLASSINFO>C 1</CLASSINFO>
		<VALUES>[0.10381032347441528, 0.002821960949757691, 0.11665181180458, 0.004355138608260442, 0.0884733828875092, 0.002710001663036415, 0.037938643383723554, 0.005573295724942376, 0.009211086494909667, 0.003143385165416295, 0.006212402690692063, 0.0025854872110247814]</VALUES>
		<LCS_MIN>[0.09267203509807587, 0.09338430315256119, 0.07817032188177109, 0.02462131343781948, 0.0, 0.0]</LCS_MIN>
		<LCS_MAX>[0.1115473061800003, 0.12563425302505493, 0.09982463717460632, 0.08214540034532547, 0.03905201703310013, 0.024126915261149406]</LCS_MAX>
		<WAVELENGTH>[0.485, 0.56, 0.66, 0.83, 1.65, 2.215]</WAVELENGTH>
		<MEAN_VALUE>[0.10381032347441528, 0.11665181180458, 0.0884733828875092, 0.037938643383723554, 0.009211086494909667, 0.006212402690692063]</MEAN_VALUE>
