<?xml version="1.0" ?>
<signaturelist MCID_LIST="[['1', 'waterbody', '#b804bb'], ['2', 'vegetation', '#7eb88a'], ['3', 'bareland', '#075a2a'], ['4', 'built-up', '#f6b201']]">
	<signature ID="20210616_153644000626_429">
		<MACROCLASSID>1</MACROCLASSID>
		<MACROCLASSINFO>waterbody</MACROCLASSINFO>
		<CLASSID>1</CLASSID>
		<CLASSINFO>C 1</CLASSINFO>
		<VALUES>[0.13773352, 0.0070213857, 0.112136416, 0.009905274, 0.08851891, 0.0077873664, 0.06600806, 0.0058801067, 0.021650493, 0.003771717, 0.012332622, 0.0036017895]</VALUES>
		<LCS_MIN>[0.123012066, 0.09243571, 0.06723043, 0.051901214, 0.007963394, 0.0]</LCS_MIN>
		<LCS_MAX>[0.15567939, 0.13656935, 0.10781355, 0.09840657, 0.07056798, 0.049689453]</LCS_MAX>
		<WAVELENGTH>[0.485, 0.56, 0.66, 0.83, 1.65, 2.215]</WAVELENGTH>
		<MEAN_VALUE>[0.13773352, 0.112136416, 0.08851891, 0.06600806, 0.021650493, 0.012332622]</MEAN_VALUE>
		<CHECKBOX>2</CHECKBOX>
		<SD>[0.0070213857, 0.009905274, 0.0077873664, 0.0058801067, 0.003771717, 0.0036017895]</SD>
		<WAVELENGTH_UNIT>E-6m</WAVELENGTH_UNIT>
		<COLOR>#b804bb</COLOR>
		<COVARIANCE_MATRIX>[[4.930574505124241e-05, 6.36622280580923e-05, 4.966177584719844e-05, 3.0332590540638193e-05, 7.267361525009619e-06, 1.3212484191171825e-06], [6.36622280580923e-05, 9.812616917770356e-05, 7.167785952333361e-05, 4.050438656122424e-05, 7.840022590244189e-06, 2.0698827540854836e-07], [4.966177584719844e-05, 7.167785952333361e-05, 6.065031993784942e-05, 3.4956068702740595e-05, 8.203059223887976e-06, 1.5257209042829345e-06], [3.0332590540638193e-05, 4.050438656122424e-05, 3.4956068702740595e-05, 3.457978164078668e-05, 1.1196713785466272e-05, 5.031616183259757e-06], [7.267361525009619e-06, 7.840022590244189e-06, 8.203059223887976e-06, 1.1196713785466272e-05, 1.4227548490453046e-05, 6.577188287337776e-06], [1.3212484191171825e-06, 2.0698827540854836e-07, 1.5257209042829345e-06, 5.031616183259757e-06, 6.577188287337776e-06, 1.2974437595403288e-05]]</COVARIANCE_MATRIX>
		<ROI_SIZE>8369</ROI_SIZE>
		<MAX_VALUE>[0.15567939, 0.13656935, 0.10781355, 0.09840657, 0.07056798, 0.049689453]</MAX_VALUE>
		<MIN_VALUE>[0.123012066, 0.09243571, 0.06723043, 0.051901214, 0.007963394, 0.0]</MIN_VALUE>
		<SIGNATURE_THRESHOLD_MD>0.0</SIGNATURE_THRESHOLD_MD>
		<SIGNATURE_THRESHOLD_ML>0.0</SIGNATURE_THRESHOLD_ML>
		<SIGNATURE_THRESHOLD_SAM>0.0</SIGNATURE_THRESHOLD_SAM>
	</signature>
	<signature ID="20210616_154655942605_342">
		<MACROCLASSID>1</MACROCLASSID>
		<MACROCLASSINFO>waterbody</MACROCLASSINFO>
		<CLASSID>2</CLASSID>
		<CLASSINFO>C 1</CLASSINFO>
		<VALUES>[0.13080019, 0.002395286, 0.107517876, 0.0028173013, 0.081276536, 0.0028203782, 0.074652426, 0.0038195676, 0.022770142, 0.0033316778, 0.011627143, 0.00321266]</VALUES>
		<LCS_MIN>[0.123012066, 0.10046, 0.07737621, 0.06881226, 0.01340727, 0.0027820782]</LCS_MIN>
		<LCS_MAX>[0.13838492, 0.1165086, 0.090903915, 0.08572329, 0.0297389, 0.018417869]</LCS_MAX>
		<WAVELENGTH>[0.485, 0.56, 0.66, 0.83, 1.65, 2.215]</WAVELENGTH>
		<MEAN_VALUE>[0.13080019, 0.107517876, 0.081276536, 0.074652426, 0.022770142, 0.011627143]</MEAN_VALUE>
		<CHECKBOX>2</CHECKBOX>
		<SD>[0.002395286, 0.0028173013, 0.0028203782, 0.0038195676, 0.0033316778, 0.00321266]</SD>
		<WAVELENGTH_UNIT>E-6m</WAVELENGTH_UNIT>
		<COLOR>#bfe83b</COLOR>
		<COVARIANCE_MATRIX>[[5.747883278672816e-06, 1.7757201931090094e-06, 2.3589652755617863e-06, 2.0635411601688247e-06, 9.681323263066588e-07, 6.094246032262163e-07], [1.7757201931090094e-06, 7.951697625685483e-06, 3.900314823113149e-06, 3.359702759553329e-06, 1.7978662754103425e-06, 1.3385601960180793e-06], [2.3589652755617863e-06, 3.900314823113149e-06, 7.969075340952259e-06, 3.68462610822462e-06, 2.0709358068415895e-06, 8.441089107691369e-07], [2.0635411601688247e-06, 3.359702759553329e-06, 3.68462610822462e-06, 1.4615767213399522e-05, 4.482859822019236e-06, 2.238128217868507e-06], [9.681323263066588e-07, 1.7978662754103425e-06, 2.0709358068415895e-06, 4.482859822019236e-06, 1.112036898121005e-05, 3.922793894162169e-06], [6.094246032262163e-07, 1.3385601960180793e-06, 8.441089107691369e-07, 2.238128217868507e-06, 3.922793894162169e-06, 1.0340053449908737e-05]]</COVARIANCE_MATRIX>
		<ROI_SIZE>548</ROI_SIZE>
		<MAX_VALUE>[0.13838492, 0.1165086, 0.090903915, 0.08572329, 0.0297389, 0.018417869]</MAX_VALUE>
		<MIN_VALUE>[0.123012066, 0.10046, 0.07737621, 0.06881226, 0.01340727, 0.0027820782]</MIN_VALUE>
		<SIGNATURE_THRESHOLD_MD>0.0</SIGNATURE_THRESHOLD_MD>
		<SIGNATURE_THRESHOLD_ML>0.0</SIGNATURE_THRESHOLD_ML>
		<SIGNATURE_THRESHOLD_SAM>0.0</SIGNATURE_THRESHOLD_SAM>
	</signature>
	<signature ID="20210616_155246923881_630">
		<MACROCLASSID>1</MACROCLASSID>
		<MACROCLASSINFO>waterbody</MACROCLASSINFO>
		<CLASSID>3</CLASSID>
		<CLASSINFO>C 1</CLASSINFO>
		<VALUES>[0.12886398, 0.0026830737, 0.10493439, 0.0028537898, 0.07870093, 0.0035717147, 0.074923344, 0.0048671877, 0.023437887, 0.0052452493, 0.012311265, 0.0045710993]</VALUES>
		<LCS_MIN>[0.11916887, 0.09644785, 0.07061236, 0.06458449, 0.01340727, 0.0027820782]</LCS_MIN>
		<LCS_MAX>[0.14030653, 0.1165086, 0.090903915, 0.14068416, 0.084177665, 0.049689453]</LCS_MAX>
		<WAVELENGTH>[0.485, 0.56, 0.66, 0.83, 1.65, 2.215]</WAVELENGTH>
		<MEAN_VALUE>[0.12886398, 0.10493439, 0.07870093, 0.074923344, 0.023437887, 0.012311265]</MEAN_VALUE>
		<CHECKBOX>2</CHECKBOX>
		<SD>[0.0026830737, 0.0028537898, 0.0035717147, 0.0048671877, 0.0052452493, 0.0045710993]</SD>
		<WAVELENGTH_UNIT>E-6m</WAVELENGTH_UNIT>
		<COLOR>#5ef422</COLOR>
		<COVARIANCE_MATRIX>[[7.204419034678722e-06, 2.537545697123278e-06, 3.356210754645872e-06, 2.5397421268280596e-06, 3.0417229481827235e-06, 2.2815572719991906e-06], [2.537545697123278e-06, 8.15037674328778e-06, 5.780505034636008e-06, 4.187532795185689e-06, 3.3764335967134684e-06, 2.8850963644799776e-06], [3.356210754645872e-06, 5.780505034636008e-06, 1.2766950931109022e-05, 4.602726676239399e-06, 4.652928964787861e-06, 3.7365741718531353e-06], [2.5397421268280596e-06, 4.187532795185689e-06, 4.602726676239399e-06, 2.370772563153878e-05, 1.6670166587573476e-05, 1.0633129932102747e-05], [3.0417229481827235e-06, 3.3764335967134684e-06, 4.652928964787861e-06, 1.6670166587573476e-05, 2.7533787942957133e-05, 1.5755360436742194e-05], [2.2815572719991906e-06, 2.8850963644799776e-06, 3.7365741718531353e-06, 1.0633129932102747e-05, 1.5755360436742194e-05, 2.091100759571418e-05]]</COVARIANCE_MATRIX>
		<ROI_SIZE>1302</ROI_SIZE>
		<MAX_VALUE>[0.14030653, 0.1165086, 0.090903915, 0.14068416, 0.084177665, 0.049689453]</MAX_VALUE>
		<MIN_VALUE>[0.11916887, 0.09644785, 0.07061236, 0.06458449, 0.01340727, 0.0027820782]</MIN_VALUE>
		<SIGNATURE_THRESHOLD_MD>0.0</SIGNATURE_THRESHOLD_MD>
		<SIGNATURE_THRESHOLD_ML>0.0</SIGNATURE_THRESHOLD_ML>
		<SIGNATURE_THRESHOLD_SAM>0.0</SIGNATURE_THRESHOLD_SAM>
	</signature>
	<signature ID="20210617_090351118023_765">
		<MACROCLASSID>1</MACROCLASSID>
		<MACROCLASSINFO>waterbody</MACROCLASSINFO>
		<CLASSID>4</CLASSID>
		<CLASSINFO>C 1</CLASSINFO>
		<VALUES>[0.13557251, 0.0067827953, 0.113311626, 0.01122286, 0.087680444, 0.010083305, 0.0699471, 0.0075435294, 0.022097137, 0.004669366, 0.0121098645, 0.004109127]</VALUES>
		<LCS_MIN>[0.11724726, 0.084411405, 0.0638485, 0.04767346, 0.007963394, 0.0]</LCS_MIN>
		<LCS_MAX>[0.15183617, 0.13656935, 0.10781355, 0.1364564, 0.089621544, 0.065325245]</LCS_MAX>
		<WAVELENGTH>[0.485, 0.56, 0.66, 0.83, 1.65, 2.215]</WAVELENGTH>
		<MEAN_VALUE>[0.13557251, 0.113311626, 0.087680444, 0.0699471, 0.022097137, 0.0121098645]</MEAN_VALUE>
		<CHECKBOX>2</CHECKBOX>
		<SD>[0.0067827953, 0.01122286, 0.010083305, 0.0075435294, 0.004669366, 0.004109127]</SD>
		<WAVELENGTH_UNIT>E-6m</WAVELENGTH_UNIT>
		<COLOR>#3ccae3</COLOR>
		<COVARIANCE_MATRIX>[[4.601302498485893e-05, 6.935678538866341e-05, 6.241894152481109e-05, 1.5068744687596336e-05, 6.593216994588147e-07, 8.452092288280255e-07], [6.935678538866341e-05, 0.0001259709824807942, 0.00010718910198193043, 3.4277316444786265e-05, 2.179386228817748e-06, 6.372177949742763e-07], [6.241894152481109e-05, 0.00010718910198193043, 0.00010168784501729533, 2.846202187356539e-05, 2.9459934012265876e-06, 2.174711880797986e-06], [1.5068744687596336e-05, 3.4277316444786265e-05, 2.846202187356539e-05, 5.691315163858235e-05, 1.952099410118535e-05, 9.008678716782015e-06], [6.593216994588147e-07, 2.179386228817748e-06, 2.9459934012265876e-06, 1.952099410118535e-05, 2.1806166841997765e-05, 1.0873203791561536e-05], [8.452092288280255e-07, 6.372177949742763e-07, 2.174711880797986e-06, 9.008678716782015e-06, 1.0873203791561536e-05, 1.6887386664166115e-05]]</COVARIANCE_MATRIX>
		<ROI_SIZE>6851</ROI_SIZE>
		<MAX_VALUE>[0.15183617, 0.13656935, 0.10781355, 0.1364564, 0.089621544, 0.065325245]</MAX_VALUE>
		<MIN_VALUE>[0.11724726, 0.084411405, 0.0638485, 0.04767346, 0.007963394, 0.0]</MIN_VALUE>
		<SIGNATURE_THRESHOLD_MD>0.0</SIGNATURE_THRESHOLD_MD>
		<SIGNATURE_THRESHOLD_ML>0.0</SIGNATURE_THRESHOLD_ML>
		<SIGNATURE_THRESHOLD_SAM>0.0</SIGNATURE_THRESHOLD_SAM>
	</signature>
	<signature ID="20210617_091753408517_496">
		<MACROCLASSID>1</MACROCLASSID>
		<MACROCLASSINFO>waterbody</MACROCLASSINFO>
		<CLASSID>5</CLASSID>
		<CLASSINFO>C 1</CLASSINFO>
		<VALUES>[0.1330898, 0.0030322422, 0.10653673, 0.0034442001, 0.08200243, 0.003754634, 0.07301463, 0.0040555703, 0.02126027, 0.0040666126, 0.011944303, 0.0040941285]</VALUES>
		<LCS_MIN>[0.12493368, 0.10046, 0.07737621, 0.06458449, 0.010685332, 0.0027820782]</LCS_MIN>
		<LCS_MAX>[0.14414975, 0.12052075, 0.10104969, 0.08572329, 0.04062666, 0.030144714]</LCS_MAX>
		<WAVELENGTH>[0.485, 0.56, 0.66, 0.83, 1.65, 2.215]</WAVELENGTH>
		<MEAN_VALUE>[0.1330898, 0.10653673, 0.08200243, 0.07301463, 0.02126027, 0.011944303]</MEAN_VALUE>
		<CHECKBOX>2</CHECKBOX>
		<SD>[0.0030322422, 0.0034442001, 0.003754634, 0.0040555703, 0.0040666126, 0.0040941285]</SD>
		<WAVELENGTH_UNIT>E-6m</WAVELENGTH_UNIT>
		<COLOR>#a0e2a7</COLOR>
		<COVARIANCE_MATRIX>[[9.202384717355017e-06, 5.448756382975262e-06, 6.8565304900403135e-06, 4.251793598086806e-06, 5.251831225905335e-06, 4.693759819929255e-06], [5.448756382975262e-06, 1.1872696632053703e-05, 8.831313607515767e-06, 5.527003850147594e-06, 6.561436748597771e-06, 5.635934940073639e-06], [6.8565304900403135e-06, 8.831313607515767e-06, 1.4109376024862286e-05, 6.474894234997919e-06, 8.133159099088516e-06, 7.097398793121101e-06], [4.251793598086806e-06, 5.527003850147594e-06, 6.474894234997919e-06, 1.6461768609588034e-05, 8.170908586180303e-06, 6.743877747794613e-06], [5.251831225905335e-06, 6.561436748597771e-06, 8.133159099088516e-06, 8.170908586180303e-06, 1.6551530279684812e-05, 1.0083571396535262e-05], [4.693759819929255e-06, 5.635934940073639e-06, 7.097398793121101e-06, 6.743877747794613e-06, 1.0083571396535262e-05, 1.6776279153418727e-05]]</COVARIANCE_MATRIX>
		<ROI_SIZE>1166</ROI_SIZE>
		<MAX_VALUE>[0.14414975, 0.12052075, 0.10104969, 0.08572329, 0.04062666, 0.030144714]</MAX_VALUE>
		<MIN_VALUE>[0.12493368, 0.10046, 0.07737621, 0.06458449, 0.010685332, 0.0027820782]</MIN_VALUE>
		<SIGNATURE_THRESHOLD_MD>0.0</SIGNATURE_THRESHOLD_MD>
		<SIGNATURE_THRESHOLD_ML>0.0</SIGNATURE_THRESHOLD_ML>
		<SIGNATURE_THRESHOLD_SAM>0.0</SIGNATURE_THRESHOLD_SAM>
	</signature>
	<signature ID="20210617_093114146561_613">
		<MACROCLASSID>1</MACROCLASSID>
		<MACROCLASSINFO>waterbody</MACROCLASSINFO>
		<CLASSID>6</CLASSID>
		<CLASSINFO>C 1</CLASSINFO>
		<VALUES>[0.12954956, 0.0034014946, 0.10465024, 0.0037592934, 0.078365184, 0.0046730163, 0.0754133, 0.00813572, 0.0243732, 0.008825771, 0.014621189, 0.008001202]</VALUES>
		<LCS_MIN>[0.123012066, 0.09644785, 0.06723043, 0.06458449, 0.01340727, 0.0027820782]</LCS_MIN>
		<LCS_MAX>[0.14222814, 0.1165086, 0.097667776, 0.119545355, 0.08689961, 0.08486999]</LCS_MAX>
		<WAVELENGTH>[0.485, 0.56, 0.66, 0.83, 1.65, 2.215]</WAVELENGTH>
		<MEAN_VALUE>[0.12954956, 0.10465024, 0.078365184, 0.0754133, 0.0243732, 0.014621189]</MEAN_VALUE>
		<CHECKBOX>2</CHECKBOX>
		<SD>[0.0034014946, 0.0037592934, 0.0046730163, 0.00813572, 0.008825771, 0.008001202]</SD>
		<WAVELENGTH_UNIT>E-6m</WAVELENGTH_UNIT>
		<COLOR>#d201b4</COLOR>
		<COVARIANCE_MATRIX>[[1.1600453944993205e-05, 7.289258974196855e-06, 1.053009236784419e-05, 1.451596926926868e-05, 1.4247983926907182e-05, 1.0845933502423577e-05], [7.289258974196855e-06, 1.4169281712383963e-05, 1.218453144247178e-05, 1.7204713003593497e-05, 1.2079002772225067e-05, 8.765881830186117e-06], [1.053009236784419e-05, 1.218453144247178e-05, 2.1894245946896262e-05, 2.6130395781365223e-05, 2.356252480240073e-05, 1.8680144421523437e-05], [1.451596926926868e-05, 1.7204713003593497e-05, 2.6130395781365223e-05, 6.636320904362947e-05, 5.6840341130737215e-05, 4.3297699448885396e-05], [1.4247983926907182e-05, 1.2079002772225067e-05, 2.356252480240073e-05, 5.6840341130737215e-05, 7.809814997017384e-05, 6.04604538239073e-05], [1.0845933502423577e-05, 8.765881830186117e-06, 1.8680144421523437e-05, 4.3297699448885396e-05, 6.04604538239073e-05, 6.418683187803254e-05]]</COVARIANCE_MATRIX>
		<ROI_SIZE>383</ROI_SIZE>
		<MAX_VALUE>[0.14222814, 0.1165086, 0.097667776, 0.119545355, 0.08689961, 0.08486999]</MAX_VALUE>
		<MIN_VALUE>[0.123012066, 0.09644785, 0.06723043, 0.06458449, 0.01340727, 0.0027820782]</MIN_VALUE>
		<SIGNATURE_THRESHOLD_MD>0.0</SIGNATURE_THRESHOLD_MD>
		<SIGNATURE_THRESHOLD_ML>0.0</SIGNATURE_THRESHOLD_ML>
		<SIGNATURE_THRESHOLD_SAM>0.0</SIGNATURE_THRESHOLD_SAM>
	</signature>
	<signature ID="20210617_101535416121_458">
		<MACROCLASSID>1</MACROCLASSID>
		<MACROCLASSINFO>waterbody</MACROCLASSINFO>
		<CLASSID>7</CLASSID>
		<CLASSINFO>C 1</CLASSINFO>
		<VALUES>[0.13270725, 0.007820341, 0.10250865, 0.008948414, 0.08082262, 0.010316253, 0.07395718, 0.008494896, 0.024681307, 0.0064285016, 0.013882767, 0.005267205]</VALUES>
		<LCS_MIN>[0.11724726, 0.084411405, 0.0638485, 0.06035674, 0.010685332, 0.0]</LCS_MIN>
		<LCS_MAX>[0.16336581, 0.13656935, 0.11457739, 0.16182296, 0.097787365, 0.065325245]</LCS_MAX>
		<WAVELENGTH>[0.485, 0.56, 0.66, 0.83, 1.65, 2.215]</WAVELENGTH>
		<MEAN_VALUE>[0.13270725, 0.10250865, 0.08082262, 0.07395718, 0.024681307, 0.013882767]</MEAN_VALUE>
		<CHECKBOX>2</CHECKBOX>
		<SD>[0.007820341, 0.008948414, 0.010316253, 0.008494896, 0.0064285016, 0.005267205]</SD>
		<WAVELENGTH_UNIT>E-6m</WAVELENGTH_UNIT>
		<COLOR>#e3b049</COLOR>
		<COVARIANCE_MATRIX>[[6.116712756920606e-05, 6.375694647431374e-05, 7.431855920003727e-05, 4.0087001252686605e-05, 3.260885932832025e-05, 2.3715607312624343e-05], [6.375694647431374e-05, 8.008641452761367e-05, 8.636141137685627e-05, 5.0351267418591306e-05, 3.908978760591708e-05, 2.7797157599707134e-05], [7.431855920003727e-05, 8.636141137685627e-05, 0.0001064414536813274, 5.0613656640052795e-05, 4.338185681262985e-05, 3.221806400688365e-05], [4.0087001252686605e-05, 5.0351267418591306e-05, 5.0613656640052795e-05, 7.217435631901026e-05, 4.224165604682639e-05, 2.5934727091225795e-05], [3.260885932832025e-05, 3.908978760591708e-05, 4.338185681262985e-05, 4.224165604682639e-05, 4.133199036004953e-05, 2.511819729988929e-05], [2.3715607312624343e-05, 2.7797157599707134e-05, 3.221806400688365e-05, 2.5934727091225795e-05, 2.511819729988929e-05, 2.7747712010750547e-05]]</COVARIANCE_MATRIX>
		<ROI_SIZE>6504</ROI_SIZE>
		<MAX_VALUE>[0.16336581, 0.13656935, 0.11457739, 0.16182296, 0.097787365, 0.065325245]</MAX_VALUE>
		<MIN_VALUE>[0.11724726, 0.084411405, 0.0638485, 0.06035674, 0.010685332, 0.0]</MIN_VALUE>
		<SIGNATURE_THRESHOLD_MD>0.0</SIGNATURE_THRESHOLD_MD>
		<SIGNATURE_THRESHOLD_ML>0.0</SIGNATURE_THRESHOLD_ML>
		<SIGNATURE_THRESHOLD_SAM>0.0</SIGNATURE_THRESHOLD_SAM>
	</signature>
	<signature ID="20210617_103423176441_817">
		<MACROCLASSID>1</MACROCLASSID>
		<MACROCLASSINFO>waterbody</MACROCLASSINFO>
		<CLASSID>8</CLASSID>
		<CLASSINFO>C 1</CLASSINFO>
		<VALUES>[0.1352021, 0.0035312166, 0.109446116, 0.0047319904, 0.084839426, 0.0039824825, 0.070355184, 0.0062302323, 0.022698455, 0.0050662146, 0.012435932, 0.0044055744]</VALUES>
		<LCS_MIN>[0.12493368, 0.09644785, 0.07399428, 0.05612897, 0.010685332, 0.0]</LCS_MIN>
		<LCS_MAX>[0.15183617, 0.12854506, 0.10781355, 0.14913969, 0.12500675, 0.09268788]</LCS_MAX>
		<WAVELENGTH>[0.485, 0.56, 0.66, 0.83, 1.65, 2.215]</WAVELENGTH>
		<MEAN_VALUE>[0.1352021, 0.109446116, 0.084839426, 0.070355184, 0.022698455, 0.012435932]</MEAN_VALUE>
		<CHECKBOX>2</CHECKBOX>
		<SD>[0.0035312166, 0.0047319904, 0.0039824825, 0.0062302323, 0.0050662146, 0.0044055744]</SD>
		<WAVELENGTH_UNIT>E-6m</WAVELENGTH_UNIT>
		<COLOR>#7aa48e</COLOR>
		<COVARIANCE_MATRIX>[[1.2471374247979838e-05, 1.0354573532822542e-05, 8.084905857685953e-06, 7.350496161961928e-06, 3.6827723306487314e-06, 2.237141870864434e-06], [1.0354573532822542e-05, 2.239511741208844e-05, 9.980948561860714e-06, 2.231628059234936e-06, 9.022829203786387e-07, 5.210494009588729e-07], [8.084905857685953e-06, 9.980948561860714e-06, 1.5862560758250766e-05, 1.1237860235269181e-05, 6.946803296159487e-06, 4.733486093755346e-06], [7.350496161961928e-06, 2.231628059234936e-06, 1.1237860235269181e-05, 3.882166129187681e-05, 2.1351774194044992e-05, 1.3648662388732191e-05], [3.6827723306487314e-06, 9.022829203786387e-07, 6.946803296159487e-06, 2.1351774194044992e-05, 2.5670404284028336e-05, 1.4331684724311344e-05], [2.237141870864434e-06, 5.210494009588729e-07, 4.733486093755346e-06, 1.3648662388732191e-05, 1.4331684724311344e-05, 1.9412020265008323e-05]]</COVARIANCE_MATRIX>
		<ROI_SIZE>6620</ROI_SIZE>
		<MAX_VALUE>[0.15183617, 0.12854506, 0.10781355, 0.14913969, 0.12500675, 0.09268788]</MAX_VALUE>
		<MIN_VALUE>[0.12493368, 0.09644785, 0.07399428, 0.05612897, 0.010685332, 0.0]</MIN_VALUE>
		<SIGNATURE_THRESHOLD_MD>0.0</SIGNATURE_THRESHOLD_MD>
		<SIGNATURE_THRESHOLD_ML>0.0</SIGNATURE_THRESHOLD_ML>
		<SIGNATURE_THRESHOLD_SAM>0.0</SIGNATURE_THRESHOLD_SAM>
	</signature>
	<signature ID="20210617_103952093034_691">
		<MACROCLASSID>1</MACROCLASSID>
		<MACROCLASSINFO>waterbody</MACROCLASSINFO>
		<CLASSID>9</CLASSID>
		<CLASSINFO>C 1</CLASSINFO>
		<VALUES>[0.14062864, 0.003282763, 0.12194131, 0.0039555514, 0.090552434, 0.003806987, 0.05966552, 0.006453463, 0.017279224, 0.0047489777, 0.009310869, 0.0039616157]</VALUES>
		<LCS_MIN>[0.12877691, 0.10447215, 0.07737621, 0.0434457, 0.0025195177, 0.0]</LCS_MIN>
		<LCS_MAX>[0.15760101, 0.14459364, 0.1281051, 0.19987279, 0.17944552, 0.15523104]</LCS_MAX>
		<WAVELENGTH>[0.485, 0.56, 0.66, 0.83, 1.65, 2.215]</WAVELENGTH>
		<MEAN_VALUE>[0.14062864, 0.12194131, 0.090552434, 0.05966552, 0.017279224, 0.009310869]</MEAN_VALUE>
		<CHECKBOX>2</CHECKBOX>
		<SD>[0.003282763, 0.0039555514, 0.003806987, 0.006453463, 0.0047489777, 0.0039616157]</SD>
		<WAVELENGTH_UNIT>E-6m</WAVELENGTH_UNIT>
		<COLOR>#4de9e1</COLOR>
		<COVARIANCE_MATRIX>[[1.0776718227134552e-05, 5.316040187608451e-06, 6.861870588181773e-06, 8.417227945756167e-06, 4.2201095311611425e-06, 2.392135002082796e-06], [5.316040187608451e-06, 1.5646653992007487e-05, 7.899441698100418e-06, 2.1682981241610833e-06, 5.176828494768415e-07, 5.667033633471874e-07], [6.861870588181773e-06, 7.899441698100418e-06, 1.4493395610770676e-05, 1.1087644452345558e-05, 6.176221177156549e-06, 3.80868505089893e-06], [8.417227945756167e-06, 2.1682981241610833e-06, 1.1087644452345558e-05, 4.164789788774215e-05, 2.1245685275061987e-05, 1.2167371096438728e-05], [4.2201095311611425e-06, 5.176828494768415e-07, 6.176221177156549e-06, 2.1245685275061987e-05, 2.255317485833075e-05, 1.0888426913879812e-05], [2.392135002082796e-06, 5.667033633471874e-07, 3.80868505089893e-06, 1.2167371096438728e-05, 1.0888426913879812e-05, 1.569466621731408e-05]]</COVARIANCE_MATRIX>
		<ROI_SIZE>58535</ROI_SIZE>
		<MAX_VALUE>[0.15760101, 0.14459364, 0.1281051, 0.19987279, 0.17944552, 0.15523104]</MAX_VALUE>
		<MIN_VALUE>[0.12877691, 0.10447215, 0.07737621, 0.0434457, 0.0025195177, 0.0]</MIN_VALUE>
		<SIGNATURE_THRESHOLD_MD>0.0</SIGNATURE_THRESHOLD_MD>
		<SIGNATURE_THRESHOLD_ML>0.0</SIGNATURE_THRESHOLD_ML>
		<SIGNATURE_THRESHOLD_SAM>0.0</SIGNATURE_THRESHOLD_SAM>
	</signature>
	<signature ID="20210617_120858217605_699">
		<MACROCLASSID>1</MACROCLASSID>
		<MACROCLASSINFO>waterbody</MACROCLASSINFO>
		<CLASSID>4</CLASSID>
		<CLASSINFO>C 1</CLASSINFO>
		<VALUES>[0.14751221, 0.0037939071, 0.13250703, 0.005207958, 0.10404928, 0.0069827563, 0.060049728, 0.0052793617, 0.014198587, 0.0032243612, 0.0078143235, 0.0031743338]</VALUES>
		<LCS_MIN>[0.12493368, 0.10447215, 0.07737621, 0.0434457, 0.0, 0.0]</LCS_MIN>
		<LCS_MAX>[0.1614442, 0.14860581, 0.124723166, 0.12377312, 0.1304506, 0.09268788]</LCS_MAX>
		<WAVELENGTH>[0.485, 0.56, 0.66, 0.83, 1.65, 2.215]</WAVELENGTH>
		<MEAN_VALUE>[0.14751221, 0.13250703, 0.10404928, 0.060049728, 0.014198587, 0.0078143235]</MEAN_VALUE>
		<CHECKBOX>2</CHECKBOX>
		<SD>[0.0037939071, 0.005207958, 0.0069827563, 0.0052793617, 0.0032243612, 0.0031743338]</SD>
		<WAVELENGTH_UNIT>E-6m</WAVELENGTH_UNIT>
		<COLOR>#39f615</COLOR>
		<COVARIANCE_MATRIX>[[1.4393775927601382e-05, 1.3833180673827883e-05, 1.7360553101752885e-05, 8.279052053694613e-06, 2.934141107857613e-08, 5.373869882419058e-08], [1.3833180673827883e-05, 2.7122900064568967e-05, 2.67807008640375e-05, 1.0402883162896615e-05, -8.28101121896907e-07, -4.5510978452512063e-07], [1.7360553101752885e-05, 2.67807008640375e-05, 4.875901140621863e-05, 2.3650924049434252e-05, -8.449976007796067e-07, -4.0305886273017677e-07], [8.279052053694613e-06, 1.0402883162896615e-05, 2.3650924049434252e-05, 2.7871705242432654e-05, 2.926315801232704e-06, 1.4220637467587949e-06], [2.934141107857613e-08, -8.28101121896907e-07, -8.449976007796067e-07, 2.926315801232704e-06, 1.0396529432910029e-05, 2.765906401691609e-06], [5.373869882419058e-08, -4.5510978452512063e-07, -4.0305886273017677e-07, 1.4220637467587949e-06, 2.765906401691609e-06, 1.007641913020052e-05]]</COVARIANCE_MATRIX>
		<ROI_SIZE>430492</ROI_SIZE>
		<MAX_VALUE>[0.1614442, 0.14860581, 0.124723166, 0.12377312, 0.1304506, 0.09268788]</MAX_VALUE>
		<MIN_VALUE>[0.12493368, 0.10447215, 0.07737621, 0.0434457, 0.0, 0.0]</MIN_VALUE>
		<SIGNATURE_THRESHOLD_MD>0.0</SIGNATURE_THRESHOLD_MD>
		<SIGNATURE_THRESHOLD_ML>0.0</SIGNATURE_THRESHOLD_ML>
		<SIGNATURE_THRESHOLD_SAM>0.0</SIGNATURE_THRESHOLD_SAM>
	</signature>
	<signature ID="20210617_123336850083_649">
		<MACROCLASSID>1</MACROCLASSID>
		<MACROCLASSINFO>waterbody</MACROCLASSINFO>
		<CLASSID>5</CLASSID>
		<CLASSINFO>C 1</CLASSINFO>
		<VALUES>[0.13157183, 0.0033465365, 0.10606228, 0.0043220497, 0.08037001, 0.004581652, 0.079713196, 0.008314202, 0.02807075, 0.008212576, 0.015866736, 0.006842035]</VALUES>
		<LCS_MIN>[0.12109047, 0.09243571, 0.07061236, 0.06458449, 0.01340727, 0.0066910246]</LCS_MIN>
		<LCS_MAX>[0.14222814, 0.12052075, 0.094285846, 0.1449119, 0.08145573, 0.05750734]</LCS_MAX>
		<WAVELENGTH>[0.485, 0.56, 0.66, 0.83, 1.65, 2.215]</WAVELENGTH>
		<MEAN_VALUE>[0.13157183, 0.10606228, 0.08037001, 0.079713196, 0.02807075, 0.015866736]</MEAN_VALUE>
		<CHECKBOX>2</CHECKBOX>
		<SD>[0.0033465365, 0.0043220497, 0.004581652, 0.008314202, 0.008212576, 0.006842035]</SD>
		<WAVELENGTH_UNIT>E-6m</WAVELENGTH_UNIT>
		<COLOR>#6512a0</COLOR>
		<COVARIANCE_MATRIX>[[1.1207881470909342e-05, 8.947006790549494e-06, 9.530001079838257e-06, 5.980573860142613e-06, 8.306451491080225e-06, 7.981170710991137e-06], [8.947006790549494e-06, 1.8694416212383658e-05, 1.5090352462721057e-05, 1.2395501471473835e-05, 1.3065343409834895e-05, 1.21535567814135e-05], [9.530001079838257e-06, 1.5090352462721057e-05, 2.10076123039471e-05, 1.3419548849924468e-05, 1.4746053238923196e-05, 1.3494129234459251e-05], [5.980573860142613e-06, 1.2395501471473835e-05, 1.3419548849924468e-05, 6.917888094903901e-05, 5.237780715106055e-05, 3.542347621987574e-05], [8.306451491080225e-06, 1.3065343409834895e-05, 1.4746053238923196e-05, 5.237780715106055e-05, 6.749803287675604e-05, 4.5054541260469705e-05], [7.981170710991137e-06, 1.21535567814135e-05, 1.3494129234459251e-05, 3.542347621987574e-05, 4.5054541260469705e-05, 4.68492871732451e-05]]</COVARIANCE_MATRIX>
		<ROI_SIZE>1307</ROI_SIZE>
		<MAX_VALUE>[0.14222814, 0.12052075, 0.094285846, 0.1449119, 0.08145573, 0.05750734]</MAX_VALUE>
		<MIN_VALUE>[0.12109047, 0.09243571, 0.07061236, 0.06458449, 0.01340727, 0.0066910246]</MIN_VALUE>
		<SIGNATURE_THRESHOLD_MD>0.0</SIGNATURE_THRESHOLD_MD>
		<SIGNATURE_THRESHOLD_ML>0.0</SIGNATURE_THRESHOLD_ML>
		<SIGNATURE_THRESHOLD_SAM>0.0</SIGNATURE_THRESHOLD_SAM>
	</signature>
	<signature ID="20210617_124835874224_471">
		<MACROCLASSID>1</MACROCLASSID>
		<MACROCLASSINFO>waterbody</MACROCLASSINFO>
		<CLASSID>6</CLASSID>
		<CLASSINFO>C 1</CLASSINFO>
		<VALUES>[0.14375529, 0.0054578995, 0.12631883, 0.008367135, 0.098204195, 0.00998906, 0.0618247, 0.008217771, 0.016277026, 0.005440146, 0.0087678665, 0.004227616]</VALUES>
		<LCS_MIN>[0.123012066, 0.10046, 0.07399428, 0.0434457, 0.0025195177, 0.0]</LCS_MIN>
		<LCS_MAX>[0.16336581, 0.14860581, 0.13825087, 0.1364564, 0.15767, 0.12005052]</LCS_MAX>
		<WAVELENGTH>[0.485, 0.56, 0.66, 0.83, 1.65, 2.215]</WAVELENGTH>
		<MEAN_VALUE>[0.14375529, 0.12631883, 0.098204195, 0.0618247, 0.016277026, 0.0087678665]</MEAN_VALUE>
		<CHECKBOX>2</CHECKBOX>
		<SD>[0.0054578995, 0.008367135, 0.00998906, 0.008217771, 0.005440146, 0.004227616]</SD>
		<WAVELENGTH_UNIT>E-6m</WAVELENGTH_UNIT>
		<COLOR>#618aed</COLOR>
		<COVARIANCE_MATRIX>[[2.978907104989048e-05, 3.972683771280572e-05, 4.766676647705026e-05, 1.166370839200681e-05, -3.016776418007794e-06, -9.116171213463531e-07], [3.972683771280572e-05, 7.000989717198536e-05, 7.706970791332424e-05, 1.5541172615485266e-05, -7.204991106846137e-06, -2.843709580702125e-06], [4.766676647705026e-05, 7.706970791332424e-05, 9.978265006793663e-05, 2.9437829653033987e-05, -4.015212198282825e-06, -9.471133921579167e-07], [1.166370839200681e-05, 1.5541172615485266e-05, 2.9437829653033987e-05, 6.753263005521148e-05, 2.7272235456621274e-05, 1.4581403775082435e-05], [-3.016776418007794e-06, -7.204991106846137e-06, -4.015212198282825e-06, 2.7272235456621274e-05, 2.95955815090565e-05, 1.4741070117452182e-05], [-9.116171213463531e-07, -2.843709580702125e-06, -9.471133921579167e-07, 1.4581403775082435e-05, 1.4741070117452182e-05, 1.7872967873699963e-05]]</COVARIANCE_MATRIX>
		<ROI_SIZE>75056</ROI_SIZE>
		<MAX_VALUE>[0.16336581, 0.14860581, 0.13825087, 0.1364564, 0.15767, 0.12005052]</MAX_VALUE>
		<MIN_VALUE>[0.123012066, 0.10046, 0.07399428, 0.0434457, 0.0025195177, 0.0]</MIN_VALUE>
		<SIGNATURE_THRESHOLD_MD>0.0</SIGNATURE_THRESHOLD_MD>
		<SIGNATURE_THRESHOLD_ML>0.0</SIGNATURE_THRESHOLD_ML>
		<SIGNATURE_THRESHOLD_SAM>0.0</SIGNATURE_THRESHOLD_SAM>
	</signature>
	<signature ID="20210617_134242774384_698">
		<MACROCLASSID>2</MACROCLASSID>
		<MACROCLASSINFO>vegetation</MACROCLASSINFO>
		<CLASSID>7</CLASSID>
		<CLASSINFO>C 1</CLASSINFO>
		<VALUES>[0.12480055, 0.003458718, 0.09891451, 0.0041311113, 0.07482106, 0.0049150465, 0.19629216, 0.012659334, 0.11400843, 0.013993317, 0.052978814, 0.010171553]</VALUES>
		<LCS_MIN>[0.11340406, 0.084411405, 0.0638485, 0.1364564, 0.07056798, 0.030144714]</LCS_MIN>
		<LCS_MAX>[0.13646333, 0.1165086, 0.094285846, 0.24637815, 0.20666489, 0.16695789]</LCS_MAX>
		<WAVELENGTH>[0.485, 0.56, 0.66, 0.83, 1.65, 2.215]</WAVELENGTH>
		<MEAN_VALUE>[0.12480055, 0.09891451, 0.07482106, 0.19629216, 0.11400843, 0.052978814]</MEAN_VALUE>
		<CHECKBOX>2</CHECKBOX>
		<SD>[0.003458718, 0.0041311113, 0.0049150465, 0.012659334, 0.013993317, 0.010171553]</SD>
		<WAVELENGTH_UNIT>E-6m</WAVELENGTH_UNIT>
		<COLOR>#7eb88a</COLOR>
		<COVARIANCE_MATRIX>[[1.1967070349783171e-05, 8.393552889174316e-06, 9.943099030351732e-06, -4.639121470972896e-06, 1.0112245035998058e-05, 1.0459702934895176e-05], [8.393552889174316e-06, 1.7072274204110727e-05, 1.4802715668338351e-05, 1.468240157009859e-06, 2.248301825602539e-05, 1.967049865925219e-05], [9.943099030351732e-06, 1.4802715668338351e-05, 2.416644747427199e-05, -2.22129597204912e-06, 3.1612249586032704e-05, 2.9144097425159998e-05], [-4.639121470972896e-06, 1.468240157009859e-06, -2.22129597204912e-06, 0.00016031689301598817, 8.293035352835432e-05, 2.847026553354226e-05], [1.0112245035998058e-05, 2.248301825602539e-05, 3.1612249586032704e-05, 8.293035352835432e-05, 0.00019588401482906193, 0.00012095856800442562], [1.0459702934895176e-05, 1.967049865925219e-05, 2.9144097425159998e-05, 2.847026553354226e-05, 0.00012095856800442562, 0.00010349803778808564]]</COVARIANCE_MATRIX>
		<ROI_SIZE>2757</ROI_SIZE>
		<MAX_VALUE>[0.13646333, 0.1165086, 0.094285846, 0.24637815, 0.20666489, 0.16695789]</MAX_VALUE>
		<MIN_VALUE>[0.11340406, 0.084411405, 0.0638485, 0.1364564, 0.07056798, 0.030144714]</MIN_VALUE>
		<SIGNATURE_THRESHOLD_MD>0.0</SIGNATURE_THRESHOLD_MD>
		<SIGNATURE_THRESHOLD_ML>0.0</SIGNATURE_THRESHOLD_ML>
		<SIGNATURE_THRESHOLD_SAM>0.0</SIGNATURE_THRESHOLD_SAM>
	</signature>
	<signature ID="20210617_135741180946_897">
		<MACROCLASSID>2</MACROCLASSID>
		<MACROCLASSINFO>vegetation</MACROCLASSINFO>
		<CLASSID>8</CLASSID>
		<CLASSINFO>C 1</CLASSINFO>
		<VALUES>[0.12784894, 0.005184687, 0.11199461, 0.018199375, 0.08293262, 0.014116652, 0.2518, 0.068853036, 0.11989857, 0.016678508, 0.05244009, 0.009262034]</VALUES>
		<LCS_MIN>[0.11340406, 0.084411405, 0.060466584, 0.1364564, 0.054236345, 0.022326816]</LCS_MIN>
		<LCS_MAX>[0.14222814, 0.14860581, 0.11457739, 0.39434972, 0.20122103, 0.11614158]</LCS_MAX>
		<WAVELENGTH>[0.485, 0.56, 0.66, 0.83, 1.65, 2.215]</WAVELENGTH>
		<MEAN_VALUE>[0.12784894, 0.11199461, 0.08293262, 0.2518, 0.11989857, 0.05244009]</MEAN_VALUE>
		<CHECKBOX>2</CHECKBOX>
		<SD>[0.005184687, 0.018199375, 0.014116652, 0.068853036, 0.016678508, 0.009262034]</SD>
		<WAVELENGTH_UNIT>E-6m</WAVELENGTH_UNIT>
		<COLOR>#699a72</COLOR>
		<COVARIANCE_MATRIX>[[2.6885272745857947e-05, 7.878023461671546e-05, 6.210158608155325e-05, 0.0002572435769252479, 5.3394520364236087e-05, 2.1344130800571293e-05], [7.878023461671546e-05, 0.0003312701592221856, 0.00024869214394129813, 0.0011713197454810143, 0.00019592500757426023, 5.598266943707131e-05], [6.210158608155325e-05, 0.00024869214394129813, 0.0001993117039091885, 0.0008563072187826037, 0.00015136855654418468, 5.067341771791689e-05], [0.0002572435769252479, 0.0011713197454810143, 0.0008563072187826037, 0.0047414968721568584, 0.0007373642874881625, 0.00014409274444915354], [5.3394520364236087e-05, 0.00019592500757426023, 0.00015136855654418468, 0.0007373642874881625, 0.00027821704861707985, 0.00011738374450942501], [2.1344130800571293e-05, 5.598266943707131e-05, 5.067341771791689e-05, 0.00014409274444915354, 0.00011738374450942501, 8.579900168115273e-05]]</COVARIANCE_MATRIX>
		<ROI_SIZE>6260</ROI_SIZE>
		<MAX_VALUE>[0.14222814, 0.14860581, 0.11457739, 0.39434972, 0.20122103, 0.11614158]</MAX_VALUE>
		<MIN_VALUE>[0.11340406, 0.084411405, 0.060466584, 0.1364564, 0.054236345, 0.022326816]</MIN_VALUE>
		<SIGNATURE_THRESHOLD_MD>0.0</SIGNATURE_THRESHOLD_MD>
		<SIGNATURE_THRESHOLD_ML>0.0</SIGNATURE_THRESHOLD_ML>
		<SIGNATURE_THRESHOLD_SAM>0.0</SIGNATURE_THRESHOLD_SAM>
	</signature>
	<signature ID="20210617_140330150053_936">
		<MACROCLASSID>2</MACROCLASSID>
		<MACROCLASSINFO>vegetation</MACROCLASSINFO>
		<CLASSID>9</CLASSID>
		<CLASSINFO>C 1</CLASSINFO>
		<VALUES>[0.12118746, 0.002813607, 0.09496547, 0.0037869771, 0.06927855, 0.0034283327, 0.21281946, 0.019224219, 0.110269286, 0.012785354, 0.046591524, 0.008513854]</VALUES>
		<LCS_MIN>[0.11340406, 0.084411405, 0.057084654, 0.15336743, 0.07873379, 0.022326816]</LCS_MIN>
		<LCS_MAX>[0.13454172, 0.11249646, 0.10104969, 0.28865573, 0.20938683, 0.13959526]</LCS_MAX>
		<WAVELENGTH>[0.485, 0.56, 0.66, 0.83, 1.65, 2.215]</WAVELENGTH>
		<MEAN_VALUE>[0.12118746, 0.09496547, 0.06927855, 0.21281946, 0.110269286, 0.046591524]</MEAN_VALUE>
		<CHECKBOX>2</CHECKBOX>
		<SD>[0.002813607, 0.0037869771, 0.0034283327, 0.019224219, 0.012785354, 0.008513854]</SD>
		<WAVELENGTH_UNIT>E-6m</WAVELENGTH_UNIT>
		<COLOR>#ed03b2</COLOR>
		<COVARIANCE_MATRIX>[[7.921320502646267e-06, 4.662038008973468e-06, 4.0594604797661304e-06, -8.747295396460686e-06, 4.880148935626494e-06, 7.517051017202903e-06], [4.662038008973468e-06, 1.4350135643326212e-05, 7.690601705689915e-06, 9.406170988768281e-07, 1.4960308362788055e-05, 1.4168073903420009e-05], [4.0594604797661304e-06, 7.690601705689915e-06, 1.1760794222936966e-05, -7.974065738380887e-06, 1.5149466889852192e-05, 1.6684049114701338e-05], [-8.747295396460686e-06, 9.406170988768281e-07, -7.974065738380887e-06, 0.00036980098229832947, 0.00013104308163747191, 1.2953531950188335e-05], [4.880148935626494e-06, 1.4960308362788055e-05, 1.5149466889852192e-05, 0.00013104308163747191, 0.00016356715059373528, 8.088703907560557e-05], [7.517051017202903e-06, 1.4168073903420009e-05, 1.6684049114701338e-05, 1.2953531950188335e-05, 8.088703907560557e-05, 7.25309073459357e-05]]</COVARIANCE_MATRIX>
		<ROI_SIZE>1605</ROI_SIZE>
		<MAX_VALUE>[0.13454172, 0.11249646, 0.10104969, 0.28865573, 0.20938683, 0.13959526]</MAX_VALUE>
		<MIN_VALUE>[0.11340406, 0.084411405, 0.057084654, 0.15336743, 0.07873379, 0.022326816]</MIN_VALUE>
		<SIGNATURE_THRESHOLD_MD>0.0</SIGNATURE_THRESHOLD_MD>
		<SIGNATURE_THRESHOLD_ML>0.0</SIGNATURE_THRESHOLD_ML>
		<SIGNATURE_THRESHOLD_SAM>0.0</SIGNATURE_THRESHOLD_SAM>
	</signature>
	<signature ID="20210617_141338916823_883">
		<MACROCLASSID>2</MACROCLASSID>
		<MACROCLASSINFO>vegetation</MACROCLASSINFO>
		<CLASSID>10</CLASSID>
		<CLASSINFO>C 1</CLASSINFO>
		<VALUES>[0.121567704, 0.0028157337, 0.09518689, 0.003396392, 0.06888051, 0.0024952102, 0.21619843, 0.014605471, 0.10823841, 0.010150358, 0.044491846, 0.0059566083]</VALUES>
		<LCS_MIN>[0.11148244, 0.084411405, 0.0638485, 0.16605069, 0.07601185, 0.022326816]</LCS_MIN>
		<LCS_MAX>[0.12877691, 0.10447215, 0.08075814, 0.26328918, 0.13861644, 0.0692342]</LCS_MAX>
		<WAVELENGTH>[0.485, 0.56, 0.66, 0.83, 1.65, 2.215]</WAVELENGTH>
		<MEAN_VALUE>[0.121567704, 0.09518689, 0.06888051, 0.21619843, 0.10823841, 0.044491846]</MEAN_VALUE>
		<CHECKBOX>2</CHECKBOX>
		<SD>[0.0028157337, 0.003396392, 0.0024952102, 0.014605471, 0.010150358, 0.0059566083]</SD>
		<WAVELENGTH_UNIT>E-6m</WAVELENGTH_UNIT>
		<COLOR>#9d8b5d</COLOR>
		<COVARIANCE_MATRIX>[[7.945820470922627e-06, 4.271178113413043e-06, 2.488782911314047e-06, -3.4778579447447555e-06, 1.245751150236174e-06, 2.70102646027226e-06], [4.271178113413043e-06, 1.1560887287487276e-05, 4.087713477929356e-06, -4.513332442002138e-06, 2.7436080927145667e-06, 4.520413313002791e-06], [2.488782911314047e-06, 4.087713477929356e-06, 6.2397875808528624e-06, -5.5195687309606e-06, 2.4051134914770955e-06, 4.31497028330341e-06], [-3.4778579447447555e-06, -4.513332442002138e-06, -5.5195687309606e-06, 0.0002137896663043648, 9.568355744704604e-05, 1.7298913007834926e-05], [1.245751150236174e-06, 2.7436080927145667e-06, 2.4051134914770955e-06, 9.568355744704604e-05, 0.0001032567088259384, 3.866774568450637e-05], [2.70102646027226e-06, 4.520413313002791e-06, 4.31497028330341e-06, 1.7298913007834926e-05, 3.866774568450637e-05, 3.555933653842658e-05]]</COVARIANCE_MATRIX>
		<ROI_SIZE>455</ROI_SIZE>
		<MAX_VALUE>[0.12877691, 0.10447215, 0.08075814, 0.26328918, 0.13861644, 0.0692342]</MAX_VALUE>
		<MIN_VALUE>[0.11148244, 0.084411405, 0.0638485, 0.16605069, 0.07601185, 0.022326816]</MIN_VALUE>
		<SIGNATURE_THRESHOLD_MD>0.0</SIGNATURE_THRESHOLD_MD>
		<SIGNATURE_THRESHOLD_ML>0.0</SIGNATURE_THRESHOLD_ML>
		<SIGNATURE_THRESHOLD_SAM>0.0</SIGNATURE_THRESHOLD_SAM>
	</signature>
	<signature ID="20210617_142309436795_941">
		<MACROCLASSID>2</MACROCLASSID>
		<MACROCLASSINFO>vegetation</MACROCLASSINFO>
		<CLASSID>11</CLASSID>
		<CLASSINFO>C 1</CLASSINFO>
		<VALUES>[0.113771096, 0.003091614, 0.090061635, 0.004605277, 0.065839, 0.0035144319, 0.22918957, 0.031177828, 0.1287481, 0.022965554, 0.052399848, 0.011366339]</VALUES>
		<LCS_MIN>[0.1018744, 0.07638711, 0.053702723, 0.102634326, 0.04334859, 0.0145089235]</LCS_MIN>
		<LCS_MAX>[0.12877691, 0.11249646, 0.10443162, 0.3351611, 0.2284404, 0.14741315]</LCS_MAX>
		<WAVELENGTH>[0.485, 0.56, 0.66, 0.83, 1.65, 2.215]</WAVELENGTH>
		<MEAN_VALUE>[0.113771096, 0.090061635, 0.065839, 0.22918957, 0.1287481, 0.052399848]</MEAN_VALUE>
		<CHECKBOX>2</CHECKBOX>
		<SD>[0.003091614, 0.004605277, 0.0035144319, 0.031177828, 0.022965554, 0.011366339]</SD>
		<WAVELENGTH_UNIT>E-6m</WAVELENGTH_UNIT>
		<COLOR>#34df82</COLOR>
		<COVARIANCE_MATRIX>[[9.558310921420343e-06, 7.013814411038766e-06, 5.354373115551425e-06, 2.3288217562367208e-05, 1.9716799215530045e-05, 1.0099956853082404e-05], [7.013814411038766e-06, 2.120909448422026e-05, 1.0931991710094735e-05, 7.691123028052971e-05, 5.9682901337509975e-05, 3.0027598768356256e-05], [5.354373115551425e-06, 1.0931991710094735e-05, 1.2351531950116623e-05, 3.3542477467563e-05, 3.456630656728521e-05, 1.9805878764600493e-05], [2.3288217562367208e-05, 7.691123028052971e-05, 3.3542477467563e-05, 0.0009720809175632894, 0.0005883498815819621, 0.00023665966000407934], [1.9716799215530045e-05, 5.9682901337509975e-05, 3.456630656728521e-05, 0.0005883498815819621, 0.0005274296272546053, 0.000238271095440723], [1.0099956853082404e-05, 3.0027598768356256e-05, 1.9805878764600493e-05, 0.00023665966000407934, 0.000238271095440723, 0.00012919680739287287]]</COVARIANCE_MATRIX>
		<ROI_SIZE>40891</ROI_SIZE>
		<MAX_VALUE>[0.12877691, 0.11249646, 0.10443162, 0.3351611, 0.2284404, 0.14741315]</MAX_VALUE>
		<MIN_VALUE>[0.1018744, 0.07638711, 0.053702723, 0.102634326, 0.04334859, 0.0145089235]</MIN_VALUE>
		<SIGNATURE_THRESHOLD_MD>0.0</SIGNATURE_THRESHOLD_MD>
		<SIGNATURE_THRESHOLD_ML>0.0</SIGNATURE_THRESHOLD_ML>
		<SIGNATURE_THRESHOLD_SAM>0.0</SIGNATURE_THRESHOLD_SAM>
	</signature>
	<signature ID="20210617_150300079886_200">
		<MACROCLASSID>2</MACROCLASSID>
		<MACROCLASSINFO>vegetation</MACROCLASSINFO>
		<CLASSID>12</CLASSID>
		<CLASSINFO>C 1</CLASSINFO>
		<VALUES>[0.12018439, 0.0027056187, 0.093527615, 0.004175828, 0.068046875, 0.0038610066, 0.22046113, 0.019561742, 0.111288756, 0.014359882, 0.046457328, 0.0084032975]</VALUES>
		<LCS_MIN>[0.11148244, 0.08039927, 0.057084654, 0.16182296, 0.0651241, 0.026235765]</LCS_MIN>
		<LCS_MAX>[0.1306985, 0.108484305, 0.08414007, 0.3055668, 0.16039194, 0.09268788]</LCS_MAX>
		<WAVELENGTH>[0.485, 0.56, 0.66, 0.83, 1.65, 2.215]</WAVELENGTH>
		<MEAN_VALUE>[0.12018439, 0.093527615, 0.068046875, 0.22046113, 0.111288756, 0.046457328]</MEAN_VALUE>
		<CHECKBOX>2</CHECKBOX>
		<SD>[0.0027056187, 0.004175828, 0.0038610066, 0.019561742, 0.014359882, 0.0084032975]</SD>
		<WAVELENGTH_UNIT>E-6m</WAVELENGTH_UNIT>
		<COLOR>#0e89e6</COLOR>
		<COVARIANCE_MATRIX>[[7.323684258153662e-06, 5.379937192628859e-06, 5.081386007077526e-06, -2.7146302272740286e-06, 6.4570999711577315e-06, 7.853192983020563e-06], [5.379937192628859e-06, 1.7445423509343527e-05, 1.1069031643273775e-05, 1.1978625479969196e-05, 2.5491533961030655e-05, 2.015748032135889e-05], [5.081386007077526e-06, 1.1069031643273775e-05, 1.4914113307895605e-05, -1.6844220454004244e-06, 1.93069481611019e-05, 1.839491778810043e-05], [-2.7146302272740286e-06, 1.1978625479969196e-05, -1.6844220454004244e-06, 0.00038283481262624264, 0.0001950195583049208, 5.6782675528666005e-05], [6.4570999711577315e-06, 2.5491533961030655e-05, 1.93069481611019e-05, 0.0001950195583049208, 0.00020629947539418936, 9.454286191612482e-05], [7.853192983020563e-06, 2.015748032135889e-05, 1.839491778810043e-05, 5.6782675528666005e-05, 9.454286191612482e-05, 7.06473583704792e-05]]</COVARIANCE_MATRIX>
		<ROI_SIZE>2212</ROI_SIZE>
		<MAX_VALUE>[0.1306985, 0.108484305, 0.08414007, 0.3055668, 0.16039194, 0.09268788]</MAX_VALUE>
		<MIN_VALUE>[0.11148244, 0.08039927, 0.057084654, 0.16182296, 0.0651241, 0.026235765]</MIN_VALUE>
		<SIGNATURE_THRESHOLD_MD>0.0</SIGNATURE_THRESHOLD_MD>
		<SIGNATURE_THRESHOLD_ML>0.0</SIGNATURE_THRESHOLD_ML>
		<SIGNATURE_THRESHOLD_SAM>0.0</SIGNATURE_THRESHOLD_SAM>
	</signature>
	<signature ID="20210617_150418612172_555">
		<MACROCLASSID>2</MACROCLASSID>
		<MACROCLASSINFO>vegetation</MACROCLASSINFO>
		<CLASSID>13</CLASSID>
		<CLASSINFO>C 1</CLASSINFO>
		<VALUES>[0.124178775, 0.0024883412, 0.097633265, 0.0032420696, 0.07048609, 0.0032876672, 0.21869868, 0.015530637, 0.1190282, 0.016525358, 0.05055881, 0.0095496755]</VALUES>
