<?xml version="1.0" ?>
<signaturelist MCID_LIST="[['1', 'waterbody', '#000000'], ['2', 'vegetation', '#000000'], ['3', 'bareland', '#000000'], ['4', 'built-up', '#000000']]">
	<signature ID="20210617_101350728369_770">
		<MACROCLASSID>1</MACROCLASSID>
		<MACROCLASSINFO>waterbody</MACROCLASSINFO>
		<CLASSID>1</CLASSID>
		<CLASSINFO>C 1</CLASSINFO>
		<VALUES>[0.10183605135023395, 0.002459839245096544, 0.10856466447819271, 0.0037385020943621963, 0.08057405381002751, 0.005026076338042614, 0.04914673717427576, 0.006360901019112712, 0.010503590322348242, 0.004606610125517915, 0.006749780821706488, 0.003838346254816598]</VALUES>
		<LCS_MIN>[0.09397580474615097, 0.07845208048820496, 0.05793783441185951, 0.04108402505517006, 0.0, 0.0]</LCS_MIN>
		<LCS_MAX>[0.1201060339808464, 0.12580353021621704, 0.09874048829078674, 0.08116139471530914, 0.04673979431390762, 0.036084067076444626]</LCS_MAX>
		<WAVELENGTH>[0.485, 0.56, 0.66, 0.83, 1.65, 2.215]</WAVELENGTH>
		<MEAN_VALUE>[0.10183605135023395, 0.10856466447819271, 0.08057405381002751, 0.04914673717427576, 0.010503590322348242, 0.006749780821706488]</MEAN_VALUE>
		<CHECKBOX>2</CHECKBOX>
		<SD>[0.002459839245096544, 0.0037385020943621963, 0.005026076338042614, 0.006360901019112712, 0.004606610125517915, 0.003838346254816598]</SD>
		<WAVELENGTH_UNIT>E-6m</WAVELENGTH_UNIT>
		<COLOR>#c879cc</COLOR>
		<COVARIANCE_MATRIX>[[4.8290744416590314e-06, 3.332273536216235e-06, 5.036066795582883e-06, 4.223856194585096e-06, 3.3403971428924706e-06, 2.2392632672563195e-06], [3.332273536216235e-06, 1.227042685059132e-05, 1.0091038348036818e-05, 1.9880690160789527e-06, 2.364781948926975e-06, 1.7510706129542086e-06], [5.036066795582883e-06, 1.0091038348036818e-05, 2.147455779777374e-05, 1.467001493438147e-05, 6.214418590388959e-06, 4.308479674364207e-06], [4.223856194585096e-06, 1.9880690160789527e-06, 1.467001493438147e-05, 3.556062074494548e-05, 1.5549025192740373e-05, 1.0150703928957228e-05], [3.3403971428924706e-06, 2.364781948926975e-06, 6.214418590388959e-06, 1.5549025192740373e-05, 1.7445654520997778e-05, 9.538265658193268e-06], [2.2392632672563195e-06, 1.7510706129542086e-06, 4.308479674364207e-06, 1.0150703928957228e-05, 9.538265658193268e-06, 1.3096533621137496e-05]]</COVARIANCE_MATRIX>
		<ROI_SIZE>7438</ROI_SIZE>
		<MAX_VALUE>[0.1201060339808464, 0.12580353021621704, 0.09874048829078674, 0.08116139471530914, 0.04673979431390762, 0.036084067076444626]</MAX_VALUE>
		<MIN_VALUE>[0.09397580474615097, 0.07845208048820496, 0.05793783441185951, 0.04108402505517006, 0.0, 0.0]</MIN_VALUE>
		<SIGNATURE_THRESHOLD_MD>0.0</SIGNATURE_THRESHOLD_MD>
		<SIGNATURE_THRESHOLD_ML>0.0</SIGNATURE_THRESHOLD_ML>
		<SIGNATURE_THRESHOLD_SAM>0.0</SIGNATURE_THRESHOLD_SAM>
	</signature>
	<signature ID="20210617_101357769364_101">
		<MACROCLASSID>1</MACROCLASSID>
		<MACROCLASSINFO>waterbody</MACROCLASSINFO>
		<CLASSID>2</CLASSID>
		<CLASSINFO>C 1</CLASSINFO>
		<VALUES>[0.101677092325298, 0.004193681549129154, 0.10089619670784818, 0.015108296639981863, 0.07423090321161557, 0.011352667780191351, 0.05174199624033893, 0.009112161788697894, 0.013434545481393216, 0.004553389674504503, 0.008437711812289911, 0.0035848170880750097]</VALUES>
		<LCS_MIN>[0.0910724326968193, 0.07213854789733887, 0.04919440299272537, 0.04108402505517006, 0.004516981542110443, 0.0]</LCS_MIN>
		<LCS_MAX>[0.12591275572776794, 0.13211704790592194, 0.11039839684963226, 0.08480478823184967, 0.049085501581430435, 0.04282137006521225]</LCS_MAX>
		<WAVELENGTH>[0.485, 0.56, 0.66, 0.83, 1.65, 2.215]</WAVELENGTH>
		<MEAN_VALUE>[0.101677092325298, 0.10089619670784818, 0.07423090321161557, 0.05174199624033893, 0.013434545481393216, 0.008437711812289911]</MEAN_VALUE>
		<CHECKBOX>2</CHECKBOX>
		<SD>[0.004193681549129154, 0.015108296639981863, 0.011352667780191351, 0.009112161788697894, 0.004553389674504503, 0.0035848170880750097]</SD>
		<WAVELENGTH_UNIT>E-6m</WAVELENGTH_UNIT>
		<COLOR>#c3e460</COLOR>
		<COVARIANCE_MATRIX>[[1.8115106286131777e-05, 4.733752939500846e-05, 3.7638361391145736e-05, 8.619390428066254e-06, 1.1273673408140894e-05, 7.142329195630737e-06], [4.733752939500846e-05, 0.00018686935072764754, 0.00014168579946272075, 7.1104755079431925e-06, 1.7676033166935667e-05, 1.1411913874326274e-05], [3.7638361391145736e-05, 0.00014168579946272075, 0.00011622318561421707, 1.4477254808298312e-05, 1.9900106053682975e-05, 1.311046344198985e-05], [8.619390428066254e-06, 7.1104755079431925e-06, 1.4477254808298312e-05, 7.134069164749235e-05, 2.5974417440011166e-05, 1.584517849551048e-05], [1.1273673408140894e-05, 1.7676033166935667e-05, 1.9900106053682975e-05, 2.5974417440011166e-05, 2.801755181280896e-05, 1.5196838830888737e-05], [7.142329195630737e-06, 1.1411913874326274e-05, 1.311046344198985e-05, 1.584517849551048e-05, 1.5196838830888737e-05, 1.603334749233909e-05]]</COVARIANCE_MATRIX>
		<ROI_SIZE>8000</ROI_SIZE>
		<MAX_VALUE>[0.12591275572776794, 0.13211704790592194, 0.11039839684963226, 0.08480478823184967, 0.049085501581430435, 0.04282137006521225]</MAX_VALUE>
		<MIN_VALUE>[0.0910724326968193, 0.07213854789733887, 0.04919440299272537, 0.04108402505517006, 0.004516981542110443, 0.0]</MIN_VALUE>
		<SIGNATURE_THRESHOLD_MD>0.0</SIGNATURE_THRESHOLD_MD>
		<SIGNATURE_THRESHOLD_ML>0.0</SIGNATURE_THRESHOLD_ML>
		<SIGNATURE_THRESHOLD_SAM>0.0</SIGNATURE_THRESHOLD_SAM>
	</signature>
	<signature ID="20210617_101404677137_825">
		<MACROCLASSID>1</MACROCLASSID>
		<MACROCLASSINFO>waterbody</MACROCLASSINFO>
		<CLASSID>3</CLASSID>
		<CLASSINFO>C 1</CLASSINFO>
		<VALUES>[0.10029497288317005, 0.0036332101788665644, 0.08903301342741234, 0.0082934549478192, 0.07150201711016403, 0.009194400411211055, 0.05248953685507512, 0.009856632812161217, 0.015507484922557194, 0.006925775661578394, 0.010051076863963854, 0.0053983119484996]</VALUES>
		<LCS_MIN>[0.08962074667215347, 0.06898179650306702, 0.05210888013243675, 0.03379723057150841, 0.004516981542110443, 0.0]</LCS_MIN>
		<LCS_MAX>[0.11429931223392487, 0.11948999762535095, 0.10748391598463058, 0.07751800119876862, 0.04673979431390762, 0.03945271670818329]</LCS_MAX>
		<WAVELENGTH>[0.485, 0.56, 0.66, 0.83, 1.65, 2.215]</WAVELENGTH>
		<MEAN_VALUE>[0.10029497288317005, 0.08903301342741234, 0.07150201711016403, 0.05248953685507512, 0.015507484922557194, 0.010051076863963854]</MEAN_VALUE>
		<CHECKBOX>2</CHECKBOX>
		<SD>[0.0036332101788665644, 0.0082934549478192, 0.009194400411211055, 0.009856632812161217, 0.006925775661578394, 0.0053983119484996]</SD>
		<WAVELENGTH_UNIT>E-6m</WAVELENGTH_UNIT>
		<COLOR>#4203ed</COLOR>
		<COVARIANCE_MATRIX>[[1.5236864783219062e-05, 2.818426764861215e-05, 3.1818508432479575e-05, 1.0628551535774022e-05, 7.83042014518287e-06, 5.790242084913189e-06], [2.818426764861215e-05, 7.771890523144975e-05, 7.72639614297077e-05, 2.2372205421561375e-05, 1.948304816323798e-05, 1.4438393009186257e-05], [3.1818508432479575e-05, 7.72639614297077e-05, 9.13310213945806e-05, 3.687415301101282e-05, 2.7024609153158963e-05, 2.0085686628590338e-05], [1.0628551535774022e-05, 2.2372205421561375e-05, 3.687415301101282e-05, 0.00010130359441973269, 4.613573764800094e-05, 3.1496314477408305e-05], [7.83042014518287e-06, 1.948304816323798e-05, 2.7024609153158963e-05, 4.613573764800094e-05, 4.926645488012582e-05, 3.149786789435893e-05], [5.790242084913189e-06, 1.4438393009186257e-05, 2.0085686628590338e-05, 3.1496314477408305e-05, 3.149786789435893e-05, 2.930614209617488e-05]]</COVARIANCE_MATRIX>
		<ROI_SIZE>2869</ROI_SIZE>
		<MAX_VALUE>[0.11429931223392487, 0.11948999762535095, 0.10748391598463058, 0.07751800119876862, 0.04673979431390762, 0.03945271670818329]</MAX_VALUE>
		<MIN_VALUE>[0.08962074667215347, 0.06898179650306702, 0.05210888013243675, 0.03379723057150841, 0.004516981542110443, 0.0]</MIN_VALUE>
		<SIGNATURE_THRESHOLD_MD>0.0</SIGNATURE_THRESHOLD_MD>
		<SIGNATURE_THRESHOLD_ML>0.0</SIGNATURE_THRESHOLD_ML>
		<SIGNATURE_THRESHOLD_SAM>0.0</SIGNATURE_THRESHOLD_SAM>
	</signature>
	<signature ID="20210617_101412195244_567">
		<MACROCLASSID>1</MACROCLASSID>
		<MACROCLASSINFO>waterbody</MACROCLASSINFO>
		<CLASSID>4</CLASSID>
		<CLASSINFO>C 1</CLASSINFO>
		<VALUES>[0.12669115915637602, 0.003229356350627936, 0.1494901334674193, 0.007108448489137443, 0.12411150683102941, 0.0051408506336233515, 0.05889898344617463, 0.008631053092121003, 0.020378845042131576, 0.008853884852414418, 0.012686893921987756, 0.006487027609316764]</VALUES>
		<LCS_MIN>[0.11429931223392487, 0.11633323132991791, 0.09874048829078674, 0.044727422297000885, 0.0068626925349235535, 0.0]</LCS_MIN>
		<LCS_MAX>[0.13462284207344055, 0.1573711782693863, 0.1337141990661621, 0.0884481891989708, 0.049085501581430435, 0.03945271670818329]</LCS_MAX>
		<WAVELENGTH>[0.485, 0.56, 0.66, 0.83, 1.65, 2.215]</WAVELENGTH>
		<MEAN_VALUE>[0.12669115915637602, 0.1494901334674193, 0.12411150683102941, 0.05889898344617463, 0.020378845042131576, 0.012686893921987756]</MEAN_VALUE>
		<CHECKBOX>2</CHECKBOX>
		<SD>[0.003229356350627936, 0.007108448489137443, 0.0051408506336233515, 0.008631053092121003, 0.008853884852414418, 0.006487027609316764]</SD>
		<WAVELENGTH_UNIT>E-6m</WAVELENGTH_UNIT>
		<COLOR>#bba953</COLOR>
		<COVARIANCE_MATRIX>[[1.0446754458826035e-05, 1.8001397620537318e-05, 1.3406508514890447e-05, -1.378150045638904e-05, -1.269167387363268e-05, -6.082786057959311e-06], [1.8001397620537318e-05, 5.061731280875392e-05, 3.0891565984347835e-05, -4.403439743327908e-05, -4.06118888349738e-05, -2.3527696612291038e-05], [1.3406508514890447e-05, 3.0891565984347835e-05, 2.647399014676921e-05, -2.4169092284864746e-05, -1.9773780877585523e-05, -9.744772796693724e-06], [-1.378150045638904e-05, -4.403439743327908e-05, -2.4169092284864746e-05, 7.462374196620658e-05, 6.54891919111833e-05, 4.266244650352746e-05], [-1.269167387363268e-05, -4.06118888349738e-05, -1.9773780877585523e-05, 6.54891919111833e-05, 7.852666749386117e-05, 4.8406480345875025e-05], [-6.082786057959311e-06, -2.3527696612291038e-05, -9.744772796693724e-06, 4.266244650352746e-05, 4.8406480345875025e-05, 4.215420631226152e-05]]</COVARIANCE_MATRIX>
		<ROI_SIZE>580</ROI_SIZE>
		<MAX_VALUE>[0.13462284207344055, 0.1573711782693863, 0.1337141990661621, 0.0884481891989708, 0.049085501581430435, 0.03945271670818329]</MAX_VALUE>
		<MIN_VALUE>[0.11429931223392487, 0.11633323132991791, 0.09874048829078674, 0.044727422297000885, 0.0068626925349235535, 0.0]</MIN_VALUE>
		<SIGNATURE_THRESHOLD_MD>0.0</SIGNATURE_THRESHOLD_MD>
		<SIGNATURE_THRESHOLD_ML>0.0</SIGNATURE_THRESHOLD_ML>
		<SIGNATURE_THRESHOLD_SAM>0.0</SIGNATURE_THRESHOLD_SAM>
	</signature>
	<signature ID="20210617_101416976757_489">
		<MACROCLASSID>1</MACROCLASSID>
		<MACROCLASSINFO>waterbody</MACROCLASSINFO>
		<CLASSID>5</CLASSID>
		<CLASSINFO>C 1</CLASSINFO>
		<VALUES>[0.10395179678337269, 0.0019724594812530797, 0.09544773565790667, 0.0036617412654519083, 0.07180576566695035, 0.003810451269449561, 0.054517973726394615, 0.011464931160207217, 0.031275881551453284, 0.013032334413228699, 0.02270524537464455, 0.010297923314373176]</VALUES>
		<LCS_MIN>[0.09687914699316025, 0.07845208048820496, 0.06376678496599197, 0.03744062781333923, 0.009208404459059238, 0.009134843945503235]</LCS_MIN>
		<LCS_MAX>[0.10849259793758392, 0.10686295479536057, 0.08708259463310242, 0.08116139471530914, 0.060814063996076584, 0.052927322685718536]</LCS_MAX>
		<WAVELENGTH>[0.485, 0.56, 0.66, 0.83, 1.65, 2.215]</WAVELENGTH>
		<MEAN_VALUE>[0.10395179678337269, 0.09544773565790667, 0.07180576566695035, 0.054517973726394615, 0.031275881551453284, 0.02270524537464455]</MEAN_VALUE>
		<CHECKBOX>2</CHECKBOX>
		<SD>[0.0019724594812530797, 0.0036617412654519083, 0.003810451269449561, 0.011464931160207217, 0.013032334413228699, 0.010297923314373176]</SD>
		<WAVELENGTH_UNIT>E-6m</WAVELENGTH_UNIT>
		<COLOR>#34701c</COLOR>
		<COVARIANCE_MATRIX>[[3.90912327929982e-06, 4.154138878220692e-06, 2.6488180537853623e-06, -2.781685907393694e-06, -7.944960316308425e-07, 1.3452078064801753e-06], [4.154138878220692e-06, 1.34721985887154e-05, 4.537870609055972e-06, -1.04423243101337e-05, -8.92159641807666e-06, -9.268502481063479e-07], [2.6488180537853623e-06, 4.537870609055972e-06, 1.4588679732696619e-05, 2.4829694666550495e-05, 2.71112730843015e-05, 2.4331950044143014e-05], [-2.781685907393694e-06, -1.04423243101337e-05, 2.4829694666550495e-05, 0.00013207057781983167, 0.00013018549361731857, 9.584172948962077e-05], [-7.944960316308425e-07, -8.92159641807666e-06, 2.71112730843015e-05, 0.00013018549361731857, 0.00017065051360987127, 0.0001226882595801726], [1.3452078064801753e-06, -9.268502481063479e-07, 2.4331950044143014e-05, 9.584172948962077e-05, 0.0001226882595801726, 0.0001065522083081305]]</COVARIANCE_MATRIX>
		<ROI_SIZE>211</ROI_SIZE>
		<MAX_VALUE>[0.10849259793758392, 0.10686295479536057, 0.08708259463310242, 0.08116139471530914, 0.060814063996076584, 0.052927322685718536]</MAX_VALUE>
		<MIN_VALUE>[0.09687914699316025, 0.07845208048820496, 0.06376678496599197, 0.03744062781333923, 0.009208404459059238, 0.009134843945503235]</MIN_VALUE>
		<SIGNATURE_THRESHOLD_MD>0.0</SIGNATURE_THRESHOLD_MD>
		<SIGNATURE_THRESHOLD_ML>0.0</SIGNATURE_THRESHOLD_ML>
		<SIGNATURE_THRESHOLD_SAM>0.0</SIGNATURE_THRESHOLD_SAM>
	</signature>
	<signature ID="20210617_101421436775_808">
		<MACROCLASSID>1</MACROCLASSID>
		<MACROCLASSINFO>waterbody</MACROCLASSINFO>
		<CLASSID>6</CLASSID>
		<CLASSINFO>C 1</CLASSINFO>
		<VALUES>[0.10584731201330823, 0.0032139959068516757, 0.10370618866549597, 0.005365466742670939, 0.07778865637050734, 0.004816376105729322, 0.05023300088942052, 0.00886217936865554, 0.028156541929476784, 0.01026189056944609, 0.01837992407381535, 0.008426287977418897]</VALUES>
		<LCS_MIN>[0.09978251159191132, 0.09107913076877594, 0.06959573179483414, 0.04108402505517006, 0.016245538368821144, 0.009134843945503235]</LCS_MIN>
		<LCS_MAX>[0.1113959550857544, 0.11317646503448486, 0.08708259463310242, 0.08116139471530914, 0.058468349277973175, 0.04619002342224121]</LCS_MAX>
		<WAVELENGTH>[0.485, 0.56, 0.66, 0.83, 1.65, 2.215]</WAVELENGTH>
		<MEAN_VALUE>[0.10584731201330823, 0.10370618866549597, 0.07778865637050734, 0.05023300088942052, 0.028156541929476784, 0.01837992407381535]</MEAN_VALUE>
		<CHECKBOX>2</CHECKBOX>
		<SD>[0.0032139959068516757, 0.005365466742670939, 0.004816376105729322, 0.00886217936865554, 0.01026189056944609, 0.008426287977418897]</SD>
		<WAVELENGTH_UNIT>E-6m</WAVELENGTH_UNIT>
		<COLOR>#79b0f1</COLOR>
		<COVARIANCE_MATRIX>[[1.0445834959682543e-05, 1.4932095837139059e-05, 7.89236855780473e-06, -1.8528140799389803e-06, -5.450067419587867e-07, -1.478659669373883e-06], [1.4932095837139059e-05, 2.9111695766914636e-05, 1.126780261984095e-05, -7.882940735726152e-06, -3.1616225442121504e-06, -5.018307547288714e-06], [7.89236855780473e-06, 1.126780261984095e-05, 2.3458123905584216e-05, 2.728487925196532e-05, 3.105794166913256e-05, 2.1693662347388454e-05], [-1.8528140799389803e-06, -7.882940735726152e-06, 2.728487925196532e-05, 7.94206716818735e-05, 7.724585884716362e-05, 5.76096135773696e-05], [-5.450067419587867e-07, -3.1616225442121504e-06, 3.105794166913256e-05, 7.724585884716362e-05, 0.00010648961324477568, 7.660293340450153e-05], [-1.478659669373883e-06, -5.018307547288714e-06, 2.1693662347388454e-05, 5.76096135773696e-05, 7.660293340450153e-05, 7.180011016316712e-05]]</COVARIANCE_MATRIX>
		<ROI_SIZE>90</ROI_SIZE>
		<MAX_VALUE>[0.1113959550857544, 0.11317646503448486, 0.08708259463310242, 0.08116139471530914, 0.058468349277973175, 0.04619002342224121]</MAX_VALUE>
		<MIN_VALUE>[0.09978251159191132, 0.09107913076877594, 0.06959573179483414, 0.04108402505517006, 0.016245538368821144, 0.009134843945503235]</MIN_VALUE>
		<SIGNATURE_THRESHOLD_MD>0.0</SIGNATURE_THRESHOLD_MD>
		<SIGNATURE_THRESHOLD_ML>0.0</SIGNATURE_THRESHOLD_ML>
		<SIGNATURE_THRESHOLD_SAM>0.0</SIGNATURE_THRESHOLD_SAM>
	</signature>
	<signature ID="20210617_101428502103_102">
		<MACROCLASSID>1</MACROCLASSID>
		<MACROCLASSINFO>waterbody</MACROCLASSINFO>
		<CLASSID>7</CLASSID>
		<CLASSINFO>C 1</CLASSINFO>
		<VALUES>[0.1262353532492913, 0.0018747416119412662, 0.13891951448788964, 0.0035275913536394927, 0.09876011974281736, 0.009782375511788498, 0.05071388077153904, 0.007944591162501359, 0.022208543701304314, 0.009620455355368148, 0.01426481740135286, 0.007354374430602283]</VALUES>
		<LCS_MIN>[0.11865437030792236, 0.1289602816104889, 0.08708259463310242, 0.04108402505517006, 0.0068626925349235535, 0.0]</LCS_MIN>
		<LCS_MAX>[0.13171948492527008, 0.151057630777359, 0.12497077137231827, 0.08116139471530914, 0.056122638285160065, 0.03945271670818329]</LCS_MAX>
		<WAVELENGTH>[0.485, 0.56, 0.66, 0.83, 1.65, 2.215]</WAVELENGTH>
		<MEAN_VALUE>[0.1262353532492913, 0.13891951448788964, 0.09876011974281736, 0.05071388077153904, 0.022208543701304314, 0.01426481740135286]</MEAN_VALUE>
		<CHECKBOX>2</CHECKBOX>
		<SD>[0.0018747416119412662, 0.0035275913536394927, 0.009782375511788498, 0.007944591162501359, 0.009620455355368148, 0.007354374430602283]</SD>
		<WAVELENGTH_UNIT>E-6m</WAVELENGTH_UNIT>
		<COLOR>#03719c</COLOR>
		<COVARIANCE_MATRIX>[[3.5265300084574847e-06, -2.1089658730488736e-06, -1.0669329640222713e-05, -3.885386377078248e-06, -4.714138867711881e-06, -3.2913121685851365e-06], [-2.1089658730488736e-06, 1.2485940715123434e-05, 2.3612825316376984e-05, 2.969269417008036e-06, 1.7277321830988512e-06, 1.8662933598534437e-06], [-1.0669329640222713e-05, 2.3612825316376984e-05, 9.601816418580711e-05, 4.077805351698771e-05, 3.4873548429459333e-05, 2.588390816526953e-05], [-3.885386377078248e-06, 2.969269417008036e-06, 4.077805351698771e-05, 6.33297604508698e-05, 5.819208672619425e-05, 4.3311534682288766e-05], [-4.714138867711881e-06, 1.7277321830988512e-06, 3.4873548429459333e-05, 5.819208672619425e-05, 9.286584099754691e-05, 5.9160272940061986e-05], [-3.2913121685851365e-06, 1.8662933598534437e-06, 2.588390816526953e-05, 4.3311534682288766e-05, 5.9160272940061986e-05, 5.426954885479063e-05]]</COVARIANCE_MATRIX>
		<ROI_SIZE>297</ROI_SIZE>
		<MAX_VALUE>[0.13171948492527008, 0.151057630777359, 0.12497077137231827, 0.08116139471530914, 0.056122638285160065, 0.03945271670818329]</MAX_VALUE>
		<MIN_VALUE>[0.11865437030792236, 0.1289602816104889, 0.08708259463310242, 0.04108402505517006, 0.0068626925349235535, 0.0]</MIN_VALUE>
		<SIGNATURE_THRESHOLD_MD>0.0</SIGNATURE_THRESHOLD_MD>
		<SIGNATURE_THRESHOLD_ML>0.0</SIGNATURE_THRESHOLD_ML>
		<SIGNATURE_THRESHOLD_SAM>0.0</SIGNATURE_THRESHOLD_SAM>
	</signature>
	<signature ID="20210617_101432552196_545">
		<MACROCLASSID>1</MACROCLASSID>
		<MACROCLASSINFO>waterbody</MACROCLASSINFO>
		<CLASSID>8</CLASSID>
		<CLASSINFO>C 1</CLASSINFO>
		<VALUES>[0.10938593655510818, 0.002645459551293843, 0.1068109171260353, 0.003820763831044311, 0.06935686318224261, 0.00490354860371774, 0.036311241438196126, 0.004723683907001512, 0.00979714026095111, 0.0050442053904862045, 0.006095572803109769, 0.004442328584576934]</VALUES>
		<LCS_MIN>[0.10268589109182358, 0.09423589706420898, 0.06085231155157089, 0.030153833329677582, 0.0, 0.0]</LCS_MIN>
		<LCS_MAX>[0.11865437030792236, 0.122646763920784, 0.1045694425702095, 0.07023119926452637, 0.04673979431390762, 0.03945271670818329]</LCS_MAX>
		<WAVELENGTH>[0.485, 0.56, 0.66, 0.83, 1.65, 2.215]</WAVELENGTH>
		<MEAN_VALUE>[0.10938593655510818, 0.1068109171260353, 0.06935686318224261, 0.036311241438196126, 0.00979714026095111, 0.006095572803109769]</MEAN_VALUE>
		<CHECKBOX>2</CHECKBOX>
		<SD>[0.002645459551293843, 0.003820763831044311, 0.00490354860371774, 0.004723683907001512, 0.0050442053904862045, 0.004442328584576934]</SD>
		<WAVELENGTH_UNIT>E-6m</WAVELENGTH_UNIT>
		<COLOR>#ad8edd</COLOR>
		<COVARIANCE_MATRIX>[[6.702896371280076e-06, 6.503138138214126e-06, 4.545069714367855e-06, 1.0429005214973586e-06, -7.997144848559401e-07, -3.180677765612927e-07], [6.503138138214126e-06, 1.3047200809523929e-05, 7.597837793582585e-06, 1.5558574659735314e-06, -5.502669182533282e-07, -2.8919257033521717e-07], [4.545069714367855e-06, 7.597837793582585e-06, 1.607744889042806e-05, 1.1578704288695008e-05, 9.530494025966618e-06, 7.397614808724029e-06], [1.0429005214973586e-06, 1.5558574659735314e-06, 1.1578704288695008e-05, 2.168468745367136e-05, 1.766102468536701e-05, 1.3067655345366802e-05], [-7.997144848559401e-07, -5.502669182533282e-07, 9.530494025966618e-06, 1.766102468536701e-05, 2.613819742691703e-05, 1.6490968846483156e-05], [-3.180677765612927e-07, -2.8919257033521717e-07, 7.397614808724029e-06, 1.3067655345366802e-05, 1.6490968846483156e-05, 1.9612312826211564e-05]]</COVARIANCE_MATRIX>
		<ROI_SIZE>4291</ROI_SIZE>
		<MAX_VALUE>[0.11865437030792236, 0.122646763920784, 0.1045694425702095, 0.07023119926452637, 0.04673979431390762, 0.03945271670818329]</MAX_VALUE>
		<MIN_VALUE>[0.10268589109182358, 0.09423589706420898, 0.06085231155157089, 0.030153833329677582, 0.0, 0.0]</MIN_VALUE>
		<SIGNATURE_THRESHOLD_MD>0.0</SIGNATURE_THRESHOLD_MD>
		<SIGNATURE_THRESHOLD_ML>0.0</SIGNATURE_THRESHOLD_ML>
		<SIGNATURE_THRESHOLD_SAM>0.0</SIGNATURE_THRESHOLD_SAM>
	</signature>
	<signature ID="20210617_101441008620_313">
		<MACROCLASSID>1</MACROCLASSID>
		<MACROCLASSINFO>waterbody</MACROCLASSINFO>
		<CLASSID>9</CLASSID>
		<CLASSINFO>C 1</CLASSINFO>
		<VALUES>[0.1158362047341854, 0.004376142942686769, 0.10289778135392977, 0.009670875659572408, 0.07399912788492204, 0.008764255813123347, 0.047965293946149554, 0.006615727982268077, 0.012382254464470836, 0.005072034144038875, 0.006950126947004977, 0.004223964476778872]</VALUES>
		<LCS_MIN>[0.10558922588825226, 0.08476559817790985, 0.06085231155157089, 0.04108402505517006, 0.004516981542110443, 0.0]</LCS_MIN>
		<LCS_MAX>[0.13026779890060425, 0.13527381420135498, 0.1045694425702095, 0.08116139471530914, 0.049085501581430435, 0.03945271670818329]</LCS_MAX>
		<WAVELENGTH>[0.485, 0.56, 0.66, 0.83, 1.65, 2.215]</WAVELENGTH>
		<MEAN_VALUE>[0.1158362047341854, 0.10289778135392977, 0.07399912788492204, 0.047965293946149554, 0.012382254464470836, 0.006950126947004977]</MEAN_VALUE>
		<CHECKBOX>2</CHECKBOX>
		<SD>[0.004376142942686769, 0.009670875659572408, 0.008764255813123347, 0.006615727982268077, 0.005072034144038875, 0.004223964476778872]</SD>
		<WAVELENGTH_UNIT>E-6m</WAVELENGTH_UNIT>
		<COLOR>#decab5</COLOR>
		<COVARIANCE_MATRIX>[[1.621863520995248e-05, 2.9982807973283343e-05, 2.2718315449310467e-05, 3.879224550473737e-06, 4.613719738699729e-06, 3.3077612897614017e-06], [2.9982807973283343e-05, 7.219672261271626e-05, 5.563899685512297e-05, 1.0868806384678464e-05, 1.3370558008318767e-05, 9.379121365782339e-06], [2.2718315449310467e-05, 5.563899685512297e-05, 6.440898141590878e-05, 3.0555322155123577e-05, 2.5920902771758847e-05, 1.8435011952533387e-05], [3.879224550473737e-06, 1.0868806384678464e-05, 3.0555322155123577e-05, 5.3108702559256926e-05, 3.45730222761631e-05, 2.4147037038346753e-05], [4.613719738699729e-06, 1.3370558008318767e-05, 2.5920902771758847e-05, 3.45730222761631e-05, 3.9954244130058214e-05, 2.5054236175492406e-05], [3.3077612897614017e-06, 9.379121365782339e-06, 1.8435011952533387e-05, 2.4147037038346753e-05, 2.5054236175492406e-05, 2.500092887203209e-05]]</COVARIANCE_MATRIX>
		<ROI_SIZE>3877</ROI_SIZE>
		<MAX_VALUE>[0.13026779890060425, 0.13527381420135498, 0.1045694425702095, 0.08116139471530914, 0.049085501581430435, 0.03945271670818329]</MAX_VALUE>
		<MIN_VALUE>[0.10558922588825226, 0.08476559817790985, 0.06085231155157089, 0.04108402505517006, 0.004516981542110443, 0.0]</MIN_VALUE>
		<SIGNATURE_THRESHOLD_MD>0.0</SIGNATURE_THRESHOLD_MD>
		<SIGNATURE_THRESHOLD_ML>0.0</SIGNATURE_THRESHOLD_ML>
		<SIGNATURE_THRESHOLD_SAM>0.0</SIGNATURE_THRESHOLD_SAM>
	</signature>
	<signature ID="20210617_101447414941_339">
		<MACROCLASSID>1</MACROCLASSID>
		<MACROCLASSINFO>waterbody</MACROCLASSINFO>
		<CLASSID>10</CLASSID>
		<CLASSINFO>C 1</CLASSINFO>
		<VALUES>[0.11095605120815406, 0.0017441490936062742, 0.12899854839450176, 0.0026992912645976723, 0.10442813707120484, 0.0032109657980626555, 0.06257639147265996, 0.006001139077305184, 0.02247233747532871, 0.007399732809635985, 0.014967036611315878, 0.007266504349990989]</VALUES>
		<LCS_MIN>[0.10558922588825226, 0.11633323132991791, 0.09874048829078674, 0.05565761402249336, 0.013899827376008034, 0.002397538861259818]</LCS_MIN>
		<LCS_MAX>[0.11720268428325653, 0.13527381420135498, 0.12205630540847778, 0.09573498368263245, 0.056122638285160065, 0.049558673053979874]</LCS_MAX>
		<WAVELENGTH>[0.485, 0.56, 0.66, 0.83, 1.65, 2.215]</WAVELENGTH>
		<MEAN_VALUE>[0.11095605120815406, 0.12899854839450176, 0.10442813707120484, 0.06257639147265996, 0.02247233747532871, 0.014967036611315878]</MEAN_VALUE>
		<CHECKBOX>2</CHECKBOX>
		<SD>[0.0017441490936062742, 0.0026992912645976723, 0.0032109657980626555, 0.006001139077305184, 0.007399732809635985, 0.007266504349990989]</SD>
		<WAVELENGTH_UNIT>E-6m</WAVELENGTH_UNIT>
		<COLOR>#937741</COLOR>
		<COVARIANCE_MATRIX>[[3.048214011869277e-06, 3.1371342856800766e-07, 2.524205456211348e-06, 4.848458956985269e-06, 4.991907644580351e-06, 3.719103006005753e-06], [3.1371342856800766e-07, 7.300922788999742e-06, 7.690019288020267e-07, -3.4781994600052712e-06, -6.584532457054593e-07, -1.1598228866205318e-07], [2.524205456211348e-06, 7.690019288020267e-07, 1.0331172234145924e-05, 1.2372067430987954e-05, 1.2644916751014534e-05, 1.0325668881705496e-05], [4.848458956985269e-06, -3.4781994600052712e-06, 1.2372067430987954e-05, 3.6086570617044345e-05, 3.5201432183384895e-05, 3.05980138364248e-05], [4.991907644580351e-06, -6.584532457054593e-07, 1.2644916751014534e-05, 3.5201432183384895e-05, 5.486688678502105e-05, 4.5764638343825936e-05], [3.719103006005753e-06, -1.1598228866205318e-07, 1.0325668881705496e-05, 3.05980138364248e-05, 4.5764638343825936e-05, 5.2908973884768784e-05]]</COVARIANCE_MATRIX>
		<ROI_SIZE>495</ROI_SIZE>
		<MAX_VALUE>[0.11720268428325653, 0.13527381420135498, 0.12205630540847778, 0.09573498368263245, 0.056122638285160065, 0.049558673053979874]</MAX_VALUE>
		<MIN_VALUE>[0.10558922588825226, 0.11633323132991791, 0.09874048829078674, 0.05565761402249336, 0.013899827376008034, 0.002397538861259818]</MIN_VALUE>
		<SIGNATURE_THRESHOLD_MD>0.0</SIGNATURE_THRESHOLD_MD>
		<SIGNATURE_THRESHOLD_ML>0.0</SIGNATURE_THRESHOLD_ML>
		<SIGNATURE_THRESHOLD_SAM>0.0</SIGNATURE_THRESHOLD_SAM>
	</signature>
	<signature ID="20210617_101453260589_711">
		<MACROCLASSID>1</MACROCLASSID>
		<MACROCLASSINFO>waterbody</MACROCLASSINFO>
		<CLASSID>11</CLASSID>
		<CLASSINFO>C 1</CLASSINFO>
		<VALUES>[0.11841181399260924, 0.005912942292373364, 0.10071011083980524, 0.01329393905356327, 0.07586018272563935, 0.0109004320537844, 0.05348444059001793, 0.005461769736435477, 0.017952824256127507, 0.0045996617068266195, 0.011202223274848383, 0.0042860638387492685]</VALUES>
		<LCS_MIN>[0.10558922588825226, 0.07845208048820496, 0.05793783441185951, 0.04108402505517006, 0.0068626925349235535, 0.002397538861259818]</LCS_MIN>
		<LCS_MAX>[0.13171948492527008, 0.13211704790592194, 0.11331287026405334, 0.0884481891989708, 0.058468349277973175, 0.049558673053979874]</LCS_MAX>
		<WAVELENGTH>[0.485, 0.56, 0.66, 0.83, 1.65, 2.215]</WAVELENGTH>
		<MEAN_VALUE>[0.11841181399260924, 0.10071011083980524, 0.07586018272563935, 0.05348444059001793, 0.017952824256127507, 0.011202223274848383]</MEAN_VALUE>
		<CHECKBOX>2</CHECKBOX>
		<SD>[0.005912942292373364, 0.01329393905356327, 0.0109004320537844, 0.005461769736435477, 0.0045996617068266195, 0.0042860638387492685]</SD>
		<WAVELENGTH_UNIT>E-6m</WAVELENGTH_UNIT>
		<COLOR>#0a42a5</COLOR>
		<COVARIANCE_MATRIX>[[3.2382387871621177e-05, 6.389611371560022e-05, 4.809300662600435e-05, 2.3419002900482155e-05, 1.256704763363814e-05, 9.199476153298747e-06], [6.389611371560022e-05, 0.0001442899229004979, 0.00010939588537439704, 5.038786184741184e-05, 2.71267126663588e-05, 2.0103358110645786e-05], [4.809300662600435e-05, 0.00010939588537439704, 9.401511488249525e-05, 4.1787199734244496e-05, 2.2116673790151253e-05, 1.675523708399851e-05], [2.3419002900482155e-05, 5.038786184741184e-05, 4.1787199734244496e-05, 2.70596647169441e-05, 1.510175752628129e-05, 1.1540583727764897e-05], [1.256704763363814e-05, 2.71267126663588e-05, 2.2116673790151253e-05, 1.510175752628129e-05, 1.8707203707890585e-05, 1.2202330253785476e-05], [9.199476153298747e-06, 2.0103358110645786e-05, 1.675523708399851e-05, 1.1540583727764897e-05, 1.2202330253785476e-05, 1.6539841453777626e-05]]</COVARIANCE_MATRIX>
		<ROI_SIZE>4498</ROI_SIZE>
		<MAX_VALUE>[0.13171948492527008, 0.13211704790592194, 0.11331287026405334, 0.0884481891989708, 0.058468349277973175, 0.049558673053979874]</MAX_VALUE>
		<MIN_VALUE>[0.10558922588825226, 0.07845208048820496, 0.05793783441185951, 0.04108402505517006, 0.0068626925349235535, 0.002397538861259818]</MIN_VALUE>
		<SIGNATURE_THRESHOLD_MD>0.0</SIGNATURE_THRESHOLD_MD>
		<SIGNATURE_THRESHOLD_ML>0.0</SIGNATURE_THRESHOLD_ML>
		<SIGNATURE_THRESHOLD_SAM>0.0</SIGNATURE_THRESHOLD_SAM>
	</signature>
	<signature ID="20210617_101506835189_664">
		<MACROCLASSID>1</MACROCLASSID>
		<MACROCLASSINFO>waterbody</MACROCLASSINFO>
		<CLASSID>12</CLASSID>
		<CLASSINFO>C 1</CLASSINFO>
		<VALUES>[0.13432353087204832, 0.002121730583803054, 0.1548218812627071, 0.004955901925992078, 0.10769424459471322, 0.0085994987498672, 0.05175129255068671, 0.007049698588235062, 0.01871216397642883, 0.008905413633878834, 0.01096230712191192, 0.00708824101416875]</VALUES>
		<LCS_MIN>[0.12300939857959747, 0.12580353021621704, 0.09582601487636566, 0.04108402505517006, 0.0068626925349235535, 0.0]</LCS_MIN>
		<LCS_MAX>[0.13897788524627686, 0.16999821364879608, 0.1482865810394287, 0.08480478823184967, 0.051431216299533844, 0.04619002342224121]</LCS_MAX>
		<WAVELENGTH>[0.485, 0.56, 0.66, 0.83, 1.65, 2.215]</WAVELENGTH>
		<MEAN_VALUE>[0.13432353087204832, 0.1548218812627071, 0.10769424459471322, 0.05175129255068671, 0.01871216397642883, 0.01096230712191192]</MEAN_VALUE>
		<CHECKBOX>2</CHECKBOX>
		<SD>[0.002121730583803054, 0.004955901925992078, 0.0085994987498672, 0.007049698588235062, 0.008905413633878834, 0.00708824101416875]</SD>
		<WAVELENGTH_UNIT>E-6m</WAVELENGTH_UNIT>
		<COLOR>#857558</COLOR>
		<COVARIANCE_MATRIX>[[4.517263732850552e-06, 5.460362444864586e-06, -3.307471274638374e-07, -5.440972017822787e-06, -6.257481345528504e-06, -4.1269800021837e-06], [5.460362444864586e-06, 2.464565659465734e-05, 2.1222862415015697e-05, -7.5337220550864e-06, -8.602063644502778e-06, -5.634864464809652e-06], [-3.307471274638374e-07, 2.1222862415015697e-05, 7.42063857614994e-05, 2.8432767066988163e-05, 3.1422474421560764e-05, 2.2228634406928904e-05], [-5.440972017822787e-06, -7.5337220550864e-06, 2.8432767066988163e-05, 4.986962449038401e-05, 4.6535882574971765e-05, 3.492565519991331e-05], [-6.257481345528504e-06, -8.602063644502778e-06, 3.1422474421560764e-05, 4.6535882574971765e-05, 7.957986235851422e-05, 5.2171304560033605e-05], [-4.1269800021837e-06, -5.634864464809652e-06, 2.2228634406928904e-05, 3.492565519991331e-05, 5.2171304560033605e-05, 5.04164127050899e-05]]</COVARIANCE_MATRIX>
		<ROI_SIZE>291</ROI_SIZE>
		<MAX_VALUE>[0.13897788524627686, 0.16999821364879608, 0.1482865810394287, 0.08480478823184967, 0.051431216299533844, 0.04619002342224121]</MAX_VALUE>
		<MIN_VALUE>[0.12300939857959747, 0.12580353021621704, 0.09582601487636566, 0.04108402505517006, 0.0068626925349235535, 0.0]</MIN_VALUE>
		<SIGNATURE_THRESHOLD_MD>0.0</SIGNATURE_THRESHOLD_MD>
		<SIGNATURE_THRESHOLD_ML>0.0</SIGNATURE_THRESHOLD_ML>
		<SIGNATURE_THRESHOLD_SAM>0.0</SIGNATURE_THRESHOLD_SAM>
	</signature>
	<signature ID="20210617_102439631906_786">
		<MACROCLASSID>1</MACROCLASSID>
		<MACROCLASSINFO>waterbody</MACROCLASSINFO>
		<CLASSID>13</CLASSID>
		<CLASSINFO>C 1</CLASSINFO>
		<VALUES>[0.11589104868817185, 0.002745544591175597, 0.10552469419802717, 0.005710201250878981, 0.07543279932801486, 0.006999086139276784, 0.050726523868228096, 0.0063128341803438525, 0.018149525994099743, 0.007960395390969556, 0.011393787379718716, 0.006764425975837874]</VALUES>
		<LCS_MIN>[0.10849259793758392, 0.09107913076877594, 0.06376678496599197, 0.04108402505517006, 0.0068626925349235535, 0.0]</LCS_MIN>
		<LCS_MAX>[0.12591275572776794, 0.12580353021621704, 0.11039839684963226, 0.08480478823184967, 0.053776923567056656, 0.04619002342224121]</LCS_MAX>
		<WAVELENGTH>[0.485, 0.56, 0.66, 0.83, 1.65, 2.215]</WAVELENGTH>
		<MEAN_VALUE>[0.11589104868817185, 0.10552469419802717, 0.07543279932801486, 0.050726523868228096, 0.018149525994099743, 0.011393787379718716]</MEAN_VALUE>
		<CHECKBOX>2</CHECKBOX>
		<SD>[0.002745544591175597, 0.005710201250878981, 0.006999086139276784, 0.0063128341803438525, 0.007960395390969556, 0.006764425975837874]</SD>
		<WAVELENGTH_UNIT>E-6m</WAVELENGTH_UNIT>
		<COLOR>#ae9fdb</COLOR>
		<COVARIANCE_MATRIX>[[7.545014341303613e-06, 1.1633495887508616e-05, 1.1674083907564636e-05, 4.678909135691356e-06, 4.78876791021321e-06, 3.933326752303401e-06], [1.1633495887508616e-05, 3.263667531427927e-05, 3.312173066660762e-05, 1.5308227375498973e-05, 1.7545733498991467e-05, 1.4342334907269105e-05], [1.1674083907564636e-05, 3.312173066660762e-05, 4.9032692913897336e-05, 3.0190143661457114e-05, 3.390689380466938e-05, 2.7815065550385043e-05], [4.678909135691356e-06, 1.5308227375498973e-05, 3.0190143661457114e-05, 3.988887692685239e-05, 3.991676203440875e-05, 3.237269993405789e-05], [4.78876791021321e-06, 1.7545733498991467e-05, 3.390689380466938e-05, 3.991676203440875e-05, 6.342673441395164e-05, 4.688982153311372e-05], [3.933326752303401e-06, 1.4342334907269105e-05, 2.7815065550385043e-05, 3.237269993405789e-05, 4.688982153311372e-05, 4.579994492814876e-05]]</COVARIANCE_MATRIX>
		<ROI_SIZE>1078</ROI_SIZE>
		<MAX_VALUE>[0.12591275572776794, 0.12580353021621704, 0.11039839684963226, 0.08480478823184967, 0.053776923567056656, 0.04619002342224121]</MAX_VALUE>
		<MIN_VALUE>[0.10849259793758392, 0.09107913076877594, 0.06376678496599197, 0.04108402505517006, 0.0068626925349235535, 0.0]</MIN_VALUE>
		<SIGNATURE_THRESHOLD_MD>0.0</SIGNATURE_THRESHOLD_MD>
		<SIGNATURE_THRESHOLD_ML>0.0</SIGNATURE_THRESHOLD_ML>
		<SIGNATURE_THRESHOLD_SAM>0.0</SIGNATURE_THRESHOLD_SAM>
	</signature>
	<signature ID="20210617_102444720244_640">
		<MACROCLASSID>1</MACROCLASSID>
		<MACROCLASSINFO>waterbody</MACROCLASSINFO>
		<CLASSID>14</CLASSID>
		<CLASSINFO>C 1</CLASSINFO>
		<VALUES>[0.11161455557796005, 0.002749382203323397, 0.09943717218151231, 0.00835993126501614, 0.06845593762349834, 0.00940437480496891, 0.04827494103439719, 0.0078118894826811865, 0.017342948316315936, 0.009150760354289572, 0.010644423535906538, 0.00707906503216123]</VALUES>
		<LCS_MIN>[0.10413755476474762, 0.08792237192392349, 0.05502335727214813, 0.03744062781333923, 0.002171269850805402, 0.0]</LCS_MIN>
		<LCS_MAX>[0.12155772000551224, 0.1289602816104889, 0.10748391598463058, 0.08116139471530914, 0.058468349277973175, 0.04282137006521225]</LCS_MAX>
		<WAVELENGTH>[0.485, 0.56, 0.66, 0.83, 1.65, 2.215]</WAVELENGTH>
		<MEAN_VALUE>[0.11161455557796005, 0.09943717218151231, 0.06845593762349834, 0.04827494103439719, 0.017342948316315936, 0.010644423535906538]</MEAN_VALUE>
		<CHECKBOX>2</CHECKBOX>
		<SD>[0.002749382203323397, 0.00835993126501614, 0.00940437480496891, 0.0078118894826811865, 0.009150760354289572, 0.00707906503216123]</SD>
		<WAVELENGTH_UNIT>E-6m</WAVELENGTH_UNIT>
		<COLOR>#5d4030</COLOR>
		<COVARIANCE_MATRIX>[[7.564632142020855e-06, 1.7799380657379515e-05, 1.773000076354947e-05, 4.810911832464626e-06, 2.878685791074531e-06, 2.044497023234726e-06], [1.7799380657379515e-05, 6.993957504164428e-05, 6.851099897176027e-05, 2.0952433260390535e-05, 1.222314404003555e-05, 8.995636562758591e-06], [1.773000076354947e-05, 6.851099897176027e-05, 8.85069603100419e-05, 4.363117477623746e-05, 3.53293216903694e-05, 2.6241837986162864e-05], [4.810911832464626e-06, 2.0952433260390535e-05, 4.363117477623746e-05, 6.107026274548844e-05, 5.6872628192650154e-05, 4.1749812226044014e-05], [2.878685791074531e-06, 1.222314404003555e-05, 3.53293216903694e-05, 5.6872628192650154e-05, 8.379766950383782e-05, 5.584075552178547e-05], [2.044497023234726e-06, 8.995636562758591e-06, 2.6241837986162864e-05, 4.1749812226044014e-05, 5.584075552178547e-05, 5.0149821618106216e-05]]</COVARIANCE_MATRIX>
		<ROI_SIZE>1368</ROI_SIZE>
		<MAX_VALUE>[0.12155772000551224, 0.1289602816104889, 0.10748391598463058, 0.08116139471530914, 0.058468349277973175, 0.04282137006521225]</MAX_VALUE>
		<MIN_VALUE>[0.10413755476474762, 0.08792237192392349, 0.05502335727214813, 0.03744062781333923, 0.002171269850805402, 0.0]</MIN_VALUE>
		<SIGNATURE_THRESHOLD_MD>0.0</SIGNATURE_THRESHOLD_MD>
		<SIGNATURE_THRESHOLD_ML>0.0</SIGNATURE_THRESHOLD_ML>
		<SIGNATURE_THRESHOLD_SAM>0.0</SIGNATURE_THRESHOLD_SAM>
	</signature>
	<signature ID="20210617_103511173324_478">
		<MACROCLASSID>1</MACROCLASSID>
		<MACROCLASSINFO>waterbody</MACROCLASSINFO>
		<CLASSID>15</CLASSID>
		<CLASSINFO>C 1</CLASSINFO>
		<VALUES>[0.11965087967573039, 0.004585495636903087, 0.10823512909106578, 0.00928661556352769, 0.08936709880545703, 0.010828220906790227, 0.06208764943084069, 0.007495232871811954, 0.018568963714988108, 0.006963351476990878, 0.011547924012759803, 0.006031567266133143]</VALUES>
		<LCS_MIN>[0.10994426906108856, 0.09107913076877594, 0.07251022011041641, 0.04837081953883171, 0.009208404459059238, 0.0]</LCS_MIN>
		<LCS_MAX>[0.13171948492527008, 0.13211704790592194, 0.11622735112905502, 0.09209159016609192, 0.056122638285160065, 0.04619002342224121]</LCS_MAX>
		<WAVELENGTH>[0.485, 0.56, 0.66, 0.83, 1.65, 2.215]</WAVELENGTH>
		<MEAN_VALUE>[0.11965087967573039, 0.10823512909106578, 0.08936709880545703, 0.06208764943084069, 0.018568963714988108, 0.011547924012759803]</MEAN_VALUE>
		<CHECKBOX>2</CHECKBOX>
		<SD>[0.004585495636903087, 0.00928661556352769, 0.010828220906790227, 0.007495232871811954, 0.006963351476990878, 0.006031567266133143]</SD>
		<WAVELENGTH_UNIT>E-6m</WAVELENGTH_UNIT>
		<COLOR>#e079ec</COLOR>
		<COVARIANCE_MATRIX>[[2.1076833945699036e-05, 3.777791789616458e-05, 4.2817253415705636e-05, 5.3137259783397894e-06, 7.724555871391203e-06, 6.584758466487983e-06], [3.777791789616458e-05, 8.644656190881506e-05, 9.512581891613081e-05, 1.566464197821915e-05, 1.6956040781224146e-05, 1.3782076166535262e-05], [4.2817253415705636e-05, 9.512581891613081e-05, 0.00011752953287214041, 3.361544440849684e-05, 2.9171349524403922e-05, 2.438494084344711e-05], [5.3137259783397894e-06, 1.566464197821915e-05, 3.361544440849684e-05, 5.6312273954972625e-05, 3.955863940063864e-05, 3.213755917386152e-05], [7.724555871391203e-06, 1.6956040781224146e-05, 2.9171349524403922e-05, 3.955863940063864e-05, 4.86037133669015e-05, 3.559071046765894e-05], [6.584758466487983e-06, 1.3782076166535262e-05, 2.438494084344711e-05, 3.213755917386152e-05, 3.559071046765894e-05, 3.646642289822921e-05]]</COVARIANCE_MATRIX>
		<ROI_SIZE>421</ROI_SIZE>
		<MAX_VALUE>[0.13171948492527008, 0.13211704790592194, 0.11622735112905502, 0.09209159016609192, 0.056122638285160065, 0.04619002342224121]</MAX_VALUE>
		<MIN_VALUE>[0.10994426906108856, 0.09107913076877594, 0.07251022011041641, 0.04837081953883171, 0.009208404459059238, 0.0]</MIN_VALUE>
		<SIGNATURE_THRESHOLD_MD>0.0</SIGNATURE_THRESHOLD_MD>
		<SIGNATURE_THRESHOLD_ML>0.0</SIGNATURE_THRESHOLD_ML>
		<SIGNATURE_THRESHOLD_SAM>0.0</SIGNATURE_THRESHOLD_SAM>
	</signature>
	<signature ID="20210617_104845073937_634">
		<MACROCLASSID>1</MACROCLASSID>
		<MACROCLASSINFO>waterbody</MACROCLASSINFO>
		<CLASSID>16</CLASSID>
		<CLASSINFO>C 1</CLASSINFO>
		<VALUES>[0.138016199641474, 0.004077937534631732, 0.1455074522447226, 0.010959177145662613, 0.1137973985045923, 0.00889629385712723, 0.06530298069307124, 0.004901891711317372, 0.02067698435083746, 0.0068455745038996955, 0.012265909138259944, 0.005900504109462705]</VALUES>
		<LCS_MIN>[0.12446107715368271, 0.11633323132991791, 0.08708259463310242, 0.05930101498961449, 0.009208404459059238, 0.002397538861259818]</LCS_MIN>
		<LCS_MAX>[0.14768798649311066, 0.1573711782693863, 0.12497077137231827, 0.09573498368263245, 0.056122638285160065, 0.03945271670818329]</LCS_MAX>
		<WAVELENGTH>[0.485, 0.56, 0.66, 0.83, 1.65, 2.215]</WAVELENGTH>
