<?xml version="1.0" ?>
<signaturelist MCID_LIST="[['1', 'Waterbody', '#000000'], ['2', 'Vegetation', '#000000'], ['3', 'Bareland', '#000000'], ['4', 'Built-up', '#000000']]">
	<signature ID="20211207_164514664856_131">
		<MACROCLASSID>1</MACROCLASSID>
		<MACROCLASSINFO>Waterbody</MACROCLASSINFO>
		<CLASSID>21</CLASSID>
		<CLASSINFO>C 1</CLASSINFO>
		<VALUES>[0.08919006904517261, 0.001181130743715988, 0.09784965270592379, 0.0019024420571366926, 0.06236979905607069, 0.0025771753128445546, 0.029066771861366282, 0.006200439330930861, 0.012139673039414356, 0.006150959129067537, 0.009008797704505014, 0.004990920908691811]</VALUES>
		<LCS_MIN>[0.0864768847823143, 0.0917409360408783, 0.05766873061656952, 0.02456551045179367, 0.008694823831319809, 0.0051854695193469524]</LCS_MIN>
		<LCS_MAX>[0.09642881155014038, 0.10423321276903152, 0.08087240904569626, 0.07521551102399826, 0.057956796139478683, 0.04501931741833687]</LCS_MAX>
		<WAVELENGTH>[0.48, 0.56, 0.655, 0.865, 1.61, 2.2]</WAVELENGTH>
		<MEAN_VALUE>[0.08919006904517261, 0.09784965270592379, 0.06236979905607069, 0.029066771861366282, 0.012139673039414356, 0.009008797704505014]</MEAN_VALUE>
		<CHECKBOX>2</CHECKBOX>
		<SD>[0.001181130743715988, 0.0019024420571366926, 0.0025771753128445546, 0.006200439330930861, 0.006150959129067537, 0.004990920908691811]</SD>
		<WAVELENGTH_UNIT>E-6m</WAVELENGTH_UNIT>
		<COLOR>#ad0859</COLOR>
		<COVARIANCE_MATRIX>[[1.3973493651064928e-06, 1.7091083464038093e-06, 2.8397187179507455e-06, 4.584765065374086e-06, 4.683454790210817e-06, 3.959502919315128e-06], [1.7091083464038093e-06, 3.625199724410777e-06, 3.8135196973598795e-06, 1.6090128838186502e-06, 1.769020059327886e-06, 1.495560127295903e-06], [2.8397187179507455e-06, 3.8135196973598795e-06, 6.652685442531947e-06, 1.077568140317453e-05, 1.0989668226102367e-05, 8.729874934942927e-06], [4.584765065374086e-06, 1.6090128838186502e-06, 1.077568140317453e-05, 3.850826760753989e-05, 3.72435461031273e-05, 2.8999545975239016e-05], [4.683454790210817e-06, 1.769020059327886e-06, 1.0989668226102367e-05, 3.72435461031273e-05, 3.78961194655858e-05, 2.9999151593074203e-05], [3.959502919315128e-06, 1.495560127295903e-06, 8.729874934942927e-06, 2.8999545975239016e-05, 2.9999151593074203e-05, 2.4949993530754e-05]]</COVARIANCE_MATRIX>
		<ROI_SIZE>613</ROI_SIZE>
		<MAX_VALUE>[0.09642881155014038, 0.10423321276903152, 0.08087240904569626, 0.07521551102399826, 0.057956796139478683, 0.04501931741833687]</MAX_VALUE>
		<MIN_VALUE>[0.0864768847823143, 0.0917409360408783, 0.05766873061656952, 0.02456551045179367, 0.008694823831319809, 0.0051854695193469524]</MIN_VALUE>
		<SIGNATURE_THRESHOLD_MD>0.0</SIGNATURE_THRESHOLD_MD>
		<SIGNATURE_THRESHOLD_ML>0.0</SIGNATURE_THRESHOLD_ML>
		<SIGNATURE_THRESHOLD_SAM>0.0</SIGNATURE_THRESHOLD_SAM>
	</signature>
	<signature ID="20211207_164524232165_289">
		<MACROCLASSID>1</MACROCLASSID>
		<MACROCLASSINFO>Waterbody</MACROCLASSINFO>
		<CLASSID>22</CLASSID>
		<CLASSINFO>C 1</CLASSINFO>
		<VALUES>[0.11702108944234577, 0.0038627124516072866, 0.12067602785975341, 0.006446656145875193, 0.12176378231178887, 0.01076133097260476, 0.05922777771286152, 0.013265438944812157, 0.0160649257169109, 0.007927216208571824, 0.010695705435385828, 0.005034212792541102]</VALUES>
		<LCS_MIN>[0.1032903864979744, 0.0939670205116272, 0.08380558341741562, 0.04315987229347229, 0.00704490439966321, 0.00714965770021081]</LCS_MIN>
		<LCS_MAX>[0.12366563081741333, 0.12782971560955048, 0.1433861404657364, 0.09433367848396301, 0.05180233344435692, 0.03821011260151863]</LCS_MAX>
		<WAVELENGTH>[0.48, 0.56, 0.655, 0.865, 1.61, 2.2]</WAVELENGTH>
		<MEAN_VALUE>[0.11702108944234577, 0.12067602785975341, 0.12176378231178887, 0.05922777771286152, 0.0160649257169109, 0.010695705435385828]</MEAN_VALUE>
		<CHECKBOX>2</CHECKBOX>
		<SD>[0.0038627124516072866, 0.006446656145875193, 0.01076133097260476, 0.013265438944812157, 0.007927216208571824, 0.005034212792541102]</SD>
		<WAVELENGTH_UNIT>E-6m</WAVELENGTH_UNIT>
		<COLOR>#9478f6</COLOR>
		<COVARIANCE_MATRIX>[[1.4981200365582481e-05, 2.3929842427605763e-05, 4.0814611566020176e-05, -1.2233700545039028e-05, -2.4856097297742963e-05, -1.4783473488932941e-05], [2.3929842427605763e-05, 4.172831540927291e-05, 6.532538827741519e-05, -3.4393862733850256e-05, -4.32579945481848e-05, -2.616085112094879e-05], [4.0814611566020176e-05, 6.532538827741519e-05, 0.00011627699859673157, -1.885749770735856e-05, -6.439059507101774e-05, -3.806144741247408e-05], [-1.2233700545039028e-05, -3.4393862733850256e-05, -1.885749770735856e-05, 0.00017668720101937652, 6.813121581217274e-05, 4.217647801851854e-05], [-2.4856097297742963e-05, -4.32579945481848e-05, -6.439059507101774e-05, 6.813121581217274e-05, 6.309620948741212e-05, 3.920033486792818e-05], [-1.4783473488932941e-05, -2.616085112094879e-05, -3.806144741247408e-05, 4.217647801851854e-05, 3.920033486792818e-05, 2.5446319341426715e-05]]</COVARIANCE_MATRIX>
		<ROI_SIZE>247</ROI_SIZE>
		<MAX_VALUE>[0.12366563081741333, 0.12782971560955048, 0.1433861404657364, 0.09433367848396301, 0.05180233344435692, 0.03821011260151863]</MAX_VALUE>
		<MIN_VALUE>[0.1032903864979744, 0.0939670205116272, 0.08380558341741562, 0.04315987229347229, 0.00704490439966321, 0.00714965770021081]</MIN_VALUE>
		<SIGNATURE_THRESHOLD_MD>0.0</SIGNATURE_THRESHOLD_MD>
		<SIGNATURE_THRESHOLD_ML>0.0</SIGNATURE_THRESHOLD_ML>
		<SIGNATURE_THRESHOLD_SAM>0.0</SIGNATURE_THRESHOLD_SAM>
	</signature>
	<signature ID="20211207_164529887359_121">
		<MACROCLASSID>1</MACROCLASSID>
		<MACROCLASSINFO>Waterbody</MACROCLASSINFO>
		<CLASSID>23</CLASSID>
		<CLASSINFO>C 1</CLASSINFO>
		<VALUES>[0.09340729897119546, 0.005432532474170457, 0.09664888671466278, 0.011703198358933749, 0.05474694252014158, 0.0065026529707464505, 0.025300199383375622, 0.007387287840275086, 0.010603711837332457, 0.004675380134448195, 0.007266966273666029, 0.0029522276010069577]</VALUES>
		<LCS_MIN>[0.08278422057628632, 0.06840631365776062, 0.04412888363003731, 0.020165713503956795, 0.0076210699044167995, 0.0051854695193469524]</LCS_MIN>
		<LCS_MAX>[0.10355228930711746, 0.11834920942783356, 0.07385367900133133, 0.0702657550573349, 0.04813583567738533, 0.040855228900909424]</LCS_MAX>
		<WAVELENGTH>[0.48, 0.56, 0.655, 0.865, 1.61, 2.2]</WAVELENGTH>
		<MEAN_VALUE>[0.09340729897119546, 0.09664888671466278, 0.05474694252014158, 0.025300199383375622, 0.010603711837332457, 0.007266966273666029]</MEAN_VALUE>
		<CHECKBOX>2</CHECKBOX>
		<SD>[0.005432532474170457, 0.011703198358933749, 0.0065026529707464505, 0.007387287840275086, 0.004675380134448195, 0.0029522276010069577]</SD>
		<WAVELENGTH_UNIT>E-6m</WAVELENGTH_UNIT>
		<COLOR>#7e54b4</COLOR>
		<COVARIANCE_MATRIX>[[2.953652074211277e-05, 6.32594819762744e-05, 3.485915658529848e-05, 4.555725354293827e-06, 2.244561073894147e-06, 1.6738707699914812e-06], [6.32594819762744e-05, 0.0001370767568005249, 7.426762749673799e-05, 4.921750132780289e-06, 1.6392407360399375e-06, 1.574177190377668e-06], [3.485915658529848e-05, 7.426762749673799e-05, 4.231904313201085e-05, 1.1225155503780115e-05, 6.488742656074464e-06, 4.3469663069117814e-06], [4.555725354293827e-06, 4.921750132780289e-06, 1.1225155503780115e-05, 5.461660839500837e-05, 3.372537321411073e-05, 2.0502598999883048e-05], [2.244561073894147e-06, 1.6392407360399375e-06, 6.488742656074464e-06, 3.372537321411073e-05, 2.187703830713872e-05, 1.3472774298861623e-05], [1.6738707699914812e-06, 1.574177190377668e-06, 4.3469663069117814e-06, 2.0502598999883048e-05, 1.3472774298861623e-05, 8.722768143343274e-06]]</COVARIANCE_MATRIX>
		<ROI_SIZE>1225</ROI_SIZE>
		<MAX_VALUE>[0.10355228930711746, 0.11834920942783356, 0.07385367900133133, 0.0702657550573349, 0.04813583567738533, 0.040855228900909424]</MAX_VALUE>
		<MIN_VALUE>[0.08278422057628632, 0.06840631365776062, 0.04412888363003731, 0.020165713503956795, 0.0076210699044167995, 0.0051854695193469524]</MIN_VALUE>
		<SIGNATURE_THRESHOLD_MD>0.0</SIGNATURE_THRESHOLD_MD>
		<SIGNATURE_THRESHOLD_ML>0.0</SIGNATURE_THRESHOLD_ML>
		<SIGNATURE_THRESHOLD_SAM>0.0</SIGNATURE_THRESHOLD_SAM>
	</signature>
	<signature ID="20211207_164537491037_599">
		<MACROCLASSID>1</MACROCLASSID>
		<MACROCLASSINFO>Waterbody</MACROCLASSINFO>
		<CLASSID>24</CLASSID>
		<CLASSINFO>C 1</CLASSINFO>
		<VALUES>[0.08286692029663509, 0.0010447874371509573, 0.06712176927853195, 0.0025923272181415935, 0.04912326965658442, 0.0018436491487341788, 0.031008889102155237, 0.00841187826805556, 0.012628800026362864, 0.004628339545511624, 0.00872971965753961, 0.0030015447499307313]</VALUES>
		<LCS_MIN>[0.07807015627622604, 0.0548664815723896, 0.04145757853984833, 0.021868012845516205, 0.009663824923336506, 0.006233037915080786]</LCS_MIN>
		<LCS_MAX>[0.0876816064119339, 0.08068906515836716, 0.06010432168841362, 0.07440365850925446, 0.05012620985507965, 0.033391281962394714]</LCS_MAX>
		<WAVELENGTH>[0.48, 0.56, 0.655, 0.865, 1.61, 2.2]</WAVELENGTH>
		<MEAN_VALUE>[0.08286692029663509, 0.06712176927853195, 0.04912326965658442, 0.031008889102155237, 0.012628800026362864, 0.00872971965753961]</MEAN_VALUE>
		<CHECKBOX>2</CHECKBOX>
		<SD>[0.0010447874371509573, 0.0025923272181415935, 0.0018436491487341788, 0.00841187826805556, 0.004628339545511624, 0.0030015447499307313]</SD>
		<WAVELENGTH_UNIT>E-6m</WAVELENGTH_UNIT>
		<COLOR>#c359c7</COLOR>
		<COVARIANCE_MATRIX>[[1.0926213462880696e-06, 2.1954149360681185e-06, 1.6837560679050512e-06, 1.6064625469880411e-06, 5.589885176959797e-07, 3.4579048246996535e-07], [2.1954149360681185e-06, 6.726566880388418e-06, 3.7030001749371877e-06, -9.174266892841842e-07, 4.068705266035977e-07, 2.7551462267183524e-07], [1.6837560679050512e-06, 3.7030001749371877e-06, 3.402282345632557e-06, 6.893744739500107e-06, 2.7645241971185897e-06, 1.6580700048507424e-06], [1.6064625469880411e-06, -9.174266892841842e-07, 6.893744739500107e-06, 7.082714728312567e-05, 3.3386873838026077e-05, 1.9958695702371188e-05], [5.589885176959797e-07, 4.068705266035977e-07, 2.7645241971185897e-06, 3.3386873838026077e-05, 2.144194695574697e-05, 1.3405721801973414e-05], [3.4579048246996535e-07, 2.7551462267183524e-07, 1.6580700048507424e-06, 1.9958695702371188e-05, 1.3405721801973414e-05, 9.01785915630171e-06]]</COVARIANCE_MATRIX>
		<ROI_SIZE>1050</ROI_SIZE>
		<MAX_VALUE>[0.0876816064119339, 0.08068906515836716, 0.06010432168841362, 0.07440365850925446, 0.05012620985507965, 0.033391281962394714]</MAX_VALUE>
		<MIN_VALUE>[0.07807015627622604, 0.0548664815723896, 0.04145757853984833, 0.021868012845516205, 0.009663824923336506, 0.006233037915080786]</MIN_VALUE>
		<SIGNATURE_THRESHOLD_MD>0.0</SIGNATURE_THRESHOLD_MD>
		<SIGNATURE_THRESHOLD_ML>0.0</SIGNATURE_THRESHOLD_ML>
		<SIGNATURE_THRESHOLD_SAM>0.0</SIGNATURE_THRESHOLD_SAM>
	</signature>
	<signature ID="20211207_164553457353_407">
		<MACROCLASSID>1</MACROCLASSID>
		<MACROCLASSINFO>Waterbody</MACROCLASSINFO>
		<CLASSID>25</CLASSID>
		<CLASSINFO>C 1</CLASSINFO>
		<VALUES>[0.09883042113578078, 0.0007959229471801717, 0.09927887021227086, 0.0028418052811210485, 0.0789414139884582, 0.00210473528794452, 0.02859310547246578, 0.006462420244141618, 0.012609260174980813, 0.007053658526219694, 0.009590988313937761, 0.006345853657078283]</VALUES>
		<LCS_MIN>[0.09404559433460236, 0.07888200879096985, 0.06929674744606018, 0.023727457970380783, 0.007882957346737385, 0.003745055990293622]</LCS_MIN>
		<LCS_MAX>[0.10583074390888214, 0.10708783566951752, 0.0945693701505661, 0.06699210405349731, 0.05785205215215683, 0.054159365594387054]</LCS_MAX>
		<WAVELENGTH>[0.48, 0.56, 0.655, 0.865, 1.61, 2.2]</WAVELENGTH>
		<MEAN_VALUE>[0.09883042113578078, 0.09927887021227086, 0.0789414139884582, 0.02859310547246578, 0.012609260174980813, 0.009590988313937761]</MEAN_VALUE>
		<CHECKBOX>2</CHECKBOX>
		<SD>[0.0007959229471801717, 0.0028418052811210485, 0.00210473528794452, 0.006462420244141618, 0.007053658526219694, 0.006345853657078283]</SD>
		<WAVELENGTH_UNIT>E-6m</WAVELENGTH_UNIT>
		<COLOR>#ca40ac</COLOR>
		<COVARIANCE_MATRIX>[[6.340329150589241e-07, 1.5124171568459133e-06, 5.916452892051893e-07, 3.104114512098022e-07, 5.699747021026269e-07, 6.523954994008818e-07], [1.5124171568459133e-06, 8.082735803327523e-06, -1.0714447853388265e-06, -6.641273557761451e-06, -6.007146112096962e-06, -4.9600680540606845e-06], [5.916452892051893e-07, -1.0714447853388265e-06, 4.433683898241725e-06, 1.039032304106513e-05, 1.0929042218776885e-05, 9.965910066966899e-06], [3.104114512098022e-07, -6.641273557761451e-06, 1.039032304106513e-05, 4.179844836471602e-05, 4.325481131672859e-05, 3.887440834660083e-05], [5.699747021026269e-07, -6.007146112096962e-06, 1.0929042218776885e-05, 4.325481131672859e-05, 4.9796479288488626e-05, 4.37180970038753e-05], [6.523954994008818e-07, -4.9600680540606845e-06, 9.965910066966899e-06, 3.887440834660083e-05, 4.37180970038753e-05, 4.030415948363952e-05]]</COVARIANCE_MATRIX>
		<ROI_SIZE>1175</ROI_SIZE>
		<MAX_VALUE>[0.10583074390888214, 0.10708783566951752, 0.0945693701505661, 0.06699210405349731, 0.05785205215215683, 0.054159365594387054]</MAX_VALUE>
		<MIN_VALUE>[0.09404559433460236, 0.07888200879096985, 0.06929674744606018, 0.023727457970380783, 0.007882957346737385, 0.003745055990293622]</MIN_VALUE>
		<SIGNATURE_THRESHOLD_MD>0.0</SIGNATURE_THRESHOLD_MD>
		<SIGNATURE_THRESHOLD_ML>0.0</SIGNATURE_THRESHOLD_ML>
		<SIGNATURE_THRESHOLD_SAM>0.0</SIGNATURE_THRESHOLD_SAM>
	</signature>
	<signature ID="20211207_213245443920_668">
		<MACROCLASSID>2</MACROCLASSID>
		<MACROCLASSINFO>Vegetation</MACROCLASSINFO>
		<CLASSID>62</CLASSID>
		<CLASSINFO>C 1</CLASSINFO>
		<VALUES>[0.0896252464974322, 0.005055245943006638, 0.085910908630993, 0.005879731154606854, 0.07713928484885274, 0.009182696685253126, 0.26644568165472476, 0.023388727965589575, 0.17574816129832385, 0.019554354847508303, 0.09941939479974382, 0.01266219779921532]</VALUES>
		<LCS_MIN>[0.0824175626039505, 0.07395844161510468, 0.059501972049474716, 0.21632319688796997, 0.12578697502613068, 0.06835393607616425]</LCS_MIN>
		<LCS_MAX>[0.10826635360717773, 0.10826635360717773, 0.11669929325580597, 0.31552809476852417, 0.21634937822818756, 0.13641980290412903]</LCS_MAX>
		<WAVELENGTH>[0.48, 0.56, 0.655, 0.865, 1.61, 2.2]</WAVELENGTH>
		<MEAN_VALUE>[0.0896252464974322, 0.085910908630993, 0.07713928484885274, 0.26644568165472476, 0.17574816129832385, 0.09941939479974382]</MEAN_VALUE>
		<CHECKBOX>2</CHECKBOX>
		<SD>[0.005055245943006638, 0.005879731154606854, 0.009182696685253126, 0.023388727965589575, 0.019554354847508303, 0.01266219779921532]</SD>
		<WAVELENGTH_UNIT>E-6m</WAVELENGTH_UNIT>
		<COLOR>#b4141f</COLOR>
		<COVARIANCE_MATRIX>[[2.559405766078271e-05, 2.7540903829503804e-05, 4.089406138518825e-05, -4.1359329770784825e-05, 1.2186461390228942e-05, 3.80033343390096e-05], [2.7540903829503804e-05, 3.462338281678967e-05, 4.612320844898932e-05, -6.991651844145963e-06, 3.391074278624728e-05, 4.785225974046625e-05], [4.089406138518825e-05, 4.612320844898932e-05, 8.44491005409509e-05, -6.663504609605297e-05, 7.754773105261847e-05, 9.340864198748022e-05], [-4.1359329770784825e-05, -6.991651844145963e-06, -6.663504609605297e-05, 0.0005478576640598476, 0.00016402050096075982, -1.222884839080507e-05], [1.2186461390228942e-05, 3.391074278624728e-05, 7.754773105261847e-05, 0.00016402050096075982, 0.0003829495108220726, 0.0002036585210589692], [3.80033343390096e-05, 4.785225974046625e-05, 9.340864198748022e-05, -1.222884839080507e-05, 0.0002036585210589692, 0.00016057307948358357]]</COVARIANCE_MATRIX>
		<ROI_SIZE>664</ROI_SIZE>
		<MAX_VALUE>[0.10826635360717773, 0.10826635360717773, 0.11669929325580597, 0.31552809476852417, 0.21634937822818756, 0.13641980290412903]</MAX_VALUE>
		<MIN_VALUE>[0.0824175626039505, 0.07395844161510468, 0.059501972049474716, 0.21632319688796997, 0.12578697502613068, 0.06835393607616425]</MIN_VALUE>
		<SIGNATURE_THRESHOLD_MD>0.0</SIGNATURE_THRESHOLD_MD>
		<SIGNATURE_THRESHOLD_ML>0.0</SIGNATURE_THRESHOLD_ML>
		<SIGNATURE_THRESHOLD_SAM>0.0</SIGNATURE_THRESHOLD_SAM>
	</signature>
	<signature ID="20211207_213332134648_154">
		<MACROCLASSID>2</MACROCLASSID>
		<MACROCLASSINFO>Vegetation</MACROCLASSINFO>
		<CLASSID>63</CLASSID>
		<CLASSINFO>C 1</CLASSINFO>
		<VALUES>[0.07691881680846133, 0.002022869851829492, 0.06132640435626758, 0.00300972291278734, 0.053987322101299993, 0.00472348152786379, 0.2300857599952746, 0.02611750920022425, 0.10438626258475305, 0.013727325549371215, 0.05663107610672128, 0.010552171438447704]</VALUES>
		<LCS_MIN>[0.07175853848457336, 0.05397604778409004, 0.04093378782272339, 0.18531513214111328, 0.06628499180078506, 0.030824745073914528]</LCS_MIN>
		<LCS_MAX>[0.08391034603118896, 0.0716799646615982, 0.06707066297531128, 0.2851223647594452, 0.12934871017932892, 0.08456508815288544]</LCS_MAX>
		<WAVELENGTH>[0.48, 0.56, 0.655, 0.865, 1.61, 2.2]</WAVELENGTH>
		<MEAN_VALUE>[0.07691881680846133, 0.06132640435626758, 0.053987322101299993, 0.2300857599952746, 0.10438626258475305, 0.05663107610672128]</MEAN_VALUE>
		<CHECKBOX>2</CHECKBOX>
		<SD>[0.002022869851829492, 0.00300972291278734, 0.00472348152786379, 0.02611750920022425, 0.013727325549371215, 0.010552171438447704]</SD>
		<WAVELENGTH_UNIT>E-6m</WAVELENGTH_UNIT>
		<COLOR>#29178a</COLOR>
		<COVARIANCE_MATRIX>[[4.094998075743206e-06, 5.560624231293332e-06, 8.554469786759e-06, -4.209037342661759e-06, 2.2687652744934894e-05, 1.7854546968010254e-05], [5.560624231293332e-06, 9.06506375031313e-06, 1.324153708992526e-05, -6.181291610118933e-06, 3.674759864225052e-05, 2.842929279722739e-05], [8.554469786759e-06, 1.324153708992526e-05, 2.2327611077344045e-05, -1.0754010872915387e-05, 5.9166890423512086e-05, 4.5384265831671655e-05], [-4.209037342661759e-06, -6.181291610118933e-06, -1.0754010872915387e-05, 0.000682623649481684, 2.1562877009273507e-05, -3.536544681992382e-05], [2.2687652744934894e-05, 3.674759864225052e-05, 5.9166890423512086e-05, 2.1562877009273507e-05, 0.00018857741088140756, 0.0001389918033964932], [1.7854546968010254e-05, 2.842929279722739e-05, 4.5384265831671655e-05, -3.536544681992382e-05, 0.0001389918033964932, 0.00011142983566969633]]</COVARIANCE_MATRIX>
		<ROI_SIZE>1367</ROI_SIZE>
		<MAX_VALUE>[0.08391034603118896, 0.0716799646615982, 0.06707066297531128, 0.2851223647594452, 0.12934871017932892, 0.08456508815288544]</MAX_VALUE>
		<MIN_VALUE>[0.07175853848457336, 0.05397604778409004, 0.04093378782272339, 0.18531513214111328, 0.06628499180078506, 0.030824745073914528]</MIN_VALUE>
		<SIGNATURE_THRESHOLD_MD>0.0</SIGNATURE_THRESHOLD_MD>
		<SIGNATURE_THRESHOLD_ML>0.0</SIGNATURE_THRESHOLD_ML>
		<SIGNATURE_THRESHOLD_SAM>0.0</SIGNATURE_THRESHOLD_SAM>
	</signature>
	<signature ID="20211207_213345487345_819">
		<MACROCLASSID>2</MACROCLASSID>
		<MACROCLASSINFO>Vegetation</MACROCLASSINFO>
		<CLASSID>64</CLASSID>
		<CLASSINFO>C 1</CLASSINFO>
		<VALUES>[0.08311603394017292, 0.003517239479428214, 0.06978601892270261, 0.005464646146640066, 0.06571617055295124, 0.008545547998705886, 0.2176124198223226, 0.014844382266439004, 0.13464021617129662, 0.024017695248564522, 0.07805130672988607, 0.018219884647410426]</VALUES>
		<LCS_MIN>[0.07406318187713623, 0.05740683525800705, 0.04748111218214035, 0.19369566440582275, 0.07977244257926941, 0.038576751947402954]</LCS_MIN>
		<LCS_MAX>[0.0947527065873146, 0.08658164739608765, 0.09082431346178055, 0.2603735029697418, 0.17803449928760529, 0.11813970655202866]</LCS_MAX>
		<WAVELENGTH>[0.48, 0.56, 0.655, 0.865, 1.61, 2.2]</WAVELENGTH>
		<MEAN_VALUE>[0.08311603394017292, 0.06978601892270261, 0.06571617055295124, 0.2176124198223226, 0.13464021617129662, 0.07805130672988607]</MEAN_VALUE>
		<CHECKBOX>2</CHECKBOX>
		<SD>[0.003517239479428214, 0.005464646146640066, 0.008545547998705886, 0.014844382266439004, 0.024017695248564522, 0.018219884647410426]</SD>
		<WAVELENGTH_UNIT>E-6m</WAVELENGTH_UNIT>
		<COLOR>#2baade</COLOR>
		<COVARIANCE_MATRIX>[[1.2389465155138168e-05, 1.7384316379320808e-05, 2.731233325903304e-05, 1.088618955691345e-05, 6.636344915023074e-05, 5.400482041295618e-05], [1.7384316379320808e-05, 2.9906994313932955e-05, 4.270581848686561e-05, 2.7495945687405765e-05, 0.00011745232040993869, 9.028368367580697e-05], [2.731233325903304e-05, 4.270581848686561e-05, 7.313554669963196e-05, 2.896293517551385e-05, 0.00018414907390251756, 0.00014337534958031029], [1.088618955691345e-05, 2.7495945687405765e-05, 2.896293517551385e-05, 0.00022068506223149598, 0.00012622926442418247, 6.765850412193686e-05], [6.636344915023074e-05, 0.00011745232040993869, 0.00018414907390251756, 0.00012622926442418247, 0.0005777119658887386, 0.0004271762736607343], [5.400482041295618e-05, 9.028368367580697e-05, 0.00014337534958031029, 6.765850412193686e-05, 0.0004271762736607343, 0.00033246041857637465]]</COVARIANCE_MATRIX>
		<ROI_SIZE>670</ROI_SIZE>
		<MAX_VALUE>[0.0947527065873146, 0.08658164739608765, 0.09082431346178055, 0.2603735029697418, 0.17803449928760529, 0.11813970655202866]</MAX_VALUE>
		<MIN_VALUE>[0.07406318187713623, 0.05740683525800705, 0.04748111218214035, 0.19369566440582275, 0.07977244257926941, 0.038576751947402954]</MIN_VALUE>
		<SIGNATURE_THRESHOLD_MD>0.0</SIGNATURE_THRESHOLD_MD>
		<SIGNATURE_THRESHOLD_ML>0.0</SIGNATURE_THRESHOLD_ML>
		<SIGNATURE_THRESHOLD_SAM>0.0</SIGNATURE_THRESHOLD_SAM>
	</signature>
	<signature ID="20211207_213354718091_231">
		<MACROCLASSID>2</MACROCLASSID>
		<MACROCLASSINFO>Vegetation</MACROCLASSINFO>
		<CLASSID>65</CLASSID>
		<CLASSINFO>C 1</CLASSINFO>
		<VALUES>[0.07384267358041857, 0.003975053890132017, 0.05964703005706247, 0.006237766623110366, 0.05439441975668562, 0.009199798843509863, 0.21521941732698513, 0.025215703472734035, 0.10040119753930786, 0.022602567598715612, 0.05681885373487829, 0.01603518541739738]</VALUES>
		<LCS_MIN>[0.06547310948371887, 0.04580498859286308, 0.033574603497982025, 0.16871115565299988, 0.043709851801395416, 0.018987195566296577]</LCS_MIN>
		<LCS_MAX>[0.08988150954246521, 0.07961530983448029, 0.08582216501235962, 0.2682826817035675, 0.14019104838371277, 0.09331229329109192]</LCS_MAX>
		<WAVELENGTH>[0.48, 0.56, 0.655, 0.865, 1.61, 2.2]</WAVELENGTH>
		<MEAN_VALUE>[0.07384267358041857, 0.05964703005706247, 0.05439441975668562, 0.21521941732698513, 0.10040119753930786, 0.05681885373487829]</MEAN_VALUE>
		<CHECKBOX>2</CHECKBOX>
		<SD>[0.003975053890132017, 0.006237766623110366, 0.009199798843509863, 0.025215703472734035, 0.022602567598715612, 0.01603518541739738]</SD>
		<WAVELENGTH_UNIT>E-6m</WAVELENGTH_UNIT>
		<COLOR>#7e5c81</COLOR>
		<COVARIANCE_MATRIX>[[1.5813246136531234e-05, 2.3888051146059297e-05, 3.583355646696873e-05, 4.12865738326218e-05, 8.030772733036429e-05, 5.964880983810872e-05], [2.3888051146059297e-05, 3.893975372193381e-05, 5.545480235014111e-05, 7.677376561332494e-05, 0.00012971737305633724, 9.276214404962957e-05], [3.583355646696873e-05, 5.545480235014111e-05, 8.470160537399352e-05, 0.00010887316602747887, 0.00019118287309538573, 0.0001395984727423638], [4.12865738326218e-05, 7.677376561332494e-05, 0.00010887316602747887, 0.0006363223074004054, 0.0002974126546178013, 0.00017128039326053113], [8.030772733036429e-05, 0.00012971737305633724, 0.00019118287309538573, 0.0002974126546178013, 0.0005112702492624521, 0.000351138471160084], [5.964880983810872e-05, 9.276214404962957e-05, 0.0001395984727423638, 0.00017128039326053113, 0.000351138471160084, 0.0002573255624156445]]</COVARIANCE_MATRIX>
		<ROI_SIZE>1297</ROI_SIZE>
		<MAX_VALUE>[0.08988150954246521, 0.07961530983448029, 0.08582216501235962, 0.2682826817035675, 0.14019104838371277, 0.09331229329109192]</MAX_VALUE>
		<MIN_VALUE>[0.06547310948371887, 0.04580498859286308, 0.033574603497982025, 0.16871115565299988, 0.043709851801395416, 0.018987195566296577]</MIN_VALUE>
		<SIGNATURE_THRESHOLD_MD>0.0</SIGNATURE_THRESHOLD_MD>
		<SIGNATURE_THRESHOLD_ML>0.0</SIGNATURE_THRESHOLD_ML>
		<SIGNATURE_THRESHOLD_SAM>0.0</SIGNATURE_THRESHOLD_SAM>
	</signature>
	<signature ID="20211207_213410165613_335">
		<MACROCLASSID>2</MACROCLASSID>
		<MACROCLASSINFO>Vegetation</MACROCLASSINFO>
		<CLASSID>66</CLASSID>
		<CLASSINFO>C 1</CLASSINFO>
		<VALUES>[0.08429111804285612, 0.0042278375546214745, 0.07152756017583398, 0.006297643551480794, 0.060887866221193084, 0.009482513378072868, 0.22986120031204552, 0.021392825895554336, 0.12369015911861872, 0.022108084688247858, 0.06651695099740218, 0.016819406850880684]</VALUES>
		<LCS_MIN>[0.07416794449090958, 0.057275887578725815, 0.042164694517850876, 0.199247807264328, 0.08490554243326187, 0.03637685254216194]</LCS_MIN>
		<LCS_MAX>[0.10153570771217346, 0.09530267119407654, 0.09467413276433945, 0.2980336844921112, 0.18481752276420593, 0.11628025770187378]</LCS_MAX>
		<WAVELENGTH>[0.48, 0.56, 0.655, 0.865, 1.61, 2.2]</WAVELENGTH>
		<MEAN_VALUE>[0.08429111804285612, 0.07152756017583398, 0.060887866221193084, 0.22986120031204552, 0.12369015911861872, 0.06651695099740218]</MEAN_VALUE>
		<CHECKBOX>2</CHECKBOX>
		<SD>[0.0042278375546214745, 0.006297643551480794, 0.009482513378072868, 0.021392825895554336, 0.022108084688247858, 0.016819406850880684]</SD>
		<WAVELENGTH_UNIT>E-6m</WAVELENGTH_UNIT>
		<COLOR>#8f066b</COLOR>
		<COVARIANCE_MATRIX>[[1.7792346625356004e-05, 2.4191771444748156e-05, 3.672135790111497e-05, 9.565836990077514e-06, 7.058335177134722e-05, 6.096683500800282e-05], [2.4191771444748156e-05, 3.7616810004692525e-05, 5.333847366273403e-05, 4.060080391354859e-05, 0.00011621080921031535, 9.368109022034332e-05], [3.672135790111497e-05, 5.333847366273403e-05, 8.943732973420992e-05, 4.4770000386051834e-05, 0.00018263401580043137, 0.0001505395193817094], [9.565836990077514e-06, 4.060080391354859e-05, 4.4770000386051834e-05, 0.00043896029819734395, 0.00023747820523567498, 0.0001130940654547885], [7.058335177134722e-05, 0.00011621080921031535, 0.00018263401580043137, 0.00023747820523567498, 0.0004917550832033157, 0.0003632337902672589], [6.096683500800282e-05, 9.368109022034332e-05, 0.0001505395193817094, 0.0001130940654547885, 0.0003632337902672589, 0.00029094202909618616]]</COVARIANCE_MATRIX>
		<ROI_SIZE>2858</ROI_SIZE>
		<MAX_VALUE>[0.10153570771217346, 0.09530267119407654, 0.09467413276433945, 0.2980336844921112, 0.18481752276420593, 0.11628025770187378]</MAX_VALUE>
		<MIN_VALUE>[0.07416794449090958, 0.057275887578725815, 0.042164694517850876, 0.199247807264328, 0.08490554243326187, 0.03637685254216194]</MIN_VALUE>
		<SIGNATURE_THRESHOLD_MD>0.0</SIGNATURE_THRESHOLD_MD>
		<SIGNATURE_THRESHOLD_ML>0.0</SIGNATURE_THRESHOLD_ML>
		<SIGNATURE_THRESHOLD_SAM>0.0</SIGNATURE_THRESHOLD_SAM>
	</signature>
	<signature ID="20211207_213426466815_133">
		<MACROCLASSID>2</MACROCLASSID>
		<MACROCLASSINFO>Vegetation</MACROCLASSINFO>
		<CLASSID>67</CLASSID>
		<CLASSINFO>C 1</CLASSINFO>
		<VALUES>[0.08047478203371547, 0.003149392343722808, 0.06687902242495938, 0.004238156080099212, 0.049901625200562044, 0.007249678635800861, 0.19234103416682266, 0.01921602202628162, 0.09894956519475744, 0.01704723287564578, 0.051765065182390685, 0.013440543831903018]</VALUES>
		<LCS_MIN>[0.07503219693899155, 0.05539025366306305, 0.038131535053253174, 0.13246522843837738, 0.07102523744106293, 0.029908115044236183]</LCS_MIN>
		<LCS_MAX>[0.1093401089310646, 0.0978168398141861, 0.09572169929742813, 0.2322462648153305, 0.17062294483184814, 0.11900395154953003]</LCS_MAX>
		<WAVELENGTH>[0.48, 0.56, 0.655, 0.865, 1.61, 2.2]</WAVELENGTH>
		<MEAN_VALUE>[0.08047478203371547, 0.06687902242495938, 0.049901625200562044, 0.19234103416682266, 0.09894956519475744, 0.051765065182390685]</MEAN_VALUE>
		<CHECKBOX>2</CHECKBOX>
		<SD>[0.003149392343722808, 0.004238156080099212, 0.007249678635800861, 0.01921602202628162, 0.01704723287564578, 0.013440543831903018]</SD>
		<WAVELENGTH_UNIT>E-6m</WAVELENGTH_UNIT>
		<COLOR>#1d126b</COLOR>
		<COVARIANCE_MATRIX>[[8.077253369265236e-06, 9.771069017006084e-06, 1.7039945305441506e-05, 2.2361244191415608e-05, 3.4845688787754625e-05, 2.8220983949722722e-05], [9.771069017006084e-06, 1.5441786672454327e-05, 2.213589868915733e-05, 4.503176751313731e-05, 5.268994209473021e-05, 3.891428787028417e-05], [1.7039945305441506e-05, 2.213589868915733e-05, 4.088927380507812e-05, 3.903094329871237e-05, 8.666567009640858e-05, 7.136166095733643e-05], [2.2361244191415608e-05, 4.503176751313731e-05, 3.903094329871237e-05, 0.0003878991992678493, 0.00014887998986523598, 6.337511877063662e-05], [3.4845688787754625e-05, 5.268994209473021e-05, 8.666567009640858e-05, 0.00014887998986523598, 0.00025739226839505136, 0.00018589924729894847], [2.8220983949722722e-05, 3.891428787028417e-05, 7.136166095733643e-05, 6.337511877063662e-05, 0.00018589924729894847, 0.00014673014811705798]]</COVARIANCE_MATRIX>
		<ROI_SIZE>8010</ROI_SIZE>
		<MAX_VALUE>[0.1093401089310646, 0.0978168398141861, 0.09572169929742813, 0.2322462648153305, 0.17062294483184814, 0.11900395154953003]</MAX_VALUE>
		<MIN_VALUE>[0.07503219693899155, 0.05539025366306305, 0.038131535053253174, 0.13246522843837738, 0.07102523744106293, 0.029908115044236183]</MIN_VALUE>
		<SIGNATURE_THRESHOLD_MD>0.0</SIGNATURE_THRESHOLD_MD>
		<SIGNATURE_THRESHOLD_ML>0.0</SIGNATURE_THRESHOLD_ML>
		<SIGNATURE_THRESHOLD_SAM>0.0</SIGNATURE_THRESHOLD_SAM>
	</signature>
	<signature ID="20211207_215346051046_871">
		<MACROCLASSID>3</MACROCLASSID>
		<MACROCLASSINFO>Bareland</MACROCLASSINFO>
		<CLASSID>112</CLASSID>
		<CLASSINFO>C 1</CLASSINFO>
		<VALUES>[0.13635463764608974, 0.00603808879787079, 0.14467549451430733, 0.009076526880551966, 0.17894290791500045, 0.013286552563915255, 0.27900117706200755, 0.01725480870565275, 0.31916643472463785, 0.020422372449311152, 0.23751771565918026, 0.01663091754329221]</VALUES>
		<LCS_MIN>[0.11858492344617844, 0.12099432200193405, 0.14718356728553772, 0.2515477240085602, 0.2784440815448761, 0.19207195937633514]</LCS_MIN>
		<LCS_MAX>[0.16454705595970154, 0.18455561995506287, 0.23727460205554962, 0.3456457257270813, 0.3777799606323242, 0.28260818123817444]</LCS_MAX>
		<WAVELENGTH>[0.48, 0.56, 0.655, 0.865, 1.61, 2.2]</WAVELENGTH>
		<MEAN_VALUE>[0.13635463764608974, 0.14467549451430733, 0.17894290791500045, 0.27900117706200755, 0.31916643472463785, 0.23751771565918026]</MEAN_VALUE>
		<CHECKBOX>2</CHECKBOX>
		<SD>[0.00603808879787079, 0.009076526880551966, 0.013286552563915255, 0.01725480870565275, 0.020422372449311152, 0.01663091754329221]</SD>
		<WAVELENGTH_UNIT>E-6m</WAVELENGTH_UNIT>
		<COLOR>#6fb95f</COLOR>
		<COVARIANCE_MATRIX>[[3.8895428588148206e-05, 5.621133095701225e-05, 7.821818871889263e-05, 5.5121741752373055e-05, 6.49790745228529e-05, 6.7155335273128e-05], [5.621133095701225e-05, 8.65151232574135e-05, 0.00012400928244460374, 9.474191028857604e-05, 0.00010071806900668889, 9.902373130898923e-05], [7.821818871889263e-05, 0.00012400928244460374, 0.00018604435899760574, 0.00013434758875519037, 0.00015413596702273935, 0.00014917623775545508], [5.5121741752373055e-05, 9.474191028857604e-05, 0.00013434758875519037, 0.00031745227170176804, 0.0002573372039478272, 0.00014888765872456133], [6.49790745228529e-05, 0.00010071806900668889, 0.00015413596702273935, 0.0002573372039478272, 0.00041169978794641793, 0.0002985471801366657], [6.7155335273128e-05, 9.902373130898923e-05, 0.00014917623775545508, 0.00014888765872456133, 0.0002985471801366657, 0.000279640662483871]]</COVARIANCE_MATRIX>
		<ROI_SIZE>3558</ROI_SIZE>
		<MAX_VALUE>[0.16454705595970154, 0.18455561995506287, 0.23727460205554962, 0.3456457257270813, 0.3777799606323242, 0.28260818123817444]</MAX_VALUE>
		<MIN_VALUE>[0.11858492344617844, 0.12099432200193405, 0.14718356728553772, 0.2515477240085602, 0.2784440815448761, 0.19207195937633514]</MIN_VALUE>
		<SIGNATURE_THRESHOLD_MD>0.0</SIGNATURE_THRESHOLD_MD>
		<SIGNATURE_THRESHOLD_ML>0.0</SIGNATURE_THRESHOLD_ML>
		<SIGNATURE_THRESHOLD_SAM>0.0</SIGNATURE_THRESHOLD_SAM>
	</signature>
	<signature ID="20211207_215458847960_190">
		<MACROCLASSID>3</MACROCLASSID>
		<MACROCLASSINFO>Bareland</MACROCLASSINFO>
		<CLASSID>113</CLASSID>
		<CLASSINFO>C 1</CLASSINFO>
		<VALUES>[0.13204580168282073, 0.005739749838955128, 0.14074601705511433, 0.008773138836013085, 0.17647788615191315, 0.0133445075849267, 0.2846433227154275, 0.016131018048004202, 0.35979057374717166, 0.021205486640523276, 0.27379413882407466, 0.02008325922828847]</VALUES>
		<LCS_MIN>[0.11654215306043625, 0.11609693616628647, 0.13482226431369781, 0.24308863282203674, 0.32123732566833496, 0.22755838930606842]</LCS_MIN>
		<LCS_MAX>[0.14940965175628662, 0.1664850413799286, 0.21514467895030975, 0.33862701058387756, 0.4211493134498596, 0.3270251750946045]</LCS_MAX>
		<WAVELENGTH>[0.48, 0.56, 0.655, 0.865, 1.61, 2.2]</WAVELENGTH>
		<MEAN_VALUE>[0.13204580168282073, 0.14074601705511433, 0.17647788615191315, 0.2846433227154275, 0.35979057374717166, 0.27379413882407466]</MEAN_VALUE>
		<CHECKBOX>2</CHECKBOX>
		<SD>[0.005739749838955128, 0.008773138836013085, 0.0133445075849267, 0.016131018048004202, 0.021205486640523276, 0.02008325922828847]</SD>
		<WAVELENGTH_UNIT>E-6m</WAVELENGTH_UNIT>
		<COLOR>#8b6fc5</COLOR>
		<COVARIANCE_MATRIX>[[3.29583344864659e-05, 4.878204345004633e-05, 6.936782301636413e-05, 6.27870176685974e-05, 9.447552292840555e-05, 8.886733849067241e-05], [4.878204345004633e-05, 7.699975685682148e-05, 0.00011398711649235338, 0.00010495550668565556, 0.0001506293920101598, 0.00013821932952851057], [6.936782301636413e-05, 0.00011398711649235338, 0.00017814943566918373, 0.000149293671711348, 0.00022840760357212275, 0.00020847079576924443], [6.27870176685974e-05, 0.00010495550668565556, 0.000149293671711348, 0.00026031723245978355, 0.000258839747402817, 0.00018773398187477142], [9.447552292840555e-05, 0.0001506293920101598, 0.00022840760357212275, 0.000258839747402817, 0.0004498584021348506, 0.00038517903885804117], [8.886733849067241e-05, 0.00013821932952851057, 0.00020847079576924443, 0.00018773398187477142, 0.00038517903885804117, 0.0004035038873553276]]</COVARIANCE_MATRIX>
		<ROI_SIZE>2422</ROI_SIZE>
		<MAX_VALUE>[0.14940965175628662, 0.1664850413799286, 0.21514467895030975, 0.33862701058387756, 0.4211493134498596, 0.3270251750946045]</MAX_VALUE>
		<MIN_VALUE>[0.11654215306043625, 0.11609693616628647, 0.13482226431369781, 0.24308863282203674, 0.32123732566833496, 0.22755838930606842]</MIN_VALUE>
		<SIGNATURE_THRESHOLD_MD>0.0</SIGNATURE_THRESHOLD_MD>
		<SIGNATURE_THRESHOLD_ML>0.0</SIGNATURE_THRESHOLD_ML>
		<SIGNATURE_THRESHOLD_SAM>0.0</SIGNATURE_THRESHOLD_SAM>
	</signature>
	<signature ID="20211207_215517528702_735">
		<MACROCLASSID>3</MACROCLASSID>
		<MACROCLASSINFO>Bareland</MACROCLASSINFO>
		<CLASSID>114</CLASSID>
		<CLASSINFO>C 1</CLASSINFO>
		<VALUES>[0.13408440591260004, 0.005704585622121632, 0.1460428042186628, 0.00857036441098523, 0.18253442759095814, 0.014190993612630839, 0.2998333702480418, 0.01527633968369305, 0.33533298388077876, 0.01900533146777719, 0.24914845779284073, 0.018367465585935834]</VALUES>
		<LCS_MIN>[0.11567790806293488, 0.11853253096342087, 0.13618409633636475, 0.27307531237602234, 0.2901768982410431, 0.2010810822248459]</LCS_MIN>
		<LCS_MAX>[0.15378326177597046, 0.1707015484571457, 0.2223205268383026, 0.3614116311073303, 0.3814464211463928, 0.2966456413269043]</LCS_MAX>
		<WAVELENGTH>[0.48, 0.56, 0.655, 0.865, 1.61, 2.2]</WAVELENGTH>
		<MEAN_VALUE>[0.13408440591260004, 0.1460428042186628, 0.18253442759095814, 0.2998333702480418, 0.33533298388077876, 0.24914845779284073]</MEAN_VALUE>
		<CHECKBOX>2</CHECKBOX>
		<SD>[0.005704585622121632, 0.00857036441098523, 0.014190993612630839, 0.01527633968369305, 0.01900533146777719, 0.018367465585935834]</SD>
		<WAVELENGTH_UNIT>E-6m</WAVELENGTH_UNIT>
		<COLOR>#aa56c2</COLOR>
		<COVARIANCE_MATRIX>[[3.255653427913785e-05, 4.632058698916808e-05, 6.995123840169981e-05, 4.649826223612763e-05, 6.882641173433512e-05, 7.647587335668504e-05], [4.632058698916808e-05, 7.348327926592901e-05, 0.0001165061621577479, 8.529026672476903e-05, 0.00011547484609764069, 0.00011855578486574814], [6.995123840169981e-05, 0.0001165061621577479, 0.00020147240138612688, 0.00013543675595428795, 0.0002017220394918695, 0.00019855445134453475], [4.649826223612763e-05, 8.529026672476903e-05, 0.00013543675595428795, 0.00023346864327322692, 0.00021170906256884336, 0.00014970000484026968], [6.882641173433512e-05, 0.00011547484609764069, 0.0002017220394918695, 0.00021170906256884336, 0.00036136063863523304, 0.00031420719460584223], [7.647587335668504e-05, 0.00011855578486574814, 0.00019855445134453475, 0.00014970000484026968, 0.00031420719460584223, 0.00033751135924831033]]</COVARIANCE_MATRIX>
		<ROI_SIZE>2287</ROI_SIZE>
		<MAX_VALUE>[0.15378326177597046, 0.1707015484571457, 0.2223205268383026, 0.3614116311073303, 0.3814464211463928, 0.2966456413269043]</MAX_VALUE>
		<MIN_VALUE>[0.11567790806293488, 0.11853253096342087, 0.13618409633636475, 0.27307531237602234, 0.2901768982410431, 0.2010810822248459]</MIN_VALUE>
		<SIGNATURE_THRESHOLD_MD>0.0</SIGNATURE_THRESHOLD_MD>
		<SIGNATURE_THRESHOLD_ML>0.0</SIGNATURE_THRESHOLD_ML>
		<SIGNATURE_THRESHOLD_SAM>0.0</SIGNATURE_THRESHOLD_SAM>
	</signature>
	<signature ID="20211207_215537361163_364">
		<MACROCLASSID>3</MACROCLASSID>
		<MACROCLASSINFO>Bareland</MACROCLASSINFO>
		<CLASSID>115</CLASSID>
		<CLASSINFO>C 1</CLASSINFO>
		<VALUES>[0.13463811519545998, 0.005475272525970385, 0.1463258600553179, 0.008278779842362215, 0.1839643322336205, 0.01345042421078949, 0.2931892893235381, 0.014990911869605446, 0.32030793287222104, 0.01728141646471952, 0.24324032318404576, 0.014128994784143716]</VALUES>
		<LCS_MIN>[0.1172492727637291, 0.11832302063703537, 0.14333374798297882, 0.24892880022525787, 0.2838914692401886, 0.20904260873794556]</LCS_MIN>
		<LCS_MAX>[0.15464751422405243, 0.17397519946098328, 0.2213515341281891, 0.3431839048862457, 0.37738707661628723, 0.2866937220096588]</LCS_MAX>
		<WAVELENGTH>[0.48, 0.56, 0.655, 0.865, 1.61, 2.2]</WAVELENGTH>
		<MEAN_VALUE>[0.13463811519545998, 0.1463258600553179, 0.1839643322336205, 0.2931892893235381, 0.32030793287222104, 0.24324032318404576]</MEAN_VALUE>
		<CHECKBOX>2</CHECKBOX>
		<SD>[0.005475272525970385, 0.008278779842362215, 0.01345042421078949, 0.014990911869605446, 0.01728141646471952, 0.014128994784143716]</SD>
		<WAVELENGTH_UNIT>E-6m</WAVELENGTH_UNIT>
		<COLOR>#d90281</COLOR>
		<COVARIANCE_MATRIX>[[2.9299384550540708e-05, 4.28380117227789e-05, 6.487833161372691e-05, 4.07002771680709e-05, 5.095220694784075e-05, 5.2546012739185244e-05], [4.28380117227789e-05, 6.656702316831797e-05, 0.00010383084008935839, 6.98084695613943e-05, 7.81097769504413e-05, 7.675616507185623e-05], [6.487833161372691e-05, 0.00010383084008935839, 0.00017497722001280636, 9.244395914720371e-05, 0.0001169749884866178, 0.0001201637860503979], [4.07002771680709e-05, 6.98084695613943e-05, 9.244395914720371e-05, 0.00023170745407696813, 0.00019180277013219893, 0.00011188765347469598], [5.095220694784075e-05, 7.81097769504413e-05, 0.0001169749884866178, 0.00019180277013219893, 0.0003032866516150534, 0.00022621518291998655], [5.2546012739185244e-05, 7.675616507185623e-05, 0.0001201637860503979, 0.00011188765347469598, 0.00022621518291998655, 0.0002120069257216528]]</COVARIANCE_MATRIX>
		<ROI_SIZE>3568</ROI_SIZE>
		<MAX_VALUE>[0.15464751422405243, 0.17397519946098328, 0.2213515341281891, 0.3431839048862457, 0.37738707661628723, 0.2866937220096588]</MAX_VALUE>
		<MIN_VALUE>[0.1172492727637291, 0.11832302063703537, 0.14333374798297882, 0.24892880022525787, 0.2838914692401886, 0.20904260873794556]</MIN_VALUE>
		<SIGNATURE_THRESHOLD_MD>0.0</SIGNATURE_THRESHOLD_MD>
		<SIGNATURE_THRESHOLD_ML>0.0</SIGNATURE_THRESHOLD_ML>
		<SIGNATURE_THRESHOLD_SAM>0.0</SIGNATURE_THRESHOLD_SAM>
	</signature>
	<signature ID="20211207_215605660686_906">
		<MACROCLASSID>3</MACROCLASSID>
		<MACROCLASSINFO>Bareland</MACROCLASSINFO>
		<CLASSID>116</CLASSID>
		<CLASSINFO>C 1</CLASSINFO>
		<VALUES>[0.1363199141910641, 0.006801406907398065, 0.14739472564380413, 0.009399476902212022, 0.18488455043821178, 0.014402954991384073, 0.28994010543344834, 0.01714986720277337, 0.3240109607328143, 0.020301767079412544, 0.2508542267574511, 0.017466892050817497]</VALUES>
		<LCS_MIN>[0.11748496443033218, 0.11950153857469559, 0.14422418177127838, 0.24342907965183258, 0.28200581669807434, 0.20629271864891052]</LCS_MIN>
