<?xml version="1.0" ?>
<signaturelist MCID_LIST="[['1', 'Waterbody', '#000000'], ['2', 'Vegetation', '#000000'], ['3', 'Bareland', '#000000'], ['4', 'Built-up', '#000000']]">
	<signature ID="20211207_164027872932_314">
		<MACROCLASSID>1</MACROCLASSID>
		<MACROCLASSINFO>Waterbody</MACROCLASSINFO>
		<CLASSID>1</CLASSID>
		<CLASSINFO>C 1</CLASSINFO>
		<VALUES>[0.1144599053411705, 0.003021000804533926, 0.11938729695435496, 0.003763928521575186, 0.1263480635307207, 0.00800231250508787, 0.06830573545672956, 0.007573821730809734, 0.009648164591236668, 0.0038640354504822193, 0.006402164842680827, 0.0018685615644851987]</VALUES>
		<LCS_MIN>[0.09687402844429016, 0.09242185950279236, 0.083831787109375, 0.04583117365837097, 0.007202039007097483, 0.004975954070687294]</LCS_MIN>
		<LCS_MAX>[0.11942296475172043, 0.12607502937316895, 0.13924823701381683, 0.16452087461948395, 0.06707066297531128, 0.03263179957866669]</LCS_MAX>
		<WAVELENGTH>[0.48, 0.56, 0.655, 0.865, 1.61, 2.2]</WAVELENGTH>
		<MEAN_VALUE>[0.1144599053411705, 0.11938729695435496, 0.1263480635307207, 0.06830573545672956, 0.009648164591236668, 0.006402164842680827]</MEAN_VALUE>
		<CHECKBOX>2</CHECKBOX>
		<SD>[0.003021000804533926, 0.003763928521575186, 0.00800231250508787, 0.007573821730809734, 0.0038640354504822193, 0.0018685615644851987]</SD>
		<WAVELENGTH_UNIT>E-6m</WAVELENGTH_UNIT>
		<COLOR>#e2d192</COLOR>
		<COVARIANCE_MATRIX>[[8.859459740051534e-06, 1.036755111272214e-05, 2.3270842575584538e-05, -1.6002077245502733e-05, -7.220830411824863e-06, -3.549304892658256e-06], [1.036755111272214e-05, 1.317096575803589e-05, 2.7158992452314124e-05, -1.8445000023348257e-05, -9.102143849304412e-06, -4.556165094982134e-06], [2.3270842575584538e-05, 2.7158992452314124e-05, 6.276076601352543e-05, -4.2387520807096735e-05, -1.883724871731829e-05, -9.226109796145465e-06], [-1.6002077245502733e-05, -1.8445000023348257e-05, -4.2387520807096735e-05, 5.4895554058020934e-05, 2.6338333555031568e-05, 1.2766476174874697e-05], [-7.220830411824863e-06, -9.102143849304412e-06, -1.883724871731829e-05, 2.6338333555031568e-05, 1.4494287825073116e-05, 7.027254014246864e-06], [-3.549304892658256e-06, -4.556165094982134e-06, -9.226109796145465e-06, 1.2766476174874697e-05, 7.027254014246864e-06, 3.51178687196807e-06]]</COVARIANCE_MATRIX>
		<ROI_SIZE>9038</ROI_SIZE>
		<MAX_VALUE>[0.11942296475172043, 0.12607502937316895, 0.13924823701381683, 0.16452087461948395, 0.06707066297531128, 0.03263179957866669]</MAX_VALUE>
		<MIN_VALUE>[0.09687402844429016, 0.09242185950279236, 0.083831787109375, 0.04583117365837097, 0.007202039007097483, 0.004975954070687294]</MIN_VALUE>
		<SIGNATURE_THRESHOLD_MD>0.0</SIGNATURE_THRESHOLD_MD>
		<SIGNATURE_THRESHOLD_ML>0.0</SIGNATURE_THRESHOLD_ML>
		<SIGNATURE_THRESHOLD_SAM>0.0</SIGNATURE_THRESHOLD_SAM>
	</signature>
	<signature ID="20211207_164037214606_600">
		<MACROCLASSID>1</MACROCLASSID>
		<MACROCLASSINFO>Waterbody</MACROCLASSINFO>
		<CLASSID>2</CLASSID>
		<CLASSINFO>C 1</CLASSINFO>
		<VALUES>[0.117342072556859, 0.0020320222644078178, 0.12316821241880402, 0.0017078752545298067, 0.13039905122625745, 0.008312434108956778, 0.07715981610537395, 0.004082550207029632, 0.008307090714933485, 0.0007599562488404681, 0.005794050663758823, 0.0004265951836069822]</VALUES>
		<LCS_MIN>[0.10391894727945328, 0.11410654336214066, 0.08825777471065521, 0.07152283191680908, 0.0067830076441168785, 0.004661685321480036]</LCS_MIN>
		<LCS_MAX>[0.11978962272405624, 0.12562981247901917, 0.1403219997882843, 0.12686072289943695, 0.015556409023702145, 0.008249606937170029]</LCS_MAX>
		<WAVELENGTH>[0.48, 0.56, 0.655, 0.865, 1.61, 2.2]</WAVELENGTH>
		<MEAN_VALUE>[0.117342072556859, 0.12316821241880402, 0.13039905122625745, 0.07715981610537395, 0.008307090714933485, 0.005794050663758823]</MEAN_VALUE>
		<CHECKBOX>2</CHECKBOX>
		<SD>[0.0020320222644078178, 0.0017078752545298067, 0.008312434108956778, 0.004082550207029632, 0.0007599562488404681, 0.0004265951836069822]</SD>
		<WAVELENGTH_UNIT>E-6m</WAVELENGTH_UNIT>
		<COLOR>#4f6739</COLOR>
		<COVARIANCE_MATRIX>[[3.7714964946644614e-06, 3.1345612114819232e-06, 1.5367879313998856e-05, -6.426230356737506e-06, -1.0862536328204442e-06, -4.6295195943457657e-07], [3.1345612114819232e-06, 2.716865992624662e-06, 1.3110400686855428e-05, -5.221979336056393e-06, -8.867968404047133e-07, -3.8917141864658333e-07], [1.5367879313998856e-05, 1.3110400686855428e-05, 6.650484283454716e-05, -2.6557941964711063e-05, -4.788411843037466e-06, -2.286915105287335e-06], [-6.426230356737506e-06, -5.221979336056393e-06, -2.6557941964711063e-05, 1.419348336639814e-05, 2.461477606630069e-06, 1.105093133446644e-06], [-1.0862536328204442e-06, -8.867968404047133e-07, -4.788411843037466e-06, 2.461477606630069e-06, 6.233132694433152e-07, 3.097887883996009e-07], [-4.6295195943457657e-07, -3.8917141864658333e-07, -2.286915105287335e-06, 1.105093133446644e-06, 3.097887883996009e-07, 2.0521000010376156e-07]]</COVARIANCE_MATRIX>
		<ROI_SIZE>10198</ROI_SIZE>
		<MAX_VALUE>[0.11978962272405624, 0.12562981247901917, 0.1403219997882843, 0.12686072289943695, 0.015556409023702145, 0.008249606937170029]</MAX_VALUE>
		<MIN_VALUE>[0.10391894727945328, 0.11410654336214066, 0.08825777471065521, 0.07152283191680908, 0.0067830076441168785, 0.004661685321480036]</MIN_VALUE>
		<SIGNATURE_THRESHOLD_MD>0.0</SIGNATURE_THRESHOLD_MD>
		<SIGNATURE_THRESHOLD_ML>0.0</SIGNATURE_THRESHOLD_ML>
		<SIGNATURE_THRESHOLD_SAM>0.0</SIGNATURE_THRESHOLD_SAM>
	</signature>
	<signature ID="20211207_164046151226_942">
		<MACROCLASSID>1</MACROCLASSID>
		<MACROCLASSINFO>Waterbody</MACROCLASSINFO>
		<CLASSID>3</CLASSID>
		<CLASSINFO>C 1</CLASSINFO>
		<VALUES>[0.12202180198279285, 0.0018609063319863707, 0.12799342656644294, 0.0025446056491872024, 0.14025810642439926, 0.0060031565027654585, 0.07153682421126054, 0.007776772002840576, 0.010812901801705561, 0.004100691212358578, 0.007235996974064954, 0.0021589758903172926]</VALUES>
		<LCS_MIN>[0.10923536121845245, 0.10742828994989395, 0.10386655479669571, 0.0672277957201004, 0.008197225630283356, 0.005604491103440523]</LCS_MIN>
		<LCS_MAX>[0.12421561032533646, 0.13073672354221344, 0.14626695215702057, 0.15739737451076508, 0.06049716845154762, 0.03305082768201828]</LCS_MAX>
		<WAVELENGTH>[0.48, 0.56, 0.655, 0.865, 1.61, 2.2]</WAVELENGTH>
		<MEAN_VALUE>[0.12202180198279285, 0.12799342656644294, 0.14025810642439926, 0.07153682421126054, 0.010812901801705561, 0.007235996974064954]</MEAN_VALUE>
		<CHECKBOX>2</CHECKBOX>
		<SD>[0.0018609063319863707, 0.0025446056491872024, 0.0060031565027654585, 0.007776772002840576, 0.004100691212358578, 0.0021589758903172926]</SD>
		<WAVELENGTH_UNIT>E-6m</WAVELENGTH_UNIT>
		<COLOR>#7ec0c9</COLOR>
		<COVARIANCE_MATRIX>[[3.5038074202020653e-06, 4.613950750353979e-06, 1.0940960237348918e-05, -1.0962541637127288e-05, -5.898997187614441e-06, -3.1429019600182073e-06], [4.613950750353979e-06, 6.2695066844753455e-06, 1.454340872442117e-05, -1.521077865618281e-05, -8.169256034307182e-06, -4.333574906922877e-06], [1.0940960237348918e-05, 1.454340872442117e-05, 3.528689194354229e-05, -3.317862137919292e-05, -1.7719614334055223e-05, -9.494009646004997e-06], [-1.0962541637127288e-05, -1.521077865618281e-05, -3.317862137919292e-05, 5.630953091895208e-05, 2.9383858418441378e-05, 1.5327163055189885e-05], [-5.898997187614441e-06, -8.169256034307182e-06, -1.7719614334055223e-05, 2.9383858418441378e-05, 1.609160244697705e-05, 8.37961670185905e-06], [-3.1429019600182073e-06, -4.333574906922877e-06, -9.494009646004997e-06, 1.5327163055189885e-05, 8.37961670185905e-06, 4.464335688680876e-06]]</COVARIANCE_MATRIX>
		<ROI_SIZE>8140</ROI_SIZE>
		<MAX_VALUE>[0.12421561032533646, 0.13073672354221344, 0.14626695215702057, 0.15739737451076508, 0.06049716845154762, 0.03305082768201828]</MAX_VALUE>
		<MIN_VALUE>[0.10923536121845245, 0.10742828994989395, 0.10386655479669571, 0.0672277957201004, 0.008197225630283356, 0.005604491103440523]</MIN_VALUE>
		<SIGNATURE_THRESHOLD_MD>0.0</SIGNATURE_THRESHOLD_MD>
		<SIGNATURE_THRESHOLD_ML>0.0</SIGNATURE_THRESHOLD_ML>
		<SIGNATURE_THRESHOLD_SAM>0.0</SIGNATURE_THRESHOLD_SAM>
	</signature>
	<signature ID="20211207_164116966496_360">
		<MACROCLASSID>1</MACROCLASSID>
		<MACROCLASSINFO>Waterbody</MACROCLASSINFO>
		<CLASSID>4</CLASSID>
		<CLASSINFO>C 1</CLASSINFO>
		<VALUES>[0.10345867901561732, 0.0021483950996853763, 0.1031640763114016, 0.004146413207010645, 0.11701534935329333, 0.008220156618940074, 0.09948022689027, 0.0186646623823289, 0.0315418955617506, 0.021986575502435497, 0.022799156272379925, 0.015586843505610647]</VALUES>
		<LCS_MIN>[0.09244804829359055, 0.08448651432991028, 0.08673878014087677, 0.07660355418920517, 0.0051330882124602795, 0.0057878210209310055]</LCS_MIN>
		<LCS_MAX>[0.1069045141339302, 0.10771637409925461, 0.1261274218559265, 0.17523227632045746, 0.1056998148560524, 0.08744589984416962]</LCS_MAX>
		<WAVELENGTH>[0.48, 0.56, 0.655, 0.865, 1.61, 2.2]</WAVELENGTH>
		<MEAN_VALUE>[0.10345867901561732, 0.1031640763114016, 0.11701534935329333, 0.09948022689027, 0.0315418955617506, 0.022799156272379925]</MEAN_VALUE>
		<CHECKBOX>2</CHECKBOX>
		<SD>[0.0021483950996853763, 0.004146413207010645, 0.008220156618940074, 0.0186646623823289, 0.021986575502435497, 0.015586843505610647]</SD>
		<WAVELENGTH_UNIT>E-6m</WAVELENGTH_UNIT>
		<COLOR>#93fb2e</COLOR>
		<COVARIANCE_MATRIX>[[4.6248883336375e-06, 8.407103450736031e-06, 1.6347572454833426e-05, -2.138439413101878e-05, -2.1866633687750436e-05, -1.3874657270207535e-05], [8.407103450736031e-06, 1.7227335774805397e-05, 3.314621790195815e-05, -4.7267109039239585e-05, -5.6145116104744375e-05, -3.7766745663248e-05], [1.6347572454833426e-05, 3.314621790195815e-05, 6.770693289581686e-05, -0.00010563710384303704, -0.0001238154072780162, -8.352072472916916e-05], [-2.138439413101878e-05, -4.7267109039239585e-05, -0.00010563710384303704, 0.0003490705566946417, 0.00037945035728625953, 0.0002540588320698589], [-2.1866633687750436e-05, -5.6145116104744375e-05, -0.0001238154072780162, 0.00037945035728625953, 0.00048438215162605047, 0.00033695370075292885], [-1.3874657270207535e-05, -3.7766745663248e-05, -8.352072472916916e-05, 0.0002540588320698589, 0.00033695370075292885, 0.00024343852419406176]]</COVARIANCE_MATRIX>
		<ROI_SIZE>498</ROI_SIZE>
		<MAX_VALUE>[0.1069045141339302, 0.10771637409925461, 0.1261274218559265, 0.17523227632045746, 0.1056998148560524, 0.08744589984416962]</MAX_VALUE>
		<MIN_VALUE>[0.09244804829359055, 0.08448651432991028, 0.08673878014087677, 0.07660355418920517, 0.0051330882124602795, 0.0057878210209310055]</MIN_VALUE>
		<SIGNATURE_THRESHOLD_MD>0.0</SIGNATURE_THRESHOLD_MD>
		<SIGNATURE_THRESHOLD_ML>0.0</SIGNATURE_THRESHOLD_ML>
		<SIGNATURE_THRESHOLD_SAM>0.0</SIGNATURE_THRESHOLD_SAM>
	</signature>
	<signature ID="20211207_164122596207_974">
		<MACROCLASSID>1</MACROCLASSID>
		<MACROCLASSINFO>Waterbody</MACROCLASSINFO>
		<CLASSID>5</CLASSID>
		<CLASSINFO>C 1</CLASSINFO>
		<VALUES>[0.11300523527482947, 0.0018247609630600624, 0.12333098638808034, 0.004051131564171676, 0.16162589253512616, 0.007710727343822003, 0.1370242597611656, 0.006714659089652655, 0.022998415571248848, 0.017120668394572016, 0.01759365124461968, 0.013603425219828612]</VALUES>
		<LCS_MIN>[0.09904774278402328, 0.09532885253429413, 0.11127810925245285, 0.12809161841869354, 0.013487458229064941, 0.0075425030663609505]</LCS_MIN>
		<LCS_MAX>[0.11570408940315247, 0.12631073594093323, 0.16884207725524902, 0.20136916637420654, 0.10310707241296768, 0.0901172012090683]</LCS_MAX>
		<WAVELENGTH>[0.48, 0.56, 0.655, 0.865, 1.61, 2.2]</WAVELENGTH>
		<MEAN_VALUE>[0.11300523527482947, 0.12333098638808034, 0.16162589253512616, 0.1370242597611656, 0.022998415571248848, 0.01759365124461968]</MEAN_VALUE>
		<CHECKBOX>2</CHECKBOX>
		<SD>[0.0018247609630600624, 0.004051131564171676, 0.007710727343822003, 0.006714659089652655, 0.017120668394572016, 0.013603425219828612]</SD>
		<WAVELENGTH_UNIT>E-6m</WAVELENGTH_UNIT>
		<COLOR>#220a63</COLOR>
		<COVARIANCE_MATRIX>[[3.362390316397068e-06, 7.374047527264338e-06, 1.3643369129567873e-05, -9.93884782474197e-07, -2.1199412003625184e-05, -1.695977698545903e-05], [7.374047527264338e-06, 1.7101132470997982e-05, 3.1830219086259604e-05, -3.2523403206141666e-06, -5.3168758313404396e-05, -4.266703763278201e-05], [1.3643369129567873e-05, 3.1830219086259604e-05, 6.010425204294734e-05, -9.381448762724176e-06, -0.0001044819291564636, -8.337337931152433e-05], [-9.93884782474197e-07, -3.2523403206141666e-06, -9.381448762724176e-06, 4.4939333747606725e-05, 6.184775702422485e-05, 4.195268775220029e-05], [-2.1199412003625184e-05, -5.3168758313404396e-05, -0.0001044819291564636, 6.184775702422485e-05, 0.00025810900842770934, 0.00020230964582879096], [-1.695977698545903e-05, -4.266703763278201e-05, -8.337337931152433e-05, 4.195268775220029e-05, 0.00020230964582879096, 0.00016252334171440452]]</COVARIANCE_MATRIX>
		<ROI_SIZE>1457</ROI_SIZE>
		<MAX_VALUE>[0.11570408940315247, 0.12631073594093323, 0.16884207725524902, 0.20136916637420654, 0.10310707241296768, 0.0901172012090683]</MAX_VALUE>
		<MIN_VALUE>[0.09904774278402328, 0.09532885253429413, 0.11127810925245285, 0.12809161841869354, 0.013487458229064941, 0.0075425030663609505]</MIN_VALUE>
		<SIGNATURE_THRESHOLD_MD>0.0</SIGNATURE_THRESHOLD_MD>
		<SIGNATURE_THRESHOLD_ML>0.0</SIGNATURE_THRESHOLD_ML>
		<SIGNATURE_THRESHOLD_SAM>0.0</SIGNATURE_THRESHOLD_SAM>
	</signature>
	<signature ID="20211207_164127834918_514">
		<MACROCLASSID>1</MACROCLASSID>
		<MACROCLASSINFO>Waterbody</MACROCLASSINFO>
		<CLASSID>6</CLASSID>
		<CLASSINFO>C 1</CLASSINFO>
		<VALUES>[0.10412175565186432, 0.0017470552240055907, 0.10591304801332137, 0.004654634497980123, 0.10768968052559302, 0.005389284522724609, 0.05699678593613569, 0.016212289507380517, 0.030669724442137086, 0.02338906225131438, 0.024624754304012057, 0.019328704586831925]</VALUES>
		<LCS_MIN>[0.09574788808822632, 0.08275801688432693, 0.08676496893167496, 0.044809792190790176, 0.01419457234442234, 0.012020858936011791]</LCS_MIN>
		<LCS_MAX>[0.10865920037031174, 0.11229949444532394, 0.12102051079273224, 0.12099432200193405, 0.10577837377786636, 0.0905100479722023]</LCS_MAX>
		<WAVELENGTH>[0.48, 0.56, 0.655, 0.865, 1.61, 2.2]</WAVELENGTH>
		<MEAN_VALUE>[0.10412175565186432, 0.10591304801332137, 0.10768968052559302, 0.05699678593613569, 0.030669724442137086, 0.024624754304012057]</MEAN_VALUE>
		<CHECKBOX>2</CHECKBOX>
		<SD>[0.0017470552240055907, 0.004654634497980123, 0.005389284522724609, 0.016212289507380517, 0.02338906225131438, 0.019328704586831925]</SD>
		<WAVELENGTH_UNIT>E-6m</WAVELENGTH_UNIT>
		<COLOR>#3a1cc6</COLOR>
		<COVARIANCE_MATRIX>[[3.0621117730333935e-06, 7.22429649613332e-06, 8.799484930932522e-06, -6.058879989723209e-06, -9.348228559247218e-06, -8.09469202067703e-06], [7.22429649613332e-06, 2.1735964764957316e-05, 2.337044134037569e-05, -4.309412543079816e-05, -6.432954251067713e-05, -5.3958141506882384e-05], [8.799484930932522e-06, 2.337044134037569e-05, 2.9138687750673853e-05, -2.4937351554399356e-05, -3.8151971239130944e-05, -3.267619831603952e-05], [-6.058879989723209e-06, -4.309412543079816e-05, -2.4937351554399356e-05, 0.00026369170518592, 0.00037600070936605334, 0.000307771930238232], [-9.348228559247218e-06, -6.432954251067713e-05, -3.8151971239130944e-05, 0.00037600070936605334, 0.0005488243768922985, 0.00045053448411636055], [-8.09469202067703e-06, -5.3958141506882384e-05, -3.267619831603952e-05, 0.000307771930238232, 0.00045053448411636055, 0.00037481181789189577]]</COVARIANCE_MATRIX>
		<ROI_SIZE>309</ROI_SIZE>
		<MAX_VALUE>[0.10865920037031174, 0.11229949444532394, 0.12102051079273224, 0.12099432200193405, 0.10577837377786636, 0.0905100479722023]</MAX_VALUE>
		<MIN_VALUE>[0.09574788808822632, 0.08275801688432693, 0.08676496893167496, 0.044809792190790176, 0.01419457234442234, 0.012020858936011791]</MIN_VALUE>
		<SIGNATURE_THRESHOLD_MD>0.0</SIGNATURE_THRESHOLD_MD>
		<SIGNATURE_THRESHOLD_ML>0.0</SIGNATURE_THRESHOLD_ML>
		<SIGNATURE_THRESHOLD_SAM>0.0</SIGNATURE_THRESHOLD_SAM>
	</signature>
	<signature ID="20211207_164137319000_275">
		<MACROCLASSID>1</MACROCLASSID>
		<MACROCLASSINFO>Waterbody</MACROCLASSINFO>
		<CLASSID>7</CLASSID>
		<CLASSINFO>C 1</CLASSINFO>
		<VALUES>[0.11379837107593292, 0.0014534132517766021, 0.1222739229312925, 0.0020797166915145263, 0.1411884853067152, 0.003887861122995292, 0.07123115843571662, 0.014065147030140205, 0.017809501698011095, 0.009118146089841692, 0.011949033766996553, 0.005332134929387593]</VALUES>
		<LCS_MIN>[0.1040760800242424, 0.10905202478170395, 0.11690879613161087, 0.06149234622716904, 0.01262320950627327, 0.008563875220716]</LCS_MIN>
		<LCS_MAX>[0.11512792855501175, 0.1241370290517807, 0.14443370699882507, 0.15514510869979858, 0.0888863131403923, 0.06104712933301926]</LCS_MAX>
		<WAVELENGTH>[0.48, 0.56, 0.655, 0.865, 1.61, 2.2]</WAVELENGTH>
		<MEAN_VALUE>[0.11379837107593292, 0.1222739229312925, 0.1411884853067152, 0.07123115843571662, 0.017809501698011095, 0.011949033766996553]</MEAN_VALUE>
		<CHECKBOX>2</CHECKBOX>
		<SD>[0.0014534132517766021, 0.0020797166915145263, 0.003887861122995292, 0.014065147030140205, 0.009118146089841692, 0.005332134929387593]</SD>
		<WAVELENGTH_UNIT>E-6m</WAVELENGTH_UNIT>
		<COLOR>#197d9f</COLOR>
		<COVARIANCE_MATRIX>[[2.1157106857572217e-06, 2.884746663767146e-06, 5.333787157724146e-06, -1.9018249076907523e-05, -1.0870985533983912e-05, -5.822770617669448e-06], [2.884746663767146e-06, 4.331979653215967e-06, 7.925231329863891e-06, -2.801043592626229e-05, -1.6887719539226964e-05, -9.081205462280195e-06], [5.333787157724146e-06, 7.925231329863891e-06, 1.5139082279347349e-05, -5.238081212155521e-05, -3.116862353635952e-05, -1.6478144971188158e-05], [-1.9018249076907523e-05, -2.801043592626229e-05, -5.238081212155521e-05, 0.0001981374662136659, 0.00012249668361619115, 6.708823639201e-05], [-1.0870985533983912e-05, -1.6887719539226964e-05, -3.116862353635952e-05, 0.00012249668361619115, 8.327049727085978e-05, 4.761191303259693e-05], [-5.822770617669448e-06, -9.081205462280195e-06, -1.6478144971188158e-05, 6.708823639201e-05, 4.761191303259693e-05, 2.847608811862301e-05]]</COVARIANCE_MATRIX>
		<ROI_SIZE>641</ROI_SIZE>
		<MAX_VALUE>[0.11512792855501175, 0.1241370290517807, 0.14443370699882507, 0.15514510869979858, 0.0888863131403923, 0.06104712933301926]</MAX_VALUE>
		<MIN_VALUE>[0.1040760800242424, 0.10905202478170395, 0.11690879613161087, 0.06149234622716904, 0.01262320950627327, 0.008563875220716]</MIN_VALUE>
		<SIGNATURE_THRESHOLD_MD>0.0</SIGNATURE_THRESHOLD_MD>
		<SIGNATURE_THRESHOLD_ML>0.0</SIGNATURE_THRESHOLD_ML>
		<SIGNATURE_THRESHOLD_SAM>0.0</SIGNATURE_THRESHOLD_SAM>
	</signature>
	<signature ID="20211207_164152524947_329">
		<MACROCLASSID>1</MACROCLASSID>
		<MACROCLASSINFO>Waterbody</MACROCLASSINFO>
		<CLASSID>8</CLASSID>
		<CLASSINFO>C 1</CLASSINFO>
		<VALUES>[0.09325502219056736, 0.005613658980530748, 0.08624099649694345, 0.011691083375761167, 0.0938770332908196, 0.01774929976721787, 0.07640522712827627, 0.023207476196109616, 0.02684325329903371, 0.014856485162528459, 0.018237951610769545, 0.010599475143775159]</VALUES>
		<LCS_MIN>[0.08121286332607269, 0.05968528985977173, 0.05494503676891327, 0.043919358402490616, 0.014430273324251175, 0.009820959530770779]</LCS_MIN>
		<LCS_MAX>[0.11510173976421356, 0.12253949791193008, 0.13191524147987366, 0.151871457695961, 0.1054902896285057, 0.08681736141443253]</LCS_MAX>
		<WAVELENGTH>[0.48, 0.56, 0.655, 0.865, 1.61, 2.2]</WAVELENGTH>
		<MEAN_VALUE>[0.09325502219056736, 0.08624099649694345, 0.0938770332908196, 0.07640522712827627, 0.02684325329903371, 0.018237951610769545]</MEAN_VALUE>
		<CHECKBOX>2</CHECKBOX>
		<SD>[0.005613658980530748, 0.011691083375761167, 0.01774929976721787, 0.023207476196109616, 0.014856485162528459, 0.010599475143775159]</SD>
		<WAVELENGTH_UNIT>E-6m</WAVELENGTH_UNIT>
		<COLOR>#ebf8c6</COLOR>
		<COVARIANCE_MATRIX>[[3.1552706786897033e-05, 6.222802767297253e-05, 8.538253314327449e-05, 3.1420648156199604e-05, 2.4720042347325943e-05, 2.2190128220245242e-05], [6.222802767297253e-05, 0.00013685291924048215, 0.00019953805895056576, 1.2814523870474659e-05, 9.812515600060578e-06, 1.757409881975036e-05], [8.538253314327449e-05, 0.00019953805895056576, 0.00031543293152935803, -7.933538290672004e-05, -3.8511330785695463e-05, -9.393641448696144e-06], [3.1420648156199604e-05, 1.2814523870474659e-05, -7.933538290672004e-05, 0.000539262720849365, 0.00028174559702165425, 0.00017391813162248582], [2.4720042347325943e-05, 9.812515600060578e-06, -3.8511330785695463e-05, 0.00028174559702165425, 0.00022099207853898406, 0.00015129322127904743], [2.2190128220245242e-05, 1.757409881975036e-05, -9.393641448696144e-06, 0.00017391813162248582, 0.00015129322127904743, 0.00011248984083067626]]</COVARIANCE_MATRIX>
		<ROI_SIZE>798</ROI_SIZE>
		<MAX_VALUE>[0.11510173976421356, 0.12253949791193008, 0.13191524147987366, 0.151871457695961, 0.1054902896285057, 0.08681736141443253]</MAX_VALUE>
		<MIN_VALUE>[0.08121286332607269, 0.05968528985977173, 0.05494503676891327, 0.043919358402490616, 0.014430273324251175, 0.009820959530770779]</MIN_VALUE>
		<SIGNATURE_THRESHOLD_MD>0.0</SIGNATURE_THRESHOLD_MD>
		<SIGNATURE_THRESHOLD_ML>0.0</SIGNATURE_THRESHOLD_ML>
		<SIGNATURE_THRESHOLD_SAM>0.0</SIGNATURE_THRESHOLD_SAM>
	</signature>
	<signature ID="20211207_164208020900_555">
		<MACROCLASSID>1</MACROCLASSID>
		<MACROCLASSINFO>Waterbody</MACROCLASSINFO>
		<CLASSID>9</CLASSID>
		<CLASSINFO>C 1</CLASSINFO>
		<VALUES>[0.12137333616911662, 0.006858113841995211, 0.13298430632502517, 0.008337598909916777, 0.12609014612188738, 0.013992356752623244, 0.05858336759773637, 0.010409926107247303, 0.009196414754719141, 0.005799765368579688, 0.0061745954757474525, 0.003915394366595556]</VALUES>
		<LCS_MIN>[0.09810491651296616, 0.08328180760145187, 0.07807015627622604, 0.04538595676422119, 0.006049707997590303, 0.004006952978670597]</LCS_MIN>
		<LCS_MAX>[0.13115575909614563, 0.14466939866542816, 0.14372660219669342, 0.1484144777059555, 0.09480508416891098, 0.07183709740638733]</LCS_MAX>
		<WAVELENGTH>[0.48, 0.56, 0.655, 0.865, 1.61, 2.2]</WAVELENGTH>
		<MEAN_VALUE>[0.12137333616911662, 0.13298430632502517, 0.12609014612188738, 0.05858336759773637, 0.009196414754719141, 0.0061745954757474525]</MEAN_VALUE>
		<CHECKBOX>2</CHECKBOX>
		<SD>[0.006858113841995211, 0.008337598909916777, 0.013992356752623244, 0.010409926107247303, 0.005799765368579688, 0.003915394366595556]</SD>
		<WAVELENGTH_UNIT>E-6m</WAVELENGTH_UNIT>
		<COLOR>#faf1af</COLOR>
		<COVARIANCE_MATRIX>[[4.139711018069647e-05, 4.968575740349479e-05, 8.187915955204517e-05, -3.474812911008485e-05, -1.4475304851657711e-05, -9.219575986207929e-06], [4.968575740349479e-05, 6.182909419294447e-05, 9.772423800313845e-05, -4.4481490476755425e-05, -2.0062092517036945e-05, -1.3151198800187558e-05], [8.187915955204517e-05, 9.772423800313845e-05, 0.000165788660524413, -6.466264312621206e-05, -2.9360049666138366e-05, -1.866042111942079e-05], [-3.474812911008485e-05, -4.4481490476755425e-05, -6.466264312621206e-05, 8.595920371590182e-05, 3.4678767406148836e-05, 2.2034584617358632e-05], [-1.4475304851657711e-05, -2.0062092517036945e-05, -2.9360049666138366e-05, 3.4678767406148836e-05, 2.3053316908772103e-05, 1.5295408957172185e-05], [-9.219575986207929e-06, -1.3151198800187558e-05, -1.866042111942079e-05, 2.2034584617358632e-05, 1.5295408957172185e-05, 1.0458746146468911e-05]]</COVARIANCE_MATRIX>
		<ROI_SIZE>8366</ROI_SIZE>
		<MAX_VALUE>[0.13115575909614563, 0.14466939866542816, 0.14372660219669342, 0.1484144777059555, 0.09480508416891098, 0.07183709740638733]</MAX_VALUE>
		<MIN_VALUE>[0.09810491651296616, 0.08328180760145187, 0.07807015627622604, 0.04538595676422119, 0.006049707997590303, 0.004006952978670597]</MIN_VALUE>
		<SIGNATURE_THRESHOLD_MD>0.0</SIGNATURE_THRESHOLD_MD>
		<SIGNATURE_THRESHOLD_ML>0.0</SIGNATURE_THRESHOLD_ML>
		<SIGNATURE_THRESHOLD_SAM>0.0</SIGNATURE_THRESHOLD_SAM>
	</signature>
	<signature ID="20211207_164227750836_499">
		<MACROCLASSID>1</MACROCLASSID>
		<MACROCLASSINFO>Waterbody</MACROCLASSINFO>
		<CLASSID>10</CLASSID>
		<CLASSINFO>C 1</CLASSINFO>
		<VALUES>[0.1263230598094513, 0.0012439713287980868, 0.13928349795086034, 0.0021098645861133427, 0.14997028450880714, 0.0029773294872477377, 0.06433433496070161, 0.010299977260057883, 0.012012169678904597, 0.006240170210130358, 0.008310485030239362, 0.0037494763912755183]</VALUES>
		<LCS_MIN>[0.11436843872070312, 0.11211617290973663, 0.10986389964818954, 0.056621141731739044, 0.008459122851490974, 0.0058663878589868546]</LCS_MIN>
		<LCS_MAX>[0.12814398109912872, 0.14165765047073364, 0.15284046530723572, 0.1500643938779831, 0.0949883982539177, 0.060235269367694855]</LCS_MAX>
		<WAVELENGTH>[0.48, 0.56, 0.655, 0.865, 1.61, 2.2]</WAVELENGTH>
		<MEAN_VALUE>[0.1263230598094513, 0.13928349795086034, 0.14997028450880714, 0.06433433496070161, 0.012012169678904597, 0.008310485030239362]</MEAN_VALUE>
		<CHECKBOX>2</CHECKBOX>
		<SD>[0.0012439713287980868, 0.0021098645861133427, 0.0029773294872477377, 0.010299977260057883, 0.006240170210130358, 0.0037494763912755183]</SD>
		<WAVELENGTH_UNIT>E-6m</WAVELENGTH_UNIT>
		<COLOR>#da683d</COLOR>
		<COVARIANCE_MATRIX>[[1.827528876674478e-06, 2.8583367566170637e-06, 4.158030606049579e-06, -1.3008057976549026e-05, -7.621984877914656e-06, -4.3674649532476906e-06], [2.8583367566170637e-06, 5.284668986860197e-06, 7.222701697173761e-06, -2.1111556634423323e-05, -1.2645652532228269e-05, -7.40540235710796e-06], [4.158030606049579e-06, 7.222701697173761e-06, 1.1278480997134466e-05, -3.161487256875262e-05, -1.931537190102972e-05, -1.1021204954886343e-05], [-1.3008057976549026e-05, -2.1111556634423323e-05, -3.161487256875262e-05, 0.00011431003076722845, 6.471038068411872e-05, 3.599801493692212e-05], [-7.621984877914656e-06, -1.2645652532228269e-05, -1.931537190102972e-05, 6.471038068411872e-05, 4.328873546910472e-05, 2.4825314540066756e-05], [-4.3674649532476906e-06, -7.40540235710796e-06, -1.1021204954886343e-05, 3.599801493692212e-05, 2.4825314540066756e-05, 1.5014972632343415e-05]]</COVARIANCE_MATRIX>
		<ROI_SIZE>4635</ROI_SIZE>
		<MAX_VALUE>[0.12814398109912872, 0.14165765047073364, 0.15284046530723572, 0.1500643938779831, 0.0949883982539177, 0.060235269367694855]</MAX_VALUE>
		<MIN_VALUE>[0.11436843872070312, 0.11211617290973663, 0.10986389964818954, 0.056621141731739044, 0.008459122851490974, 0.0058663878589868546]</MIN_VALUE>
		<SIGNATURE_THRESHOLD_MD>0.0</SIGNATURE_THRESHOLD_MD>
		<SIGNATURE_THRESHOLD_ML>0.0</SIGNATURE_THRESHOLD_ML>
		<SIGNATURE_THRESHOLD_SAM>0.0</SIGNATURE_THRESHOLD_SAM>
	</signature>
	<signature ID="20211207_164233174326_135">
		<MACROCLASSID>1</MACROCLASSID>
		<MACROCLASSINFO>Waterbody</MACROCLASSINFO>
		<CLASSID>11</CLASSID>
		<CLASSINFO>C 1</CLASSINFO>
		<VALUES>[0.12986377897142412, 0.0026942038434180455, 0.13743233706848407, 0.005167301161192625, 0.15435183693711282, 0.007324286563919759, 0.16191563221379018, 0.005387942705598323, 0.01617439103859066, 0.01529981351270916, 0.011320006185319425, 0.010430225019770575]</VALUES>
		<LCS_MIN>[0.11303278803825378, 0.10638072341680527, 0.11373990774154663, 0.15040485560894012, 0.009873340837657452, 0.006730636116117239]</LCS_MIN>
		<LCS_MAX>[0.1326223611831665, 0.14126479625701904, 0.16051390767097473, 0.1925695687532425, 0.09978104382753372, 0.0737227275967598]</LCS_MAX>
		<WAVELENGTH>[0.48, 0.56, 0.655, 0.865, 1.61, 2.2]</WAVELENGTH>
		<MEAN_VALUE>[0.12986377897142412, 0.13743233706848407, 0.15435183693711282, 0.16191563221379018, 0.01617439103859066, 0.011320006185319425]</MEAN_VALUE>
		<CHECKBOX>2</CHECKBOX>
		<SD>[0.0026942038434180455, 0.005167301161192625, 0.007324286563919759, 0.005387942705598323, 0.01529981351270916, 0.010430225019770575]</SD>
		<WAVELENGTH_UNIT>E-6m</WAVELENGTH_UNIT>
		<COLOR>#5c4313</COLOR>
		<COVARIANCE_MATRIX>[[7.264040505106095e-06, 1.3424477401713375e-05, 1.952097773028072e-05, -5.664350737788482e-06, -3.5812034184345976e-05, -2.4332926841452718e-05], [1.3424477401713375e-05, 2.6720519599621184e-05, 3.662412564153783e-05, -1.1990358871116769e-05, -7.355831621680409e-05, -4.9998801841866225e-05], [1.952097773028072e-05, 3.662412564153783e-05, 5.368438723962754e-05, -1.3209005373937543e-05, -9.965446952264756e-05, -6.785211007809266e-05], [-5.664350737788482e-06, -1.1990358871116769e-05, -1.3209005373937543e-05, 2.9051147066638805e-05, 2.6382240321254358e-05, 1.5798112144693732e-05], [-3.5812034184345976e-05, -7.355831621680409e-05, -9.965446952264756e-05, 2.6382240321254358e-05, 0.0002342554071219638, 0.00015796393563505262], [-2.4332926841452718e-05, -4.9998801841866225e-05, -6.785211007809266e-05, 1.5798112144693732e-05, 0.00015796393563505262, 0.00010886912059504539]]</COVARIANCE_MATRIX>
		<ROI_SIZE>1369</ROI_SIZE>
		<MAX_VALUE>[0.1326223611831665, 0.14126479625701904, 0.16051390767097473, 0.1925695687532425, 0.09978104382753372, 0.0737227275967598]</MAX_VALUE>
		<MIN_VALUE>[0.11303278803825378, 0.10638072341680527, 0.11373990774154663, 0.15040485560894012, 0.009873340837657452, 0.006730636116117239]</MIN_VALUE>
		<SIGNATURE_THRESHOLD_MD>0.0</SIGNATURE_THRESHOLD_MD>
		<SIGNATURE_THRESHOLD_ML>0.0</SIGNATURE_THRESHOLD_ML>
		<SIGNATURE_THRESHOLD_SAM>0.0</SIGNATURE_THRESHOLD_SAM>
	</signature>
	<signature ID="20211207_164240985524_884">
		<MACROCLASSID>1</MACROCLASSID>
		<MACROCLASSINFO>Waterbody</MACROCLASSINFO>
		<CLASSID>12</CLASSID>
		<CLASSINFO>C 1</CLASSINFO>
		<VALUES>[0.10874470033465998, 0.004757005588160955, 0.1205249122178105, 0.003676456868595475, 0.09573699336958258, 0.009901127120049164, 0.060078025263517305, 0.014527811731483781, 0.011989702244786769, 0.0061367751042101315, 0.008014156229232674, 0.004187542453445118]</VALUES>
		<LCS_MIN>[0.09611454606056213, 0.10211187601089478, 0.07416794449090958, 0.04179803282022476, 0.007018709089607, 0.004740252625197172]</LCS_MIN>
		<LCS_MAX>[0.11997294425964355, 0.13005580008029938, 0.12141335755586624, 0.14136956632137299, 0.09415033459663391, 0.07298942655324936]</LCS_MAX>
		<WAVELENGTH>[0.48, 0.56, 0.655, 0.865, 1.61, 2.2]</WAVELENGTH>
		<MEAN_VALUE>[0.10874470033465998, 0.1205249122178105, 0.09573699336958258, 0.060078025263517305, 0.011989702244786769, 0.008014156229232674]</MEAN_VALUE>
		<CHECKBOX>2</CHECKBOX>
		<SD>[0.004757005588160955, 0.003676456868595475, 0.009901127120049164, 0.014527811731483781, 0.0061367751042101315, 0.004187542453445118]</SD>
		<WAVELENGTH_UNIT>E-6m</WAVELENGTH_UNIT>
		<COLOR>#e90886</COLOR>
		<COVARIANCE_MATRIX>[[2.6675388653529808e-05, 1.5144804820010904e-05, 5.020031676394865e-05, -6.69359797029756e-05, -1.0909178854490165e-05, -3.3025594348146114e-06], [1.5144804820010904e-05, 1.2138186320953537e-05, 3.043246215383988e-05, -3.104429561062716e-05, -8.749237167648971e-06, -5.006443643651437e-06], [5.020031676394865e-05, 3.043246215383988e-05, 9.961662726709619e-05, -0.00010537521302467212, -1.3916897842136677e-05, -3.0013209197932156e-06], [-6.69359797029756e-05, -3.104429561062716e-05, -0.00010537521302467212, 0.000361261103535071, 0.00010188890155404806, 5.014905764255673e-05], [-1.0909178854490165e-05, -8.749237167648971e-06, -1.3916897842136677e-05, 0.00010188890155404806, 5.500519182533026e-05, 3.554742943379097e-05], [-3.3025594348146114e-06, -5.006443643651437e-06, -3.0013209197932156e-06, 5.014905764255673e-05, 3.554742943379097e-05, 2.5562900191289373e-05]]</COVARIANCE_MATRIX>
		<ROI_SIZE>4452</ROI_SIZE>
		<MAX_VALUE>[0.11997294425964355, 0.13005580008029938, 0.12141335755586624, 0.14136956632137299, 0.09415033459663391, 0.07298942655324936]</MAX_VALUE>
		<MIN_VALUE>[0.09611454606056213, 0.10211187601089478, 0.07416794449090958, 0.04179803282022476, 0.007018709089607, 0.004740252625197172]</MIN_VALUE>
		<SIGNATURE_THRESHOLD_MD>0.0</SIGNATURE_THRESHOLD_MD>
		<SIGNATURE_THRESHOLD_ML>0.0</SIGNATURE_THRESHOLD_ML>
		<SIGNATURE_THRESHOLD_SAM>0.0</SIGNATURE_THRESHOLD_SAM>
	</signature>
	<signature ID="20211207_164300845091_451">
		<MACROCLASSID>1</MACROCLASSID>
		<MACROCLASSINFO>Waterbody</MACROCLASSINFO>
		<CLASSID>13</CLASSID>
		<CLASSINFO>C 1</CLASSINFO>
		<VALUES>[0.12492384463347873, 0.003929365448983729, 0.1355043714589909, 0.007180288559468663, 0.1370519017323733, 0.009782373329511613, 0.060179395897369196, 0.011320623837220945, 0.012913483036857711, 0.006740751691734037, 0.008518983458101028, 0.003965951765596475]</VALUES>
		<LCS_MIN>[0.10947105288505554, 0.10101193189620972, 0.09593120962381363, 0.044888366013765335, 0.006390172056853771, 0.004059324506670237]</LCS_MIN>
		<LCS_MAX>[0.13071054220199585, 0.14451226592063904, 0.1474454700946808, 0.10334277898073196, 0.05968528985977173, 0.04336939752101898]</LCS_MAX>
		<WAVELENGTH>[0.48, 0.56, 0.655, 0.865, 1.61, 2.2]</WAVELENGTH>
		<MEAN_VALUE>[0.12492384463347873, 0.1355043714589909, 0.1370519017323733, 0.060179395897369196, 0.012913483036857711, 0.008518983458101028]</MEAN_VALUE>
		<CHECKBOX>2</CHECKBOX>
		<SD>[0.003929365448983729, 0.007180288559468663, 0.009782373329511613, 0.011320623837220945, 0.006740751691734037, 0.003965951765596475]</SD>
		<WAVELENGTH_UNIT>E-6m</WAVELENGTH_UNIT>
		<COLOR>#e03b9c</COLOR>
		<COVARIANCE_MATRIX>[[1.545032500871457e-05, 2.675067662494257e-05, 3.464065957814455e-05, -3.96693212678656e-05, -2.074398253171239e-05, -1.1481780347821768e-05], [2.675067662494257e-05, 5.159130887477659e-05, 6.78800861351192e-05, -7.082692172843963e-05, -3.790280607063323e-05, -2.0764371583936736e-05], [3.464065957814455e-05, 6.78800861351192e-05, 9.57593583734706e-05, -9.257616329705343e-05, -4.929256101604551e-05, -2.687400410650298e-05], [-3.96693212678656e-05, -7.082692172843963e-05, -9.257616329705343e-05, 0.00012824294390156865, 6.711977766826749e-05, 3.6920246202498674e-05], [-2.074398253171239e-05, -3.790280607063323e-05, -4.929256101604551e-05, 6.711977766826749e-05, 4.546837226371281e-05, 2.5633868062868714e-05], [-1.1481780347821768e-05, -2.0764371583936736e-05, -2.687400410650298e-05, 3.6920246202498674e-05, 2.5633868062868714e-05, 1.573937879584264e-05]]</COVARIANCE_MATRIX>
		<ROI_SIZE>1484</ROI_SIZE>
		<MAX_VALUE>[0.13071054220199585, 0.14451226592063904, 0.1474454700946808, 0.10334277898073196, 0.05968528985977173, 0.04336939752101898]</MAX_VALUE>
		<MIN_VALUE>[0.10947105288505554, 0.10101193189620972, 0.09593120962381363, 0.044888366013765335, 0.006390172056853771, 0.004059324506670237]</MIN_VALUE>
		<SIGNATURE_THRESHOLD_MD>0.0</SIGNATURE_THRESHOLD_MD>
		<SIGNATURE_THRESHOLD_ML>0.0</SIGNATURE_THRESHOLD_ML>
		<SIGNATURE_THRESHOLD_SAM>0.0</SIGNATURE_THRESHOLD_SAM>
	</signature>
	<signature ID="20211207_164411179443_795">
		<MACROCLASSID>1</MACROCLASSID>
		<MACROCLASSINFO>Waterbody</MACROCLASSINFO>
		<CLASSID>14</CLASSID>
		<CLASSINFO>C 1</CLASSINFO>
		<VALUES>[0.13232836286717542, 0.001917727059485725, 0.14219908085134317, 0.0033621013460945017, 0.14459342101719183, 0.003351816230744657, 0.06451067257081507, 0.011206694203557134, 0.008988769056708128, 0.002444623362536185, 0.0058371616717152065, 0.0013030279101523953]</VALUES>
		<LCS_MIN>[0.11952772736549377, 0.12607502937316895, 0.12620598077774048, 0.04661686345934868, 0.006547306198626757, 0.004295035731047392]</LCS_MIN>
		<LCS_MAX>[0.13579124212265015, 0.1484144777059555, 0.15218572318553925, 0.10897346585988998, 0.031217580661177635, 0.015477841719985008]</LCS_MAX>
		<WAVELENGTH>[0.48, 0.56, 0.655, 0.865, 1.61, 2.2]</WAVELENGTH>
		<MEAN_VALUE>[0.13232836286717542, 0.14219908085134317, 0.14459342101719183, 0.06451067257081507, 0.008988769056708128, 0.0058371616717152065]</MEAN_VALUE>
		<CHECKBOX>2</CHECKBOX>
		<SD>[0.001917727059485725, 0.0033621013460945017, 0.003351816230744657, 0.011206694203557134, 0.002444623362536185, 0.0013030279101523953]</SD>
		<WAVELENGTH_UNIT>E-6m</WAVELENGTH_UNIT>
		<COLOR>#cd4acf</COLOR>
		<COVARIANCE_MATRIX>[[3.0742733088118257e-06, 4.289784101274563e-06, 2.823384420480579e-06, -1.3107905942888465e-05, -2.487011670382344e-06, -1.3396652320807334e-06], [4.289784101274563e-06, 9.238594429916702e-06, 1.5344319308496779e-06, -2.86505510302959e-05, -4.313794761401368e-06, -2.422904799459502e-06], [2.823384420480579e-06, 1.5344319308496779e-06, 1.0858952009584755e-05, -9.103604838855972e-07, -3.906897291017231e-06, -2.0410227534739533e-06], [-1.3107905942888465e-05, -2.86505510302959e-05, -9.103604838855972e-07, 9.715333726489916e-05, 1.402491398039274e-05, 7.671563253097702e-06], [-2.487011670382344e-06, -4.313794761401368e-06, -3.906897291017231e-06, 1.402491398039274e-05, 4.324234396335669e-06, 2.2560991510545136e-06], [-1.3396652320807334e-06, -2.422904799459502e-06, -2.0410227534739533e-06, 7.671563253097702e-06, 2.2560991510545136e-06, 1.2506923212640686e-06]]</COVARIANCE_MATRIX>
		<ROI_SIZE>7908</ROI_SIZE>
		<MAX_VALUE>[0.13579124212265015, 0.1484144777059555, 0.15218572318553925, 0.10897346585988998, 0.031217580661177635, 0.015477841719985008]</MAX_VALUE>
		<MIN_VALUE>[0.11952772736549377, 0.12607502937316895, 0.12620598077774048, 0.04661686345934868, 0.006547306198626757, 0.004295035731047392]</MIN_VALUE>
		<SIGNATURE_THRESHOLD_MD>0.0</SIGNATURE_THRESHOLD_MD>
		<SIGNATURE_THRESHOLD_ML>0.0</SIGNATURE_THRESHOLD_ML>
		<SIGNATURE_THRESHOLD_SAM>0.0</SIGNATURE_THRESHOLD_SAM>
	</signature>
	<signature ID="20211207_164421077043_241">
		<MACROCLASSID>1</MACROCLASSID>
		<MACROCLASSINFO>Waterbody</MACROCLASSINFO>
		<CLASSID>15</CLASSID>
		<CLASSINFO>C 1</CLASSINFO>
		<VALUES>[0.133715909738898, 0.0027998273178618427, 0.14730774902855326, 0.004951798266170517, 0.14351139906451424, 0.0036255294750370953, 0.048906072204141705, 0.006497055211111867, 0.01012579534065842, 0.003087749903267468, 0.007147577235175788, 0.00235663770555848]</VALUES>
		<LCS_MIN>[0.10695688426494598, 0.10229521244764328, 0.09648118913173676, 0.04357890412211418, 0.007071090396493673, 0.004792624153196812]</LCS_MIN>
		<LCS_MAX>[0.13699595630168915, 0.1516881287097931, 0.15396659076213837, 0.09627167880535126, 0.054368872195482254, 0.041902799159288406]</LCS_MAX>
		<WAVELENGTH>[0.48, 0.56, 0.655, 0.865, 1.61, 2.2]</WAVELENGTH>
		<MEAN_VALUE>[0.133715909738898, 0.14730774902855326, 0.14351139906451424, 0.048906072204141705, 0.01012579534065842, 0.007147577235175788]</MEAN_VALUE>
		<CHECKBOX>2</CHECKBOX>
		<SD>[0.0027998273178618427, 0.004951798266170517, 0.0036255294750370953, 0.006497055211111867, 0.003087749903267468, 0.00235663770555848]</SD>
		<WAVELENGTH_UNIT>E-6m</WAVELENGTH_UNIT>
		<COLOR>#56bebb</COLOR>
		<COVARIANCE_MATRIX>[[5.798255187983159e-06, 1.0002489034377504e-05, 5.42173120265943e-06, -1.178056209028e-05, -4.717231149697909e-06, -3.3582716696400894e-06], [1.0002489034377504e-05, 1.8289587387698703e-05, 9.526523172098678e-06, -2.2460410036728717e-05, -9.312446309195366e-06, -6.650585419265553e-06], [5.42173120265943e-06, 9.526523172098678e-06, 1.1179874491062947e-05, -6.974165444262326e-06, -3.226383341825567e-06, -2.154559069822426e-06], [-1.178056209028e-05, -2.2460410036728717e-05, -6.974165444262326e-06, 3.658693458419293e-05, 1.6268049876089208e-05, 1.1849317161249928e-05], [-4.717231149697909e-06, -9.312446309195366e-06, -3.226383341825567e-06, 1.6268049876089208e-05, 9.595366464054678e-06, 7.167124294937821e-06], [-3.3582716696400894e-06, -6.650585419265553e-06, -2.154559069822426e-06, 1.1849317161249928e-05, 7.167124294937821e-06, 5.516852070286404e-06]]</COVARIANCE_MATRIX>
		<ROI_SIZE>8565</ROI_SIZE>
		<MAX_VALUE>[0.13699595630168915, 0.1516881287097931, 0.15396659076213837, 0.09627167880535126, 0.054368872195482254, 0.041902799159288406]</MAX_VALUE>
		<MIN_VALUE>[0.10695688426494598, 0.10229521244764328, 0.09648118913173676, 0.04357890412211418, 0.007071090396493673, 0.004792624153196812]</MIN_VALUE>
		<SIGNATURE_THRESHOLD_MD>0.0</SIGNATURE_THRESHOLD_MD>
		<SIGNATURE_THRESHOLD_ML>0.0</SIGNATURE_THRESHOLD_ML>
		<SIGNATURE_THRESHOLD_SAM>0.0</SIGNATURE_THRESHOLD_SAM>
	</signature>
	<signature ID="20211207_164430583966_890">
		<MACROCLASSID>1</MACROCLASSID>
		<MACROCLASSINFO>Waterbody</MACROCLASSINFO>
		<CLASSID>16</CLASSID>
		<CLASSINFO>C 1</CLASSINFO>
