<?xml version="1.0" ?>
<signaturelist MCID_LIST="[['1', 'waterbody', '#000000'], ['2', 'vegetation', '#000000'], ['3', 'bareland', '#000000'], ['4', 'built-up', '#000000']]">
	<signature ID="20210507_130202915126_932">
		<MACROCLASSID>1</MACROCLASSID>
		<MACROCLASSINFO>waterbody</MACROCLASSINFO>
		<CLASSID>1</CLASSID>
		<CLASSINFO>C 1</CLASSINFO>
		<VALUES>[0.15102670663281523, 0.0018630588266738924, 0.12760232248588613, 0.002973474092466599, 0.09312711561981007, 0.003182745473676824, 0.07908344275072986, 0.008299767382072366, 0.026610306436686132, 0.006201350752690409, 0.013207538278871458, 0.0037928224913709218]</VALUES>
		<LCS_MIN>[0.1445397138595581, 0.11561883985996246, 0.08498340100049973, 0.06871136277914047, 0.020801028236746788, 0.007893390022218227]</LCS_MIN>
		<LCS_MAX>[0.15566810965538025, 0.14049597084522247, 0.10995759069919586, 0.11290144175291061, 0.06055916100740433, 0.043607767671346664]</LCS_MAX>
		<WAVELENGTH>[0.48, 0.56, 0.655, 0.865, 1.61, 2.2]</WAVELENGTH>
		<MEAN_VALUE>[0.15102670663281523, 0.12760232248588613, 0.09312711561981007, 0.07908344275072986, 0.026610306436686132, 0.013207538278871458]</MEAN_VALUE>
		<CHECKBOX>2</CHECKBOX>
		<SD>[0.0018630588266738924, 0.002973474092466599, 0.003182745473676824, 0.008299767382072366, 0.006201350752690409, 0.0037928224913709218]</SD>
		<WAVELENGTH_UNIT>E-6m</WAVELENGTH_UNIT>
		<COLOR>#f31e54</COLOR>
		<COVARIANCE_MATRIX>[[3.4746456094580935e-06, 5.127785698277876e-06, 4.9138870963361114e-06, 1.395959543515346e-06, -3.3981206115640816e-07, -3.99382116711422e-07], [5.127785698277876e-06, 8.85086501511978e-06, 8.366017027583439e-06, 2.5076669771806337e-06, -8.412037573179987e-07, -8.350819484803651e-07], [4.9138870963361114e-06, 8.366017027583439e-06, 1.014054305414902e-05, 1.1836037629109342e-05, 6.611283879465191e-06, 3.876823484461056e-06], [1.395959543515346e-06, 2.5076669771806337e-06, 1.1836037629109342e-05, 6.895872502354905e-05, 4.754085239255801e-05, 2.6965544748236425e-05], [-3.3981206115640816e-07, -8.412037573179987e-07, 6.611283879465191e-06, 4.754085239255801e-05, 3.849727363558486e-05, 2.2790056391386315e-05], [-3.99382116711422e-07, -8.350819484803651e-07, 3.876823484461056e-06, 2.6965544748236425e-05, 2.2790056391386315e-05, 1.4400660802493803e-05]]</COVARIANCE_MATRIX>
		<ROI_SIZE>950</ROI_SIZE>
		<MAX_VALUE>[0.15566810965538025, 0.14049597084522247, 0.10995759069919586, 0.11290144175291061, 0.06055916100740433, 0.043607767671346664]</MAX_VALUE>
		<MIN_VALUE>[0.1445397138595581, 0.11561883985996246, 0.08498340100049973, 0.06871136277914047, 0.020801028236746788, 0.007893390022218227]</MIN_VALUE>
		<SIGNATURE_THRESHOLD_MD>0.0</SIGNATURE_THRESHOLD_MD>
		<SIGNATURE_THRESHOLD_ML>0.0</SIGNATURE_THRESHOLD_ML>
		<SIGNATURE_THRESHOLD_SAM>0.0</SIGNATURE_THRESHOLD_SAM>
	</signature>
	<signature ID="20210507_130207853572_360">
		<MACROCLASSID>1</MACROCLASSID>
		<MACROCLASSINFO>waterbody</MACROCLASSINFO>
		<CLASSID>2</CLASSID>
		<CLASSINFO>C 1</CLASSINFO>
		<VALUES>[0.13398617905458593, 0.002065926338840554, 0.10087765415849993, 0.0028845186597072987, 0.06965742643690018, 0.002610323165788113, 0.07059486321147401, 0.010152791960794575, 0.024766103062445866, 0.007358765967596579, 0.012311478437242552, 0.004413408738290231]</VALUES>
		<LCS_MIN>[0.122574083507061, 0.08737729489803314, 0.06117380037903786, 0.05573902279138565, 0.010351989418268204, 0.004917186684906483]</LCS_MIN>
		<LCS_MAX>[0.13874906301498413, 0.11031344532966614, 0.08119844645261765, 0.10287294536828995, 0.057744722813367844, 0.03623196855187416]</LCS_MAX>
		<WAVELENGTH>[0.48, 0.56, 0.655, 0.865, 1.61, 2.2]</WAVELENGTH>
		<MEAN_VALUE>[0.13398617905458593, 0.10087765415849993, 0.06965742643690018, 0.07059486321147401, 0.024766103062445866, 0.012311478437242552]</MEAN_VALUE>
		<CHECKBOX>2</CHECKBOX>
		<SD>[0.002065926338840554, 0.0028845186597072987, 0.002610323165788113, 0.010152791960794575, 0.007358765967596579, 0.004413408738290231]</SD>
		<WAVELENGTH_UNIT>E-6m</WAVELENGTH_UNIT>
		<COLOR>#c6b11b</COLOR>
		<COVARIANCE_MATRIX>[[4.273282229405595e-06, 5.45866669199313e-06, 3.847702373604989e-06, -3.448488996582455e-06, 1.0196805533269071e-07, 1.0457919188411324e-06], [5.45866669199313e-06, 8.330644959642086e-06, 6.298750577116152e-06, 3.071543019927958e-08, 4.3245645429124124e-06, 4.043089575134218e-06], [3.847702373604989e-06, 6.298750577116152e-06, 6.822137038398068e-06, 1.1719766916939989e-05, 1.1831031770270783e-05, 8.134491508826613e-06], [-3.448488996582455e-06, 3.071543019927958e-08, 1.1719766916939989e-05, 0.0001032055079122074, 6.617610779358074e-05, 3.6105546314502135e-05], [1.0196805533269071e-07, 4.3245645429124124e-06, 1.1831031770270783e-05, 6.617610779358074e-05, 5.421779860625975e-05, 3.1562110962113366e-05], [1.0457919188411324e-06, 4.043089575134218e-06, 8.134491508826613e-06, 3.6105546314502135e-05, 3.1562110962113366e-05, 1.9502047507558018e-05]]</COVARIANCE_MATRIX>
		<ROI_SIZE>817</ROI_SIZE>
		<MAX_VALUE>[0.13874906301498413, 0.11031344532966614, 0.08119844645261765, 0.10287294536828995, 0.057744722813367844, 0.03623196855187416]</MAX_VALUE>
		<MIN_VALUE>[0.122574083507061, 0.08737729489803314, 0.06117380037903786, 0.05573902279138565, 0.010351989418268204, 0.004917186684906483]</MIN_VALUE>
		<SIGNATURE_THRESHOLD_MD>0.0</SIGNATURE_THRESHOLD_MD>
		<SIGNATURE_THRESHOLD_ML>0.0</SIGNATURE_THRESHOLD_ML>
		<SIGNATURE_THRESHOLD_SAM>0.0</SIGNATURE_THRESHOLD_SAM>
	</signature>
	<signature ID="20210507_130220963762_358">
		<MACROCLASSID>1</MACROCLASSID>
		<MACROCLASSINFO>waterbody</MACROCLASSINFO>
		<CLASSID>3</CLASSID>
		<CLASSINFO>C 1</CLASSINFO>
		<VALUES>[0.1465421854634631, 0.0012800389183881932, 0.12478484153109694, 0.002241335408842424, 0.0922385655281519, 0.00227331649591965, 0.07694702472329555, 0.009081137894966314, 0.02553940141367572, 0.007150030215471855, 0.013008379189166877, 0.0045141584568331485]</VALUES>
		<LCS_MIN>[0.14091651141643524, 0.11458363384008408, 0.08453048765659332, 0.06790260225534439, 0.017307233065366745, 0.008378636091947556]</LCS_MIN>
		<LCS_MAX>[0.148939311504364, 0.12917347252368927, 0.10652849078178406, 0.11461597681045532, 0.0636647567152977, 0.04273431375622749]</LCS_MAX>
		<WAVELENGTH>[0.48, 0.56, 0.655, 0.865, 1.61, 2.2]</WAVELENGTH>
		<MEAN_VALUE>[0.1465421854634631, 0.12478484153109694, 0.0922385655281519, 0.07694702472329555, 0.02553940141367572, 0.013008379189166877]</MEAN_VALUE>
		<CHECKBOX>2</CHECKBOX>
		<SD>[0.0012800389183881932, 0.002241335408842424, 0.00227331649591965, 0.009081137894966314, 0.007150030215471855, 0.0045141584568331485]</SD>
		<WAVELENGTH_UNIT>E-6m</WAVELENGTH_UNIT>
		<COLOR>#96f368</COLOR>
		<COVARIANCE_MATRIX>[[1.6404502503064577e-06, 2.719454187172232e-06, 2.3246207092597615e-06, -3.1685767680755816e-06, -2.0426889477676013e-06, -9.57744646257197e-07], [2.719454187172232e-06, 5.029564817959908e-06, 4.058332251588581e-06, -6.422648766601924e-06, -4.575565981213003e-06, -2.4979872250696644e-06], [2.3246207092597615e-06, 4.058332251588581e-06, 5.1741203606070485e-06, 2.6947072910843417e-06, 2.796267153826193e-06, 2.633602662172052e-06], [-3.1685767680755816e-06, -6.422648766601924e-06, 2.6947072910843417e-06, 8.256523869931698e-05, 5.6363274779869244e-05, 3.446522168815136e-05], [-2.0426889477676013e-06, -4.575565981213003e-06, 2.796267153826193e-06, 5.6363274779869244e-05, 5.1183793402742594e-05, 3.088553057750687e-05], [-9.57744646257197e-07, -2.4979872250696644e-06, 2.633602662172052e-06, 3.446522168815136e-05, 3.088553057750687e-05, 2.040188519458752e-05]]</COVARIANCE_MATRIX>
		<ROI_SIZE>841</ROI_SIZE>
		<MAX_VALUE>[0.148939311504364, 0.12917347252368927, 0.10652849078178406, 0.11461597681045532, 0.0636647567152977, 0.04273431375622749]</MAX_VALUE>
		<MIN_VALUE>[0.14091651141643524, 0.11458363384008408, 0.08453048765659332, 0.06790260225534439, 0.017307233065366745, 0.008378636091947556]</MIN_VALUE>
		<SIGNATURE_THRESHOLD_MD>0.0</SIGNATURE_THRESHOLD_MD>
		<SIGNATURE_THRESHOLD_ML>0.0</SIGNATURE_THRESHOLD_ML>
		<SIGNATURE_THRESHOLD_SAM>0.0</SIGNATURE_THRESHOLD_SAM>
	</signature>
	<signature ID="20210507_130225376515_213">
		<MACROCLASSID>1</MACROCLASSID>
		<MACROCLASSINFO>waterbody</MACROCLASSINFO>
		<CLASSID>4</CLASSID>
		<CLASSINFO>C 1</CLASSINFO>
		<VALUES>[0.14995044571547772, 0.001487989741255142, 0.12732803649920654, 0.002689804970177687, 0.0953794474436968, 0.004202906019900462, 0.07918629317255162, 0.008499960012670536, 0.026591679796500206, 0.007032852516048479, 0.013699548665446827, 0.0046589104012633165]</VALUES>
		<LCS_MIN>[0.14130470156669617, 0.10924588888883591, 0.08110141009092331, 0.07036121189594269, 0.020542237907648087, 0.009996138513088226]</LCS_MIN>
		<LCS_MAX>[0.15722091495990753, 0.1349317878484726, 0.11448659747838974, 0.1146806925535202, 0.062176663428545, 0.04241083189845085]</LCS_MAX>
		<WAVELENGTH>[0.48, 0.56, 0.655, 0.865, 1.61, 2.2]</WAVELENGTH>
		<MEAN_VALUE>[0.14995044571547772, 0.12732803649920654, 0.0953794474436968, 0.07918629317255162, 0.026591679796500206, 0.013699548665446827]</MEAN_VALUE>
		<CHECKBOX>2</CHECKBOX>
		<SD>[0.001487989741255142, 0.002689804970177687, 0.004202906019900462, 0.008499960012670536, 0.007032852516048479, 0.0046589104012633165]</SD>
		<WAVELENGTH_UNIT>E-6m</WAVELENGTH_UNIT>
		<COLOR>#970503</COLOR>
		<COVARIANCE_MATRIX>[[2.2178983272169717e-06, 3.108582177446806e-06, 2.567660885688383e-06, -2.8863837542303372e-06, -9.439075938644237e-07, 1.3904720708168838e-09], [3.108582177446806e-06, 7.247418579936493e-06, 8.765751772443764e-06, -5.465500180434901e-06, -4.103600986127276e-06, -1.844921825977508e-06], [2.567660885688383e-06, 8.765751772443764e-06, 1.769461414369289e-05, 6.246383691177471e-06, 4.062149855599273e-06, 4.18224453824223e-06], [-2.8863837542303372e-06, -5.465500180434901e-06, 6.246383691177471e-06, 7.237282261485234e-05, 5.1240760512882844e-05, 3.063384792767465e-05], [-9.439075938644237e-07, -4.103600986127276e-06, 4.062149855599273e-06, 5.1240760512882844e-05, 4.9545564252184704e-05, 3.1291652703657746e-05], [1.3904720708168838e-09, -1.844921825977508e-06, 4.18224453824223e-06, 3.063384792767465e-05, 3.1291652703657746e-05, 2.1742549506598152e-05]]</COVARIANCE_MATRIX>
		<ROI_SIZE>586</ROI_SIZE>
		<MAX_VALUE>[0.15722091495990753, 0.1349317878484726, 0.11448659747838974, 0.1146806925535202, 0.062176663428545, 0.04241083189845085]</MAX_VALUE>
		<MIN_VALUE>[0.14130470156669617, 0.10924588888883591, 0.08110141009092331, 0.07036121189594269, 0.020542237907648087, 0.009996138513088226]</MIN_VALUE>
		<SIGNATURE_THRESHOLD_MD>0.0</SIGNATURE_THRESHOLD_MD>
		<SIGNATURE_THRESHOLD_ML>0.0</SIGNATURE_THRESHOLD_ML>
		<SIGNATURE_THRESHOLD_SAM>0.0</SIGNATURE_THRESHOLD_SAM>
	</signature>
	<signature ID="20210507_130230660116_498">
		<MACROCLASSID>1</MACROCLASSID>
		<MACROCLASSINFO>waterbody</MACROCLASSINFO>
		<CLASSID>5</CLASSID>
		<CLASSINFO>C 1</CLASSINFO>
		<VALUES>[0.1434582395272123, 0.0020275375611143354, 0.10968845144466118, 0.002153296001917734, 0.08666964175386561, 0.0027322664253330133, 0.0888325974207233, 0.009656107408185491, 0.034996534232050194, 0.008563145700570426, 0.018867372444623876, 0.005636738492672238]</VALUES>
		<LCS_MIN>[0.13722862303256989, 0.10274353623390198, 0.0781899094581604, 0.07864280045032501, 0.02316257730126381, 0.013069390319287777]</LCS_MIN>
		<LCS_MAX>[0.1484864205121994, 0.11898323148488998, 0.100673146545887, 0.12192707508802414, 0.069099560379982, 0.045160576701164246]</LCS_MAX>
		<WAVELENGTH>[0.48, 0.56, 0.655, 0.865, 1.61, 2.2]</WAVELENGTH>
		<MEAN_VALUE>[0.1434582395272123, 0.10968845144466118, 0.08666964175386561, 0.0888325974207233, 0.034996534232050194, 0.018867372444623876]</MEAN_VALUE>
		<CHECKBOX>2</CHECKBOX>
		<SD>[0.0020275375611143354, 0.002153296001917734, 0.0027322664253330133, 0.009656107408185491, 0.008563145700570426, 0.005636738492672238]</SD>
		<WAVELENGTH_UNIT>E-6m</WAVELENGTH_UNIT>
		<COLOR>#78993e</COLOR>
		<COVARIANCE_MATRIX>[[4.130029083171394e-06, 3.751737494894769e-06, 4.329955118009821e-06, 4.721767083992745e-07, -1.797099535849611e-08, -1.1797447996286792e-07], [3.751737494894769e-06, 4.658249508793233e-06, 5.7026863942155614e-06, 7.074232144077541e-06, 6.679175839963136e-06, 4.301043190935161e-06], [4.329955118009821e-06, 5.7026863942155614e-06, 7.500002084270818e-06, 1.0900252163992263e-05, 1.0598014341667295e-05, 7.403395102301147e-06], [4.721767083992745e-07, 7.074232144077541e-06, 1.0900252163992263e-05, 9.367408347316086e-05, 7.436113810399547e-05, 4.468274346436374e-05], [-1.797099535849611e-08, 6.679175839963136e-06, 1.0598014341667295e-05, 7.436113810399547e-05, 7.366852514678612e-05, 4.619736137101427e-05], [-1.1797447996286792e-07, 4.301043190935161e-06, 7.403395102301147e-06, 4.468274346436374e-05, 4.619736137101427e-05, 3.192060103174299e-05]]</COVARIANCE_MATRIX>
		<ROI_SIZE>216</ROI_SIZE>
		<MAX_VALUE>[0.1484864205121994, 0.11898323148488998, 0.100673146545887, 0.12192707508802414, 0.069099560379982, 0.045160576701164246]</MAX_VALUE>
		<MIN_VALUE>[0.13722862303256989, 0.10274353623390198, 0.0781899094581604, 0.07864280045032501, 0.02316257730126381, 0.013069390319287777]</MIN_VALUE>
		<SIGNATURE_THRESHOLD_MD>0.0</SIGNATURE_THRESHOLD_MD>
		<SIGNATURE_THRESHOLD_ML>0.0</SIGNATURE_THRESHOLD_ML>
		<SIGNATURE_THRESHOLD_SAM>0.0</SIGNATURE_THRESHOLD_SAM>
	</signature>
	<signature ID="20210507_130550872746_230">
		<MACROCLASSID>1</MACROCLASSID>
		<MACROCLASSINFO>waterbody</MACROCLASSINFO>
		<CLASSID>6</CLASSID>
		<CLASSINFO>C 1</CLASSINFO>
		<VALUES>[0.12880771232674273, 0.0021553879218547812, 0.10308511278570844, 0.0039308696418313615, 0.06944169707583263, 0.0030266015280224347, 0.06390344764508853, 0.009543051227743867, 0.020553110842633806, 0.007029719117892991, 0.01011613365295366, 0.0038849399533140956]</VALUES>
		<LCS_MIN>[0.11610407382249832, 0.08048674464225769, 0.055512554943561554, 0.051242366433143616, 0.012454737909138203, 0.006178838200867176]</LCS_MIN>
		<LCS_MAX>[0.13308781385421753, 0.11254558712244034, 0.08336590230464935, 0.09507659077644348, 0.05224520340561867, 0.030279574915766716]</LCS_MAX>
		<WAVELENGTH>[0.48, 0.56, 0.655, 0.865, 1.61, 2.2]</WAVELENGTH>
		<MEAN_VALUE>[0.12880771232674273, 0.10308511278570844, 0.06944169707583263, 0.06390344764508853, 0.020553110842633806, 0.01011613365295366]</MEAN_VALUE>
		<CHECKBOX>2</CHECKBOX>
		<SD>[0.0021553879218547812, 0.0039308696418313615, 0.0030266015280224347, 0.009543051227743867, 0.007029719117892991, 0.0038849399533140956]</SD>
		<WAVELENGTH_UNIT>E-6m</WAVELENGTH_UNIT>
		<COLOR>#1a835e</COLOR>
		<COVARIANCE_MATRIX>[[4.653847554436652e-06, 7.730159268248826e-06, 4.494380846153945e-06, -8.997693839774001e-06, -2.9345130769797834e-06, -8.425653277299716e-07], [7.730159268248826e-06, 1.5478844943572767e-05, 1.0584019946691114e-05, -1.0789851330628153e-05, -2.7332644094713032e-06, -2.1178975373459252e-07], [4.494380846153945e-06, 1.0584019946691114e-05, 9.17638772079954e-06, 8.705739560355141e-07, 3.7221973343548598e-06, 2.9983916647324804e-06], [-8.997693839774001e-06, -1.0789851330628153e-05, 8.705739560355141e-07, 9.12296018213965e-05, 5.795436663902365e-05, 2.9882405215175822e-05], [-2.9345130769797834e-06, -2.7332644094713032e-06, 3.7221973343548598e-06, 5.795436663902365e-05, 4.950364746036939e-05, 2.656091601238586e-05], [-8.425653277299716e-07, -2.1178975373459252e-07, 2.9983916647324804e-06, 2.9882405215175822e-05, 2.656091601238586e-05, 1.5119237104954664e-05]]</COVARIANCE_MATRIX>
		<ROI_SIZE>571</ROI_SIZE>
		<MAX_VALUE>[0.13308781385421753, 0.11254558712244034, 0.08336590230464935, 0.09507659077644348, 0.05224520340561867, 0.030279574915766716]</MAX_VALUE>
		<MIN_VALUE>[0.11610407382249832, 0.08048674464225769, 0.055512554943561554, 0.051242366433143616, 0.012454737909138203, 0.006178838200867176]</MIN_VALUE>
		<SIGNATURE_THRESHOLD_MD>0.0</SIGNATURE_THRESHOLD_MD>
		<SIGNATURE_THRESHOLD_ML>0.0</SIGNATURE_THRESHOLD_ML>
		<SIGNATURE_THRESHOLD_SAM>0.0</SIGNATURE_THRESHOLD_SAM>
	</signature>
	<signature ID="20210507_130600813942_470">
		<MACROCLASSID>1</MACROCLASSID>
		<MACROCLASSINFO>waterbody</MACROCLASSINFO>
		<CLASSID>7</CLASSID>
		<CLASSINFO>C 1</CLASSINFO>
		<VALUES>[0.14261474258431775, 0.0016223203921997653, 0.135684060942486, 0.003714707978652963, 0.10343845950213265, 0.0034109734775291285, 0.0624957771223283, 0.008636935838308423, 0.02013162219522643, 0.006755924303419971, 0.011338020133063476, 0.0047746697862349]</VALUES>
		<LCS_MIN>[0.13360542058944702, 0.11238383501768112, 0.08456286042928696, 0.05370095372200012, 0.011743036098778248, 0.007084638811647892]</LCS_MIN>
		<LCS_MAX>[0.14525142312049866, 0.14017246663570404, 0.11762453615665436, 0.09847334772348404, 0.058132920414209366, 0.04778091609477997]</LCS_MAX>
		<WAVELENGTH>[0.48, 0.56, 0.655, 0.865, 1.61, 2.2]</WAVELENGTH>
		<MEAN_VALUE>[0.14261474258431775, 0.135684060942486, 0.10343845950213265, 0.0624957771223283, 0.02013162219522643, 0.011338020133063476]</MEAN_VALUE>
		<CHECKBOX>2</CHECKBOX>
		<SD>[0.0016223203921997653, 0.003714707978652963, 0.0034109734775291285, 0.008636935838308423, 0.006755924303419971, 0.0047746697862349]</SD>
		<WAVELENGTH_UNIT>E-6m</WAVELENGTH_UNIT>
		<COLOR>#6aa297</COLOR>
		<COVARIANCE_MATRIX>[[2.6350016923970543e-06, 5.463973593577975e-06, 4.170657575741643e-06, -7.145063136704266e-06, -4.963018000125885e-06, -2.7190314995095832e-06], [5.463973593577975e-06, 1.3815194506605621e-05, 1.0106742593052331e-05, -2.0417763153091073e-05, -1.5291565432562493e-05, -9.661831427365541e-06], [4.170657575741643e-06, 1.0106742593052331e-05, 1.1648347935988568e-05, -1.0419586942589376e-05, -6.665207365585957e-06, -3.218386837033904e-06], [-7.145063136704266e-06, -2.0417763153091073e-05, -1.0419586942589376e-05, 7.468390685971826e-05, 5.04703821206931e-05, 3.090187601628713e-05], [-4.963018000125885e-06, -1.5291565432562493e-05, -6.665207365585957e-06, 5.04703821206931e-05, 4.569589509628713e-05, 3.087068398599513e-05], [-2.7190314995095832e-06, -9.661831427365541e-06, -3.218386837033904e-06, 3.090187601628713e-05, 3.087068398599513e-05, 2.2824135157861747e-05]]</COVARIANCE_MATRIX>
		<ROI_SIZE>856</ROI_SIZE>
		<MAX_VALUE>[0.14525142312049866, 0.14017246663570404, 0.11762453615665436, 0.09847334772348404, 0.058132920414209366, 0.04778091609477997]</MAX_VALUE>
		<MIN_VALUE>[0.13360542058944702, 0.11238383501768112, 0.08456286042928696, 0.05370095372200012, 0.011743036098778248, 0.007084638811647892]</MIN_VALUE>
		<SIGNATURE_THRESHOLD_MD>0.0</SIGNATURE_THRESHOLD_MD>
		<SIGNATURE_THRESHOLD_ML>0.0</SIGNATURE_THRESHOLD_ML>
		<SIGNATURE_THRESHOLD_SAM>0.0</SIGNATURE_THRESHOLD_SAM>
	</signature>
	<signature ID="20210507_130606566282_861">
		<MACROCLASSID>1</MACROCLASSID>
		<MACROCLASSINFO>waterbody</MACROCLASSINFO>
		<CLASSID>8</CLASSID>
		<CLASSINFO>C 1</CLASSINFO>
		<VALUES>[0.12764557568209886, 0.002054523398486905, 0.10345069624567299, 0.003136919267369182, 0.06745861340942007, 0.0031926515047149963, 0.06449568300937002, 0.01210324553457097, 0.026771785011201095, 0.011521366675278286, 0.015225930981798454, 0.007636304480488605]</VALUES>
		<LCS_MIN>[0.11804508417844772, 0.0863744392991066, 0.05965336039662361, 0.0431872233748436, 0.011096036992967129, 0.00637293653562665]</LCS_MIN>
		<LCS_MAX>[0.13677573204040527, 0.11665402352809906, 0.09061229974031448, 0.09261800348758698, 0.05958867073059082, 0.046842772513628006]</LCS_MAX>
		<WAVELENGTH>[0.48, 0.56, 0.655, 0.865, 1.61, 2.2]</WAVELENGTH>
		<MEAN_VALUE>[0.12764557568209886, 0.10345069624567299, 0.06745861340942007, 0.06449568300937002, 0.026771785011201095, 0.015225930981798454]</MEAN_VALUE>
		<CHECKBOX>2</CHECKBOX>
		<SD>[0.002054523398486905, 0.003136919267369182, 0.0031926515047149963, 0.01210324553457097, 0.011521366675278286, 0.007636304480488605]</SD>
		<WAVELENGTH_UNIT>E-6m</WAVELENGTH_UNIT>
		<COLOR>#a58b78</COLOR>
		<COVARIANCE_MATRIX>[[4.244914180162596e-06, 5.860085821041139e-06, 4.487439582590014e-06, -6.627601123909699e-06, -2.1773844309791457e-06, 2.0292675344535382e-06], [5.860085821041139e-06, 9.89585714705754e-06, 5.793306172563462e-06, -1.3487450814864133e-05, -7.292013833648525e-06, -5.619478429252922e-07], [4.487439582590014e-06, 5.793306172563462e-06, 1.0250611012452282e-05, 1.2444077583495528e-05, 1.7330075934296474e-05, 1.6375484847230837e-05], [-6.627601123909699e-06, -1.3487450814864133e-05, 1.2444077583495528e-05, 0.00014731616829521954, 0.00012074563710484654, 7.250943599501625e-05], [-2.1773844309791457e-06, -7.292013833648525e-06, 1.7330075934296474e-05, 0.00012074563710484654, 0.00013349184882827103, 8.351744327228516e-05], [2.0292675344535382e-06, -5.619478429252922e-07, 1.6375484847230837e-05, 7.250943599501625e-05, 8.351744327228516e-05, 5.864259946974926e-05]]</COVARIANCE_MATRIX>
		<ROI_SIZE>178</ROI_SIZE>
		<MAX_VALUE>[0.13677573204040527, 0.11665402352809906, 0.09061229974031448, 0.09261800348758698, 0.05958867073059082, 0.046842772513628006]</MAX_VALUE>
		<MIN_VALUE>[0.11804508417844772, 0.0863744392991066, 0.05965336039662361, 0.0431872233748436, 0.011096036992967129, 0.00637293653562665]</MIN_VALUE>
		<SIGNATURE_THRESHOLD_MD>0.0</SIGNATURE_THRESHOLD_MD>
		<SIGNATURE_THRESHOLD_ML>0.0</SIGNATURE_THRESHOLD_ML>
		<SIGNATURE_THRESHOLD_SAM>0.0</SIGNATURE_THRESHOLD_SAM>
	</signature>
	<signature ID="20210507_130612198987_622">
		<MACROCLASSID>1</MACROCLASSID>
		<MACROCLASSINFO>waterbody</MACROCLASSINFO>
		<CLASSID>9</CLASSID>
		<CLASSINFO>C 1</CLASSINFO>
		<VALUES>[0.13504293078661378, 0.002437212792747368, 0.12564633593750194, 0.004343365603325906, 0.09068961615406071, 0.00612989988646996, 0.0533550354371282, 0.009730126060985911, 0.019854450983898105, 0.009918832151772491, 0.012687965612334966, 0.007889079215922454]</VALUES>
		<LCS_MIN>[0.1233181282877922, 0.10287294536828995, 0.07045824825763702, 0.037623025476932526, 0.006243541836738586, 0.0030408946331590414]</LCS_MIN>
		<LCS_MAX>[0.14343981444835663, 0.1349317878484726, 0.12318872660398483, 0.0860833004117012, 0.05337747186422348, 0.046778079122304916]</LCS_MAX>
		<WAVELENGTH>[0.48, 0.56, 0.655, 0.865, 1.61, 2.2]</WAVELENGTH>
		<MEAN_VALUE>[0.13504293078661378, 0.12564633593750194, 0.09068961615406071, 0.0533550354371282, 0.019854450983898105, 0.012687965612334966]</MEAN_VALUE>
		<CHECKBOX>2</CHECKBOX>
		<SD>[0.002437212792747368, 0.004343365603325906, 0.00612989988646996, 0.009730126060985911, 0.009918832151772491, 0.007889079215922454]</SD>
		<WAVELENGTH_UNIT>E-6m</WAVELENGTH_UNIT>
		<COLOR>#53aff9</COLOR>
		<COVARIANCE_MATRIX>[[5.9501426221686415e-06, 9.215841600962449e-06, 1.0603257578623015e-05, 5.751659841735091e-07, -2.7102819331048522e-06, -1.490225827183167e-06], [9.215841600962449e-06, 1.889701707114e-05, 1.6573996617808007e-05, -9.92996046988992e-06, -1.358265035378281e-05, -9.942290489561856e-06], [1.0603257578623015e-05, 1.6573996617808007e-05, 3.763979475479573e-05, 2.5006285795825534e-05, 1.2435994904080871e-05, 1.0300660505890846e-05], [5.751659841735091e-07, -9.92996046988992e-06, 2.5006285795825534e-05, 9.483691246714443e-05, 7.681507122470066e-05, 5.651060928357765e-05], [-2.7102819331048522e-06, -1.358265035378281e-05, 1.2435994904080871e-05, 7.681507122470066e-05, 9.855112148215994e-05, 7.601214747410268e-05], [-1.490225827183167e-06, -9.942290489561856e-06, 1.0300660505890846e-05, 5.651060928357765e-05, 7.601214747410268e-05, 6.234378088265657e-05]]</COVARIANCE_MATRIX>
		<ROI_SIZE>587</ROI_SIZE>
		<MAX_VALUE>[0.14343981444835663, 0.1349317878484726, 0.12318872660398483, 0.0860833004117012, 0.05337747186422348, 0.046778079122304916]</MAX_VALUE>
		<MIN_VALUE>[0.1233181282877922, 0.10287294536828995, 0.07045824825763702, 0.037623025476932526, 0.006243541836738586, 0.0030408946331590414]</MIN_VALUE>
		<SIGNATURE_THRESHOLD_MD>0.0</SIGNATURE_THRESHOLD_MD>
		<SIGNATURE_THRESHOLD_ML>0.0</SIGNATURE_THRESHOLD_ML>
		<SIGNATURE_THRESHOLD_SAM>0.0</SIGNATURE_THRESHOLD_SAM>
	</signature>
	<signature ID="20210507_130618222769_522">
		<MACROCLASSID>1</MACROCLASSID>
		<MACROCLASSINFO>waterbody</MACROCLASSINFO>
		<CLASSID>10</CLASSID>
		<CLASSINFO>C 1</CLASSINFO>
		<VALUES>[0.13762578256737817, 0.001879869793054855, 0.12580343166629357, 0.0034323715692983815, 0.08727997879902742, 0.0031593443387504345, 0.05504935895224357, 0.00817747577242967, 0.01960990828438727, 0.0071822313773427385, 0.011681473995829802, 0.005475357862855383]</VALUES>
		<LCS_MIN>[0.12855882942676544, 0.10614029318094254, 0.07330505549907684, 0.045904625207185745, 0.012034183368086815, 0.007343440316617489]</LCS_MIN>
		<LCS_MAX>[0.14479853212833405, 0.13111448287963867, 0.10643143206834793, 0.08999764174222946, 0.051307059824466705, 0.044966477900743484]</LCS_MAX>
		<WAVELENGTH>[0.48, 0.56, 0.655, 0.865, 1.61, 2.2]</WAVELENGTH>
		<MEAN_VALUE>[0.13762578256737817, 0.12580343166629357, 0.08727997879902742, 0.05504935895224357, 0.01960990828438727, 0.011681473995829802]</MEAN_VALUE>
		<CHECKBOX>2</CHECKBOX>
		<SD>[0.001879869793054855, 0.0034323715692983815, 0.0031593443387504345, 0.00817747577242967, 0.0071822313773427385, 0.005475357862855383]</SD>
		<WAVELENGTH_UNIT>E-6m</WAVELENGTH_UNIT>
		<COLOR>#d17ae7</COLOR>
		<COVARIANCE_MATRIX>[[3.0842761589156e-06, 4.88222440253594e-06, 3.4633706036402145e-06, -5.560182671615621e-06, -4.162149707553908e-06, -2.0065847365913214e-06], [4.88222440253594e-06, 9.515123565506656e-06, 6.23627738605137e-06, -1.031136343954131e-05, -8.666043868288398e-06, -5.0023040785163175e-06], [3.4633706036402145e-06, 6.23627738605137e-06, 7.891258064773865e-06, 2.995891236423631e-06, 3.3167636956932256e-06, 3.892485892720288e-06], [-5.560182671615621e-06, -1.031136343954131e-05, 2.995891236423631e-06, 6.0893096815561876e-05, 4.587248258758336e-05, 3.0436163797276095e-05], [-4.162149707553908e-06, -8.666043868288398e-06, 3.3167636956932256e-06, 4.587248258758336e-05, 4.364594133221544e-05, 3.065697819693014e-05], [-2.0065847365913214e-06, -5.0023040785163175e-06, 3.892485892720288e-06, 3.0436163797276095e-05, 3.065697819693014e-05, 2.399370350758545e-05]]</COVARIANCE_MATRIX>
		<ROI_SIZE>773</ROI_SIZE>
		<MAX_VALUE>[0.14479853212833405, 0.13111448287963867, 0.10643143206834793, 0.08999764174222946, 0.051307059824466705, 0.044966477900743484]</MAX_VALUE>
		<MIN_VALUE>[0.12855882942676544, 0.10614029318094254, 0.07330505549907684, 0.045904625207185745, 0.012034183368086815, 0.007343440316617489]</MIN_VALUE>
		<SIGNATURE_THRESHOLD_MD>0.0</SIGNATURE_THRESHOLD_MD>
		<SIGNATURE_THRESHOLD_ML>0.0</SIGNATURE_THRESHOLD_ML>
		<SIGNATURE_THRESHOLD_SAM>0.0</SIGNATURE_THRESHOLD_SAM>
	</signature>
	<signature ID="20210507_132622985970_714">
		<MACROCLASSID>1</MACROCLASSID>
		<MACROCLASSINFO>waterbody</MACROCLASSINFO>
		<CLASSID>11</CLASSID>
		<CLASSINFO>C 1</CLASSINFO>
		<VALUES>[0.13444118559133578, 0.002227084113574471, 0.1208100198262234, 0.00417386381691078, 0.08160257997549124, 0.0040265041355454665, 0.05842619798699307, 0.009650983049371892, 0.019394218876749872, 0.00687684189288781, 0.010572115856407183, 0.00437271316274107]</VALUES>
		<LCS_MIN>[0.12192707508802414, 0.09575594961643219, 0.06431177258491516, 0.04626047611236572, 0.012260639108717442, 0.006211196072399616]</LCS_MIN>
		<LCS_MAX>[0.13839320838451385, 0.12859117984771729, 0.09206805378198624, 0.09646765142679214, 0.054283272475004196, 0.035908475518226624]</LCS_MAX>
		<WAVELENGTH>[0.48, 0.56, 0.655, 0.865, 1.61, 2.2]</WAVELENGTH>
		<MEAN_VALUE>[0.13444118559133578, 0.1208100198262234, 0.08160257997549124, 0.05842619798699307, 0.019394218876749872, 0.010572115856407183]</MEAN_VALUE>
		<CHECKBOX>2</CHECKBOX>
		<SD>[0.002227084113574471, 0.00417386381691078, 0.0040265041355454665, 0.009650983049371892, 0.00687684189288781, 0.00437271316274107]</SD>
		<WAVELENGTH_UNIT>E-6m</WAVELENGTH_UNIT>
		<COLOR>#4a9fac</COLOR>
		<COVARIANCE_MATRIX>[[8.385540240851697e-06, 1.6121261069201864e-05, 1.5672152585466392e-05, -4.429825821716804e-06, -4.0300933505932335e-06, -1.7342805449516163e-06], [1.6121261069201864e-05, 3.296285285614431e-05, 3.102741902694106e-05, -9.778206731425598e-06, -9.528007467451971e-06, -4.728319709101925e-06], [1.5672152585466392e-05, 3.102741902694106e-05, 3.484360786387697e-05, 7.402082246699138e-06, 3.832321453955956e-06, 3.6783837913390016e-06], [-4.429825821716804e-06, -9.778206731425598e-06, 7.402082246699138e-06, 9.413822408532724e-05, 6.00959756411612e-05, 3.50477421307005e-05], [-4.0300933505932335e-06, -9.528007467451971e-06, 3.832321453955956e-06, 6.00959756411612e-05, 5.3574451158056036e-05, 3.180526618962176e-05], [-1.7342805449516163e-06, -4.728319709101925e-06, 3.6783837913390016e-06, 3.50477421307005e-05, 3.180526618962176e-05, 2.0952968043275177e-05]]</COVARIANCE_MATRIX>
		<ROI_SIZE>558</ROI_SIZE>
		<MAX_VALUE>[0.13839320838451385, 0.12859117984771729, 0.09206805378198624, 0.09646765142679214, 0.054283272475004196, 0.035908475518226624]</MAX_VALUE>
		<MIN_VALUE>[0.12192707508802414, 0.09575594961643219, 0.06431177258491516, 0.04626047611236572, 0.012260639108717442, 0.006211196072399616]</MIN_VALUE>
		<SIGNATURE_THRESHOLD_MD>0.0</SIGNATURE_THRESHOLD_MD>
		<SIGNATURE_THRESHOLD_ML>0.0</SIGNATURE_THRESHOLD_ML>
		<SIGNATURE_THRESHOLD_SAM>0.0</SIGNATURE_THRESHOLD_SAM>
	</signature>
	<signature ID="20210507_132706298819_560">
		<MACROCLASSID>1</MACROCLASSID>
		<MACROCLASSINFO>waterbody</MACROCLASSINFO>
		<CLASSID>12</CLASSID>
		<CLASSINFO>C 1</CLASSINFO>
		<VALUES>[0.13449298915537933, 0.001472830059584045, 0.11358151879500258, 0.0030210337025228786, 0.07990209819241001, 0.003700061231689703, 0.06192286073822869, 0.010003449719593226, 0.024488342240114095, 0.010411094108034608, 0.014907453662123189, 0.007765435184232873]</VALUES>
		<LCS_MIN>[0.12700602412223816, 0.10125543922185898, 0.07220515608787537, 0.050498317927122116, 0.013975190930068493, 0.00643764017149806]</LCS_MIN>
		<LCS_MAX>[0.13826382160186768, 0.12060073018074036, 0.09662940353155136, 0.09494718164205551, 0.05803585797548294, 0.046648673713207245]</LCS_MAX>
		<WAVELENGTH>[0.48, 0.56, 0.655, 0.865, 1.61, 2.2]</WAVELENGTH>
		<MEAN_VALUE>[0.13449298915537933, 0.11358151879500258, 0.07990209819241001, 0.06192286073822869, 0.024488342240114095, 0.014907453662123189]</MEAN_VALUE>
		<CHECKBOX>2</CHECKBOX>
		<SD>[0.001472830059584045, 0.0030210337025228786, 0.003700061231689703, 0.010003449719593226, 0.010411094108034608, 0.007765435184232873]</SD>
		<WAVELENGTH_UNIT>E-6m</WAVELENGTH_UNIT>
		<COLOR>#2d2f85</COLOR>
		<COVARIANCE_MATRIX>[[2.1791336166643305e-06, 3.7737024740636116e-06, 4.698970883509901e-07, -2.4481519176333677e-06, -1.939571120601613e-06, -1.100582153412688e-06], [3.7737024740636116e-06, 9.16831868380541e-06, 2.4999947072501527e-06, -2.7084490739071043e-06, -1.6104313544929028e-06, -5.086741907689429e-07], [4.698970883509901e-07, 2.4999947072501527e-06, 1.3752966879110318e-05, 2.933727046183776e-05, 2.9444794563460164e-05, 2.3189173589344136e-05], [-2.4481519176333677e-06, -2.7084490739071043e-06, 2.933727046183776e-05, 0.00010052594006992877, 9.002605656860396e-05, 6.620384374400601e-05], [-1.939571120601613e-06, -1.6104313544929028e-06, 2.9444794563460164e-05, 9.002605656860396e-05, 0.00010888581891776994, 7.896401803009212e-05], [-1.100582153412688e-06, -5.086741907689429e-07, 2.3189173589344136e-05, 6.620384374400601e-05, 7.896401803009212e-05, 6.057733480702154e-05]]</COVARIANCE_MATRIX>
		<ROI_SIZE>220</ROI_SIZE>
		<MAX_VALUE>[0.13826382160186768, 0.12060073018074036, 0.09662940353155136, 0.09494718164205551, 0.05803585797548294, 0.046648673713207245]</MAX_VALUE>
		<MIN_VALUE>[0.12700602412223816, 0.10125543922185898, 0.07220515608787537, 0.050498317927122116, 0.013975190930068493, 0.00643764017149806]</MIN_VALUE>
		<SIGNATURE_THRESHOLD_MD>0.0</SIGNATURE_THRESHOLD_MD>
		<SIGNATURE_THRESHOLD_ML>0.0</SIGNATURE_THRESHOLD_ML>
		<SIGNATURE_THRESHOLD_SAM>0.0</SIGNATURE_THRESHOLD_SAM>
	</signature>
	<signature ID="20210507_132722299887_480">
		<MACROCLASSID>1</MACROCLASSID>
		<MACROCLASSINFO>waterbody</MACROCLASSINFO>
		<CLASSID>13</CLASSID>
		<CLASSINFO>C 1</CLASSINFO>
		<VALUES>[0.11398136422589975, 0.0013462000377746609, 0.0926826940274533, 0.0031746162078907137, 0.06336402479145266, 0.002600015288785075, 0.05377764714720807, 0.010183824783718801, 0.017533284657991224, 0.007303003094306572, 0.009044409919254206, 0.004370194365424919]</VALUES>
		<LCS_MIN>[0.10766073316335678, 0.07883689552545547, 0.053280413150787354, 0.04525761678814888, 0.009996138513088226, 0.0051112850196659565]</LCS_MIN>
		<LCS_MAX>[0.11565118283033371, 0.09659703075885773, 0.0697789192199707, 0.08640680462121964, 0.046713363379240036, 0.029664933681488037]</LCS_MAX>
		<WAVELENGTH>[0.48, 0.56, 0.655, 0.865, 1.61, 2.2]</WAVELENGTH>
		<MEAN_VALUE>[0.11398136422589975, 0.0926826940274533, 0.06336402479145266, 0.05377764714720807, 0.017533284657991224, 0.009044409919254206]</MEAN_VALUE>
		<CHECKBOX>2</CHECKBOX>
		<SD>[0.0013462000377746609, 0.0031746162078907137, 0.002600015288785075, 0.010183824783718801, 0.007303003094306572, 0.004370194365424919]</SD>
		<WAVELENGTH_UNIT>E-6m</WAVELENGTH_UNIT>
		<COLOR>#8e05d2</COLOR>
		<COVARIANCE_MATRIX>[[1.8349077208767994e-06, 4.131119112571469e-06, 3.1506872346653836e-06, -4.2962305997207295e-06, -8.865965810400667e-07, 1.7408771668669942e-07], [4.131119112571469e-06, 1.0204165846516844e-05, 7.608449777762871e-06, -1.1703296877385583e-05, -3.4958284231834114e-06, -5.159640750207473e-07], [3.1506872346653836e-06, 7.608449777762871e-06, 6.844580639153719e-06, -1.3592167533715838e-06, 3.749767529370729e-06, 3.6276514947530814e-06], [-4.2962305997207295e-06, -1.1703296877385583e-05, -1.3592167533715838e-06, 0.00010500666394364089, 6.699762161588296e-05, 3.717431900440715e-05], [-8.865965810400667e-07, -3.4958284231834114e-06, 3.749767529370729e-06, 6.699762161588296e-05, 5.400052759796381e-05, 3.1361490982817486e-05], [1.7408771668669942e-07, -5.159640750207473e-07, 3.6276514947530814e-06, 3.717431900440715e-05, 3.1361490982817486e-05, 1.9337330741109326e-05]]</COVARIANCE_MATRIX>
		<ROI_SIZE>81</ROI_SIZE>
		<MAX_VALUE>[0.11565118283033371, 0.09659703075885773, 0.0697789192199707, 0.08640680462121964, 0.046713363379240036, 0.029664933681488037]</MAX_VALUE>
		<MIN_VALUE>[0.10766073316335678, 0.07883689552545547, 0.053280413150787354, 0.04525761678814888, 0.009996138513088226, 0.0051112850196659565]</MIN_VALUE>
		<SIGNATURE_THRESHOLD_MD>0.0</SIGNATURE_THRESHOLD_MD>
		<SIGNATURE_THRESHOLD_ML>0.0</SIGNATURE_THRESHOLD_ML>
		<SIGNATURE_THRESHOLD_SAM>0.0</SIGNATURE_THRESHOLD_SAM>
	</signature>
	<signature ID="20210507_132741361505_516">
		<MACROCLASSID>1</MACROCLASSID>
		<MACROCLASSINFO>waterbody</MACROCLASSINFO>
		<CLASSID>14</CLASSID>
		<CLASSINFO>C 1</CLASSINFO>
		<VALUES>[0.11620883482000814, 0.0012376050433011068, 0.08822729832753937, 0.0022457813506365078, 0.06314579026881982, 0.002544978758900729, 0.05524623346707179, 0.008173744200091631, 0.01821115126133597, 0.006669578732298782, 0.009953518107375773, 0.004476477937355229]</VALUES>
		<LCS_MIN>[0.11112218350172043, 0.07828694581985474, 0.05441265553236008, 0.03907877579331398, 0.011354838497936726, 0.004431941080838442]</LCS_MIN>
		<LCS_MAX>[0.12079482525587082, 0.09724403917789459, 0.07763995975255966, 0.08863894641399384, 0.04768385738134384, 0.03089422732591629]</LCS_MAX>
		<WAVELENGTH>[0.48, 0.56, 0.655, 0.865, 1.61, 2.2]</WAVELENGTH>
		<MEAN_VALUE>[0.11620883482000814, 0.08822729832753937, 0.06314579026881982, 0.05524623346707179, 0.01821115126133597, 0.009953518107375773]</MEAN_VALUE>
		<CHECKBOX>2</CHECKBOX>
		<SD>[0.0012376050433011068, 0.0022457813506365078, 0.002544978758900729, 0.008173744200091631, 0.006669578732298782, 0.004476477937355229]</SD>
		<WAVELENGTH_UNIT>E-6m</WAVELENGTH_UNIT>
		<COLOR>#ec1a21</COLOR>
		<COVARIANCE_MATRIX>[[1.5398134110000683e-06, 2.6588297714624787e-06, 2.7500680062075844e-06, -2.267721129101119e-06, 1.011654717331112e-06, 1.4324793937703362e-06], [2.6588297714624787e-06, 5.070361112302635e-06, 5.229916041571414e-06, -4.029216597700724e-06, 1.5233645171974786e-06, 2.2954834548727376e-06], [2.7500680062075844e-06, 5.229916041571414e-06, 6.51136861051782e-06, 1.289069018639566e-06, 6.1335340433288366e-06, 4.824604729947168e-06], [-2.267721129101119e-06, -4.029216597700724e-06, 1.289069018639566e-06, 6.716547068208456e-05, 4.541314046946354e-05, 2.5443410777370445e-05], [1.011654717331112e-06, 1.5233645171974786e-06, 6.1335340433288366e-06, 4.541314046946354e-05, 4.471989450394176e-05, 2.8623544494621456e-05], [1.4324793937703362e-06, 2.2954834548727376e-06, 4.824604729947168e-06, 2.5443410777370445e-05, 2.8623544494621456e-05, 2.0145444068475626e-05]]</COVARIANCE_MATRIX>
		<ROI_SIZE>189</ROI_SIZE>
		<MAX_VALUE>[0.12079482525587082, 0.09724403917789459, 0.07763995975255966, 0.08863894641399384, 0.04768385738134384, 0.03089422732591629]</MAX_VALUE>
		<MIN_VALUE>[0.11112218350172043, 0.07828694581985474, 0.05441265553236008, 0.03907877579331398, 0.011354838497936726, 0.004431941080838442]</MIN_VALUE>
		<SIGNATURE_THRESHOLD_MD>0.0</SIGNATURE_THRESHOLD_MD>
		<SIGNATURE_THRESHOLD_ML>0.0</SIGNATURE_THRESHOLD_ML>
		<SIGNATURE_THRESHOLD_SAM>0.0</SIGNATURE_THRESHOLD_SAM>
	</signature>
	<signature ID="20210507_132745877199_165">
		<MACROCLASSID>1</MACROCLASSID>
		<MACROCLASSINFO>waterbody</MACROCLASSINFO>
		<CLASSID>15</CLASSID>
		<CLASSINFO>C 1</CLASSINFO>
		<VALUES>[0.11777483639225622, 0.0007589245984685324, 0.08743376859970263, 0.001246443627037894, 0.06248549846877824, 0.0015099001795113275, 0.059139073167366586, 0.009864999251096096, 0.019909516306408817, 0.0074510505004892575, 0.01024377660428266, 0.004153622811133168]</VALUES>
		<LCS_MIN>[0.11568353325128555, 0.08378644287586212, 0.05913575738668442, 0.04774857312440872, 0.011160740628838539, 0.005143642891198397]</LCS_MIN>
		<LCS_MAX>[0.12280052900314331, 0.09478545188903809, 0.07508431375026703, 0.09242390096187592, 0.05214816704392433, 0.037623025476932526]</LCS_MAX>
		<WAVELENGTH>[0.48, 0.56, 0.655, 0.865, 1.61, 2.2]</WAVELENGTH>
		<MEAN_VALUE>[0.11777483639225622, 0.08743376859970263, 0.06248549846877824, 0.059139073167366586, 0.019909516306408817, 0.01024377660428266]</MEAN_VALUE>
		<CHECKBOX>2</CHECKBOX>
		<SD>[0.0007589245984685324, 0.001246443627037894, 0.0015099001795113275, 0.009864999251096096, 0.0074510505004892575, 0.004153622811133168]</SD>
		<WAVELENGTH_UNIT>E-6m</WAVELENGTH_UNIT>
		<COLOR>#eba514</COLOR>
		<COVARIANCE_MATRIX>[[5.776556122327747e-07, 7.328480364776624e-07, 8.104314588308625e-07, 1.3607757409772603e-06, 1.4507115793094272e-06, 1.1939587238884997e-06], [7.328480364776624e-07, 1.5581778143314295e-06, 1.693746753517189e-06, 4.584078396874247e-06, 3.7743909615528537e-06, 2.768930016827653e-06], [8.104314588308625e-07, 1.693746753517189e-06, 2.28648423217237e-06, 6.909358035045443e-06, 5.371373845264316e-06, 3.845965693471953e-06], [1.3607757409772603e-06, 4.584078396874247e-06, 6.909358035045443e-06, 9.760360262589529e-05, 6.26077307970263e-05, 3.277487485320307e-05], [1.4507115793094272e-06, 3.7743909615528537e-06, 5.371373845264316e-06, 6.26077307970263e-05, 5.568096457864158e-05, 2.9438131605274975e-05], [1.1939587238884997e-06, 2.768930016827653e-06, 3.845965693471953e-06, 3.277487485320307e-05, 2.9438131605274975e-05, 1.7303176718996838e-05]]</COVARIANCE_MATRIX>
		<ROI_SIZE>342</ROI_SIZE>
		<MAX_VALUE>[0.12280052900314331, 0.09478545188903809, 0.07508431375026703, 0.09242390096187592, 0.05214816704392433, 0.037623025476932526]</MAX_VALUE>
		<MIN_VALUE>[0.11568353325128555, 0.08378644287586212, 0.05913575738668442, 0.04774857312440872, 0.011160740628838539, 0.005143642891198397]</MIN_VALUE>
		<SIGNATURE_THRESHOLD_MD>0.0</SIGNATURE_THRESHOLD_MD>
		<SIGNATURE_THRESHOLD_ML>0.0</SIGNATURE_THRESHOLD_ML>
		<SIGNATURE_THRESHOLD_SAM>0.0</SIGNATURE_THRESHOLD_SAM>
	</signature>
	<signature ID="20210507_132751354146_789">
		<MACROCLASSID>1</MACROCLASSID>
		<MACROCLASSINFO>waterbody</MACROCLASSINFO>
		<CLASSID>16</CLASSID>
		<CLASSINFO>C 1</CLASSINFO>
