<?xml version="1.0" ?>
<signaturelist MCID_LIST="[['1', 'waterbody', '#000000'], ['2', 'vegetation', '#000000'], ['3', 'bareland', '#000000'], ['4', 'built-up', '#000000']]">
	<signature ID="20211208_135345690775_197">
		<MACROCLASSID>1</MACROCLASSID>
		<MACROCLASSINFO>waterbody</MACROCLASSINFO>
		<CLASSID>1</CLASSID>
		<CLASSINFO>C 1</CLASSINFO>
		<VALUES>[0.06721883564449778, 0.00134380866291788, 0.046728977388256564, 0.0022092543289633838, 0.0295082572365038, 0.0017472330420146378, 0.018859728354124628, 0.001683060951625702, 0.0042292017072036395, 0.0018151286952571444, 0.0028364917293356873, 0.0023117248452712872]</VALUES>
		<LCS_MIN>[0.06118687987327576, 0.03871205449104309, 0.02376074530184269, 0.012350937351584435, 0.0, 0.0]</LCS_MIN>
		<LCS_MAX>[0.0732031911611557, 0.05504341050982475, 0.03582306206226349, 0.023660294711589813, 0.009527844376862049, 0.012937244959175587]</LCS_MAX>
		<WAVELENGTH>[0.485, 0.56, 0.66, 0.83, 1.65, 2.215]</WAVELENGTH>
		<MEAN_VALUE>[0.06721883564449778, 0.046728977388256564, 0.0295082572365038, 0.018859728354124628, 0.0042292017072036395, 0.0028364917293356873]</MEAN_VALUE>
		<CHECKBOX>2</CHECKBOX>
		<SD>[0.00134380866291788, 0.0022092543289633838, 0.0017472330420146378, 0.001683060951625702, 0.0018151286952571444, 0.0023117248452712872]</SD>
		<WAVELENGTH_UNIT>E-6m</WAVELENGTH_UNIT>
		<COLOR>#f2aa9b</COLOR>
		<COVARIANCE_MATRIX>[[1.8019577510131057e-06, 7.262545409503218e-08, 2.8229878878960335e-08, 1.3060121872854324e-08, 6.34853094538812e-08, -6.922045603374727e-09], [7.262545409503218e-08, 4.713772341347067e-06, -1.745079885040468e-07, -2.897386366385035e-07, -1.736182326794733e-07, -2.1056237642369524e-08], [2.8229878878960335e-08, -1.745079885040468e-07, 3.029089384654071e-06, -4.38165521643441e-08, -6.209892688957552e-08, -1.373745845967278e-07], [1.3060121872854324e-08, -2.897386366385035e-07, -4.38165521643441e-08, 2.893165856221458e-06, -9.246502230553233e-08, 1.6988984663512952e-09], [6.34853094538812e-08, -1.736182326794733e-07, -6.209892688957552e-08, -9.246502230553233e-08, 3.3689082101773238e-06, 6.179026712516134e-08], [-6.922045603374727e-09, -2.1056237642369524e-08, -1.373745845967278e-07, 1.6988984663512952e-09, 6.179026712516134e-08, 5.483012500917539e-06]]</COVARIANCE_MATRIX>
		<ROI_SIZE>10201</ROI_SIZE>
		<MAX_VALUE>[0.0732031911611557, 0.05504341050982475, 0.03582306206226349, 0.023660294711589813, 0.009527844376862049, 0.012937244959175587]</MAX_VALUE>
		<MIN_VALUE>[0.06118687987327576, 0.03871205449104309, 0.02376074530184269, 0.012350937351584435, 0.0, 0.0]</MIN_VALUE>
		<SIGNATURE_THRESHOLD_MD>0.0</SIGNATURE_THRESHOLD_MD>
		<SIGNATURE_THRESHOLD_ML>0.0</SIGNATURE_THRESHOLD_ML>
		<SIGNATURE_THRESHOLD_SAM>0.0</SIGNATURE_THRESHOLD_SAM>
	</signature>
	<signature ID="20211208_135353163304_249">
		<MACROCLASSID>1</MACROCLASSID>
		<MACROCLASSINFO>waterbody</MACROCLASSINFO>
		<CLASSID>2</CLASSID>
		<CLASSINFO>C 1</CLASSINFO>
		<VALUES>[0.07516724670440024, 0.0018287191440612932, 0.07050150475482286, 0.0026856716492752813, 0.05956218736385224, 0.0035898593428323037, 0.028362135998155267, 0.005116618283035794, 0.006938833260901483, 0.004222474557579646, 0.004172833976961331, 0.003095198836246509]</VALUES>
		<LCS_MIN>[0.06719504296779633, 0.06157595291733742, 0.04788537323474884, 0.012350937351584435, 0.0, 0.0]</LCS_MIN>
		<LCS_MAX>[0.08221542835235596, 0.08117358386516571, 0.07201001048088074, 0.06135817617177963, 0.043507032096385956, 0.01990826427936554]</LCS_MAX>
		<WAVELENGTH>[0.485, 0.56, 0.66, 0.83, 1.65, 2.215]</WAVELENGTH>
		<MEAN_VALUE>[0.07516724670440024, 0.07050150475482286, 0.05956218736385224, 0.028362135998155267, 0.006938833260901483, 0.004172833976961331]</MEAN_VALUE>
		<CHECKBOX>2</CHECKBOX>
		<SD>[0.0018287191440612932, 0.0026856716492752813, 0.0035898593428323037, 0.005116618283035794, 0.004222474557579646, 0.003095198836246509]</SD>
		<WAVELENGTH_UNIT>E-6m</WAVELENGTH_UNIT>
		<COLOR>#17f422</COLOR>
		<COVARIANCE_MATRIX>[[3.4812298963515786e-06, 2.2902702312421752e-06, 3.1491970275965286e-06, 1.1996939974778797e-06, 9.340304245597508e-07, 4.706581933078269e-07], [2.2902702312421752e-06, 1.0904117516474798e-05, 1.123885976994643e-05, 4.361839728517225e-06, 3.061285042349482e-06, 1.7140417867267388e-06], [3.1491970275965286e-06, 1.123885976994643e-05, 2.054029391729273e-05, 6.074606062611565e-06, 4.5386204874375835e-06, 2.6080358566105133e-06], [1.1996939974778797e-06, 4.361839728517225e-06, 6.074606062611565e-06, 2.6102125048055314e-05, 1.5258461644407362e-05, 7.307880878215656e-06], [9.340304245597508e-07, 3.061285042349482e-06, 4.5386204874375835e-06, 1.5258461644407362e-05, 1.7272710465476848e-05, 6.884233698656317e-06], [4.706581933078269e-07, 1.7140417867267388e-06, 2.6080358566105133e-06, 7.307880878215656e-06, 6.884233698656317e-06, 9.609714652469847e-06]]</COVARIANCE_MATRIX>
		<ROI_SIZE>2679</ROI_SIZE>
		<MAX_VALUE>[0.08221542835235596, 0.08117358386516571, 0.07201001048088074, 0.06135817617177963, 0.043507032096385956, 0.01990826427936554]</MAX_VALUE>
		<MIN_VALUE>[0.06719504296779633, 0.06157595291733742, 0.04788537323474884, 0.012350937351584435, 0.0, 0.0]</MIN_VALUE>
		<SIGNATURE_THRESHOLD_MD>0.0</SIGNATURE_THRESHOLD_MD>
		<SIGNATURE_THRESHOLD_ML>0.0</SIGNATURE_THRESHOLD_ML>
		<SIGNATURE_THRESHOLD_SAM>0.0</SIGNATURE_THRESHOLD_SAM>
	</signature>
	<signature ID="20211208_135359343157_259">
		<MACROCLASSID>1</MACROCLASSID>
		<MACROCLASSINFO>waterbody</MACROCLASSINFO>
		<CLASSID>3</CLASSID>
		<CLASSINFO>C 1</CLASSINFO>
		<VALUES>[0.07680397060567927, 0.0022546319417741123, 0.07412649175688006, 0.0045020538862721735, 0.06900820068028424, 0.005741926742968966, 0.03731071476539655, 0.010302102232495452, 0.011301056771075612, 0.006722503747108639, 0.006226029540475923, 0.003960342142241188]</VALUES>
		<LCS_MIN>[0.07019911706447601, 0.06484223157167435, 0.05693211406469345, 0.023660294711589813, 0.002246591029688716, 0.0]</LCS_MIN>
		<LCS_MAX>[0.08221542835235596, 0.08443985879421234, 0.08105675131082535, 0.06889773905277252, 0.041079938411712646, 0.026879288256168365]</LCS_MAX>
		<WAVELENGTH>[0.485, 0.56, 0.66, 0.83, 1.65, 2.215]</WAVELENGTH>
		<MEAN_VALUE>[0.07680397060567927, 0.07412649175688006, 0.06900820068028424, 0.03731071476539655, 0.011301056771075612, 0.006226029540475923]</MEAN_VALUE>
		<CHECKBOX>2</CHECKBOX>
		<SD>[0.0022546319417741123, 0.0045020538862721735, 0.005741926742968966, 0.010302102232495452, 0.006722503747108639, 0.003960342142241188]</SD>
		<WAVELENGTH_UNIT>E-6m</WAVELENGTH_UNIT>
		<COLOR>#f186e4</COLOR>
		<COVARIANCE_MATRIX>[[5.09499750478426e-06, 5.954763310000999e-06, 7.72407747717807e-06, 6.840780770289712e-06, 3.2858317808859283e-06, 1.3184057934267912e-06], [5.954763310000999e-06, 2.0314870198490098e-05, 2.1374407879193313e-05, 1.4872965948597994e-05, 7.916830327303614e-06, 3.724678890648647e-06], [7.72407747717807e-06, 2.1374407879193313e-05, 3.304516940261237e-05, 1.292263732466381e-05, 7.11036136635812e-06, 3.0881074053468183e-06], [6.840780770289712e-06, 1.4872965948597994e-05, 1.292263732466381e-05, 0.00010637618106557056, 5.4840576922288164e-05, 2.5539098714943975e-05], [3.2858317808859283e-06, 7.916830327303614e-06, 7.11036136635812e-06, 5.4840576922288164e-05, 4.529547004494816e-05, 1.833127134887036e-05], [1.3184057934267912e-06, 3.724678890648647e-06, 3.0881074053468183e-06, 2.5539098714943975e-05, 1.833127134887036e-05, 1.5720201190561056e-05]]</COVARIANCE_MATRIX>
		<ROI_SIZE>438</ROI_SIZE>
		<MAX_VALUE>[0.08221542835235596, 0.08443985879421234, 0.08105675131082535, 0.06889773905277252, 0.041079938411712646, 0.026879288256168365]</MAX_VALUE>
		<MIN_VALUE>[0.07019911706447601, 0.06484223157167435, 0.05693211406469345, 0.023660294711589813, 0.002246591029688716, 0.0]</MIN_VALUE>
		<SIGNATURE_THRESHOLD_MD>0.0</SIGNATURE_THRESHOLD_MD>
		<SIGNATURE_THRESHOLD_ML>0.0</SIGNATURE_THRESHOLD_ML>
		<SIGNATURE_THRESHOLD_SAM>0.0</SIGNATURE_THRESHOLD_SAM>
	</signature>
	<signature ID="20211208_135423152537_175">
		<MACROCLASSID>1</MACROCLASSID>
		<MACROCLASSINFO>waterbody</MACROCLASSINFO>
		<CLASSID>4</CLASSID>
		<CLASSINFO>C 1</CLASSINFO>
		<VALUES>[0.10688916952689974, 0.004388764129956155, 0.0969273695131627, 0.0062468292954446615, 0.0835942481985179, 0.007702219055620156, 0.06292125478205161, 0.01542516180124645, 0.04710325645282865, 0.017406206216760922, 0.03984368962758197, 0.014379112480191967]</VALUES>
		<LCS_MIN>[0.09573378413915634, 0.08117358386516571, 0.0689944252371788, 0.03873944282531738, 0.016809098422527313, 0.016422754153609276]</LCS_MIN>
		<LCS_MAX>[0.11976639926433563, 0.11710256338119507, 0.10518138110637665, 0.09528626501560211, 0.08476746827363968, 0.07567644864320755]</LCS_MAX>
		<WAVELENGTH>[0.485, 0.56, 0.66, 0.83, 1.65, 2.215]</WAVELENGTH>
		<MEAN_VALUE>[0.10688916952689974, 0.0969273695131627, 0.0835942481985179, 0.06292125478205161, 0.04710325645282865, 0.03984368962758197]</MEAN_VALUE>
		<CHECKBOX>2</CHECKBOX>
		<SD>[0.004388764129956155, 0.0062468292954446615, 0.007702219055620156, 0.01542516180124645, 0.017406206216760922, 0.014379112480191967]</SD>
		<WAVELENGTH_UNIT>E-6m</WAVELENGTH_UNIT>
		<COLOR>#2b8038</COLOR>
		<COVARIANCE_MATRIX>[[1.937941851792857e-05, 2.3668855646974407e-05, 2.8902693884447217e-05, 2.4628705432405695e-05, 2.856700484699104e-05, 2.7931648219237104e-05], [2.3668855646974407e-05, 3.926227873307653e-05, 4.020866981591098e-05, 1.684743256191723e-05, 1.989026350202039e-05, 2.576319093350321e-05], [2.8902693884447217e-05, 4.020866981591098e-05, 5.9688129113055766e-05, 6.526401557493955e-05, 7.393262058030814e-05, 6.80758457747288e-05], [2.4628705432405695e-05, 1.684743256191723e-05, 6.526401557493955e-05, 0.00023939534730743617, 0.00024901729193516076, 0.0001920219074236229], [2.856700484699104e-05, 1.989026350202039e-05, 7.393262058030814e-05, 0.00024901729193516076, 0.00030483477166853845, 0.0002353728050366044], [2.7931648219237104e-05, 2.576319093350321e-05, 6.80758457747288e-05, 0.0001920219074236229, 0.0002353728050366044, 0.00020802734070457518]]</COVARIANCE_MATRIX>
		<ROI_SIZE>164</ROI_SIZE>
		<MAX_VALUE>[0.11976639926433563, 0.11710256338119507, 0.10518138110637665, 0.09528626501560211, 0.08476746827363968, 0.07567644864320755]</MAX_VALUE>
		<MIN_VALUE>[0.09573378413915634, 0.08117358386516571, 0.0689944252371788, 0.03873944282531738, 0.016809098422527313, 0.016422754153609276]</MIN_VALUE>
		<SIGNATURE_THRESHOLD_MD>0.0</SIGNATURE_THRESHOLD_MD>
		<SIGNATURE_THRESHOLD_ML>0.0</SIGNATURE_THRESHOLD_ML>
		<SIGNATURE_THRESHOLD_SAM>0.0</SIGNATURE_THRESHOLD_SAM>
	</signature>
	<signature ID="20211208_135452912281_705">
		<MACROCLASSID>1</MACROCLASSID>
		<MACROCLASSINFO>waterbody</MACROCLASSINFO>
		<CLASSID>5</CLASSID>
		<CLASSINFO>C 1</CLASSINFO>
		<VALUES>[0.10700936186803525, 0.0033735650751234424, 0.09779577380786202, 0.004289832547775376, 0.08613779298859096, 0.0070831889703505116, 0.06536034384920984, 0.01663360687658276, 0.05311562243389758, 0.019750189121135884, 0.04750587530944447, 0.018081391222150807]</VALUES>
		<LCS_MIN>[0.09873785823583603, 0.08770612627267838, 0.07502559572458267, 0.03873944282531738, 0.02166326716542244, 0.016422754153609276]</LCS_MIN>
		<LCS_MAX>[0.11676234006881714, 0.110570028424263, 0.10518138110637665, 0.09905604273080826, 0.09690287709236145, 0.08961848169565201]</LCS_MAX>
		<WAVELENGTH>[0.485, 0.56, 0.66, 0.83, 1.65, 2.215]</WAVELENGTH>
		<MEAN_VALUE>[0.10700936186803525, 0.09779577380786202, 0.08613779298859096, 0.06536034384920984, 0.05311562243389758, 0.04750587530944447]</MEAN_VALUE>
		<CHECKBOX>2</CHECKBOX>
		<SD>[0.0033735650751234424, 0.004289832547775376, 0.0070831889703505116, 0.01663360687658276, 0.019750189121135884, 0.018081391222150807]</SD>
		<WAVELENGTH_UNIT>E-6m</WAVELENGTH_UNIT>
		<COLOR>#aeb651</COLOR>
		<COVARIANCE_MATRIX>[[1.14594304250204e-05, 1.0570406629994977e-05, 1.8471526345820166e-05, 3.902888056472875e-05, 4.585986607708037e-05, 4.091110167792067e-05], [1.0570406629994977e-05, 1.852957757364493e-05, 2.5683655621833168e-05, 5.05432253703475e-05, 5.552182483370416e-05, 5.056881491327658e-05], [1.8471526345820166e-05, 2.5683655621833168e-05, 5.05175776197575e-05, 0.00010002628550864756, 0.00011241626634728163, 9.954260167432949e-05], [3.902888056472875e-05, 5.05432253703475e-05, 0.00010002628550864756, 0.00027858500834554434, 0.0003089640522375703, 0.00026884055114351213], [4.585986607708037e-05, 5.552182483370416e-05, 0.00011241626634728163, 0.0003089640522375703, 0.000392760121030733, 0.0003320554969832301], [4.091110167792067e-05, 5.056881491327658e-05, 9.954260167432949e-05, 0.00026884055114351213, 0.0003320554969832301, 0.00032919144723564386]]</COVARIANCE_MATRIX>
		<ROI_SIZE>146</ROI_SIZE>
		<MAX_VALUE>[0.11676234006881714, 0.110570028424263, 0.10518138110637665, 0.09905604273080826, 0.09690287709236145, 0.08961848169565201]</MAX_VALUE>
		<MIN_VALUE>[0.09873785823583603, 0.08770612627267838, 0.07502559572458267, 0.03873944282531738, 0.02166326716542244, 0.016422754153609276]</MIN_VALUE>
		<SIGNATURE_THRESHOLD_MD>0.0</SIGNATURE_THRESHOLD_MD>
		<SIGNATURE_THRESHOLD_ML>0.0</SIGNATURE_THRESHOLD_ML>
		<SIGNATURE_THRESHOLD_SAM>0.0</SIGNATURE_THRESHOLD_SAM>
	</signature>
	<signature ID="20211208_135501472162_845">
		<MACROCLASSID>1</MACROCLASSID>
		<MACROCLASSINFO>waterbody</MACROCLASSINFO>
		<CLASSID>6</CLASSID>
		<CLASSINFO>C 1</CLASSINFO>
		<VALUES>[0.10635601505637167, 0.002501226971312496, 0.09650464623700833, 0.003679033421754346, 0.08355402629822496, 0.004778607159970507, 0.057458799413871026, 0.011120515185311243, 0.03513358511263507, 0.012676434526339913, 0.028425983284250833, 0.011218439138170498]</VALUES>
		<LCS_MIN>[0.10023988783359528, 0.08443985879421234, 0.07201001048088074, 0.04250923544168472, 0.01438201405107975, 0.012937244959175587]</LCS_MIN>
		<LCS_MAX>[0.11676234006881714, 0.10730375349521637, 0.09915021061897278, 0.08774667978286743, 0.06777787208557129, 0.058248888701200485]</LCS_MAX>
		<WAVELENGTH>[0.485, 0.56, 0.66, 0.83, 1.65, 2.215]</WAVELENGTH>
		<MEAN_VALUE>[0.10635601505637167, 0.09650464623700833, 0.08355402629822496, 0.057458799413871026, 0.03513358511263507, 0.028425983284250833]</MEAN_VALUE>
		<CHECKBOX>2</CHECKBOX>
		<SD>[0.002501226971312496, 0.003679033421754346, 0.004778607159970507, 0.011120515185311243, 0.012676434526339913, 0.011218439138170498]</SD>
		<WAVELENGTH_UNIT>E-6m</WAVELENGTH_UNIT>
		<COLOR>#53ec87</COLOR>
		<COVARIANCE_MATRIX>[[6.275748091866262e-06, 5.537303877645172e-06, 8.334214726346545e-06, 1.4320836271508597e-05, 1.5351992260548286e-05, 1.394667287968332e-05], [5.537303877645172e-06, 1.3577717254520394e-05, 1.2911329577036668e-05, 1.3302488696353976e-05, 1.5007609363237862e-05, 1.2936628081661183e-05], [8.334214726346545e-06, 1.2911329577036668e-05, 2.2906669983058237e-05, 3.321724580018781e-05, 3.685344199766405e-05, 3.1941282941261306e-05], [1.4320836271508597e-05, 1.3302488696353976e-05, 3.321724580018781e-05, 0.00012405352026689798, 0.0001159344901680015, 9.72448760876432e-05], [1.5351992260548286e-05, 1.5007609363237862e-05, 3.685344199766405e-05, 0.0001159344901680015, 0.00016119572683237493, 0.00013224867871031165], [1.394667287968332e-05, 1.2936628081661183e-05, 3.1941282941261306e-05, 9.72448760876432e-05, 0.00013224867871031165, 0.00012624790542759]]</COVARIANCE_MATRIX>
		<ROI_SIZE>320</ROI_SIZE>
		<MAX_VALUE>[0.11676234006881714, 0.10730375349521637, 0.09915021061897278, 0.08774667978286743, 0.06777787208557129, 0.058248888701200485]</MAX_VALUE>
		<MIN_VALUE>[0.10023988783359528, 0.08443985879421234, 0.07201001048088074, 0.04250923544168472, 0.01438201405107975, 0.012937244959175587]</MIN_VALUE>
		<SIGNATURE_THRESHOLD_MD>0.0</SIGNATURE_THRESHOLD_MD>
		<SIGNATURE_THRESHOLD_ML>0.0</SIGNATURE_THRESHOLD_ML>
		<SIGNATURE_THRESHOLD_SAM>0.0</SIGNATURE_THRESHOLD_SAM>
	</signature>
	<signature ID="20211208_135621281329_929">
		<MACROCLASSID>1</MACROCLASSID>
		<MACROCLASSINFO>waterbody</MACROCLASSINFO>
		<CLASSID>7</CLASSID>
		<CLASSINFO>C 1</CLASSINFO>
		<VALUES>[0.1011274657096745, 0.003430752138689287, 0.09445462132657859, 0.0039889957740450776, 0.0933558228156291, 0.005349339178122591, 0.07852472089354165, 0.01108330912441698, 0.04972517759008105, 0.011928632957370741, 0.03704776326271374, 0.009894976396874627]</VALUES>
		<LCS_MIN>[0.09272969514131546, 0.08443985879421234, 0.07502559572458267, 0.05381860211491585, 0.02894452027976513, 0.023393776267766953]</LCS_MIN>
		<LCS_MAX>[0.11225621402263641, 0.10730375349521637, 0.10819695144891739, 0.102825827896595, 0.08234039694070816, 0.06521991640329361]</LCS_MAX>
		<WAVELENGTH>[0.485, 0.56, 0.66, 0.83, 1.65, 2.215]</WAVELENGTH>
		<MEAN_VALUE>[0.1011274657096745, 0.09445462132657859, 0.0933558228156291, 0.07852472089354165, 0.04972517759008105, 0.03704776326271374]</MEAN_VALUE>
		<CHECKBOX>2</CHECKBOX>
		<SD>[0.003430752138689287, 0.0039889957740450776, 0.005349339178122591, 0.01108330912441698, 0.011928632957370741, 0.009894976396874627]</SD>
		<WAVELENGTH_UNIT>E-6m</WAVELENGTH_UNIT>
		<COLOR>#c59b24</COLOR>
		<COVARIANCE_MATRIX>[[1.1818899110949133e-05, 9.84360394795658e-06, 1.3960170690552332e-05, 1.0780083357531112e-05, 1.6316409528371878e-05, 1.7505237337900326e-05], [9.84360394795658e-06, 1.5978112060111016e-05, 1.646018608880695e-05, 7.926431862870231e-06, 1.6381629393436015e-05, 1.7966101950150914e-05], [1.3960170690552332e-05, 1.646018608880695e-05, 2.8734166335198097e-05, 9.551047696731985e-06, 2.1177364033064805e-05, 2.5800389266805723e-05], [1.0780083357531112e-05, 7.926431862870231e-06, 9.551047696731985e-06, 0.0001233494549524039, 0.0001024182784021832, 7.077272312017158e-05], [1.6316409528371878e-05, 1.6381629393436015e-05, 2.1177364033064805e-05, 0.0001024182784021832, 0.00014288270904216915, 9.85051883617416e-05], [1.7505237337900326e-05, 1.7966101950150914e-05, 2.5800389266805723e-05, 7.077272312017158e-05, 9.85051883617416e-05, 9.831682837102562e-05]]</COVARIANCE_MATRIX>
		<ROI_SIZE>242</ROI_SIZE>
		<MAX_VALUE>[0.11225621402263641, 0.10730375349521637, 0.10819695144891739, 0.102825827896595, 0.08234039694070816, 0.06521991640329361]</MAX_VALUE>
		<MIN_VALUE>[0.09272969514131546, 0.08443985879421234, 0.07502559572458267, 0.05381860211491585, 0.02894452027976513, 0.023393776267766953]</MIN_VALUE>
		<SIGNATURE_THRESHOLD_MD>0.0</SIGNATURE_THRESHOLD_MD>
		<SIGNATURE_THRESHOLD_ML>0.0</SIGNATURE_THRESHOLD_ML>
		<SIGNATURE_THRESHOLD_SAM>0.0</SIGNATURE_THRESHOLD_SAM>
	</signature>
	<signature ID="20211208_135629898141_996">
		<MACROCLASSID>1</MACROCLASSID>
		<MACROCLASSINFO>waterbody</MACROCLASSINFO>
		<CLASSID>8</CLASSID>
		<CLASSINFO>C 1</CLASSINFO>
		<VALUES>[0.09225590257036606, 0.0031997622096172156, 0.08376029608833711, 0.004352244698264411, 0.07929597464983898, 0.005458547284388501, 0.06707610492438276, 0.014827868953325888, 0.03961391823253776, 0.013319890323851447, 0.029124986361587214, 0.010523176370262968]</VALUES>
		<LCS_MIN>[0.08521950244903564, 0.07137477397918701, 0.06597884744405746, 0.04250923544168472, 0.019236182793974876, 0.009451732039451599]</LCS_MIN>
		<LCS_MAX>[0.104746013879776, 0.10403747856616974, 0.09915021061897278, 0.09905604273080826, 0.070204958319664, 0.0617344044148922]</LCS_MAX>
		<WAVELENGTH>[0.485, 0.56, 0.66, 0.83, 1.65, 2.215]</WAVELENGTH>
		<MEAN_VALUE>[0.09225590257036606, 0.08376029608833711, 0.07929597464983898, 0.06707610492438276, 0.03961391823253776, 0.029124986361587214]</MEAN_VALUE>
		<CHECKBOX>2</CHECKBOX>
		<SD>[0.0031997622096172156, 0.004352244698264411, 0.005458547284388501, 0.014827868953325888, 0.013319890323851447, 0.010523176370262968]</SD>
		<WAVELENGTH_UNIT>E-6m</WAVELENGTH_UNIT>
		<COLOR>#94959e</COLOR>
		<COVARIANCE_MATRIX>[[1.0307657248631585e-05, 1.0946551810775418e-05, 1.3513794328900985e-05, 1.409044398315018e-05, 1.664183037064504e-05, 1.472562325943727e-05], [1.0946551810775418e-05, 1.9070021153311245e-05, 2.0557876268867403e-05, 1.0900470442720689e-05, 1.8440852727508172e-05, 1.89210259122774e-05], [1.3513794328900985e-05, 2.0557876268867403e-05, 2.999706157424953e-05, 2.0735993530252017e-05, 3.033702159882523e-05, 3.0257975595304742e-05], [1.409044398315018e-05, 1.0900470442720689e-05, 2.0735993530252017e-05, 0.00022135127801448107, 0.00016626971773803234, 0.00011038973752874881], [1.664183037064504e-05, 1.8440852727508172e-05, 3.033702159882523e-05, 0.00016626971773803234, 0.00017861825472209603, 0.00012540753232315183], [1.472562325943727e-05, 1.89210259122774e-05, 3.0257975595304742e-05, 0.00011038973752874881, 0.00012540753232315183, 0.00011148546764161438]]</COVARIANCE_MATRIX>
		<ROI_SIZE>149</ROI_SIZE>
		<MAX_VALUE>[0.104746013879776, 0.10403747856616974, 0.09915021061897278, 0.09905604273080826, 0.070204958319664, 0.0617344044148922]</MAX_VALUE>
		<MIN_VALUE>[0.08521950244903564, 0.07137477397918701, 0.06597884744405746, 0.04250923544168472, 0.019236182793974876, 0.009451732039451599]</MIN_VALUE>
		<SIGNATURE_THRESHOLD_MD>0.0</SIGNATURE_THRESHOLD_MD>
		<SIGNATURE_THRESHOLD_ML>0.0</SIGNATURE_THRESHOLD_ML>
		<SIGNATURE_THRESHOLD_SAM>0.0</SIGNATURE_THRESHOLD_SAM>
	</signature>
	<signature ID="20211208_135640975458_432">
		<MACROCLASSID>1</MACROCLASSID>
		<MACROCLASSINFO>waterbody</MACROCLASSINFO>
		<CLASSID>9</CLASSID>
		<CLASSINFO>C 1</CLASSINFO>
		<VALUES>[0.09401972921627558, 0.0028761925150726825, 0.08744826335370826, 0.0037751540161217825, 0.08444747343017726, 0.00505707758347894, 0.06602080408751108, 0.012562043612171296, 0.033258691806631394, 0.012195838103260949, 0.023210328798651977, 0.009735162981485404]</VALUES>
		<LCS_MIN>[0.08521950244903564, 0.07464103400707245, 0.06597884744405746, 0.046279024332761765, 0.011954928748309612, 0.005966220051050186]</LCS_MIN>
		<LCS_MAX>[0.10624806582927704, 0.1007712185382843, 0.10518138110637665, 0.09905604273080826, 0.06535079330205917, 0.05127786472439766]</LCS_MAX>
		<WAVELENGTH>[0.485, 0.56, 0.66, 0.83, 1.65, 2.215]</WAVELENGTH>
		<MEAN_VALUE>[0.09401972921627558, 0.08744826335370826, 0.08444747343017726, 0.06602080408751108, 0.033258691806631394, 0.023210328798651977]</MEAN_VALUE>
		<CHECKBOX>2</CHECKBOX>
		<SD>[0.0028761925150726825, 0.0037751540161217825, 0.00505707758347894, 0.012562043612171296, 0.012195838103260949, 0.009735162981485404]</SD>
		<WAVELENGTH_UNIT>E-6m</WAVELENGTH_UNIT>
		<COLOR>#7e3800</COLOR>
		<COVARIANCE_MATRIX>[[8.29232158139348e-06, 7.780790838296525e-06, 1.008377057587495e-05, 1.1691013241943438e-05, 1.4406356967811007e-05, 1.2176894415460993e-05], [7.780790838296525e-06, 1.428596442565322e-05, 1.5025046195660252e-05, 1.2602978131326381e-05, 1.34911788336467e-05, 1.161021373263793e-05], [1.008377057587495e-05, 1.5025046195660252e-05, 2.5635361453169025e-05, 1.4848960745439399e-05, 2.068590583803598e-05, 1.6730038623791188e-05], [1.1691013241943438e-05, 1.2602978131326381e-05, 1.4848960745439399e-05, 0.00015818336396478117, 0.00012780961696989834, 9.163746290141717e-05], [1.4406356967811007e-05, 1.34911788336467e-05, 2.068590583803598e-05, 0.00012780961696989834, 0.00014909515448380262, 0.0001054330641636625], [1.2176894415460993e-05, 1.161021373263793e-05, 1.6730038623791188e-05, 9.163746290141717e-05, 0.0001054330641636625, 9.500067244516686e-05]]</COVARIANCE_MATRIX>
		<ROI_SIZE>418</ROI_SIZE>
		<MAX_VALUE>[0.10624806582927704, 0.1007712185382843, 0.10518138110637665, 0.09905604273080826, 0.06535079330205917, 0.05127786472439766]</MAX_VALUE>
		<MIN_VALUE>[0.08521950244903564, 0.07464103400707245, 0.06597884744405746, 0.046279024332761765, 0.011954928748309612, 0.005966220051050186]</MIN_VALUE>
		<SIGNATURE_THRESHOLD_MD>0.0</SIGNATURE_THRESHOLD_MD>
		<SIGNATURE_THRESHOLD_ML>0.0</SIGNATURE_THRESHOLD_ML>
		<SIGNATURE_THRESHOLD_SAM>0.0</SIGNATURE_THRESHOLD_SAM>
	</signature>
	<signature ID="20211208_135646960514_416">
		<MACROCLASSID>1</MACROCLASSID>
		<MACROCLASSINFO>waterbody</MACROCLASSINFO>
		<CLASSID>10</CLASSID>
		<CLASSINFO>C 1</CLASSINFO>
		<VALUES>[0.09369442533186778, 0.004308983481588778, 0.08656425871015566, 0.006591805881468146, 0.08277293370385477, 0.00803462799212919, 0.06733466444037313, 0.011546214155989033, 0.03463731563793934, 0.00957125348104777, 0.02420139495979964, 0.007620164120921913]</VALUES>
		<LCS_MIN>[0.0732031911611557, 0.05504341050982475, 0.04788537323474884, 0.04250923544168472, 0.019236182793974876, 0.012937244959175587]</LCS_MIN>
		<LCS_MAX>[0.10174194723367691, 0.1007712185382843, 0.09915021061897278, 0.09905604273080826, 0.06292370706796646, 0.05127786472439766]</LCS_MAX>
		<WAVELENGTH>[0.485, 0.56, 0.66, 0.83, 1.65, 2.215]</WAVELENGTH>
		<MEAN_VALUE>[0.09369442533186778, 0.08656425871015566, 0.08277293370385477, 0.06733466444037313, 0.03463731563793934, 0.02420139495979964]</MEAN_VALUE>
		<CHECKBOX>2</CHECKBOX>
		<SD>[0.004308983481588778, 0.006591805881468146, 0.00803462799212919, 0.011546214155989033, 0.00957125348104777, 0.007620164120921913]</SD>
		<WAVELENGTH_UNIT>E-6m</WAVELENGTH_UNIT>
		<COLOR>#4fd9f3</COLOR>
		<COVARIANCE_MATRIX>[[1.864312434918247e-05, 2.5155823095701635e-05, 2.9785396691295318e-05, 4.634177457774058e-06, -7.230680694192415e-07, 1.6323713225574465e-06], [2.5155823095701635e-05, 4.362926119938493e-05, 4.900498970528133e-05, 5.847062311659101e-06, -2.921354735008208e-06, -1.4280284688084066e-07], [2.9785396691295318e-05, 4.900498970528133e-05, 6.481873424490914e-05, 4.3174950405955315e-06, -1.6841096339703654e-06, 2.8126478355261497e-06], [4.634177457774058e-06, 5.847062311659101e-06, 4.3174950405955315e-06, 0.00013385919737629592, 8.414799958700314e-05, 5.8009296481031924e-05], [-7.230680694192415e-07, -2.921354735008208e-06, -1.6841096339703654e-06, 8.414799958700314e-05, 9.198280895361677e-05, 5.99530540057458e-05], [1.6323713225574465e-06, -1.4280284688084066e-07, 2.8126478355261497e-06, 5.8009296481031924e-05, 5.99530540057458e-05, 5.8303907280787826e-05]]</COVARIANCE_MATRIX>
		<ROI_SIZE>246</ROI_SIZE>
		<MAX_VALUE>[0.10174194723367691, 0.1007712185382843, 0.09915021061897278, 0.09905604273080826, 0.06292370706796646, 0.05127786472439766]</MAX_VALUE>
		<MIN_VALUE>[0.0732031911611557, 0.05504341050982475, 0.04788537323474884, 0.04250923544168472, 0.019236182793974876, 0.012937244959175587]</MIN_VALUE>
		<SIGNATURE_THRESHOLD_MD>0.0</SIGNATURE_THRESHOLD_MD>
		<SIGNATURE_THRESHOLD_ML>0.0</SIGNATURE_THRESHOLD_ML>
		<SIGNATURE_THRESHOLD_SAM>0.0</SIGNATURE_THRESHOLD_SAM>
	</signature>
	<signature ID="20211208_135655063687_996">
		<MACROCLASSID>1</MACROCLASSID>
		<MACROCLASSINFO>waterbody</MACROCLASSINFO>
		<CLASSID>11</CLASSID>
		<CLASSINFO>C 1</CLASSINFO>
		<VALUES>[0.0900321606369246, 0.006877495207898153, 0.08164019380905194, 0.012304124941744467, 0.07568204443470962, 0.01446228353895444, 0.05987077393904837, 0.011120210090288832, 0.03198250333721542, 0.010347108647292215, 0.021188657350686136, 0.008142151630833719]</VALUES>
		<LCS_MIN>[0.07170114666223526, 0.05177713930606842, 0.04185422137379646, 0.04250923544168472, 0.01438201405107975, 0.005966220051050186]</LCS_MIN>
		<LCS_MAX>[0.10174194723367691, 0.10403747856616974, 0.10216580331325531, 0.08774667978286743, 0.058069534599781036, 0.047792352735996246]</LCS_MAX>
		<WAVELENGTH>[0.485, 0.56, 0.66, 0.83, 1.65, 2.215]</WAVELENGTH>
		<MEAN_VALUE>[0.0900321606369246, 0.08164019380905194, 0.07568204443470962, 0.05987077393904837, 0.03198250333721542, 0.021188657350686136]</MEAN_VALUE>
		<CHECKBOX>2</CHECKBOX>
		<SD>[0.006877495207898153, 0.012304124941744467, 0.01446228353895444, 0.011120210090288832, 0.010347108647292215, 0.008142151630833719]</SD>
		<WAVELENGTH_UNIT>E-6m</WAVELENGTH_UNIT>
		<COLOR>#836711</COLOR>
		<COVARIANCE_MATRIX>[[4.762391108670272e-05, 8.245265780715272e-05, 9.708896686788648e-05, -3.031427468158654e-06, -1.3322599443199579e-05, 4.9119239520223346e-06], [8.245265780715272e-05, 0.00015242841618601233, 0.00017610916984267533, -7.060177267703693e-06, -2.6295772840967402e-05, 6.962221505091293e-06], [9.708896686788648e-05, 0.00017610916984267533, 0.00021059023856651038, -5.7131883295369335e-06, -2.7674816010403447e-05, 1.0960417966998648e-05], [-3.031427468158654e-06, -7.060177267703693e-06, -5.7131883295369335e-06, 0.00012450605572666973, 9.385214798385277e-05, 6.221581134013832e-05], [-1.3322599443199579e-05, -2.6295772840967402e-05, -2.7674816010403447e-05, 9.385214798385277e-05, 0.00010779596050269902, 6.845394091214985e-05], [4.9119239520223346e-06, 6.962221505091293e-06, 1.0960417966998648e-05, 6.221581134013832e-05, 6.845394091214985e-05, 6.674870382994413e-05]]</COVARIANCE_MATRIX>
		<ROI_SIZE>147</ROI_SIZE>
		<MAX_VALUE>[0.10174194723367691, 0.10403747856616974, 0.10216580331325531, 0.08774667978286743, 0.058069534599781036, 0.047792352735996246]</MAX_VALUE>
		<MIN_VALUE>[0.07170114666223526, 0.05177713930606842, 0.04185422137379646, 0.04250923544168472, 0.01438201405107975, 0.005966220051050186]</MIN_VALUE>
		<SIGNATURE_THRESHOLD_MD>0.0</SIGNATURE_THRESHOLD_MD>
		<SIGNATURE_THRESHOLD_ML>0.0</SIGNATURE_THRESHOLD_ML>
		<SIGNATURE_THRESHOLD_SAM>0.0</SIGNATURE_THRESHOLD_SAM>
	</signature>
	<signature ID="20211208_135701364944_115">
		<MACROCLASSID>1</MACROCLASSID>
		<MACROCLASSINFO>waterbody</MACROCLASSINFO>
		<CLASSID>12</CLASSID>
		<CLASSINFO>C 1</CLASSINFO>
		<VALUES>[0.09294486774475456, 0.0029880550629193927, 0.08775111589549989, 0.005000876564276905, 0.08100690577723105, 0.005926197196277122, 0.056934124849141475, 0.01269109533574475, 0.028115433296984047, 0.011151907545929818, 0.01932254611429843, 0.009457846594115398]</VALUES>
		<LCS_MIN>[0.08071339130401611, 0.06484223157167435, 0.05391653627157211, 0.03873944282531738, 0.011954928748309612, 0.005966220051050186]</LCS_MIN>
		<LCS_MAX>[0.10324396938085556, 0.1007712185382843, 0.09915021061897278, 0.08774667978286743, 0.06292370706796646, 0.054763372987508774]</LCS_MAX>
		<WAVELENGTH>[0.485, 0.56, 0.66, 0.83, 1.65, 2.215]</WAVELENGTH>
		<MEAN_VALUE>[0.09294486774475456, 0.08775111589549989, 0.08100690577723105, 0.056934124849141475, 0.028115433296984047, 0.01932254611429843]</MEAN_VALUE>
		<CHECKBOX>2</CHECKBOX>
		<SD>[0.0029880550629193927, 0.005000876564276905, 0.005926197196277122, 0.01269109533574475, 0.011151907545929818, 0.009457846594115398]</SD>
		<WAVELENGTH_UNIT>E-6m</WAVELENGTH_UNIT>
		<COLOR>#91bdf4</COLOR>
		<COVARIANCE_MATRIX>[[8.953137694334146e-06, 1.1482962690934073e-05, 1.3474187653628178e-05, 2.4874550490494585e-06, 5.707679974875646e-06, 7.603423455293523e-06], [1.1482962690934073e-05, 2.5077852114918642e-05, 2.576928454800509e-05, -3.167819841110031e-06, 3.4974791560671292e-06, 9.524093911750242e-06], [1.3474187653628178e-05, 2.576928454800509e-05, 3.521682810969651e-05, -2.513588015062851e-06, 6.691287580906646e-06, 1.3036676136835013e-05], [2.4874550490494585e-06, -3.167819841110031e-06, -2.513588015062851e-06, 0.00016150882584042847, 0.00011342154175508767, 8.6438943981193e-05], [5.707679974875646e-06, 3.4974791560671292e-06, 6.691287580906646e-06, 0.00011342154175508767, 0.00012470858928281814, 9.119018795900047e-05], [7.603423455293523e-06, 9.524093911750242e-06, 1.3036676136835013e-05, 8.6438943981193e-05, 9.119018795900047e-05, 8.969796181190759e-05]]</COVARIANCE_MATRIX>
		<ROI_SIZE>363</ROI_SIZE>
		<MAX_VALUE>[0.10324396938085556, 0.1007712185382843, 0.09915021061897278, 0.08774667978286743, 0.06292370706796646, 0.054763372987508774]</MAX_VALUE>
		<MIN_VALUE>[0.08071339130401611, 0.06484223157167435, 0.05391653627157211, 0.03873944282531738, 0.011954928748309612, 0.005966220051050186]</MIN_VALUE>
		<SIGNATURE_THRESHOLD_MD>0.0</SIGNATURE_THRESHOLD_MD>
		<SIGNATURE_THRESHOLD_ML>0.0</SIGNATURE_THRESHOLD_ML>
		<SIGNATURE_THRESHOLD_SAM>0.0</SIGNATURE_THRESHOLD_SAM>
	</signature>
	<signature ID="20211208_135713804011_278">
		<MACROCLASSID>1</MACROCLASSID>
		<MACROCLASSINFO>waterbody</MACROCLASSINFO>
		<CLASSID>13</CLASSID>
		<CLASSINFO>C 1</CLASSINFO>
		<VALUES>[0.09659681666200441, 0.0035739028537920157, 0.09110526213327709, 0.006060155204489879, 0.08094941591054709, 0.0064369451150156735, 0.05060469465235538, 0.010378869487011878, 0.02638579732185958, 0.010219512902930947, 0.019589253060393417, 0.00925640483832306]</VALUES>
		<LCS_MIN>[0.07770930975675583, 0.05504341050982475, 0.0448697954416275, 0.03496966138482094, 0.009527844376862049, 0.002480709459632635]</LCS_MIN>
		<LCS_MAX>[0.10624806582927704, 0.10403747856616974, 0.09613464027643204, 0.08397689461708069, 0.05321535840630531, 0.047792352735996246]</LCS_MAX>
		<WAVELENGTH>[0.485, 0.56, 0.66, 0.83, 1.65, 2.215]</WAVELENGTH>
		<MEAN_VALUE>[0.09659681666200441, 0.09110526213327709, 0.08094941591054709, 0.05060469465235538, 0.02638579732185958, 0.019589253060393417]</MEAN_VALUE>
		<CHECKBOX>2</CHECKBOX>
		<SD>[0.0035739028537920157, 0.006060155204489879, 0.0064369451150156735, 0.010378869487011878, 0.010219512902930947, 0.00925640483832306]</SD>
		<WAVELENGTH_UNIT>E-6m</WAVELENGTH_UNIT>
		<COLOR>#b5d133</COLOR>
		<COVARIANCE_MATRIX>[[1.279446678381646e-05, 1.6868963939487003e-05, 1.85030930879293e-05, 1.067112862074282e-05, 7.91248294262914e-06, 9.333249181509018e-06], [1.6868963939487003e-05, 3.678783468785696e-05, 3.3877855457831174e-05, 3.4799036257027183e-06, -1.732178361635306e-06, 1.6467503201056388e-06], [1.85030930879293e-05, 3.3877855457831174e-05, 4.1504608816467226e-05, 1.536519266664982e-05, 1.0336917512177024e-05, 1.27428802443319e-05], [1.067112862074282e-05, 3.4799036257027183e-06, 1.536519266664982e-05, 0.00010790381929837167, 8.922356937546283e-05, 7.711923535680398e-05], [7.91248294262914e-06, -1.732178361635306e-06, 1.0336917512177024e-05, 8.922356937546283e-05, 0.00010461575584486127, 8.517182868672535e-05], [9.333249181509018e-06, 1.6467503201056388e-06, 1.27428802443319e-05, 7.711923535680398e-05, 8.517182868672535e-05, 8.582649752497673e-05]]</COVARIANCE_MATRIX>
		<ROI_SIZE>590</ROI_SIZE>
		<MAX_VALUE>[0.10624806582927704, 0.10403747856616974, 0.09613464027643204, 0.08397689461708069, 0.05321535840630531, 0.047792352735996246]</MAX_VALUE>
		<MIN_VALUE>[0.07770930975675583, 0.05504341050982475, 0.0448697954416275, 0.03496966138482094, 0.009527844376862049, 0.002480709459632635]</MIN_VALUE>
		<SIGNATURE_THRESHOLD_MD>0.0</SIGNATURE_THRESHOLD_MD>
		<SIGNATURE_THRESHOLD_ML>0.0</SIGNATURE_THRESHOLD_ML>
		<SIGNATURE_THRESHOLD_SAM>0.0</SIGNATURE_THRESHOLD_SAM>
	</signature>
	<signature ID="20211208_135807164263_230">
		<MACROCLASSID>1</MACROCLASSID>
		<MACROCLASSINFO>waterbody</MACROCLASSINFO>
		<CLASSID>14</CLASSID>
		<CLASSINFO>C 1</CLASSINFO>
		<VALUES>[0.09914547426549919, 0.003022432849875328, 0.09472436072879557, 0.004052320114618768, 0.08320913430594157, 0.00471980249022586, 0.05432310513459614, 0.010929704704082093, 0.030433252107587443, 0.010181536327636097, 0.022007346738365286, 0.008701300729976118]</VALUES>
		<LCS_MIN>[0.08672154694795609, 0.07137477397918701, 0.05693211406469345, 0.03496966138482094, 0.01438201405107975, 0.005966220051050186]</LCS_MIN>
		<LCS_MAX>[0.11075417697429657, 0.10730375349521637, 0.10216580331325531, 0.08397689461708069, 0.058069534599781036, 0.047792352735996246]</LCS_MAX>
		<WAVELENGTH>[0.485, 0.56, 0.66, 0.83, 1.65, 2.215]</WAVELENGTH>
		<MEAN_VALUE>[0.09914547426549919, 0.09472436072879557, 0.08320913430594157, 0.05432310513459614, 0.030433252107587443, 0.022007346738365286]</MEAN_VALUE>
		<CHECKBOX>2</CHECKBOX>
		<SD>[0.003022432849875328, 0.004052320114618768, 0.00471980249022586, 0.010929704704082093, 0.010181536327636097, 0.008701300729976118]</SD>
		<WAVELENGTH_UNIT>E-6m</WAVELENGTH_UNIT>
		<COLOR>#8910a7</COLOR>
		<COVARIANCE_MATRIX>[[1.548386353533715e-05, 1.856058770499658e-05, 2.109387241944205e-05, 9.698157555249054e-06, 8.197998795367312e-06, 9.888726708595641e-06], [1.856058770499658e-05, 3.790841219597496e-05, 3.5388729884289205e-05, -2.1080800252093468e-06, -8.428138471572311e-07, 4.359054855740396e-06], [2.109387241944205e-05, 3.5388729884289205e-05, 4.325990448705852e-05, 1.2991085895919241e-05, 1.16983810585225e-05, 1.600429277459625e-05], [9.698157555249054e-06, -2.1080800252093468e-06, 1.2991085895919241e-05, 0.00012134687131037936, 9.102381591219455e-05, 7.476039172615856e-05], [8.197998795367312e-06, -8.428138471572311e-07, 1.16983810585225e-05, 9.102381591219455e-05, 0.00010004027717513964, 7.664341683266684e-05], [9.888726708595641e-06, 4.359054855740396e-06, 1.600429277459625e-05, 7.476039172615856e-05, 7.664341683266684e-05, 7.781274325679988e-05]]</COVARIANCE_MATRIX>
		<ROI_SIZE>509</ROI_SIZE>
		<MAX_VALUE>[0.11075417697429657, 0.10730375349521637, 0.10216580331325531, 0.08397689461708069, 0.058069534599781036, 0.047792352735996246]</MAX_VALUE>
		<MIN_VALUE>[0.08672154694795609, 0.07137477397918701, 0.05693211406469345, 0.03496966138482094, 0.01438201405107975, 0.005966220051050186]</MIN_VALUE>
		<SIGNATURE_THRESHOLD_MD>0.0</SIGNATURE_THRESHOLD_MD>
		<SIGNATURE_THRESHOLD_ML>0.0</SIGNATURE_THRESHOLD_ML>
		<SIGNATURE_THRESHOLD_SAM>0.0</SIGNATURE_THRESHOLD_SAM>
	</signature>
	<signature ID="20211208_135818196171_237">
		<MACROCLASSID>1</MACROCLASSID>
		<MACROCLASSINFO>waterbody</MACROCLASSINFO>
		<CLASSID>15</CLASSID>
		<CLASSINFO>C 1</CLASSINFO>
		<VALUES>[0.10069587394329056, 0.004977005317673108, 0.0895434039910989, 0.008427239485495928, 0.07731419948062725, 0.010140580475519134, 0.05927132648815002, 0.012812119560926571, 0.041556691584576456, 0.013900373848291596, 0.03469056752510371, 0.013233517537337472]</VALUES>
		<LCS_MIN>[0.08972562104463577, 0.07137477397918701, 0.05391653627157211, 0.03496966138482094, 0.019236182793974876, 0.016422754153609276]</LCS_MIN>
		<LCS_MAX>[0.11375823616981506, 0.110570028424263, 0.10819695144891739, 0.09151646494865417, 0.08234039694070816, 0.06870541721582413]</LCS_MAX>
		<WAVELENGTH>[0.485, 0.56, 0.66, 0.83, 1.65, 2.215]</WAVELENGTH>
		<MEAN_VALUE>[0.10069587394329056, 0.0895434039910989, 0.07731419948062725, 0.05927132648815002, 0.041556691584576456, 0.03469056752510371]</MEAN_VALUE>
		<CHECKBOX>2</CHECKBOX>
		<SD>[0.004977005317673108, 0.008427239485495928, 0.010140580475519134, 0.012812119560926571, 0.013900373848291596, 0.013233517537337472]</SD>
		<WAVELENGTH_UNIT>E-6m</WAVELENGTH_UNIT>
		<COLOR>#7aa3cd</COLOR>
		<COVARIANCE_MATRIX>[[2.4993740225909278e-05, 3.778446262003854e-05, 4.669062400353141e-05, 1.9987715859315358e-05, 3.929080776288174e-05, 4.668460678658448e-05], [3.778446262003854e-05, 7.165817078202963e-05, 8.138759585563093e-05, 2.072991628665477e-05, 5.568009873968549e-05, 7.023724901955575e-05], [4.669062400353141e-05, 8.138759585563093e-05, 0.00010375778219895437, 4.0766753954812884e-05, 8.29694326967001e-05, 9.597140888217837e-05], [1.9987715859315358e-05, 2.072991628665477e-05, 4.0766753954812884e-05, 0.00016562924429308623, 0.0001332195824943483, 0.00010475560702616349], [3.929080776288174e-05, 5.568009873968549e-05, 8.29694326967001e-05, 0.0001332195824943483, 0.00019496111781336367, 0.0001682549191173166], [4.668460678658448e-05, 7.023724901955575e-05, 9.597140888217837e-05, 0.00010475560702616349, 0.0001682549191173166, 0.00017670370289124548]]</COVARIANCE_MATRIX>
		<ROI_SIZE>112</ROI_SIZE>
		<MAX_VALUE>[0.11375823616981506, 0.110570028424263, 0.10819695144891739, 0.09151646494865417, 0.08234039694070816, 0.06870541721582413]</MAX_VALUE>
		<MIN_VALUE>[0.08972562104463577, 0.07137477397918701, 0.05391653627157211, 0.03496966138482094, 0.019236182793974876, 0.016422754153609276]</MIN_VALUE>
		<SIGNATURE_THRESHOLD_MD>0.0</SIGNATURE_THRESHOLD_MD>
		<SIGNATURE_THRESHOLD_ML>0.0</SIGNATURE_THRESHOLD_ML>
		<SIGNATURE_THRESHOLD_SAM>0.0</SIGNATURE_THRESHOLD_SAM>
	</signature>
	<signature ID="20211208_135824369338_649">
		<MACROCLASSID>1</MACROCLASSID>
		<MACROCLASSINFO>waterbody</MACROCLASSINFO>
		<CLASSID>16</CLASSID>
		<CLASSINFO>C 1</CLASSINFO>
		<VALUES>[0.1042642292267871, 0.004051185363092969, 0.09478099413637849, 0.005691737382113533, 0.08179641981732175, 0.006763509674774111, 0.06342088591377695, 0.013410759979015951, 0.04142797722850207, 0.012977699926590177, 0.030391104874324126, 0.011076061697400897]</VALUES>
		<LCS_MIN>[0.0942317396402359, 0.07464103400707245, 0.06296327710151672, 0.04250923544168472, 0.019236182793974876, 0.009451732039451599]</LCS_MIN>
