<?xml version="1.0" ?>
<signaturelist MCID_LIST="[['1', 'waterbody', '#000000'], ['2', 'vegetation', '#000000'], ['3', 'bareland', '#000000'], ['4', 'built-up', '#000000']]">
	<signature ID="20211208_135345690775_197">
		<MACROCLASSID>1</MACROCLASSID>
		<MACROCLASSINFO>waterbody</MACROCLASSINFO>
		<CLASSID>1</CLASSID>
		<CLASSINFO>C 1</CLASSINFO>
		<VALUES>[0.06721883564449778, 0.00134380866291788, 0.046728977388256564, 0.0022092543289633838, 0.0295082572365038, 0.0017472330420146378, 0.018859728354124628, 0.001683060951625702, 0.0042292017072036395, 0.0018151286952571444, 0.0028364917293356873, 0.0023117248452712872]</VALUES>
		<LCS_MIN>[0.06118687987327576, 0.03871205449104309, 0.02376074530184269, 0.012350937351584435, 0.0, 0.0]</LCS_MIN>
		<LCS_MAX>[0.0732031911611557, 0.05504341050982475, 0.03582306206226349, 0.023660294711589813, 0.009527844376862049, 0.012937244959175587]</LCS_MAX>
		<WAVELENGTH>[0.485, 0.56, 0.66, 0.83, 1.65, 2.215]</WAVELENGTH>
		<MEAN_VALUE>[0.06721883564449778, 0.046728977388256564, 0.0295082572365038, 0.018859728354124628, 0.0042292017072036395, 0.0028364917293356873]</MEAN_VALUE>
		<CHECKBOX>2</CHECKBOX>
		<SD>[0.00134380866291788, 0.0022092543289633838, 0.0017472330420146378, 0.001683060951625702, 0.0018151286952571444, 0.0023117248452712872]</SD>
		<WAVELENGTH_UNIT>E-6m</WAVELENGTH_UNIT>
		<COLOR>#f2aa9b</COLOR>
		<COVARIANCE_MATRIX>[[1.801957763035257e-06, 7.262545572780552e-08, 2.822987829801264e-08, 1.3060121551067113e-08, 6.348531130976844e-08, -6.922045504552264e-09], [7.262545572780552e-08, 4.713772442912109e-06, -1.7450798802564345e-07, -2.897386287607568e-07, -1.7361822811923452e-07, -2.105623688614305e-08], [2.822987829801264e-08, -1.7450798802564345e-07, 3.029089465042458e-06, -4.3816553379146e-08, -6.209892990552106e-08, -1.373745853817227e-07], [1.3060121551067113e-08, -2.897386287607568e-07, -4.3816553379146e-08, 2.8931657987234876e-06, -9.246501909525121e-08, 1.69889852081663e-09], [6.348531130976844e-08, -1.7361822811923452e-07, -6.209892990552106e-08, -9.246501909525121e-08, 3.368908178866373e-06, 6.179026965062296e-08], [-6.922045504552264e-09, -2.105623688614305e-08, -1.373745853817227e-07, 1.69889852081663e-09, 6.179026965062296e-08, 5.483012623660584e-06]]</COVARIANCE_MATRIX>
		<ROI_SIZE>10201</ROI_SIZE>
		<MAX_VALUE>[0.0732031911611557, 0.05504341050982475, 0.03582306206226349, 0.023660294711589813, 0.009527844376862049, 0.012937244959175587]</MAX_VALUE>
		<MIN_VALUE>[0.06118687987327576, 0.03871205449104309, 0.02376074530184269, 0.012350937351584435, 0.0, 0.0]</MIN_VALUE>
		<SIGNATURE_THRESHOLD_MD>0</SIGNATURE_THRESHOLD_MD>
		<SIGNATURE_THRESHOLD_ML>0</SIGNATURE_THRESHOLD_ML>
		<SIGNATURE_THRESHOLD_SAM>0</SIGNATURE_THRESHOLD_SAM>
	</signature>
	<signature ID="20211208_135353163304_249">
		<MACROCLASSID>1</MACROCLASSID>
		<MACROCLASSINFO>waterbody</MACROCLASSINFO>
		<CLASSID>2</CLASSID>
		<CLASSINFO>C 1</CLASSINFO>
		<VALUES>[0.07516724670440024, 0.0018287191440612932, 0.07050150475482286, 0.0026856716492752813, 0.05956218736385224, 0.0035898593428323037, 0.028362135998155267, 0.005116618283035794, 0.006938833260901483, 0.004222474557579646, 0.004172833976961331, 0.003095198836246509]</VALUES>
		<LCS_MIN>[0.06719504296779633, 0.06157595291733742, 0.04788537323474884, 0.012350937351584435, 0.0, 0.0]</LCS_MIN>
		<LCS_MAX>[0.08221542835235596, 0.08117358386516571, 0.07201001048088074, 0.06135817617177963, 0.043507032096385956, 0.01990826427936554]</LCS_MAX>
		<WAVELENGTH>[0.485, 0.56, 0.66, 0.83, 1.65, 2.215]</WAVELENGTH>
		<MEAN_VALUE>[0.07516724670440024, 0.07050150475482286, 0.05956218736385224, 0.028362135998155267, 0.006938833260901483, 0.004172833976961331]</MEAN_VALUE>
		<CHECKBOX>2</CHECKBOX>
		<SD>[0.0018287191440612932, 0.0026856716492752813, 0.0035898593428323037, 0.005116618283035794, 0.004222474557579646, 0.003095198836246509]</SD>
		<WAVELENGTH_UNIT>E-6m</WAVELENGTH_UNIT>
		<COLOR>#17f422</COLOR>
		<COVARIANCE_MATRIX>[[3.4812299823640983e-06, 2.2902702477058576e-06, 3.1491970726011175e-06, 1.199694034672164e-06, 9.340304337394673e-07, 4.706582005499632e-07], [2.2902702477058576e-06, 1.0904117418314032e-05, 1.1238859572306784e-05, 4.361839931300605e-06, 3.0612851220973692e-06, 1.7140417467267372e-06], [3.1491970726011175e-06, 1.1238859572306784e-05, 2.0540293316031856e-05, 6.07460591912135e-06, 4.538620299339116e-06, 2.6080358043423954e-06], [1.199694034672164e-06, 4.361839931300605e-06, 6.07460591912135e-06, 2.6102124984391602e-05, 1.5258461699459687e-05, 7.307880785923992e-06], [9.340304337394673e-07, 3.0612851220973692e-06, 4.538620299339116e-06, 1.5258461699459687e-05, 1.7272709609536624e-05, 6.8842336821580505e-06], [4.706582005499632e-07, 1.7140417467267372e-06, 2.6080358043423954e-06, 7.307880785923992e-06, 6.8842336821580505e-06, 9.609714557596421e-06]]</COVARIANCE_MATRIX>
		<ROI_SIZE>2679</ROI_SIZE>
		<MAX_VALUE>[0.08221542835235596, 0.08117358386516571, 0.07201001048088074, 0.06135817617177963, 0.043507032096385956, 0.01990826427936554]</MAX_VALUE>
		<MIN_VALUE>[0.06719504296779633, 0.06157595291733742, 0.04788537323474884, 0.012350937351584435, 0.0, 0.0]</MIN_VALUE>
		<SIGNATURE_THRESHOLD_MD>0</SIGNATURE_THRESHOLD_MD>
		<SIGNATURE_THRESHOLD_ML>0</SIGNATURE_THRESHOLD_ML>
		<SIGNATURE_THRESHOLD_SAM>0</SIGNATURE_THRESHOLD_SAM>
	</signature>
	<signature ID="20211208_135359343157_259">
		<MACROCLASSID>1</MACROCLASSID>
		<MACROCLASSINFO>waterbody</MACROCLASSINFO>
		<CLASSID>3</CLASSID>
		<CLASSINFO>C 1</CLASSINFO>
		<VALUES>[0.07680397060567927, 0.0022546319417741123, 0.07412649175688006, 0.0045020538862721735, 0.06900820068028424, 0.005741926742968966, 0.03731071476539655, 0.010302102232495452, 0.011301056771075612, 0.006722503747108639, 0.006226029540475923, 0.003960342142241188]</VALUES>
		<LCS_MIN>[0.07019911706447601, 0.06484223157167435, 0.05693211406469345, 0.023660294711589813, 0.002246591029688716, 0.0]</LCS_MIN>
		<LCS_MAX>[0.08221542835235596, 0.08443985879421234, 0.08105675131082535, 0.06889773905277252, 0.041079938411712646, 0.026879288256168365]</LCS_MAX>
		<WAVELENGTH>[0.485, 0.56, 0.66, 0.83, 1.65, 2.215]</WAVELENGTH>
		<MEAN_VALUE>[0.07680397060567927, 0.07412649175688006, 0.06900820068028424, 0.03731071476539655, 0.011301056771075612, 0.006226029540475923]</MEAN_VALUE>
		<CHECKBOX>2</CHECKBOX>
		<SD>[0.0022546319417741123, 0.0045020538862721735, 0.005741926742968966, 0.010302102232495452, 0.006722503747108639, 0.003960342142241188]</SD>
		<WAVELENGTH_UNIT>E-6m</WAVELENGTH_UNIT>
		<COLOR>#f186e4</COLOR>
		<COVARIANCE_MATRIX>[[5.094997607497134e-06, 5.954763367938907e-06, 7.724077613391563e-06, 6.840780710985941e-06, 3.285831687566577e-06, 1.3184057888691661e-06], [5.954763367938907e-06, 2.0314870177037816e-05, 2.137440784562091e-05, 1.4872966083952876e-05, 7.91683008181724e-06, 3.724678855979193e-06], [7.724077613391563e-06, 2.137440784562091e-05, 3.3045168311374196e-05, 1.2922637089690025e-05, 7.110361469246363e-06, 3.088107307018114e-06], [6.840780710985941e-06, 1.4872966083952876e-05, 1.2922637089690025e-05, 0.00010637617839599344, 5.484057766708453e-05, 2.553909912699456e-05], [3.285831687566577e-06, 7.91683008181724e-06, 7.110361469246363e-06, 5.484057766708453e-05, 4.52954709471206e-05, 1.833127151925685e-05], [1.3184057888691661e-06, 3.724678855979193e-06, 3.088107307018114e-06, 2.553909912699456e-05, 1.833127151925685e-05, 1.5720200752910384e-05]]</COVARIANCE_MATRIX>
		<ROI_SIZE>438</ROI_SIZE>
		<MAX_VALUE>[0.08221542835235596, 0.08443985879421234, 0.08105675131082535, 0.06889773905277252, 0.041079938411712646, 0.026879288256168365]</MAX_VALUE>
		<MIN_VALUE>[0.07019911706447601, 0.06484223157167435, 0.05693211406469345, 0.023660294711589813, 0.002246591029688716, 0.0]</MIN_VALUE>
		<SIGNATURE_THRESHOLD_MD>0</SIGNATURE_THRESHOLD_MD>
		<SIGNATURE_THRESHOLD_ML>0</SIGNATURE_THRESHOLD_ML>
		<SIGNATURE_THRESHOLD_SAM>0</SIGNATURE_THRESHOLD_SAM>
	</signature>
	<signature ID="20211208_135423152537_175">
		<MACROCLASSID>1</MACROCLASSID>
		<MACROCLASSINFO>waterbody</MACROCLASSINFO>
		<CLASSID>4</CLASSID>
		<CLASSINFO>C 1</CLASSINFO>
		<VALUES>[0.10688916952689974, 0.004388764129956155, 0.0969273695131627, 0.0062468292954446615, 0.0835942481985179, 0.007702219055620156, 0.06292125478205161, 0.01542516180124645, 0.04710325645282865, 0.017406206216760922, 0.03984368962758197, 0.014379112480191967]</VALUES>
		<LCS_MIN>[0.09573378413915634, 0.08117358386516571, 0.0689944252371788, 0.03873944282531738, 0.016809098422527313, 0.016422754153609276]</LCS_MIN>
		<LCS_MAX>[0.11976639926433563, 0.11710256338119507, 0.10518138110637665, 0.09528626501560211, 0.08476746827363968, 0.07567644864320755]</LCS_MAX>
		<WAVELENGTH>[0.485, 0.56, 0.66, 0.83, 1.65, 2.215]</WAVELENGTH>
		<MEAN_VALUE>[0.10688916952689974, 0.0969273695131627, 0.0835942481985179, 0.06292125478205161, 0.04710325645282865, 0.03984368962758197]</MEAN_VALUE>
		<CHECKBOX>2</CHECKBOX>
		<SD>[0.004388764129956155, 0.0062468292954446615, 0.007702219055620156, 0.01542516180124645, 0.017406206216760922, 0.014379112480191967]</SD>
		<WAVELENGTH_UNIT>E-6m</WAVELENGTH_UNIT>
		<COLOR>#2b8038</COLOR>
		<COVARIANCE_MATRIX>[[1.9379417769913754e-05, 2.366885522980331e-05, 2.8902694210357506e-05, 2.4628704576863933e-05, 2.8567004760288676e-05, 2.7931648410457275e-05], [2.366885522980331e-05, 3.9262280395176944e-05, 4.020867103073149e-05, 1.684743295188367e-05, 1.9890264395444782e-05, 2.5763190395217337e-05], [2.8902694210357506e-05, 4.020867103073149e-05, 5.968813039536414e-05, 6.526401513767517e-05, 7.393262026014518e-05, 6.807584467480116e-05], [2.4628704576863933e-05, 1.684743295188367e-05, 6.526401513767517e-05, 0.00023939534430380231, 0.0002490173054578992, 0.0001920219113146627], [2.8567004760288676e-05, 1.9890264395444782e-05, 7.393262026014518e-05, 0.0002490173054578992, 0.0003048347634178322, 0.00023537280245497275], [2.7931648410457275e-05, 2.5763190395217337e-05, 6.807584467480116e-05, 0.0001920219113146627, 0.00023537280245497275, 0.0002080273350782456]]</COVARIANCE_MATRIX>
		<ROI_SIZE>164</ROI_SIZE>
		<MAX_VALUE>[0.11976639926433563, 0.11710256338119507, 0.10518138110637665, 0.09528626501560211, 0.08476746827363968, 0.07567644864320755]</MAX_VALUE>
		<MIN_VALUE>[0.09573378413915634, 0.08117358386516571, 0.0689944252371788, 0.03873944282531738, 0.016809098422527313, 0.016422754153609276]</MIN_VALUE>
		<SIGNATURE_THRESHOLD_MD>0</SIGNATURE_THRESHOLD_MD>
		<SIGNATURE_THRESHOLD_ML>0</SIGNATURE_THRESHOLD_ML>
		<SIGNATURE_THRESHOLD_SAM>0</SIGNATURE_THRESHOLD_SAM>
	</signature>
	<signature ID="20211208_135452912281_705">
		<MACROCLASSID>1</MACROCLASSID>
		<MACROCLASSINFO>waterbody</MACROCLASSINFO>
		<CLASSID>5</CLASSID>
		<CLASSINFO>C 1</CLASSINFO>
		<VALUES>[0.10700936186803525, 0.0033735650751234424, 0.09779577380786202, 0.004289832547775376, 0.08613779298859096, 0.0070831889703505116, 0.06536034384920984, 0.01663360687658276, 0.05311562243389758, 0.019750189121135884, 0.04750587530944447, 0.018081391222150807]</VALUES>
		<LCS_MIN>[0.09873785823583603, 0.08770612627267838, 0.07502559572458267, 0.03873944282531738, 0.02166326716542244, 0.016422754153609276]</LCS_MIN>
		<LCS_MAX>[0.11676234006881714, 0.110570028424263, 0.10518138110637665, 0.09905604273080826, 0.09690287709236145, 0.08961848169565201]</LCS_MAX>
		<WAVELENGTH>[0.485, 0.56, 0.66, 0.83, 1.65, 2.215]</WAVELENGTH>
		<MEAN_VALUE>[0.10700936186803525, 0.09779577380786202, 0.08613779298859096, 0.06536034384920984, 0.05311562243389758, 0.04750587530944447]</MEAN_VALUE>
		<CHECKBOX>2</CHECKBOX>
		<SD>[0.0033735650751234424, 0.004289832547775376, 0.0070831889703505116, 0.01663360687658276, 0.019750189121135884, 0.018081391222150807]</SD>
		<WAVELENGTH_UNIT>E-6m</WAVELENGTH_UNIT>
		<COLOR>#aeb651</COLOR>
		<COVARIANCE_MATRIX>[[1.1459430566548439e-05, 1.0570406291870719e-05, 1.8471525450436803e-05, 3.90288789712747e-05, 4.5859867598544564e-05, 4.091110202482745e-05], [1.0570406291870719e-05, 1.8529578207180226e-05, 2.568365529189664e-05, 5.054322674860507e-05, 5.552182555365097e-05, 5.056881638796937e-05], [1.8471525450436803e-05, 2.568365529189664e-05, 5.051757678962407e-05, 0.00010002628832386063, 0.00011241626387731922, 9.95426049623303e-05], [3.90288789712747e-05, 5.054322674860507e-05, 0.00010002628832386063, 0.0002785849941228025, 0.0003089640407274573, 0.0002688405423189183], [4.5859867598544564e-05, 5.552182555365097e-05, 0.00011241626387731922, 0.0003089640407274573, 0.00039276010804698344, 0.00033205548721816945], [4.091110202482745e-05, 5.056881638796937e-05, 9.95426049623303e-05, 0.0002688405423189183, 0.00033205548721816945, 0.0003291914444493585]]</COVARIANCE_MATRIX>
		<ROI_SIZE>146</ROI_SIZE>
		<MAX_VALUE>[0.11676234006881714, 0.110570028424263, 0.10518138110637665, 0.09905604273080826, 0.09690287709236145, 0.08961848169565201]</MAX_VALUE>
		<MIN_VALUE>[0.09873785823583603, 0.08770612627267838, 0.07502559572458267, 0.03873944282531738, 0.02166326716542244, 0.016422754153609276]</MIN_VALUE>
		<SIGNATURE_THRESHOLD_MD>0</SIGNATURE_THRESHOLD_MD>
		<SIGNATURE_THRESHOLD_ML>0</SIGNATURE_THRESHOLD_ML>
		<SIGNATURE_THRESHOLD_SAM>0</SIGNATURE_THRESHOLD_SAM>
	</signature>
	<signature ID="20211208_135501472162_845">
		<MACROCLASSID>1</MACROCLASSID>
		<MACROCLASSINFO>waterbody</MACROCLASSINFO>
		<CLASSID>6</CLASSID>
		<CLASSINFO>C 1</CLASSINFO>
		<VALUES>[0.10635601505637167, 0.002501226971312496, 0.09650464623700833, 0.003679033421754346, 0.08355402629822496, 0.004778607159970507, 0.057458799413871026, 0.011120515185311243, 0.03513358511263507, 0.012676434526339913, 0.028425983284250833, 0.011218439138170498]</VALUES>
		<LCS_MIN>[0.10023988783359528, 0.08443985879421234, 0.07201001048088074, 0.04250923544168472, 0.01438201405107975, 0.012937244959175587]</LCS_MIN>
		<LCS_MAX>[0.11676234006881714, 0.10730375349521637, 0.09915021061897278, 0.08774667978286743, 0.06777787208557129, 0.058248888701200485]</LCS_MAX>
		<WAVELENGTH>[0.485, 0.56, 0.66, 0.83, 1.65, 2.215]</WAVELENGTH>
		<MEAN_VALUE>[0.10635601505637167, 0.09650464623700833, 0.08355402629822496, 0.057458799413871026, 0.03513358511263507, 0.028425983284250833]</MEAN_VALUE>
		<CHECKBOX>2</CHECKBOX>
		<SD>[0.002501226971312496, 0.003679033421754346, 0.004778607159970507, 0.011120515185311243, 0.012676434526339913, 0.011218439138170498]</SD>
		<WAVELENGTH_UNIT>E-6m</WAVELENGTH_UNIT>
		<COLOR>#53ec87</COLOR>
		<COVARIANCE_MATRIX>[[6.275748074754768e-06, 5.5373040066674465e-06, 8.33421515899893e-06, 1.4320835911325283e-05, 1.5351992885567118e-05, 1.3946673332880216e-05], [5.5373040066674465e-06, 1.3577717284900774e-05, 1.29113296572842e-05, 1.3302488687130812e-05, 1.5007609586039765e-05, 1.2936627854582523e-05], [8.33421515899893e-06, 1.29113296572842e-05, 2.2906669732234542e-05, 3.321724606719296e-05, 3.685344321437886e-05, 3.1941281504079634e-05], [1.4320835911325283e-05, 1.3302488687130812e-05, 3.321724606719296e-05, 0.0001240535252531542, 0.00011593449023733802, 9.724487352646909e-05], [1.5351992885567118e-05, 1.5007609586039765e-05, 3.685344321437886e-05, 0.00011593449023733802, 0.00016119572895356257, 0.00013224867886593632], [1.3946673332880216e-05, 1.2936627854582523e-05, 3.1941281504079634e-05, 9.724487352646909e-05, 0.00013224867886593632, 0.00012624790138867517]]</COVARIANCE_MATRIX>
		<ROI_SIZE>320</ROI_SIZE>
		<MAX_VALUE>[0.11676234006881714, 0.10730375349521637, 0.09915021061897278, 0.08774667978286743, 0.06777787208557129, 0.058248888701200485]</MAX_VALUE>
		<MIN_VALUE>[0.10023988783359528, 0.08443985879421234, 0.07201001048088074, 0.04250923544168472, 0.01438201405107975, 0.012937244959175587]</MIN_VALUE>
		<SIGNATURE_THRESHOLD_MD>0</SIGNATURE_THRESHOLD_MD>
		<SIGNATURE_THRESHOLD_ML>0</SIGNATURE_THRESHOLD_ML>
		<SIGNATURE_THRESHOLD_SAM>0</SIGNATURE_THRESHOLD_SAM>
	</signature>
	<signature ID="20211208_135621281329_929">
		<MACROCLASSID>1</MACROCLASSID>
		<MACROCLASSINFO>waterbody</MACROCLASSINFO>
		<CLASSID>7</CLASSID>
		<CLASSINFO>C 1</CLASSINFO>
		<VALUES>[0.1011274657096745, 0.003430752138689287, 0.09445462132657859, 0.0039889957740450776, 0.0933558228156291, 0.005349339178122591, 0.07852472089354165, 0.01108330912441698, 0.04972517759008105, 0.011928632957370741, 0.03704776326271374, 0.009894976396874627]</VALUES>
		<LCS_MIN>[0.09272969514131546, 0.08443985879421234, 0.07502559572458267, 0.05381860211491585, 0.02894452027976513, 0.023393776267766953]</LCS_MIN>
		<LCS_MAX>[0.11225621402263641, 0.10730375349521637, 0.10819695144891739, 0.102825827896595, 0.08234039694070816, 0.06521991640329361]</LCS_MAX>
		<WAVELENGTH>[0.485, 0.56, 0.66, 0.83, 1.65, 2.215]</WAVELENGTH>
		<MEAN_VALUE>[0.1011274657096745, 0.09445462132657859, 0.0933558228156291, 0.07852472089354165, 0.04972517759008105, 0.03704776326271374]</MEAN_VALUE>
		<CHECKBOX>2</CHECKBOX>
		<SD>[0.003430752138689287, 0.0039889957740450776, 0.005349339178122591, 0.01108330912441698, 0.011928632957370741, 0.009894976396874627]</SD>
		<WAVELENGTH_UNIT>E-6m</WAVELENGTH_UNIT>
		<COLOR>#c59b24</COLOR>
		<COVARIANCE_MATRIX>[[1.181889866134154e-05, 9.843603959968917e-06, 1.396017101654675e-05, 1.0780083017789939e-05, 1.6316409383673406e-05, 1.7505237243705112e-05], [9.843603959968917e-06, 1.5978112543794927e-05, 1.646018661791051e-05, 7.926432210203684e-06, 1.6381628785081194e-05, 1.7966102688880057e-05], [1.396017101654675e-05, 1.646018661791051e-05, 2.873416586518074e-05, 9.551047636945296e-06, 2.117736442352895e-05, 2.5800388482781067e-05], [1.0780083017789939e-05, 7.926432210203684e-06, 9.551047636945296e-06, 0.0001233494496168759, 0.00010241827974801652, 7.077272119252808e-05], [1.6316409383673406e-05, 1.6381628785081194e-05, 2.117736442352895e-05, 0.00010241827974801652, 0.0001428827086475705, 9.850519023036169e-05], [1.7505237243705112e-05, 1.7966102688880057e-05, 2.5800388482781067e-05, 7.077272119252808e-05, 9.850519023036169e-05, 9.831682576978773e-05]]</COVARIANCE_MATRIX>
		<ROI_SIZE>242</ROI_SIZE>
		<MAX_VALUE>[0.11225621402263641, 0.10730375349521637, 0.10819695144891739, 0.102825827896595, 0.08234039694070816, 0.06521991640329361]</MAX_VALUE>
		<MIN_VALUE>[0.09272969514131546, 0.08443985879421234, 0.07502559572458267, 0.05381860211491585, 0.02894452027976513, 0.023393776267766953]</MIN_VALUE>
		<SIGNATURE_THRESHOLD_MD>0</SIGNATURE_THRESHOLD_MD>
		<SIGNATURE_THRESHOLD_ML>0</SIGNATURE_THRESHOLD_ML>
		<SIGNATURE_THRESHOLD_SAM>0</SIGNATURE_THRESHOLD_SAM>
	</signature>
	<signature ID="20211208_135629898141_996">
		<MACROCLASSID>1</MACROCLASSID>
		<MACROCLASSINFO>waterbody</MACROCLASSINFO>
		<CLASSID>8</CLASSID>
		<CLASSINFO>C 1</CLASSINFO>
		<VALUES>[0.09225590257036606, 0.0031997622096172156, 0.08376029608833711, 0.004352244698264411, 0.07929597464983898, 0.005458547284388501, 0.06707610492438276, 0.014827868953325888, 0.03961391823253776, 0.013319890323851447, 0.029124986361587214, 0.010523176370262968]</VALUES>
		<LCS_MIN>[0.08521950244903564, 0.07137477397918701, 0.06597884744405746, 0.04250923544168472, 0.019236182793974876, 0.009451732039451599]</LCS_MIN>
		<LCS_MAX>[0.104746013879776, 0.10403747856616974, 0.09915021061897278, 0.09905604273080826, 0.070204958319664, 0.0617344044148922]</LCS_MAX>
		<WAVELENGTH>[0.485, 0.56, 0.66, 0.83, 1.65, 2.215]</WAVELENGTH>
		<MEAN_VALUE>[0.09225590257036606, 0.08376029608833711, 0.07929597464983898, 0.06707610492438276, 0.03961391823253776, 0.029124986361587214]</MEAN_VALUE>
		<CHECKBOX>2</CHECKBOX>
		<SD>[0.0031997622096172156, 0.004352244698264411, 0.005458547284388501, 0.014827868953325888, 0.013319890323851447, 0.010523176370262968]</SD>
		<WAVELENGTH_UNIT>E-6m</WAVELENGTH_UNIT>
		<COLOR>#94959e</COLOR>
		<COVARIANCE_MATRIX>[[1.030765710483836e-05, 1.0946551438683206e-05, 1.351379428650025e-05, 1.4090443946891238e-05, 1.664183111569687e-05, 1.4725623699795515e-05], [1.0946551438683206e-05, 1.9070020629202877e-05, 2.055787543235565e-05, 1.0900470334990207e-05, 1.844085349322638e-05, 1.8921025106819026e-05], [1.351379428650025e-05, 2.055787543235565e-05, 2.9997061013039562e-05, 2.073599439084039e-05, 3.0337021176731847e-05, 3.0257976353365044e-05], [1.4090443946891238e-05, 1.0900470334990207e-05, 2.073599439084039e-05, 0.00022135127673549905, 0.00016626971642250677, 0.00011038973955974885], [1.664183111569687e-05, 1.844085349322638e-05, 3.0337021176731847e-05, 0.00016626971642250677, 0.00017861825849780578, 0.00012540753877518664], [1.4725623699795515e-05, 1.8921025106819026e-05, 3.0257976353365044e-05, 0.00011038973955974885, 0.00012540753877518664, 0.0001114854655204693]]</COVARIANCE_MATRIX>
		<ROI_SIZE>149</ROI_SIZE>
		<MAX_VALUE>[0.104746013879776, 0.10403747856616974, 0.09915021061897278, 0.09905604273080826, 0.070204958319664, 0.0617344044148922]</MAX_VALUE>
		<MIN_VALUE>[0.08521950244903564, 0.07137477397918701, 0.06597884744405746, 0.04250923544168472, 0.019236182793974876, 0.009451732039451599]</MIN_VALUE>
		<SIGNATURE_THRESHOLD_MD>0</SIGNATURE_THRESHOLD_MD>
		<SIGNATURE_THRESHOLD_ML>0</SIGNATURE_THRESHOLD_ML>
		<SIGNATURE_THRESHOLD_SAM>0</SIGNATURE_THRESHOLD_SAM>
	</signature>
	<signature ID="20211208_135640975458_432">
		<MACROCLASSID>1</MACROCLASSID>
		<MACROCLASSINFO>waterbody</MACROCLASSINFO>
		<CLASSID>9</CLASSID>
		<CLASSINFO>C 1</CLASSINFO>
		<VALUES>[0.09401972921627558, 0.0028761925150726825, 0.08744826335370826, 0.0037751540161217825, 0.08444747343017726, 0.00505707758347894, 0.06602080408751108, 0.012562043612171296, 0.033258691806631394, 0.012195838103260949, 0.023210328798651977, 0.009735162981485404]</VALUES>
		<LCS_MIN>[0.08521950244903564, 0.07464103400707245, 0.06597884744405746, 0.046279024332761765, 0.011954928748309612, 0.005966220051050186]</LCS_MIN>
		<LCS_MAX>[0.10624806582927704, 0.1007712185382843, 0.10518138110637665, 0.09905604273080826, 0.06535079330205917, 0.05127786472439766]</LCS_MAX>
		<WAVELENGTH>[0.485, 0.56, 0.66, 0.83, 1.65, 2.215]</WAVELENGTH>
		<MEAN_VALUE>[0.09401972921627558, 0.08744826335370826, 0.08444747343017726, 0.06602080408751108, 0.033258691806631394, 0.023210328798651977]</MEAN_VALUE>
		<CHECKBOX>2</CHECKBOX>
		<SD>[0.0028761925150726825, 0.0037751540161217825, 0.00505707758347894, 0.012562043612171296, 0.012195838103260949, 0.009735162981485404]</SD>
		<WAVELENGTH_UNIT>E-6m</WAVELENGTH_UNIT>
		<COLOR>#7e3800</COLOR>
		<COVARIANCE_MATRIX>[[8.292321473409397e-06, 7.780791097997975e-06, 1.0083770457161548e-05, 1.1691013596252917e-05, 1.4406357389411236e-05, 1.2176894050072746e-05], [7.780791097997975e-06, 1.4285964794710111e-05, 1.5025046294280832e-05, 1.2602977802837666e-05, 1.3491178669718869e-05, 1.1610213988992911e-05], [1.0083770457161548e-05, 1.5025046294280832e-05, 2.5635362303275554e-05, 1.4848960735677676e-05, 2.0685906267531803e-05, 1.6730038345913332e-05], [1.1691013596252917e-05, 1.2602977802837666e-05, 1.4848960735677676e-05, 0.000158183368826118, 0.00012780961578825334, 9.16374649884142e-05], [1.4406357389411236e-05, 1.3491178669718869e-05, 2.0685906267531803e-05, 0.00012780961578825334, 0.0001490951540122727, 0.00010543306736138315], [1.2176894050072746e-05, 1.1610213988992911e-05, 1.6730038345913332e-05, 9.16374649884142e-05, 0.00010543306736138315, 9.500067261247734e-05]]</COVARIANCE_MATRIX>
		<ROI_SIZE>418</ROI_SIZE>
		<MAX_VALUE>[0.10624806582927704, 0.1007712185382843, 0.10518138110637665, 0.09905604273080826, 0.06535079330205917, 0.05127786472439766]</MAX_VALUE>
		<MIN_VALUE>[0.08521950244903564, 0.07464103400707245, 0.06597884744405746, 0.046279024332761765, 0.011954928748309612, 0.005966220051050186]</MIN_VALUE>
		<SIGNATURE_THRESHOLD_MD>0</SIGNATURE_THRESHOLD_MD>
		<SIGNATURE_THRESHOLD_ML>0</SIGNATURE_THRESHOLD_ML>
		<SIGNATURE_THRESHOLD_SAM>0</SIGNATURE_THRESHOLD_SAM>
	</signature>
	<signature ID="20211208_135646960514_416">
		<MACROCLASSID>1</MACROCLASSID>
		<MACROCLASSINFO>waterbody</MACROCLASSINFO>
		<CLASSID>10</CLASSID>
		<CLASSINFO>C 1</CLASSINFO>
		<VALUES>[0.09369442533186778, 0.004308983481588778, 0.08656425871015566, 0.006591805881468146, 0.08277293370385477, 0.00803462799212919, 0.06733466444037313, 0.011546214155989033, 0.03463731563793934, 0.00957125348104777, 0.02420139495979964, 0.007620164120921913]</VALUES>
		<LCS_MIN>[0.0732031911611557, 0.05504341050982475, 0.04788537323474884, 0.04250923544168472, 0.019236182793974876, 0.012937244959175587]</LCS_MIN>
		<LCS_MAX>[0.10174194723367691, 0.1007712185382843, 0.09915021061897278, 0.09905604273080826, 0.06292370706796646, 0.05127786472439766]</LCS_MAX>
		<WAVELENGTH>[0.485, 0.56, 0.66, 0.83, 1.65, 2.215]</WAVELENGTH>
		<MEAN_VALUE>[0.09369442533186778, 0.08656425871015566, 0.08277293370385477, 0.06733466444037313, 0.03463731563793934, 0.02420139495979964]</MEAN_VALUE>
		<CHECKBOX>2</CHECKBOX>
		<SD>[0.004308983481588778, 0.006591805881468146, 0.00803462799212919, 0.011546214155989033, 0.00957125348104777, 0.007620164120921913]</SD>
		<WAVELENGTH_UNIT>E-6m</WAVELENGTH_UNIT>
		<COLOR>#4fd9f3</COLOR>
		<COVARIANCE_MATRIX>[[1.864312370029728e-05, 2.515582328534515e-05, 2.9785397033697992e-05, 4.634177461248174e-06, -7.230680889917309e-07, 1.6323713123248773e-06], [2.515582328534515e-05, 4.362925949234143e-05, 4.9004991326063135e-05, 5.847062196138779e-06, -2.9213547494680447e-06, -1.428028406510973e-07], [2.9785397033697992e-05, 4.9004991326063135e-05, 6.481873777587298e-05, 4.31749505051075e-06, -1.6841096055459296e-06, 2.8126478675193367e-06], [4.634177461248174e-06, 5.847062196138779e-06, 4.31749505051075e-06, 0.00013385920444345525, 8.414799968839579e-05, 5.800929699651477e-05], [-7.230680889917309e-07, -2.9213547494680447e-06, -1.6841096055459296e-06, 8.414799968839579e-05, 9.19828070482588e-05, 5.995305243579853e-05], [1.6323713123248773e-06, -1.428028406510973e-07, 2.8126478675193367e-06, 5.800929699651477e-05, 5.995305243579853e-05, 5.830390898990718e-05]]</COVARIANCE_MATRIX>
		<ROI_SIZE>246</ROI_SIZE>
		<MAX_VALUE>[0.10174194723367691, 0.1007712185382843, 0.09915021061897278, 0.09905604273080826, 0.06292370706796646, 0.05127786472439766]</MAX_VALUE>
		<MIN_VALUE>[0.0732031911611557, 0.05504341050982475, 0.04788537323474884, 0.04250923544168472, 0.019236182793974876, 0.012937244959175587]</MIN_VALUE>
		<SIGNATURE_THRESHOLD_MD>0</SIGNATURE_THRESHOLD_MD>
		<SIGNATURE_THRESHOLD_ML>0</SIGNATURE_THRESHOLD_ML>
		<SIGNATURE_THRESHOLD_SAM>0</SIGNATURE_THRESHOLD_SAM>
	</signature>
	<signature ID="20211208_135655063687_996">
		<MACROCLASSID>1</MACROCLASSID>
		<MACROCLASSINFO>waterbody</MACROCLASSINFO>
		<CLASSID>11</CLASSID>
		<CLASSINFO>C 1</CLASSINFO>
		<VALUES>[0.0900321606369246, 0.006877495207898153, 0.08164019380905194, 0.012304124941744467, 0.07568204443470962, 0.01446228353895444, 0.05987077393904837, 0.011120210090288832, 0.03198250333721542, 0.010347108647292215, 0.021188657350686136, 0.008142151630833719]</VALUES>
		<LCS_MIN>[0.07170114666223526, 0.05177713930606842, 0.04185422137379646, 0.04250923544168472, 0.01438201405107975, 0.005966220051050186]</LCS_MIN>
		<LCS_MAX>[0.10174194723367691, 0.10403747856616974, 0.10216580331325531, 0.08774667978286743, 0.058069534599781036, 0.047792352735996246]</LCS_MAX>
		<WAVELENGTH>[0.485, 0.56, 0.66, 0.83, 1.65, 2.215]</WAVELENGTH>
		<MEAN_VALUE>[0.0900321606369246, 0.08164019380905194, 0.07568204443470962, 0.05987077393904837, 0.03198250333721542, 0.021188657350686136]</MEAN_VALUE>
		<CHECKBOX>2</CHECKBOX>
		<SD>[0.006877495207898153, 0.012304124941744467, 0.01446228353895444, 0.011120210090288832, 0.010347108647292215, 0.008142151630833719]</SD>
		<WAVELENGTH_UNIT>E-6m</WAVELENGTH_UNIT>
		<COLOR>#836711</COLOR>
		<COVARIANCE_MATRIX>[[4.762391252873513e-05, 8.245265553787784e-05, 9.708896826820306e-05, -3.0314273765649745e-06, -1.3322599452226615e-05, 4.911924130339451e-06], [8.245265553787784e-05, 0.0001524284185997438, 0.00017610917224607304, -7.060177325327149e-06, -2.6295772114276966e-05, 6.962221436560477e-06], [9.708896826820306e-05, 0.00017610917224607304, 0.00021059023177180493, -5.713188222879768e-06, -2.7674815411121792e-05, 1.0960417844502344e-05], [-3.0314273765649745e-06, -7.060177325327149e-06, -5.713188222879768e-06, 0.00012450605240046402, 9.385214935856812e-05, 6.221581359640506e-05], [-1.3322599452226615e-05, -2.6295772114276966e-05, -2.7674815411121792e-05, 9.385214935856812e-05, 0.00010779596323119035, 6.845394424346348e-05], [4.911924130339451e-06, 6.962221436560477e-06, 1.0960417844502344e-05, 6.221581359640506e-05, 6.845394424346348e-05, 6.674870600948467e-05]]</COVARIANCE_MATRIX>
		<ROI_SIZE>147</ROI_SIZE>
		<MAX_VALUE>[0.10174194723367691, 0.10403747856616974, 0.10216580331325531, 0.08774667978286743, 0.058069534599781036, 0.047792352735996246]</MAX_VALUE>
		<MIN_VALUE>[0.07170114666223526, 0.05177713930606842, 0.04185422137379646, 0.04250923544168472, 0.01438201405107975, 0.005966220051050186]</MIN_VALUE>
		<SIGNATURE_THRESHOLD_MD>0</SIGNATURE_THRESHOLD_MD>
		<SIGNATURE_THRESHOLD_ML>0</SIGNATURE_THRESHOLD_ML>
		<SIGNATURE_THRESHOLD_SAM>0</SIGNATURE_THRESHOLD_SAM>
	</signature>
	<signature ID="20211208_135701364944_115">
		<MACROCLASSID>1</MACROCLASSID>
		<MACROCLASSINFO>waterbody</MACROCLASSINFO>
		<CLASSID>12</CLASSID>
		<CLASSINFO>C 1</CLASSINFO>
		<VALUES>[0.09294486774475456, 0.0029880550629193927, 0.08775111589549989, 0.005000876564276905, 0.08100690577723105, 0.005926197196277122, 0.056934124849141475, 0.01269109533574475, 0.028115433296984047, 0.011151907545929818, 0.01932254611429843, 0.009457846594115398]</VALUES>
		<LCS_MIN>[0.08071339130401611, 0.06484223157167435, 0.05391653627157211, 0.03873944282531738, 0.011954928748309612, 0.005966220051050186]</LCS_MIN>
		<LCS_MAX>[0.10324396938085556, 0.1007712185382843, 0.09915021061897278, 0.08774667978286743, 0.06292370706796646, 0.054763372987508774]</LCS_MAX>
		<WAVELENGTH>[0.485, 0.56, 0.66, 0.83, 1.65, 2.215]</WAVELENGTH>
		<MEAN_VALUE>[0.09294486774475456, 0.08775111589549989, 0.08100690577723105, 0.056934124849141475, 0.028115433296984047, 0.01932254611429843]</MEAN_VALUE>
		<CHECKBOX>2</CHECKBOX>
		<SD>[0.0029880550629193927, 0.005000876564276905, 0.005926197196277122, 0.01269109533574475, 0.011151907545929818, 0.009457846594115398]</SD>
		<WAVELENGTH_UNIT>E-6m</WAVELENGTH_UNIT>
		<COLOR>#91bdf4</COLOR>
		<COVARIANCE_MATRIX>[[8.953137349256562e-06, 1.148296231818409e-05, 1.3474187767155042e-05, 2.4874549953671966e-06, 5.707680106807348e-06, 7.6034233349894785e-06], [1.148296231818409e-05, 2.5077851401219976e-05, 2.5769283659054365e-05, -3.1678197459359764e-06, 3.497479146057567e-06, 9.524093935298608e-06], [1.3474187767155042e-05, 2.5769283659054365e-05, 3.5216829267751666e-05, -2.513587941896871e-06, 6.691287442015015e-06, 1.3036675918741818e-05], [2.4874549953671966e-06, -3.1678197459359764e-06, -2.513587941896871e-06, 0.00016150882872378237, 0.0001134215435023151, 8.64389431497834e-05], [5.707680106807348e-06, 3.497479146057567e-06, 6.691287442015015e-06, 0.0001134215435023151, 0.00012470859175250495, 9.119019070284123e-05], [7.6034233349894785e-06, 9.524093935298608e-06, 1.3036675918741818e-05, 8.64389431497834e-05, 9.119019070284123e-05, 8.969796402709606e-05]]</COVARIANCE_MATRIX>
		<ROI_SIZE>363</ROI_SIZE>
		<MAX_VALUE>[0.10324396938085556, 0.1007712185382843, 0.09915021061897278, 0.08774667978286743, 0.06292370706796646, 0.054763372987508774]</MAX_VALUE>
		<MIN_VALUE>[0.08071339130401611, 0.06484223157167435, 0.05391653627157211, 0.03873944282531738, 0.011954928748309612, 0.005966220051050186]</MIN_VALUE>
		<SIGNATURE_THRESHOLD_MD>0</SIGNATURE_THRESHOLD_MD>
		<SIGNATURE_THRESHOLD_ML>0</SIGNATURE_THRESHOLD_ML>
		<SIGNATURE_THRESHOLD_SAM>0</SIGNATURE_THRESHOLD_SAM>
	</signature>
	<signature ID="20211208_135713804011_278">
		<MACROCLASSID>1</MACROCLASSID>
		<MACROCLASSINFO>waterbody</MACROCLASSINFO>
		<CLASSID>13</CLASSID>
		<CLASSINFO>C 1</CLASSINFO>
		<VALUES>[0.09659681666200441, 0.0035739028537920157, 0.09110526213327709, 0.006060155204489879, 0.08094941591054709, 0.0064369451150156735, 0.05060469465235538, 0.010378869487011878, 0.02638579732185958, 0.010219512902930947, 0.019589253060393417, 0.00925640483832306]</VALUES>
		<LCS_MIN>[0.07770930975675583, 0.05504341050982475, 0.0448697954416275, 0.03496966138482094, 0.009527844376862049, 0.002480709459632635]</LCS_MIN>
		<LCS_MAX>[0.10624806582927704, 0.10403747856616974, 0.09613464027643204, 0.08397689461708069, 0.05321535840630531, 0.047792352735996246]</LCS_MAX>
		<WAVELENGTH>[0.485, 0.56, 0.66, 0.83, 1.65, 2.215]</WAVELENGTH>
		<MEAN_VALUE>[0.09659681666200441, 0.09110526213327709, 0.08094941591054709, 0.05060469465235538, 0.02638579732185958, 0.019589253060393417]</MEAN_VALUE>
		<CHECKBOX>2</CHECKBOX>
		<SD>[0.0035739028537920157, 0.006060155204489879, 0.0064369451150156735, 0.010378869487011878, 0.010219512902930947, 0.00925640483832306]</SD>
		<WAVELENGTH_UNIT>E-6m</WAVELENGTH_UNIT>
		<COLOR>#b5d133</COLOR>
		<COVARIANCE_MATRIX>[[1.279446714587817e-05, 1.686896306821865e-05, 1.8503092627465992e-05, 1.0671128234695266e-05, 7.912483128625681e-06, 9.333249293868616e-06], [1.686896306821865e-05, 3.678783336244209e-05, 3.387785614615509e-05, 3.4799035657259335e-06, -1.7321783866535398e-06, 1.646750342321e-06], [1.8503092627465992e-05, 3.387785614615509e-05, 4.150460920899354e-05, 1.5365192485700464e-05, 1.0336917870474473e-05, 1.2742880338795784e-05], [1.0671128234695266e-05, 3.4799035657259335e-06, 1.5365192485700464e-05, 0.00010790381965835555, 8.92235662545872e-05, 7.711923795233881e-05], [7.912483128625681e-06, -1.7321783866535398e-06, 1.0336917870474473e-05, 8.92235662545872e-05, 0.00010461575881862733, 8.517182799463767e-05], [9.333249293868616e-06, 1.646750342321e-06, 1.2742880338795784e-05, 7.711923795233881e-05, 8.517182799463767e-05, 8.582649917359775e-05]]</COVARIANCE_MATRIX>
		<ROI_SIZE>590</ROI_SIZE>
		<MAX_VALUE>[0.10624806582927704, 0.10403747856616974, 0.09613464027643204, 0.08397689461708069, 0.05321535840630531, 0.047792352735996246]</MAX_VALUE>
		<MIN_VALUE>[0.07770930975675583, 0.05504341050982475, 0.0448697954416275, 0.03496966138482094, 0.009527844376862049, 0.002480709459632635]</MIN_VALUE>
		<SIGNATURE_THRESHOLD_MD>0</SIGNATURE_THRESHOLD_MD>
		<SIGNATURE_THRESHOLD_ML>0</SIGNATURE_THRESHOLD_ML>
		<SIGNATURE_THRESHOLD_SAM>0</SIGNATURE_THRESHOLD_SAM>
	</signature>
	<signature ID="20211208_135807164263_230">
		<MACROCLASSID>1</MACROCLASSID>
		<MACROCLASSINFO>waterbody</MACROCLASSINFO>
		<CLASSID>14</CLASSID>
		<CLASSINFO>C 1</CLASSINFO>
		<VALUES>[0.09914547426549919, 0.003022432849875328, 0.09472436072879557, 0.004052320114618768, 0.08320913430594157, 0.00471980249022586, 0.05432310513459614, 0.010929704704082093, 0.030433252107587443, 0.010181536327636097, 0.022007346738365286, 0.008701300729976118]</VALUES>
		<LCS_MIN>[0.08672154694795609, 0.07137477397918701, 0.05693211406469345, 0.03496966138482094, 0.01438201405107975, 0.005966220051050186]</LCS_MIN>
		<LCS_MAX>[0.11075417697429657, 0.10730375349521637, 0.10216580331325531, 0.08397689461708069, 0.058069534599781036, 0.047792352735996246]</LCS_MAX>
		<WAVELENGTH>[0.485, 0.56, 0.66, 0.83, 1.65, 2.215]</WAVELENGTH>
		<MEAN_VALUE>[0.09914547426549919, 0.09472436072879557, 0.08320913430594157, 0.05432310513459614, 0.030433252107587443, 0.022007346738365286]</MEAN_VALUE>
		<CHECKBOX>2</CHECKBOX>
		<SD>[0.003022432849875328, 0.004052320114618768, 0.00471980249022586, 0.010929704704082093, 0.010181536327636097, 0.008701300729976118]</SD>
		<WAVELENGTH_UNIT>E-6m</WAVELENGTH_UNIT>
		<COLOR>#8910a7</COLOR>
		<COVARIANCE_MATRIX>[[1.548386354847875e-05, 1.8560588009848425e-05, 2.1093872594598702e-05, 9.698157541824988e-06, 8.19799923835742e-06, 9.888726423943919e-06], [1.8560588009848425e-05, 3.7908413981045174e-05, 3.5388731230585516e-05, -2.108079929713172e-06, -8.428138672993331e-07, 4.359054805560941e-06], [2.1093872594598702e-05, 3.5388731230585516e-05, 4.325990539638636e-05, 1.2991085472675864e-05, 1.1698380851370284e-05, 1.600429296176e-05], [9.698157541824988e-06, -2.108079929713172e-06, 1.2991085472675864e-05, 0.00012134687245533819, 9.102381838314525e-05, 7.476039225086082e-05], [8.19799923835742e-06, -8.428138672993331e-07, 1.1698380851370284e-05, 9.102381838314525e-05, 0.00010004027417257594, 7.664341366162898e-05], [9.888726423943919e-06, 4.359054805560941e-06, 1.600429296176e-05, 7.476039225086082e-05, 7.664341366162898e-05, 7.781274130183629e-05]]</COVARIANCE_MATRIX>
		<ROI_SIZE>509</ROI_SIZE>
		<MAX_VALUE>[0.11075417697429657, 0.10730375349521637, 0.10216580331325531, 0.08397689461708069, 0.058069534599781036, 0.047792352735996246]</MAX_VALUE>
		<MIN_VALUE>[0.08672154694795609, 0.07137477397918701, 0.05693211406469345, 0.03496966138482094, 0.01438201405107975, 0.005966220051050186]</MIN_VALUE>
		<SIGNATURE_THRESHOLD_MD>0</SIGNATURE_THRESHOLD_MD>
		<SIGNATURE_THRESHOLD_ML>0</SIGNATURE_THRESHOLD_ML>
		<SIGNATURE_THRESHOLD_SAM>0</SIGNATURE_THRESHOLD_SAM>
	</signature>
	<signature ID="20211208_135818196171_237">
		<MACROCLASSID>1</MACROCLASSID>
		<MACROCLASSINFO>waterbody</MACROCLASSINFO>
		<CLASSID>15</CLASSID>
		<CLASSINFO>C 1</CLASSINFO>
		<VALUES>[0.10069587394329056, 0.004977005317673108, 0.0895434039910989, 0.008427239485495928, 0.07731419948062725, 0.010140580475519134, 0.05927132648815002, 0.012812119560926571, 0.041556691584576456, 0.013900373848291596, 0.03469056752510371, 0.013233517537337472]</VALUES>
		<LCS_MIN>[0.08972562104463577, 0.07137477397918701, 0.05391653627157211, 0.03496966138482094, 0.019236182793974876, 0.016422754153609276]</LCS_MIN>
		<LCS_MAX>[0.11375823616981506, 0.110570028424263, 0.10819695144891739, 0.09151646494865417, 0.08234039694070816, 0.06870541721582413]</LCS_MAX>
		<WAVELENGTH>[0.485, 0.56, 0.66, 0.83, 1.65, 2.215]</WAVELENGTH>
		<MEAN_VALUE>[0.10069587394329056, 0.0895434039910989, 0.07731419948062725, 0.05927132648815002, 0.041556691584576456, 0.03469056752510371]</MEAN_VALUE>
		<CHECKBOX>2</CHECKBOX>
		<SD>[0.004977005317673108, 0.008427239485495928, 0.010140580475519134, 0.012812119560926571, 0.013900373848291596, 0.013233517537337472]</SD>
		<WAVELENGTH_UNIT>E-6m</WAVELENGTH_UNIT>
		<COLOR>#7aa3cd</COLOR>
		<COVARIANCE_MATRIX>[[2.4993740327931405e-05, 3.778446268259393e-05, 4.66906223531898e-05, 1.9987716085176734e-05, 3.929080651886473e-05, 4.6684607784864804e-05], [3.778446268259393e-05, 7.165817043910799e-05, 8.138759911241906e-05, 2.072991623203508e-05, 5.5680099348358644e-05, 7.023725087981559e-05], [4.66906223531898e-05, 8.138759911241906e-05, 0.00010375778114066467, 4.07667542427862e-05, 8.296943160803692e-05, 9.597140659081891e-05], [1.9987716085176734e-05, 2.072991623203508e-05, 4.07667542427862e-05, 0.00016562924014476983, 0.00013321958500691228, 0.00010475560930112344], [3.929080651886473e-05, 5.5680099348358644e-05, 8.296943160803692e-05, 0.00013321958500691228, 0.00019496111738463172, 0.00016825492082968454], [4.6684607784864804e-05, 7.023725087981559e-05, 9.597140659081891e-05, 0.00010475560930112344, 0.00016825492082968454, 0.000176703698000307]]</COVARIANCE_MATRIX>
		<ROI_SIZE>112</ROI_SIZE>
		<MAX_VALUE>[0.11375823616981506, 0.110570028424263, 0.10819695144891739, 0.09151646494865417, 0.08234039694070816, 0.06870541721582413]</MAX_VALUE>
		<MIN_VALUE>[0.08972562104463577, 0.07137477397918701, 0.05391653627157211, 0.03496966138482094, 0.019236182793974876, 0.016422754153609276]</MIN_VALUE>
		<SIGNATURE_THRESHOLD_MD>0</SIGNATURE_THRESHOLD_MD>
		<SIGNATURE_THRESHOLD_ML>0</SIGNATURE_THRESHOLD_ML>
		<SIGNATURE_THRESHOLD_SAM>0</SIGNATURE_THRESHOLD_SAM>
	</signature>
	<signature ID="20211208_135824369338_649">
		<MACROCLASSID>1</MACROCLASSID>
		<MACROCLASSINFO>waterbody</MACROCLASSINFO>
		<CLASSID>16</CLASSID>
		<CLASSINFO>C 1</CLASSINFO>
		<VALUES>[0.1042642292267871, 0.004051185363092969, 0.09478099413637849, 0.005691737382113533, 0.08179641981732175, 0.006763509674774111, 0.06342088591377695, 0.013410759979015951, 0.04142797722850207, 0.012977699926590177, 0.030391104874324126, 0.011076061697400897]</VALUES>
		<LCS_MIN>[0.0942317396402359, 0.07464103400707245, 0.06296327710151672, 0.04250923544168472, 0.019236182793974876, 0.009451732039451599]</LCS_MIN>
		<LCS_MAX>[0.11976639926433563, 0.110570028424263, 0.10518138110637665, 0.09151646494865417, 0.070204958319664, 0.058248888701200485]</LCS_MAX>
