<?xml version="1.0" ?>
<signaturelist MCID_LIST="[['1', 'waterbody', '#000000'], ['2', 'vegetation', '#000000'], ['3', 'bareland', '#000000'], ['4', 'built-up', '#000000']]">
	<signature ID="20210606_132350073418_715">
		<MACROCLASSID>1</MACROCLASSID>
		<MACROCLASSINFO>waterbody</MACROCLASSINFO>
		<CLASSID>1</CLASSID>
		<CLASSINFO>C 1</CLASSINFO>
		<VALUES>[0.12111697862840715, 0.001968336537348834, 0.0941607051027983, 0.002271710636090135, 0.05214848878974767, 0.0025275219534365884, 0.02230546364742063, 0.001916710796024322, 0.006546394637761923, 0.001643979978466396, 0.004417698755172832, 0.002284981767474243]</VALUES>
		<LCS_MIN>[0.11000926047563553, 0.08666983991861343, 0.04358212277293205, 0.015083539299666882, 0.00018792373884934932, 0.0]</LCS_MIN>
		<LCS_MAX>[0.13062363862991333, 0.10174673050642014, 0.061045095324516296, 0.027187762781977654, 0.01476969663053751, 0.01168633159250021]</LCS_MAX>
		<WAVELENGTH>[0.485, 0.56, 0.66, 0.835, 1.65, 2.22]</WAVELENGTH>
		<MEAN_VALUE>[0.12111697862840715, 0.0941607051027983, 0.05214848878974767, 0.02230546364742063, 0.006546394637761923, 0.004417698755172832]</MEAN_VALUE>
		<CHECKBOX>2</CHECKBOX>
		<SD>[0.001968336537348834, 0.002271710636090135, 0.0025275219534365884, 0.001916710796024322, 0.001643979978466396, 0.002284981767474243]</SD>
		<WAVELENGTH_UNIT>E-6m</WAVELENGTH_UNIT>
		<COLOR>#34f0b2</COLOR>
		<COVARIANCE_MATRIX>[[3.788150196586924e-06, 1.021085348589794e-06, 1.037596977274136e-06, 1.8136233182850655e-07, 1.5045830922263922e-08, -8.665739201483256e-09], [1.021085348589794e-06, 5.114709632422469e-06, 2.9266326024006597e-06, 4.491805667242761e-07, -2.880771045447093e-07, -2.1629748061777976e-07], [1.037596977274136e-06, 2.9266326024006597e-06, 6.336403144017909e-06, 4.079683898922642e-07, -2.671974289202833e-07, -2.871698557670162e-07], [1.8136233182850655e-07, 4.491805667242761e-07, 4.079683898922642e-07, 3.72611222564144e-06, 6.894691441444403e-08, 2.8804649704115102e-08], [1.5045830922263922e-08, -2.880771045447093e-07, -2.671974289202833e-07, 6.894691441444403e-08, 2.7140681784721764e-06, 1.4083986086658104e-07], [-8.665739201483256e-09, -2.1629748061777976e-07, -2.871698557670162e-07, 2.8804649704115102e-08, 1.4083986086658104e-07, 5.231652141464806e-06]]</COVARIANCE_MATRIX>
		<ROI_SIZE>10201</ROI_SIZE>
		<MAX_VALUE>[0.13062363862991333, 0.10174673050642014, 0.061045095324516296, 0.027187762781977654, 0.01476969663053751, 0.01168633159250021]</MAX_VALUE>
		<MIN_VALUE>[0.11000926047563553, 0.08666983991861343, 0.04358212277293205, 0.015083539299666882, 0.00018792373884934932, 0.0]</MIN_VALUE>
		<SIGNATURE_THRESHOLD_MD>0</SIGNATURE_THRESHOLD_MD>
		<SIGNATURE_THRESHOLD_ML>0</SIGNATURE_THRESHOLD_ML>
		<SIGNATURE_THRESHOLD_SAM>0</SIGNATURE_THRESHOLD_SAM>
	</signature>
	<signature ID="20210606_132357213866_928">
		<MACROCLASSID>1</MACROCLASSID>
		<MACROCLASSINFO>waterbody</MACROCLASSINFO>
		<CLASSID>2</CLASSID>
		<CLASSINFO>C 1</CLASSINFO>
		<VALUES>[0.1274892340140665, 0.002100307052888331, 0.12400069064015011, 0.002572721458971079, 0.14230580391614325, 0.004434211843183534, 0.07972128770249627, 0.009999050064278777, 0.006671919842781248, 0.0016695719834669061, 0.004180828652921623, 0.0022680481181686137]</VALUES>
		<LCS_MIN>[0.12031644582748413, 0.11493901163339615, 0.1239117681980133, 0.0513962060213089, 0.00018792373884934932, 0.0]</LCS_MIN>
		<LCS_MAX>[0.13577722012996674, 0.13566972315311432, 0.1570914089679718, 0.11191731691360474, 0.017199991270899773, 0.014011076651513577]</LCS_MAX>
		<WAVELENGTH>[0.485, 0.56, 0.66, 0.835, 1.65, 2.22]</WAVELENGTH>
		<MEAN_VALUE>[0.1274892340140665, 0.12400069064015011, 0.14230580391614325, 0.07972128770249627, 0.006671919842781248, 0.004180828652921623]</MEAN_VALUE>
		<CHECKBOX>2</CHECKBOX>
		<SD>[0.002100307052888331, 0.002572721458971079, 0.004434211843183534, 0.009999050064278777, 0.0016695719834669061, 0.0022680481181686137]</SD>
		<WAVELENGTH_UNIT>E-6m</WAVELENGTH_UNIT>
		<COLOR>#01839a</COLOR>
		<COVARIANCE_MATRIX>[[4.484081540512783e-06, 2.0614159805772807e-06, 1.942135033915428e-06, -3.022727415121089e-06, 2.385999612051885e-08, -6.102236482563627e-08], [2.0614159805772807e-06, 6.662229583477659e-06, 5.622038609593919e-06, -6.382665135564281e-08, -2.5072030359388123e-08, -8.055234371948209e-08], [1.942135033915428e-06, 5.622038609593919e-06, 1.938160854018939e-05, 2.6939985833233986e-05, 7.404350422762899e-08, -1.1572447763225012e-07], [-3.022727415121089e-06, -6.382665135564281e-08, 2.6939985833233986e-05, 0.000101245990094724, 4.5047518861095487e-07, 3.9619646022573924e-08], [2.385999612051885e-08, -2.5072030359388123e-08, 7.404350422762899e-08, 4.5047518861095487e-07, 2.777125375246851e-06, 2.4519293326427546e-08], [-6.102236482563627e-08, -8.055234371948209e-08, -1.1572447763225012e-07, 3.9619646022573924e-08, 2.4519293326427546e-08, 5.087174373274785e-06]]</COVARIANCE_MATRIX>
		<ROI_SIZE>10200</ROI_SIZE>
		<MAX_VALUE>[0.13577722012996674, 0.13566972315311432, 0.1570914089679718, 0.11191731691360474, 0.017199991270899773, 0.014011076651513577]</MAX_VALUE>
		<MIN_VALUE>[0.12031644582748413, 0.11493901163339615, 0.1239117681980133, 0.0513962060213089, 0.00018792373884934932, 0.0]</MIN_VALUE>
		<SIGNATURE_THRESHOLD_MD>0</SIGNATURE_THRESHOLD_MD>
		<SIGNATURE_THRESHOLD_ML>0</SIGNATURE_THRESHOLD_ML>
		<SIGNATURE_THRESHOLD_SAM>0</SIGNATURE_THRESHOLD_SAM>
	</signature>
	<signature ID="20210606_132400753548_627">
		<MACROCLASSID>1</MACROCLASSID>
		<MACROCLASSINFO>waterbody</MACROCLASSINFO>
		<CLASSID>3</CLASSID>
		<CLASSINFO>C 1</CLASSINFO>
		<VALUES>[0.1297843848637414, 0.004125471566167403, 0.12223089399056557, 0.0038260061240712492, 0.12611813907529026, 0.0084025834744081, 0.06074999094617653, 0.01235406606045413, 0.00878877886202827, 0.0026540264411426214, 0.005689410088299786, 0.002686923056792338]</VALUES>
		<LCS_MIN>[0.1185985803604126, 0.10928516834974289, 0.095971018075943, 0.0312225092202425, 0.0026182185392826796, 0.0]</LCS_MIN>
		<LCS_MAX>[0.1443665474653244, 0.13378511369228363, 0.14312103390693665, 0.08770887553691864, 0.017199991270899773, 0.016335822641849518]</LCS_MAX>
		<WAVELENGTH>[0.485, 0.56, 0.66, 0.835, 1.65, 2.22]</WAVELENGTH>
		<MEAN_VALUE>[0.1297843848637414, 0.12223089399056557, 0.12611813907529026, 0.06074999094617653, 0.00878877886202827, 0.005689410088299786]</MEAN_VALUE>
		<CHECKBOX>2</CHECKBOX>
		<SD>[0.004125471566167403, 0.0038260061240712492, 0.0084025834744081, 0.01235406606045413, 0.0026540264411426214, 0.002686923056792338]</SD>
		<WAVELENGTH_UNIT>E-6m</WAVELENGTH_UNIT>
		<COLOR>#79ac9c</COLOR>
		<COVARIANCE_MATRIX>[[1.3891290527286297e-05, 8.091671197442579e-06, -2.8530614255847958e-06, -4.92302840367278e-06, 5.425411511251756e-06, 3.838745078372882e-06], [8.091671197442579e-06, 1.3163941521779134e-05, 1.6111405461793997e-05, 1.1084871178629132e-05, 3.1286349667641503e-06, 2.106696198239303e-06], [-2.8530614255847958e-06, 1.6111405461793997e-05, 0.00011172213699667965, 0.00011497916435723836, -2.7155323276575425e-06, -2.409573805335224e-06], [-4.92302840367278e-06, 1.1084871178629132e-05, 0.00011497916435723836, 0.00016362732302549563, 2.6946021161951355e-07, -9.565243254789994e-07], [5.425411511251756e-06, 3.1286349667641503e-06, -2.7155323276575425e-06, 2.6946021161951355e-07, 6.55884875382843e-06, 2.6750754705388444e-06], [3.838745078372882e-06, 2.106696198239303e-06, -2.409573805335224e-06, -9.565243254789994e-07, 2.6750754705388444e-06, 7.134155898164035e-06]]</COVARIANCE_MATRIX>
		<ROI_SIZE>7208</ROI_SIZE>
		<MAX_VALUE>[0.1443665474653244, 0.13378511369228363, 0.14312103390693665, 0.08770887553691864, 0.017199991270899773, 0.016335822641849518]</MAX_VALUE>
		<MIN_VALUE>[0.1185985803604126, 0.10928516834974289, 0.095971018075943, 0.0312225092202425, 0.0026182185392826796, 0.0]</MIN_VALUE>
		<SIGNATURE_THRESHOLD_MD>0</SIGNATURE_THRESHOLD_MD>
		<SIGNATURE_THRESHOLD_ML>0</SIGNATURE_THRESHOLD_ML>
		<SIGNATURE_THRESHOLD_SAM>0</SIGNATURE_THRESHOLD_SAM>
	</signature>
	<signature ID="20210606_132404132163_174">
		<MACROCLASSID>1</MACROCLASSID>
		<MACROCLASSINFO>waterbody</MACROCLASSINFO>
		<CLASSID>4</CLASSID>
		<CLASSINFO>C 1</CLASSINFO>
		<VALUES>[0.11805277116914499, 0.002051847527807615, 0.10160096192670638, 0.0024494029749537937, 0.07751225603629631, 0.007322049924352101, 0.029036479071842043, 0.004714296927071082, 0.006008618090925745, 0.001983307339155455, 0.0037842913408517097, 0.0022880563148229218]</VALUES>
		<LCS_MIN>[0.11000926047563553, 0.09043906629085541, 0.05755249783396721, 0.023153025656938553, 0.0, 0.0]</LCS_MIN>
		<LCS_MAX>[0.12547002732753754, 0.11116977781057358, 0.10120990872383118, 0.0675351694226265, 0.034212056547403336, 0.023310063406825066]</LCS_MAX>
		<WAVELENGTH>[0.485, 0.56, 0.66, 0.835, 1.65, 2.22]</WAVELENGTH>
		<MEAN_VALUE>[0.11805277116914499, 0.10160096192670638, 0.07751225603629631, 0.029036479071842043, 0.006008618090925745, 0.0037842913408517097]</MEAN_VALUE>
		<CHECKBOX>2</CHECKBOX>
		<SD>[0.002051847527807615, 0.0024494029749537937, 0.007322049924352101, 0.004714296927071082, 0.001983307339155455, 0.0022880563148229218]</SD>
		<WAVELENGTH_UNIT>E-6m</WAVELENGTH_UNIT>
		<COLOR>#65b495</COLOR>
		<COVARIANCE_MATRIX>[[4.142170707439947e-06, 1.0808590038449907e-06, -1.4058632309913025e-06, -1.5258584650715136e-06, 6.67508445525877e-08, 1.97225021412484e-08], [1.0808590038449907e-06, 6.0520590141827954e-06, 6.872228179641187e-06, 2.741390198025809e-07, -3.87085149314615e-07, -1.379888796868943e-07], [-1.4058632309913025e-06, 6.872228179641187e-06, 5.1286411332888936e-05, 2.130008414537474e-05, 2.464227930577457e-07, 6.285746152104141e-08], [-1.5258584650715136e-06, 2.741390198025809e-07, 2.130008414537474e-05, 2.1507836794045727e-05, 2.0503579852645193e-06, 8.953982605989464e-07], [6.67508445525877e-08, -3.87085149314615e-07, 2.464227930577457e-07, 2.0503579852645193e-06, 3.991185863809651e-06, 7.159533924658144e-07], [1.97225021412484e-08, -1.379888796868943e-07, 6.285746152104141e-08, 8.953982605989464e-07, 7.159533924658144e-07, 5.361730482206278e-06]]</COVARIANCE_MATRIX>
		<ROI_SIZE>8906</ROI_SIZE>
		<MAX_VALUE>[0.12547002732753754, 0.11116977781057358, 0.10120990872383118, 0.0675351694226265, 0.034212056547403336, 0.023310063406825066]</MAX_VALUE>
		<MIN_VALUE>[0.11000926047563553, 0.09043906629085541, 0.05755249783396721, 0.023153025656938553, 0.0, 0.0]</MIN_VALUE>
		<SIGNATURE_THRESHOLD_MD>0</SIGNATURE_THRESHOLD_MD>
		<SIGNATURE_THRESHOLD_ML>0</SIGNATURE_THRESHOLD_ML>
		<SIGNATURE_THRESHOLD_SAM>0</SIGNATURE_THRESHOLD_SAM>
	</signature>
	<signature ID="20210606_132407584277_943">
		<MACROCLASSID>1</MACROCLASSID>
		<MACROCLASSINFO>waterbody</MACROCLASSINFO>
		<CLASSID>5</CLASSID>
		<CLASSINFO>C 1</CLASSINFO>
		<VALUES>[0.11699065356030845, 0.002776525047331867, 0.0942922675090651, 0.004571780637255259, 0.05856277315735137, 0.0075133009453710745, 0.024437741813416982, 0.004025832440405149, 0.005748845037288023, 0.0022656852005114828, 0.0035794471569956143, 0.002419411539413248]</VALUES>
		<LCS_MIN>[0.09283062815666199, 0.060285285115242004, 0.03485064581036568, 0.015083539299666882, 0.0, 0.0]</LCS_MIN>
		<LCS_MAX>[0.12547002732753754, 0.10551594942808151, 0.08898583799600601, 0.06350043416023254, 0.041502945125103, 0.023310063406825066]</LCS_MAX>
		<WAVELENGTH>[0.485, 0.56, 0.66, 0.835, 1.65, 2.22]</WAVELENGTH>
		<MEAN_VALUE>[0.11699065356030845, 0.0942922675090651, 0.05856277315735137, 0.024437741813416982, 0.005748845037288023, 0.0035794471569956143]</MEAN_VALUE>
		<CHECKBOX>2</CHECKBOX>
		<SD>[0.002776525047331867, 0.004571780637255259, 0.0075133009453710745, 0.004025832440405149, 0.0022656852005114828, 0.002419411539413248]</SD>
		<WAVELENGTH_UNIT>E-6m</WAVELENGTH_UNIT>
		<COLOR>#74489e</COLOR>
		<COVARIANCE_MATRIX>[[6.969631002079112e-06, 7.579252120166313e-06, 1.1450832555804078e-05, 1.884048132064231e-06, -2.642044729393487e-07, -1.6569621548038864e-07], [7.579252120166313e-06, 1.929164543770147e-05, 2.8497499077303645e-05, 6.578033152272012e-06, 8.113056068814335e-08, -1.1290904119777475e-07], [1.1450832555804078e-05, 2.8497499077303645e-05, 5.946691625658169e-05, 1.8371545658051113e-05, 2.4781478144775674e-06, 9.505858318789759e-07], [1.884048132064231e-06, 6.578033152272012e-06, 1.8371545658051113e-05, 1.713271495583587e-05, 4.155826682806843e-06, 2.138998005568254e-06], [-2.642044729393487e-07, 8.113056068814335e-08, 2.4781478144775674e-06, 4.155826682806843e-06, 4.763859539541726e-06, 1.147005633045079e-06], [-1.6569621548038864e-07, -1.1290904119777475e-07, 9.505858318789759e-07, 2.138998005568254e-06, 1.147005633045079e-06, 5.583483354562434e-06]]</COVARIANCE_MATRIX>
		<ROI_SIZE>8918</ROI_SIZE>
		<MAX_VALUE>[0.12547002732753754, 0.10551594942808151, 0.08898583799600601, 0.06350043416023254, 0.041502945125103, 0.023310063406825066]</MAX_VALUE>
		<MIN_VALUE>[0.09283062815666199, 0.060285285115242004, 0.03485064581036568, 0.015083539299666882, 0.0, 0.0]</MIN_VALUE>
		<SIGNATURE_THRESHOLD_MD>0</SIGNATURE_THRESHOLD_MD>
		<SIGNATURE_THRESHOLD_ML>0</SIGNATURE_THRESHOLD_ML>
		<SIGNATURE_THRESHOLD_SAM>0</SIGNATURE_THRESHOLD_SAM>
	</signature>
	<signature ID="20210606_132410677939_261">
		<MACROCLASSID>1</MACROCLASSID>
		<MACROCLASSINFO>waterbody</MACROCLASSINFO>
		<CLASSID>6</CLASSID>
		<CLASSINFO>C 1</CLASSINFO>
		<VALUES>[0.11527486181900648, 0.0021819427584768864, 0.08766752244955692, 0.00315029018618407, 0.051902258127298075, 0.005073549580367292, 0.02319232020471782, 0.002363295632674986, 0.005909026549817871, 0.0017935724935101433, 0.003784740169546157, 0.0022794701921482917]</VALUES>
		<LCS_MIN>[0.10485567152500153, 0.0772467851638794, 0.04008953273296356, 0.019118284806609154, 0.00018792373884934932, 0.0]</LCS_MIN>
		<LCS_MAX>[0.12203430384397507, 0.09609289467334747, 0.07152286916971207, 0.0513962060213089, 0.02935146540403366, 0.023310063406825066]</LCS_MAX>
		<WAVELENGTH>[0.485, 0.56, 0.66, 0.835, 1.65, 2.22]</WAVELENGTH>
		<MEAN_VALUE>[0.11527486181900648, 0.08766752244955692, 0.051902258127298075, 0.02319232020471782, 0.005909026549817871, 0.003784740169546157]</MEAN_VALUE>
		<CHECKBOX>2</CHECKBOX>
		<SD>[0.0021819427584768864, 0.00315029018618407, 0.005073549580367292, 0.002363295632674986, 0.0017935724935101433, 0.0022794701921482917]</SD>
		<WAVELENGTH_UNIT>E-6m</WAVELENGTH_UNIT>
		<COLOR>#109073</COLOR>
		<COVARIANCE_MATRIX>[[4.857028989755785e-06, 3.268198285658035e-06, 3.627460605990866e-06, 3.7109741419470267e-07, -3.082822935724009e-08, -1.2119513421001264e-08], [3.268198285658035e-06, 9.983015507288684e-06, 1.0318054433930196e-05, 1.4779302862120854e-06, -7.866961833179515e-08, -1.1264704895540395e-07], [3.627460605990866e-06, 1.0318054433930196e-05, 2.429985313785977e-05, 4.665836608288639e-06, 2.2455443338091714e-07, 1.5569591891031413e-07], [3.7109741419470267e-07, 1.4779302862120854e-06, 4.665836608288639e-06, 5.153338793096588e-06, 5.007269547435653e-07, 4.060362520180223e-07], [-3.082822935724009e-08, -7.866961833179515e-08, 2.2455443338091714e-07, 5.007269547435653e-07, 3.0974210607861803e-06, 3.9624447830621273e-07], [-1.2119513421001264e-08, -1.1264704895540395e-07, 1.5569591891031413e-07, 4.060362520180223e-07, 3.9624447830621273e-07, 5.117573242817348e-06]]</COVARIANCE_MATRIX>
		<ROI_SIZE>10198</ROI_SIZE>
		<MAX_VALUE>[0.12203430384397507, 0.09609289467334747, 0.07152286916971207, 0.0513962060213089, 0.02935146540403366, 0.023310063406825066]</MAX_VALUE>
		<MIN_VALUE>[0.10485567152500153, 0.0772467851638794, 0.04008953273296356, 0.019118284806609154, 0.00018792373884934932, 0.0]</MIN_VALUE>
		<SIGNATURE_THRESHOLD_MD>0</SIGNATURE_THRESHOLD_MD>
		<SIGNATURE_THRESHOLD_ML>0</SIGNATURE_THRESHOLD_ML>
		<SIGNATURE_THRESHOLD_SAM>0</SIGNATURE_THRESHOLD_SAM>
	</signature>
	<signature ID="20210606_132414236856_368">
		<MACROCLASSID>1</MACROCLASSID>
		<MACROCLASSINFO>waterbody</MACROCLASSINFO>
		<CLASSID>7</CLASSID>
		<CLASSINFO>C 1</CLASSINFO>
		<VALUES>[0.11351189418194095, 0.002422548265371081, 0.08918142641162603, 0.002998231170565152, 0.061097147179081754, 0.005811990941163881, 0.02772414965070361, 0.005305101311879484, 0.00667294157845862, 0.0034583252751717586, 0.0041001065478125185, 0.003142317514383101]</VALUES>
		<LCS_MIN>[0.10657353699207306, 0.08101600408554077, 0.04707471653819084, 0.019118284806609154, 0.00018792373884934932, 0.0]</LCS_MIN>
		<LCS_MAX>[0.1289057731628418, 0.11116977781057358, 0.0942247211933136, 0.06350043416023254, 0.04879382625222206, 0.03958328813314438]</LCS_MAX>
		<WAVELENGTH>[0.485, 0.56, 0.66, 0.835, 1.65, 2.22]</WAVELENGTH>
		<MEAN_VALUE>[0.11351189418194095, 0.08918142641162603, 0.061097147179081754, 0.02772414965070361, 0.00667294157845862, 0.0041001065478125185]</MEAN_VALUE>
		<CHECKBOX>2</CHECKBOX>
		<SD>[0.002422548265371081, 0.002998231170565152, 0.005811990941163881, 0.005305101311879484, 0.0034583252751717586, 0.003142317514383101]</SD>
		<WAVELENGTH_UNIT>E-6m</WAVELENGTH_UNIT>
		<COLOR>#c3a0fb</COLOR>
		<COVARIANCE_MATRIX>[[5.381440058920884e-06, 2.9095215338778297e-06, 1.5728807048988658e-07, 7.522916072460256e-07, 2.1360123837913305e-06, 1.5813475356582157e-06], [2.9095215338778297e-06, 8.196844263427456e-06, 6.251206358691495e-06, 2.937960830773917e-06, 2.7375943206465093e-06, 1.9550020580455784e-06], [1.5728807048988658e-07, 6.251206358691495e-06, 3.217183448874378e-05, 1.4293844714416757e-05, 3.520717083663388e-06, 2.2794521767597954e-06], [7.522916072460256e-07, 2.937960830773917e-06, 1.4293844714416757e-05, 2.337024964267377e-05, 8.564039883505086e-06, 5.366450507349508e-06], [2.1360123837913305e-06, 2.7375943206465093e-06, 3.520717083663388e-06, 8.564039883505086e-06, 1.1238475970842804e-05, 6.053843358844744e-06], [1.5813475356582157e-06, 1.9550020580455784e-06, 2.2794521767597954e-06, 5.366450507349508e-06, 6.053843358844744e-06, 9.424148586358505e-06]]</COVARIANCE_MATRIX>
		<ROI_SIZE>8235</ROI_SIZE>
		<MAX_VALUE>[0.1289057731628418, 0.11116977781057358, 0.0942247211933136, 0.06350043416023254, 0.04879382625222206, 0.03958328813314438]</MAX_VALUE>
		<MIN_VALUE>[0.10657353699207306, 0.08101600408554077, 0.04707471653819084, 0.019118284806609154, 0.00018792373884934932, 0.0]</MIN_VALUE>
		<SIGNATURE_THRESHOLD_MD>0</SIGNATURE_THRESHOLD_MD>
		<SIGNATURE_THRESHOLD_ML>0</SIGNATURE_THRESHOLD_ML>
		<SIGNATURE_THRESHOLD_SAM>0</SIGNATURE_THRESHOLD_SAM>
	</signature>
	<signature ID="20210606_132418681488_664">
		<MACROCLASSID>1</MACROCLASSID>
		<MACROCLASSINFO>waterbody</MACROCLASSINFO>
		<CLASSID>8</CLASSID>
		<CLASSINFO>C 1</CLASSINFO>
		<VALUES>[0.12516593123433514, 0.0026940911758345752, 0.11831648019631652, 0.0032567806116390184, 0.1082411580050851, 0.00760605984126375, 0.04474077991238644, 0.008044747586340306, 0.009318015555674283, 0.003725340200633219, 0.005597229957480578, 0.0032666004843474746]</VALUES>
		<LCS_MIN>[0.11688071489334106, 0.10551594942808151, 0.0907321497797966, 0.0312225092202425, 0.0, 0.0]</LCS_MIN>
		<LCS_MAX>[0.1392129510641098, 0.12813127040863037, 0.1291506588459015, 0.07560465484857559, 0.043933238834142685, 0.037258539348840714]</LCS_MAX>
		<WAVELENGTH>[0.485, 0.56, 0.66, 0.835, 1.65, 2.22]</WAVELENGTH>
		<MEAN_VALUE>[0.12516593123433514, 0.11831648019631652, 0.1082411580050851, 0.04474077991238644, 0.009318015555674283, 0.005597229957480578]</MEAN_VALUE>
		<CHECKBOX>2</CHECKBOX>
		<SD>[0.0026940911758345752, 0.0032567806116390184, 0.00760605984126375, 0.008044747586340306, 0.003725340200633219, 0.0032666004843474746]</SD>
		<WAVELENGTH_UNIT>E-6m</WAVELENGTH_UNIT>
		<COLOR>#f816fb</COLOR>
		<COVARIANCE_MATRIX>[[7.0498996592293034e-06, 4.68522504185419e-06, -2.175664389245567e-06, -4.486375361528893e-06, 5.057882865706588e-07, 7.090426060618528e-07], [4.68522504185419e-06, 1.017097003189874e-05, 3.780452707429388e-06, -4.885771303077608e-06, -1.4653509366708826e-06, -6.938726518299323e-07], [-2.175664389245567e-06, 3.780452707429388e-06, 4.7282232251368926e-05, 2.633361431982783e-05, -2.053496661276805e-06, -1.3787070318693002e-06], [-4.486375361528893e-06, -4.885771303077608e-06, 2.633361431982783e-05, 5.954944983797603e-05, 1.5120954984118324e-05, 8.090761658031942e-06], [5.057882865706588e-07, -1.4653509366708826e-06, -2.053496661276805e-06, 1.5120954984118324e-05, 1.587888882707748e-05, 9.061786369188917e-06], [7.090426060618528e-07, -6.938726518299323e-07, -1.3787070318693002e-06, 8.090761658031942e-06, 9.061786369188917e-06, 1.184205265873687e-05]]</COVARIANCE_MATRIX>
		<ROI_SIZE>3562</ROI_SIZE>
		<MAX_VALUE>[0.1392129510641098, 0.12813127040863037, 0.1291506588459015, 0.07560465484857559, 0.043933238834142685, 0.037258539348840714]</MAX_VALUE>
		<MIN_VALUE>[0.11688071489334106, 0.10551594942808151, 0.0907321497797966, 0.0312225092202425, 0.0, 0.0]</MIN_VALUE>
		<SIGNATURE_THRESHOLD_MD>0</SIGNATURE_THRESHOLD_MD>
		<SIGNATURE_THRESHOLD_ML>0</SIGNATURE_THRESHOLD_ML>
		<SIGNATURE_THRESHOLD_SAM>0</SIGNATURE_THRESHOLD_SAM>
	</signature>
	<signature ID="20210606_132426021885_268">
		<MACROCLASSID>1</MACROCLASSID>
		<MACROCLASSINFO>waterbody</MACROCLASSINFO>
		<CLASSID>9</CLASSID>
		<CLASSINFO>C 1</CLASSINFO>
		<VALUES>[0.1383349948778239, 0.003301182438975314, 0.1299950157396355, 0.004407948386946555, 0.14519802126559073, 0.005730440527011634, 0.11617323502914718, 0.006098160115435177, 0.01711655946361812, 0.006996021851377506, 0.009580378454992195, 0.005245346334173525]</VALUES>
		<LCS_MIN>[0.12547002732753754, 0.11305438727140427, 0.11518028378486633, 0.09981309622526169, 0.0074788108468055725, 0.0]</LCS_MIN>
		<LCS_MAX>[0.1495201289653778, 0.14320816099643707, 0.16407658159732819, 0.14822997152805328, 0.053654417395591736, 0.03958328813314438]</LCS_MAX>
		<WAVELENGTH>[0.485, 0.56, 0.66, 0.835, 1.65, 2.22]</WAVELENGTH>
		<MEAN_VALUE>[0.1383349948778239, 0.1299950157396355, 0.14519802126559073, 0.11617323502914718, 0.01711655946361812, 0.009580378454992195]</MEAN_VALUE>
		<CHECKBOX>2</CHECKBOX>
		<SD>[0.003301182438975314, 0.004407948386946555, 0.005730440527011634, 0.006098160115435177, 0.006996021851377506, 0.005245346334173525]</SD>
		<WAVELENGTH_UNIT>E-6m</WAVELENGTH_UNIT>
		<COLOR>#e92eef</COLOR>
		<COVARIANCE_MATRIX>[[1.0903843060770213e-05, 1.0363214841991476e-05, 1.1400930748471455e-05, -7.539404106583389e-06, 4.5406878512787765e-07, 6.060006662745292e-07], [1.0363214841991476e-05, 1.9440773529897017e-05, 2.1255855951510502e-05, -1.49546664900497e-05, -2.3514466877851776e-06, -1.240556809463636e-06], [1.1400930748471455e-05, 2.1255855951510502e-05, 3.285614140294325e-05, -2.1944600699242666e-05, -8.902463414789468e-06, -5.175632286877483e-06], [-7.539404106583389e-06, -1.49546664900497e-05, -2.1944600699242666e-05, 3.720815931802366e-05, 2.4529767126586082e-05, 1.579553886745685e-05], [4.5406878512787765e-07, -2.3514466877851776e-06, -8.902463414789468e-06, 2.4529767126586082e-05, 4.897143771267729e-05, 3.157604455119666e-05], [6.060006662745292e-07, -1.240556809463636e-06, -5.175632286877483e-06, 1.579553886745685e-05, 3.157604455119666e-05, 2.752890118934201e-05]]</COVARIANCE_MATRIX>
		<ROI_SIZE>1806</ROI_SIZE>
		<MAX_VALUE>[0.1495201289653778, 0.14320816099643707, 0.16407658159732819, 0.14822997152805328, 0.053654417395591736, 0.03958328813314438]</MAX_VALUE>
		<MIN_VALUE>[0.12547002732753754, 0.11305438727140427, 0.11518028378486633, 0.09981309622526169, 0.0074788108468055725, 0.0]</MIN_VALUE>
		<SIGNATURE_THRESHOLD_MD>0</SIGNATURE_THRESHOLD_MD>
		<SIGNATURE_THRESHOLD_ML>0</SIGNATURE_THRESHOLD_ML>
		<SIGNATURE_THRESHOLD_SAM>0</SIGNATURE_THRESHOLD_SAM>
	</signature>
	<signature ID="20210606_132514231146_114">
		<MACROCLASSID>1</MACROCLASSID>
		<MACROCLASSINFO>waterbody</MACROCLASSINFO>
		<CLASSID>10</CLASSID>
		<CLASSINFO>C 1</CLASSINFO>
		<VALUES>[0.132394272265798, 0.0021040232645680454, 0.1307465736043908, 0.0024886501344436236, 0.15026900212485644, 0.005028009544090882, 0.10624987924061083, 0.007273042648242371, 0.018258096761725292, 0.009034678327879965, 0.010836647369923402, 0.006561938578321549]</VALUES>
		<LCS_MIN>[0.1237521693110466, 0.11493901163339615, 0.11343398690223694, 0.09577836096286774, 0.0074788108468055725, 0.0]</LCS_MIN>
		<LCS_MAX>[0.14093081653118134, 0.13566972315311432, 0.1588377058506012, 0.14016050100326538, 0.053654417395591736, 0.04423278570175171]</LCS_MAX>
		<WAVELENGTH>[0.485, 0.56, 0.66, 0.835, 1.65, 2.22]</WAVELENGTH>
		<MEAN_VALUE>[0.132394272265798, 0.1307465736043908, 0.15026900212485644, 0.10624987924061083, 0.018258096761725292, 0.010836647369923402]</MEAN_VALUE>
		<CHECKBOX>2</CHECKBOX>
		<SD>[0.0021040232645680454, 0.0024886501344436236, 0.005028009544090882, 0.007273042648242371, 0.009034678327879965, 0.006561938578321549]</SD>
		<WAVELENGTH_UNIT>E-6m</WAVELENGTH_UNIT>
		<COLOR>#3fdc29</COLOR>
		<COVARIANCE_MATRIX>[[4.431608398265557e-06, 1.4411069673755488e-06, 2.4982111610653323e-06, -2.7876318727352545e-06, -3.0708740615638948e-06, -1.7084007780347382e-06], [1.4411069673755488e-06, 6.199947232378579e-06, 8.679262214231208e-06, -1.0264028831727914e-05, -1.3324478420841038e-05, -9.130715160872514e-06], [2.4982111610653323e-06, 8.679262214231208e-06, 2.530768896802009e-05, -2.763340052670068e-05, -3.3543973049315467e-05, -2.129666456390717e-05], [-2.7876318727352545e-06, -1.0264028831727914e-05, -2.763340052670068e-05, 5.2953243901183436e-05, 5.4396855332385816e-05, 3.509605012750977e-05], [-3.0708740615638948e-06, -1.3324478420841038e-05, -3.3543973049315467e-05, 5.4396855332385816e-05, 8.171197178040409e-05, 5.3138700756329556e-05], [-1.7084007780347382e-06, -9.130715160872514e-06, -2.129666456390717e-05, 3.509605012750977e-05, 5.3138700756329556e-05, 4.3104699663783025e-05]]</COVARIANCE_MATRIX>
		<ROI_SIZE>944</ROI_SIZE>
		<MAX_VALUE>[0.14093081653118134, 0.13566972315311432, 0.1588377058506012, 0.14016050100326538, 0.053654417395591736, 0.04423278570175171]</MAX_VALUE>
		<MIN_VALUE>[0.1237521693110466, 0.11493901163339615, 0.11343398690223694, 0.09577836096286774, 0.0074788108468055725, 0.0]</MIN_VALUE>
		<SIGNATURE_THRESHOLD_MD>0</SIGNATURE_THRESHOLD_MD>
		<SIGNATURE_THRESHOLD_ML>0</SIGNATURE_THRESHOLD_ML>
		<SIGNATURE_THRESHOLD_SAM>0</SIGNATURE_THRESHOLD_SAM>
	</signature>
	<signature ID="20210606_132518429437_426">
		<MACROCLASSID>1</MACROCLASSID>
		<MACROCLASSINFO>waterbody</MACROCLASSINFO>
		<CLASSID>11</CLASSID>
		<CLASSINFO>C 1</CLASSINFO>
		<VALUES>[0.13540695624468027, 0.004193332589163794, 0.12928849677170132, 0.006075461402974612, 0.12771510657735347, 0.009972628664060105, 0.09016612371929307, 0.014301393450244098, 0.02385741667378515, 0.012057244359611101, 0.012700128910554224, 0.006893287470355404]</VALUES>
		<LCS_MIN>[0.12203430384397507, 0.10928516834974289, 0.09771732240915298, 0.0675351694226265, 0.005048513412475586, 0.0023873429745435715]</LCS_MIN>
		<LCS_MAX>[0.1443665474653244, 0.137554332613945, 0.13962842524051666, 0.11998679488897324, 0.06337560713291168, 0.04190802946686745]</LCS_MAX>
		<WAVELENGTH>[0.485, 0.56, 0.66, 0.835, 1.65, 2.22]</WAVELENGTH>
		<MEAN_VALUE>[0.13540695624468027, 0.12928849677170132, 0.12771510657735347, 0.09016612371929307, 0.02385741667378515, 0.012700128910554224]</MEAN_VALUE>
		<CHECKBOX>2</CHECKBOX>
		<SD>[0.004193332589163794, 0.006075461402974612, 0.009972628664060105, 0.014301393450244098, 0.012057244359611101, 0.006893287470355404]</SD>
		<WAVELENGTH_UNIT>E-6m</WAVELENGTH_UNIT>
		<COLOR>#ce2747</COLOR>
		<COVARIANCE_MATRIX>[[1.8056435355511574e-05, 2.2480153428816613e-05, 3.836703889698782e-05, -4.2471567208998344e-05, -3.657096549172141e-05, -1.761764378653198e-05], [2.2480153428816613e-05, 3.83741618573122e-05, 5.972540253667264e-05, -6.654030278405444e-05, -5.825546027855762e-05, -2.932877189415035e-05], [3.836703889698782e-05, 5.972540253667264e-05, 0.000105333401484864, -0.00011301842336913819, -9.858720548994202e-05, -4.9040358281154925e-05], [-4.2471567208998344e-05, -6.654030278405444e-05, -0.00011301842336913819, 0.00019700117986739608, 0.00014606734417777032, 7.335921830959798e-05], [-3.657096549172141e-05, -5.825546027855762e-05, -9.858720548994202e-05, 0.00014606734417777032, 0.0001451213450210843, 7.468873961357615e-05], [-1.761764378653198e-05, -2.932877189415035e-05, -4.9040358281154925e-05, 7.335921830959798e-05, 7.468873961357615e-05, 4.728886521834518e-05]]</COVARIANCE_MATRIX>
		<ROI_SIZE>521</ROI_SIZE>
		<MAX_VALUE>[0.1443665474653244, 0.137554332613945, 0.13962842524051666, 0.11998679488897324, 0.06337560713291168, 0.04190802946686745]</MAX_VALUE>
		<MIN_VALUE>[0.12203430384397507, 0.10928516834974289, 0.09771732240915298, 0.0675351694226265, 0.005048513412475586, 0.0023873429745435715]</MIN_VALUE>
		<SIGNATURE_THRESHOLD_MD>0</SIGNATURE_THRESHOLD_MD>
		<SIGNATURE_THRESHOLD_ML>0</SIGNATURE_THRESHOLD_ML>
		<SIGNATURE_THRESHOLD_SAM>0</SIGNATURE_THRESHOLD_SAM>
	</signature>
	<signature ID="20210606_132523249293_859">
		<MACROCLASSID>1</MACROCLASSID>
		<MACROCLASSINFO>waterbody</MACROCLASSINFO>
		<CLASSID>12</CLASSID>
		<CLASSINFO>C 1</CLASSINFO>
		<VALUES>[0.1298864129905595, 0.0023927033671387633, 0.1214677508563487, 0.002722449179692651, 0.13646106515456766, 0.004340711300162127, 0.12366761497439309, 0.007098013620752721, 0.01975163741586492, 0.008225874729984132, 0.011099652857262035, 0.006080821917092253]</VALUES>
		<LCS_MIN>[0.12031644582748413, 0.10928516834974289, 0.11168769001960754, 0.11595206707715988, 0.0026182185392826796, 0.0023873429745435715]</LCS_MIN>
		<LCS_MAX>[0.13749508559703827, 0.13378511369228363, 0.15185250341892242, 0.16033419966697693, 0.056084711104631424, 0.04423278570175171]</LCS_MAX>
		<WAVELENGTH>[0.485, 0.56, 0.66, 0.835, 1.65, 2.22]</WAVELENGTH>
		<MEAN_VALUE>[0.1298864129905595, 0.1214677508563487, 0.13646106515456766, 0.12366761497439309, 0.01975163741586492, 0.011099652857262035]</MEAN_VALUE>
		<CHECKBOX>2</CHECKBOX>
		<SD>[0.0023927033671387633, 0.002722449179692651, 0.004340711300162127, 0.007098013620752721, 0.008225874729984132, 0.006080821917092253]</SD>
		<WAVELENGTH_UNIT>E-6m</WAVELENGTH_UNIT>
		<COLOR>#69312e</COLOR>
		<COVARIANCE_MATRIX>[[5.547811102817991e-06, 2.7993461589188096e-06, 4.377744545405336e-06, -2.656315053817295e-06, -1.2055846697979338e-06, 6.429403089743473e-08], [2.7993461589188096e-06, 6.870808294848447e-06, 7.58445768408245e-06, -6.5251354422381366e-06, -5.264841042497584e-06, -2.1983046665898796e-06], [4.377744545405336e-06, 7.58445768408245e-06, 1.8465945782481483e-05, -1.6829108549238687e-05, -1.633044962896985e-05, -8.395596988943145e-06], [-2.656315053817295e-06, -6.5251354422381366e-06, -1.6829108549238687e-05, 4.848180550844723e-05, 4.337930774379101e-05, 2.6619721435072642e-05], [-1.2055846697979338e-06, -5.264841042497584e-06, -1.633044962896985e-05, 4.337930774379101e-05, 6.498093287937202e-05, 4.130085736250797e-05], [6.429403089743473e-08, -2.1983046665898796e-06, -8.395596988943145e-06, 2.6619721435072642e-05, 4.130085736250797e-05, 3.4792239553460695e-05]]</COVARIANCE_MATRIX>
		<ROI_SIZE>1129</ROI_SIZE>
		<MAX_VALUE>[0.13749508559703827, 0.13378511369228363, 0.15185250341892242, 0.16033419966697693, 0.056084711104631424, 0.04423278570175171]</MAX_VALUE>
		<MIN_VALUE>[0.12031644582748413, 0.10928516834974289, 0.11168769001960754, 0.11595206707715988, 0.0026182185392826796, 0.0023873429745435715]</MIN_VALUE>
		<SIGNATURE_THRESHOLD_MD>0</SIGNATURE_THRESHOLD_MD>
		<SIGNATURE_THRESHOLD_ML>0</SIGNATURE_THRESHOLD_ML>
		<SIGNATURE_THRESHOLD_SAM>0</SIGNATURE_THRESHOLD_SAM>
	</signature>
	<signature ID="20210606_132551868127_753">
		<MACROCLASSID>1</MACROCLASSID>
		<MACROCLASSINFO>waterbody</MACROCLASSINFO>
		<CLASSID>13</CLASSID>
		<CLASSINFO>C 1</CLASSINFO>
		<VALUES>[0.12165150371539661, 0.0026292895139338004, 0.1108053518016694, 0.0031745356331472885, 0.08945216276917889, 0.003689856090391769, 0.06457041903753974, 0.011694574408852174, 0.016788228670080254, 0.0067722137310230555, 0.009301644954550622, 0.00401747154943256]</VALUES>
		<LCS_MIN>[0.11172712594270706, 0.09420829266309738, 0.07501547038555145, 0.0513962060213089, 0.0026182185392826796, 6.25957254669629e-05]</LCS_MIN>
		<LCS_MAX>[0.13062363862991333, 0.1224774494767189, 0.10120990872383118, 0.09577836096286774, 0.04636353626847267, 0.027959557250142097]</LCS_MAX>
		<WAVELENGTH>[0.485, 0.56, 0.66, 0.835, 1.65, 2.22]</WAVELENGTH>
		<MEAN_VALUE>[0.12165150371539661, 0.1108053518016694, 0.08945216276917889, 0.06457041903753974, 0.016788228670080254, 0.009301644954550622]</MEAN_VALUE>
		<CHECKBOX>2</CHECKBOX>
		<SD>[0.0026292895139338004, 0.0031745356331472885, 0.003689856090391769, 0.011694574408852174, 0.0067722137310230555, 0.00401747154943256]</SD>
		<WAVELENGTH_UNIT>E-6m</WAVELENGTH_UNIT>
		<COLOR>#fe7591</COLOR>
		<COVARIANCE_MATRIX>[[6.9259182620085995e-06, 4.6149480772324134e-06, 5.536590721934262e-06, -1.2889239335163063e-05, -7.89151849224083e-06, -3.648169763491917e-06], [4.6149480772324134e-06, 1.0096269985173765e-05, 7.42036473669861e-06, -1.3007381746094165e-05, -9.682471877779838e-06, -4.7587961947936364e-06], [5.536590721934262e-06, 7.42036473669861e-06, 1.364015796405178e-05, -1.511158261255976e-05, -1.0683904583308105e-05, -5.087816403781077e-06], [-1.2889239335163063e-05, -1.3007381746094165e-05, -1.511158261255976e-05, 0.0001370154009927487, 6.768761905992526e-05, 3.237420245572608e-05], [-7.89151849224083e-06, -9.682471877779838e-06, -1.0683904583308105e-05, 6.768761905992526e-05, 4.594749667625621e-05, 2.0604415820251564e-05], [-3.648169763491917e-06, -4.7587961947936364e-06, -5.087816403781077e-06, 3.237420245572608e-05, 2.0604415820251564e-05, 1.616985639155265e-05]]</COVARIANCE_MATRIX>
		<ROI_SIZE>543</ROI_SIZE>
		<MAX_VALUE>[0.13062363862991333, 0.1224774494767189, 0.10120990872383118, 0.09577836096286774, 0.04636353626847267, 0.027959557250142097]</MAX_VALUE>
		<MIN_VALUE>[0.11172712594270706, 0.09420829266309738, 0.07501547038555145, 0.0513962060213089, 0.0026182185392826796, 6.25957254669629e-05]</MIN_VALUE>
		<SIGNATURE_THRESHOLD_MD>0</SIGNATURE_THRESHOLD_MD>
		<SIGNATURE_THRESHOLD_ML>0</SIGNATURE_THRESHOLD_ML>
		<SIGNATURE_THRESHOLD_SAM>0</SIGNATURE_THRESHOLD_SAM>
	</signature>
	<signature ID="20210606_132556802330_566">
		<MACROCLASSID>1</MACROCLASSID>
		<MACROCLASSINFO>waterbody</MACROCLASSINFO>
		<CLASSID>14</CLASSID>
		<CLASSINFO>C 1</CLASSINFO>
		<VALUES>[0.11523829848581069, 0.0032759373172820986, 0.10004039093650677, 0.00475128135042814, 0.08554634227845316, 0.008451312375509565, 0.09355652429213802, 0.02265128731434419, 0.04188883497782453, 0.018975712236733007, 0.024637367132723936, 0.011979953255457093]</VALUES>
		<LCS_MIN>[0.1082913875579834, 0.08855444937944412, 0.06628397852182388, 0.059465695172548294, 0.009909105487167835, 0.004712090827524662]</LCS_MIN>
		<LCS_MAX>[0.1237521693110466, 0.11305438727140427, 0.10819511115550995, 0.15226472914218903, 0.08281795680522919, 0.05585651844739914]</LCS_MAX>
		<WAVELENGTH>[0.485, 0.56, 0.66, 0.835, 1.65, 2.22]</WAVELENGTH>
		<MEAN_VALUE>[0.11523829848581069, 0.10004039093650677, 0.08554634227845316, 0.09355652429213802, 0.04188883497782453, 0.024637367132723936]</MEAN_VALUE>
		<CHECKBOX>2</CHECKBOX>
		<SD>[0.0032759373172820986, 0.00475128135042814, 0.008451312375509565, 0.02265128731434419, 0.018975712236733007, 0.011979953255457093]</SD>
		<WAVELENGTH_UNIT>E-6m</WAVELENGTH_UNIT>
		<COLOR>#2d1958</COLOR>
		<COVARIANCE_MATRIX>[[1.0768144172208044e-05, 1.2168299177077173e-05, 2.01003893022923e-05, 3.17929725663723e-05, 2.8997068679327616e-05, 1.8635585480199594e-05], [1.2168299177077173e-05, 2.2651198791166624e-05, 3.326954518269092e-05, 5.233603241291666e-05, 4.6089664456399236e-05, 2.9035206629133948e-05], [2.01003893022923e-05, 3.326954518269092e-05, 7.166679843070691e-05, 0.00010394319811857613, 9.402395417208263e-05, 6.195319237192326e-05], [3.17929725663723e-05, 5.233603241291666e-05, 0.00010394319811857613, 0.0005148200740037397, 0.00038244813003471484, 0.0002243529236525068], [2.8997068679327616e-05, 4.6089664456399236e-05, 9.402395417208263e-05, 0.00038244813003471484, 0.00036129825711126947, 0.00021843097477940748], [1.8635585480199594e-05, 2.9035206629133948e-05, 6.195319237192326e-05, 0.0002243529236525068, 0.00021843097477940748, 0.00014400578603684523]]</COVARIANCE_MATRIX>
		<ROI_SIZE>296</ROI_SIZE>
		<MAX_VALUE>[0.1237521693110466, 0.11305438727140427, 0.10819511115550995, 0.15226472914218903, 0.08281795680522919, 0.05585651844739914]</MAX_VALUE>
		<MIN_VALUE>[0.1082913875579834, 0.08855444937944412, 0.06628397852182388, 0.059465695172548294, 0.009909105487167835, 0.004712090827524662]</MIN_VALUE>
		<SIGNATURE_THRESHOLD_MD>0</SIGNATURE_THRESHOLD_MD>
		<SIGNATURE_THRESHOLD_ML>0</SIGNATURE_THRESHOLD_ML>
		<SIGNATURE_THRESHOLD_SAM>0</SIGNATURE_THRESHOLD_SAM>
	</signature>
	<signature ID="20210606_132603488245_440">
		<MACROCLASSID>1</MACROCLASSID>
		<MACROCLASSINFO>waterbody</MACROCLASSINFO>
		<CLASSID>15</CLASSID>
		<CLASSINFO>C 1</CLASSINFO>
		<VALUES>[0.12552045104513632, 0.0021763449142134304, 0.12313331394950303, 0.002637480729094388, 0.13924769401175432, 0.005469535653536581, 0.1153768757416768, 0.011185896192517175, 0.021866973337231192, 0.01089078801232989, 0.012046982307744602, 0.006360366663068386]</VALUES>
		<LCS_MIN>[0.11688071489334106, 0.11305438727140427, 0.11692658066749573, 0.09981309622526169, 0.0074788108468055725, 0.0023873429745435715]</LCS_MIN>
		<LCS_MAX>[0.13234150409698486, 0.13001587986946106, 0.14835990965366364, 0.14822997152805328, 0.056084711104631424, 0.037258539348840714]</LCS_MAX>
		<WAVELENGTH>[0.485, 0.56, 0.66, 0.835, 1.65, 2.22]</WAVELENGTH>
		<MEAN_VALUE>[0.12552045104513632, 0.12313331394950303, 0.13924769401175432, 0.1153768757416768, 0.021866973337231192, 0.012046982307744602]</MEAN_VALUE>
		<CHECKBOX>2</CHECKBOX>
		<SD>[0.0021763449142134304, 0.002637480729094388, 0.005469535653536581, 0.011185896192517175, 0.01089078801232989, 0.006360366663068386]</SD>
		<WAVELENGTH_UNIT>E-6m</WAVELENGTH_UNIT>
		<COLOR>#9e13f1</COLOR>
		<COVARIANCE_MATRIX>[[4.74642776794537e-06, 2.5446236971856375e-06, 5.66610512017048e-06, -1.0411320714371394e-05, -9.287297304153524e-06, -4.9011488555428095e-06], [2.5446236971856375e-06, 6.970918681630706e-06, 1.080799882748768e-05, -2.1043919595179693e-05, -1.8799592242570876e-05, -1.0159259454702188e-05], [5.66610512017048e-06, 1.080799882748768e-05, 2.99786686272097e-05, -5.307816494882275e-05, -4.818460793973317e-05, -2.6003090803601944e-05], [-1.0411320714371394e-05, -2.1043919595179693e-05, -5.307816494882275e-05, 0.00012538713975084097, 0.00010257952124686916, 5.487053354290375e-05], [-9.287297304153524e-06, -1.8799592242570876e-05, -4.818460793973317e-05, 0.00010257952124686916, 0.0001188584426545705, 6.399840043981333e-05], [-4.9011488555428095e-06, -1.0159259454702188e-05, -2.6003090803601944e-05, 5.487053354290375e-05, 6.399840043981333e-05, 4.0539252038437774e-05]]</COVARIANCE_MATRIX>
		<ROI_SIZE>477</ROI_SIZE>
		<MAX_VALUE>[0.13234150409698486, 0.13001587986946106, 0.14835990965366364, 0.14822997152805328, 0.056084711104631424, 0.037258539348840714]</MAX_VALUE>
		<MIN_VALUE>[0.11688071489334106, 0.11305438727140427, 0.11692658066749573, 0.09981309622526169, 0.0074788108468055725, 0.0023873429745435715]</MIN_VALUE>
		<SIGNATURE_THRESHOLD_MD>0</SIGNATURE_THRESHOLD_MD>
		<SIGNATURE_THRESHOLD_ML>0</SIGNATURE_THRESHOLD_ML>
		<SIGNATURE_THRESHOLD_SAM>0</SIGNATURE_THRESHOLD_SAM>
	</signature>
	<signature ID="20210606_132608276828_888">
		<MACROCLASSID>1</MACROCLASSID>
		<MACROCLASSINFO>waterbody</MACROCLASSINFO>
		<CLASSID>16</CLASSID>
		<CLASSINFO>C 1</CLASSINFO>
		<VALUES>[0.10802160284649105, 0.002392754819455078, 0.08812558373961689, 0.003455409644124689, 0.0618398819023218, 0.0038764136694962475, 0.0503745891082172, 0.011787553814680959, 0.017418094824116003, 0.006443907018303899, 0.009316876480788308, 0.003983077089828119]</VALUES>
		<LCS_MIN>[0.10141993314027786, 0.08101600408554077, 0.05405990406870842, 0.0352572463452816, 0.0074788108468055725, 6.25957254669629e-05]</LCS_MIN>
		<LCS_MAX>[0.1185985803604126, 0.1074005588889122, 0.08025435358285904, 0.08367413282394409, 0.043933238834142685, 0.025634808465838432]</LCS_MAX>
		<WAVELENGTH>[0.485, 0.56, 0.66, 0.835, 1.65, 2.22]</WAVELENGTH>
