<?xml version="1.0" ?>
<signaturelist MCID_LIST="[['1', 'waterbody', '#0000ff'], ['2', 'vegetation', '#00ff00'], ['3', 'bareland', '#ffaa00'], ['4', 'built-up', '#ff0000']]">
	<signature ID="20210205_170115573620_917">
		<MACROCLASSID>1</MACROCLASSID>
		<MACROCLASSINFO>waterbody</MACROCLASSINFO>
		<CLASSID>1</CLASSID>
		<CLASSINFO>C 1</CLASSINFO>
		<VALUES>[0.10257932806515505, 0.002392741685708941, 0.08120661927316038, 0.00445679807906453, 0.05628737141271582, 0.0037437259519607228, 0.045078099325640525, 0.008775566900688973, 0.022302665120658958, 0.008775789397534412, 0.014509614215779856, 0.006380108298097769]</VALUES>
		<LCS_MIN>[0.09282691031694412, 0.06395671516656876, 0.045946620404720306, 0.034324824810028076, 0.012481754645705223, 0.008353926241397858]</LCS_MIN>
		<LCS_MAX>[0.10798683762550354, 0.0909104198217392, 0.07122953981161118, 0.08027143776416779, 0.05656101554632187, 0.044005561619997025]</LCS_MAX>
		<WAVELENGTH>[0.48, 0.56, 0.655, 0.865, 1.61, 2.2]</WAVELENGTH>
		<MEAN_VALUE>[0.10257932806515505, 0.08120661927316038, 0.05628737141271582, 0.045078099325640525, 0.022302665120658958, 0.014509614215779856]</MEAN_VALUE>
		<CHECKBOX>2</CHECKBOX>
		<SD>[0.002392741685708941, 0.00445679807906453, 0.0037437259519607228, 0.008775566900688973, 0.008775789397534412, 0.006380108298097769]</SD>
		<WAVELENGTH_UNIT>E-6m</WAVELENGTH_UNIT>
		<COLOR>#a93d47</COLOR>
		<COVARIANCE_MATRIX>[[5.358266205643443e-06, 9.50484223057197e-06, 7.361201618834009e-06, 7.025623217706071e-07, 2.827821227969713e-06, 3.196625149295135e-06], [9.50484223057197e-06, 1.8090462166404493e-05, 1.3498396887652641e-05, 1.2305984088924035e-06, 5.0811180442125055e-06, 5.483861500087461e-06], [7.361201618834009e-06, 1.3498396887652641e-05, 1.3114874964290382e-05, 1.3018646842350382e-05, 1.7391655641701168e-05, 1.4255015142990215e-05], [7.025623217706071e-07, 1.2305984088924035e-06, 1.3018646842350382e-05, 7.66230306727555e-05, 7.359759207670775e-05, 5.0333798251704016e-05], [2.827821227969713e-06, 5.0811180442125055e-06, 1.7391655641701168e-05, 7.359759207670775e-05, 8.161917459096258e-05, 5.757112539174592e-05], [3.196625149295135e-06, 5.483861500087461e-06, 1.4255015142990215e-05, 5.0333798251704016e-05, 5.757112539174592e-05, 4.278503855162214e-05]]</COVARIANCE_MATRIX>
		<ROI_SIZE>1046</ROI_SIZE>
		<MAX_VALUE>[0.10798683762550354, 0.0909104198217392, 0.07122953981161118, 0.08027143776416779, 0.05656101554632187, 0.044005561619997025]</MAX_VALUE>
		<MIN_VALUE>[0.09282691031694412, 0.06395671516656876, 0.045946620404720306, 0.034324824810028076, 0.012481754645705223, 0.008353926241397858]</MIN_VALUE>
		<SIGNATURE_THRESHOLD_MD>0</SIGNATURE_THRESHOLD_MD>
		<SIGNATURE_THRESHOLD_ML>0</SIGNATURE_THRESHOLD_ML>
		<SIGNATURE_THRESHOLD_SAM>0</SIGNATURE_THRESHOLD_SAM>
	</signature>
	<signature ID="20210205_170122355547_470">
		<MACROCLASSID>1</MACROCLASSID>
		<MACROCLASSINFO>waterbody</MACROCLASSINFO>
		<CLASSID>2</CLASSID>
		<CLASSINFO>C 1</CLASSINFO>
		<VALUES>[0.10307539537697402, 0.003977672421264591, 0.09867207150781936, 0.009298149090152313, 0.08136166633484872, 0.012032468129227572, 0.04013540996233137, 0.007928869581421024, 0.016707166079781004, 0.005217439537397408, 0.012167690379090062, 0.003982202518239596]</VALUES>
		<LCS_MIN>[0.086659736931324, 0.06847765296697617, 0.0508606918156147, 0.027936527505517006, 0.0063145882450044155, 0.005995169281959534]</LCS_MIN>
		<LCS_MAX>[0.11066501587629318, 0.11877323687076569, 0.10776571184396744, 0.07624189555644989, 0.05683129280805588, 0.04348957911133766]</LCS_MAX>
		<WAVELENGTH>[0.48, 0.56, 0.655, 0.865, 1.61, 2.2]</WAVELENGTH>
		<MEAN_VALUE>[0.10307539537697402, 0.09867207150781936, 0.08136166633484872, 0.04013540996233137, 0.016707166079781004, 0.012167690379090062]</MEAN_VALUE>
		<CHECKBOX>2</CHECKBOX>
		<SD>[0.003977672421264591, 0.009298149090152313, 0.012032468129227572, 0.007928869581421024, 0.005217439537397408, 0.003982202518239596]</SD>
		<WAVELENGTH_UNIT>E-6m</WAVELENGTH_UNIT>
		<COLOR>#188309</COLOR>
		<COVARIANCE_MATRIX>[[1.5831152145220835e-05, 3.5165132660927605e-05, 4.0596331353720465e-05, 6.938512658580438e-06, 3.0963117003771376e-06, 3.660713504289523e-06], [3.5165132660927605e-05, 8.650625386290123e-05, 9.943708993258406e-05, 1.664487486792107e-05, 7.980931604814946e-06, 8.950774477320169e-06], [4.0596331353720465e-05, 9.943708993258406e-05, 0.00014486515463215614, 5.00201715331668e-05, 1.5721410494930146e-05, 1.4486936116773496e-05], [6.938512658580438e-06, 1.664487486792107e-05, 5.00201715331668e-05, 6.290382335081273e-05, 3.002091989531512e-05, 2.0950499899629132e-05], [3.0963117003771376e-06, 7.980931604814946e-06, 1.5721410494930146e-05, 3.002091989531512e-05, 2.72376317597661e-05, 1.9771434442394075e-05], [3.660713504289523e-06, 8.950774477320169e-06, 1.4486936116773496e-05, 2.0950499899629132e-05, 1.9771434442394075e-05, 1.5867232287186037e-05]]</COVARIANCE_MATRIX>
		<ROI_SIZE>1707</ROI_SIZE>
		<MAX_VALUE>[0.11066501587629318, 0.11877323687076569, 0.10776571184396744, 0.07624189555644989, 0.05683129280805588, 0.04348957911133766]</MAX_VALUE>
		<MIN_VALUE>[0.086659736931324, 0.06847765296697617, 0.0508606918156147, 0.027936527505517006, 0.0063145882450044155, 0.005995169281959534]</MIN_VALUE>
		<SIGNATURE_THRESHOLD_MD>0</SIGNATURE_THRESHOLD_MD>
		<SIGNATURE_THRESHOLD_ML>0</SIGNATURE_THRESHOLD_ML>
		<SIGNATURE_THRESHOLD_SAM>0</SIGNATURE_THRESHOLD_SAM>
	</signature>
	<signature ID="20210205_170127537756_320">
		<MACROCLASSID>1</MACROCLASSID>
		<MACROCLASSINFO>waterbody</MACROCLASSINFO>
		<CLASSID>3</CLASSID>
		<CLASSINFO>C 1</CLASSINFO>
		<VALUES>[0.10025074869184447, 0.002912282680044957, 0.09020812310750628, 0.0055725624036999976, 0.0656000514003173, 0.005709094233646903, 0.038383660611080055, 0.007388460555188498, 0.018653485554099892, 0.006218395664139485, 0.013562103723582443, 0.005120742982748034]</VALUES>
		<LCS_MIN>[0.08552949875593185, 0.05869865044951439, 0.04093426465988159, 0.027666252106428146, 0.00810821820050478, 0.004987779539078474]</LCS_MIN>
		<LCS_MAX>[0.1105421632528305, 0.11113184690475464, 0.09823239594697952, 0.07326889038085938, 0.05449710413813591, 0.04820709303021431]</LCS_MAX>
		<WAVELENGTH>[0.48, 0.56, 0.655, 0.865, 1.61, 2.2]</WAVELENGTH>
		<MEAN_VALUE>[0.10025074869184447, 0.09020812310750628, 0.0656000514003173, 0.038383660611080055, 0.018653485554099892, 0.013562103723582443]</MEAN_VALUE>
		<CHECKBOX>2</CHECKBOX>
		<SD>[0.002912282680044957, 0.0055725624036999976, 0.005709094233646903, 0.007388460555188498, 0.006218395664139485, 0.005120742982748034]</SD>
		<WAVELENGTH_UNIT>E-6m</WAVELENGTH_UNIT>
		<COLOR>#c3c09e</COLOR>
		<COVARIANCE_MATRIX>[[8.487367427805112e-06, 1.4913721080663823e-05, 1.2568251091425898e-05, 4.574583077351583e-06, 7.999530351322784e-06, 7.627913218934514e-06], [1.4913721080663823e-05, 3.107533578241399e-05, 2.484061176181029e-05, 5.281651055053515e-06, 1.0777773824028105e-05, 1.0835528329897207e-05], [1.2568251091425898e-05, 2.484061176181029e-05, 3.261672649436044e-05, 1.9653243159637885e-05, 1.557382485772662e-05, 1.3627954880741236e-05], [4.574583077351583e-06, 5.281651055053515e-06, 1.9653243159637885e-05, 5.4627819671119455e-05, 3.681510790021488e-05, 2.7287171949110852e-05], [7.999530351322784e-06, 1.0777773824028105e-05, 1.557382485772662e-05, 3.681510790021488e-05, 3.869569512531371e-05, 3.0949149679458536e-05], [7.627913218934514e-06, 1.0835528329897207e-05, 1.3627954880741236e-05, 2.7287171949110852e-05, 3.0949149679458536e-05, 2.624048791220287e-05]]</COVARIANCE_MATRIX>
		<ROI_SIZE>1420</ROI_SIZE>
		<MAX_VALUE>[0.1105421632528305, 0.11113184690475464, 0.09823239594697952, 0.07326889038085938, 0.05449710413813591, 0.04820709303021431]</MAX_VALUE>
		<MIN_VALUE>[0.08552949875593185, 0.05869865044951439, 0.04093426465988159, 0.027666252106428146, 0.00810821820050478, 0.004987779539078474]</MIN_VALUE>
		<SIGNATURE_THRESHOLD_MD>0</SIGNATURE_THRESHOLD_MD>
		<SIGNATURE_THRESHOLD_ML>0</SIGNATURE_THRESHOLD_ML>
		<SIGNATURE_THRESHOLD_SAM>0</SIGNATURE_THRESHOLD_SAM>
	</signature>
	<signature ID="20210205_170139344584_897">
		<MACROCLASSID>1</MACROCLASSID>
		<MACROCLASSINFO>waterbody</MACROCLASSINFO>
		<CLASSID>4</CLASSID>
		<CLASSINFO>C 1</CLASSINFO>
		<VALUES>[0.10109843279540237, 0.001758111239909255, 0.07882181164161858, 0.002876143048993744, 0.05137869400717, 0.0033210595961728874, 0.04133545510559411, 0.007150144188004426, 0.017646704473515344, 0.008696202211179392, 0.011154261694395678, 0.006809633148063144]</VALUES>
		<LCS_MIN>[0.09643875807523727, 0.07319516688585281, 0.04619231075048447, 0.033857978880405426, 0.004570083227008581, 0.0029730084352195263]</LCS_MIN>
		<LCS_MAX>[0.1104930117726326, 0.09975576400756836, 0.07481681555509567, 0.07742128521203995, 0.05297373980283737, 0.04616774246096611]</LCS_MAX>
		<WAVELENGTH>[0.48, 0.56, 0.655, 0.865, 1.61, 2.2]</WAVELENGTH>
		<MEAN_VALUE>[0.10109843279540237, 0.07882181164161858, 0.05137869400717, 0.04133545510559411, 0.017646704473515344, 0.011154261694395678]</MEAN_VALUE>
		<CHECKBOX>2</CHECKBOX>
		<SD>[0.001758111239909255, 0.002876143048993744, 0.0033210595961728874, 0.007150144188004426, 0.008696202211179392, 0.006809633148063144]</SD>
		<WAVELENGTH_UNIT>E-6m</WAVELENGTH_UNIT>
		<COLOR>#bfff72</COLOR>
		<COVARIANCE_MATRIX>[[3.541568624135577e-06, 5.4399368131098464e-06, 4.924496521498593e-06, 4.155048454879743e-06, 4.55254118158511e-06, 3.964283343671805e-06], [5.4399368131098464e-06, 9.188356747216487e-06, 8.524824159559344e-06, 8.34624439127692e-06, 9.791117214481334e-06, 8.376274400222043e-06], [4.924496521498593e-06, 8.524824159559344e-06, 1.0931257669677373e-05, 1.6247003437027666e-05, 1.9111619770849256e-05, 1.54130251141307e-05], [4.155048454879743e-06, 8.34624439127692e-06, 1.6247003437027666e-05, 4.752872875454613e-05, 5.2299536771569035e-05, 3.899885152150378e-05], [4.55254118158511e-06, 9.791117214481334e-06, 1.9111619770849256e-05, 5.2299536771569035e-05, 6.97190666089741e-05, 5.279474546993002e-05], [3.964283343671805e-06, 8.376274400222043e-06, 1.54130251141307e-05, 3.899885152150378e-05, 5.279474546993002e-05, 4.153389819373141e-05]]</COVARIANCE_MATRIX>
		<ROI_SIZE>2329</ROI_SIZE>
		<MAX_VALUE>[0.1104930117726326, 0.09975576400756836, 0.07481681555509567, 0.07742128521203995, 0.05297373980283737, 0.04616774246096611]</MAX_VALUE>
		<MIN_VALUE>[0.09643875807523727, 0.07319516688585281, 0.04619231075048447, 0.033857978880405426, 0.004570083227008581, 0.0029730084352195263]</MIN_VALUE>
		<SIGNATURE_THRESHOLD_MD>0</SIGNATURE_THRESHOLD_MD>
		<SIGNATURE_THRESHOLD_ML>0</SIGNATURE_THRESHOLD_ML>
		<SIGNATURE_THRESHOLD_SAM>0</SIGNATURE_THRESHOLD_SAM>
	</signature>
	<signature ID="20210205_170144470964_902">
		<MACROCLASSID>1</MACROCLASSID>
		<MACROCLASSINFO>waterbody</MACROCLASSINFO>
		<CLASSID>5</CLASSID>
		<CLASSINFO>C 1</CLASSINFO>
		<VALUES>[0.10520470460605383, 0.006069424353576589, 0.09645468528246762, 0.010749366170327963, 0.07380622249077914, 0.011866039955600573, 0.05079550050835515, 0.012066215054221025, 0.02759130282945295, 0.013752253278212483, 0.019771129356219847, 0.010083725030660767]</VALUES>
		<LCS_MIN>[0.09535765647888184, 0.07466939836740494, 0.05432511493563652, 0.027346834540367126, 0.0, 0.0023833238519728184]</LCS_MIN>
		<LCS_MAX>[0.1168321743607521, 0.11614420264959335, 0.09665989875793457, 0.0879865437746048, 0.06223677843809128, 0.052949171513319016]</LCS_MAX>
		<WAVELENGTH>[0.48, 0.56, 0.655, 0.865, 1.61, 2.2]</WAVELENGTH>
		<MEAN_VALUE>[0.10520470460605383, 0.09645468528246762, 0.07380622249077914, 0.05079550050835515, 0.02759130282945295, 0.019771129356219847]</MEAN_VALUE>
		<CHECKBOX>2</CHECKBOX>
		<SD>[0.006069424353576589, 0.010749366170327963, 0.011866039955600573, 0.012066215054221025, 0.013752253278212483, 0.010083725030660767]</SD>
		<WAVELENGTH_UNIT>E-6m</WAVELENGTH_UNIT>
		<COLOR>#80a33c</COLOR>
		<COVARIANCE_MATRIX>[[3.702396204431276e-05, 6.478825958576989e-05, 7.067569012532428e-05, 1.1473179220491144e-06, 7.035363726369655e-06, 1.0895015657288796e-05], [6.478825958576989e-05, 0.00011613245323078026, 0.00012509943614062675, -5.025757644260371e-06, 6.729331135065797e-06, 1.6632675486047786e-05], [7.067569012532428e-05, 0.00012509943614062675, 0.00014151403000683816, 2.1980413659784723e-05, 3.436614102709122e-05, 3.6028019164971776e-05], [1.1473179220491144e-06, -5.025757644260371e-06, 2.1980413659784723e-05, 0.0001463288666727642, 0.0001448200939431725, 9.657046533727695e-05], [7.035363726369655e-06, 6.729331135065797e-06, 3.436614102709122e-05, 0.0001448200939431725, 0.00019007964432016716, 0.00013422969728599075], [1.0895015657288796e-05, 1.6632675486047786e-05, 3.6028019164971776e-05, 9.657046533727695e-05, 0.00013422969728599075, 0.00010219505347626727]]</COVARIANCE_MATRIX>
		<ROI_SIZE>199</ROI_SIZE>
		<MAX_VALUE>[0.1168321743607521, 0.11614420264959335, 0.09665989875793457, 0.0879865437746048, 0.06223677843809128, 0.052949171513319016]</MAX_VALUE>
		<MIN_VALUE>[0.09535765647888184, 0.07466939836740494, 0.05432511493563652, 0.027346834540367126, 0.0, 0.0023833238519728184]</MIN_VALUE>
		<SIGNATURE_THRESHOLD_MD>0</SIGNATURE_THRESHOLD_MD>
		<SIGNATURE_THRESHOLD_ML>0</SIGNATURE_THRESHOLD_ML>
		<SIGNATURE_THRESHOLD_SAM>0</SIGNATURE_THRESHOLD_SAM>
	</signature>
	<signature ID="20210205_170150452492_908">
		<MACROCLASSID>1</MACROCLASSID>
		<MACROCLASSINFO>waterbody</MACROCLASSINFO>
		<CLASSID>6</CLASSID>
		<CLASSINFO>C 1</CLASSINFO>
		<VALUES>[0.09939876566240698, 0.0038085729597793733, 0.09303748216564296, 0.005644395729488827, 0.06165865410911552, 0.006791850052743891, 0.04201257462314078, 0.009080620131864173, 0.02609085353150358, 0.0112948326939932, 0.02002185734191158, 0.008931861426862801]</VALUES>
		<LCS_MIN>[0.08707743138074875, 0.07005017250776291, 0.04670829325914383, 0.026978280395269394, 0.01041784044355154, 0.007051693741232157]</LCS_MIN>
		<LCS_MAX>[0.11145126074552536, 0.10923992097377777, 0.07771612703800201, 0.07619275897741318, 0.06194193661212921, 0.04933732748031616]</LCS_MAX>
		<WAVELENGTH>[0.48, 0.56, 0.655, 0.865, 1.61, 2.2]</WAVELENGTH>
		<MEAN_VALUE>[0.09939876566240698, 0.09303748216564296, 0.06165865410911552, 0.04201257462314078, 0.02609085353150358, 0.02002185734191158]</MEAN_VALUE>
		<CHECKBOX>2</CHECKBOX>
		<SD>[0.0038085729597793733, 0.005644395729488827, 0.006791850052743891, 0.009080620131864173, 0.0112948326939932, 0.008931861426862801]</SD>
		<WAVELENGTH_UNIT>E-6m</WAVELENGTH_UNIT>
		<COLOR>#e83f45</COLOR>
		<COVARIANCE_MATRIX>[[1.45711608444624e-05, 2.017336025445041e-05, 2.184413841738698e-05, 1.60575249483694e-05, 1.3770139372906816e-05, 1.2984386418985617e-05], [2.017336025445041e-05, 3.200401771084935e-05, 3.436533276763288e-05, 2.0933532587712404e-05, 1.7606331586701795e-05, 1.6710997419861115e-05], [2.184413841738698e-05, 3.436533276763288e-05, 4.6338905444134257e-05, 4.212078120420236e-05, 4.19032912926972e-05, 3.550719967235512e-05], [1.60575249483694e-05, 2.0933532587712404e-05, 4.212078120420236e-05, 8.283246953366783e-05, 9.392045951340946e-05, 7.53750197322874e-05], [1.3770139372906816e-05, 1.7606331586701795e-05, 4.19032912926972e-05, 9.392045951340946e-05, 0.00012815312397432177, 0.00010003067488120313], [1.2984386418985617e-05, 1.6710997419861115e-05, 3.550719967235512e-05, 7.53750197322874e-05, 0.00010003067488120313, 8.014077649662809e-05]]</COVARIANCE_MATRIX>
		<ROI_SIZE>221</ROI_SIZE>
		<MAX_VALUE>[0.11145126074552536, 0.10923992097377777, 0.07771612703800201, 0.07619275897741318, 0.06194193661212921, 0.04933732748031616]</MAX_VALUE>
		<MIN_VALUE>[0.08707743138074875, 0.07005017250776291, 0.04670829325914383, 0.026978280395269394, 0.01041784044355154, 0.007051693741232157]</MIN_VALUE>
		<SIGNATURE_THRESHOLD_MD>0</SIGNATURE_THRESHOLD_MD>
		<SIGNATURE_THRESHOLD_ML>0</SIGNATURE_THRESHOLD_ML>
		<SIGNATURE_THRESHOLD_SAM>0</SIGNATURE_THRESHOLD_SAM>
	</signature>
	<signature ID="20210205_170157005696_741">
		<MACROCLASSID>1</MACROCLASSID>
		<MACROCLASSINFO>waterbody</MACROCLASSINFO>
		<CLASSID>7</CLASSID>
		<CLASSINFO>C 1</CLASSINFO>
		<VALUES>[0.10834920538191702, 0.0017594607182277885, 0.08278611214475676, 0.003121665551031546, 0.059920217182612825, 0.0033874992553491554, 0.05471798970820977, 0.007549707437042216, 0.022158778682420867, 0.007918606606143392, 0.013133993393685744, 0.005558503692423365]</VALUES>
		<LCS_MIN>[0.10506296157836914, 0.07840409874916077, 0.05469367653131485, 0.04602032154798508, 0.01498793251812458, 0.006068880204111338]</LCS_MIN>
		<LCS_MAX>[0.11828181892633438, 0.11022273451089859, 0.0871020182967186, 0.09012416005134583, 0.05761755257844925, 0.044988375157117844]</LCS_MAX>
		<WAVELENGTH>[0.48, 0.56, 0.655, 0.865, 1.61, 2.2]</WAVELENGTH>
		<MEAN_VALUE>[0.10834920538191702, 0.08278611214475676, 0.059920217182612825, 0.05471798970820977, 0.022158778682420867, 0.013133993393685744]</MEAN_VALUE>
		<CHECKBOX>2</CHECKBOX>
		<SD>[0.0017594607182277885, 0.003121665551031546, 0.0033874992553491554, 0.007549707437042216, 0.007918606606143392, 0.005558503692423365]</SD>
		<WAVELENGTH_UNIT>E-6m</WAVELENGTH_UNIT>
		<COLOR>#ea60a8</COLOR>
		<COVARIANCE_MATRIX>[[3.098603332968674e-06, 4.893266387838372e-06, 5.21444197900256e-06, 5.761248501102901e-06, 6.122484014805456e-06, 4.847992070061515e-06], [4.893266387838372e-06, 9.753928704542397e-06, 1.0015832155130514e-05, 1.1709800581111635e-05, 1.2036439069667087e-05, 9.146223389712932e-06], [5.21444197900256e-06, 1.0015832155130514e-05, 1.1485905798435372e-05, 1.646756522080815e-05, 1.7313127616282835e-05, 1.3116035080825376e-05], [5.761248501102901e-06, 1.1709800581111635e-05, 1.646756522080815e-05, 5.705150139372615e-05, 5.6081436633423225e-05, 3.7672619042811255e-05], [6.122484014805456e-06, 1.2036439069667087e-05, 1.7313127616282835e-05, 5.6081436633423225e-05, 6.276309752810881e-05, 4.2581361452971975e-05], [4.847992070061515e-06, 9.146223389712932e-06, 1.3116035080825376e-05, 3.7672619042811255e-05, 4.2581361452971975e-05, 3.09259201527598e-05]]</COVARIANCE_MATRIX>
		<ROI_SIZE>1068</ROI_SIZE>
		<MAX_VALUE>[0.11828181892633438, 0.11022273451089859, 0.0871020182967186, 0.09012416005134583, 0.05761755257844925, 0.044988375157117844]</MAX_VALUE>
		<MIN_VALUE>[0.10506296157836914, 0.07840409874916077, 0.05469367653131485, 0.04602032154798508, 0.01498793251812458, 0.006068880204111338]</MIN_VALUE>
		<SIGNATURE_THRESHOLD_MD>0</SIGNATURE_THRESHOLD_MD>
		<SIGNATURE_THRESHOLD_ML>0</SIGNATURE_THRESHOLD_ML>
		<SIGNATURE_THRESHOLD_SAM>0</SIGNATURE_THRESHOLD_SAM>
	</signature>
	<signature ID="20210205_170203944229_471">
		<MACROCLASSID>1</MACROCLASSID>
		<MACROCLASSINFO>waterbody</MACROCLASSINFO>
		<CLASSID>8</CLASSID>
		<CLASSINFO>C 1</CLASSINFO>
		<VALUES>[0.09593773383146348, 0.0020221857779751714, 0.07095779938603906, 0.0029615582056865134, 0.04692477600934828, 0.0031184178899460674, 0.034459192943268144, 0.005326615610528945, 0.014039701218693594, 0.006417705826414024, 0.009212999715840366, 0.0050495182948971755]</VALUES>
		<LCS_MIN>[0.09147553890943527, 0.06648746132850647, 0.04172050580382347, 0.026364019140601158, 0.0042506735771894455, 0.004398094955831766]</LCS_MIN>
		<LCS_MAX>[0.11329405009746552, 0.09815867990255356, 0.07869894057512283, 0.07339174300432205, 0.05520965903997421, 0.050295572727918625]</LCS_MAX>
		<WAVELENGTH>[0.48, 0.56, 0.655, 0.865, 1.61, 2.2]</WAVELENGTH>
		<MEAN_VALUE>[0.09593773383146348, 0.07095779938603906, 0.04692477600934828, 0.034459192943268144, 0.014039701218693594, 0.009212999715840366]</MEAN_VALUE>
		<CHECKBOX>2</CHECKBOX>
		<SD>[0.0020221857779751714, 0.0029615582056865134, 0.0031184178899460674, 0.005326615610528945, 0.006417705826414024, 0.0050495182948971755]</SD>
		<WAVELENGTH_UNIT>E-6m</WAVELENGTH_UNIT>
		<COLOR>#09053b</COLOR>
		<COVARIANCE_MATRIX>[[4.129577506008529e-06, 5.206933418316298e-06, 4.834316192872881e-06, 5.352899406773497e-06, 6.010143293428801e-06, 4.960718926815617e-06], [5.206933418316298e-06, 8.784266118547887e-06, 8.167666876513e-06, 1.0197775019936009e-05, 1.2108335639997048e-05, 9.844129535739424e-06], [4.834316192872881e-06, 8.167666876513e-06, 9.572234635385437e-06, 1.4020167576378588e-05, 1.6217654176148653e-05, 1.2616863745630191e-05], [5.352899406773497e-06, 1.0197775019936009e-05, 1.4020167576378588e-05, 2.8948905431671165e-05, 3.0884966065494824e-05, 2.370491353123085e-05], [6.010143293428801e-06, 1.2108335639997048e-05, 1.6217654176148653e-05, 3.0884966065494824e-05, 4.154029721406532e-05, 3.2197525874133434e-05], [4.960718926815617e-06, 9.844129535739424e-06, 1.2616863745630191e-05, 2.370491353123085e-05, 3.2197525874133434e-05, 2.6810602003997832e-05]]</COVARIANCE_MATRIX>
		<ROI_SIZE>8177</ROI_SIZE>
		<MAX_VALUE>[0.11329405009746552, 0.09815867990255356, 0.07869894057512283, 0.07339174300432205, 0.05520965903997421, 0.050295572727918625]</MAX_VALUE>
		<MIN_VALUE>[0.09147553890943527, 0.06648746132850647, 0.04172050580382347, 0.026364019140601158, 0.0042506735771894455, 0.004398094955831766]</MIN_VALUE>
		<SIGNATURE_THRESHOLD_MD>0</SIGNATURE_THRESHOLD_MD>
		<SIGNATURE_THRESHOLD_ML>0</SIGNATURE_THRESHOLD_ML>
		<SIGNATURE_THRESHOLD_SAM>0</SIGNATURE_THRESHOLD_SAM>
	</signature>
	<signature ID="20210205_170211662850_426">
		<MACROCLASSID>1</MACROCLASSID>
		<MACROCLASSINFO>waterbody</MACROCLASSINFO>
		<CLASSID>9</CLASSID>
		<CLASSINFO>C 1</CLASSINFO>
		<VALUES>[0.09369193868013369, 0.006201156425586663, 0.08265516072477924, 0.016992487959708275, 0.056730343102733755, 0.01105722356883314, 0.032574398858664685, 0.006458438295926208, 0.01909663836289272, 0.007845449762468978, 0.015049509048601147, 0.006424493375558126]</VALUES>
		<LCS_MIN>[0.08380958437919617, 0.06280189752578735, 0.042678751051425934, 0.01941060461103916, 0.004840358160436153, 0.004029541742056608]</LCS_MIN>
		<LCS_MAX>[0.10720059275627136, 0.11911723017692566, 0.09668446332216263, 0.0681828111410141, 0.054128557443618774, 0.04668372869491577]</LCS_MAX>
		<WAVELENGTH>[0.48, 0.56, 0.655, 0.865, 1.61, 2.2]</WAVELENGTH>
		<MEAN_VALUE>[0.09369193868013369, 0.08265516072477924, 0.056730343102733755, 0.032574398858664685, 0.01909663836289272, 0.015049509048601147]</MEAN_VALUE>
		<CHECKBOX>2</CHECKBOX>
		<SD>[0.006201156425586663, 0.016992487959708275, 0.01105722356883314, 0.006458438295926208, 0.007845449762468978, 0.006424493375558126]</SD>
		<WAVELENGTH_UNIT>E-6m</WAVELENGTH_UNIT>
		<COLOR>#d8446f</COLOR>
		<COVARIANCE_MATRIX>[[4.1134291700151565e-05, 0.00010532853715086101, 5.769748308314712e-05, 3.999058315079502e-06, -1.7337729440893702e-06, -2.233822996377158e-06], [0.00010532853715086101, 0.0002941988609171131, 0.00017236013479883617, 1.2856966896305978e-05, -4.459816070405412e-06, -6.702942335531929e-06], [5.769748308314712e-05, 0.00017236013479883617, 0.0001246465993383571, 3.079352892567869e-05, 2.2142906013705428e-05, 1.661976845825733e-05], [3.999058315079502e-06, 1.2856966896305978e-05, 3.079352892567869e-05, 4.1346503236470744e-05, 4.5530366650448256e-05, 3.704262476183877e-05], [-1.7337729440893702e-06, -4.459816070405412e-06, 2.2142906013705428e-05, 4.5530366650448256e-05, 6.103153515759287e-05, 5.000508127870775e-05], [-2.233822996377158e-06, -6.702942335531929e-06, 1.661976845825733e-05, 3.704262476183877e-05, 5.000508127870775e-05, 4.222967281114136e-05]]</COVARIANCE_MATRIX>
		<ROI_SIZE>1561</ROI_SIZE>
		<MAX_VALUE>[0.10720059275627136, 0.11911723017692566, 0.09668446332216263, 0.0681828111410141, 0.054128557443618774, 0.04668372869491577]</MAX_VALUE>
		<MIN_VALUE>[0.08380958437919617, 0.06280189752578735, 0.042678751051425934, 0.01941060461103916, 0.004840358160436153, 0.004029541742056608]</MIN_VALUE>
		<SIGNATURE_THRESHOLD_MD>0</SIGNATURE_THRESHOLD_MD>
		<SIGNATURE_THRESHOLD_ML>0</SIGNATURE_THRESHOLD_ML>
		<SIGNATURE_THRESHOLD_SAM>0</SIGNATURE_THRESHOLD_SAM>
	</signature>
	<signature ID="20210205_170217320237_256">
		<MACROCLASSID>1</MACROCLASSID>
		<MACROCLASSINFO>waterbody</MACROCLASSINFO>
		<CLASSID>10</CLASSID>
		<CLASSINFO>C 1</CLASSINFO>
		<VALUES>[0.09613129653076721, 0.0017884158562982168, 0.07885705870935693, 0.002177162670713896, 0.04762737136635152, 0.004268208360615322, 0.031771333832996046, 0.0049926611933104785, 0.015381475298580194, 0.005466545046115911, 0.011130644208116245, 0.004238708004177342]</VALUES>
		<LCS_MIN>[0.09061557799577713, 0.07152438163757324, 0.0416468046605587, 0.02186763845384121, 0.007272825576364994, 0.003783833933994174]</LCS_MIN>
		<LCS_MAX>[0.1039818599820137, 0.09373600780963898, 0.07980460673570633, 0.06805995851755142, 0.05149952694773674, 0.041794225573539734]</LCS_MAX>
		<WAVELENGTH>[0.48, 0.56, 0.655, 0.865, 1.61, 2.2]</WAVELENGTH>
		<MEAN_VALUE>[0.09613129653076721, 0.07885705870935693, 0.04762737136635152, 0.031771333832996046, 0.015381475298580194, 0.011130644208116245]</MEAN_VALUE>
		<CHECKBOX>2</CHECKBOX>
		<SD>[0.0017884158562982168, 0.002177162670713896, 0.004268208360615322, 0.0049926611933104785, 0.005466545046115911, 0.004238708004177342]</SD>
		<WAVELENGTH_UNIT>E-6m</WAVELENGTH_UNIT>
		<COLOR>#c9c6a7</COLOR>
		<COVARIANCE_MATRIX>[[3.4280462156965924e-06, 3.3948930452456975e-06, 2.8214348692744022e-06, 2.04935553972774e-06, 2.052851344614723e-06, 2.158130362109162e-06], [3.3948930452456975e-06, 6.621233627070483e-06, 7.430331621526551e-06, 4.641277294877066e-06, 5.5726707106318754e-06, 4.68065494736652e-06], [2.8214348692744022e-06, 7.430331621526551e-06, 1.775628884429665e-05, 1.939900194863024e-05, 2.1256530477123106e-05, 1.668113085742089e-05], [2.04935553972774e-06, 4.641277294877066e-06, 1.939900194863024e-05, 3.263910526936574e-05, 3.3461035992302946e-05, 2.556325886906993e-05], [2.052851344614723e-06, 5.5726707106318754e-06, 2.1256530477123106e-05, 3.3461035992302946e-05, 3.6458979162671065e-05, 2.8162184442064112e-05], [2.158130362109162e-06, 4.68065494736652e-06, 1.668113085742089e-05, 2.556325886906993e-05, 2.8162184442064112e-05, 2.245214299840904e-05]]</COVARIANCE_MATRIX>
		<ROI_SIZE>2445</ROI_SIZE>
		<MAX_VALUE>[0.1039818599820137, 0.09373600780963898, 0.07980460673570633, 0.06805995851755142, 0.05149952694773674, 0.041794225573539734]</MAX_VALUE>
		<MIN_VALUE>[0.09061557799577713, 0.07152438163757324, 0.0416468046605587, 0.02186763845384121, 0.007272825576364994, 0.003783833933994174]</MIN_VALUE>
		<SIGNATURE_THRESHOLD_MD>0</SIGNATURE_THRESHOLD_MD>
		<SIGNATURE_THRESHOLD_ML>0</SIGNATURE_THRESHOLD_ML>
		<SIGNATURE_THRESHOLD_SAM>0</SIGNATURE_THRESHOLD_SAM>
	</signature>
	<signature ID="20210205_170222904853_396">
		<MACROCLASSID>1</MACROCLASSID>
		<MACROCLASSINFO>waterbody</MACROCLASSINFO>
		<CLASSID>11</CLASSID>
		<CLASSINFO>C 1</CLASSINFO>
		<VALUES>[0.09160213908022741, 0.0018242181934937241, 0.08203999079385045, 0.003306561715871339, 0.059776514973807156, 0.0036464784529859685, 0.03790741406728402, 0.00857713494945956, 0.022356443095289297, 0.00697198148695331, 0.017135548346155015, 0.00495490400251264]</VALUES>
		<LCS_MIN>[0.08562778681516647, 0.06899363547563553, 0.05142580717802048, 0.02629030868411064, 0.013661133125424385, 0.010712683200836182]</LCS_MIN>
		<LCS_MAX>[0.09506281465291977, 0.08796197921037674, 0.0717700943350792, 0.0760699063539505, 0.05663473531603813, 0.042138200253248215]</LCS_MAX>
		<WAVELENGTH>[0.48, 0.56, 0.655, 0.865, 1.61, 2.2]</WAVELENGTH>
		<MEAN_VALUE>[0.09160213908022741, 0.08203999079385045, 0.059776514973807156, 0.03790741406728402, 0.022356443095289297, 0.017135548346155015]</MEAN_VALUE>
		<CHECKBOX>2</CHECKBOX>
		<SD>[0.0018242181934937241, 0.003306561715871339, 0.0036464784529859685, 0.00857713494945956, 0.00697198148695331, 0.00495490400251264]</SD>
		<WAVELENGTH_UNIT>E-6m</WAVELENGTH_UNIT>
		<COLOR>#ead380</COLOR>
		<COVARIANCE_MATRIX>[[3.341932749462733e-06, 5.5949255796875e-06, 1.669429856430027e-06, -3.0519777072359374e-07, 1.1954867224694127e-06, 1.6634961979388233e-06], [5.5949255796875e-06, 1.097987527610374e-05, 4.342952891241508e-06, -1.046835181946163e-07, 1.5168576686457993e-06, 2.5423916378183482e-06], [1.669429856430027e-06, 4.342952891241508e-06, 1.335338725748708e-05, 1.4812795748901754e-05, 1.2260691164182351e-05, 9.496721266321901e-06], [-3.0519777072359374e-07, -1.046835181946163e-07, 1.4812795748901754e-05, 7.388029604311829e-05, 5.576944559110365e-05, 3.800211825946517e-05], [1.1954867224694127e-06, 1.5168576686457993e-06, 1.2260691164182351e-05, 5.576944559110365e-05, 4.881537064528955e-05, 3.4192006794661995e-05], [1.6634961979388233e-06, 2.5423916378183482e-06, 9.496721266321901e-06, 3.800211825946517e-05, 3.4192006794661995e-05, 2.4655546328048183e-05]]</COVARIANCE_MATRIX>
		<ROI_SIZE>236</ROI_SIZE>
		<MAX_VALUE>[0.09506281465291977, 0.08796197921037674, 0.0717700943350792, 0.0760699063539505, 0.05663473531603813, 0.042138200253248215]</MAX_VALUE>
		<MIN_VALUE>[0.08562778681516647, 0.06899363547563553, 0.05142580717802048, 0.02629030868411064, 0.013661133125424385, 0.010712683200836182]</MIN_VALUE>
		<SIGNATURE_THRESHOLD_MD>0</SIGNATURE_THRESHOLD_MD>
		<SIGNATURE_THRESHOLD_ML>0</SIGNATURE_THRESHOLD_ML>
		<SIGNATURE_THRESHOLD_SAM>0</SIGNATURE_THRESHOLD_SAM>
	</signature>
	<signature ID="20210205_170228992723_704">
		<MACROCLASSID>1</MACROCLASSID>
		<MACROCLASSINFO>waterbody</MACROCLASSINFO>
		<CLASSID>12</CLASSID>
		<CLASSINFO>C 1</CLASSINFO>
		<VALUES>[0.09727722173556681, 0.00200156076314581, 0.0883678241765925, 0.005995576578309654, 0.060546691030529995, 0.010020576003951351, 0.03753762143397968, 0.0069769884643844276, 0.023634950738466727, 0.008382721497155857, 0.01797498704399914, 0.006848709681428257]</VALUES>
		<LCS_MIN>[0.09189323335886002, 0.07842866331338882, 0.04697857052087784, 0.02771538682281971, 0.0138331213966012, 0.010516118258237839]</LCS_MIN>
		<LCS_MAX>[0.10380987077951431, 0.10228651016950607, 0.08808483183383942, 0.07017301023006439, 0.05833008885383606, 0.04538150504231453]</LCS_MAX>
		<WAVELENGTH>[0.48, 0.56, 0.655, 0.865, 1.61, 2.2]</WAVELENGTH>
		<MEAN_VALUE>[0.09727722173556681, 0.0883678241765925, 0.060546691030529995, 0.03753762143397968, 0.023634950738466727, 0.01797498704399914]</MEAN_VALUE>
		<CHECKBOX>2</CHECKBOX>
		<SD>[0.00200156076314581, 0.005995576578309654, 0.010020576003951351, 0.0069769884643844276, 0.008382721497155857, 0.006848709681428257]</SD>
		<WAVELENGTH_UNIT>E-6m</WAVELENGTH_UNIT>
		<COLOR>#62c5bd</COLOR>
		<COVARIANCE_MATRIX>[[4.042337790263656e-06, 6.1810567854885324e-06, 8.168716660058355e-06, 5.572105162420281e-06, 4.101168152315434e-06, 3.450542817210107e-06], [6.1810567854885324e-06, 3.627078479922557e-05, 5.7253164263218576e-05, 1.7518945113574317e-05, 1.4628507418292908e-05, 1.0875771988343414e-05], [8.168716660058355e-06, 5.7253164263218576e-05, 0.00010131655555412742, 3.959077151747719e-05, 3.657739190903919e-05, 2.8045810820600053e-05], [5.572105162420281e-06, 1.7518945113574317e-05, 3.959077151747719e-05, 4.911691188829887e-05, 5.24462087423447e-05, 4.206831986231068e-05], [4.101168152315434e-06, 1.4628507418292908e-05, 3.657739190903919e-05, 5.24462087423447e-05, 7.090308293940938e-05, 5.7077531402303436e-05], [3.450542817210107e-06, 1.0875771988343414e-05, 2.8045810820600053e-05, 4.206831986231068e-05, 5.7077531402303436e-05, 4.7327390285178256e-05]]</COVARIANCE_MATRIX>
		<ROI_SIZE>112</ROI_SIZE>
		<MAX_VALUE>[0.10380987077951431, 0.10228651016950607, 0.08808483183383942, 0.07017301023006439, 0.05833008885383606, 0.04538150504231453]</MAX_VALUE>
		<MIN_VALUE>[0.09189323335886002, 0.07842866331338882, 0.04697857052087784, 0.02771538682281971, 0.0138331213966012, 0.010516118258237839]</MIN_VALUE>
		<SIGNATURE_THRESHOLD_MD>0</SIGNATURE_THRESHOLD_MD>
		<SIGNATURE_THRESHOLD_ML>0</SIGNATURE_THRESHOLD_ML>
		<SIGNATURE_THRESHOLD_SAM>0</SIGNATURE_THRESHOLD_SAM>
	</signature>
	<signature ID="20210205_170234883641_407">
		<MACROCLASSID>1</MACROCLASSID>
		<MACROCLASSINFO>waterbody</MACROCLASSINFO>
		<CLASSID>13</CLASSID>
		<CLASSINFO>C 1</CLASSINFO>
		<VALUES>[0.08957767886712806, 0.0028109814179625354, 0.0784901061422335, 0.0051343860367581, 0.061843027411660305, 0.009113505199754646, 0.03703028258085612, 0.01091277200068265, 0.02063132669433797, 0.009850237256941799, 0.016141066197271986, 0.007927990759998187]</VALUES>
		<LCS_MIN>[0.08307246118783951, 0.06857594102621078, 0.04602032154798508, 0.010589828714728355, 0.00014742114581167698, 0.002063905354589224]</LCS_MIN>
		<LCS_MAX>[0.09597192704677582, 0.09125441312789917, 0.08941162377595901, 0.07331801950931549, 0.05584847927093506, 0.046732861548662186]</LCS_MAX>
		<WAVELENGTH>[0.48, 0.56, 0.655, 0.865, 1.61, 2.2]</WAVELENGTH>
		<MEAN_VALUE>[0.08957767886712806, 0.0784901061422335, 0.061843027411660305, 0.03703028258085612, 0.02063132669433797, 0.016141066197271986]</MEAN_VALUE>
		<CHECKBOX>2</CHECKBOX>
		<SD>[0.0028109814179625354, 0.0051343860367581, 0.009113505199754646, 0.01091277200068265, 0.009850237256941799, 0.007927990759998187]</SD>
		<WAVELENGTH_UNIT>E-6m</WAVELENGTH_UNIT>
		<COLOR>#2f9267</COLOR>
		<COVARIANCE_MATRIX>[[7.911229204310689e-06, 1.352835010524733e-05, 2.023333484914333e-05, 1.2640404299495473e-05, 1.0710915690890032e-05, 9.70003632782758e-06], [1.352835010524733e-05, 2.639399043671236e-05, 4.218676914567559e-05, 2.2319178842167662e-05, 1.760841495383622e-05, 1.6330757973481467e-05], [2.023333484914333e-05, 4.218676914567559e-05, 8.315701836053533e-05, 5.83638785780251e-05, 4.467382148612364e-05, 4.007122794548731e-05], [1.2640404299495473e-05, 2.2319178842167662e-05, 5.83638785780251e-05, 0.00011923346937238558, 0.00010108889707972855, 8.034887359455056e-05], [1.0710915690890032e-05, 1.760841495383622e-05, 4.467382148612364e-05, 0.00010108889707972855, 9.714521194264043e-05, 7.688860258103661e-05], [9.70003632782758e-06, 1.6330757973481467e-05, 4.007122794548731e-05, 8.034887359455056e-05, 7.688860258103661e-05, 6.29295010398752e-05]]</COVARIANCE_MATRIX>
		<ROI_SIZE>823</ROI_SIZE>
		<MAX_VALUE>[0.09597192704677582, 0.09125441312789917, 0.08941162377595901, 0.07331801950931549, 0.05584847927093506, 0.046732861548662186]</MAX_VALUE>
		<MIN_VALUE>[0.08307246118783951, 0.06857594102621078, 0.04602032154798508, 0.010589828714728355, 0.00014742114581167698, 0.002063905354589224]</MIN_VALUE>
		<SIGNATURE_THRESHOLD_MD>0</SIGNATURE_THRESHOLD_MD>
		<SIGNATURE_THRESHOLD_ML>0</SIGNATURE_THRESHOLD_ML>
		<SIGNATURE_THRESHOLD_SAM>0</SIGNATURE_THRESHOLD_SAM>
	</signature>
	<signature ID="20210205_170243786446_483">
		<MACROCLASSID>1</MACROCLASSID>
		<MACROCLASSINFO>waterbody</MACROCLASSINFO>
		<CLASSID>14</CLASSID>
		<CLASSINFO>C 1</CLASSINFO>
		<VALUES>[0.09866608563318567, 0.0012549147588469436, 0.10718088347535085, 0.0022492888806830754, 0.10164652044340122, 0.006258197052765973, 0.05482765083324231, 0.010079764696190492, 0.021415867313373613, 0.008336736568611927, 0.016296882428369425, 0.006282550772666675]</VALUES>
		<LCS_MIN>[0.09599649161100388, 0.1030973345041275, 0.09363774210214615, 0.03700299188494682, 0.005036922637373209, 0.009066464379429817]</LCS_MIN>
		<LCS_MAX>[0.10245849192142487, 0.11415401101112366, 0.12624263763427734, 0.09083671867847443, 0.0567084401845932, 0.04769110679626465]</LCS_MAX>
		<WAVELENGTH>[0.48, 0.56, 0.655, 0.865, 1.61, 2.2]</WAVELENGTH>
		<MEAN_VALUE>[0.09866608563318567, 0.10718088347535085, 0.10164652044340122, 0.05482765083324231, 0.021415867313373613, 0.016296882428369425]</MEAN_VALUE>
		<CHECKBOX>2</CHECKBOX>
		<SD>[0.0012549147588469436, 0.0022492888806830754, 0.006258197052765973, 0.010079764696190492, 0.008336736568611927, 0.006282550772666675]</SD>
		<WAVELENGTH_UNIT>E-6m</WAVELENGTH_UNIT>
		<COLOR>#8553fa</COLOR>
		<COVARIANCE_MATRIX>[[1.5822746114598904e-06, 2.3747991303314945e-06, 4.866594972741083e-06, 5.92114114076912e-06, 4.38529273176707e-06, 3.568668066868604e-06], [2.3747991303314945e-06, 5.0832781961046935e-06, 1.0699528783785945e-05, 1.1335545196819798e-05, 8.36056223848804e-06, 6.821458252943905e-06], [4.866594972741083e-06, 1.0699528783785945e-05, 3.9350646608837635e-05, 5.3845605904478205e-05, 3.540231165237014e-05, 2.6670972656461996e-05], [5.92114114076912e-06, 1.1335545196819798e-05, 5.3845605904478205e-05, 0.00010208318076815383, 7.0058078330245e-05, 5.162091510464543e-05], [4.38529273176707e-06, 8.36056223848804e-06, 3.540231165237014e-05, 7.0058078330245e-05, 6.983056607705903e-05, 5.1671088281465567e-05], [3.568668066868604e-06, 6.821458252943905e-06, 2.6670972656461996e-05, 5.162091510464543e-05, 5.1671088281465567e-05, 3.965750792777509e-05]]</COVARIANCE_MATRIX>
		<ROI_SIZE>212</ROI_SIZE>
		<MAX_VALUE>[0.10245849192142487, 0.11415401101112366, 0.12624263763427734, 0.09083671867847443, 0.0567084401845932, 0.04769110679626465]</MAX_VALUE>
		<MIN_VALUE>[0.09599649161100388, 0.1030973345041275, 0.09363774210214615, 0.03700299188494682, 0.005036922637373209, 0.009066464379429817]</MIN_VALUE>
		<SIGNATURE_THRESHOLD_MD>0</SIGNATURE_THRESHOLD_MD>
		<SIGNATURE_THRESHOLD_ML>0</SIGNATURE_THRESHOLD_ML>
		<SIGNATURE_THRESHOLD_SAM>0</SIGNATURE_THRESHOLD_SAM>
	</signature>
	<signature ID="20210205_170248777922_844">
		<MACROCLASSID>1</MACROCLASSID>
		<MACROCLASSINFO>waterbody</MACROCLASSINFO>
		<CLASSID>15</CLASSID>
		<CLASSINFO>C 1</CLASSINFO>
		<VALUES>[0.09733569712213865, 0.001981061500899992, 0.0879517479147863, 0.0041632869797994295, 0.06681333153191346, 0.007622025684026435, 0.03846793390120923, 0.0058204959816265415, 0.01930746039541939, 0.005331051263055172, 0.014814914840447984, 0.0042975721779356935]</VALUES>
		<LCS_MIN>[0.09000130742788315, 0.07550478726625443, 0.05105726420879364, 0.02488979883491993, 0.0067814188078045845, 0.005749461241066456]</LCS_MIN>
		<LCS_MAX>[0.10560350865125656, 0.10774112492799759, 0.10181967914104462, 0.07361286133527756, 0.05518507584929466, 0.044791802763938904]</LCS_MAX>
		<WAVELENGTH>[0.48, 0.56, 0.655, 0.865, 1.61, 2.2]</WAVELENGTH>
		<MEAN_VALUE>[0.09733569712213865, 0.0879517479147863, 0.06681333153191346, 0.03846793390120923, 0.01930746039541939, 0.014814914840447984]</MEAN_VALUE>
		<CHECKBOX>2</CHECKBOX>
		<SD>[0.001981061500899992, 0.0041632869797994295, 0.007622025684026435, 0.0058204959816265415, 0.005331051263055172, 0.0042975721779356935]</SD>
		<WAVELENGTH_UNIT>E-6m</WAVELENGTH_UNIT>
		<COLOR>#d327bf</COLOR>
		<COVARIANCE_MATRIX>[[3.926755138660743e-06, 6.663953388111675e-06, 1.0059615474055374e-05, 6.0410029195099455e-06, 4.7369155270302285e-06, 4.267149354324775e-06], [6.663953388111675e-06, 1.7342455987661354e-05, 2.885485595598652e-05, 1.1107509100402615e-05, 5.6385956401427775e-06, 4.821515852861155e-06], [1.0059615474055374e-05, 2.885485595598652e-05, 5.812710855564538e-05, 2.7091331601852187e-05, 1.4414855163229678e-05, 1.1598241599164287e-05], [6.0410029195099455e-06, 1.1107509100402615e-05, 2.7091331601852187e-05, 3.389673685485513e-05, 2.823220915445764e-05, 2.2001849067657442e-05], [4.7369155270302285e-06, 5.6385956401427775e-06, 1.4414855163229678e-05, 2.823220915445764e-05, 2.8435680231004023e-05, 2.25248522493827e-05], [4.267149354324775e-06, 4.821515852861155e-06, 1.1598241599164287e-05, 2.2001849067657442e-05, 2.25248522493827e-05, 1.8479246693950265e-05]]</COVARIANCE_MATRIX>
		<ROI_SIZE>1826</ROI_SIZE>
		<MAX_VALUE>[0.10560350865125656, 0.10774112492799759, 0.10181967914104462, 0.07361286133527756, 0.05518507584929466, 0.044791802763938904]</MAX_VALUE>
		<MIN_VALUE>[0.09000130742788315, 0.07550478726625443, 0.05105726420879364, 0.02488979883491993, 0.0067814188078045845, 0.005749461241066456]</MIN_VALUE>
		<SIGNATURE_THRESHOLD_MD>0</SIGNATURE_THRESHOLD_MD>
		<SIGNATURE_THRESHOLD_ML>0</SIGNATURE_THRESHOLD_ML>
		<SIGNATURE_THRESHOLD_SAM>0</SIGNATURE_THRESHOLD_SAM>
	</signature>
	<signature ID="20210205_170255284298_611">
		<MACROCLASSID>1</MACROCLASSID>
		<MACROCLASSINFO>waterbody</MACROCLASSINFO>
		<CLASSID>16</CLASSID>
		<CLASSINFO>C 1</CLASSINFO>
		<VALUES>[0.09102359592300098, 0.004299255078562769, 0.08186076741243152, 0.009779780946441597, 0.0589388271889736, 0.012454509252922585, 0.03753660293199968, 0.007619263911664851, 0.01924732020892893, 0.008163584361973227, 0.014339373388433272, 0.006566105104897868]</VALUES>
		<LCS_MIN>[0.08250734210014343, 0.0641532689332962, 0.04194164648652077, 0.024865223094820976, 0.006019736640155315, 0.007297401782125235]</LCS_MIN>
