<?xml version="1.0" ?>
<signaturelist MCID_LIST="[['1', 'waterbody', '#0000ff'], ['2', 'vegetation', '#00ff00'], ['3', 'bareland', '#ffaa00'], ['4', 'built-up', '#ff0000']]">
	<signature ID="20210205_170440935069_751">
		<MACROCLASSID>1</MACROCLASSID>
		<MACROCLASSINFO>waterbody</MACROCLASSINFO>
		<CLASSID>1</CLASSID>
		<CLASSINFO>C 1</CLASSINFO>
		<VALUES>[0.12324718541128427, 0.0026157598948260944, 0.12081969181009683, 0.005278512366471469, 0.12633354861414822, 0.008214655594974661, 0.08508687412934567, 0.019538377166319624, 0.04081365415728239, 0.020711130786179834, 0.02586201962579425, 0.014689200888262442]</VALUES>
		<LCS_MIN>[0.1177629679441452, 0.10896632820367813, 0.10670247673988342, 0.06258988380432129, 0.024126097559928894, 0.014639515429735184]</LCS_MIN>
		<LCS_MAX>[0.13432136178016663, 0.14501534402370453, 0.17017635703086853, 0.1704135239124298, 0.13018177449703217, 0.09779802709817886]</LCS_MAX>
		<WAVELENGTH>[0.48, 0.56, 0.655, 0.865, 1.61, 2.2]</WAVELENGTH>
		<MEAN_VALUE>[0.12324718541128427, 0.12081969181009683, 0.12633354861414822, 0.08508687412934567, 0.04081365415728239, 0.02586201962579425]</MEAN_VALUE>
		<CHECKBOX>2</CHECKBOX>
		<SD>[0.0026157598948260944, 0.005278512366471469, 0.008214655594974661, 0.019538377166319624, 0.020711130786179834, 0.014689200888262442]</SD>
		<WAVELENGTH_UNIT>E-6m</WAVELENGTH_UNIT>
		<COLOR>#8a4245</COLOR>
		<COVARIANCE_MATRIX>[[7.878553530245302e-06, 1.5321914582367486e-05, 2.239041190238641e-05, 3.301917635816192e-05, 2.6438322963686742e-05, 1.911800717603581e-05], [1.5321914582367486e-05, 3.8012115621846246e-05, 5.7560703461911814e-05, 6.848834443174914e-05, 3.3492599793752057e-05, 2.4216362620943316e-05], [2.239041190238641e-05, 5.7560703461911814e-05, 9.971137076914909e-05, 0.0001210391628343363, 5.2766782459228584e-05, 3.8130556482678225e-05], [3.301917635816192e-05, 6.848834443174914e-05, 0.0001210391628343363, 0.0004206136112232577, 0.00035863590908793703, 0.0002466782029471791], [2.6438322963686742e-05, 3.3492599793752057e-05, 5.2766782459228584e-05, 0.00035863590908793703, 0.0004312147052157273, 0.00029835053422873505], [1.911800717603581e-05, 2.4216362620943316e-05, 3.8130556482678225e-05, 0.0002466782029471791, 0.00029835053422873505, 0.000209356472246994]]</COVARIANCE_MATRIX>
		<ROI_SIZE>7366</ROI_SIZE>
		<MAX_VALUE>[0.13432136178016663, 0.14501534402370453, 0.17017635703086853, 0.1704135239124298, 0.13018177449703217, 0.09779802709817886]</MAX_VALUE>
		<MIN_VALUE>[0.1177629679441452, 0.10896632820367813, 0.10670247673988342, 0.06258988380432129, 0.024126097559928894, 0.014639515429735184]</MIN_VALUE>
		<SIGNATURE_THRESHOLD_MD>0</SIGNATURE_THRESHOLD_MD>
		<SIGNATURE_THRESHOLD_ML>0</SIGNATURE_THRESHOLD_ML>
		<SIGNATURE_THRESHOLD_SAM>0</SIGNATURE_THRESHOLD_SAM>
	</signature>
	<signature ID="20210205_170447195489_183">
		<MACROCLASSID>1</MACROCLASSID>
		<MACROCLASSINFO>waterbody</MACROCLASSINFO>
		<CLASSID>2</CLASSID>
		<CLASSINFO>C 1</CLASSINFO>
		<VALUES>[0.11911728692148006, 0.006744962973067543, 0.11189371790786225, 0.016782317866658805, 0.09968773472861414, 0.029334528948880882, 0.06625746992538828, 0.013176128860330606, 0.03230470846710825, 0.014145812965821247, 0.019710871152844308, 0.01008235713115276]</VALUES>
		<LCS_MIN>[0.1058185026049614, 0.08214517682790756, 0.06114533171057701, 0.05224088206887245, 0.020590191707015038, 0.011922900564968586]</LCS_MIN>
		<LCS_MAX>[0.13984085619449615, 0.14820627868175507, 0.15592491626739502, 0.14326895773410797, 0.11679275333881378, 0.08229609578847885]</LCS_MAX>
		<WAVELENGTH>[0.48, 0.56, 0.655, 0.865, 1.61, 2.2]</WAVELENGTH>
		<MEAN_VALUE>[0.11911728692148006, 0.11189371790786225, 0.09968773472861414, 0.06625746992538828, 0.03230470846710825, 0.019710871152844308]</MEAN_VALUE>
		<CHECKBOX>2</CHECKBOX>
		<SD>[0.006744962973067543, 0.016782317866658805, 0.029334528948880882, 0.013176128860330606, 0.014145812965821247, 0.01008235713115276]</SD>
		<WAVELENGTH_UNIT>E-6m</WAVELENGTH_UNIT>
		<COLOR>#806af0</COLOR>
		<COVARIANCE_MATRIX>[[4.9715504567416854e-05, 0.00011626148538730578, 0.00019427418758094183, 4.672885200408891e-05, 1.5729145607882378e-05, 1.3198451222302325e-05], [0.00011626148538730578, 0.0002838940955787304, 0.00047455992520125425, 9.209435031959162e-05, 1.261980164978775e-05, 1.3363085052921946e-05], [0.00019427418758094183, 0.00047455992520125425, 0.0008690030335072946, 0.00018615001744196774, 1.4435914873228503e-05, 1.7815577934816016e-05], [4.672885200408891e-05, 9.209435031959162e-05, 0.00018615001744196774, 0.0001953047633811945, 0.00017128315829966422, 0.00012193756299734514], [1.5729145607882378e-05, 1.261980164978775e-05, 1.4435914873228503e-05, 0.00017128315829966422, 0.00021142882587879113, 0.00014982480628871714], [1.3198451222302325e-05, 1.3363085052921946e-05, 1.7815577934816016e-05, 0.00012193756299734514, 0.00014982480628871714, 0.00010715680799717184]]</COVARIANCE_MATRIX>
		<ROI_SIZE>12049</ROI_SIZE>
		<MAX_VALUE>[0.13984085619449615, 0.14820627868175507, 0.15592491626739502, 0.14326895773410797, 0.11679275333881378, 0.08229609578847885]</MAX_VALUE>
		<MIN_VALUE>[0.1058185026049614, 0.08214517682790756, 0.06114533171057701, 0.05224088206887245, 0.020590191707015038, 0.011922900564968586]</MIN_VALUE>
		<SIGNATURE_THRESHOLD_MD>0</SIGNATURE_THRESHOLD_MD>
		<SIGNATURE_THRESHOLD_ML>0</SIGNATURE_THRESHOLD_ML>
		<SIGNATURE_THRESHOLD_SAM>0</SIGNATURE_THRESHOLD_SAM>
	</signature>
	<signature ID="20210205_170455537514_982">
		<MACROCLASSID>1</MACROCLASSID>
		<MACROCLASSINFO>waterbody</MACROCLASSINFO>
		<CLASSID>3</CLASSID>
		<CLASSINFO>C 1</CLASSINFO>
		<VALUES>[0.1283371309091904, 0.005656772727024937, 0.13894304841602423, 0.0066347984830257434, 0.14711947205101694, 0.011349072630567978, 0.08498312262673455, 0.01471905197184787, 0.04129111127435697, 0.01681023611349341, 0.02650085375491454, 0.01222804256201087]</VALUES>
		<LCS_MIN>[0.11306281387805939, 0.1092681810259819, 0.09389559924602509, 0.06280548870563507, 0.020762676373124123, 0.010715524666011333]</LCS_MIN>
		<LCS_MAX>[0.1441313475370407, 0.15642079710960388, 0.1740787923336029, 0.1659720540046692, 0.12578344345092773, 0.09027343988418579]</LCS_MAX>
		<WAVELENGTH>[0.48, 0.56, 0.655, 0.865, 1.61, 2.2]</WAVELENGTH>
		<MEAN_VALUE>[0.1283371309091904, 0.13894304841602423, 0.14711947205101694, 0.08498312262673455, 0.04129111127435697, 0.02650085375491454]</MEAN_VALUE>
		<CHECKBOX>2</CHECKBOX>
		<SD>[0.005656772727024937, 0.0066347984830257434, 0.011349072630567978, 0.01471905197184787, 0.01681023611349341, 0.01222804256201087]</SD>
		<WAVELENGTH_UNIT>E-6m</WAVELENGTH_UNIT>
		<COLOR>#4edfed</COLOR>
		<COVARIANCE_MATRIX>[[3.882337069403566e-05, 3.9404362320327506e-05, 5.119518918844122e-05, 7.671699195559986e-05, 7.32445803869236e-05, 5.799845846634698e-05], [3.9404362320327506e-05, 4.635834559070828e-05, 6.707581713094895e-05, 6.219709671242858e-05, 6.084972859418409e-05, 4.994570272997189e-05], [5.119518918844122e-05, 6.707581713094895e-05, 0.00013137646998999082, 8.379483735009974e-05, 6.9834128137213e-05, 5.8729165602006005e-05], [7.671699195559986e-05, 6.219709671242858e-05, 8.379483735009974e-05, 0.0003399577326422423, 0.0003313733225490526, 0.00024005351634284478], [7.32445803869236e-05, 6.084972859418409e-05, 6.9834128137213e-05, 0.0003313733225490526, 0.00036906229046144626, 0.0002653983947590608], [5.799845846634698e-05, 4.994570272997189e-05, 5.8729165602006005e-05, 0.00024005351634284478, 0.0002653983947590608, 0.0001950099463741242]]</COVARIANCE_MATRIX>
		<ROI_SIZE>9334</ROI_SIZE>
		<MAX_VALUE>[0.1441313475370407, 0.15642079710960388, 0.1740787923336029, 0.1659720540046692, 0.12578344345092773, 0.09027343988418579]</MAX_VALUE>
		<MIN_VALUE>[0.11306281387805939, 0.1092681810259819, 0.09389559924602509, 0.06280548870563507, 0.020762676373124123, 0.010715524666011333]</MIN_VALUE>
		<SIGNATURE_THRESHOLD_MD>0</SIGNATURE_THRESHOLD_MD>
		<SIGNATURE_THRESHOLD_ML>0</SIGNATURE_THRESHOLD_ML>
		<SIGNATURE_THRESHOLD_SAM>0</SIGNATURE_THRESHOLD_SAM>
	</signature>
	<signature ID="20210205_170508090983_364">
		<MACROCLASSID>1</MACROCLASSID>
		<MACROCLASSINFO>waterbody</MACROCLASSINFO>
		<CLASSID>4</CLASSID>
		<CLASSINFO>C 1</CLASSINFO>
		<VALUES>[0.12205724202585462, 0.003981672575339539, 0.12795931755465836, 0.007973445943388687, 0.10933022192911354, 0.016193306814695278, 0.06657380666964971, 0.015905852971145152, 0.030898153228486755, 0.01588427906543185, 0.01833868721380418, 0.01109050673344389]</VALUES>
		<LCS_MIN>[0.09672001004219055, 0.07382284849882126, 0.05202527716755867, 0.04986922815442085, 0.018606629222631454, 0.009809985756874084]</LCS_MIN>
		<LCS_MAX>[0.13781414926052094, 0.15159127116203308, 0.1549762487411499, 0.15465286374092102, 0.11323528736829758, 0.0853145569562912]</LCS_MAX>
		<WAVELENGTH>[0.48, 0.56, 0.655, 0.865, 1.61, 2.2]</WAVELENGTH>
		<MEAN_VALUE>[0.12205724202585462, 0.12795931755465836, 0.10933022192911354, 0.06657380666964971, 0.030898153228486755, 0.01833868721380418]</MEAN_VALUE>
		<CHECKBOX>2</CHECKBOX>
		<SD>[0.003981672575339539, 0.007973445943388687, 0.016193306814695278, 0.015905852971145152, 0.01588427906543185, 0.01109050673344389]</SD>
		<WAVELENGTH_UNIT>E-6m</WAVELENGTH_UNIT>
		<COLOR>#7b8822</COLOR>
		<COVARIANCE_MATRIX>[[1.4775829040770628e-05, 2.5344627725906265e-05, 4.423750541897898e-05, 1.7312588288459457e-05, 1.5596589245864404e-05, 1.3445367752875013e-05], [2.5344627725906265e-05, 5.3404534128728496e-05, 0.00010580057380055118, 2.0055758797615348e-05, 1.2151155547779063e-05, 1.3158575745604365e-05], [4.423750541897898e-05, 0.00010580057380055118, 0.00025500234123250183, 8.199483306748472e-05, 4.914286013747079e-05, 4.0707594082258134e-05], [1.7312588288459457e-05, 2.0055758797615348e-05, 8.199483306748472e-05, 0.00023650881635218834, 0.00022442608820130532, 0.0001530516779809687], [1.5596589245864404e-05, 1.2151155547779063e-05, 4.914286013747079e-05, 0.00022442608820130532, 0.00024315501896704508, 0.00016685684214412543], [1.3445367752875013e-05, 1.3158575745604365e-05, 4.0707594082258134e-05, 0.0001530516779809687, 0.00016685684214412543, 0.00011753252166254642]]</COVARIANCE_MATRIX>
		<ROI_SIZE>11576</ROI_SIZE>
		<MAX_VALUE>[0.13781414926052094, 0.15159127116203308, 0.1549762487411499, 0.15465286374092102, 0.11323528736829758, 0.0853145569562912]</MAX_VALUE>
		<MIN_VALUE>[0.09672001004219055, 0.07382284849882126, 0.05202527716755867, 0.04986922815442085, 0.018606629222631454, 0.009809985756874084]</MIN_VALUE>
		<SIGNATURE_THRESHOLD_MD>0</SIGNATURE_THRESHOLD_MD>
		<SIGNATURE_THRESHOLD_ML>0</SIGNATURE_THRESHOLD_ML>
		<SIGNATURE_THRESHOLD_SAM>0</SIGNATURE_THRESHOLD_SAM>
	</signature>
	<signature ID="20210205_170524016536_749">
		<MACROCLASSID>1</MACROCLASSID>
		<MACROCLASSINFO>waterbody</MACROCLASSINFO>
		<CLASSID>5</CLASSID>
		<CLASSINFO>C 1</CLASSINFO>
		<VALUES>[0.11076709685778112, 0.004126291416501808, 0.09444365208487768, 0.007502756396445076, 0.05716403760319961, 0.008931842245950745, 0.04771346299902322, 0.014705369681742698, 0.024812362351150592, 0.015979702554390487, 0.015106285403476753, 0.011401789085688322]</VALUES>
		<LCS_MIN>[0.09648284316062927, 0.07548300921916962, 0.04613928869366646, 0.03413013368844986, 0.011232970282435417, 0.007265855558216572]</LCS_MIN>
		<LCS_MAX>[0.1427299529314041, 0.13421358168125153, 0.10944065451622009, 0.12768076360225677, 0.10465425252914429, 0.08305071294307709]</LCS_MAX>
		<WAVELENGTH>[0.48, 0.56, 0.655, 0.865, 1.61, 2.2]</WAVELENGTH>
		<MEAN_VALUE>[0.11076709685778112, 0.09444365208487768, 0.05716403760319961, 0.04771346299902322, 0.024812362351150592, 0.015106285403476753]</MEAN_VALUE>
		<CHECKBOX>2</CHECKBOX>
		<SD>[0.004126291416501808, 0.007502756396445076, 0.008931842245950745, 0.014705369681742698, 0.015979702554390487, 0.011401789085688322]</SD>
		<WAVELENGTH_UNIT>E-6m</WAVELENGTH_UNIT>
		<COLOR>#9e1e95</COLOR>
		<COVARIANCE_MATRIX>[[1.868902264446117e-05, 2.9068875325342133e-05, 3.0176744810487534e-05, 2.7360292947002274e-05, 2.9796849640727722e-05, 2.3078269202819282e-05], [2.9068875325342133e-05, 5.608308511871248e-05, 5.568496960917197e-05, 4.363331903260544e-05, 4.83736171951535e-05, 3.714778537649397e-05], [3.0176744810487534e-05, 5.568496960917197e-05, 7.291215930068764e-05, 8.728287445380182e-05, 9.359213759846244e-05, 6.851613401531418e-05], [2.7360292947002274e-05, 4.363331903260544e-05, 8.728287445380182e-05, 0.00016738168567205096, 0.00017474361077231078, 0.00012253796070796038], [2.9796849640727722e-05, 4.83736171951535e-05, 9.359213759846244e-05, 0.00017474361077231078, 0.0001989613092578168, 0.00014041796166950463], [2.3078269202819282e-05, 3.714778537649397e-05, 6.851613401531418e-05, 0.00012253796070796038, 0.00014041796166950463, 0.00010263353423923367]]</COVARIANCE_MATRIX>
		<ROI_SIZE>32974</ROI_SIZE>
		<MAX_VALUE>[0.1427299529314041, 0.13421358168125153, 0.10944065451622009, 0.12768076360225677, 0.10465425252914429, 0.08305071294307709]</MAX_VALUE>
		<MIN_VALUE>[0.09648284316062927, 0.07548300921916962, 0.04613928869366646, 0.03413013368844986, 0.011232970282435417, 0.007265855558216572]</MIN_VALUE>
		<SIGNATURE_THRESHOLD_MD>0</SIGNATURE_THRESHOLD_MD>
		<SIGNATURE_THRESHOLD_ML>0</SIGNATURE_THRESHOLD_ML>
		<SIGNATURE_THRESHOLD_SAM>0</SIGNATURE_THRESHOLD_SAM>
	</signature>
	<signature ID="20210205_170530429003_767">
		<MACROCLASSID>1</MACROCLASSID>
		<MACROCLASSINFO>waterbody</MACROCLASSINFO>
		<CLASSID>6</CLASSID>
		<CLASSINFO>C 1</CLASSINFO>
		<VALUES>[0.1126527912219106, 0.006756086736201592, 0.09316964617184337, 0.008677111489280903, 0.05919922929562726, 0.012272322255779842, 0.05892184132427292, 0.021262987189003896, 0.03384396631797258, 0.02220110869721642, 0.021461713237096326, 0.015282709834765823]</VALUES>
		<LCS_MIN>[0.10264912247657776, 0.07975196838378906, 0.04579431936144829, 0.03919681906700134, 0.014143627136945724, 0.00875352043658495]</LCS_MIN>
		<LCS_MAX>[0.1392802596092224, 0.1370164304971695, 0.13382548093795776, 0.16398850083351135, 0.13755542039871216, 0.09898385405540466]</LCS_MAX>
		<WAVELENGTH>[0.48, 0.56, 0.655, 0.865, 1.61, 2.2]</WAVELENGTH>
		<MEAN_VALUE>[0.1126527912219106, 0.09316964617184337, 0.05919922929562726, 0.05892184132427292, 0.03384396631797258, 0.021461713237096326]</MEAN_VALUE>
		<CHECKBOX>2</CHECKBOX>
		<SD>[0.006756086736201592, 0.008677111489280903, 0.012272322255779842, 0.021262987189003896, 0.02220110869721642, 0.015282709834765823]</SD>
		<WAVELENGTH_UNIT>E-6m</WAVELENGTH_UNIT>
		<COLOR>#39b6ff</COLOR>
		<COVARIANCE_MATRIX>[[3.301799054394398e-05, 4.185931472165682e-05, 5.508820332278379e-05, 7.151256159605617e-05, 7.505136216215138e-05, 5.72254211291442e-05], [4.185931472165682e-05, 6.144030477770344e-05, 8.593222034267117e-05, 0.00012395075961812787, 0.000131631490582309, 9.650142516450187e-05], [5.508820332278379e-05, 8.593222034267117e-05, 0.00013269356718937793, 0.00020986360649732257, 0.0002239358150560891, 0.00015969745759897942], [7.151256159605617e-05, 0.00012395075961812787, 0.00020986360649732257, 0.00039149425496805946, 0.00040987640789158546, 0.00028111195742222544], [7.505136216215138e-05, 0.000131631490582309, 0.0002239358150560891, 0.00040987640789158546, 0.0004511655340363872, 0.0003094967116824813], [5.72254211291442e-05, 9.650142516450187e-05, 0.00015969745759897942, 0.00028111195742222544, 0.0003094967116824813, 0.0002178208680629357]]</COVARIANCE_MATRIX>
		<ROI_SIZE>12156</ROI_SIZE>
		<MAX_VALUE>[0.1392802596092224, 0.1370164304971695, 0.13382548093795776, 0.16398850083351135, 0.13755542039871216, 0.09898385405540466]</MAX_VALUE>
		<MIN_VALUE>[0.10264912247657776, 0.07975196838378906, 0.04579431936144829, 0.03919681906700134, 0.014143627136945724, 0.00875352043658495]</MIN_VALUE>
		<SIGNATURE_THRESHOLD_MD>0</SIGNATURE_THRESHOLD_MD>
		<SIGNATURE_THRESHOLD_ML>0</SIGNATURE_THRESHOLD_ML>
		<SIGNATURE_THRESHOLD_SAM>0</SIGNATURE_THRESHOLD_SAM>
	</signature>
	<signature ID="20210205_170545046310_601">
		<MACROCLASSID>1</MACROCLASSID>
		<MACROCLASSINFO>waterbody</MACROCLASSINFO>
		<CLASSID>7</CLASSID>
		<CLASSINFO>C 1</CLASSINFO>
		<VALUES>[0.11874309934525405, 0.004325093436119073, 0.09720702933560883, 0.006251677916988734, 0.06395080529303661, 0.010971144176521973, 0.06177607417879594, 0.01543766455447301, 0.028856142922720568, 0.013046050183514563, 0.016559611328525937, 0.009021747268451782]</VALUES>
		<LCS_MIN>[0.11017370969057083, 0.08848393708467484, 0.056445155292749405, 0.04948114603757858, 0.019447486847639084, 0.011038928292691708]</LCS_MIN>
		<LCS_MAX>[0.13751231133937836, 0.12834914028644562, 0.11991901695728302, 0.1404876410961151, 0.10946221649646759, 0.0864788144826889]</LCS_MAX>
		<WAVELENGTH>[0.48, 0.56, 0.655, 0.865, 1.61, 2.2]</WAVELENGTH>
		<MEAN_VALUE>[0.11874309934525405, 0.09720702933560883, 0.06395080529303661, 0.06177607417879594, 0.028856142922720568, 0.016559611328525937]</MEAN_VALUE>
		<CHECKBOX>2</CHECKBOX>
		<SD>[0.004325093436119073, 0.006251677916988734, 0.010971144176521973, 0.01543766455447301, 0.013046050183514563, 0.009021747268451782]</SD>
		<WAVELENGTH_UNIT>E-6m</WAVELENGTH_UNIT>
		<COLOR>#0a5b48</COLOR>
		<COVARIANCE_MATRIX>[[1.2022656093735092e-05, 1.5347459283154816e-05, 2.0116134166496674e-05, 8.638555180302219e-06, 1.1645790361277012e-05, 1.0527767625831227e-05], [1.5347459283154816e-05, 2.2149103172589816e-05, 3.3421854967682525e-05, 2.4767483696838786e-05, 2.6727449981693837e-05, 2.1349680486352175e-05], [2.0116134166496674e-05, 3.3421854967682525e-05, 6.464664736769358e-05, 6.40514605095099e-05, 6.188470367745305e-05, 4.566684377586265e-05], [8.638555180302219e-06, 2.4767483696838786e-05, 6.40514605095099e-05, 0.00018702501579378602, 0.00014235704256109922, 8.647946310146829e-05], [1.1645790361277012e-05, 2.6727449981693837e-05, 6.188470367745305e-05, 0.00014235704256109922, 0.00012436542099559237, 8.031163183883978e-05], [1.0527767625831227e-05, 2.1349680486352175e-05, 4.566684377586265e-05, 8.647946310146829e-05, 8.031163183883978e-05, 5.5203964839031945e-05]]</COVARIANCE_MATRIX>
		<ROI_SIZE>8651</ROI_SIZE>
		<MAX_VALUE>[0.13751231133937836, 0.12834914028644562, 0.11991901695728302, 0.1404876410961151, 0.10946221649646759, 0.0864788144826889]</MAX_VALUE>
		<MIN_VALUE>[0.11017370969057083, 0.08848393708467484, 0.056445155292749405, 0.04948114603757858, 0.019447486847639084, 0.011038928292691708]</MIN_VALUE>
		<SIGNATURE_THRESHOLD_MD>0</SIGNATURE_THRESHOLD_MD>
		<SIGNATURE_THRESHOLD_ML>0</SIGNATURE_THRESHOLD_ML>
		<SIGNATURE_THRESHOLD_SAM>0</SIGNATURE_THRESHOLD_SAM>
	</signature>
	<signature ID="20210205_170600993442_814">
		<MACROCLASSID>1</MACROCLASSID>
		<MACROCLASSINFO>waterbody</MACROCLASSINFO>
		<CLASSID>8</CLASSID>
		<CLASSINFO>C 1</CLASSINFO>
		<VALUES>[0.12175275845846681, 0.0027150199251409985, 0.12194500436665302, 0.005718327846449709, 0.09160721849387796, 0.005814310419225087, 0.08250102270866792, 0.01919213058396072, 0.03953041323683625, 0.018646941769611916, 0.02176652707579272, 0.011057192817617512]</VALUES>
		<LCS_MIN>[0.1129550039768219, 0.09648284316062927, 0.07050254940986633, 0.0612962506711483, 0.022918714210391045, 0.011038928292691708]</LCS_MIN>
		<LCS_MAX>[0.14130695164203644, 0.1452956199645996, 0.12127731740474701, 0.15812407433986664, 0.1153913363814354, 0.08136899769306183]</LCS_MAX>
		<WAVELENGTH>[0.48, 0.56, 0.655, 0.865, 1.61, 2.2]</WAVELENGTH>
		<MEAN_VALUE>[0.12175275845846681, 0.12194500436665302, 0.09160721849387796, 0.08250102270866792, 0.03953041323683625, 0.02176652707579272]</MEAN_VALUE>
		<CHECKBOX>2</CHECKBOX>
		<SD>[0.0027150199251409985, 0.005718327846449709, 0.005814310419225087, 0.01919213058396072, 0.018646941769611916, 0.011057192817617512]</SD>
		<WAVELENGTH_UNIT>E-6m</WAVELENGTH_UNIT>
		<COLOR>#1b8209</COLOR>
		<COVARIANCE_MATRIX>[[7.780714137590265e-06, 9.697077629815635e-06, 1.2769451577899094e-05, 1.7070109788852245e-05, 1.7971913983167187e-05, 1.3189832931094141e-05], [9.697077629815635e-06, 3.625271185370065e-05, 2.675963213079587e-05, -7.647566440815607e-06, -5.801208570073346e-06, -8.344937268844828e-07], [1.2769451577899094e-05, 2.675963213079587e-05, 3.641483072015806e-05, 5.639414052447153e-05, 5.798768024993086e-05, 3.65155026223028e-05], [1.7070109788852245e-05, -7.647566440815607e-06, 5.639414052447153e-05, 0.00037530186095881637, 0.00034610241039299827, 0.0001949504584570494], [1.7971913983167187e-05, -5.801208570073346e-06, 5.798768024993086e-05, 0.00034610241039299827, 0.0003535874249038207, 0.00020317448808872192], [1.3189832931094141e-05, -8.344937268844828e-07, 3.65155026223028e-05, 0.0001949504584570494, 0.00020317448808872192, 0.00012244869597276866]]</COVARIANCE_MATRIX>
		<ROI_SIZE>3296</ROI_SIZE>
		<MAX_VALUE>[0.14130695164203644, 0.1452956199645996, 0.12127731740474701, 0.15812407433986664, 0.1153913363814354, 0.08136899769306183]</MAX_VALUE>
		<MIN_VALUE>[0.1129550039768219, 0.09648284316062927, 0.07050254940986633, 0.0612962506711483, 0.022918714210391045, 0.011038928292691708]</MIN_VALUE>
		<SIGNATURE_THRESHOLD_MD>0</SIGNATURE_THRESHOLD_MD>
		<SIGNATURE_THRESHOLD_ML>0</SIGNATURE_THRESHOLD_ML>
		<SIGNATURE_THRESHOLD_SAM>0</SIGNATURE_THRESHOLD_SAM>
	</signature>
	<signature ID="20210205_170617624000_192">
		<MACROCLASSID>1</MACROCLASSID>
		<MACROCLASSINFO>waterbody</MACROCLASSINFO>
		<CLASSID>9</CLASSID>
		<CLASSINFO>C 1</CLASSINFO>
		<VALUES>[0.12711076433962196, 0.0052778560514830175, 0.12227906756075141, 0.006613304814898679, 0.10221111870995184, 0.008790495784853095, 0.07035004330819912, 0.01743474200731652, 0.0343629833757319, 0.01445673853833338, 0.021434018742781436, 0.010227058539244905]</VALUES>
		<LCS_MIN>[0.11485231667757034, 0.10064401477575302, 0.08197268843650818, 0.05323265865445137, 0.021797575056552887, 0.013000923208892345]</LCS_MIN>
		<LCS_MAX>[0.16079756617546082, 0.1634926199913025, 0.15534275770187378, 0.1454681158065796, 0.11360181123018265, 0.08865641802549362]</LCS_MAX>
		<WAVELENGTH>[0.48, 0.56, 0.655, 0.865, 1.61, 2.2]</WAVELENGTH>
		<MEAN_VALUE>[0.12711076433962196, 0.12227906756075141, 0.10221111870995184, 0.07035004330819912, 0.0343629833757319, 0.021434018742781436]</MEAN_VALUE>
		<CHECKBOX>2</CHECKBOX>
		<SD>[0.0052778560514830175, 0.006613304814898679, 0.008790495784853095, 0.01743474200731652, 0.01445673853833338, 0.010227058539244905]</SD>
		<WAVELENGTH_UNIT>E-6m</WAVELENGTH_UNIT>
		<COLOR>#80a904</COLOR>
		<COVARIANCE_MATRIX>[[7.829740882338598e-05, 9.696414654408328e-05, 0.00011544574815706483, 0.00013764933739399682, 0.0001387382257274492, 0.0001084838089735467], [9.696414654408328e-05, 0.00012347339535460558, 0.00014850715097944537, 0.0001731312150797476, 0.00017366554294565958, 0.00013549139957819273], [0.00011544574815706483, 0.00014850715097944537, 0.00019674826431827542, 0.00022930720423856854, 0.0002220734171576041, 0.0001725964751172769], [0.00013764933739399682, 0.0001731312150797476, 0.00022930720423856854, 0.00042397273151977834, 0.0003746030286199162, 0.00027242450719631105], [0.0001387382257274492, 0.00017366554294565958, 0.0002220734171576041, 0.0003746030286199162, 0.0003563683573657587, 0.0002642354332977709], [0.0001084838089735467, 0.00013549139957819273, 0.0001725964751172769, 0.00027242450719631105, 0.0002642354332977709, 0.00019934429057459036]]</COVARIANCE_MATRIX>
		<ROI_SIZE>11562</ROI_SIZE>
		<MAX_VALUE>[0.16079756617546082, 0.1634926199913025, 0.15534275770187378, 0.1454681158065796, 0.11360181123018265, 0.08865641802549362]</MAX_VALUE>
		<MIN_VALUE>[0.11485231667757034, 0.10064401477575302, 0.08197268843650818, 0.05323265865445137, 0.021797575056552887, 0.013000923208892345]</MIN_VALUE>
		<SIGNATURE_THRESHOLD_MD>0</SIGNATURE_THRESHOLD_MD>
		<SIGNATURE_THRESHOLD_ML>0</SIGNATURE_THRESHOLD_ML>
		<SIGNATURE_THRESHOLD_SAM>0</SIGNATURE_THRESHOLD_SAM>
	</signature>
	<signature ID="20210205_170627374243_575">
		<MACROCLASSID>1</MACROCLASSID>
		<MACROCLASSINFO>waterbody</MACROCLASSINFO>
		<CLASSID>10</CLASSID>
		<CLASSINFO>C 1</CLASSINFO>
		<VALUES>[0.13234598423229077, 0.008462548182806612, 0.13002783792730815, 0.010950650108033732, 0.11463586907193923, 0.013623025483799562, 0.08952197792645937, 0.02137710608391247, 0.04749180249294416, 0.01828043172060407, 0.030430395512056608, 0.013614247611548278]</VALUES>
		<LCS_MIN>[0.11871163547039032, 0.11306281387805939, 0.09452084451913834, 0.06450875848531723, 0.028006965294480324, 0.016666192561388016]</LCS_MIN>
		<LCS_MAX>[0.1717071384191513, 0.17877896130084991, 0.17377692461013794, 0.15683045983314514, 0.12006993591785431, 0.08844080567359924]</LCS_MAX>
		<WAVELENGTH>[0.48, 0.56, 0.655, 0.865, 1.61, 2.2]</WAVELENGTH>
		<MEAN_VALUE>[0.13234598423229077, 0.13002783792730815, 0.11463586907193923, 0.08952197792645937, 0.04749180249294416, 0.030430395512056608]</MEAN_VALUE>
		<CHECKBOX>2</CHECKBOX>
		<SD>[0.008462548182806612, 0.010950650108033732, 0.013623025483799562, 0.02137710608391247, 0.01828043172060407, 0.013614247611548278]</SD>
		<WAVELENGTH_UNIT>E-6m</WAVELENGTH_UNIT>
		<COLOR>#5ff513</COLOR>
		<COVARIANCE_MATRIX>[[8.923863447569468e-05, 0.00011420160799304794, 0.0001369240347832463, 0.0001397573835699083, 0.00015971723483015088, 0.00012852236514800423], [0.00011420160799304794, 0.00014897901896346492, 0.00017919078135909288, 0.00018545033287148042, 0.00020936382279483789, 0.0001677917971600273], [0.0001369240347832463, 0.00017919078135909288, 0.00022755962978031474, 0.0002459090324197284, 0.0002675427222084712, 0.00021274648596833956], [0.0001397573835699083, 0.00018545033287148042, 0.0002459090324197284, 0.0004945817636411239, 0.00043005410869942297, 0.00030721927130351125], [0.00015971723483015088, 0.00020936382279483789, 0.0002675427222084712, 0.00043005410869942297, 0.00041367452314033546, 0.00030838196694356616], [0.00012852236514800423, 0.0001677917971600273, 0.00021274648596833956, 0.00030721927130351125, 0.00030838196694356616, 0.00023510431245615278]]</COVARIANCE_MATRIX>
		<ROI_SIZE>10468</ROI_SIZE>
		<MAX_VALUE>[0.1717071384191513, 0.17877896130084991, 0.17377692461013794, 0.15683045983314514, 0.12006993591785431, 0.08844080567359924]</MAX_VALUE>
		<MIN_VALUE>[0.11871163547039032, 0.11306281387805939, 0.09452084451913834, 0.06450875848531723, 0.028006965294480324, 0.016666192561388016]</MIN_VALUE>
		<SIGNATURE_THRESHOLD_MD>0</SIGNATURE_THRESHOLD_MD>
		<SIGNATURE_THRESHOLD_ML>0</SIGNATURE_THRESHOLD_ML>
		<SIGNATURE_THRESHOLD_SAM>0</SIGNATURE_THRESHOLD_SAM>
	</signature>
	<signature ID="20210205_170648304257_135">
		<MACROCLASSID>1</MACROCLASSID>
		<MACROCLASSINFO>waterbody</MACROCLASSINFO>
		<CLASSID>11</CLASSID>
		<CLASSINFO>C 1</CLASSINFO>
		<VALUES>[0.1552283620116158, 0.01994937336687751, 0.15558684876773468, 0.024462022579278805, 0.14049484020487335, 0.025626238540012454, 0.1410918195970297, 0.028562224834829397, 0.11037484658824682, 0.027254298354951908, 0.07923650753044628, 0.019073615046919994]</VALUES>
		<LCS_MIN>[0.10709057748317719, 0.0949520617723465, 0.076884426176548, 0.05659608915448189, 0.027705127373337746, 0.017183644697070122]</LCS_MIN>
		<LCS_MAX>[0.18533332645893097, 0.1934400349855423, 0.19365563988685608, 0.22631965577602386, 0.19434557855129242, 0.14009957015514374]</LCS_MAX>
		<WAVELENGTH>[0.48, 0.56, 0.655, 0.865, 1.61, 2.2]</WAVELENGTH>
		<MEAN_VALUE>[0.1552283620116158, 0.15558684876773468, 0.14049484020487335, 0.1410918195970297, 0.11037484658824682, 0.07923650753044628]</MEAN_VALUE>
		<CHECKBOX>2</CHECKBOX>
		<SD>[0.01994937336687751, 0.024462022579278805, 0.025626238540012454, 0.028562224834829397, 0.027254298354951908, 0.019073615046919994]</SD>
		<WAVELENGTH_UNIT>E-6m</WAVELENGTH_UNIT>
		<COLOR>#a5c1fa</COLOR>
		<COVARIANCE_MATRIX>[[0.00039832783003542345, 0.0004762285267928792, 0.00045763582470792095, 4.706010000213394e-06, 2.4682492631885275e-05, 9.424501869065126e-05], [0.0004762285267928792, 0.0005989173009126937, 0.0005948994534648614, 6.618995489760802e-05, 9.015441244482087e-05, 0.00015348227183824544], [0.00045763582470792095, 0.0005948994534648614, 0.0006572821863061901, 0.00019111308501185432, 0.0002148942072801335, 0.00023599940526709468], [4.706010000213394e-06, 6.618995489760802e-05, 0.00019111308501185432, 0.0008165188219233702, 0.0006371767681394948, 0.0003977823037511641], [2.4682492631885275e-05, 9.015441244482087e-05, 0.0002148942072801335, 0.0006371767681394948, 0.0007434506492246268, 0.0004983559257611485], [9.424501869065126e-05, 0.00015348227183824544, 0.00023599940526709468, 0.0003977823037511641, 0.0004983559257611485, 0.0003641230398937949]]</COVARIANCE_MATRIX>
		<ROI_SIZE>1137</ROI_SIZE>
		<MAX_VALUE>[0.18533332645893097, 0.1934400349855423, 0.19365563988685608, 0.22631965577602386, 0.19434557855129242, 0.14009957015514374]</MAX_VALUE>
		<MIN_VALUE>[0.10709057748317719, 0.0949520617723465, 0.076884426176548, 0.05659608915448189, 0.027705127373337746, 0.017183644697070122]</MIN_VALUE>
		<SIGNATURE_THRESHOLD_MD>0</SIGNATURE_THRESHOLD_MD>
		<SIGNATURE_THRESHOLD_ML>0</SIGNATURE_THRESHOLD_ML>
		<SIGNATURE_THRESHOLD_SAM>0</SIGNATURE_THRESHOLD_SAM>
	</signature>
	<signature ID="20210205_170715295022_231">
		<MACROCLASSID>1</MACROCLASSID>
		<MACROCLASSINFO>waterbody</MACROCLASSINFO>
		<CLASSID>12</CLASSID>
		<CLASSINFO>C 1</CLASSINFO>
		<VALUES>[0.1447467941786826, 0.015989917928851856, 0.14229694978281102, 0.02384091622194418, 0.12686528456332477, 0.0255663770559076, 0.13419681944807502, 0.0234968547143356, 0.0939530233302556, 0.0221323649717862, 0.06607480730466146, 0.01722698390720118]</VALUES>
		<LCS_MIN>[0.10849199444055557, 0.08678066730499268, 0.06470279395580292, 0.07406001538038254, 0.03344019502401352, 0.020870478823781013]</LCS_MIN>
		<LCS_MAX>[0.1801588386297226, 0.19238358736038208, 0.1826598346233368, 0.19387124478816986, 0.153855100274086, 0.11847446858882904]</LCS_MAX>
		<WAVELENGTH>[0.48, 0.56, 0.655, 0.865, 1.61, 2.2]</WAVELENGTH>
		<MEAN_VALUE>[0.1447467941786826, 0.14229694978281102, 0.12686528456332477, 0.13419681944807502, 0.0939530233302556, 0.06607480730466146]</MEAN_VALUE>
		<CHECKBOX>2</CHECKBOX>
		<SD>[0.015989917928851856, 0.02384091622194418, 0.0255663770559076, 0.0234968547143356, 0.0221323649717862, 0.01722698390720118]</SD>
		<WAVELENGTH_UNIT>E-6m</WAVELENGTH_UNIT>
		<COLOR>#02f7eb</COLOR>
		<COVARIANCE_MATRIX>[[0.00023458273189257186, 0.00034190714029622116, 0.0003674248761843675, 0.00018075595441999865, 0.00023192575760383022, 0.0001996978217633777], [0.00034190714029622116, 0.0005189451366060635, 0.0005498508112782384, 0.00025238405013377395, 0.0003151937594523905, 0.00026911960358022644], [0.0003674248761843675, 0.0005498508112782384, 0.0005964248350747431, 0.00032315027570521454, 0.00038495713693603815, 0.0003221102791512109], [0.00018075595441999865, 0.00025238405013377395, 0.00032315027570521454, 0.0005931002620420329, 0.0005109711032980658, 0.0003577252609609607], [0.00023192575760383022, 0.0003151937594523905, 0.00038495713693603815, 0.0005109711032980658, 0.0005113673301592748, 0.0003833618040214329], [0.0001996978217633777, 0.00026911960358022644, 0.0003221102791512109, 0.0003577252609609607, 0.0003833618040214329, 0.00030102651122891345]]</COVARIANCE_MATRIX>
		<ROI_SIZE>4848</ROI_SIZE>
		<MAX_VALUE>[0.1801588386297226, 0.19238358736038208, 0.1826598346233368, 0.19387124478816986, 0.153855100274086, 0.11847446858882904]</MAX_VALUE>
		<MIN_VALUE>[0.10849199444055557, 0.08678066730499268, 0.06470279395580292, 0.07406001538038254, 0.03344019502401352, 0.020870478823781013]</MIN_VALUE>
		<SIGNATURE_THRESHOLD_MD>0</SIGNATURE_THRESHOLD_MD>
		<SIGNATURE_THRESHOLD_ML>0</SIGNATURE_THRESHOLD_ML>
		<SIGNATURE_THRESHOLD_SAM>0</SIGNATURE_THRESHOLD_SAM>
	</signature>
	<signature ID="20210205_170738488449_601">
		<MACROCLASSID>1</MACROCLASSID>
		<MACROCLASSINFO>waterbody</MACROCLASSINFO>
		<CLASSID>13</CLASSID>
		<CLASSINFO>C 1</CLASSINFO>
		<VALUES>[0.14442387291597658, 0.015883141501556813, 0.1394543757815975, 0.019276086958227114, 0.12926575418459169, 0.0231563624817889, 0.14547281712293617, 0.02735207935153544, 0.09870080120109635, 0.02205004004868631, 0.06928139896636162, 0.016342325651841433]</VALUES>
		<LCS_MIN>[0.10969938337802887, 0.09359376132488251, 0.07559081166982651, 0.07634542137384415, 0.037924762815237045, 0.026109658181667328]</LCS_MIN>
		<LCS_MAX>[0.1754586398601532, 0.18220706284046173, 0.18162493407726288, 0.2113567441701889, 0.16383759677410126, 0.11840979754924774]</LCS_MAX>
		<WAVELENGTH>[0.48, 0.56, 0.655, 0.865, 1.61, 2.2]</WAVELENGTH>
		<MEAN_VALUE>[0.14442387291597658, 0.1394543757815975, 0.12926575418459169, 0.14547281712293617, 0.09870080120109635, 0.06928139896636162]</MEAN_VALUE>
		<CHECKBOX>2</CHECKBOX>
		<SD>[0.015883141501556813, 0.019276086958227114, 0.0231563624817889, 0.02735207935153544, 0.02205004004868631, 0.016342325651841433]</SD>
		<WAVELENGTH_UNIT>E-6m</WAVELENGTH_UNIT>
		<COLOR>#e0a461</COLOR>
		<COVARIANCE_MATRIX>[[0.0002859702994175036, 0.0003463419781388709, 0.00041485296387385996, 0.0001416610345767248, 0.00020701500544081957, 0.00021312014454957182], [0.0003463419781388709, 0.00043409475672249006, 0.0005246340457688036, 0.00021206970169522973, 0.000269323527544883, 0.00026431144170718096], [0.00041485296387385996, 0.0005246340457688036, 0.0006479117501609328, 0.0002847294390165666, 0.00034839244210740965, 0.0003318056120190525], [0.0001416610345767248, 0.00021206970169522973, 0.0002847294390165666, 0.0007818682629688447, 0.0005671188585233514, 0.00035118276124562395], [0.00020701500544081957, 0.000269323527544883, 0.00034839244210740965, 0.0005671188585233514, 0.0005346466991238572, 0.0003828818677333], [0.00021312014454957182, 0.00026431144170718096, 0.0003318056120190525, 0.00035118276124562395, 0.0003828818677333, 0.00030745993410808423]]</COVARIANCE_MATRIX>
		<ROI_SIZE>4666</ROI_SIZE>
		<MAX_VALUE>[0.1754586398601532, 0.18220706284046173, 0.18162493407726288, 0.2113567441701889, 0.16383759677410126, 0.11840979754924774]</MAX_VALUE>
		<MIN_VALUE>[0.10969938337802887, 0.09359376132488251, 0.07559081166982651, 0.07634542137384415, 0.037924762815237045, 0.026109658181667328]</MIN_VALUE>
		<SIGNATURE_THRESHOLD_MD>0</SIGNATURE_THRESHOLD_MD>
		<SIGNATURE_THRESHOLD_ML>0</SIGNATURE_THRESHOLD_ML>
		<SIGNATURE_THRESHOLD_SAM>0</SIGNATURE_THRESHOLD_SAM>
	</signature>
	<signature ID="20210205_170804544960_297">
		<MACROCLASSID>1</MACROCLASSID>
		<MACROCLASSINFO>waterbody</MACROCLASSINFO>
		<CLASSID>14</CLASSID>
		<CLASSINFO>C 1</CLASSINFO>
		<VALUES>[0.10707709519192576, 0.004041775192055372, 0.09985233633778991, 0.006083201593216558, 0.07628747844137253, 0.008440782109370564, 0.17828171653673053, 0.027279116027679396, 0.08721052133478224, 0.01797174628865466, 0.04615679976996034, 0.012203407640898558]</VALUES>
		<LCS_MIN>[0.10379181802272797, 0.09408964961767197, 0.06888552755117416, 0.13156165182590485, 0.05234868824481964, 0.028524426743388176]</LCS_MIN>
		<LCS_MAX>[0.12080299109220505, 0.12425266206264496, 0.10773738473653793, 0.2245948314666748, 0.12524443864822388, 0.0805496945977211]</LCS_MAX>
		<WAVELENGTH>[0.48, 0.56, 0.655, 0.865, 1.61, 2.2]</WAVELENGTH>
		<MEAN_VALUE>[0.10707709519192576, 0.09985233633778991, 0.07628747844137253, 0.17828171653673053, 0.08721052133478224, 0.04615679976996034]</MEAN_VALUE>
		<CHECKBOX>2</CHECKBOX>
		<SD>[0.004041775192055372, 0.006083201593216558, 0.008440782109370564, 0.027279116027679396, 0.01797174628865466, 0.012203407640898558]</SD>
		<WAVELENGTH_UNIT>E-6m</WAVELENGTH_UNIT>
		<COLOR>#7bac72</COLOR>
		<COVARIANCE_MATRIX>[[1.686291272579536e-05, 2.3818066051753383e-05, 3.437245262422526e-05, 3.148266844395611e-05, 4.906161095708608e-05, 4.392337486757385e-05], [2.3818066051753383e-05, 3.819906232125151e-05, 5.214985080714705e-05, 6.630675180649397e-05, 8.381997911348727e-05, 6.938032434530063e-05], [3.437245262422526e-05, 5.214985080714705e-05, 7.35450865732853e-05, 7.579836527377167e-05, 0.00011009322265974823, 9.554222986635651e-05], [3.148266844395611e-05, 6.630675180649397e-05, 7.579836527377167e-05, 0.0007681550154855172, 0.000426036582499467, 0.00022033862727920917], [4.906161095708608e-05, 8.381997911348727e-05, 0.00011009322265974823, 0.000426036582499467, 0.00033340249255615223, 0.00021110903756707238], [4.392337486757385e-05, 6.938032434530063e-05, 9.554222986635651e-05, 0.00022033862727920917, 0.00021110903756707238, 0.00015372713089026202]]</COVARIANCE_MATRIX>
		<ROI_SIZE>32</ROI_SIZE>
		<MAX_VALUE>[0.12080299109220505, 0.12425266206264496, 0.10773738473653793, 0.2245948314666748, 0.12524443864822388, 0.0805496945977211]</MAX_VALUE>
		<MIN_VALUE>[0.10379181802272797, 0.09408964961767197, 0.06888552755117416, 0.13156165182590485, 0.05234868824481964, 0.028524426743388176]</MIN_VALUE>
		<SIGNATURE_THRESHOLD_MD>0</SIGNATURE_THRESHOLD_MD>
		<SIGNATURE_THRESHOLD_ML>0</SIGNATURE_THRESHOLD_ML>
		<SIGNATURE_THRESHOLD_SAM>0</SIGNATURE_THRESHOLD_SAM>
	</signature>
	<signature ID="20210205_170810972070_666">
		<MACROCLASSID>1</MACROCLASSID>
		<MACROCLASSINFO>waterbody</MACROCLASSINFO>
		<CLASSID>15</CLASSID>
		<CLASSINFO>C 1</CLASSINFO>
		<VALUES>[0.10652319185043638, 0.0053652955787569425, 0.09303961171392808, 0.005463831634377783, 0.06996769909011691, 0.006997385731508254, 0.1489438758346072, 0.026188219411639378, 0.07877153602608464, 0.016103969892803112, 0.044380784328830865, 0.010310620486041887]</VALUES>
		<LCS_MIN>[0.10012654960155487, 0.0841934084892273, 0.05901084095239639, 0.09816455841064453, 0.048446252942085266, 0.027252353727817535]</LCS_MIN>
		<LCS_MAX>[0.12996616959571838, 0.11319217085838318, 0.0950167328119278, 0.20217199623584747, 0.11217882484197617, 0.06948920339345932]</LCS_MAX>
		<WAVELENGTH>[0.48, 0.56, 0.655, 0.865, 1.61, 2.2]</WAVELENGTH>
		<MEAN_VALUE>[0.10652319185043638, 0.09303961171392808, 0.06996769909011691, 0.1489438758346072, 0.07877153602608464, 0.044380784328830865]</MEAN_VALUE>
		<CHECKBOX>2</CHECKBOX>
		<SD>[0.0053652955787569425, 0.005463831634377783, 0.006997385731508254, 0.026188219411639378, 0.016103969892803112, 0.010310620486041887]</SD>
		<WAVELENGTH_UNIT>E-6m</WAVELENGTH_UNIT>
		<COLOR>#df04ce</COLOR>
		<COVARIANCE_MATRIX>[[2.930043944470427e-05, 2.807145185020322e-05, 3.601576090583648e-05, 3.0968451964731156e-05, 3.839496621435434e-05, 3.267710861568592e-05], [2.807145185020322e-05, 3.0386553559699303e-05, 3.794792148917039e-05, 5.5055208878473885e-05, 5.406980637880766e-05, 3.9606993551638944e-05], [3.601576090583648e-05, 3.794792148917039e-05, 4.983775363043523e-05, 5.898234103792795e-05, 6.7015391983616e-05, 5.4100805168058576e-05], [3.0968451964731156e-05, 5.5055208878473885e-05, 5.898234103792795e-05, 0.0006980696723084541, 0.00038676277817389074, 0.00019091209509203476], [3.839496621435434e-05, 5.406980637880766e-05, 6.7015391983616e-05, 0.00038676277817389074, 0.00026396887927810037, 0.00015333607094936738], [3.267710861568592e-05, 3.9606993551638944e-05, 5.4100805168058576e-05, 0.00019091209509203476, 0.00015333607094936738, 0.00010820726792874357]]</COVARIANCE_MATRIX>
		<ROI_SIZE>57</ROI_SIZE>
		<MAX_VALUE>[0.12996616959571838, 0.11319217085838318, 0.0950167328119278, 0.20217199623584747, 0.11217882484197617, 0.06948920339345932]</MAX_VALUE>
		<MIN_VALUE>[0.10012654960155487, 0.0841934084892273, 0.05901084095239639, 0.09816455841064453, 0.048446252942085266, 0.027252353727817535]</MIN_VALUE>
		<SIGNATURE_THRESHOLD_MD>0</SIGNATURE_THRESHOLD_MD>
		<SIGNATURE_THRESHOLD_ML>0</SIGNATURE_THRESHOLD_ML>
		<SIGNATURE_THRESHOLD_SAM>0</SIGNATURE_THRESHOLD_SAM>
	</signature>
	<signature ID="20210205_170825097141_528">
		<MACROCLASSID>1</MACROCLASSID>
		<MACROCLASSINFO>waterbody</MACROCLASSINFO>
		<CLASSID>16</CLASSID>
		<CLASSINFO>C 1</CLASSINFO>
		<VALUES>[0.12159391133541088, 0.007969898595229452, 0.10253853200519658, 0.010077934981260852, 0.08276347555668953, 0.012352745020729687, 0.09959813317351304, 0.021533620114741574, 0.05799731373203448, 0.018367117761524294, 0.038607488268515115, 0.013930850813740441]</VALUES>
		<LCS_MIN>[0.11256692558526993, 0.09109274297952652, 0.06776437163352966, 0.07108468562364578, 0.03212500736117363, 0.021323245018720627]</LCS_MIN>
		<LCS_MAX>[0.15122471749782562, 0.1440882384777069, 0.13011708855628967, 0.15348859131336212, 0.1116829365491867, 0.09040280431509018]</LCS_MAX>
