<?xml version="1.0" ?>
<signaturelist MCID_LIST="[['1', 'waterbody', '#0000ff'], ['2', 'vegetation', '#00ff00'], ['3', 'bareland', '#ffaa00'], ['4', 'built-up', '#ff0000']]">
	<signature ID="20210204_164921869379_880">
		<MACROCLASSID>1</MACROCLASSID>
		<MACROCLASSINFO>MC 1</MACROCLASSINFO>
		<CLASSID>1</CLASSID>
		<CLASSINFO>C 1</CLASSINFO>
		<VALUES>[0.15055802288836764, 0.004910222204203343, 0.14417132212167574, 0.006842215488308191, 0.16193795701768696, 0.015320447820545244, 0.15953652071211616, 0.018507273704814257, 0.05525278855269594, 0.019520623515825546, 0.030134113462053108, 0.010306567199286555]</VALUES>
		<LCS_MIN>[0.12351759523153305, 0.10196392238140106, 0.08114562183618546, 0.1321546584367752, 0.028927046805620193, 0.013812298886477947]</LCS_MIN>
		<LCS_MAX>[0.16273485124111176, 0.1561422348022461, 0.18007329106330872, 0.24132145941257477, 0.1337253302335739, 0.08064353466033936]</LCS_MAX>
		<WAVELENGTH>[0.485, 0.56, 0.66, 0.835, 1.65, 2.22]</WAVELENGTH>
		<MEAN_VALUE>[0.15055802288836764, 0.14417132212167574, 0.16193795701768696, 0.15953652071211616, 0.05525278855269594, 0.030134113462053108]</MEAN_VALUE>
		<CHECKBOX>2</CHECKBOX>
		<SD>[0.004910222204203343, 0.006842215488308191, 0.015320447820545244, 0.018507273704814257, 0.019520623515825546, 0.010306567199286555]</SD>
		<WAVELENGTH_UNIT>E-6m</WAVELENGTH_UNIT>
		<COLOR>#a5d3f4</COLOR>
		<COVARIANCE_MATRIX>[[2.768305301595029e-05, 3.45613345543522e-05, 6.0770009638383044e-05, -2.957679394611172e-05, -3.28555574625195e-05, -1.0370749010853848e-05], [3.45613345543522e-05, 5.821451641073091e-05, 0.0001143733911354313, -7.714009001583854e-05, -9.014633801456173e-05, -3.8051344075823326e-05], [6.0770009638383044e-05, 0.0001143733911354313, 0.00027583657320117197, -0.00019575946425820167, -0.00024688897941359245, -0.00011283015854004549], [-2.957679394611172e-05, -7.714009001583854e-05, -0.00019575946425820167, 0.0003657122549198824, 0.00033605782321572097, 0.0001641388533332815], [-3.28555574625195e-05, -9.014633801456173e-05, -0.00024688897941359245, 0.00033605782321572097, 0.00038644444256611104, 0.00019365853133345213], [-1.0370749010853848e-05, -3.8051344075823326e-05, -0.00011283015854004549, 0.0001641388533332815, 0.00019365853133345213, 0.00010586492359702293]]</COVARIANCE_MATRIX>
		<ROI_SIZE>12632</ROI_SIZE>
		<MAX_VALUE>[0.16273485124111176, 0.1561422348022461, 0.18007329106330872, 0.24132145941257477, 0.1337253302335739, 0.08064353466033936]</MAX_VALUE>
		<MIN_VALUE>[0.12351759523153305, 0.10196392238140106, 0.08114562183618546, 0.1321546584367752, 0.028927046805620193, 0.013812298886477947]</MIN_VALUE>
		<SIGNATURE_THRESHOLD_MD>0</SIGNATURE_THRESHOLD_MD>
		<SIGNATURE_THRESHOLD_ML>0</SIGNATURE_THRESHOLD_ML>
		<SIGNATURE_THRESHOLD_SAM>0</SIGNATURE_THRESHOLD_SAM>
	</signature>
	<signature ID="20210204_164932358511_373">
		<MACROCLASSID>1</MACROCLASSID>
		<MACROCLASSINFO>MC 1</MACROCLASSINFO>
		<CLASSID>2</CLASSID>
		<CLASSINFO>C 1</CLASSINFO>
		<VALUES>[0.14971172811005307, 0.003921414553644098, 0.14523868956797675, 0.005242022252216393, 0.15752498240233798, 0.010590439033051314, 0.1272052028270551, 0.018116267344579814, 0.04081210499366631, 0.013223063642463811, 0.021684061663012903, 0.006737883121083758]</VALUES>
		<LCS_MIN>[0.13513752818107605, 0.11789871752262115, 0.10772321373224258, 0.10145149379968643, 0.0268721804022789, 0.009881051257252693]</LCS_MIN>
		<LCS_MAX>[0.15982989966869354, 0.15773572027683258, 0.17712023854255676, 0.19697244465351105, 0.11728639155626297, 0.072781041264534]</LCS_MAX>
		<WAVELENGTH>[0.485, 0.56, 0.66, 0.835, 1.65, 2.22]</WAVELENGTH>
		<MEAN_VALUE>[0.14971172811005307, 0.14523868956797675, 0.15752498240233798, 0.1272052028270551, 0.04081210499366631, 0.021684061663012903]</MEAN_VALUE>
		<CHECKBOX>2</CHECKBOX>
		<SD>[0.003921414553644098, 0.005242022252216393, 0.010590439033051314, 0.018116267344579814, 0.013223063642463811, 0.006737883121083758]</SD>
		<WAVELENGTH_UNIT>E-6m</WAVELENGTH_UNIT>
		<COLOR>#9de847</COLOR>
		<COVARIANCE_MATRIX>[[1.5487388139375742e-05, 1.7709206542023342e-05, 2.5386496149746257e-05, -4.882414085171995e-05, -3.114736635844174e-05, -1.432712287142216e-05], [1.7709206542023342e-05, 2.8045482285543892e-05, 4.341041952153434e-05, -7.130775220679545e-05, -5.0421012192188154e-05, -2.3254324906267328e-05], [2.5386496149746257e-05, 4.341041952153434e-05, 0.00011118036958346118, -9.330275649772448e-05, -8.961927609159704e-05, -4.0657620046729686e-05], [-4.882414085171995e-05, -7.130775220679545e-05, -9.330275649772448e-05, 0.0003045740077544985, 0.0001939666772375932, 9.184094722543287e-05], [-3.114736635844174e-05, -5.0421012192188154e-05, -8.961927609159704e-05, 0.0001939666772375932, 0.00015786778808166266, 7.521430779735533e-05], [-1.432712287142216e-05, -2.3254324906267328e-05, -4.0657620046729686e-05, 9.184094722543287e-05, 7.521430779735533e-05, 4.159862160280835e-05]]</COVARIANCE_MATRIX>
		<ROI_SIZE>22971</ROI_SIZE>
		<MAX_VALUE>[0.15982989966869354, 0.15773572027683258, 0.17712023854255676, 0.19697244465351105, 0.11728639155626297, 0.072781041264534]</MAX_VALUE>
		<MIN_VALUE>[0.13513752818107605, 0.11789871752262115, 0.10772321373224258, 0.10145149379968643, 0.0268721804022789, 0.009881051257252693]</MIN_VALUE>
		<SIGNATURE_THRESHOLD_MD>0</SIGNATURE_THRESHOLD_MD>
		<SIGNATURE_THRESHOLD_ML>0</SIGNATURE_THRESHOLD_ML>
		<SIGNATURE_THRESHOLD_SAM>0</SIGNATURE_THRESHOLD_SAM>
	</signature>
	<signature ID="20210204_164950355269_823">
		<MACROCLASSID>1</MACROCLASSID>
		<MACROCLASSINFO>MC 1</MACROCLASSINFO>
		<CLASSID>3</CLASSID>
		<CLASSINFO>C 1</CLASSINFO>
		<VALUES>[0.139554907000311, 0.00409477406980056, 0.12551007852204732, 0.0062549898274480925, 0.09307164175120612, 0.008354356405819795, 0.08292462053433768, 0.016985510779336074, 0.027816033081982872, 0.010553787942188787, 0.014032335254645853, 0.004975453003295056]</VALUES>
		<LCS_MIN>[0.12061261385679245, 0.09558998793363571, 0.06638029962778091, 0.06392540782690048, 0.016597840934991837, 0.003984176553785801]</LCS_MIN>
		<LCS_MAX>[0.14966244995594025, 0.140207439661026, 0.11953546851873398, 0.1594463735818863, 0.10701204091310501, 0.055090419948101044]</LCS_MAX>
		<WAVELENGTH>[0.485, 0.56, 0.66, 0.835, 1.65, 2.22]</WAVELENGTH>
		<MEAN_VALUE>[0.139554907000311, 0.12551007852204732, 0.09307164175120612, 0.08292462053433768, 0.027816033081982872, 0.014032335254645853]</MEAN_VALUE>
		<CHECKBOX>2</CHECKBOX>
		<SD>[0.00409477406980056, 0.0062549898274480925, 0.008354356405819795, 0.016985510779336074, 0.010553787942188787, 0.004975453003295056]</SD>
		<WAVELENGTH_UNIT>E-6m</WAVELENGTH_UNIT>
		<COLOR>#b13679</COLOR>
		<COVARIANCE_MATRIX>[[1.6808048281855214e-05, 2.2665019582648658e-05, 2.6152935448103398e-05, -3.709784546947003e-05, -2.1308101333761172e-05, -8.50427386743232e-06], [2.2665019582648658e-05, 4.007923530729602e-05, 4.6874021494936445e-05, -5.527440389337265e-05, -3.365173795562192e-05, -1.3753275514017113e-05], [2.6152935448103398e-05, 4.6874021494936445e-05, 6.851621198603928e-05, -4.205073697447215e-05, -2.8570399687845692e-05, -1.1665759946796471e-05], [-3.709784546947003e-05, -5.527440389337265e-05, -4.205073697447215e-05, 0.0002937527923671231, 0.00017069307734792703, 7.242717667546295e-05], [-2.1308101333761172e-05, -3.365173795562192e-05, -2.8570399687845692e-05, 0.00017069307734792703, 0.00011686268182040571, 5.019366857390398e-05], [-8.50427386743232e-06, -1.3753275514017113e-05, -1.1665759946796471e-05, 7.242717667546295e-05, 5.019366857390398e-05, 2.6571893151894634e-05]]</COVARIANCE_MATRIX>
		<ROI_SIZE>33797</ROI_SIZE>
		<MAX_VALUE>[0.14966244995594025, 0.140207439661026, 0.11953546851873398, 0.1594463735818863, 0.10701204091310501, 0.055090419948101044]</MAX_VALUE>
		<MIN_VALUE>[0.12061261385679245, 0.09558998793363571, 0.06638029962778091, 0.06392540782690048, 0.016597840934991837, 0.003984176553785801]</MIN_VALUE>
		<SIGNATURE_THRESHOLD_MD>0</SIGNATURE_THRESHOLD_MD>
		<SIGNATURE_THRESHOLD_ML>0</SIGNATURE_THRESHOLD_ML>
		<SIGNATURE_THRESHOLD_SAM>0</SIGNATURE_THRESHOLD_SAM>
	</signature>
	<signature ID="20210204_164957999643_224">
		<MACROCLASSID>1</MACROCLASSID>
		<MACROCLASSINFO>MC 1</MACROCLASSINFO>
		<CLASSID>4</CLASSID>
		<CLASSINFO>C 1</CLASSINFO>
		<VALUES>[0.14499172846998876, 0.008670584765855582, 0.1335090389490282, 0.016880552566600638, 0.11732133151620557, 0.029438372020876506, 0.09375319843698718, 0.019060850480999238, 0.034695735949776124, 0.012130018667161164, 0.018589589732012888, 0.0058169337477592]</VALUES>
		<LCS_MIN>[0.11770763248205185, 0.08921606838703156, 0.058997638523578644, 0.06733686476945877, 0.020707575604319572, 0.005949800368398428]</LCS_MIN>
		<LCS_MAX>[0.16418737173080444, 0.1561422348022461, 0.16530798375606537, 0.17309223115444183, 0.11523152142763138, 0.0629529133439064]</LCS_MAX>
		<WAVELENGTH>[0.485, 0.56, 0.66, 0.835, 1.65, 2.22]</WAVELENGTH>
		<MEAN_VALUE>[0.14499172846998876, 0.1335090389490282, 0.11732133151620557, 0.09375319843698718, 0.034695735949776124, 0.018589589732012888]</MEAN_VALUE>
		<CHECKBOX>2</CHECKBOX>
		<SD>[0.008670584765855582, 0.016880552566600638, 0.029438372020876506, 0.019060850480999238, 0.012130018667161164, 0.0058169337477592]</SD>
		<WAVELENGTH_UNIT>E-6m</WAVELENGTH_UNIT>
		<COLOR>#ccb4cd</COLOR>
		<COVARIANCE_MATRIX>[[8.2054763448733e-05, 0.0001538593897168458, 0.00023475636290308698, -9.728560776173164e-06, -2.247362669018232e-05, -5.650606885844454e-06], [0.0001538593897168458, 0.0003068101111108009, 0.0004842956014590283, 7.904223253862313e-06, -3.372845428588415e-05, -6.668610463380008e-06], [0.00023475636290308698, 0.0004842956014590283, 0.0008661834015184975, 8.263385331275408e-05, -3.2616463902269254e-05, -8.368240153054791e-07], [-9.728560776173164e-06, 7.904223253862313e-06, 8.263385331275408e-05, 0.0003181605551254088, 0.00018072312219888657, 8.076488453189325e-05], [-2.247362669018232e-05, -3.372845428588415e-05, -3.2616463902269254e-05, 0.00018072312219888657, 0.00012926317714094827, 5.71665037270157e-05], [-5.650606885844454e-06, -6.668610463380008e-06, -8.368240153054791e-07, 8.076488453189325e-05, 5.71665037270157e-05, 3.0515913182843326e-05]]</COVARIANCE_MATRIX>
		<ROI_SIZE>40964</ROI_SIZE>
		<MAX_VALUE>[0.16418737173080444, 0.1561422348022461, 0.16530798375606537, 0.17309223115444183, 0.11523152142763138, 0.0629529133439064]</MAX_VALUE>
		<MIN_VALUE>[0.11770763248205185, 0.08921606838703156, 0.058997638523578644, 0.06733686476945877, 0.020707575604319572, 0.005949800368398428]</MIN_VALUE>
		<SIGNATURE_THRESHOLD_MD>0</SIGNATURE_THRESHOLD_MD>
		<SIGNATURE_THRESHOLD_ML>0</SIGNATURE_THRESHOLD_ML>
		<SIGNATURE_THRESHOLD_SAM>0</SIGNATURE_THRESHOLD_SAM>
	</signature>
	<signature ID="20210204_165006946573_467">
		<MACROCLASSID>1</MACROCLASSID>
		<MACROCLASSINFO>MC 1</MACROCLASSINFO>
		<CLASSID>5</CLASSID>
		<CLASSINFO>C 1</CLASSINFO>
		<VALUES>[0.1554209410854916, 0.003960576499742774, 0.14892207104170213, 0.006338920427362548, 0.16266956373832203, 0.013266528393282481, 0.13364510780326921, 0.01476820435909059, 0.048519123070737774, 0.02062766101318949, 0.02775487652030382, 0.01384526088122318]</VALUES>
		<LCS_MIN>[0.13949500024318695, 0.12108568102121353, 0.10772321373224258, 0.11168588697910309, 0.030981918796896935, 0.009881051257252693]</LCS_MIN>
		<LCS_MAX>[0.16563986241817474, 0.15932919085025787, 0.17712023854255676, 0.22085268795490265, 0.13167046010494232, 0.09243729710578918]</LCS_MAX>
		<WAVELENGTH>[0.485, 0.56, 0.66, 0.835, 1.65, 2.22]</WAVELENGTH>
		<MEAN_VALUE>[0.1554209410854916, 0.14892207104170213, 0.16266956373832203, 0.13364510780326921, 0.048519123070737774, 0.02775487652030382]</MEAN_VALUE>
		<CHECKBOX>2</CHECKBOX>
		<SD>[0.003960576499742774, 0.006338920427362548, 0.013266528393282481, 0.01476820435909059, 0.02062766101318949, 0.01384526088122318]</SD>
		<WAVELENGTH_UNIT>E-6m</WAVELENGTH_UNIT>
		<COLOR>#08f4b8</COLOR>
		<COVARIANCE_MATRIX>[[1.7661707433183356e-05, 1.9641024177356606e-05, 2.990171962644384e-05, -2.5638923001269867e-05, -2.1645904530277224e-05, -9.152880685499187e-06], [1.9641024177356606e-05, 4.141326457210873e-05, 7.757194628226338e-05, -5.989727555802662e-05, -8.618454858912653e-05, -5.1886560575774044e-05], [2.990171962644384e-05, 7.757194628226338e-05, 0.00017395069766027997, -0.00012434342255285082, -0.00020301827408128562, -0.00012848236131314717], [-2.5638923001269867e-05, -5.989727555802662e-05, -0.00012434342255285082, 0.0002542646444937867, 0.0002789505709755419, 0.0001678858863281977], [-2.1645904530277224e-05, -8.618454858912653e-05, -0.00020301827408128562, 0.0002789505709755419, 0.00042815737023525524, 0.00027874183945832386], [-9.152880685499187e-06, -5.1886560575774044e-05, -0.00012848236131314717, 0.0001678858863281977, 0.00027874183945832386, 0.00019265400680067106]]</COVARIANCE_MATRIX>
		<ROI_SIZE>8568</ROI_SIZE>
		<MAX_VALUE>[0.16563986241817474, 0.15932919085025787, 0.17712023854255676, 0.22085268795490265, 0.13167046010494232, 0.09243729710578918]</MAX_VALUE>
		<MIN_VALUE>[0.13949500024318695, 0.12108568102121353, 0.10772321373224258, 0.11168588697910309, 0.030981918796896935, 0.009881051257252693]</MIN_VALUE>
		<SIGNATURE_THRESHOLD_MD>0</SIGNATURE_THRESHOLD_MD>
		<SIGNATURE_THRESHOLD_ML>0</SIGNATURE_THRESHOLD_ML>
		<SIGNATURE_THRESHOLD_SAM>0</SIGNATURE_THRESHOLD_SAM>
	</signature>
	<signature ID="20210204_165023453428_264">
		<MACROCLASSID>1</MACROCLASSID>
		<MACROCLASSINFO>MC 1</MACROCLASSINFO>
		<CLASSID>6</CLASSID>
		<CLASSINFO>C 1</CLASSINFO>
		<VALUES>[0.1305125791933765, 0.004996128091167418, 0.10614415572725411, 0.008046485473161735, 0.08028949041574426, 0.00917823615090281, 0.09538460101406222, 0.026083261216012538, 0.03468719532576412, 0.019382656590454884, 0.016957865483785077, 0.010346507703211555]</VALUES>
		<LCS_MIN>[0.11335015296936035, 0.08124866336584091, 0.05456804484128952, 0.05710248649120331, 0.004268629942089319, 0.002018551342189312]</LCS_MIN>
		<LCS_MAX>[0.15256744623184204, 0.14498788118362427, 0.13725386559963226, 0.14921198785305023, 0.10495717823505402, 0.06884979456663132]</LCS_MAX>
		<WAVELENGTH>[0.485, 0.56, 0.66, 0.835, 1.65, 2.22]</WAVELENGTH>
		<MEAN_VALUE>[0.1305125791933765, 0.10614415572725411, 0.08028949041574426, 0.09538460101406222, 0.03468719532576412, 0.016957865483785077]</MEAN_VALUE>
		<CHECKBOX>2</CHECKBOX>
		<SD>[0.004996128091167418, 0.008046485473161735, 0.00917823615090281, 0.026083261216012538, 0.019382656590454884, 0.010346507703211555]</SD>
		<WAVELENGTH_UNIT>E-6m</WAVELENGTH_UNIT>
		<COLOR>#f923ec</COLOR>
		<COVARIANCE_MATRIX>[[2.848995676530506e-05, 4.230832252265488e-05, 4.4501506918606375e-05, -2.167295574249415e-06, -5.696684421383335e-07, 2.022405727806011e-06], [4.230832252265488e-05, 7.577702025775938e-05, 7.90774160023879e-05, 1.9669181993351444e-05, 1.585238313682374e-05, 1.1767620326015035e-05], [4.4501506918606375e-05, 7.90774160023879e-05, 9.833585538855647e-05, 6.960724944141061e-05, 4.759318827784277e-05, 2.9485507918008006e-05], [-2.167295574249415e-06, 1.9669181993351444e-05, 6.960724944141061e-05, 0.0006571280326216398, 0.00043224372984751935, 0.00021452539485743773], [-5.696684421383335e-07, 1.585238313682374e-05, 4.759318827784277e-05, 0.00043224372984751935, 0.0003690813190920004, 0.00018995256271061193], [2.022405727806011e-06, 1.1767620326015035e-05, 2.9485507918008006e-05, 0.00021452539485743773, 0.00018995256271061193, 0.00010565227195498334]]</COVARIANCE_MATRIX>
		<ROI_SIZE>14908</ROI_SIZE>
		<MAX_VALUE>[0.15256744623184204, 0.14498788118362427, 0.13725386559963226, 0.14921198785305023, 0.10495717823505402, 0.06884979456663132]</MAX_VALUE>
		<MIN_VALUE>[0.11335015296936035, 0.08124866336584091, 0.05456804484128952, 0.05710248649120331, 0.004268629942089319, 0.002018551342189312]</MIN_VALUE>
		<SIGNATURE_THRESHOLD_MD>0</SIGNATURE_THRESHOLD_MD>
		<SIGNATURE_THRESHOLD_ML>0</SIGNATURE_THRESHOLD_ML>
		<SIGNATURE_THRESHOLD_SAM>0</SIGNATURE_THRESHOLD_SAM>
	</signature>
	<signature ID="20210204_165040013236_307">
		<MACROCLASSID>1</MACROCLASSID>
		<MACROCLASSINFO>MC 1</MACROCLASSINFO>
		<CLASSID>7</CLASSID>
		<CLASSINFO>C 1</CLASSINFO>
		<VALUES>[0.14219248727127748, 0.0037468411106090066, 0.12800592636014077, 0.006022097149345268, 0.10994936337510304, 0.007568134787144395, 0.13976485233057992, 0.029647744864410287, 0.058589413561500006, 0.029453209561865076, 0.0313689998729707, 0.017056668088247653]</VALUES>
		<LCS_MIN>[0.13078005611896515, 0.10833782702684402, 0.0900048166513443, 0.09804004430770874, 0.01865270733833313, 0.009881051257252693]</LCS_MIN>
		<LCS_MAX>[0.15111492574214935, 0.140207439661026, 0.12544159591197968, 0.2072068601846695, 0.13167046010494232, 0.08850603550672531]</LCS_MAX>
		<WAVELENGTH>[0.485, 0.56, 0.66, 0.835, 1.65, 2.22]</WAVELENGTH>
		<MEAN_VALUE>[0.14219248727127748, 0.12800592636014077, 0.10994936337510304, 0.13976485233057992, 0.058589413561500006, 0.0313689998729707]</MEAN_VALUE>
		<CHECKBOX>2</CHECKBOX>
		<SD>[0.0037468411106090066, 0.006022097149345268, 0.007568134787144395, 0.029647744864410287, 0.029453209561865076, 0.017056668088247653]</SD>
		<WAVELENGTH_UNIT>E-6m</WAVELENGTH_UNIT>
		<COLOR>#f0c179</COLOR>
		<COVARIANCE_MATRIX>[[1.5251512189310131e-05, 2.0737737098421116e-05, 2.563508526215785e-05, -7.212555041990149e-05, -6.614165629178322e-05, -3.0382121650008387e-05], [2.0737737098421116e-05, 3.733005049455024e-05, 4.309732714419176e-05, -0.000128769906913738, -0.00012048884253553845, -5.778073879006165e-05], [2.563508526215785e-05, 4.309732714419176e-05, 5.942688339391377e-05, -0.00015005585615886043, -0.00012474929881029867, -5.199680204375921e-05], [-7.212555041990149e-05, -0.000128769906913738, -0.00015005585615886043, 0.0008926495005050964, 0.0008190008939750766, 0.00042679342779354995], [-6.614165629178322e-05, -0.00012048884253553845, -0.00012474929881029867, 0.0008190008939750766, 0.0008907766255372443, 0.000494843634896708], [-3.0382121650008387e-05, -5.778073879006165e-05, -5.199680204375921e-05, 0.00042679342779354995, 0.000494843634896708, 0.00029798485153519994]]</COVARIANCE_MATRIX>
		<ROI_SIZE>2356</ROI_SIZE>
		<MAX_VALUE>[0.15111492574214935, 0.140207439661026, 0.12544159591197968, 0.2072068601846695, 0.13167046010494232, 0.08850603550672531]</MAX_VALUE>
		<MIN_VALUE>[0.13078005611896515, 0.10833782702684402, 0.0900048166513443, 0.09804004430770874, 0.01865270733833313, 0.009881051257252693]</MIN_VALUE>
		<SIGNATURE_THRESHOLD_MD>0</SIGNATURE_THRESHOLD_MD>
		<SIGNATURE_THRESHOLD_ML>0</SIGNATURE_THRESHOLD_ML>
		<SIGNATURE_THRESHOLD_SAM>0</SIGNATURE_THRESHOLD_SAM>
	</signature>
	<signature ID="20210204_165047048375_350">
		<MACROCLASSID>1</MACROCLASSID>
		<MACROCLASSINFO>MC 1</MACROCLASSINFO>
		<CLASSID>8</CLASSID>
		<CLASSINFO>C 1</CLASSINFO>
		<VALUES>[0.14621581961891997, 0.007652889106088313, 0.1346497052481857, 0.015402241133301046, 0.10918866670957182, 0.0154544164347388, 0.08590912120335027, 0.023360566905769188, 0.03332729461471052, 0.022213393157470996, 0.018130580664976283, 0.013055195442329293]</VALUES>
		<LCS_MIN>[0.11770763248205185, 0.08921606838703156, 0.06047417223453522, 0.05710248649120331, 0.006323500070720911, 0.0]</LCS_MIN>
		<LCS_MAX>[0.16563986241817474, 0.1672966033220291, 0.1534956991672516, 0.1594463735818863, 0.10495717823505402, 0.07474666088819504]</LCS_MAX>
		<WAVELENGTH>[0.485, 0.56, 0.66, 0.835, 1.65, 2.22]</WAVELENGTH>
		<MEAN_VALUE>[0.14621581961891997, 0.1346497052481857, 0.10918866670957182, 0.08590912120335027, 0.03332729461471052, 0.018130580664976283]</MEAN_VALUE>
		<CHECKBOX>2</CHECKBOX>
		<SD>[0.007652889106088313, 0.015402241133301046, 0.0154544164347388, 0.023360566905769188, 0.022213393157470996, 0.013055195442329293]</SD>
		<WAVELENGTH_UNIT>E-6m</WAVELENGTH_UNIT>
		<COLOR>#6d65bf</COLOR>
		<COVARIANCE_MATRIX>[[5.6704393485823106e-05, 0.00010946631799267913, 0.00010250696643114156, -9.234177411883424e-05, -8.452428507959102e-05, -4.254419857712569e-05], [0.00010946631799267913, 0.00023346111305579077, 0.0002231086689483558, -0.00016391635964157388, -0.00016091417653508965, -8.18738691180679e-05], [0.00010250696643114156, 0.0002231086689483558, 0.000243804629009942, -9.090515047642764e-05, -0.00010312104642602773, -4.857247315859625e-05], [-9.234177411883424e-05, -0.00016391635964157388, -9.090515047642764e-05, 0.0005335061496325496, 0.0004578085316815456, 0.00024552280696384506], [-8.452428507959102e-05, -0.00016091417653508965, -0.00010312104642602773, 0.0004578085316815456, 0.0004871907819577945, 0.0002758438804315478], [-4.254419857712569e-05, -8.18738691180679e-05, -4.857247315859625e-05, 0.00024552280696384506, 0.0002758438804315478, 0.00016709017266076134]]</COVARIANCE_MATRIX>
		<ROI_SIZE>49080</ROI_SIZE>
		<MAX_VALUE>[0.16563986241817474, 0.1672966033220291, 0.1534956991672516, 0.1594463735818863, 0.10495717823505402, 0.07474666088819504]</MAX_VALUE>
		<MIN_VALUE>[0.11770763248205185, 0.08921606838703156, 0.06047417223453522, 0.05710248649120331, 0.006323500070720911, 0.0]</MIN_VALUE>
		<SIGNATURE_THRESHOLD_MD>0</SIGNATURE_THRESHOLD_MD>
		<SIGNATURE_THRESHOLD_ML>0</SIGNATURE_THRESHOLD_ML>
		<SIGNATURE_THRESHOLD_SAM>0</SIGNATURE_THRESHOLD_SAM>
	</signature>
	<signature ID="20210204_165107907429_342">
		<MACROCLASSID>1</MACROCLASSID>
		<MACROCLASSINFO>MC 1</MACROCLASSINFO>
		<CLASSID>9</CLASSID>
		<CLASSINFO>C 1</CLASSINFO>
		<VALUES>[0.12637148898600348, 0.0028099171394888665, 0.11245632412495529, 0.003929808987729085, 0.09902972049100116, 0.005946026462545624, 0.11326304891800364, 0.02214862551840272, 0.039342512992808186, 0.023238471880974422, 0.0205191293828052, 0.01446327989529104]</VALUES>
		<LCS_MIN>[0.11770763248205185, 0.09877695143222809, 0.07966909557580948, 0.09121710807085037, 0.01454297173768282, 0.002018551342189312]</LCS_MIN>
		<LCS_MAX>[0.13513752818107605, 0.1258661150932312, 0.11953546851873398, 0.186738058924675, 0.11317665874958038, 0.07867791503667831]</LCS_MAX>
		<WAVELENGTH>[0.485, 0.56, 0.66, 0.835, 1.65, 2.22]</WAVELENGTH>
		<MEAN_VALUE>[0.12637148898600348, 0.11245632412495529, 0.09902972049100116, 0.11326304891800364, 0.039342512992808186, 0.0205191293828052]</MEAN_VALUE>
		<CHECKBOX>2</CHECKBOX>
		<SD>[0.0028099171394888665, 0.003929808987729085, 0.005946026462545624, 0.02214862551840272, 0.023238471880974422, 0.01446327989529104]</SD>
		<WAVELENGTH_UNIT>E-6m</WAVELENGTH_UNIT>
		<COLOR>#3980af</COLOR>
		<COVARIANCE_MATRIX>[[8.621637797921625e-06, 9.254943675954336e-06, 1.359792960203981e-05, -1.3765456768390809e-05, -3.683329359959563e-06, 3.121346336949111e-06], [9.254943675954336e-06, 1.6238885219380656e-05, 2.081246505385851e-05, -1.9364620365563542e-05, -5.512738247985849e-06, 4.66635951803887e-06], [1.359792960203981e-05, 2.081246505385851e-05, 3.3533938549758255e-05, -2.701468432895133e-05, -1.6683303622467223e-06, 1.185290203715194e-05], [-1.3765456768390809e-05, -1.9364620365563542e-05, -2.701468432895133e-05, 0.0004573727326419678, 0.00043190678234515325, 0.00023749952998137878], [-3.683329359959563e-06, -5.512738247985849e-06, -1.6683303622467223e-06, 0.00043190678234515325, 0.0004908805618489076, 0.0002873403230237013], [3.121346336949111e-06, 4.66635951803887e-06, 1.185290203715194e-05, 0.00023749952998137878, 0.0002873403230237013, 0.0001825513063542451]]</COVARIANCE_MATRIX>
		<ROI_SIZE>2903</ROI_SIZE>
		<MAX_VALUE>[0.13513752818107605, 0.1258661150932312, 0.11953546851873398, 0.186738058924675, 0.11317665874958038, 0.07867791503667831]</MAX_VALUE>
		<MIN_VALUE>[0.11770763248205185, 0.09877695143222809, 0.07966909557580948, 0.09121710807085037, 0.01454297173768282, 0.002018551342189312]</MIN_VALUE>
		<SIGNATURE_THRESHOLD_MD>0</SIGNATURE_THRESHOLD_MD>
		<SIGNATURE_THRESHOLD_ML>0</SIGNATURE_THRESHOLD_ML>
		<SIGNATURE_THRESHOLD_SAM>0</SIGNATURE_THRESHOLD_SAM>
	</signature>
	<signature ID="20210204_165118954504_863">
		<MACROCLASSID>1</MACROCLASSID>
		<MACROCLASSINFO>MC 1</MACROCLASSINFO>
		<CLASSID>10</CLASSID>
		<CLASSINFO>C 1</CLASSINFO>
		<VALUES>[0.12036000678072804, 0.002764292497122102, 0.10203319496434668, 0.004639290830233949, 0.07966909266036491, 0.007566543253971631, 0.1265183343835499, 0.01834672257415917, 0.050547839344843574, 0.021456618086599693, 0.026973438692157684, 0.014884614630713663]</VALUES>
		<LCS_MIN>[0.11189766228199005, 0.09240302443504333, 0.06638029962778091, 0.09804004430770874, 0.022762445732951164, 0.00791542511433363]</LCS_MIN>
		<LCS_MAX>[0.12497008591890335, 0.11630522459745407, 0.10477014631032944, 0.16285783052444458, 0.09879257529973984, 0.06491854041814804]</LCS_MAX>
		<WAVELENGTH>[0.485, 0.56, 0.66, 0.835, 1.65, 2.22]</WAVELENGTH>
		<MEAN_VALUE>[0.12036000678072804, 0.10203319496434668, 0.07966909266036491, 0.1265183343835499, 0.050547839344843574, 0.026973438692157684]</MEAN_VALUE>
		<CHECKBOX>2</CHECKBOX>
		<SD>[0.002764292497122102, 0.004639290830233949, 0.007566543253971631, 0.01834672257415917, 0.021456618086599693, 0.014884614630713663]</SD>
		<WAVELENGTH_UNIT>E-6m</WAVELENGTH_UNIT>
		<COLOR>#4d58fd</COLOR>
		<COVARIANCE_MATRIX>[[7.988645419174904e-06, 9.697195761919401e-06, 1.5402502292977305e-05, -3.0651231529789768e-06, 1.167914926575616e-05, 1.3079070048812545e-05], [9.697195761919401e-06, 2.2501338471469755e-05, 3.368817175893798e-05, 2.3849712021495335e-06, 3.445226697342141e-05, 3.4924449146217105e-05], [1.5402502292977305e-05, 3.368817175893798e-05, 5.985496666941552e-05, 1.4424520612284668e-05, 8.536797888287565e-05, 7.638348015259926e-05], [-3.0651231529789768e-06, 2.3849712021495335e-06, 1.4424520612284668e-05, 0.00035190233054103255, 0.0002997859638048734, 0.00018667165466634594], [1.167914926575616e-05, 3.445226697342141e-05, 8.536797888287565e-05, 0.0002997859638048734, 0.0004813131169739333, 0.0003219625707522355], [1.3079070048812545e-05, 3.4924449146217105e-05, 7.638348015259926e-05, 0.00018667165466634594, 0.0003219625707522355, 0.00023162228691871243]]</COVARIANCE_MATRIX>
		<ROI_SIZE>23</ROI_SIZE>
		<MAX_VALUE>[0.12497008591890335, 0.11630522459745407, 0.10477014631032944, 0.16285783052444458, 0.09879257529973984, 0.06491854041814804]</MAX_VALUE>
		<MIN_VALUE>[0.11189766228199005, 0.09240302443504333, 0.06638029962778091, 0.09804004430770874, 0.022762445732951164, 0.00791542511433363]</MIN_VALUE>
		<SIGNATURE_THRESHOLD_MD>0</SIGNATURE_THRESHOLD_MD>
		<SIGNATURE_THRESHOLD_ML>0</SIGNATURE_THRESHOLD_ML>
		<SIGNATURE_THRESHOLD_SAM>0</SIGNATURE_THRESHOLD_SAM>
	</signature>
	<signature ID="20210204_165130931036_845">
		<MACROCLASSID>1</MACROCLASSID>
		<MACROCLASSINFO>MC 1</MACROCLASSINFO>
		<CLASSID>11</CLASSID>
		<CLASSINFO>C 1</CLASSINFO>
		<VALUES>[0.12346663247597843, 0.0027338626877401904, 0.10694004098574321, 0.004397685746637798, 0.08650776678532884, 0.00613877281187539, 0.18877298110409788, 0.020803785406106636, 0.09129410668423305, 0.021387717243316368, 0.04560713973223118, 0.01187463950559098]</VALUES>
		<LCS_MIN>[0.11770763248205185, 0.0971834659576416, 0.07376296073198318, 0.14238905906677246, 0.049475736916065216, 0.023640424013137817]</LCS_MIN>
		<LCS_MAX>[0.13078005611896515, 0.11630522459745407, 0.10034054517745972, 0.22426417469978333, 0.13167046010494232, 0.07671228796243668]</LCS_MAX>
		<WAVELENGTH>[0.485, 0.56, 0.66, 0.835, 1.65, 2.22]</WAVELENGTH>
		<MEAN_VALUE>[0.12346663247597843, 0.10694004098574321, 0.08650776678532884, 0.18877298110409788, 0.09129410668423305, 0.04560713973223118]</MEAN_VALUE>
		<CHECKBOX>2</CHECKBOX>
		<SD>[0.0027338626877401904, 0.004397685746637798, 0.00613877281187539, 0.020803785406106636, 0.021387717243316368, 0.01187463950559098]</SD>
		<WAVELENGTH_UNIT>E-6m</WAVELENGTH_UNIT>
		<COLOR>#68670a</COLOR>
		<COVARIANCE_MATRIX>[[7.607469573907655e-06, 9.640194457659543e-06, 1.4026910299553788e-05, -2.4316119148094788e-05, -1.3446929816508336e-05, 8.84618905226826e-07], [9.640194457659543e-06, 1.9684990639148722e-05, 2.363658907828729e-05, -4.3408734395973344e-05, -2.3941426475248505e-05, -3.4835218676268917e-07], [1.4026910299553788e-05, 2.363658907828729e-05, 3.8357469700745894e-05, -5.437170389489111e-05, -2.5715531285957367e-05, 9.260648480371485e-06], [-2.4316119148094788e-05, -4.3408734395973344e-05, -5.437170389489111e-05, 0.00044052601378089505, 0.00036516022950217557, 0.00016680736287386796], [-1.3446929816508336e-05, -2.3941426475248505e-05, -2.5715531285957367e-05, 0.00036516022950217557, 0.0004656029211814817, 0.00023516872338971332], [8.84618905226826e-07, -3.4835218676268917e-07, 9.260648480371485e-06, 0.00016680736287386796, 0.00023516872338971332, 0.00014352504666252316]]</COVARIANCE_MATRIX>
		<ROI_SIZE>57</ROI_SIZE>
		<MAX_VALUE>[0.13078005611896515, 0.11630522459745407, 0.10034054517745972, 0.22426417469978333, 0.13167046010494232, 0.07671228796243668]</MAX_VALUE>
		<MIN_VALUE>[0.11770763248205185, 0.0971834659576416, 0.07376296073198318, 0.14238905906677246, 0.049475736916065216, 0.023640424013137817]</MIN_VALUE>
		<SIGNATURE_THRESHOLD_MD>0</SIGNATURE_THRESHOLD_MD>
		<SIGNATURE_THRESHOLD_ML>0</SIGNATURE_THRESHOLD_ML>
		<SIGNATURE_THRESHOLD_SAM>0</SIGNATURE_THRESHOLD_SAM>
	</signature>
	<signature ID="20210204_165146063312_426">
		<MACROCLASSID>1</MACROCLASSID>
		<MACROCLASSINFO>MC 1</MACROCLASSINFO>
		<CLASSID>12</CLASSID>
		<CLASSINFO>C 1</CLASSINFO>
		<VALUES>[0.13176048723980777, 0.002656261818361275, 0.11563796438276773, 0.0026090766222435875, 0.09809806086122992, 0.0035673333452503073, 0.15362556204199784, 0.014912215490441784, 0.06608163861092177, 0.016752174512487276, 0.036183565296232685, 0.011686526844961269]</VALUES>
		<LCS_MIN>[0.12497008591890335, 0.10993130505084991, 0.0900048166513443, 0.12874320149421692, 0.039201393723487854, 0.01774354837834835]</LCS_MIN>
		<LCS_MAX>[0.13949500024318695, 0.12267915904521942, 0.10772321373224258, 0.19014954566955566, 0.10290230810642242, 0.06491854041814804]</LCS_MAX>
		<WAVELENGTH>[0.485, 0.56, 0.66, 0.835, 1.65, 2.22]</WAVELENGTH>
		<MEAN_VALUE>[0.13176048723980777, 0.11563796438276773, 0.09809806086122992, 0.15362556204199784, 0.06608163861092177, 0.036183565296232685]</MEAN_VALUE>
		<CHECKBOX>2</CHECKBOX>
		<SD>[0.002656261818361275, 0.0026090766222435875, 0.0035673333452503073, 0.014912215490441784, 0.016752174512487276, 0.011686526844961269]</SD>
		<WAVELENGTH_UNIT>E-6m</WAVELENGTH_UNIT>
		<COLOR>#a78a12</COLOR>
		<COVARIANCE_MATRIX>[[7.1001024882354935e-06, 3.860800419577309e-06, 6.204989370716494e-06, -2.391077872249161e-06, 4.978685895110942e-06, 5.204183842127445e-06], [3.860800419577309e-06, 6.850093907660855e-06, 6.810529366171236e-06, 1.2587469351595663e-07, 7.793557200779938e-06, 8.245014918768266e-06], [6.204989370716494e-06, 6.810529366171236e-06, 1.280590409673934e-05, -4.264722433405146e-06, 1.3028310370797567e-05, 1.3829672101072861e-05], [-2.391077872249161e-06, 1.2587469351595663e-07, -4.264722433405146e-06, 0.00022377275052414797, 0.00020634325252711936, 0.00012817003956762786], [4.978685895110942e-06, 7.793557200779938e-06, 1.3028310370797567e-05, 0.00020634325252711936, 0.00028240035310372663, 0.00018854324398951745], [5.204183842127445e-06, 8.245014918768266e-06, 1.3829672101072861e-05, 0.00012817003956762786, 0.00018854324398951745, 0.00013743387139421423]]</COVARIANCE_MATRIX>
		<ROI_SIZE>160</ROI_SIZE>
		<MAX_VALUE>[0.13949500024318695, 0.12267915904521942, 0.10772321373224258, 0.19014954566955566, 0.10290230810642242, 0.06491854041814804]</MAX_VALUE>
		<MIN_VALUE>[0.12497008591890335, 0.10993130505084991, 0.0900048166513443, 0.12874320149421692, 0.039201393723487854, 0.01774354837834835]</MIN_VALUE>
		<SIGNATURE_THRESHOLD_MD>0</SIGNATURE_THRESHOLD_MD>
		<SIGNATURE_THRESHOLD_ML>0</SIGNATURE_THRESHOLD_ML>
		<SIGNATURE_THRESHOLD_SAM>0</SIGNATURE_THRESHOLD_SAM>
	</signature>
	<signature ID="20210204_165158205170_846">
		<MACROCLASSID>1</MACROCLASSID>
		<MACROCLASSINFO>MC 1</MACROCLASSINFO>
		<CLASSID>13</CLASSID>
		<CLASSINFO>C 1</CLASSINFO>
		<VALUES>[0.13898554688958994, 0.0030927140157387383, 0.11999759044665012, 0.0030253597642685985, 0.09998794164119373, 0.0037108039467485176, 0.1742251340244244, 0.019871808293495864, 0.0753456050557877, 0.016292059108425072, 0.03828726002056873, 0.009043061100054687]</VALUES>
		<LCS_MIN>[0.13223254680633545, 0.111524797976017, 0.08557521551847458, 0.14238905906677246, 0.05153059959411621, 0.02167479880154133]</LCS_MIN>
		<LCS_MAX>[0.14675745368003845, 0.1274595856666565, 0.11215280741453171, 0.22426417469978333, 0.11934126913547516, 0.07867791503667831]</LCS_MAX>
		<WAVELENGTH>[0.485, 0.56, 0.66, 0.835, 1.65, 2.22]</WAVELENGTH>
		<MEAN_VALUE>[0.13898554688958994, 0.11999759044665012, 0.09998794164119373, 0.1742251340244244, 0.0753456050557877, 0.03828726002056873]</MEAN_VALUE>
		<CHECKBOX>2</CHECKBOX>
		<SD>[0.0030927140157387383, 0.0030253597642685985, 0.0037108039467485176, 0.019871808293495864, 0.016292059108425072, 0.009043061100054687]</SD>
		<WAVELENGTH_UNIT>E-6m</WAVELENGTH_UNIT>
		<COLOR>#97c423</COLOR>
		<COVARIANCE_MATRIX>[[1.2287031312670148e-05, 9.815209802983538e-06, 1.0250001781868823e-05, 6.161682062767273e-06, 6.544178493714673e-06, 6.465823713915499e-06], [9.815209802983538e-06, 1.2258590964121755e-05, 1.179280914596727e-05, -2.8605791017590704e-06, 1.6593824676325671e-06, 5.098128239596968e-06], [1.0250001781868823e-05, 1.179280914596727e-05, 1.8020040232486627e-05, -2.321218198282411e-05, -9.108401896111671e-06, 2.0577281571339025e-06], [6.161682062767273e-06, -2.8605791017590704e-06, -2.321218198282411e-05, 0.00039277023369563475, 0.0002832906510337141, 0.000134547081665625], [6.544178493714673e-06, 1.6593824676325671e-06, -9.108401896111671e-06, 0.0002832906510337141, 0.00025588139451024496, 0.00012894678250245778], [6.465823713915499e-06, 5.098128239596968e-06, 2.0577281571339025e-06, 0.000134547081665625, 0.00012894678250245778, 7.589664858670995e-05]]</COVARIANCE_MATRIX>
		<ROI_SIZE>992</ROI_SIZE>
		<MAX_VALUE>[0.14675745368003845, 0.1274595856666565, 0.11215280741453171, 0.22426417469978333, 0.11934126913547516, 0.07867791503667831]</MAX_VALUE>
		<MIN_VALUE>[0.13223254680633545, 0.111524797976017, 0.08557521551847458, 0.14238905906677246, 0.05153059959411621, 0.02167479880154133]</MIN_VALUE>
		<SIGNATURE_THRESHOLD_MD>0</SIGNATURE_THRESHOLD_MD>
		<SIGNATURE_THRESHOLD_ML>0</SIGNATURE_THRESHOLD_ML>
		<SIGNATURE_THRESHOLD_SAM>0</SIGNATURE_THRESHOLD_SAM>
	</signature>
	<signature ID="20210204_165216600216_916">
		<MACROCLASSID>1</MACROCLASSID>
		<MACROCLASSINFO>MC 1</MACROCLASSINFO>
		<CLASSID>14</CLASSID>
		<CLASSINFO>C 1</CLASSINFO>
		<VALUES>[0.1172234627551266, 0.002933663422859018, 0.10206824811618954, 0.0037335616627138814, 0.08366803274977776, 0.005796018842197614, 0.14269365046528124, 0.029147148252937814, 0.05129820618978036, 0.022719370421099037, 0.022552309269529017, 0.010278237779120408]</VALUES>
		<LCS_MIN>[0.11044516414403915, 0.09240302443504333, 0.06933337450027466, 0.09462857991456985, 0.01454297173768282, 0.005949800368398428]</LCS_MIN>
		<LCS_MAX>[0.12497008591890335, 0.111524797976017, 0.09886401146650314, 0.20038391649723053, 0.09879257529973984, 0.04919354245066643]</LCS_MAX>
		<WAVELENGTH>[0.485, 0.56, 0.66, 0.835, 1.65, 2.22]</WAVELENGTH>
		<MEAN_VALUE>[0.1172234627551266, 0.10206824811618954, 0.08366803274977776, 0.14269365046528124, 0.05129820618978036, 0.022552309269529017]</MEAN_VALUE>
		<CHECKBOX>2</CHECKBOX>
		<SD>[0.002933663422859018, 0.0037335616627138814, 0.005796018842197614, 0.029147148252937814, 0.022719370421099037, 0.010278237779120408]</SD>
		<WAVELENGTH_UNIT>E-6m</WAVELENGTH_UNIT>
		<COLOR>#4b80d9</COLOR>
		<COVARIANCE_MATRIX>[[8.657916294660536e-06, 8.740655004123158e-06, 1.4340488188867845e-05, -5.456571811835554e-05, -3.567914800007631e-05, -1.3198217010496424e-05], [8.740655004123158e-06, 1.4022952645510087e-05, 1.9036861237425247e-05, -6.611148082417882e-05, -3.9895733259103227e-05, -1.4646440836275402e-05], [1.4340488188867845e-05, 1.9036861237425247e-05, 3.379499510425412e-05, -0.00012290078520766859, -7.878688462806927e-05, -2.871242747632119e-05], [-5.456571811835554e-05, -6.611148082417882e-05, -0.00012290078520766859, 0.0008546434144600465, 0.0005922363761034089, 0.00024864344908246896], [-3.567914800007631e-05, -3.9895733259103227e-05, -7.878688462806927e-05, 0.0005922363761034089, 0.0005192606294109371, 0.00022479845724738995], [-1.3198217010496424e-05, -1.4646440836275402e-05, -2.871242747632119e-05, 0.00024864344908246896, 0.00022479845724738995, 0.00010627475969949208]]</COVARIANCE_MATRIX>
		<ROI_SIZE>168</ROI_SIZE>
		<MAX_VALUE>[0.12497008591890335, 0.111524797976017, 0.09886401146650314, 0.20038391649723053, 0.09879257529973984, 0.04919354245066643]</MAX_VALUE>
		<MIN_VALUE>[0.11044516414403915, 0.09240302443504333, 0.06933337450027466, 0.09462857991456985, 0.01454297173768282, 0.005949800368398428]</MIN_VALUE>
		<SIGNATURE_THRESHOLD_MD>0</SIGNATURE_THRESHOLD_MD>
		<SIGNATURE_THRESHOLD_ML>0</SIGNATURE_THRESHOLD_ML>
		<SIGNATURE_THRESHOLD_SAM>0</SIGNATURE_THRESHOLD_SAM>
	</signature>
	<signature ID="20210204_165229470360_689">
		<MACROCLASSID>1</MACROCLASSID>
		<MACROCLASSINFO>MC 1</MACROCLASSINFO>
		<CLASSID>15</CLASSID>
		<CLASSINFO>C 1</CLASSINFO>
		<VALUES>[0.11851868990563995, 0.002669576481273829, 0.10107412368711768, 0.004049531799406893, 0.08430346256516279, 0.006158541638237425, 0.11559537428356428, 0.014320433960887956, 0.03494916395726099, 0.012997126017006266, 0.016703346011697918, 0.007598246291939553]</VALUES>
		<LCS_MIN>[0.11044516414403915, 0.09080954641103745, 0.06490376591682434, 0.0843941867351532, 0.012488104403018951, 0.005949800368398428]</LCS_MIN>
		<LCS_MAX>[0.12642258405685425, 0.11471175402402878, 0.09886401146650314, 0.14921198785305023, 0.07618901878595352, 0.05115916579961777]</LCS_MAX>
		<WAVELENGTH>[0.485, 0.56, 0.66, 0.835, 1.65, 2.22]</WAVELENGTH>
		<MEAN_VALUE>[0.11851868990563995, 0.10107412368711768, 0.08430346256516279, 0.11559537428356428, 0.03494916395726099, 0.016703346011697918]</MEAN_VALUE>
		<CHECKBOX>2</CHECKBOX>
		<SD>[0.002669576481273829, 0.004049531799406893, 0.006158541638237425, 0.014320433960887956, 0.012997126017006266, 0.007598246291939553]</SD>
		<WAVELENGTH_UNIT>E-6m</WAVELENGTH_UNIT>
		<COLOR>#443e67</COLOR>
		<COVARIANCE_MATRIX>[[7.1527434926281155e-06, 8.60894627965612e-06, 1.2669795644235994e-05, -1.3546468586406422e-05, -2.0377869725723698e-06, 2.593263948233611e-06], [8.60894627965612e-06, 1.6458776321127087e-05, 2.255625824793448e-05, -1.8830502552566972e-05, -2.945873414646611e-06, 5.530457585691324e-06], [1.2669795644235994e-05, 2.255625824793448e-05, 3.806656417624079e-05, -3.242857254728271e-05, -3.749418335672401e-06, 8.708091105990176e-06], [-1.3546468586406422e-05, -1.8830502552566972e-05, -3.242857254728271e-05, 0.00020582601867734043, 0.00014466430127221404, 6.357274994831652e-05], [-2.0377869725723698e-06, -2.945873414646611e-06, -3.749418335672401e-06, 0.00014466430127221404, 0.00016954405863857846, 8.899254509585687e-05], [2.593263948233611e-06, 5.530457585691324e-06, 8.708091105990176e-06, 6.357274994831652e-05, 8.899254509585687e-05, 5.7944824173460266e-05]]</COVARIANCE_MATRIX>
		<ROI_SIZE>274</ROI_SIZE>
		<MAX_VALUE>[0.12642258405685425, 0.11471175402402878, 0.09886401146650314, 0.14921198785305023, 0.07618901878595352, 0.05115916579961777]</MAX_VALUE>
		<MIN_VALUE>[0.11044516414403915, 0.09080954641103745, 0.06490376591682434, 0.0843941867351532, 0.012488104403018951, 0.005949800368398428]</MIN_VALUE>
		<SIGNATURE_THRESHOLD_MD>0</SIGNATURE_THRESHOLD_MD>
		<SIGNATURE_THRESHOLD_ML>0</SIGNATURE_THRESHOLD_ML>
		<SIGNATURE_THRESHOLD_SAM>0</SIGNATURE_THRESHOLD_SAM>
	</signature>
	<signature ID="20210204_165254532442_945">
		<MACROCLASSID>1</MACROCLASSID>
		<MACROCLASSINFO>MC 1</MACROCLASSINFO>
		<CLASSID>16</CLASSID>
		<CLASSINFO>C 1</CLASSINFO>
		<VALUES>[0.11478228031474853, 0.0028065238701141947, 0.09780150216734297, 0.003994571208206977, 0.08187008993787188, 0.006407086334550382, 0.15442482340280148, 0.02917676793154754, 0.05125213825692219, 0.021462223129932453, 0.0222534632862972, 0.009837720007586844]</VALUES>
		<LCS_MIN>[0.10608769208192825, 0.0828421413898468, 0.06047417223453522, 0.10486296564340591, 0.01454297173768282, 0.003984176553785801]</LCS_MIN>
