<?xml version="1.0" ?>
<signaturelist MCID_LIST="[['1', 'waterbody', '#000000'], ['2', 'vegetation', '#000000'], ['3', 'bareland', '#000000'], ['4', 'built-up', '#000000']]">
	<signature ID="20210204_150827793829_756">
		<MACROCLASSID>1</MACROCLASSID>
		<MACROCLASSINFO>waterbody</MACROCLASSINFO>
		<CLASSID>1</CLASSID>
		<CLASSINFO>C 1</CLASSINFO>
		<VALUES>[0.08850517676799617, 0.0031143799283199916, 0.09988057249871611, 0.006723759340199711, 0.07254704519891458, 0.005046920258548981, 0.048247391537455706, 0.010077967959592695, 0.011455921754472288, 0.011351899338904518, 0.008272564051038269, 0.008500523663444417]</VALUES>
		<LCS_MIN>[0.07928652316331863, 0.06266073137521744, 0.03992389142513275, 0.03207167237997055, 0.0, 0.0]</LCS_MIN>
		<LCS_MAX>[0.10570643097162247, 0.11414569616317749, 0.09882089495658875, 0.11732441931962967, 0.0796513706445694, 0.07062522321939468]</LCS_MAX>
		<WAVELENGTH>[0.485, 0.56, 0.66, 0.83, 1.65, 2.215]</WAVELENGTH>
		<MEAN_VALUE>[0.08850517676799617, 0.09988057249871611, 0.07254704519891458, 0.048247391537455706, 0.011455921754472288, 0.008272564051038269]</MEAN_VALUE>
		<CHECKBOX>2</CHECKBOX>
		<SD>[0.0031143799283199916, 0.006723759340199711, 0.005046920258548981, 0.010077967959592695, 0.011351899338904518, 0.008500523663444417]</SD>
		<WAVELENGTH_UNIT>E-6m</WAVELENGTH_UNIT>
		<COLOR>#c1a20c</COLOR>
		<COVARIANCE_MATRIX>[[8.45657487957577e-06, 7.442031456369915e-07, 4.144909551031988e-06, 1.1233861199935083e-05, 1.2692606735019639e-05, 9.422909561179352e-06], [7.442031456369915e-07, 4.670171928695886e-05, 2.5306414902520507e-05, -3.395848078335941e-05, -3.958049784862229e-05, -2.60781632932601e-05], [4.144909551031988e-06, 2.5306414902520507e-05, 2.456194509020912e-05, -2.702198879778488e-06, -3.314756576193046e-06, -9.277603499514303e-07], [1.1233861199935083e-05, -3.395848078335941e-05, -2.702198879778488e-06, 0.0001098188091078124, 0.00011212672802808197, 7.740050928827874e-05], [1.2692606735019639e-05, -3.958049784862229e-05, -3.314756576193046e-06, 0.00011212672802808197, 0.0001391596946723975, 9.434233425644378e-05], [9.422909561179352e-06, -2.60781632932601e-05, -9.277603499514303e-07, 7.740050928827874e-05, 9.434233425644378e-05, 7.597555413065613e-05]]</COVARIANCE_MATRIX>
		<ROI_SIZE>8695</ROI_SIZE>
		<MAX_VALUE>[0.10570643097162247, 0.11414569616317749, 0.09882089495658875, 0.11732441931962967, 0.0796513706445694, 0.07062522321939468]</MAX_VALUE>
		<MIN_VALUE>[0.07928652316331863, 0.06266073137521744, 0.03992389142513275, 0.03207167237997055, 0.0, 0.0]</MIN_VALUE>
		<SIGNATURE_THRESHOLD_MD>0</SIGNATURE_THRESHOLD_MD>
		<SIGNATURE_THRESHOLD_ML>0</SIGNATURE_THRESHOLD_ML>
		<SIGNATURE_THRESHOLD_SAM>0</SIGNATURE_THRESHOLD_SAM>
	</signature>
	<signature ID="20210204_150833069793_541">
		<MACROCLASSID>1</MACROCLASSID>
		<MACROCLASSINFO>waterbody</MACROCLASSINFO>
		<CLASSID>2</CLASSID>
		<CLASSINFO>C 1</CLASSINFO>
		<VALUES>[0.08645285789491619, 0.0025605489061736333, 0.09261936450521936, 0.007201217057979222, 0.06643978137614986, 0.006992573051966921, 0.04486496002380208, 0.011556772059399631, 0.013403339790334146, 0.010153676532545005, 0.009387429428330075, 0.007678743185091542]</VALUES>
		<LCS_MIN>[0.07752519100904465, 0.058983221650123596, 0.03992389142513275, 0.03207167237997055, 0.0023093665950000286, 0.0]</LCS_MIN>
		<LCS_MAX>[0.1004224419593811, 0.12517820298671722, 0.1019207239151001, 0.11344928294420242, 0.08214626461267471, 0.06345941871404648]</LCS_MAX>
		<WAVELENGTH>[0.485, 0.56, 0.66, 0.83, 1.65, 2.215]</WAVELENGTH>
		<MEAN_VALUE>[0.08645285789491619, 0.09261936450521936, 0.06643978137614986, 0.04486496002380208, 0.013403339790334146, 0.009387429428330075]</MEAN_VALUE>
		<CHECKBOX>2</CHECKBOX>
		<SD>[0.0025605489061736333, 0.007201217057979222, 0.006992573051966921, 0.011556772059399631, 0.010153676532545005, 0.007678743185091542]</SD>
		<WAVELENGTH_UNIT>E-6m</WAVELENGTH_UNIT>
		<COLOR>#34d58d</COLOR>
		<COVARIANCE_MATRIX>[[6.253224260158373e-06, 1.3354863046820939e-06, 3.412195624876515e-06, 1.141663137631651e-05, 9.926658365533642e-06, 7.550380931006621e-06], [1.3354863046820939e-06, 5.1883244176606e-05, 3.971730507584861e-05, -1.3284557391219743e-05, -3.736150068226157e-06, -1.8613513872481415e-06], [3.412195624876515e-06, 3.971730507584861e-05, 4.630464902256828e-05, 2.446644294437009e-05, 2.5723956810888052e-05, 1.8787407786796126e-05], [1.141663137631651e-05, -1.3284557391219743e-05, 2.446644294437009e-05, 0.00016365070137298057, 0.00011675477133852955, 8.239596565391393e-05], [9.926658365533642e-06, -3.736150068226157e-06, 2.5723956810888052e-05, 0.00011675477133852955, 0.00011576801546331046, 7.925859035247743e-05], [7.550380931006621e-06, -1.8613513872481415e-06, 1.8787407786796126e-05, 8.239596565391393e-05, 7.925859035247743e-05, 6.595078420812838e-05]]</COVARIANCE_MATRIX>
		<ROI_SIZE>2750</ROI_SIZE>
		<MAX_VALUE>[0.1004224419593811, 0.12517820298671722, 0.1019207239151001, 0.11344928294420242, 0.08214626461267471, 0.06345941871404648]</MAX_VALUE>
		<MIN_VALUE>[0.07752519100904465, 0.058983221650123596, 0.03992389142513275, 0.03207167237997055, 0.0023093665950000286, 0.0]</MIN_VALUE>
		<SIGNATURE_THRESHOLD_MD>0</SIGNATURE_THRESHOLD_MD>
		<SIGNATURE_THRESHOLD_ML>0</SIGNATURE_THRESHOLD_ML>
		<SIGNATURE_THRESHOLD_SAM>0</SIGNATURE_THRESHOLD_SAM>
	</signature>
	<signature ID="20210204_152401959531_957">
		<MACROCLASSID>1</MACROCLASSID>
		<MACROCLASSINFO>waterbody</MACROCLASSINFO>
		<CLASSID>3</CLASSID>
		<CLASSINFO>C 1</CLASSINFO>
		<VALUES>[0.10854631926069096, 0.0053107170195679405, 0.09427067913701022, 0.0086591241199693, 0.07884606660416961, 0.013122623788967058, 0.06309444095227827, 0.018861538549850322, 0.03848546526781964, 0.020860871739683654, 0.030367864138875777, 0.018901978097695248]</VALUES>
		<LCS_MIN>[0.09337713569402695, 0.07369322329759598, 0.058522943407297134, 0.0436970517039299, 0.01727878674864769, 0.00613293144851923]</LCS_MIN>
		<LCS_MAX>[0.12508101761341095, 0.12517820298671722, 0.12051977962255478, 0.11344928294420242, 0.09212588518857956, 0.07779104262590408]</LCS_MAX>
		<WAVELENGTH>[0.485, 0.56, 0.66, 0.83, 1.65, 2.215]</WAVELENGTH>
		<MEAN_VALUE>[0.10854631926069096, 0.09427067913701022, 0.07884606660416961, 0.06309444095227827, 0.03848546526781964, 0.030367864138875777]</MEAN_VALUE>
		<CHECKBOX>2</CHECKBOX>
		<SD>[0.0053107170195679405, 0.0086591241199693, 0.013122623788967058, 0.018861538549850322, 0.020860871739683654, 0.018901978097695248]</SD>
		<WAVELENGTH_UNIT>E-6m</WAVELENGTH_UNIT>
		<COLOR>#1ac462</COLOR>
		<COVARIANCE_MATRIX>[[2.8363058286007307e-05, 3.904993287534909e-05, 5.655329581886028e-05, 3.9733158916278066e-05, 5.123007440321655e-05, 5.076056334278185e-05], [3.904993287534909e-05, 7.540404877658798e-05, 0.00010472525324623893, 5.961204600143746e-05, 7.407391114581169e-05, 7.801544663608034e-05], [5.655329581886028e-05, 0.00010472525324623893, 0.00017317615485313003, 0.00014119128404929118, 0.00016269393104479302, 0.00016185028926048785], [3.9733158916278066e-05, 5.961204600143746e-05, 0.00014119128404929118, 0.0003577675666170237, 0.0003602035088892908, 0.0003062553690668484], [5.123007440321655e-05, 7.407391114581169e-05, 0.00016269393104479302, 0.0003602035088892908, 0.00043763459103749575, 0.00037836725470002746], [5.076056334278185e-05, 7.801544663608034e-05, 0.00016185028926048785, 0.0003062553690668484, 0.00037836725470002746, 0.00035930333406228044]]</COVARIANCE_MATRIX>
		<ROI_SIZE>178</ROI_SIZE>
		<MAX_VALUE>[0.12508101761341095, 0.12517820298671722, 0.12051977962255478, 0.11344928294420242, 0.09212588518857956, 0.07779104262590408]</MAX_VALUE>
		<MIN_VALUE>[0.09337713569402695, 0.07369322329759598, 0.058522943407297134, 0.0436970517039299, 0.01727878674864769, 0.00613293144851923]</MIN_VALUE>
		<SIGNATURE_THRESHOLD_MD>0</SIGNATURE_THRESHOLD_MD>
		<SIGNATURE_THRESHOLD_ML>0</SIGNATURE_THRESHOLD_ML>
		<SIGNATURE_THRESHOLD_SAM>0</SIGNATURE_THRESHOLD_SAM>
	</signature>
	<signature ID="20210204_152416877446_355">
		<MACROCLASSID>1</MACROCLASSID>
		<MACROCLASSINFO>waterbody</MACROCLASSINFO>
		<CLASSID>4</CLASSID>
		<CLASSINFO>C 1</CLASSINFO>
		<VALUES>[0.08718954870097537, 0.003907168253581502, 0.07299961495177949, 0.0073103401494420215, 0.04688588411816711, 0.010461373996723566, 0.031172550088308982, 0.00953566441981395, 0.011324504229261796, 0.009813296663784277, 0.008256096909642371, 0.008525572909299976]</VALUES>
		<LCS_MIN>[0.07928652316331863, 0.06266073137521744, 0.03372420370578766, 0.020446300506591797, 0.0, 0.0]</LCS_MIN>
		<LCS_MAX>[0.10746774822473526, 0.11046820133924484, 0.10502056777477264, 0.09794878959655762, 0.07466156035661697, 0.06704232841730118]</LCS_MAX>
		<WAVELENGTH>[0.485, 0.56, 0.66, 0.83, 1.65, 2.215]</WAVELENGTH>
		<MEAN_VALUE>[0.08718954870097537, 0.07299961495177949, 0.04688588411816711, 0.031172550088308982, 0.011324504229261796, 0.008256096909642371]</MEAN_VALUE>
		<CHECKBOX>2</CHECKBOX>
		<SD>[0.003907168253581502, 0.0073103401494420215, 0.010461373996723566, 0.00953566441981395, 0.009813296663784277, 0.008525572909299976]</SD>
		<WAVELENGTH_UNIT>E-6m</WAVELENGTH_UNIT>
		<COLOR>#9afdb3</COLOR>
		<COVARIANCE_MATRIX>[[1.5271268127243942e-05, 2.312830628745599e-05, 2.889885230004921e-05, 1.762854521603775e-05, 1.7930097068632547e-05, 1.4197517672951687e-05], [2.312830628745599e-05, 5.345964192371953e-05, 6.584130837331753e-05, 3.952387628892331e-05, 4.145295913033461e-05, 3.273148797197831e-05], [2.889885230004921e-05, 6.584130837331753e-05, 0.00010947837242673803, 7.91118562860943e-05, 7.766129963815675e-05, 6.238570865006766e-05], [1.762854521603775e-05, 3.952387628892331e-05, 7.91118562860943e-05, 9.096049040122065e-05, 7.82143673154381e-05, 6.410225156312995e-05], [1.7930097068632547e-05, 4.145295913033461e-05, 7.766129963815675e-05, 7.82143673154381e-05, 9.633425242304867e-05, 7.523491848963155e-05], [1.4197517672951687e-05, 3.273148797197831e-05, 6.238570865006766e-05, 6.410225156312995e-05, 7.523491848963155e-05, 7.271064895417732e-05]]</COVARIANCE_MATRIX>
		<ROI_SIZE>2879</ROI_SIZE>
		<MAX_VALUE>[0.10746774822473526, 0.11046820133924484, 0.10502056777477264, 0.09794878959655762, 0.07466156035661697, 0.06704232841730118]</MAX_VALUE>
		<MIN_VALUE>[0.07928652316331863, 0.06266073137521744, 0.03372420370578766, 0.020446300506591797, 0.0, 0.0]</MIN_VALUE>
		<SIGNATURE_THRESHOLD_MD>0</SIGNATURE_THRESHOLD_MD>
		<SIGNATURE_THRESHOLD_ML>0</SIGNATURE_THRESHOLD_ML>
		<SIGNATURE_THRESHOLD_SAM>0</SIGNATURE_THRESHOLD_SAM>
	</signature>
	<signature ID="20210204_152427188612_383">
		<MACROCLASSID>1</MACROCLASSID>
		<MACROCLASSINFO>waterbody</MACROCLASSINFO>
		<CLASSID>5</CLASSID>
		<CLASSINFO>C 1</CLASSINFO>
		<VALUES>[0.08742998061462878, 0.002497030868184209, 0.08344554009935205, 0.0038499791197170335, 0.05804494466749268, 0.00327652811549024, 0.04616750022656256, 0.007302279596335369, 0.007618349376729926, 0.005598289534857892, 0.0053890610650728825, 0.004263095401894101]</VALUES>
		<LCS_MIN>[0.07752519100904465, 0.06633821874856949, 0.04612357169389725, 0.0359467975795269, 0.0, 0.0]</LCS_MIN>
		<LCS_MAX>[0.10394510626792908, 0.1067907065153122, 0.09882089495658875, 0.11732441931962967, 0.06967175751924515, 0.04912779480218887]</LCS_MAX>
		<WAVELENGTH>[0.485, 0.56, 0.66, 0.83, 1.65, 2.215]</WAVELENGTH>
		<MEAN_VALUE>[0.08742998061462878, 0.08344554009935205, 0.05804494466749268, 0.04616750022656256, 0.007618349376729926, 0.0053890610650728825]</MEAN_VALUE>
		<CHECKBOX>2</CHECKBOX>
		<SD>[0.002497030868184209, 0.0038499791197170335, 0.00327652811549024, 0.007302279596335369, 0.005598289534857892, 0.004263095401894101]</SD>
		<WAVELENGTH_UNIT>E-6m</WAVELENGTH_UNIT>
		<COLOR>#2b9996</COLOR>
		<COVARIANCE_MATRIX>[[5.9452939683946926e-06, 2.9254272696373285e-06, 2.4795814680659107e-06, 2.6580401790801407e-06, 1.8094935128173476e-06, 1.2115619916408266e-06], [2.9254272696373285e-06, 1.197076911534757e-05, 6.1307011728298806e-06, 3.203949643509193e-06, 1.5046221351989141e-06, 1.1742461985808075e-06], [2.4795814680659107e-06, 6.1307011728298806e-06, 8.69342252179443e-06, 5.9964103386070566e-06, 3.985068268701186e-06, 2.647334812881465e-06], [2.6580401790801407e-06, 3.203949643509193e-06, 5.9964103386070566e-06, 3.603204910216227e-05, 2.133359617315457e-05, 1.2790597826536459e-05], [1.8094935128173476e-06, 1.5046221351989141e-06, 3.985068268701186e-06, 2.133359617315457e-05, 2.167828473097184e-05, 1.1189095773627855e-05], [1.2115619916408266e-06, 1.1742461985808075e-06, 2.647334812881465e-06, 1.2790597826536459e-05, 1.1189095773627855e-05, 1.437866443702019e-05]]</COVARIANCE_MATRIX>
		<ROI_SIZE>9936</ROI_SIZE>
		<MAX_VALUE>[0.10394510626792908, 0.1067907065153122, 0.09882089495658875, 0.11732441931962967, 0.06967175751924515, 0.04912779480218887]</MAX_VALUE>
		<MIN_VALUE>[0.07752519100904465, 0.06633821874856949, 0.04612357169389725, 0.0359467975795269, 0.0, 0.0]</MIN_VALUE>
		<SIGNATURE_THRESHOLD_MD>0</SIGNATURE_THRESHOLD_MD>
		<SIGNATURE_THRESHOLD_ML>0</SIGNATURE_THRESHOLD_ML>
		<SIGNATURE_THRESHOLD_SAM>0</SIGNATURE_THRESHOLD_SAM>
	</signature>
	<signature ID="20210204_153320849395_251">
		<MACROCLASSID>1</MACROCLASSID>
		<MACROCLASSINFO>waterbody</MACROCLASSINFO>
		<CLASSID>6</CLASSID>
		<CLASSINFO>C 1</CLASSINFO>
		<VALUES>[0.10383621890436517, 0.0035907658630514724, 0.09464158402247864, 0.0070412223698271565, 0.08727257219227873, 0.010442493386293529, 0.05339895168488673, 0.013083395387026029, 0.026119816956872266, 0.015400374087396624, 0.019104927253316754, 0.01340811263804246]</VALUES>
		<LCS_MIN>[0.09513846784830093, 0.07737071067094803, 0.06162279099225998, 0.03982192650437355, 0.009794075973331928, 0.0]</LCS_MIN>
		<LCS_MAX>[0.11451306939125061, 0.11046820133924484, 0.11741994321346283, 0.11732441931962967, 0.08713608980178833, 0.08137395232915878]</LCS_MAX>
		<WAVELENGTH>[0.485, 0.56, 0.66, 0.83, 1.65, 2.215]</WAVELENGTH>
		<MEAN_VALUE>[0.10383621890436517, 0.09464158402247864, 0.08727257219227873, 0.05339895168488673, 0.026119816956872266, 0.019104927253316754]</MEAN_VALUE>
		<CHECKBOX>2</CHECKBOX>
		<SD>[0.0035907658630514724, 0.0070412223698271565, 0.010442493386293529, 0.013083395387026029, 0.015400374087396624, 0.01340811263804246]</SD>
		<WAVELENGTH_UNIT>E-6m</WAVELENGTH_UNIT>
		<COLOR>#2db428</COLOR>
		<COVARIANCE_MATRIX>[[1.535260269581449e-05, 2.458741971201192e-05, 3.3817909186778644e-05, 6.2260042684576705e-06, 1.427462493948337e-05, 1.530972203003636e-05], [2.458741971201192e-05, 6.381885535361776e-05, 8.12948332932813e-05, -7.389243139511118e-07, 1.0416278992905101e-05, 1.6749266619621903e-05], [3.3817909186778644e-05, 8.12948332932813e-05, 0.0001172278042066601, 1.2547762606092768e-05, 2.6076349656369958e-05, 3.1366273566269624e-05], [6.2260042684576705e-06, -7.389243139511118e-07, 1.2547762606092768e-05, 0.00024934459929806054, 0.0002140612490528436, 0.00015502737282637643], [1.427462493948337e-05, 1.0416278992905101e-05, 2.6076349656369958e-05, 0.0002140612490528436, 0.0002592723060719311, 0.00020076675732750974], [1.530972203003636e-05, 1.6749266619621903e-05, 3.1366273566269624e-05, 0.00015502737282637643, 0.00020076675732750974, 0.00017712633621064033]]</COVARIANCE_MATRIX>
		<ROI_SIZE>930</ROI_SIZE>
		<MAX_VALUE>[0.11451306939125061, 0.11046820133924484, 0.11741994321346283, 0.11732441931962967, 0.08713608980178833, 0.08137395232915878]</MAX_VALUE>
		<MIN_VALUE>[0.09513846784830093, 0.07737071067094803, 0.06162279099225998, 0.03982192650437355, 0.009794075973331928, 0.0]</MIN_VALUE>
		<SIGNATURE_THRESHOLD_MD>0</SIGNATURE_THRESHOLD_MD>
		<SIGNATURE_THRESHOLD_ML>0</SIGNATURE_THRESHOLD_ML>
		<SIGNATURE_THRESHOLD_SAM>0</SIGNATURE_THRESHOLD_SAM>
	</signature>
	<signature ID="20210204_153405029497_518">
		<MACROCLASSID>1</MACROCLASSID>
		<MACROCLASSINFO>waterbody</MACROCLASSINFO>
		<CLASSID>7</CLASSID>
		<CLASSINFO>C 1</CLASSINFO>
		<VALUES>[0.1256115451814181, 0.006456989197603145, 0.14148325185818847, 0.01443259392198724, 0.15260128623031705, 0.019824945229238264, 0.10504540154732854, 0.01926624309493873, 0.05154613425663436, 0.02244271986155386, 0.04010578058660032, 0.018272363966653472]</VALUES>
		<LCS_MIN>[0.10922908037900925, 0.10311321169137955, 0.1019207239151001, 0.06307267397642136, 0.012288980185985565, 0.013298743404448032]</LCS_MIN>
		<LCS_MAX>[0.13564899563789368, 0.1619531661272049, 0.18251663446426392, 0.15995077788829803, 0.09711569547653198, 0.07779104262590408]</LCS_MAX>
		<WAVELENGTH>[0.485, 0.56, 0.66, 0.83, 1.65, 2.215]</WAVELENGTH>
		<MEAN_VALUE>[0.1256115451814181, 0.14148325185818847, 0.15260128623031705, 0.10504540154732854, 0.05154613425663436, 0.04010578058660032]</MEAN_VALUE>
		<CHECKBOX>2</CHECKBOX>
		<SD>[0.006456989197603145, 0.01443259392198724, 0.019824945229238264, 0.01926624309493873, 0.02244271986155386, 0.018272363966653472]</SD>
		<WAVELENGTH_UNIT>E-6m</WAVELENGTH_UNIT>
		<COLOR>#ba643b</COLOR>
		<COVARIANCE_MATRIX>[[4.2201157174768e-05, 8.587582382680609e-05, 0.00011693808867547298, 5.303948557909707e-05, 9.679700482507295e-06, 1.87743871130735e-05], [8.587582382680609e-05, 0.0002108400083818241, 0.0002844942009306232, 7.804418599105134e-05, -3.7982038999810187e-05, -7.769010149775263e-06], [0.00011693808867547298, 0.0002844942009306232, 0.00039782148326110585, 0.00011703051408905608, -3.5491863179690556e-05, 4.0961861515352773e-07], [5.303948557909707e-05, 7.804418599105134e-05, 0.00011703051408905608, 0.00037571480742002215, 0.0003235604393560043, 0.00025122738428913515], [9.679700482507295e-06, -3.7982038999810187e-05, -3.5491863179690556e-05, 0.0003235604393560043, 0.0005098180610620399, 0.0003927277210184101], [1.87743871130735e-05, -7.769010149775263e-06, 4.0961861515352773e-07, 0.00025122738428913515, 0.0003927277210184101, 0.0003379509835265618]]</COVARIANCE_MATRIX>
		<ROI_SIZE>83</ROI_SIZE>
		<MAX_VALUE>[0.13564899563789368, 0.1619531661272049, 0.18251663446426392, 0.15995077788829803, 0.09711569547653198, 0.07779104262590408]</MAX_VALUE>
		<MIN_VALUE>[0.10922908037900925, 0.10311321169137955, 0.1019207239151001, 0.06307267397642136, 0.012288980185985565, 0.013298743404448032]</MIN_VALUE>
		<SIGNATURE_THRESHOLD_MD>0</SIGNATURE_THRESHOLD_MD>
		<SIGNATURE_THRESHOLD_ML>0</SIGNATURE_THRESHOLD_ML>
		<SIGNATURE_THRESHOLD_SAM>0</SIGNATURE_THRESHOLD_SAM>
	</signature>
	<signature ID="20210204_153418710468_779">
		<MACROCLASSID>1</MACROCLASSID>
		<MACROCLASSINFO>waterbody</MACROCLASSINFO>
		<CLASSID>8</CLASSID>
		<CLASSINFO>C 1</CLASSINFO>
		<VALUES>[0.10698588164347525, 0.004444880674328663, 0.08670323292882937, 0.008394723158650703, 0.07992940213320388, 0.011563544805438187, 0.0814612318744075, 0.02175273632679962, 0.06576464442922822, 0.024052700826346342, 0.05460355631163662, 0.020101221742929398]</VALUES>
		<LCS_MIN>[0.09689979255199432, 0.07369322329759598, 0.06162279099225998, 0.0436970517039299, 0.022268593311309814, 0.024047458544373512]</LCS_MIN>
		<LCS_MAX>[0.12155836820602417, 0.11414569616317749, 0.12051977962255478, 0.13282489776611328, 0.10959021747112274, 0.0992884710431099]</LCS_MAX>
		<WAVELENGTH>[0.485, 0.56, 0.66, 0.83, 1.65, 2.215]</WAVELENGTH>
		<MEAN_VALUE>[0.10698588164347525, 0.08670323292882937, 0.07992940213320388, 0.0814612318744075, 0.06576464442922822, 0.05460355631163662]</MEAN_VALUE>
		<CHECKBOX>2</CHECKBOX>
		<SD>[0.004444880674328663, 0.008394723158650703, 0.011563544805438187, 0.02175273632679962, 0.024052700826346342, 0.020101221742929398]</SD>
		<WAVELENGTH_UNIT>E-6m</WAVELENGTH_UNIT>
		<COLOR>#89fd32</COLOR>
		<COVARIANCE_MATRIX>[[1.9945125772915865e-05, 3.2237977307270454e-05, 4.504436648013293e-05, 7.901901842903392e-05, 7.368198042217719e-05, 6.32461529883437e-05], [3.2237977307270454e-05, 7.114253288096157e-05, 9.395249137733926e-05, 0.00016239340177374474, 0.00015328932726225687, 0.00012823345000940501], [4.504436648013293e-05, 9.395249137733926e-05, 0.00013498905007182762, 0.00023125946508094423, 0.00022261134453027361, 0.0001872528061969866], [7.901901842903392e-05, 0.00016239340177374474, 0.00023125946508094423, 0.00047768802853853675, 0.00044829572425446833, 0.00036512335494340233], [7.368198042217719e-05, 0.00015328932726225687, 0.00022261134453027361, 0.00044829572425446833, 0.0005840422495849766, 0.000469314537287365], [6.32461529883437e-05, 0.00012823345000940501, 0.0001872528061969866, 0.00036512335494340233, 0.000469314537287365, 0.00040790729761135434]]</COVARIANCE_MATRIX>
		<ROI_SIZE>106</ROI_SIZE>
		<MAX_VALUE>[0.12155836820602417, 0.11414569616317749, 0.12051977962255478, 0.13282489776611328, 0.10959021747112274, 0.0992884710431099]</MAX_VALUE>
		<MIN_VALUE>[0.09689979255199432, 0.07369322329759598, 0.06162279099225998, 0.0436970517039299, 0.022268593311309814, 0.024047458544373512]</MIN_VALUE>
		<SIGNATURE_THRESHOLD_MD>0</SIGNATURE_THRESHOLD_MD>
		<SIGNATURE_THRESHOLD_ML>0</SIGNATURE_THRESHOLD_ML>
		<SIGNATURE_THRESHOLD_SAM>0</SIGNATURE_THRESHOLD_SAM>
	</signature>
	<signature ID="20210204_153445512045_965">
		<MACROCLASSID>1</MACROCLASSID>
		<MACROCLASSINFO>waterbody</MACROCLASSINFO>
		<CLASSID>9</CLASSID>
		<CLASSINFO>C 1</CLASSINFO>
		<VALUES>[0.10182870993281548, 0.004243101378867697, 0.09092669570753803, 0.007810904775956501, 0.05975118448149488, 0.00654769607306627, 0.045867428079972565, 0.010721239400821467, 0.021753260796443886, 0.011868146838756498, 0.014193851833695106, 0.009364949228462028]</VALUES>
		<LCS_MIN>[0.08104784786701202, 0.058983221650123596, 0.03992389142513275, 0.03207167237997055, 0.0023093665950000286, 0.0]</LCS_MIN>
		<LCS_MAX>[0.11451306939125061, 0.11414569616317749, 0.0957210436463356, 0.08632341772317886, 0.062187038362026215, 0.052710697054862976]</LCS_MAX>
		<WAVELENGTH>[0.485, 0.56, 0.66, 0.83, 1.65, 2.215]</WAVELENGTH>
		<MEAN_VALUE>[0.10182870993281548, 0.09092669570753803, 0.05975118448149488, 0.045867428079972565, 0.021753260796443886, 0.014193851833695106]</MEAN_VALUE>
		<CHECKBOX>2</CHECKBOX>
		<SD>[0.004243101378867697, 0.007810904775956501, 0.00654769607306627, 0.010721239400821467, 0.011868146838756498, 0.009364949228462028]</SD>
		<WAVELENGTH_UNIT>E-6m</WAVELENGTH_UNIT>
		<COLOR>#803b6e</COLOR>
		<COVARIANCE_MATRIX>[[1.8021805841479543e-05, 2.801646737092598e-05, 1.7375058520009804e-05, -1.4378746244159176e-05, -1.1780552125600204e-05, -2.2699703107588923e-06], [2.801646737092598e-05, 6.107087977434747e-05, 3.570846298634454e-05, -3.0045791330205472e-05, -2.4754901133451828e-05, -6.291299382137934e-06], [1.7375058520009804e-05, 3.570846298634454e-05, 4.291494048936789e-05, 2.0114323234225136e-05, 2.537253043982155e-05, 2.7490429358010293e-05], [-1.4378746244159176e-05, -3.0045791330205472e-05, 2.0114323234225136e-05, 0.00011505923370750964, 0.00011074538603643506, 7.684539039970593e-05], [-1.1780552125600204e-05, -2.4754901133451828e-05, 2.537253043982155e-05, 0.00011074538603643506, 0.0001409929222186777, 9.955733114918716e-05], [-2.2699703107588923e-06, -6.291299382137934e-06, 2.7490429358010293e-05, 7.684539039970593e-05, 9.955733114918716e-05, 8.778945325052999e-05]]</COVARIANCE_MATRIX>
		<ROI_SIZE>1007</ROI_SIZE>
		<MAX_VALUE>[0.11451306939125061, 0.11414569616317749, 0.0957210436463356, 0.08632341772317886, 0.062187038362026215, 0.052710697054862976]</MAX_VALUE>
		<MIN_VALUE>[0.08104784786701202, 0.058983221650123596, 0.03992389142513275, 0.03207167237997055, 0.0023093665950000286, 0.0]</MIN_VALUE>
		<SIGNATURE_THRESHOLD_MD>0</SIGNATURE_THRESHOLD_MD>
		<SIGNATURE_THRESHOLD_ML>0</SIGNATURE_THRESHOLD_ML>
		<SIGNATURE_THRESHOLD_SAM>0</SIGNATURE_THRESHOLD_SAM>
	</signature>
	<signature ID="20210204_153500924538_981">
		<MACROCLASSID>1</MACROCLASSID>
		<MACROCLASSINFO>waterbody</MACROCLASSINFO>
		<CLASSID>10</CLASSID>
		<CLASSINFO>C 1</CLASSINFO>
		<VALUES>[0.10600288795067547, 0.0061618743101399765, 0.10239409022770896, 0.013769125347526891, 0.08788704198075115, 0.018024097405729737, 0.05495793102216897, 0.01489695746380264, 0.023516045123716755, 0.012577224919574175, 0.017156573758220824, 0.011286054402961791]</VALUES>
		<LCS_MIN>[0.08985448628664017, 0.07001572102308273, 0.055423103272914886, 0.0359467975795269, 0.004804269876331091, 0.0025500268675386906]</LCS_MIN>
		<LCS_MAX>[0.12508101761341095, 0.13988818228244781, 0.13911882042884827, 0.10182391107082367, 0.06717685610055923, 0.05629359930753708]</LCS_MAX>
		<WAVELENGTH>[0.485, 0.56, 0.66, 0.83, 1.65, 2.215]</WAVELENGTH>
		<MEAN_VALUE>[0.10600288795067547, 0.10239409022770896, 0.08788704198075115, 0.05495793102216897, 0.023516045123716755, 0.017156573758220824]</MEAN_VALUE>
		<CHECKBOX>2</CHECKBOX>
		<SD>[0.0061618743101399765, 0.013769125347526891, 0.018024097405729737, 0.01489695746380264, 0.012577224919574175, 0.011286054402961791]</SD>
		<WAVELENGTH_UNIT>E-6m</WAVELENGTH_UNIT>
		<COLOR>#7ed8be</COLOR>
		<COVARIANCE_MATRIX>[[3.806291013806688e-05, 7.781246405075357e-05, 0.00010091684948825567, 4.265249495573742e-05, 5.026771287140234e-06, 7.513012781539634e-06], [7.781246405075357e-05, 0.00019005925654021406, 0.00023702673652799708, 7.689647117436801e-05, -6.818640349771433e-06, -5.537905601597342e-07], [0.00010091684948825567, 0.00023702673652799708, 0.0003256742115773167, 0.00015332682796806568, 3.190435877480657e-05, 3.1234295244640686e-05], [4.265249495573742e-05, 7.689647117436801e-05, 0.00015332682796806568, 0.00022247001001997856, 0.00014739593244502498, 0.00012095847214541607], [5.026771287140234e-06, -6.818640349771433e-06, 3.190435877480657e-05, 0.00014739593244502498, 0.00015857910922514464, 0.00012919408862520013], [7.513012781539634e-06, -5.537905601597342e-07, 3.1234295244640686e-05, 0.00012095847214541607, 0.00012919408862520013, 0.00012769109104365187]]</COVARIANCE_MATRIX>
		<ROI_SIZE>404</ROI_SIZE>
		<MAX_VALUE>[0.12508101761341095, 0.13988818228244781, 0.13911882042884827, 0.10182391107082367, 0.06717685610055923, 0.05629359930753708]</MAX_VALUE>
		<MIN_VALUE>[0.08985448628664017, 0.07001572102308273, 0.055423103272914886, 0.0359467975795269, 0.004804269876331091, 0.0025500268675386906]</MIN_VALUE>
		<SIGNATURE_THRESHOLD_MD>0</SIGNATURE_THRESHOLD_MD>
		<SIGNATURE_THRESHOLD_ML>0</SIGNATURE_THRESHOLD_ML>
		<SIGNATURE_THRESHOLD_SAM>0</SIGNATURE_THRESHOLD_SAM>
	</signature>
	<signature ID="20210204_153511682525_107">
		<MACROCLASSID>1</MACROCLASSID>
		<MACROCLASSINFO>waterbody</MACROCLASSINFO>
		<CLASSID>11</CLASSID>
		<CLASSINFO>C 1</CLASSINFO>
		<VALUES>[0.10864716706726056, 0.007626016442346699, 0.11305004567083711, 0.018054599930077006, 0.09572104795404586, 0.02350179509889597, 0.05883175367626816, 0.013809288371198807, 0.03299888578630915, 0.014662888319967371, 0.02352957526815281, 0.011967170545085405]</VALUES>
		<LCS_MIN>[0.09337713569402695, 0.07369322329759598, 0.055423103272914886, 0.0359467975795269, 0.007299172692000866, 0.0025500268675386906]</LCS_MIN>
		<LCS_MAX>[0.12684234976768494, 0.15092068910598755, 0.1484183669090271, 0.09407366067171097, 0.07216665893793106, 0.06345941871404648]</LCS_MAX>
		<WAVELENGTH>[0.485, 0.56, 0.66, 0.83, 1.65, 2.215]</WAVELENGTH>
		<MEAN_VALUE>[0.10864716706726056, 0.11305004567083711, 0.09572104795404586, 0.05883175367626816, 0.03299888578630915, 0.02352957526815281]</MEAN_VALUE>
		<CHECKBOX>2</CHECKBOX>
		<SD>[0.007626016442346699, 0.018054599930077006, 0.02350179509889597, 0.013809288371198807, 0.014662888319967371, 0.011967170545085405]</SD>
		<WAVELENGTH_UNIT>E-6m</WAVELENGTH_UNIT>
		<COLOR>#3a6077</COLOR>
		<COVARIANCE_MATRIX>[[5.832818632562512e-05, 0.00013160812995738499, 0.00016940023472411303, 4.960355838155441e-05, 7.952705379357715e-06, 1.640794316940858e-05], [0.00013160812995738499, 0.0003269329827139382, 0.0004131535340658186, 0.00010808092783271055, -4.780382330207827e-07, 2.5159439014052434e-05], [0.00016940023472411303, 0.0004131535340658186, 0.0005539684982340137, 0.0001869365360940595, 4.1277469464768985e-05, 5.986962511637961e-05], [4.960355838155441e-05, 0.00010808092783271055, 0.0001869365360940595, 0.0001912606359855515, 0.00014546792407716365, 0.00011338934062403929], [7.952705379357715e-06, -4.780382330207827e-07, 4.1277469464768985e-05, 0.00014546792407716365, 0.00021563638942787093, 0.0001599431661241725], [1.640794316940858e-05, 2.5159439014052434e-05, 5.986962511637961e-05, 0.00011338934062403929, 0.0001599431661241725, 0.00014363687846123997]]</COVARIANCE_MATRIX>
		<ROI_SIZE>339</ROI_SIZE>
		<MAX_VALUE>[0.12684234976768494, 0.15092068910598755, 0.1484183669090271, 0.09407366067171097, 0.07216665893793106, 0.06345941871404648]</MAX_VALUE>
		<MIN_VALUE>[0.09337713569402695, 0.07369322329759598, 0.055423103272914886, 0.0359467975795269, 0.007299172692000866, 0.0025500268675386906]</MIN_VALUE>
		<SIGNATURE_THRESHOLD_MD>0</SIGNATURE_THRESHOLD_MD>
		<SIGNATURE_THRESHOLD_ML>0</SIGNATURE_THRESHOLD_ML>
		<SIGNATURE_THRESHOLD_SAM>0</SIGNATURE_THRESHOLD_SAM>
	</signature>
	<signature ID="20210204_153533648649_658">
		<MACROCLASSID>1</MACROCLASSID>
		<MACROCLASSINFO>waterbody</MACROCLASSINFO>
		<CLASSID>12</CLASSID>
		<CLASSINFO>C 1</CLASSINFO>
		<VALUES>[0.10658709066254751, 0.00435270343635449, 0.09680892154574394, 0.007279560504023119, 0.08708577656320163, 0.011549835727874722, 0.11594043778521675, 0.026631321942221998, 0.09961059875786306, 0.024877650246078603, 0.07011338429791586, 0.018757516054949686]</VALUES>
		<LCS_MIN>[0.09866111725568771, 0.08840321004390717, 0.07092230767011642, 0.07469803839921951, 0.04971252754330635, 0.03837908059358597]</LCS_MIN>
		<LCS_MAX>[0.11451306939125061, 0.11046820133924484, 0.10812041908502579, 0.15220052003860474, 0.13453924655914307, 0.0992884710431099]</LCS_MAX>
		<WAVELENGTH>[0.485, 0.56, 0.66, 0.83, 1.65, 2.215]</WAVELENGTH>
		<MEAN_VALUE>[0.10658709066254751, 0.09680892154574394, 0.08708577656320163, 0.11594043778521675, 0.09961059875786306, 0.07011338429791586]</MEAN_VALUE>
		<CHECKBOX>2</CHECKBOX>
		<SD>[0.00435270343635449, 0.007279560504023119, 0.011549835727874722, 0.026631321942221998, 0.024877650246078603, 0.018757516054949686]</SD>
		<WAVELENGTH_UNIT>E-6m</WAVELENGTH_UNIT>
		<COLOR>#eec444</COLOR>
		<COVARIANCE_MATRIX>[[2.0403413912917715e-05, 2.989512714568488e-05, 4.598861655564035e-05, -6.037834510651305e-06, 3.3126573036638215e-05, 4.368925107147068e-05], [2.989512714568488e-05, 5.706830891109742e-05, 8.693811911726741e-05, 5.7472930176891364e-05, 8.398656732033666e-05, 7.963592347111466e-05], [4.598861655564035e-05, 8.693811911726741e-05, 0.00014366014421326767, 0.0001035564203522912, 0.0001308798013873426, 0.00013193471851457865], [-6.037834510651305e-06, 5.7472930176891364e-05, 0.0001035564203522912, 0.0007637832551895274, 0.00039192837334951666, 0.00018720790425767942], [3.3126573036638215e-05, 8.398656732033666e-05, 0.0001308798013873426, 0.00039192837334951666, 0.0006665049803636161, 0.00046689103879156104], [4.368925107147068e-05, 7.963592347111466e-05, 0.00013193471851457865, 0.00018720790425767942, 0.00046689103879156104, 0.00037890936305567187]]</COVARIANCE_MATRIX>
		<ROI_SIZE>14</ROI_SIZE>
		<MAX_VALUE>[0.11451306939125061, 0.11046820133924484, 0.10812041908502579, 0.15220052003860474, 0.13453924655914307, 0.0992884710431099]</MAX_VALUE>
		<MIN_VALUE>[0.09866111725568771, 0.08840321004390717, 0.07092230767011642, 0.07469803839921951, 0.04971252754330635, 0.03837908059358597]</MIN_VALUE>
		<SIGNATURE_THRESHOLD_MD>0</SIGNATURE_THRESHOLD_MD>
		<SIGNATURE_THRESHOLD_ML>0</SIGNATURE_THRESHOLD_ML>
		<SIGNATURE_THRESHOLD_SAM>0</SIGNATURE_THRESHOLD_SAM>
	</signature>
	<signature ID="20210204_153555558587_674">
		<MACROCLASSID>1</MACROCLASSID>
		<MACROCLASSINFO>waterbody</MACROCLASSINFO>
		<CLASSID>13</CLASSID>
		<CLASSINFO>C 1</CLASSINFO>
		<VALUES>[0.10434873836735885, 0.0034809344107111177, 0.10018269919479884, 0.00644152192536078, 0.10566637108180055, 0.010108372358659882, 0.0989781175740063, 0.010865378604002125, 0.04062952264212069, 0.015167574094943246, 0.028712699044262997, 0.011668759015412436]</VALUES>
		<LCS_MIN>[0.09513846784830093, 0.07369322329759598, 0.058522943407297134, 0.07857316732406616, 0.014783883467316628, 0.00613293144851923]</LCS_MIN>
		<LCS_MAX>[0.11275173723697662, 0.11046820133924484, 0.12051977962255478, 0.13670003414154053, 0.06967175751924515, 0.05987651273608208]</LCS_MAX>
		<WAVELENGTH>[0.485, 0.56, 0.66, 0.83, 1.65, 2.215]</WAVELENGTH>
		<MEAN_VALUE>[0.10434873836735885, 0.10018269919479884, 0.10566637108180055, 0.0989781175740063, 0.04062952264212069, 0.028712699044262997]</MEAN_VALUE>
		<CHECKBOX>2</CHECKBOX>
		<SD>[0.0034809344107111177, 0.00644152192536078, 0.010108372358659882, 0.010865378604002125, 0.015167574094943246, 0.011668759015412436]</SD>
		<WAVELENGTH_UNIT>E-6m</WAVELENGTH_UNIT>
		<COLOR>#ee6d63</COLOR>
		<COVARIANCE_MATRIX>[[1.2180343661576796e-05, 1.556793882092048e-05, 2.3235265890044357e-05, 3.5846483660293254e-06, 5.5259871972763396e-06, 1.1719605109594858e-05], [1.556793882092048e-05, 4.1710446624405786e-05, 6.021380382413165e-05, -3.7573830745065605e-06, -5.957281822241343e-06, 1.270833625072276e-05], [2.3235265890044357e-05, 6.021380382413165e-05, 0.000102714161331588, -2.412673622111518e-05, -3.67001287972696e-05, 1.6233248911569098e-06], [3.5846483660293254e-06, -3.7573830745065605e-06, -2.412673622111518e-05, 0.00011867454881672738, 0.00012602250295380753, 8.044068763421232e-05], [5.5259871972763396e-06, -5.957281822241343e-06, -3.67001287972696e-05, 0.00012602250295380753, 0.00023125978195661783, 0.00015852249213072425], [1.1719605109594858e-05, 1.270833625072276e-05, 1.6233248911569098e-06, 8.044068763421232e-05, 0.00015852249213072425, 0.00013687281621086746]]</COVARIANCE_MATRIX>
		<ROI_SIZE>192</ROI_SIZE>
		<MAX_VALUE>[0.11275173723697662, 0.11046820133924484, 0.12051977962255478, 0.13670003414154053, 0.06967175751924515, 0.05987651273608208]</MAX_VALUE>
		<MIN_VALUE>[0.09513846784830093, 0.07369322329759598, 0.058522943407297134, 0.07857316732406616, 0.014783883467316628, 0.00613293144851923]</MIN_VALUE>
		<SIGNATURE_THRESHOLD_MD>0</SIGNATURE_THRESHOLD_MD>
		<SIGNATURE_THRESHOLD_ML>0</SIGNATURE_THRESHOLD_ML>
		<SIGNATURE_THRESHOLD_SAM>0</SIGNATURE_THRESHOLD_SAM>
	</signature>
	<signature ID="20210204_153617931052_487">
		<MACROCLASSID>1</MACROCLASSID>
		<MACROCLASSINFO>waterbody</MACROCLASSINFO>
		<CLASSID>14</CLASSID>
		<CLASSINFO>C 1</CLASSINFO>
		<VALUES>[0.09473860807571569, 0.003164712493509879, 0.07287884140413109, 0.005877125227246515, 0.04687047311335721, 0.007562404602582257, 0.03742020880455845, 0.009784155960570012, 0.016027860128785106, 0.01003224774055945, 0.01124020532282034, 0.008779088406682472]</VALUES>
		<LCS_MIN>[0.08104784786701202, 0.058983221650123596, 0.036824051290750504, 0.024321425706148148, 0.0023093665950000286, 0.0]</LCS_MIN>
		<LCS_MAX>[0.10570643097162247, 0.09208070486783981, 0.07712199538946152, 0.07857316732406616, 0.05470234155654907, 0.04912779480218887]</LCS_MAX>
		<WAVELENGTH>[0.485, 0.56, 0.66, 0.83, 1.65, 2.215]</WAVELENGTH>
		<MEAN_VALUE>[0.09473860807571569, 0.07287884140413109, 0.04687047311335721, 0.03742020880455845, 0.016027860128785106, 0.01124020532282034]</MEAN_VALUE>
		<CHECKBOX>2</CHECKBOX>
		<SD>[0.003164712493509879, 0.005877125227246515, 0.007562404602582257, 0.009784155960570012, 0.01003224774055945, 0.008779088406682472]</SD>
		<WAVELENGTH_UNIT>E-6m</WAVELENGTH_UNIT>
		<COLOR>#99ff46</COLOR>
		<COVARIANCE_MATRIX>[[9.969808364462574e-06, 1.2139600265467805e-05, 1.3380464356560284e-05, 4.296836231813071e-06, 6.091263338792126e-06, 6.664156868705124e-06], [1.2139600265467805e-05, 2.875472752730538e-05, 2.9512321517143853e-05, 1.3035422537247658e-05, 1.586214573398241e-05, 1.5878119496743558e-05], [1.3380464356560284e-05, 2.9512321517143853e-05, 4.92614353765171e-05, 4.326573778924278e-05, 4.438355570340341e-05, 3.952208892392886e-05], [4.296836231813071e-06, 1.3035422537247658e-05, 4.326573778924278e-05, 8.996372189794392e-05, 7.71267658519746e-05, 6.106819430067797e-05], [6.091263338792126e-06, 1.586214573398241e-05, 4.438355570340341e-05, 7.71267658519746e-05, 9.096216150645863e-05, 7.008520333637994e-05], [6.664156868705124e-06, 1.5878119496743558e-05, 3.952208892392886e-05, 6.106819430067797e-05, 7.008520333637994e-05, 7.051449682955098e-05]]</COVARIANCE_MATRIX>
		<ROI_SIZE>1660</ROI_SIZE>
		<MAX_VALUE>[0.10570643097162247, 0.09208070486783981, 0.07712199538946152, 0.07857316732406616, 0.05470234155654907, 0.04912779480218887]</MAX_VALUE>
		<MIN_VALUE>[0.08104784786701202, 0.058983221650123596, 0.036824051290750504, 0.024321425706148148, 0.0023093665950000286, 0.0]</MIN_VALUE>
		<SIGNATURE_THRESHOLD_MD>0</SIGNATURE_THRESHOLD_MD>
		<SIGNATURE_THRESHOLD_ML>0</SIGNATURE_THRESHOLD_ML>
		<SIGNATURE_THRESHOLD_SAM>0</SIGNATURE_THRESHOLD_SAM>
	</signature>
	<signature ID="20210204_153633620050_987">
		<MACROCLASSID>1</MACROCLASSID>
		<MACROCLASSINFO>waterbody</MACROCLASSINFO>
		<CLASSID>15</CLASSID>
		<CLASSINFO>C 1</CLASSINFO>
		<VALUES>[0.08992516423157394, 0.0026843247440092814, 0.06447155395454032, 0.003370408364326284, 0.03988354653120039, 0.003449668282538889, 0.04180992138925572, 0.011440617277714057, 0.01724902099026712, 0.009754117355925455, 0.009727039855729114, 0.006258860646638307]</VALUES>
		<LCS_MIN>[0.07928652316331863, 0.047950729727745056, 0.03372420370578766, 0.028196552768349648, 0.0023093665950000286, 0.0]</LCS_MIN>
		<LCS_MAX>[0.10218377411365509, 0.07737071067094803, 0.06782247126102448, 0.08244828879833221, 0.06468195468187332, 0.03837908059358597]</LCS_MAX>
		<WAVELENGTH>[0.485, 0.56, 0.66, 0.83, 1.65, 2.215]</WAVELENGTH>
		<MEAN_VALUE>[0.08992516423157394, 0.06447155395454032, 0.03988354653120039, 0.04180992138925572, 0.01724902099026712, 0.009727039855729114]</MEAN_VALUE>
		<CHECKBOX>2</CHECKBOX>
		<SD>[0.0026843247440092814, 0.003370408364326284, 0.003449668282538889, 0.011440617277714057, 0.009754117355925455, 0.006258860646638307]</SD>
		<WAVELENGTH_UNIT>E-6m</WAVELENGTH_UNIT>
		<COLOR>#adc708</COLOR>
		<COVARIANCE_MATRIX>[[7.691620983590353e-06, 5.740286517087456e-06, 3.2120793207613035e-06, -6.4950477481699255e-06, -1.6670946312207287e-06, 1.4880150805195618e-07], [5.740286517087456e-06, 1.2380004122850522e-05, 5.995645928487449e-06, -6.01834211933158e-06, 5.495210835500549e-07, 2.774187449640908e-06], [3.2120793207613035e-06, 5.995645928487449e-06, 1.1986489864891815e-05, 1.6883703945366907e-05, 1.8841164338221713e-05, 1.2870537013808417e-05], [-6.4950477481699255e-06, -6.01834211933158e-06, 1.6883703945366907e-05, 0.0001366056585147432, 9.889787457743815e-05, 5.429947390144697e-05], [-1.6670946312207287e-06, 5.495210835500549e-07, 1.8841164338221713e-05, 9.889787457743815e-05, 9.847762534834793e-05, 5.384690477687913e-05], [1.4880150805195618e-07, 2.774187449640908e-06, 1.2870537013808417e-05, 5.429947390144697e-05, 5.384690477687913e-05, 4.0836555748069987e-05]]</COVARIANCE_MATRIX>
		<ROI_SIZE>1451</ROI_SIZE>
		<MAX_VALUE>[0.10218377411365509, 0.07737071067094803, 0.06782247126102448, 0.08244828879833221, 0.06468195468187332, 0.03837908059358597]</MAX_VALUE>
		<MIN_VALUE>[0.07928652316331863, 0.047950729727745056, 0.03372420370578766, 0.028196552768349648, 0.0023093665950000286, 0.0]</MIN_VALUE>
		<SIGNATURE_THRESHOLD_MD>0</SIGNATURE_THRESHOLD_MD>
		<SIGNATURE_THRESHOLD_ML>0</SIGNATURE_THRESHOLD_ML>
		<SIGNATURE_THRESHOLD_SAM>0</SIGNATURE_THRESHOLD_SAM>
	</signature>
	<signature ID="20210204_153649882645_306">
		<MACROCLASSID>1</MACROCLASSID>
		<MACROCLASSINFO>waterbody</MACROCLASSINFO>
		<CLASSID>16</CLASSID>
		<CLASSINFO>C 1</CLASSINFO>
		<VALUES>[0.09358731895542942, 0.002915482663984499, 0.07187641323999751, 0.004246668709006542, 0.04971909537235709, 0.004779965635258427, 0.047091251741516835, 0.012800006594368241, 0.022917625542089974, 0.012101948894675736, 0.014095303021273561, 0.009651470607784101]</VALUES>
		<LCS_MIN>[0.07928652316331863, 0.05530573055148125, 0.03372420370578766, 0.03207167237997055, 0.004804269876331091, 0.0]</LCS_MIN>
