<?xml version="1.0" ?>
<signaturelist MCID_LIST="[['1', 'waterbody', '#000000'], ['2', 'vegetation', '#000000'], ['3', 'bareland', '#000000'], ['4', 'built-up', '#000000']]">
	<signature ID="20210203_083613786694_395">
		<MACROCLASSID>1</MACROCLASSID>
		<MACROCLASSINFO>waterbody</MACROCLASSINFO>
		<CLASSID>1</CLASSID>
		<CLASSINFO>C 1</CLASSINFO>
		<VALUES>[0.12190330433563927, 0.002987844923409388, 0.10188267168097619, 0.004300196900919889, 0.07403364471093865, 0.005190439716946407, 0.06699267554236195, 0.013991667489462392, 0.02200719797411771, 0.010666819708397609, 0.011990096643493754, 0.0064666122590569955]</VALUES>
		<LCS_MIN>[0.1141345426440239, 0.093362957239151, 0.06368040293455124, 0.05194377154111862, 0.009195932187139988, 0.0]</LCS_MIN>
		<LCS_MAX>[0.1356334090232849, 0.12443911284208298, 0.09860675036907196, 0.12835147976875305, 0.08181450515985489, 0.06294790655374527]</LCS_MAX>
		<WAVELENGTH>[0.485, 0.56, 0.66, 0.83, 1.65, 2.215]</WAVELENGTH>
		<MEAN_VALUE>[0.12190330433563927, 0.10188267168097619, 0.07403364471093865, 0.06699267554236195, 0.02200719797411771, 0.011990096643493754]</MEAN_VALUE>
		<CHECKBOX>2</CHECKBOX>
		<SD>[0.002987844923409388, 0.004300196900919889, 0.005190439716946407, 0.013991667489462392, 0.010666819708397609, 0.0064666122590569955]</SD>
		<WAVELENGTH_UNIT>E-6m</WAVELENGTH_UNIT>
		<COLOR>#26ae71</COLOR>
		<COVARIANCE_MATRIX>[[6.8897741162102245e-06, 4.9751495052831135e-06, 6.222061858997265e-06, 8.317190087081038e-06, 4.833161948755623e-06, 2.8416753498181187e-06], [4.9751495052831135e-06, 1.2995474661588331e-05, 1.1680198938051616e-05, 1.8250623773159254e-05, 1.085629469922318e-05, 6.191151488734808e-06], [6.222061858997265e-06, 1.1680198938051616e-05, 1.9091066601729385e-05, 3.489762934314083e-05, 2.363665009978622e-05, 1.3334930805262944e-05], [8.317190087081038e-06, 1.8250623773159254e-05, 3.489762934314083e-05, 0.00016784192162471769, 0.00011688772530181022, 6.231908196073701e-05], [4.833161948755623e-06, 1.085629469922318e-05, 2.363665009978622e-05, 0.00011688772530181022, 9.957888570407963e-05, 5.236210751994556e-05], [2.8416753498181187e-06, 6.191151488734808e-06, 1.3334930805262944e-05, 6.231908196073701e-05, 5.236210751994556e-05, 3.610219491003575e-05]]</COVARIANCE_MATRIX>
		<ROI_SIZE>5759</ROI_SIZE>
		<MAX_VALUE>[0.1356334090232849, 0.12443911284208298, 0.09860675036907196, 0.12835147976875305, 0.08181450515985489, 0.06294790655374527]</MAX_VALUE>
		<MIN_VALUE>[0.1141345426440239, 0.093362957239151, 0.06368040293455124, 0.05194377154111862, 0.009195932187139988, 0.0]</MIN_VALUE>
		<SIGNATURE_THRESHOLD_MD>0</SIGNATURE_THRESHOLD_MD>
		<SIGNATURE_THRESHOLD_ML>0</SIGNATURE_THRESHOLD_ML>
		<SIGNATURE_THRESHOLD_SAM>0</SIGNATURE_THRESHOLD_SAM>
	</signature>
	<signature ID="20210203_083623036842_924">
		<MACROCLASSID>1</MACROCLASSID>
		<MACROCLASSINFO>waterbody</MACROCLASSINFO>
		<CLASSID>2</CLASSID>
		<CLASSINFO>C 1</CLASSINFO>
		<VALUES>[0.11182256566805852, 0.002428609312189143, 0.08752470476577884, 0.003813884470075998, 0.06176841031914579, 0.0036653950868622727, 0.07135456937410405, 0.017800234475927386, 0.023987716373300015, 0.012080369500068237, 0.012172542698028171, 0.006516875774032121]</VALUES>
		<LCS_MIN>[0.10255824029445648, 0.07609843462705612, 0.05203830078244209, 0.04830530658364296, 0.006853397469967604, 0.0]</LCS_MIN>
		<LCS_MAX>[0.1207495853304863, 0.10026878118515015, 0.08405411243438721, 0.12835147976875305, 0.08649957925081253, 0.05621972680091858]</LCS_MAX>
		<WAVELENGTH>[0.485, 0.56, 0.66, 0.83, 1.65, 2.215]</WAVELENGTH>
		<MEAN_VALUE>[0.11182256566805852, 0.08752470476577884, 0.06176841031914579, 0.07135456937410405, 0.023987716373300015, 0.012172542698028171]</MEAN_VALUE>
		<CHECKBOX>2</CHECKBOX>
		<SD>[0.002428609312189143, 0.003813884470075998, 0.0036653950868622727, 0.017800234475927386, 0.012080369500068237, 0.006516875774032121]</SD>
		<WAVELENGTH_UNIT>E-6m</WAVELENGTH_UNIT>
		<COLOR>#eaba7a</COLOR>
		<COVARIANCE_MATRIX>[[5.7946661479435006e-06, 4.5756132005274494e-06, 3.9175601193596886e-06, 1.2050087870513794e-06, 2.152887487848571e-06, 1.6760807807247897e-06], [4.5756132005274494e-06, 1.3707272189650685e-05, 9.074648943828141e-06, 1.1644786870152343e-05, 8.902868297141741e-06, 5.32159936768466e-06], [3.9175601193596886e-06, 9.074648943828141e-06, 1.1330403410988772e-05, 1.720624539353417e-05, 1.4318769482134777e-05, 8.320003277787672e-06], [1.2050087870513794e-06, 1.1644786870152343e-05, 1.720624539353417e-05, 0.00029924238260638025, 0.00017613756684904723, 7.74097836918485e-05], [2.152887487848571e-06, 8.902868297141741e-06, 1.4318769482134777e-05, 0.00017613756684904723, 0.0001298194791856813, 5.8947822741217646e-05], [1.6760807807247897e-06, 5.32159936768466e-06, 8.320003277787672e-06, 7.74097836918485e-05, 5.8947822741217646e-05, 3.6296284874386246e-05]]</COVARIANCE_MATRIX>
		<ROI_SIZE>2929</ROI_SIZE>
		<MAX_VALUE>[0.1207495853304863, 0.10026878118515015, 0.08405411243438721, 0.12835147976875305, 0.08649957925081253, 0.05621972680091858]</MAX_VALUE>
		<MIN_VALUE>[0.10255824029445648, 0.07609843462705612, 0.05203830078244209, 0.04830530658364296, 0.006853397469967604, 0.0]</MIN_VALUE>
		<SIGNATURE_THRESHOLD_MD>0</SIGNATURE_THRESHOLD_MD>
		<SIGNATURE_THRESHOLD_ML>0</SIGNATURE_THRESHOLD_ML>
		<SIGNATURE_THRESHOLD_SAM>0</SIGNATURE_THRESHOLD_SAM>
	</signature>
	<signature ID="20210203_083638545592_912">
		<MACROCLASSID>1</MACROCLASSID>
		<MACROCLASSINFO>waterbody</MACROCLASSINFO>
		<CLASSID>3</CLASSID>
		<CLASSINFO>C 1</CLASSINFO>
		<VALUES>[0.1201264438212271, 0.002522331987027857, 0.10535018985726696, 0.0052481444600278255, 0.08063836771739334, 0.006761345294633208, 0.08792480200554353, 0.017972077170050567, 0.038476622194228344, 0.01418637512371874, 0.022613011059650127, 0.008487704341124282]</VALUES>
		<LCS_MIN>[0.1141345426440239, 0.08991006016731262, 0.06950147449970245, 0.06649760901927948, 0.020908605307340622, 0.005758380051702261]</LCS_MIN>
		<LCS_MAX>[0.1323258876800537, 0.1486094743013382, 0.136443629860878, 0.13926686346530914, 0.09586970508098602, 0.07640427350997925]</LCS_MAX>
		<WAVELENGTH>[0.485, 0.56, 0.66, 0.83, 1.65, 2.215]</WAVELENGTH>
		<MEAN_VALUE>[0.1201264438212271, 0.10535018985726696, 0.08063836771739334, 0.08792480200554353, 0.038476622194228344, 0.022613011059650127]</MEAN_VALUE>
		<CHECKBOX>2</CHECKBOX>
		<SD>[0.002522331987027857, 0.0052481444600278255, 0.006761345294633208, 0.017972077170050567, 0.01418637512371874, 0.008487704341124282]</SD>
		<WAVELENGTH_UNIT>E-6m</WAVELENGTH_UNIT>
		<COLOR>#de66ba</COLOR>
		<COVARIANCE_MATRIX>[[6.367550312659199e-06, 8.095411853099969e-06, 1.0535265361908982e-05, 1.3404139742046635e-05, 9.610477280150429e-06, 5.447981788040958e-06], [8.095411853099969e-06, 2.7566361815925033e-05, 3.0402167386820135e-05, 3.709128593065704e-05, 2.5765023425037925e-05, 1.4306638370739852e-05], [1.0535265361908982e-05, 3.0402167386820135e-05, 4.57545323883375e-05, 7.190564099021457e-05, 5.2293099196931365e-05, 2.881858632654758e-05], [1.3404139742046635e-05, 3.709128593065704e-05, 7.190564099021457e-05, 0.0003232692828552401, 0.00022378118566822934, 0.00011651272431793272], [9.610477280150429e-06, 2.5765023425037925e-05, 5.2293099196931365e-05, 0.00022378118566822934, 0.00020142379274336723, 0.00010625984265524596], [5.447981788040958e-06, 1.4306638370739852e-05, 2.881858632654758e-05, 0.00011651272431793272, 0.00010625984265524596, 7.210217678317255e-05]]</COVARIANCE_MATRIX>
		<ROI_SIZE>1181</ROI_SIZE>
		<MAX_VALUE>[0.1323258876800537, 0.1486094743013382, 0.136443629860878, 0.13926686346530914, 0.09586970508098602, 0.07640427350997925]</MAX_VALUE>
		<MIN_VALUE>[0.1141345426440239, 0.08991006016731262, 0.06950147449970245, 0.06649760901927948, 0.020908605307340622, 0.005758380051702261]</MIN_VALUE>
		<SIGNATURE_THRESHOLD_MD>0</SIGNATURE_THRESHOLD_MD>
		<SIGNATURE_THRESHOLD_ML>0</SIGNATURE_THRESHOLD_ML>
		<SIGNATURE_THRESHOLD_SAM>0</SIGNATURE_THRESHOLD_SAM>
	</signature>
	<signature ID="20210203_083648830735_366">
		<MACROCLASSID>1</MACROCLASSID>
		<MACROCLASSINFO>waterbody</MACROCLASSINFO>
		<CLASSID>4</CLASSID>
		<CLASSINFO>C 1</CLASSINFO>
		<VALUES>[0.1234967281872576, 0.0032072735218350206, 0.11008530103963267, 0.0043947939395141316, 0.08544924239481774, 0.005676121520180723, 0.1196612665845343, 0.0239727769995098, 0.05583366520764414, 0.01819511263253475, 0.031475594698274434, 0.010423784292129794]</VALUES>
		<LCS_MIN>[0.1174420565366745, 0.09681586921215057, 0.07241199910640717, 0.09196685254573822, 0.03496381640434265, 0.01921474002301693]</LCS_MIN>
		<LCS_MAX>[0.1405946910381317, 0.12443911284208298, 0.1102488711476326, 0.16837456822395325, 0.10758239030838013, 0.06967607140541077]</LCS_MAX>
		<WAVELENGTH>[0.485, 0.56, 0.66, 0.83, 1.65, 2.215]</WAVELENGTH>
		<MEAN_VALUE>[0.1234967281872576, 0.11008530103963267, 0.08544924239481774, 0.1196612665845343, 0.05583366520764414, 0.031475594698274434]</MEAN_VALUE>
		<CHECKBOX>2</CHECKBOX>
		<SD>[0.0032072735218350206, 0.0043947939395141316, 0.005676121520180723, 0.0239727769995098, 0.01819511263253475, 0.010423784292129794]</SD>
		<WAVELENGTH_UNIT>E-6m</WAVELENGTH_UNIT>
		<COLOR>#5f823d</COLOR>
		<COVARIANCE_MATRIX>[[1.0372325139229574e-05, 8.544559986219706e-06, 9.733034877253722e-06, -1.5005176639714844e-06, 9.306406697145178e-06, 9.33862456133145e-06], [8.544559986219706e-06, 1.947516555221344e-05, 1.700987848376939e-05, 1.4259193764633424e-06, 1.7476177004693465e-05, 1.7351028471570564e-05], [9.733034877253722e-06, 1.700987848376939e-05, 3.248684180779087e-05, 4.8495215697079923e-05, 5.791178208101253e-05, 4.158123313077074e-05], [-1.5005176639714844e-06, 1.4259193764633424e-06, 4.8495215697079923e-05, 0.0005794831540437945, 0.0003928302410720609, 0.0001757779816050777], [9.306406697145178e-06, 1.7476177004693465e-05, 5.791178208101253e-05, 0.0003928302410720609, 0.00033382097474154776, 0.00016969931932895056], [9.33862456133145e-06, 1.7351028471570564e-05, 4.158123313077074e-05, 0.0001757779816050777, 0.00016969931932895056, 0.00010956073962692565]]</COVARIANCE_MATRIX>
		<ROI_SIZE>121</ROI_SIZE>
		<MAX_VALUE>[0.1405946910381317, 0.12443911284208298, 0.1102488711476326, 0.16837456822395325, 0.10758239030838013, 0.06967607140541077]</MAX_VALUE>
		<MIN_VALUE>[0.1174420565366745, 0.09681586921215057, 0.07241199910640717, 0.09196685254573822, 0.03496381640434265, 0.01921474002301693]</MIN_VALUE>
		<SIGNATURE_THRESHOLD_MD>0</SIGNATURE_THRESHOLD_MD>
		<SIGNATURE_THRESHOLD_ML>0</SIGNATURE_THRESHOLD_ML>
		<SIGNATURE_THRESHOLD_SAM>0</SIGNATURE_THRESHOLD_SAM>
	</signature>
	<signature ID="20210203_083656136771_319">
		<MACROCLASSID>1</MACROCLASSID>
		<MACROCLASSINFO>waterbody</MACROCLASSINFO>
		<CLASSID>5</CLASSID>
		<CLASSINFO>C 1</CLASSINFO>
		<VALUES>[0.11396367397035617, 0.0020119529305271736, 0.09294249667232773, 0.002758670611150241, 0.07017808828186724, 0.002729599054880944, 0.09684051584273691, 0.016605664727443376, 0.039017866382794635, 0.01209400805513397, 0.021598153283675217, 0.006777560641365526]</VALUES>
		<LCS_MIN>[0.10751949995756149, 0.08645714819431305, 0.060769885778427124, 0.0737745389342308, 0.025593673810362816, 0.009122471325099468]</LCS_MIN>
		<LCS_MAX>[0.1207495853304863, 0.10372167825698853, 0.08405411243438721, 0.15018226206302643, 0.09586970508098602, 0.06294790655374527]</LCS_MAX>
		<WAVELENGTH>[0.485, 0.56, 0.66, 0.83, 1.65, 2.215]</WAVELENGTH>
		<MEAN_VALUE>[0.11396367397035617, 0.09294249667232773, 0.07017808828186724, 0.09684051584273691, 0.039017866382794635, 0.021598153283675217]</MEAN_VALUE>
		<CHECKBOX>2</CHECKBOX>
		<SD>[0.0020119529305271736, 0.002758670611150241, 0.002729599054880944, 0.016605664727443376, 0.01209400805513397, 0.006777560641365526]</SD>
		<WAVELENGTH_UNIT>E-6m</WAVELENGTH_UNIT>
		<COLOR>#303bec</COLOR>
		<COVARIANCE_MATRIX>[[4.062947019081566e-06, 2.5292366054556935e-06, 2.5048719729411797e-06, 2.1729789145012717e-06, 2.8618388144867134e-06, 2.057171011956648e-06], [2.5292366054556935e-06, 7.638449702086286e-06, 4.23101779508354e-06, 1.3782511064138594e-05, 1.0338688655869023e-05, 5.910335731618184e-06], [2.5048719729411797e-06, 4.23101779508354e-06, 7.478306226334401e-06, 1.2221953962225532e-05, 1.1261597328889354e-05, 7.302309364402188e-06], [2.1729789145012717e-06, 1.3782511064138594e-05, 1.2221953962225532e-05, 0.00027676939030336884, 0.0001795490347896063, 8.662460491589442e-05], [2.8618388144867134e-06, 1.0338688655869023e-05, 1.1261597328889354e-05, 0.0001795490347896063, 0.00014680675317408113, 6.837700621045092e-05], [2.057171011956648e-06, 5.910335731618184e-06, 7.302309364402188e-06, 8.662460491589442e-05, 6.837700621045092e-05, 4.610545909274782e-05]]</COVARIANCE_MATRIX>
		<ROI_SIZE>271</ROI_SIZE>
		<MAX_VALUE>[0.1207495853304863, 0.10372167825698853, 0.08405411243438721, 0.15018226206302643, 0.09586970508098602, 0.06294790655374527]</MAX_VALUE>
		<MIN_VALUE>[0.10751949995756149, 0.08645714819431305, 0.060769885778427124, 0.0737745389342308, 0.025593673810362816, 0.009122471325099468]</MIN_VALUE>
		<SIGNATURE_THRESHOLD_MD>0</SIGNATURE_THRESHOLD_MD>
		<SIGNATURE_THRESHOLD_ML>0</SIGNATURE_THRESHOLD_ML>
		<SIGNATURE_THRESHOLD_SAM>0</SIGNATURE_THRESHOLD_SAM>
	</signature>
	<signature ID="20210203_083718224064_987">
		<MACROCLASSID>1</MACROCLASSID>
		<MACROCLASSINFO>waterbody</MACROCLASSINFO>
		<CLASSID>6</CLASSID>
		<CLASSINFO>C 1</CLASSINFO>
		<VALUES>[0.1287114833740846, 0.002590411765364462, 0.11257642806472427, 0.0033200779707893086, 0.08425664987504682, 0.00479051668900491, 0.08599027318566323, 0.01578180915730834, 0.03262127733619766, 0.013557355507242323, 0.01873209114951365, 0.008922931500823182]</VALUES>
		<LCS_MIN>[0.1207495853304863, 0.10372167825698853, 0.07532252371311188, 0.0737745389342308, 0.01622353494167328, 0.005758380051702261]</LCS_MIN>
		<LCS_MAX>[0.1405946910381317, 0.13134491443634033, 0.1102488711476326, 0.15018226206302643, 0.09118463844060898, 0.06967607140541077]</LCS_MAX>
		<WAVELENGTH>[0.485, 0.56, 0.66, 0.83, 1.65, 2.215]</WAVELENGTH>
		<MEAN_VALUE>[0.1287114833740846, 0.11257642806472427, 0.08425664987504682, 0.08599027318566323, 0.03262127733619766, 0.01873209114951365]</MEAN_VALUE>
		<CHECKBOX>2</CHECKBOX>
		<SD>[0.002590411765364462, 0.0033200779707893086, 0.00479051668900491, 0.01578180915730834, 0.013557355507242323, 0.008922931500823182]</SD>
		<WAVELENGTH_UNIT>E-6m</WAVELENGTH_UNIT>
		<COLOR>#89b1f3</COLOR>
		<COVARIANCE_MATRIX>[[6.716002876059955e-06, 3.99138998507381e-06, 5.752930906895111e-06, 7.373698724202006e-06, 7.751313275988835e-06, 5.993976817801244e-06], [3.99138998507381e-06, 1.1032395735329465e-05, 1.0933617699750263e-05, 1.5633286067551538e-05, 1.5266010823567492e-05, 1.076951666141737e-05], [5.752930906895111e-06, 1.0933617699750263e-05, 2.296878277888785e-05, 4.426293505238519e-05, 4.145328223440076e-05, 2.7013327422856467e-05], [7.373698724202006e-06, 1.5633286067551538e-05, 4.426293505238519e-05, 0.0002492796580595395, 0.00019410671167736045, 0.00011194687577966315], [7.751313275988835e-06, 1.5266010823567492e-05, 4.145328223440076e-05, 0.00019410671167736045, 0.00018395992952632267, 0.0001090259480965816], [5.993976817801244e-06, 1.076951666141737e-05, 2.7013327422856467e-05, 0.00011194687577966315, 0.0001090259480965816, 7.96871663332738e-05]]</COVARIANCE_MATRIX>
		<ROI_SIZE>1164</ROI_SIZE>
		<MAX_VALUE>[0.1405946910381317, 0.13134491443634033, 0.1102488711476326, 0.15018226206302643, 0.09118463844060898, 0.06967607140541077]</MAX_VALUE>
		<MIN_VALUE>[0.1207495853304863, 0.10372167825698853, 0.07532252371311188, 0.0737745389342308, 0.01622353494167328, 0.005758380051702261]</MIN_VALUE>
		<SIGNATURE_THRESHOLD_MD>0</SIGNATURE_THRESHOLD_MD>
		<SIGNATURE_THRESHOLD_ML>0</SIGNATURE_THRESHOLD_ML>
		<SIGNATURE_THRESHOLD_SAM>0</SIGNATURE_THRESHOLD_SAM>
	</signature>
	<signature ID="20210203_083728632888_438">
		<MACROCLASSID>1</MACROCLASSID>
		<MACROCLASSINFO>waterbody</MACROCLASSINFO>
		<CLASSID>7</CLASSID>
		<CLASSINFO>C 1</CLASSINFO>
		<VALUES>[0.14447335653083848, 0.002473130386210001, 0.12863955808054536, 0.003164123587438932, 0.10474286343633514, 0.004077346380479793, 0.12837023537644413, 0.01998167591287544, 0.05796653491243258, 0.016561390783456396, 0.03274046041109819, 0.010483291465273194]</VALUES>
		<LCS_MIN>[0.1389409303665161, 0.120986208319664, 0.09569622576236725, 0.10288224369287491, 0.03496381640434265, 0.015850650146603584]</LCS_MIN>
		<LCS_MAX>[0.15051725506782532, 0.1347978264093399, 0.11898045986890793, 0.17565149068832397, 0.10758239030838013, 0.06294790655374527]</LCS_MAX>
		<WAVELENGTH>[0.485, 0.56, 0.66, 0.83, 1.65, 2.215]</WAVELENGTH>
		<MEAN_VALUE>[0.14447335653083848, 0.12863955808054536, 0.10474286343633514, 0.12837023537644413, 0.05796653491243258, 0.03274046041109819]</MEAN_VALUE>
		<CHECKBOX>2</CHECKBOX>
		<SD>[0.002473130386210001, 0.003164123587438932, 0.004077346380479793, 0.01998167591287544, 0.016561390783456396, 0.010483291465273194]</SD>
		<WAVELENGTH_UNIT>E-6m</WAVELENGTH_UNIT>
		<COLOR>#e118f9</COLOR>
		<COVARIANCE_MATRIX>[[6.148064963709123e-06, 3.624242582867395e-06, 5.954232010031488e-06, 1.308354058768912e-05, 1.1282500129972299e-05, 8.262038893065307e-06], [3.624242582867395e-06, 1.0063552056259046e-05, 9.031952297366198e-06, 2.4201059352174313e-05, 2.0350301308759796e-05, 1.348968842953639e-05], [5.954232010031488e-06, 9.031952297366198e-06, 1.6710892125615943e-05, 3.9774567647588875e-05, 3.3552691086354254e-05, 2.2097186199027173e-05], [1.308354058768912e-05, 2.4201059352174313e-05, 3.9774567647588875e-05, 0.00040133611514877796, 0.0002999548085303521, 0.00017852679463828367], [1.1282500129972299e-05, 2.0350301308759796e-05, 3.3552691086354254e-05, 0.0002999548085303521, 0.00027570080284133045, 0.00016155923205020064], [8.262038893065307e-06, 1.348968842953639e-05, 2.2097186199027173e-05, 0.00017852679463828367, 0.00016155923205020064, 0.00011046882688859475]]</COVARIANCE_MATRIX>
		<ROI_SIZE>194</ROI_SIZE>
		<MAX_VALUE>[0.15051725506782532, 0.1347978264093399, 0.11898045986890793, 0.17565149068832397, 0.10758239030838013, 0.06294790655374527]</MAX_VALUE>
		<MIN_VALUE>[0.1389409303665161, 0.120986208319664, 0.09569622576236725, 0.10288224369287491, 0.03496381640434265, 0.015850650146603584]</MIN_VALUE>
		<SIGNATURE_THRESHOLD_MD>0</SIGNATURE_THRESHOLD_MD>
		<SIGNATURE_THRESHOLD_ML>0</SIGNATURE_THRESHOLD_ML>
		<SIGNATURE_THRESHOLD_SAM>0</SIGNATURE_THRESHOLD_SAM>
	</signature>
	<signature ID="20210203_083744691050_352">
		<MACROCLASSID>1</MACROCLASSID>
		<MACROCLASSINFO>waterbody</MACROCLASSINFO>
		<CLASSID>8</CLASSID>
		<CLASSINFO>C 1</CLASSINFO>
		<VALUES>[0.1433255163522867, 0.002422103129597916, 0.1283701166128502, 0.0033473612071838457, 0.09686043709516527, 0.00517638432454479, 0.10435628336973679, 0.014434399473907691, 0.04987194192333098, 0.01633769413749502, 0.030618140387993587, 0.011968955121100869]</VALUES>
		<LCS_MIN>[0.1356334090232849, 0.11753331124782562, 0.08987516909837723, 0.09196685254573822, 0.03496381640434265, 0.015850650146603584]</LCS_MIN>
		<LCS_MAX>[0.15051725506782532, 0.13825075328350067, 0.12189097702503204, 0.16473610699176788, 0.10758239030838013, 0.07640427350997925]</LCS_MAX>
		<WAVELENGTH>[0.485, 0.56, 0.66, 0.83, 1.65, 2.215]</WAVELENGTH>
		<MEAN_VALUE>[0.1433255163522867, 0.1283701166128502, 0.09686043709516527, 0.10435628336973679, 0.04987194192333098, 0.030618140387993587]</MEAN_VALUE>
		<CHECKBOX>2</CHECKBOX>
		<SD>[0.002422103129597916, 0.0033473612071838457, 0.00517638432454479, 0.014434399473907691, 0.01633769413749502, 0.011968955121100869]</SD>
		<WAVELENGTH_UNIT>E-6m</WAVELENGTH_UNIT>
		<COLOR>#2b45bb</COLOR>
		<COVARIANCE_MATRIX>[[5.896823691904966e-06, 3.720961166850296e-06, 3.949896089424998e-06, 4.049127679723723e-06, 7.783108027635048e-06, 6.868290851999384e-06], [3.720961166850296e-06, 1.1262583891830099e-05, 8.3506277002004e-06, 6.156079423518527e-06, 1.3057118301029145e-05, 1.1824054655439577e-05], [3.949896089424998e-06, 8.3506277002004e-06, 2.6933072998462057e-05, 5.733799965892533e-05, 6.777945573629857e-05, 4.797724640571712e-05], [4.049127679723723e-06, 6.156079423518527e-06, 5.733799965892533e-05, 0.00020942586697735886, 0.0002133106466467059, 0.00014525422225705807], [7.783108027635048e-06, 1.3057118301029145e-05, 6.777945573629857e-05, 0.0002133106466467059, 0.00026829612730626867, 0.0001837832536605763], [6.868290851999384e-06, 1.1824054655439577e-05, 4.797724640571712e-05, 0.00014525422225705807, 0.0001837832536605763, 0.00014399431909654987]]</COVARIANCE_MATRIX>
		<ROI_SIZE>195</ROI_SIZE>
		<MAX_VALUE>[0.15051725506782532, 0.13825075328350067, 0.12189097702503204, 0.16473610699176788, 0.10758239030838013, 0.07640427350997925]</MAX_VALUE>
		<MIN_VALUE>[0.1356334090232849, 0.11753331124782562, 0.08987516909837723, 0.09196685254573822, 0.03496381640434265, 0.015850650146603584]</MIN_VALUE>
		<SIGNATURE_THRESHOLD_MD>0</SIGNATURE_THRESHOLD_MD>
		<SIGNATURE_THRESHOLD_ML>0</SIGNATURE_THRESHOLD_ML>
		<SIGNATURE_THRESHOLD_SAM>0</SIGNATURE_THRESHOLD_SAM>
	</signature>
	<signature ID="20210203_083856570681_410">
		<MACROCLASSID>1</MACROCLASSID>
		<MACROCLASSINFO>waterbody</MACROCLASSINFO>
		<CLASSID>9</CLASSID>
		<CLASSINFO>C 1</CLASSINFO>
		<VALUES>[0.13673591613769545, 0.0027149343439645092, 0.11691767410483471, 0.003053752534519745, 0.09188320955564808, 0.004160514067907236, 0.11412198763600617, 0.019730663976877907, 0.05351341644287569, 0.017430935162647352, 0.030689153329346523, 0.01075393646249466]</VALUES>
		<LCS_MIN>[0.1306721270084381, 0.1071745827794075, 0.0811435878276825, 0.09196685254573822, 0.03027874231338501, 0.015850650146603584]</LCS_MIN>
		<LCS_MAX>[0.14390221238136292, 0.12789203226566315, 0.1102488711476326, 0.16473610699176788, 0.10289731621742249, 0.08986061811447144]</LCS_MAX>
		<WAVELENGTH>[0.485, 0.56, 0.66, 0.83, 1.65, 2.215]</WAVELENGTH>
		<MEAN_VALUE>[0.13673591613769545, 0.11691767410483471, 0.09188320955564808, 0.11412198763600617, 0.05351341644287569, 0.030689153329346523]</MEAN_VALUE>
		<CHECKBOX>2</CHECKBOX>
		<SD>[0.0027149343439645092, 0.003053752534519745, 0.004160514067907236, 0.019730663976877907, 0.017430935162647352, 0.01075393646249466]</SD>
		<WAVELENGTH_UNIT>E-6m</WAVELENGTH_UNIT>
		<COLOR>#6da7e9</COLOR>
		<COVARIANCE_MATRIX>[[7.399548914186068e-06, 4.836333544744204e-06, 5.006847590716594e-06, -1.2416705649929281e-05, -5.441676411526123e-06, 1.7606605963785256e-06], [4.836333544744204e-06, 9.361690162872093e-06, 7.927844572626328e-06, -1.7886752177544077e-05, -7.514006442953013e-06, 2.933302298582799e-06], [5.006847590716594e-06, 7.927844572626328e-06, 1.7377230917461185e-05, 1.4138954353020405e-05, 2.532182988061669e-05, 2.342545755896796e-05], [-1.2416705649929281e-05, -1.7886752177544077e-05, 1.4138954353020405e-05, 0.00039081388346250774, 0.00031220447504196443, 0.0001542897776142971], [-5.441676411526123e-06, -7.514006442953013e-06, 2.532182988061669e-05, 0.00031220447504196443, 0.0003050197477286363, 0.00016688953316720484], [1.7606605963785256e-06, 2.933302298582799e-06, 2.342545755896796e-05, 0.0001542897776142971, 0.00016688953316720484, 0.0001160971383476965]]</COVARIANCE_MATRIX>
		<ROI_SIZE>258</ROI_SIZE>
		<MAX_VALUE>[0.14390221238136292, 0.12789203226566315, 0.1102488711476326, 0.16473610699176788, 0.10289731621742249, 0.08986061811447144]</MAX_VALUE>
		<MIN_VALUE>[0.1306721270084381, 0.1071745827794075, 0.0811435878276825, 0.09196685254573822, 0.03027874231338501, 0.015850650146603584]</MIN_VALUE>
		<SIGNATURE_THRESHOLD_MD>0</SIGNATURE_THRESHOLD_MD>
		<SIGNATURE_THRESHOLD_ML>0</SIGNATURE_THRESHOLD_ML>
		<SIGNATURE_THRESHOLD_SAM>0</SIGNATURE_THRESHOLD_SAM>
	</signature>
	<signature ID="20210203_083907186929_790">
		<MACROCLASSID>1</MACROCLASSID>
		<MACROCLASSINFO>waterbody</MACROCLASSINFO>
		<CLASSID>10</CLASSID>
		<CLASSINFO>C 1</CLASSINFO>
		<VALUES>[0.14565409478652028, 0.002201123999312627, 0.12141302131733436, 0.002492760186691663, 0.08595009448354426, 0.0034133968333768523, 0.09538943779151735, 0.011014743030867195, 0.030025378547664152, 0.011199641298950784, 0.016204707851755453, 0.008321086674858253]</VALUES>
		<LCS_MIN>[0.1372871696949005, 0.11408039927482605, 0.07823304831981659, 0.08468993008136749, 0.01622353494167328, 0.0]</LCS_MIN>
		<LCS_MAX>[0.15382476150989532, 0.13134491443634033, 0.1073383241891861, 0.15745918452739716, 0.0935271680355072, 0.06967607140541077]</LCS_MAX>
		<WAVELENGTH>[0.485, 0.56, 0.66, 0.83, 1.65, 2.215]</WAVELENGTH>
		<MEAN_VALUE>[0.14565409478652028, 0.12141302131733436, 0.08595009448354426, 0.09538943779151735, 0.030025378547664152, 0.016204707851755453]</MEAN_VALUE>
		<CHECKBOX>2</CHECKBOX>
		<SD>[0.002201123999312627, 0.002492760186691663, 0.0034133968333768523, 0.011014743030867195, 0.011199641298950784, 0.008321086674858253]</SD>
		<WAVELENGTH_UNIT>E-6m</WAVELENGTH_UNIT>
		<COLOR>#8ec92e</COLOR>
		<COVARIANCE_MATRIX>[[4.847943116911743e-06, 1.1163937112527493e-06, 1.412845601840053e-07, -3.811620052535539e-06, -4.201296603091843e-06, -2.2893262740255046e-06], [1.1163937112527493e-06, 6.217696176647143e-06, 2.614780561956835e-06, 4.031329165088144e-06, 3.034494896604761e-06, 2.73660112909783e-06], [1.412845601840053e-07, 2.614780561956835e-06, 1.1658483432485614e-05, 2.5282924553431755e-05, 2.6276960635675496e-05, 1.9461876448987922e-05], [-3.811620052535539e-06, 4.031329165088144e-06, 2.5282924553431755e-05, 0.00012139959468788396, 0.00011443162079041304, 7.700997329977919e-05], [-4.201296603091843e-06, 3.034494896604761e-06, 2.6276960635675496e-05, 0.00011443162079041304, 0.0001255095360138003, 8.342007779071992e-05], [-2.2893262740255046e-06, 2.73660112909783e-06, 1.9461876448987922e-05, 7.700997329977919e-05, 8.342007779071992e-05, 6.928330378658917e-05]]</COVARIANCE_MATRIX>
		<ROI_SIZE>1618</ROI_SIZE>
		<MAX_VALUE>[0.15382476150989532, 0.13134491443634033, 0.1073383241891861, 0.15745918452739716, 0.0935271680355072, 0.06967607140541077]</MAX_VALUE>
		<MIN_VALUE>[0.1372871696949005, 0.11408039927482605, 0.07823304831981659, 0.08468993008136749, 0.01622353494167328, 0.0]</MIN_VALUE>
		<SIGNATURE_THRESHOLD_MD>0</SIGNATURE_THRESHOLD_MD>
		<SIGNATURE_THRESHOLD_ML>0</SIGNATURE_THRESHOLD_ML>
		<SIGNATURE_THRESHOLD_SAM>0</SIGNATURE_THRESHOLD_SAM>
	</signature>
	<signature ID="20210203_083919779923_226">
		<MACROCLASSID>1</MACROCLASSID>
		<MACROCLASSINFO>waterbody</MACROCLASSINFO>
		<CLASSID>11</CLASSID>
		<CLASSINFO>C 1</CLASSINFO>
		<VALUES>[0.16098096569670092, 0.0031279203947549086, 0.13929217605473873, 0.004728537308519893, 0.1106132120603087, 0.008859764137495025, 0.11090497170761772, 0.01467672520166497, 0.04312838557125844, 0.014756969315721808, 0.026159638456460285, 0.01157305324798435]</VALUES>
		<LCS_MIN>[0.14886349439620972, 0.12789203226566315, 0.09860675036907196, 0.09560531377792358, 0.025593673810362816, 0.009122471325099468]</LCS_MIN>
		<LCS_MAX>[0.17366987466812134, 0.15896816551685333, 0.14517521858215332, 0.16837456822395325, 0.10289731621742249, 0.08313245326280594]</LCS_MAX>
		<WAVELENGTH>[0.485, 0.56, 0.66, 0.83, 1.65, 2.215]</WAVELENGTH>
		<MEAN_VALUE>[0.16098096569670092, 0.13929217605473873, 0.1106132120603087, 0.11090497170761772, 0.04312838557125844, 0.026159638456460285]</MEAN_VALUE>
		<CHECKBOX>2</CHECKBOX>
		<SD>[0.0031279203947549086, 0.004728537308519893, 0.008859764137495025, 0.01467672520166497, 0.014756969315721808, 0.01157305324798435]</SD>
		<WAVELENGTH_UNIT>E-6m</WAVELENGTH_UNIT>
		<COLOR>#65ce59</COLOR>
		<COVARIANCE_MATRIX>[[1.1139024261554404e-05, 1.112273824538617e-05, 1.7056363567406724e-05, 1.8812071008563967e-05, 1.8320624984908262e-05, 1.5400018534825657e-05], [1.112273824538617e-05, 2.3333558713653035e-05, 3.413239782466749e-05, 4.269117299166004e-05, 4.0566574384135575e-05, 3.2792186418162605e-05], [1.7056363567406724e-05, 3.413239782466749e-05, 7.931312146660689e-05, 0.00010190638411928751, 9.561079777451594e-05, 7.369384888081747e-05], [1.8812071008563967e-05, 4.269117299166004e-05, 0.00010190638411928751, 0.00021977631334464163, 0.0002019616110913972, 0.00014333971765800998], [1.8320624984908262e-05, 4.0566574384135575e-05, 9.561079777451594e-05, 0.0002019616110913972, 0.0002259315129170368, 0.00016430407884694359], [1.5400018534825657e-05, 3.2792186418162605e-05, 7.369384888081747e-05, 0.00014333971765800998, 0.00016430407884694359, 0.00013767739823596014]]</COVARIANCE_MATRIX>
		<ROI_SIZE>2077</ROI_SIZE>
		<MAX_VALUE>[0.17366987466812134, 0.15896816551685333, 0.14517521858215332, 0.16837456822395325, 0.10289731621742249, 0.08313245326280594]</MAX_VALUE>
		<MIN_VALUE>[0.14886349439620972, 0.12789203226566315, 0.09860675036907196, 0.09560531377792358, 0.025593673810362816, 0.009122471325099468]</MIN_VALUE>
		<SIGNATURE_THRESHOLD_MD>0</SIGNATURE_THRESHOLD_MD>
		<SIGNATURE_THRESHOLD_ML>0</SIGNATURE_THRESHOLD_ML>
		<SIGNATURE_THRESHOLD_SAM>0</SIGNATURE_THRESHOLD_SAM>
	</signature>
	<signature ID="20210203_083929900465_758">
		<MACROCLASSID>1</MACROCLASSID>
		<MACROCLASSINFO>waterbody</MACROCLASSINFO>
		<CLASSID>12</CLASSID>
		<CLASSINFO>C 1</CLASSINFO>
		<VALUES>[0.13942652212203052, 0.003223861461413412, 0.12063709514375529, 0.005184327471787725, 0.09381768568689804, 0.006372624130295963, 0.10436383223063073, 0.017789889133231575, 0.04725076269533825, 0.01784949791473962, 0.027983737183306517, 0.011356740937936441]</VALUES>
		<LCS_MIN>[0.1323258876800537, 0.11062749475240707, 0.0811435878276825, 0.08105146139860153, 0.025593673810362816, 0.009122471325099468]</LCS_MIN>
		<LCS_MAX>[0.15547852218151093, 0.14515654742717743, 0.12771204113960266, 0.16109763085842133, 0.10055477917194366, 0.08313245326280594]</LCS_MAX>
		<WAVELENGTH>[0.485, 0.56, 0.66, 0.83, 1.65, 2.215]</WAVELENGTH>
		<MEAN_VALUE>[0.13942652212203052, 0.12063709514375529, 0.09381768568689804, 0.10436383223063073, 0.04725076269533825, 0.027983737183306517]</MEAN_VALUE>
		<CHECKBOX>2</CHECKBOX>
		<SD>[0.003223861461413412, 0.005184327471787725, 0.006372624130295963, 0.017789889133231575, 0.01784949791473962, 0.011356740937936441]</SD>
		<WAVELENGTH_UNIT>E-6m</WAVELENGTH_UNIT>
		<COLOR>#489505</COLOR>
		<COVARIANCE_MATRIX>[[1.040769781631487e-05, 1.1978397430578208e-05, 1.3404055447644208e-05, 1.1080169906924964e-05, 1.0311090476996907e-05, 8.745497976445717e-06], [1.1978397430578208e-05, 2.6914529075835887e-05, 2.4851012507864495e-05, 1.6618469214043117e-05, 1.4807282242429043e-05, 1.3940439514792437e-05], [1.3404055447644208e-05, 2.4851012507864495e-05, 4.066666332448529e-05, 6.465174548962583e-05, 6.144948034905445e-05, 4.216220901241139e-05], [1.1080169906924964e-05, 1.6618469214043117e-05, 6.465174548962583e-05, 0.0003169191014966274, 0.0002862895861912909, 0.00016371611420699995], [1.0311090476996907e-05, 1.4807282242429043e-05, 6.144948034905445e-05, 0.0002862895861912909, 0.0003190464684238396, 0.0001872697016337707], [8.745497976445717e-06, 1.3940439514792437e-05, 4.216220901241139e-05, 0.00016371611420699995, 0.0001872697016337707, 0.00012915444900980842]]</COVARIANCE_MATRIX>
		<ROI_SIZE>722</ROI_SIZE>
		<MAX_VALUE>[0.15547852218151093, 0.14515654742717743, 0.12771204113960266, 0.16109763085842133, 0.10055477917194366, 0.08313245326280594]</MAX_VALUE>
		<MIN_VALUE>[0.1323258876800537, 0.11062749475240707, 0.0811435878276825, 0.08105146139860153, 0.025593673810362816, 0.009122471325099468]</MIN_VALUE>
		<SIGNATURE_THRESHOLD_MD>0</SIGNATURE_THRESHOLD_MD>
		<SIGNATURE_THRESHOLD_ML>0</SIGNATURE_THRESHOLD_ML>
		<SIGNATURE_THRESHOLD_SAM>0</SIGNATURE_THRESHOLD_SAM>
	</signature>
	<signature ID="20210203_083940211750_795">
		<MACROCLASSID>1</MACROCLASSID>
		<MACROCLASSINFO>waterbody</MACROCLASSINFO>
		<CLASSID>13</CLASSID>
		<CLASSINFO>C 1</CLASSINFO>
		<VALUES>[0.13693279240812561, 0.0034004356354643476, 0.11658786818207732, 0.005092337363896262, 0.09514183914732365, 0.007050737241726491, 0.10335870770116648, 0.018285459907804287, 0.04324634542821772, 0.01802398924867174, 0.025742674972640264, 0.01335435959290113]</VALUES>
		<LCS_MIN>[0.1290183663368225, 0.1071745827794075, 0.08405411243438721, 0.08105146139860153, 0.023251138627529144, 0.009122471325099468]</LCS_MIN>
		<LCS_MAX>[0.14886349439620972, 0.1347978264093399, 0.12480150163173676, 0.15745918452739716, 0.09821224212646484, 0.06967607140541077]</LCS_MAX>
		<WAVELENGTH>[0.485, 0.56, 0.66, 0.83, 1.65, 2.215]</WAVELENGTH>
		<MEAN_VALUE>[0.13693279240812561, 0.11658786818207732, 0.09514183914732365, 0.10335870770116648, 0.04324634542821772, 0.025742674972640264]</MEAN_VALUE>
		<CHECKBOX>2</CHECKBOX>
		<SD>[0.0034004356354643476, 0.005092337363896262, 0.007050737241726491, 0.018285459907804287, 0.01802398924867174, 0.01335435959290113]</SD>
		<WAVELENGTH_UNIT>E-6m</WAVELENGTH_UNIT>
		<COLOR>#9b91f2</COLOR>
		<COVARIANCE_MATRIX>[[1.1632201807408812e-05, 1.2758980293985512e-05, 1.8075668586935146e-05, 1.3861568337474127e-05, 2.2786624936948712e-05, 2.164918799251289e-05], [1.2758980293985512e-05, 2.608718066502579e-05, 3.154775540161558e-05, 2.6933825563545417e-05, 3.7180343068479474e-05, 3.410074023917086e-05], [1.8075668586935146e-05, 3.154775540161558e-05, 5.001057766176021e-05, 4.738102799042797e-05, 6.29601595829538e-05, 5.418005902966245e-05], [1.3861568337474127e-05, 2.6933825563545417e-05, 4.738102799042797e-05, 0.0003363601880162046, 0.0002995486906083506, 0.0001905140401216206], [2.2786624936948712e-05, 3.7180343068479474e-05, 6.29601595829538e-05, 0.0002995486906083506, 0.00032680948297776884, 0.0002243986381938905], [2.164918799251289e-05, 3.410074023917086e-05, 5.418005902966245e-05, 0.0001905140401216206, 0.0002243986381938905, 0.00017940681786187895]]</COVARIANCE_MATRIX>
		<ROI_SIZE>168</ROI_SIZE>
		<MAX_VALUE>[0.14886349439620972, 0.1347978264093399, 0.12480150163173676, 0.15745918452739716, 0.09821224212646484, 0.06967607140541077]</MAX_VALUE>
		<MIN_VALUE>[0.1290183663368225, 0.1071745827794075, 0.08405411243438721, 0.08105146139860153, 0.023251138627529144, 0.009122471325099468]</MIN_VALUE>
		<SIGNATURE_THRESHOLD_MD>0</SIGNATURE_THRESHOLD_MD>
		<SIGNATURE_THRESHOLD_ML>0</SIGNATURE_THRESHOLD_ML>
		<SIGNATURE_THRESHOLD_SAM>0</SIGNATURE_THRESHOLD_SAM>
	</signature>
	<signature ID="20210203_083945908645_911">
		<MACROCLASSID>1</MACROCLASSID>
		<MACROCLASSINFO>waterbody</MACROCLASSINFO>
		<CLASSID>14</CLASSID>
		<CLASSINFO>C 1</CLASSINFO>
		<VALUES>[0.13322220071581478, 0.002681906629068459, 0.10828162519303897, 0.00505291762724645, 0.08716460186561552, 0.005515201197734028, 0.12696275348199237, 0.0292754551864528, 0.0596230117078046, 0.02340625412592714, 0.03439166302302185, 0.014079849362980594]</VALUES>
		<LCS_MIN>[0.1273646056652069, 0.10026878118515015, 0.07823304831981659, 0.08832839876413345, 0.027936208993196487, 0.012486561201512814]</LCS_MIN>
		<LCS_MAX>[0.14224845170974731, 0.120986208319664, 0.10442780703306198, 0.17928995192050934, 0.10992491245269775, 0.06631199270486832]</LCS_MAX>
		<WAVELENGTH>[0.485, 0.56, 0.66, 0.83, 1.65, 2.215]</WAVELENGTH>
		<MEAN_VALUE>[0.13322220071581478, 0.10828162519303897, 0.08716460186561552, 0.12696275348199237, 0.0596230117078046, 0.03439166302302185]</MEAN_VALUE>
		<CHECKBOX>2</CHECKBOX>
		<SD>[0.002681906629068459, 0.00505291762724645, 0.005515201197734028, 0.0292754551864528, 0.02340625412592714, 0.014079849362980594]</SD>
		<WAVELENGTH_UNIT>E-6m</WAVELENGTH_UNIT>
		<COLOR>#e55cdc</COLOR>
		<COVARIANCE_MATRIX>[[7.247951037557096e-06, 7.829087357036643e-06, 9.075772655527558e-06, 3.02754693815649e-05, 3.092050267312536e-05, 2.1255910522461545e-05], [7.829087357036643e-06, 2.57283763673359e-05, 2.3509882687211756e-05, 0.0001143287324822912, 9.637062493417127e-05, 6.018094838365274e-05], [9.075772655527558e-06, 2.3509882687211756e-05, 3.065142459188292e-05, 0.0001124507563682735, 9.87174570664913e-05, 6.600804925776098e-05], [3.02754693815649e-05, 0.0001143287324822912, 0.0001124507563682735, 0.0008636449861922683, 0.0006239876096854604, 0.00034710825673825565], [3.092050267312536e-05, 9.637062493417127e-05, 9.87174570664913e-05, 0.0006239876096854604, 0.0005520669839936926, 0.0003086554085952194], [2.1255910522461545e-05, 6.018094838365274e-05, 6.600804925776098e-05, 0.00034710825673825565, 0.0003086554085952194, 0.00019976709776179605]]</COVARIANCE_MATRIX>
		<ROI_SIZE>131</ROI_SIZE>
		<MAX_VALUE>[0.14224845170974731, 0.120986208319664, 0.10442780703306198, 0.17928995192050934, 0.10992491245269775, 0.06631199270486832]</MAX_VALUE>
		<MIN_VALUE>[0.1273646056652069, 0.10026878118515015, 0.07823304831981659, 0.08832839876413345, 0.027936208993196487, 0.012486561201512814]</MIN_VALUE>
		<SIGNATURE_THRESHOLD_MD>0</SIGNATURE_THRESHOLD_MD>
		<SIGNATURE_THRESHOLD_ML>0</SIGNATURE_THRESHOLD_ML>
		<SIGNATURE_THRESHOLD_SAM>0</SIGNATURE_THRESHOLD_SAM>
	</signature>
	<signature ID="20210203_084006301725_161">
		<MACROCLASSID>1</MACROCLASSID>
		<MACROCLASSINFO>waterbody</MACROCLASSINFO>
		<CLASSID>15</CLASSID>
		<CLASSINFO>C 1</CLASSINFO>
		<VALUES>[0.15682632910648128, 0.002323260892295019, 0.13662682906039875, 0.004517417849750321, 0.10851161582386366, 0.008861973133376822, 0.10892272669506396, 0.014389243318864695, 0.04882285780225311, 0.015235253221804327, 0.0312953260042564, 0.011322734393391763]</VALUES>
		<LCS_MIN>[0.15051725506782532, 0.12789203226566315, 0.09860675036907196, 0.09560531377792358, 0.03027874231338501, 0.015850650146603584]</LCS_MIN>
		<LCS_MAX>[0.16540107131004333, 0.15551526844501495, 0.14808572828769684, 0.16473610699176788, 0.10758239030838013, 0.08313245326280594]</LCS_MAX>
		<WAVELENGTH>[0.485, 0.56, 0.66, 0.83, 1.65, 2.215]</WAVELENGTH>
		<MEAN_VALUE>[0.15682632910648128, 0.13662682906039875, 0.10851161582386366, 0.10892272669506396, 0.04882285780225311, 0.0312953260042564]</MEAN_VALUE>
		<CHECKBOX>2</CHECKBOX>
		<SD>[0.002323260892295019, 0.004517417849750321, 0.008861973133376822, 0.014389243318864695, 0.015235253221804327, 0.011322734393391763]</SD>
		<WAVELENGTH_UNIT>E-6m</WAVELENGTH_UNIT>
		<COLOR>#d81e90</COLOR>
		<COVARIANCE_MATRIX>[[5.5243230927994095e-06, 3.85517268396672e-06, 7.348771966289557e-06, 8.42887334382028e-06, 9.982690376287036e-06, 7.902830149238039e-06], [3.85517268396672e-06, 1.6586974683775998e-05, 2.632676368934859e-05, 3.3335535488452895e-05, 3.314562498466467e-05, 2.4887620468872693e-05], [7.348771966289557e-06, 2.632676368934859e-05, 6.431061380096584e-05, 8.613397917527943e-05, 8.546564607803136e-05, 6.221668217595745e-05], [8.42887334382028e-06, 3.3335535488452895e-05, 8.613397917527943e-05, 0.0001881256748846732, 0.00018073030801211558, 0.0001259136473710165], [9.982690376287036e-06, 3.314562498466467e-05, 8.546564607803136e-05, 0.00018073030801211558, 0.00020443157986619153, 0.00014349121444446152], [7.902830149238039e-06, 2.4887620468872693e-05, 6.221668217595745e-05, 0.0001259136473710165, 0.00014349121444446152, 0.00011584345989230723]]</COVARIANCE_MATRIX>
		<ROI_SIZE>1931</ROI_SIZE>
		<MAX_VALUE>[0.16540107131004333, 0.15551526844501495, 0.14808572828769684, 0.16473610699176788, 0.10758239030838013, 0.08313245326280594]</MAX_VALUE>
		<MIN_VALUE>[0.15051725506782532, 0.12789203226566315, 0.09860675036907196, 0.09560531377792358, 0.03027874231338501, 0.015850650146603584]</MIN_VALUE>
		<SIGNATURE_THRESHOLD_MD>0</SIGNATURE_THRESHOLD_MD>
		<SIGNATURE_THRESHOLD_ML>0</SIGNATURE_THRESHOLD_ML>
		<SIGNATURE_THRESHOLD_SAM>0</SIGNATURE_THRESHOLD_SAM>
	</signature>
	<signature ID="20210203_084031925918_870">
		<MACROCLASSID>1</MACROCLASSID>
		<MACROCLASSINFO>waterbody</MACROCLASSINFO>
		<CLASSID>16</CLASSID>
		<CLASSINFO>C 1</CLASSINFO>
		<VALUES>[0.14455940717594634, 0.0025352864276902034, 0.1232356602623331, 0.003445625855693269, 0.10181117642682998, 0.0043882327665645884, 0.15392738435089767, 0.020785249239065173, 0.08021974749256426, 0.019056518591087042, 0.04843958342259794, 0.013151535917983423]</VALUES>
