<?xml version="1.0" ?>
<signaturelist MCID_LIST="[['1', 'waterbody', '#000000'], ['2', 'vegetation', '#000000'], ['3', 'bareland', '#000000'], ['4', 'build-up', '#000000']]">
	<signature ID="20210211_123747737079_624">
		<MACROCLASSID>1</MACROCLASSID>
		<MACROCLASSINFO>waterbody</MACROCLASSINFO>
		<CLASSID>1</CLASSID>
		<CLASSINFO>C 1</CLASSINFO>
		<VALUES>[0.1249420564700751, 0.00456002561132681, 0.11796477586961118, 0.0063028949173839655, 0.0923241569847799, 0.0054053751279439025, 0.08666825096370584, 0.010482158642031995, 0.044405771005949946, 0.009473484831973033, 0.033152482373065596, 0.007461582484173929]</VALUES>
		<LCS_MIN>[0.11277442425489426, 0.09556235373020172, 0.08012351393699646, 0.064618781208992, 0.025738591328263283, 0.01770320162177086]</LCS_MIN>
		<LCS_MAX>[0.14172406494617462, 0.1337377429008484, 0.12302862107753754, 0.1551293134689331, 0.10991065204143524, 0.09828895330429077]</LCS_MAX>
		<WAVELENGTH>[0.485, 0.56, 0.66, 0.83, 1.65, 2.215]</WAVELENGTH>
		<MEAN_VALUE>[0.1249420564700751, 0.11796477586961118, 0.0923241569847799, 0.08666825096370584, 0.044405771005949946, 0.033152482373065596]</MEAN_VALUE>
		<CHECKBOX>2</CHECKBOX>
		<SD>[0.00456002561132681, 0.0063028949173839655, 0.0054053751279439025, 0.010482158642031995, 0.009473484831973033, 0.007461582484173929]</SD>
		<WAVELENGTH_UNIT>E-6m</WAVELENGTH_UNIT>
		<COLOR>#6fbe9e</COLOR>
		<COVARIANCE_MATRIX>[[2.2383106625056826e-05, 1.8722224922385067e-05, 2.319327359145973e-05, 3.469592411420308e-05, 2.9824079319951124e-05, 2.4057255359366536e-05], [1.8722224922385067e-05, 3.317082519060932e-05, 2.358807068958413e-05, 2.0294482965255156e-05, 2.0805899112019688e-05, 1.7693868358037435e-05], [2.319327359145973e-05, 2.358807068958413e-05, 3.347295569255948e-05, 4.900651765638031e-05, 4.4699172576656565e-05, 3.6337762139737606e-05], [3.469592411420308e-05, 2.0294482965255156e-05, 4.900651765638031e-05, 0.00012843248259741813, 0.00010665289300959557, 8.119046833598986e-05], [2.9824079319951124e-05, 2.0805899112019688e-05, 4.4699172576656565e-05, 0.00010665289300959557, 0.00010492983710719272, 7.838578312657773e-05], [2.4057255359366536e-05, 1.7693868358037435e-05, 3.6337762139737606e-05, 8.119046833598986e-05, 7.838578312657773e-05, 6.902617315063253e-05]]</COVARIANCE_MATRIX>
		<ROI_SIZE>6966</ROI_SIZE>
		<MAX_VALUE>[0.14172406494617462, 0.1337377429008484, 0.12302862107753754, 0.1551293134689331, 0.10991065204143524, 0.09828895330429077]</MAX_VALUE>
		<MIN_VALUE>[0.11277442425489426, 0.09556235373020172, 0.08012351393699646, 0.064618781208992, 0.025738591328263283, 0.01770320162177086]</MIN_VALUE>
		<SIGNATURE_THRESHOLD_MD>0.0</SIGNATURE_THRESHOLD_MD>
		<SIGNATURE_THRESHOLD_ML>0.0</SIGNATURE_THRESHOLD_ML>
		<SIGNATURE_THRESHOLD_SAM>0.0</SIGNATURE_THRESHOLD_SAM>
	</signature>
	<signature ID="20210211_123757078262_659">
		<MACROCLASSID>1</MACROCLASSID>
		<MACROCLASSINFO>waterbody</MACROCLASSINFO>
		<CLASSID>2</CLASSID>
		<CLASSINFO>C 1</CLASSINFO>
		<VALUES>[0.11561703413810695, 0.003124292276785306, 0.1171474473161225, 0.002852661555396166, 0.10423448367934544, 0.009550378305044183, 0.0872319417785774, 0.016437526625997696, 0.05696705102763222, 0.016289210742901104, 0.04523538000481258, 0.014138322713155087]</VALUES>
		<LCS_MIN>[0.10515610128641129, 0.10192492604255676, 0.09353137016296387, 0.06797102838754654, 0.032213371247053146, 0.023902108892798424]</LCS_MIN>
		<LCS_MAX>[0.12648740410804749, 0.13055644929409027, 0.14179962873458862, 0.1450725644826889, 0.11206890642642975, 0.09828895330429077]</LCS_MAX>
		<WAVELENGTH>[0.485, 0.56, 0.66, 0.83, 1.65, 2.215]</WAVELENGTH>
		<MEAN_VALUE>[0.11561703413810695, 0.1171474473161225, 0.10423448367934544, 0.0872319417785774, 0.05696705102763222, 0.04523538000481258]</MEAN_VALUE>
		<CHECKBOX>2</CHECKBOX>
		<SD>[0.003124292276785306, 0.002852661555396166, 0.009550378305044183, 0.016437526625997696, 0.016289210742901104, 0.014138322713155087]</SD>
		<WAVELENGTH_UNIT>E-6m</WAVELENGTH_UNIT>
		<COLOR>#79a660</COLOR>
		<COVARIANCE_MATRIX>[[9.770578799361829e-06, 3.5942148315371014e-06, -9.259649232262745e-06, 3.127397803837084e-06, 1.1459709639893845e-05, 9.556690201861784e-06], [3.5942148315371014e-06, 8.145495485223364e-06, 5.310784672474256e-06, 6.423560989787802e-06, 9.485265763942152e-06, 7.878448741394095e-06], [-9.259649232262745e-06, 5.310784672474256e-06, 9.129734098678455e-05, 0.00011214319965802133, 8.231081301346421e-05, 7.182412082329392e-05], [3.127397803837084e-06, 6.423560989787802e-06, 0.00011214319965802133, 0.0002704518265090883, 0.0002440256648696959, 0.00020730288815684617], [1.1459709639893845e-05, 9.485265763942152e-06, 8.231081301346421e-05, 0.0002440256648696959, 0.0002655932621564716, 0.00022039897157810628], [9.556690201861784e-06, 7.878448741394095e-06, 7.182412082329392e-05, 0.00020730288815684617, 0.00022039897157810628, 0.00020008419232908636]]</COVARIANCE_MATRIX>
		<ROI_SIZE>1042</ROI_SIZE>
		<MAX_VALUE>[0.12648740410804749, 0.13055644929409027, 0.14179962873458862, 0.1450725644826889, 0.11206890642642975, 0.09828895330429077]</MAX_VALUE>
		<MIN_VALUE>[0.10515610128641129, 0.10192492604255676, 0.09353137016296387, 0.06797102838754654, 0.032213371247053146, 0.023902108892798424]</MIN_VALUE>
		<SIGNATURE_THRESHOLD_MD>0.0</SIGNATURE_THRESHOLD_MD>
		<SIGNATURE_THRESHOLD_ML>0.0</SIGNATURE_THRESHOLD_ML>
		<SIGNATURE_THRESHOLD_SAM>0.0</SIGNATURE_THRESHOLD_SAM>
	</signature>
	<signature ID="20210211_123805038869_764">
		<MACROCLASSID>1</MACROCLASSID>
		<MACROCLASSINFO>waterbody</MACROCLASSINFO>
		<CLASSID>3</CLASSID>
		<CLASSINFO>C 1</CLASSINFO>
		<VALUES>[0.10150853815403854, 0.002817607541977447, 0.09715738233702256, 0.005114101712989443, 0.07738777517560869, 0.009613936867140235, 0.05910867912381806, 0.015052045085603668, 0.031168919869102484, 0.013979457608125637, 0.022863264104968868, 0.011137144966930562]</VALUES>
		<LCS_MIN>[0.09449044615030289, 0.08601851016283035, 0.064034104347229, 0.04115309938788414, 0.01278904639184475, 0.008404848165810108]</LCS_MIN>
		<LCS_MAX>[0.11429808288812637, 0.11783133447170258, 0.12034706026315689, 0.11490239948034286, 0.08616980910301208, 0.0734933465719223]</LCS_MAX>
		<WAVELENGTH>[0.485, 0.56, 0.66, 0.83, 1.65, 2.215]</WAVELENGTH>
		<MEAN_VALUE>[0.10150853815403854, 0.09715738233702256, 0.07738777517560869, 0.05910867912381806, 0.031168919869102484, 0.022863264104968868]</MEAN_VALUE>
		<CHECKBOX>2</CHECKBOX>
		<SD>[0.002817607541977447, 0.005114101712989443, 0.009613936867140235, 0.015052045085603668, 0.013979457608125637, 0.011137144966930562]</SD>
		<WAVELENGTH_UNIT>E-6m</WAVELENGTH_UNIT>
		<COLOR>#83abbf</COLOR>
		<COVARIANCE_MATRIX>[[7.946208825160284e-06, 1.0095785910380073e-05, 1.777154284354765e-05, 2.1796178771182895e-05, 1.9369264919077978e-05, 1.5791871192050166e-05], [1.0095785910380073e-05, 2.6178075131610967e-05, 4.254461600794457e-05, 4.918049307889305e-05, 4.023205110570416e-05, 3.357737296028063e-05], [1.777154284354765e-05, 4.254461600794457e-05, 9.251273149857298e-05, 0.0001157850565505214, 9.426716133020818e-05, 7.82831702963449e-05], [2.1796178771182895e-05, 4.918049307889305e-05, 0.0001157850565505214, 0.00022677230299450457, 0.0001882148499134928, 0.00014698992890771478], [1.9369264919077978e-05, 4.023205110570416e-05, 9.426716133020818e-05, 0.0001882148499134928, 0.00019560485088732094, 0.00014332054706756026], [1.5791871192050166e-05, 3.357737296028063e-05, 7.82831702963449e-05, 0.00014698992890771478, 0.00014332054706756026, 0.00012414999946486205]]</COVARIANCE_MATRIX>
		<ROI_SIZE>1089</ROI_SIZE>
		<MAX_VALUE>[0.11429808288812637, 0.11783133447170258, 0.12034706026315689, 0.11490239948034286, 0.08616980910301208, 0.0734933465719223]</MAX_VALUE>
		<MIN_VALUE>[0.09449044615030289, 0.08601851016283035, 0.064034104347229, 0.04115309938788414, 0.01278904639184475, 0.008404848165810108]</MIN_VALUE>
		<SIGNATURE_THRESHOLD_MD>0.0</SIGNATURE_THRESHOLD_MD>
		<SIGNATURE_THRESHOLD_ML>0.0</SIGNATURE_THRESHOLD_ML>
		<SIGNATURE_THRESHOLD_SAM>0.0</SIGNATURE_THRESHOLD_SAM>
	</signature>
	<signature ID="20210211_123813846103_975">
		<MACROCLASSID>1</MACROCLASSID>
		<MACROCLASSINFO>waterbody</MACROCLASSINFO>
		<CLASSID>4</CLASSID>
		<CLASSINFO>C 1</CLASSINFO>
		<VALUES>[0.0972074815191431, 0.002375908801659175, 0.0744280887982268, 0.0028470050236953097, 0.051980627146184795, 0.003408730832173401, 0.04098131864164274, 0.004856846373960089, 0.016272891689915952, 0.0057116047640345495, 0.011353062873380055, 0.005125560808596634]</VALUES>
		<LCS_MIN>[0.08991944789886475, 0.06374955177307129, 0.04258153587579727, 0.034448619931936264, 0.006314271595329046, 0.0]</LCS_MIN>
		<LCS_MAX>[0.10515610128641129, 0.09556235373020172, 0.08816822618246078, 0.10149344056844711, 0.08401155471801758, 0.07039389759302139]</LCS_MAX>
		<WAVELENGTH>[0.485, 0.56, 0.66, 0.83, 1.65, 2.215]</WAVELENGTH>
		<MEAN_VALUE>[0.0972074815191431, 0.0744280887982268, 0.051980627146184795, 0.04098131864164274, 0.016272891689915952, 0.011353062873380055]</MEAN_VALUE>
		<CHECKBOX>2</CHECKBOX>
		<SD>[0.002375908801659175, 0.0028470050236953097, 0.003408730832173401, 0.004856846373960089, 0.0057116047640345495, 0.005125560808596634]</SD>
		<WAVELENGTH_UNIT>E-6m</WAVELENGTH_UNIT>
		<COLOR>#fc3dcb</COLOR>
		<COVARIANCE_MATRIX>[[5.6790827329677995e-06, 3.7323534343158826e-06, 3.9330484469246585e-06, 3.578215455490863e-06, 2.930810069301515e-06, 2.136374178007827e-06], [3.7323534343158826e-06, 8.86607995198574e-06, 7.2806055868568365e-06, 8.09593348094495e-06, 8.050267751968931e-06, 6.2631343098473735e-06], [3.9330484469246585e-06, 7.2806055868568365e-06, 1.2862803487223573e-05, 1.405527837050613e-05, 1.490218892286066e-05, 1.2121299732825719e-05], [3.578215455490863e-06, 8.09593348094495e-06, 1.405527837050613e-05, 2.4271983420476317e-05, 2.4250000933534466e-05, 1.981061177502852e-05], [2.930810069301515e-06, 8.050267751968931e-06, 1.490218892286066e-05, 2.4250000933534466e-05, 3.344489959999919e-05, 2.42887490458088e-05], [2.136374178007827e-06, 6.2631343098473735e-06, 1.2121299732825719e-05, 1.981061177502852e-05, 2.42887490458088e-05, 2.6401579816592857e-05]]</COVARIANCE_MATRIX>
		<ROI_SIZE>9291</ROI_SIZE>
		<MAX_VALUE>[0.10515610128641129, 0.09556235373020172, 0.08816822618246078, 0.10149344056844711, 0.08401155471801758, 0.07039389759302139]</MAX_VALUE>
		<MIN_VALUE>[0.08991944789886475, 0.06374955177307129, 0.04258153587579727, 0.034448619931936264, 0.006314271595329046, 0.0]</MIN_VALUE>
		<SIGNATURE_THRESHOLD_MD>0.0</SIGNATURE_THRESHOLD_MD>
		<SIGNATURE_THRESHOLD_ML>0.0</SIGNATURE_THRESHOLD_ML>
		<SIGNATURE_THRESHOLD_SAM>0.0</SIGNATURE_THRESHOLD_SAM>
	</signature>
	<signature ID="20210211_123825173260_350">
		<MACROCLASSID>1</MACROCLASSID>
		<MACROCLASSINFO>waterbody</MACROCLASSINFO>
		<CLASSID>5</CLASSID>
		<CLASSINFO>C 1</CLASSINFO>
		<VALUES>[0.11693800530947698, 0.003687099711045346, 0.10301649197360277, 0.004516063720825723, 0.08772475148048806, 0.006681967378557865, 0.07843706896744518, 0.017324950236212396, 0.04163364437300787, 0.018227505855391124, 0.029895019710317258, 0.014561262784869222]</VALUES>
		<LCS_MIN>[0.10515610128641129, 0.0923810824751854, 0.07476038485765457, 0.05456206947565079, 0.01710556074976921, 0.008404848165810108]</LCS_MIN>
		<LCS_MAX>[0.1280110627412796, 0.12419388443231583, 0.1149839237332344, 0.1350158452987671, 0.0948028489947319, 0.08279169350862503]</LCS_MAX>
		<WAVELENGTH>[0.485, 0.56, 0.66, 0.83, 1.65, 2.215]</WAVELENGTH>
		<MEAN_VALUE>[0.11693800530947698, 0.10301649197360277, 0.08772475148048806, 0.07843706896744518, 0.04163364437300787, 0.029895019710317258]</MEAN_VALUE>
		<CHECKBOX>2</CHECKBOX>
		<SD>[0.003687099711045346, 0.004516063720825723, 0.006681967378557865, 0.017324950236212396, 0.018227505855391124, 0.014561262784869222]</SD>
		<WAVELENGTH_UNIT>E-6m</WAVELENGTH_UNIT>
		<COLOR>#d9cea3</COLOR>
		<COVARIANCE_MATRIX>[[1.361574868496973e-05, 1.2503398465923965e-05, 1.5909308785921894e-05, 2.6938922019326128e-05, 1.8270326108904555e-05, 1.3264762856124435e-05], [1.2503398465923965e-05, 2.0426403352757916e-05, 2.5549101337674074e-05, 5.1223807531641796e-05, 4.333274773671292e-05, 3.1835945264901966e-05], [1.5909308785921894e-05, 2.5549101337674074e-05, 4.471780266612768e-05, 9.705996490083635e-05, 8.847943536238745e-05, 6.780207331757993e-05], [2.6938922019326128e-05, 5.1223807531641796e-05, 9.705996490083635e-05, 0.0003006185288541019, 0.0002741033094935119, 0.00020825657702516764], [1.8270326108904555e-05, 4.333274773671292e-05, 8.847943536238745e-05, 0.0002741033094935119, 0.0003327562881167978, 0.00024562052567489445], [1.3264762856124435e-05, 3.1835945264901966e-05, 6.780207331757993e-05, 0.00020825657702516764, 0.00024562052567489445, 0.00021235858730506152]]</COVARIANCE_MATRIX>
		<ROI_SIZE>647</ROI_SIZE>
		<MAX_VALUE>[0.1280110627412796, 0.12419388443231583, 0.1149839237332344, 0.1350158452987671, 0.0948028489947319, 0.08279169350862503]</MAX_VALUE>
		<MIN_VALUE>[0.10515610128641129, 0.0923810824751854, 0.07476038485765457, 0.05456206947565079, 0.01710556074976921, 0.008404848165810108]</MIN_VALUE>
		<SIGNATURE_THRESHOLD_MD>0.0</SIGNATURE_THRESHOLD_MD>
		<SIGNATURE_THRESHOLD_ML>0.0</SIGNATURE_THRESHOLD_ML>
		<SIGNATURE_THRESHOLD_SAM>0.0</SIGNATURE_THRESHOLD_SAM>
	</signature>
	<signature ID="20210211_123835066036_547">
		<MACROCLASSID>1</MACROCLASSID>
		<MACROCLASSINFO>waterbody</MACROCLASSINFO>
		<CLASSID>6</CLASSID>
		<CLASSINFO>C 1</CLASSINFO>
		<VALUES>[0.11559132751366143, 0.003021224690276555, 0.11178148482945555, 0.006399870568002847, 0.08382905283080157, 0.011060000347696098, 0.06066454065319271, 0.014523814361637046, 0.027256308794232863, 0.014151212865300923, 0.018019593487597577, 0.0110981747782965]</VALUES>
		<LCS_MIN>[0.10515610128641129, 0.0923810824751854, 0.06939723342657089, 0.044505342841148376, 0.01278904639184475, 0.0022059434559196234]</LCS_MIN>
		<LCS_MAX>[0.12648740410804749, 0.14010030031204224, 0.13107335567474365, 0.118254654109478, 0.08832806348800659, 0.06419497728347778]</LCS_MAX>
		<WAVELENGTH>[0.485, 0.56, 0.66, 0.83, 1.65, 2.215]</WAVELENGTH>
		<MEAN_VALUE>[0.11559132751366143, 0.11178148482945555, 0.08382905283080157, 0.06066454065319271, 0.027256308794232863, 0.018019593487597577]</MEAN_VALUE>
		<CHECKBOX>2</CHECKBOX>
		<SD>[0.003021224690276555, 0.006399870568002847, 0.011060000347696098, 0.014523814361637046, 0.014151212865300923, 0.0110981747782965]</SD>
		<WAVELENGTH_UNIT>E-6m</WAVELENGTH_UNIT>
		<COLOR>#610f13</COLOR>
		<COVARIANCE_MATRIX>[[9.145086551143322e-06, 1.5072827409312595e-05, 1.82046860572882e-05, -3.534433290042216e-06, -1.068589790520491e-05, -6.411486083379714e-06], [1.5072827409312595e-05, 4.103591709281318e-05, 5.491951378644444e-05, 3.2182715585804544e-06, -1.6795331248431467e-05, -1.1303935934847686e-05], [1.82046860572882e-05, 5.491951378644444e-05, 0.00012255528417881578, 8.942066051531583e-05, 3.5809720429824665e-05, 2.523924376873765e-05], [-3.534433290042216e-06, 3.2182715585804544e-06, 8.942066051531583e-05, 0.00021134069538675249, 0.00014715010183863342, 0.00010556779307080433], [-1.068589790520491e-05, -1.6795331248431467e-05, 3.5809720429824665e-05, 0.00014715010183863342, 0.00020063610281795263, 0.00014398747589439154], [-6.411486083379714e-06, -1.1303935934847686e-05, 2.523924376873765e-05, 0.00010556779307080433, 0.00014398747589439154, 0.0001234027586178854]]</COVARIANCE_MATRIX>
		<ROI_SIZE>529</ROI_SIZE>
		<MAX_VALUE>[0.12648740410804749, 0.14010030031204224, 0.13107335567474365, 0.118254654109478, 0.08832806348800659, 0.06419497728347778]</MAX_VALUE>
		<MIN_VALUE>[0.10515610128641129, 0.0923810824751854, 0.06939723342657089, 0.044505342841148376, 0.01278904639184475, 0.0022059434559196234]</MIN_VALUE>
		<SIGNATURE_THRESHOLD_MD>0.0</SIGNATURE_THRESHOLD_MD>
		<SIGNATURE_THRESHOLD_ML>0.0</SIGNATURE_THRESHOLD_ML>
		<SIGNATURE_THRESHOLD_SAM>0.0</SIGNATURE_THRESHOLD_SAM>
	</signature>
	<signature ID="20210211_123908764987_684">
		<MACROCLASSID>1</MACROCLASSID>
		<MACROCLASSINFO>waterbody</MACROCLASSINFO>
		<CLASSID>7</CLASSID>
		<CLASSINFO>C 1</CLASSINFO>
		<VALUES>[0.1308162880066323, 0.0029891533617240028, 0.15275568255822955, 0.0040645695172540465, 0.14013191085972201, 0.0060073771895761035, 0.0791206782198933, 0.012694455592842541, 0.036305186188180155, 0.015425064110469193, 0.027434633304811502, 0.013139723735363809]</VALUES>
		<LCS_MIN>[0.12039274722337723, 0.1337377429008484, 0.12302862107753754, 0.064618781208992, 0.02142207697033882, 0.0146037507802248]</LCS_MIN>
		<LCS_MAX>[0.13715307414531708, 0.15918798744678497, 0.15520748496055603, 0.13836809992790222, 0.0926445946097374, 0.08589114993810654]</LCS_MAX>
		<WAVELENGTH>[0.485, 0.56, 0.66, 0.83, 1.65, 2.215]</WAVELENGTH>
		<MEAN_VALUE>[0.1308162880066323, 0.15275568255822955, 0.14013191085972201, 0.0791206782198933, 0.036305186188180155, 0.027434633304811502]</MEAN_VALUE>
		<CHECKBOX>2</CHECKBOX>
		<SD>[0.0029891533617240028, 0.0040645695172540465, 0.0060073771895761035, 0.012694455592842541, 0.015425064110469193, 0.013139723735363809]</SD>
		<WAVELENGTH_UNIT>E-6m</WAVELENGTH_UNIT>
		<COLOR>#bdca0c</COLOR>
		<COVARIANCE_MATRIX>[[8.959584192780312e-06, 7.959659342304803e-06, 4.657482804759638e-06, -9.262470484827645e-06, -1.7165408280561678e-05, -1.24925927593722e-05], [7.959659342304803e-06, 1.6566111298743635e-05, 5.929967301199213e-06, -2.110592686221935e-05, -2.846065763151273e-05, -2.1152945919311605e-05], [4.657482804759638e-06, 5.929967301199213e-06, 3.618772461777553e-05, 4.282274312572554e-05, 2.024627428909298e-05, 2.1571242541540414e-05], [-9.262470484827645e-06, -2.110592686221935e-05, 4.282274312572554e-05, 0.00016159191727638245, 0.00015456642722710967, 0.00013188511366024613], [-1.7165408280561678e-05, -2.846065763151273e-05, 2.024627428909298e-05, 0.00015456642722710967, 0.00023858626082073897, 0.00019228967721574008], [-1.24925927593722e-05, -2.1152945919311605e-05, 2.1571242541540414e-05, 0.00013188511366024613, 0.00019228967721574008, 0.00017312665295321494]]</COVARIANCE_MATRIX>
		<ROI_SIZE>365</ROI_SIZE>
		<MAX_VALUE>[0.13715307414531708, 0.15918798744678497, 0.15520748496055603, 0.13836809992790222, 0.0926445946097374, 0.08589114993810654]</MAX_VALUE>
		<MIN_VALUE>[0.12039274722337723, 0.1337377429008484, 0.12302862107753754, 0.064618781208992, 0.02142207697033882, 0.0146037507802248]</MIN_VALUE>
		<SIGNATURE_THRESHOLD_MD>0.0</SIGNATURE_THRESHOLD_MD>
		<SIGNATURE_THRESHOLD_ML>0.0</SIGNATURE_THRESHOLD_ML>
		<SIGNATURE_THRESHOLD_SAM>0.0</SIGNATURE_THRESHOLD_SAM>
	</signature>
	<signature ID="20210211_123915505121_752">
		<MACROCLASSID>1</MACROCLASSID>
		<MACROCLASSINFO>waterbody</MACROCLASSINFO>
		<CLASSID>8</CLASSID>
		<CLASSINFO>C 1</CLASSINFO>
		<VALUES>[0.11896832955976452, 0.0030704400150582227, 0.12906750623222135, 0.0065538676078324325, 0.09919533336173351, 0.01033945689226186, 0.06365234196518614, 0.01205641113587482, 0.029980909930310665, 0.012939676337873086, 0.022400985215762507, 0.010203937846075529]</VALUES>
		<LCS_MIN>[0.10972708463668823, 0.11146876960992813, 0.08012351393699646, 0.04785758629441261, 0.01278904639184475, 0.005305394530296326]</LCS_MIN>
		<LCS_MAX>[0.1280110627412796, 0.14964412152767181, 0.13911806046962738, 0.12160688638687134, 0.08616980910301208, 0.07659280300140381]</LCS_MAX>
		<WAVELENGTH>[0.485, 0.56, 0.66, 0.83, 1.65, 2.215]</WAVELENGTH>
		<MEAN_VALUE>[0.11896832955976452, 0.12906750623222135, 0.09919533336173351, 0.06365234196518614, 0.029980909930310665, 0.022400985215762507]</MEAN_VALUE>
		<CHECKBOX>2</CHECKBOX>
		<SD>[0.0030704400150582227, 0.0065538676078324325, 0.01033945689226186, 0.01205641113587482, 0.012939676337873086, 0.010203937846075529]</SD>
		<WAVELENGTH_UNIT>E-6m</WAVELENGTH_UNIT>
		<COLOR>#0c58ec</COLOR>
		<COVARIANCE_MATRIX>[[9.433291779714637e-06, 1.416586837876821e-05, 8.881496796675492e-06, -3.189963535987772e-06, -5.156529823580058e-06, -2.4017153918975964e-06], [1.416586837876821e-05, 4.297910345485434e-05, 4.218592948745936e-05, 5.980819878459442e-06, 8.010600822672131e-07, 1.8814114355336642e-06], [8.881496796675492e-06, 4.218592948745936e-05, 0.00010696888784877956, 8.470431203022599e-05, 7.319935684790835e-05, 5.2652649173978716e-05], [-3.189963535987772e-06, 5.980819878459442e-06, 8.470431203022599e-05, 0.00014544477744493634, 0.00013349411892704666, 9.792220953386277e-05], [-5.156529823580058e-06, 8.010600822672131e-07, 7.319935684790835e-05, 0.00013349411892704666, 0.0001675362727837637, 0.00011957541573792696], [-2.4017153918975964e-06, 1.8814114355336642e-06, 5.2652649173978716e-05, 9.792220953386277e-05, 0.00011957541573792696, 0.00010418318561278284]]</COVARIANCE_MATRIX>
		<ROI_SIZE>1658</ROI_SIZE>
		<MAX_VALUE>[0.1280110627412796, 0.14964412152767181, 0.13911806046962738, 0.12160688638687134, 0.08616980910301208, 0.07659280300140381]</MAX_VALUE>
		<MIN_VALUE>[0.10972708463668823, 0.11146876960992813, 0.08012351393699646, 0.04785758629441261, 0.01278904639184475, 0.005305394530296326]</MIN_VALUE>
		<SIGNATURE_THRESHOLD_MD>0.0</SIGNATURE_THRESHOLD_MD>
		<SIGNATURE_THRESHOLD_ML>0.0</SIGNATURE_THRESHOLD_ML>
		<SIGNATURE_THRESHOLD_SAM>0.0</SIGNATURE_THRESHOLD_SAM>
	</signature>
	<signature ID="20210211_123928571379_123">
		<MACROCLASSID>1</MACROCLASSID>
		<MACROCLASSINFO>waterbody</MACROCLASSINFO>
		<CLASSID>9</CLASSID>
		<CLASSINFO>C 1</CLASSINFO>
		<VALUES>[0.11392111425535582, 0.0027241465394617064, 0.10039468614601017, 0.00407371078379287, 0.07777213242646618, 0.0069240761544302485, 0.0650469816758183, 0.012995031030559252, 0.02546042845862026, 0.013198325942858115, 0.017285901007925195, 0.011086966215597628]</VALUES>
		<LCS_MIN>[0.10515610128641129, 0.08919979631900787, 0.06939723342657089, 0.05456206947565079, 0.01278904639184475, 0.0022059434559196234]</LCS_MIN>
		<LCS_MAX>[0.12344007939100266, 0.11783133447170258, 0.1149839237332344, 0.12160688638687134, 0.08832806348800659, 0.08279169350862503]</LCS_MAX>
		<WAVELENGTH>[0.485, 0.56, 0.66, 0.83, 1.65, 2.215]</WAVELENGTH>
		<MEAN_VALUE>[0.11392111425535582, 0.10039468614601017, 0.07777213242646618, 0.0650469816758183, 0.02546042845862026, 0.017285901007925195]</MEAN_VALUE>
		<CHECKBOX>2</CHECKBOX>
		<SD>[0.0027241465394617064, 0.00407371078379287, 0.0069240761544302485, 0.012995031030559252, 0.013198325942858115, 0.011086966215597628]</SD>
		<WAVELENGTH_UNIT>E-6m</WAVELENGTH_UNIT>
		<COLOR>#acb9a4</COLOR>
		<COVARIANCE_MATRIX>[[7.536884368164465e-06, 6.07701986155007e-06, 5.731184501200914e-06, 2.9819468636560487e-06, 5.140806479175808e-06, 3.7937536490062485e-06], [6.07701986155007e-06, 1.290428190259263e-05, 1.4818520867265761e-05, 1.8873197404900566e-05, 2.275826409459114e-05, 1.795542993932031e-05], [5.731184501200914e-06, 1.4818520867265761e-05, 3.639904753072187e-05, 6.385349843185395e-05, 6.71990419505164e-05, 5.356086330721155e-05], [2.9819468636560487e-06, 1.8873197404900566e-05, 6.385349843185395e-05, 0.00016857931041158736, 0.00014990560885053128, 0.00011595727119129151], [5.140806479175808e-06, 2.275826409459114e-05, 6.71990419505164e-05, 0.00014990560885053128, 0.00018107457435689867, 0.0001380137837259099], [3.7937536490062485e-06, 1.795542993932031e-05, 5.356086330721155e-05, 0.00011595727119129151, 0.0001380137837259099, 0.00012199790216982365]]</COVARIANCE_MATRIX>
		<ROI_SIZE>1903</ROI_SIZE>
		<MAX_VALUE>[0.12344007939100266, 0.11783133447170258, 0.1149839237332344, 0.12160688638687134, 0.08832806348800659, 0.08279169350862503]</MAX_VALUE>
		<MIN_VALUE>[0.10515610128641129, 0.08919979631900787, 0.06939723342657089, 0.05456206947565079, 0.01278904639184475, 0.0022059434559196234]</MIN_VALUE>
		<SIGNATURE_THRESHOLD_MD>0.0</SIGNATURE_THRESHOLD_MD>
		<SIGNATURE_THRESHOLD_ML>0.0</SIGNATURE_THRESHOLD_ML>
		<SIGNATURE_THRESHOLD_SAM>0.0</SIGNATURE_THRESHOLD_SAM>
	</signature>
	<signature ID="20210211_123945025681_758">
		<MACROCLASSID>1</MACROCLASSID>
		<MACROCLASSINFO>waterbody</MACROCLASSINFO>
		<CLASSID>10</CLASSID>
		<CLASSINFO>C 1</CLASSINFO>
		<VALUES>[0.09697474763458423, 0.0020854582464911254, 0.10145420732369405, 0.0037041334862373708, 0.07888490199509988, 0.003215067477889446, 0.049754156022369544, 0.007942866945737039, 0.013155701762091531, 0.006211895867927092, 0.009523137411020507, 0.004712998557235495]</VALUES>
		<LCS_MIN>[0.08687210828065872, 0.07329338043928146, 0.05598938837647438, 0.04115309938788414, 0.004156013950705528, 0.0]</LCS_MIN>
		<LCS_MAX>[0.10363243520259857, 0.11146876960992813, 0.09353137016296387, 0.11490239948034286, 0.07753679156303406, 0.06419497728347778]</LCS_MAX>
		<WAVELENGTH>[0.485, 0.56, 0.66, 0.83, 1.65, 2.215]</WAVELENGTH>
		<MEAN_VALUE>[0.09697474763458423, 0.10145420732369405, 0.07888490199509988, 0.049754156022369544, 0.013155701762091531, 0.009523137411020507]</MEAN_VALUE>
		<CHECKBOX>2</CHECKBOX>
		<SD>[0.0020854582464911254, 0.0037041334862373708, 0.003215067477889446, 0.007942866945737039, 0.006211895867927092, 0.004712998557235495]</SD>
		<WAVELENGTH_UNIT>E-6m</WAVELENGTH_UNIT>
		<COLOR>#64fc8d</COLOR>
		<COVARIANCE_MATRIX>[[4.036615791846998e-06, 3.033547727682162e-06, 2.1722894416598137e-06, -1.3237330449555884e-06, -1.1652531384243048e-06, -6.439723279072496e-07], [3.033547727682162e-06, 1.1496894330775831e-05, 4.522389190242393e-06, -1.1051825822505634e-05, -8.16130341263488e-06, -4.967231689079199e-06], [2.1722894416598137e-06, 4.522389190242393e-06, 1.1836146768473554e-05, 3.9833712435211055e-06, 1.437414312022156e-06, 1.6713263448764337e-06], [-1.3237330449555884e-06, -1.1051825822505634e-05, 3.9833712435211055e-06, 5.469932875712402e-05, 3.702072353917174e-05, 2.565704198786989e-05], [-1.1652531384243048e-06, -8.16130341263488e-06, 1.437414312022156e-06, 3.702072353917174e-05, 3.547757296473719e-05, 2.2016405637259595e-05], [-6.439723279072496e-07, -4.967231689079199e-06, 1.6713263448764337e-06, 2.565704198786989e-05, 2.2016405637259595e-05, 2.128861342498567e-05]]</COVARIANCE_MATRIX>
		<ROI_SIZE>7214</ROI_SIZE>
		<MAX_VALUE>[0.10363243520259857, 0.11146876960992813, 0.09353137016296387, 0.11490239948034286, 0.07753679156303406, 0.06419497728347778]</MAX_VALUE>
		<MIN_VALUE>[0.08687210828065872, 0.07329338043928146, 0.05598938837647438, 0.04115309938788414, 0.004156013950705528, 0.0]</MIN_VALUE>
		<SIGNATURE_THRESHOLD_MD>0.0</SIGNATURE_THRESHOLD_MD>
		<SIGNATURE_THRESHOLD_ML>0.0</SIGNATURE_THRESHOLD_ML>
		<SIGNATURE_THRESHOLD_SAM>0.0</SIGNATURE_THRESHOLD_SAM>
	</signature>
	<signature ID="20210211_123957702922_944">
		<MACROCLASSID>1</MACROCLASSID>
		<MACROCLASSINFO>waterbody</MACROCLASSINFO>
		<CLASSID>11</CLASSID>
		<CLASSINFO>C 1</CLASSINFO>
		<VALUES>[0.10338623055678826, 0.0033943992754076864, 0.07532701296012395, 0.006046658534726279, 0.05077516286476418, 0.006023802694588043, 0.037494331046876606, 0.00586773617782033, 0.012378571231680315, 0.005378878706188358, 0.008677671015620374, 0.004821244779760631]</VALUES>
		<LCS_MIN>[0.096014104783535, 0.06374955177307129, 0.04258153587579727, 0.031096380203962326, 0.0019977560732513666, 0.0]</LCS_MIN>
		<LCS_MAX>[0.12191641330718994, 0.12419388443231583, 0.10962079465389252, 0.10149344056844711, 0.08401155471801758, 0.06729443371295929]</LCS_MAX>
		<WAVELENGTH>[0.485, 0.56, 0.66, 0.83, 1.65, 2.215]</WAVELENGTH>
		<MEAN_VALUE>[0.10338623055678826, 0.07532701296012395, 0.05077516286476418, 0.037494331046876606, 0.012378571231680315, 0.008677671015620374]</MEAN_VALUE>
		<CHECKBOX>2</CHECKBOX>
		<SD>[0.0033943992754076864, 0.006046658534726279, 0.006023802694588043, 0.00586773617782033, 0.005378878706188358, 0.004821244779760631]</SD>
		<WAVELENGTH_UNIT>E-6m</WAVELENGTH_UNIT>
		<COLOR>#9cfb84</COLOR>
		<COVARIANCE_MATRIX>[[1.101710950024426e-05, 1.3296441466081887e-05, 1.1332328540447634e-05, 1.0019424735219218e-05, 5.899485131521942e-06, 4.227641056786524e-06], [1.3296441466081887e-05, 2.935971861006692e-05, 2.393069189565722e-05, 2.1310715965228155e-05, 1.4892813851474784e-05, 1.160938245448051e-05], [1.1332328540447634e-05, 2.393069189565722e-05, 2.6283651095582172e-05, 2.2092272047302686e-05, 1.609724495210685e-05, 1.3069720807834528e-05], [1.0019424735219218e-05, 2.1310715965228155e-05, 2.2092272047302686e-05, 2.4340220988960937e-05, 1.6799009245005436e-05, 1.3561020750785246e-05], [5.899485131521942e-06, 1.4892813851474784e-05, 1.609724495210685e-05, 1.6799009245005436e-05, 1.9940602214774117e-05, 1.290486216021236e-05], [4.227641056786524e-06, 1.160938245448051e-05, 1.3069720807834528e-05, 1.3561020750785246e-05, 1.290486216021236e-05, 1.618041642359458e-05]]</COVARIANCE_MATRIX>
		<ROI_SIZE>8820</ROI_SIZE>
		<MAX_VALUE>[0.12191641330718994, 0.12419388443231583, 0.10962079465389252, 0.10149344056844711, 0.08401155471801758, 0.06729443371295929]</MAX_VALUE>
		<MIN_VALUE>[0.096014104783535, 0.06374955177307129, 0.04258153587579727, 0.031096380203962326, 0.0019977560732513666, 0.0]</MIN_VALUE>
		<SIGNATURE_THRESHOLD_MD>0.0</SIGNATURE_THRESHOLD_MD>
		<SIGNATURE_THRESHOLD_ML>0.0</SIGNATURE_THRESHOLD_ML>
		<SIGNATURE_THRESHOLD_SAM>0.0</SIGNATURE_THRESHOLD_SAM>
	</signature>
	<signature ID="20210211_124008227064_587">
		<MACROCLASSID>1</MACROCLASSID>
		<MACROCLASSINFO>waterbody</MACROCLASSINFO>
		<CLASSID>12</CLASSID>
		<CLASSINFO>C 1</CLASSINFO>
		<VALUES>[0.09874239293767285, 0.003910067539897825, 0.08776852855214604, 0.005154059527899455, 0.06119194794920103, 0.005959648139515582, 0.04088610397859562, 0.008757231866028399, 0.014859875170204167, 0.005787325410746689, 0.010392943066599524, 0.004647999497714245]</VALUES>
		<LCS_MIN>[0.08687210828065872, 0.07647466659545898, 0.047944679856300354, 0.031096380203962326, 0.004156013950705528, 0.0]</LCS_MIN>
		<LCS_MAX>[0.11125075817108154, 0.10510620474815369, 0.09353137016296387, 0.10484568774700165, 0.07753679156303406, 0.0734933465719223]</LCS_MAX>
		<WAVELENGTH>[0.485, 0.56, 0.66, 0.83, 1.65, 2.215]</WAVELENGTH>
		<MEAN_VALUE>[0.09874239293767285, 0.08776852855214604, 0.06119194794920103, 0.04088610397859562, 0.014859875170204167, 0.010392943066599524]</MEAN_VALUE>
		<CHECKBOX>2</CHECKBOX>
		<SD>[0.003910067539897825, 0.005154059527899455, 0.005959648139515582, 0.008757231866028399, 0.005787325410746689, 0.004647999497714245]</SD>
		<WAVELENGTH_UNIT>E-6m</WAVELENGTH_UNIT>
		<COLOR>#f4d07c</COLOR>
		<COVARIANCE_MATRIX>[[1.3454845429805573e-05, 1.3571353520092089e-05, 1.5347925000241958e-05, 1.4161873878038023e-05, 5.696153948520077e-06, 3.58609850081848e-06], [1.3571353520092089e-05, 2.176515590690542e-05, 2.0866826162091456e-05, 1.8863593140849844e-05, 7.690980964980554e-06, 4.781264124176232e-06], [1.5347925000241958e-05, 2.0866826162091456e-05, 2.8447568183764815e-05, 2.9747321605100296e-05, 1.481147228332702e-05, 1.0097237463924102e-05], [1.4161873878038023e-05, 1.8863593140849844e-05, 2.9747321605100296e-05, 5.9261110436636955e-05, 3.284207559772767e-05, 2.2584343241760507e-05], [5.696153948520077e-06, 7.690980964980554e-06, 1.481147228332702e-05, 3.284207559772767e-05, 2.8420281523722224e-05, 1.797863114916254e-05], [3.58609850081848e-06, 4.781264124176232e-06, 1.0097237463924102e-05, 2.2584343241760507e-05, 1.797863114916254e-05, 1.952589809661731e-05]]</COVARIANCE_MATRIX>
		<ROI_SIZE>8729</ROI_SIZE>
		<MAX_VALUE>[0.11125075817108154, 0.10510620474815369, 0.09353137016296387, 0.10484568774700165, 0.07753679156303406, 0.0734933465719223]</MAX_VALUE>
		<MIN_VALUE>[0.08687210828065872, 0.07647466659545898, 0.047944679856300354, 0.031096380203962326, 0.004156013950705528, 0.0]</MIN_VALUE>
		<SIGNATURE_THRESHOLD_MD>0.0</SIGNATURE_THRESHOLD_MD>
		<SIGNATURE_THRESHOLD_ML>0.0</SIGNATURE_THRESHOLD_ML>
		<SIGNATURE_THRESHOLD_SAM>0.0</SIGNATURE_THRESHOLD_SAM>
	</signature>
	<signature ID="20210211_124016159360_665">
		<MACROCLASSID>1</MACROCLASSID>
		<MACROCLASSINFO>waterbody</MACROCLASSINFO>
		<CLASSID>13</CLASSID>
		<CLASSINFO>C 1</CLASSINFO>
		<VALUES>[0.12251352468455165, 0.004648021959656527, 0.1365750948017514, 0.00922419703136765, 0.14006023038480725, 0.010224737578133468, 0.10595554470814558, 0.015481973898561933, 0.043398391996585864, 0.020433544723590914, 0.03194392860766398, 0.015946607764350553]</VALUES>
		<LCS_MIN>[0.10058511048555374, 0.0923810824751854, 0.09084979444742203, 0.0914367288351059, 0.02142207697033882, 0.011504300870001316]</LCS_MIN>
		<LCS_MAX>[0.1295347362756729, 0.14646285772323608, 0.1525259166955948, 0.15848153829574585, 0.09696109592914581, 0.08589114993810654]</LCS_MAX>
		<WAVELENGTH>[0.485, 0.56, 0.66, 0.83, 1.65, 2.215]</WAVELENGTH>
		<MEAN_VALUE>[0.12251352468455165, 0.1365750948017514, 0.14006023038480725, 0.10595554470814558, 0.043398391996585864, 0.03194392860766398]</MEAN_VALUE>
		<CHECKBOX>2</CHECKBOX>
		<SD>[0.004648021959656527, 0.00922419703136765, 0.010224737578133468, 0.015481973898561933, 0.020433544723590914, 0.015946607764350553]</SD>
		<WAVELENGTH_UNIT>E-6m</WAVELENGTH_UNIT>
		<COLOR>#e42db7</COLOR>
		<COVARIANCE_MATRIX>[[2.175107510993257e-05, 3.8423851947300136e-05, 4.265427924110554e-05, -1.866576712927781e-05, -3.761780317290686e-05, -2.880055944842752e-05], [3.8423851947300136e-05, 8.566462929593399e-05, 9.114765271078795e-05, -5.3227991884341463e-05, -9.323227277491242e-05, -7.099944923538715e-05], [4.265427924110554e-05, 9.114765271078795e-05, 0.0001052564475685358, -4.6182616642909124e-05, -9.045409387908876e-05, -7.016171730356291e-05], [-1.866576712927781e-05, -5.3227991884341463e-05, -4.6182616642909124e-05, 0.00024132206453941762, 0.0002805930853355676, 0.0002089942281600088], [-3.761780317290686e-05, -9.323227277491242e-05, -9.045409387908876e-05, 0.0002805930853355676, 0.000420370080973953, 0.0003120338369626552], [-2.880055944842752e-05, -7.099944923538715e-05, -7.016171730356291e-05, 0.0002089942281600088, 0.0003120338369626552, 0.0002560241846367717]]</COVARIANCE_MATRIX>
		<ROI_SIZE>148</ROI_SIZE>
		<MAX_VALUE>[0.1295347362756729, 0.14646285772323608, 0.1525259166955948, 0.15848153829574585, 0.09696109592914581, 0.08589114993810654]</MAX_VALUE>
		<MIN_VALUE>[0.10058511048555374, 0.0923810824751854, 0.09084979444742203, 0.0914367288351059, 0.02142207697033882, 0.011504300870001316]</MIN_VALUE>
		<SIGNATURE_THRESHOLD_MD>0.0</SIGNATURE_THRESHOLD_MD>
		<SIGNATURE_THRESHOLD_ML>0.0</SIGNATURE_THRESHOLD_ML>
		<SIGNATURE_THRESHOLD_SAM>0.0</SIGNATURE_THRESHOLD_SAM>
	</signature>
	<signature ID="20210211_124102737599_707">
		<MACROCLASSID>1</MACROCLASSID>
		<MACROCLASSINFO>waterbody</MACROCLASSINFO>
		<CLASSID>14</CLASSID>
		<CLASSINFO>C 1</CLASSINFO>
		<VALUES>[0.10234719454331645, 0.008641112502282824, 0.0916556876136098, 0.00919788655722215, 0.06516307510502203, 0.012044314044442164, 0.05130974305779759, 0.017451608039268075, 0.021053790182830157, 0.01224980976354671, 0.014181764941765247, 0.009546527762081394]</VALUES>
		<LCS_MIN>[0.08839577436447144, 0.07965594530105591, 0.0506262481212616, 0.02774413675069809, 0.006314271595329046, 0.0]</LCS_MIN>
		<LCS_MAX>[0.12191641330718994, 0.12419388443231583, 0.10425765067338943, 0.11490239948034286, 0.08616980910301208, 0.07039389759302139]</LCS_MAX>
		<WAVELENGTH>[0.485, 0.56, 0.66, 0.83, 1.65, 2.215]</WAVELENGTH>
		<MEAN_VALUE>[0.10234719454331645, 0.0916556876136098, 0.06516307510502203, 0.05130974305779759, 0.021053790182830157, 0.014181764941765247]</MEAN_VALUE>
		<CHECKBOX>2</CHECKBOX>
		<SD>[0.008641112502282824, 0.00919788655722215, 0.012044314044442164, 0.017451608039268075, 0.01224980976354671, 0.009546527762081394]</SD>
		<WAVELENGTH_UNIT>E-6m</WAVELENGTH_UNIT>
		<COLOR>#ce89a2</COLOR>
		<COVARIANCE_MATRIX>[[7.47245067032054e-05, 7.440295303240418e-05, 9.13582625798881e-05, 0.00010870028199860826, 4.478986011235975e-05, 2.9044544135103934e-05], [7.440295303240418e-05, 8.466420695185661e-05, 0.00010287144687026739, 0.0001260574790649116, 5.9023175708716735e-05, 4.0637696656631306e-05], [9.13582625798881e-05, 0.00010287144687026739, 0.00014517367526423186, 0.00019267038442194462, 0.00010490218119230121, 7.479054329451174e-05], [0.00010870028199860826, 0.0001260574790649116, 0.00019267038442194462, 0.00030478573171421885, 0.00018488812202122062, 0.00013265630695968866], [4.478986011235975e-05, 5.9023175708716735e-05, 0.00010490218119230121, 0.00018488812202122062, 0.00015016974066384137, 0.00010831102554220706], [2.9044544135103934e-05, 4.0637696656631306e-05, 7.479054329451174e-05, 0.00013265630695968866, 0.00010831102554220706, 9.120415052166209e-05]]</COVARIANCE_MATRIX>
		<ROI_SIZE>1342</ROI_SIZE>
		<MAX_VALUE>[0.12191641330718994, 0.12419388443231583, 0.10425765067338943, 0.11490239948034286, 0.08616980910301208, 0.07039389759302139]</MAX_VALUE>
		<MIN_VALUE>[0.08839577436447144, 0.07965594530105591, 0.0506262481212616, 0.02774413675069809, 0.006314271595329046, 0.0]</MIN_VALUE>
		<SIGNATURE_THRESHOLD_MD>0.0</SIGNATURE_THRESHOLD_MD>
		<SIGNATURE_THRESHOLD_ML>0.0</SIGNATURE_THRESHOLD_ML>
		<SIGNATURE_THRESHOLD_SAM>0.0</SIGNATURE_THRESHOLD_SAM>
	</signature>
	<signature ID="20210211_124120603279_821">
		<MACROCLASSID>1</MACROCLASSID>
		<MACROCLASSINFO>waterbody</MACROCLASSINFO>
		<CLASSID>15</CLASSID>
		<CLASSINFO>C 1</CLASSINFO>
		<VALUES>[0.09823277827940491, 0.0027236759073129783, 0.09087415549315908, 0.0048450444982133245, 0.07527787421356168, 0.005692648930895059, 0.0820269189905702, 0.027018887518738408, 0.0645493703910656, 0.029408303547186185, 0.045054507572530655, 0.019543438555834236]</VALUES>
		<LCS_MIN>[0.08687210828065872, 0.07647466659545898, 0.06671567261219025, 0.04115309938788414, 0.02142207697033882, 0.011504300870001316]</LCS_MIN>
		<LCS_MAX>[0.10210876911878586, 0.09874363988637924, 0.08816822618246078, 0.13166360557079315, 0.11638542264699936, 0.07969223707914352]</LCS_MAX>
		<WAVELENGTH>[0.485, 0.56, 0.66, 0.83, 1.65, 2.215]</WAVELENGTH>
		<MEAN_VALUE>[0.09823277827940491, 0.09087415549315908, 0.07527787421356168, 0.0820269189905702, 0.0645493703910656, 0.045054507572530655]</MEAN_VALUE>
		<CHECKBOX>2</CHECKBOX>
		<SD>[0.0027236759073129783, 0.0048450444982133245, 0.005692648930895059, 0.027018887518738408, 0.029408303547186185, 0.019543438555834236]</SD>
		<WAVELENGTH_UNIT>E-6m</WAVELENGTH_UNIT>
		<COLOR>#63ac98</COLOR>
		<COVARIANCE_MATRIX>[[7.550881946372101e-06, 1.0154542906093411e-05, 7.732586709607858e-06, -1.879060255305376e-05, -8.076905942289159e-06, 1.3169301382731646e-07], [1.0154542906093411e-05, 2.3893642719485797e-05, 1.4351669051393401e-05, -4.3760257540270686e-05, -3.132306665065698e-05, -6.820633188908687e-06], [7.732586709607858e-06, 1.4351669051393401e-05, 3.2984935387503356e-05, 8.569939382141456e-05, 0.0001049187412718311, 8.265831274911761e-05], [-1.879060255305376e-05, -4.3760257540270686e-05, 8.569939382141456e-05, 0.0007430563564412296, 0.0007528526475653052, 0.0004907341208308935], [-8.076905942289159e-06, -3.132306665065698e-05, 0.0001049187412718311, 0.0007528526475653052, 0.0008802920347079635, 0.0005555590032599866], [1.3169301382731646e-07, -6.820633188908687e-06, 8.265831274911761e-05, 0.0004907341208308935, 0.0005555590032599866, 0.00038876646431162953]]</COVARIANCE_MATRIX>
		<ROI_SIZE>57</ROI_SIZE>
		<MAX_VALUE>[0.10210876911878586, 0.09874363988637924, 0.08816822618246078, 0.13166360557079315, 0.11638542264699936, 0.07969223707914352]</MAX_VALUE>
		<MIN_VALUE>[0.08687210828065872, 0.07647466659545898, 0.06671567261219025, 0.04115309938788414, 0.02142207697033882, 0.011504300870001316]</MIN_VALUE>
		<SIGNATURE_THRESHOLD_MD>0.0</SIGNATURE_THRESHOLD_MD>
		<SIGNATURE_THRESHOLD_ML>0.0</SIGNATURE_THRESHOLD_ML>
		<SIGNATURE_THRESHOLD_SAM>0.0</SIGNATURE_THRESHOLD_SAM>
	</signature>
	<signature ID="20210211_124135956810_997">
		<MACROCLASSID>1</MACROCLASSID>
		<MACROCLASSINFO>waterbody</MACROCLASSINFO>
		<CLASSID>16</CLASSID>
		<CLASSINFO>C 1</CLASSINFO>
		<VALUES>[0.11814998329889428, 0.005274708250722858, 0.11361500334967042, 0.011013914215186724, 0.08704305143724562, 0.01924026601339108, 0.060115705219862946, 0.013641819219726929, 0.025323729385345294, 0.014304041005599946, 0.016937211432954652, 0.011715007435029802]</VALUES>
		<LCS_MIN>[0.10515610128641129, 0.09874363988637924, 0.064034104347229, 0.0378008633852005, 0.006314271595329046, 0.0]</LCS_MIN>
