<?xml version="1.0" ?>
<signaturelist MCID_LIST="[['1', 'waterbody', '#000000'], ['2', 'vegetation', '#000000'], ['3', 'bareland', '#000000'], ['4', 'build-up', '#000000']]">
	<signature ID="20210209_124156003389_268">
		<MACROCLASSID>1</MACROCLASSID>
		<MACROCLASSINFO>waterbody</MACROCLASSINFO>
		<CLASSID>1</CLASSID>
		<CLASSINFO>C 1</CLASSINFO>
		<VALUES>[0.10147549576111912, 0.0027655056353524904, 0.07474295492569222, 0.00333127257691806, 0.0488616539852576, 0.002782501543567936, 0.04121849573966698, 0.006897277939517575, 0.009129561966176496, 0.0046100603873149345, 0.004813839357468591, 0.0035265913224718525]</VALUES>
		<LCS_MIN>[0.06202646344900131, 0.023688463494181633, 0.02605263516306877, 0.001142041408456862, 0.0, 0.0]</LCS_MIN>
		<LCS_MAX>[0.1390541046857834, 0.10998592525720596, 0.09218169748783112, 0.0838102251291275, 0.05568717047572136, 0.04858055338263512]</LCS_MAX>
		<WAVELENGTH>[0.485, 0.56, 0.66, 0.83, 1.65, 2.215]</WAVELENGTH>
		<MEAN_VALUE>[0.10147549576111912, 0.07474295492569222, 0.0488616539852576, 0.04121849573966698, 0.009129561966176496, 0.004813839357468591]</MEAN_VALUE>
		<CHECKBOX>2</CHECKBOX>
		<SD>[0.0027655056353524904, 0.00333127257691806, 0.002782501543567936, 0.006897277939517575, 0.0046100603873149345, 0.0035265913224718525]</SD>
		<WAVELENGTH_UNIT>E-6m</WAVELENGTH_UNIT>
		<COLOR>#d3ee7c</COLOR>
		<COVARIANCE_MATRIX>[[8.16081137600122e-06, 2.8638858111662557e-06, 1.8955099676531972e-06, -2.1057724097772734e-06, -7.982629313119105e-07, -3.076999064433039e-07], [2.8638858111662557e-06, 1.0831374311237596e-05, 3.3453188734711148e-06, -5.029739327255811e-07, 6.342720553220715e-07, 2.86664146642579e-07], [1.8955099676531972e-06, 3.3453188734711148e-06, 6.780235253245337e-06, 1.1706667919497704e-06, 1.2395871635817457e-06, 5.423711399998865e-07], [-2.1057724097772734e-06, -5.029739327255811e-07, 1.1706667919497704e-06, 4.40162475570105e-05, 2.1423575162771158e-05, 8.502379387209658e-06], [-7.982629313119105e-07, 6.342720553220715e-07, 1.2395871635817457e-06, 2.1423575162771158e-05, 2.318116821697913e-05, 6.81875735608628e-06], [-3.076999064433039e-07, 2.86664146642579e-07, 5.423711399998865e-07, 8.502379387209658e-06, 6.81875735608628e-06, 1.2656824765144847e-05]]</COVARIANCE_MATRIX>
		<ROI_SIZE>6805</ROI_SIZE>
		<MAX_VALUE>[0.1390541046857834, 0.10998592525720596, 0.09218169748783112, 0.0838102251291275, 0.05568717047572136, 0.04858055338263512]</MAX_VALUE>
		<MIN_VALUE>[0.06202646344900131, 0.023688463494181633, 0.02605263516306877, 0.001142041408456862, 0.0, 0.0]</MIN_VALUE>
		<SIGNATURE_THRESHOLD_MD>0.0</SIGNATURE_THRESHOLD_MD>
		<SIGNATURE_THRESHOLD_ML>0.0</SIGNATURE_THRESHOLD_ML>
		<SIGNATURE_THRESHOLD_SAM>0.0</SIGNATURE_THRESHOLD_SAM>
	</signature>
	<signature ID="20210209_124205047746_246">
		<MACROCLASSID>1</MACROCLASSID>
		<MACROCLASSINFO>waterbody</MACROCLASSINFO>
		<CLASSID>2</CLASSID>
		<CLASSINFO>C 1</CLASSINFO>
		<VALUES>[0.10889469102598505, 0.004524511823293726, 0.09158055378020578, 0.007178823945277353, 0.061120831613555665, 0.005697634887390209, 0.05165447624230718, 0.011469058248833201, 0.01361563319804588, 0.007806933920396925, 0.006663100712459877, 0.004674975301419578]</VALUES>
		<LCS_MIN>[0.08457113057374954, 0.05506936088204384, 0.012826821766793728, 0.030075911432504654, 0.0, 0.0]</LCS_MIN>
		<LCS_MAX>[0.11650943011045456, 0.10606330633163452, 0.10540750622749329, 0.09621045738458633, 0.05568717047572136, 0.04093712568283081]</LCS_MAX>
		<WAVELENGTH>[0.485, 0.56, 0.66, 0.83, 1.65, 2.215]</WAVELENGTH>
		<MEAN_VALUE>[0.10889469102598505, 0.09158055378020578, 0.061120831613555665, 0.05165447624230718, 0.01361563319804588, 0.006663100712459877]</MEAN_VALUE>
		<CHECKBOX>2</CHECKBOX>
		<SD>[0.004524511823293726, 0.007178823945277353, 0.005697634887390209, 0.011469058248833201, 0.007806933920396925, 0.004674975301419578]</SD>
		<WAVELENGTH_UNIT>E-6m</WAVELENGTH_UNIT>
		<COLOR>#a95a52</COLOR>
		<COVARIANCE_MATRIX>[[2.3745393264107406e-05, 3.1540672353003174e-05, 2.1572745026787743e-05, -3.1025123462313786e-05, -1.2192423127999064e-05, -3.7680770219594706e-06], [3.1540672353003174e-05, 5.894870264455676e-05, 3.704287519212812e-05, -4.996791176381521e-05, -1.8345703210798092e-05, -5.505233275471255e-06], [2.1572745026787743e-05, 3.704287519212812e-05, 3.713232581503689e-05, -2.132331246684771e-05, -3.1524728001386393e-06, 1.1671263564494438e-06], [-3.1025123462313786e-05, -4.996791176381521e-05, -2.132331246684771e-05, 0.00013535159814637154, 7.398071466013789e-05, 3.357734385645017e-05], [-1.2192423127999064e-05, -1.8345703210798092e-05, -3.1524728001386393e-06, 7.398071466013789e-05, 6.37020348221995e-05, 2.7485453756526113e-05], [-3.7680770219594706e-06, -5.505233275471255e-06, 1.1671263564494438e-06, 3.357734385645017e-05, 2.7485453756526113e-05, 2.3066439098329283e-05]]</COVARIANCE_MATRIX>
		<ROI_SIZE>3066</ROI_SIZE>
		<MAX_VALUE>[0.11650943011045456, 0.10606330633163452, 0.10540750622749329, 0.09621045738458633, 0.05568717047572136, 0.04093712568283081]</MAX_VALUE>
		<MIN_VALUE>[0.08457113057374954, 0.05506936088204384, 0.012826821766793728, 0.030075911432504654, 0.0, 0.0]</MIN_VALUE>
		<SIGNATURE_THRESHOLD_MD>0.0</SIGNATURE_THRESHOLD_MD>
		<SIGNATURE_THRESHOLD_ML>0.0</SIGNATURE_THRESHOLD_ML>
		<SIGNATURE_THRESHOLD_SAM>0.0</SIGNATURE_THRESHOLD_SAM>
	</signature>
	<signature ID="20210209_124222241167_595">
		<MACROCLASSID>1</MACROCLASSID>
		<MACROCLASSINFO>waterbody</MACROCLASSINFO>
		<CLASSID>3</CLASSID>
		<CLASSINFO>C 1</CLASSINFO>
		<VALUES>[0.12223297468609087, 0.0073639182707671185, 0.11651670039645207, 0.014712920789389529, 0.08678162294040266, 0.012936799131427168, 0.06968410786863495, 0.015730983969101442, 0.021986215047038165, 0.01249981735710118, 0.010805764594893063, 0.007014077758721593]</VALUES>
		<LCS_MIN>[0.09584347903728485, 0.08252764493227005, 0.045891355723142624, 0.04247613623738289, 0.0024632904678583145, 0.0]</LCS_MIN>
		<LCS_MAX>[0.15408387780189514, 0.13352160155773163, 0.12855267524719238, 0.11274409294128418, 0.06100955605506897, 0.03711541369557381]</LCS_MAX>
		<WAVELENGTH>[0.485, 0.56, 0.66, 0.83, 1.65, 2.215]</WAVELENGTH>
		<MEAN_VALUE>[0.12223297468609087, 0.11651670039645207, 0.08678162294040266, 0.06968410786863495, 0.021986215047038165, 0.010805764594893063]</MEAN_VALUE>
		<CHECKBOX>2</CHECKBOX>
		<SD>[0.0073639182707671185, 0.014712920789389529, 0.012936799131427168, 0.015730983969101442, 0.01249981735710118, 0.007014077758721593]</SD>
		<WAVELENGTH_UNIT>E-6m</WAVELENGTH_UNIT>
		<COLOR>#5809e2</COLOR>
		<COVARIANCE_MATRIX>[[4.374600757728331e-05, 7.946342520881444e-05, 6.527922232635319e-05, -8.754022019274998e-06, -1.3913893781136721e-05, -7.1981799010245595e-06], [7.946342520881444e-05, 0.00017470777675043792, 0.00014146555622573942, -1.605487341294065e-05, -2.9914110200479627e-05, -1.620083821762819e-05], [6.527922232635319e-05, 0.00014146555622573942, 0.0001375716383336112, 8.207276550820097e-06, -1.2619408153113909e-05, -6.845873485872289e-06], [-8.754022019274998e-06, -1.605487341294065e-05, 8.207276550820097e-06, 0.00022366583289112896, 0.00015407803584821522, 7.572783943032846e-05], [-1.3913893781136721e-05, -2.9914110200479627e-05, -1.2619408153113909e-05, 0.00015407803584821522, 0.0001425383088644594, 6.717119686072692e-05], [-7.1981799010245595e-06, -1.620083821762819e-05, -6.845873485872289e-06, 7.572783943032846e-05, 6.717119686072692e-05, 4.540021109278314e-05]]</COVARIANCE_MATRIX>
		<ROI_SIZE>1613</ROI_SIZE>
		<MAX_VALUE>[0.15408387780189514, 0.13352160155773163, 0.12855267524719238, 0.11274409294128418, 0.06100955605506897, 0.03711541369557381]</MAX_VALUE>
		<MIN_VALUE>[0.09584347903728485, 0.08252764493227005, 0.045891355723142624, 0.04247613623738289, 0.0024632904678583145, 0.0]</MIN_VALUE>
		<SIGNATURE_THRESHOLD_MD>0.0</SIGNATURE_THRESHOLD_MD>
		<SIGNATURE_THRESHOLD_ML>0.0</SIGNATURE_THRESHOLD_ML>
		<SIGNATURE_THRESHOLD_SAM>0.0</SIGNATURE_THRESHOLD_SAM>
	</signature>
	<signature ID="20210209_124238588933_450">
		<MACROCLASSID>1</MACROCLASSID>
		<MACROCLASSINFO>waterbody</MACROCLASSINFO>
		<CLASSID>4</CLASSID>
		<CLASSINFO>C 1</CLASSINFO>
		<VALUES>[0.1145235033940892, 0.004136094914943271, 0.09995801943893098, 0.007830751661190306, 0.06833832688406202, 0.006790892540028505, 0.05253163064949864, 0.00874345257696814, 0.013621324066441972, 0.007420623648078605, 0.006952566336060734, 0.004811074763963384]</VALUES>
		<LCS_MIN>[0.09772218763828278, 0.07468241453170776, 0.019439728930592537, 0.030075911432504654, 0.0, 0.0]</LCS_MIN>
		<LCS_MAX>[0.12402430921792984, 0.14528943598270416, 0.11863331496715546, 0.09207705408334732, 0.06100955605506897, 0.06004568934440613]</LCS_MAX>
		<WAVELENGTH>[0.485, 0.56, 0.66, 0.83, 1.65, 2.215]</WAVELENGTH>
		<MEAN_VALUE>[0.1145235033940892, 0.09995801943893098, 0.06833832688406202, 0.05253163064949864, 0.013621324066441972, 0.006952566336060734]</MEAN_VALUE>
		<CHECKBOX>2</CHECKBOX>
		<SD>[0.004136094914943271, 0.007830751661190306, 0.006790892540028505, 0.00874345257696814, 0.007420623648078605, 0.004811074763963384]</SD>
		<WAVELENGTH_UNIT>E-6m</WAVELENGTH_UNIT>
		<COLOR>#213050</COLOR>
		<COVARIANCE_MATRIX>[[2.0076035070815124e-05, 3.191002906532958e-05, 2.397133175691124e-05, -8.174756658263505e-06, -8.381969564652536e-06, -3.6388826174516e-06], [3.191002906532958e-05, 7.072760490700603e-05, 5.0187813030788675e-05, -1.0866491720662452e-05, -1.2967742804903537e-05, -5.839360255777137e-06], [2.397133175691124e-05, 5.0187813030788675e-05, 4.8907866585068405e-05, -6.473147209362651e-07, -4.8390511437901296e-06, -2.026506535912631e-06], [-8.174756658263505e-06, -1.0866491720662452e-05, -6.473147209362651e-07, 8.313563012052327e-05, 5.523829531739466e-05, 2.544204289733898e-05], [-8.381969564652536e-06, -1.2967742804903537e-05, -4.8390511437901296e-06, 5.523829531739466e-05, 5.815398981212638e-05, 2.3322816559812054e-05], [-3.6388826174516e-06, -5.839360255777137e-06, -2.026506535912631e-06, 2.544204289733898e-05, 2.3322816559812054e-05, 2.2335871108225547e-05]]</COVARIANCE_MATRIX>
		<ROI_SIZE>4260</ROI_SIZE>
		<MAX_VALUE>[0.12402430921792984, 0.14528943598270416, 0.11863331496715546, 0.09207705408334732, 0.06100955605506897, 0.06004568934440613]</MAX_VALUE>
		<MIN_VALUE>[0.09772218763828278, 0.07468241453170776, 0.019439728930592537, 0.030075911432504654, 0.0, 0.0]</MIN_VALUE>
		<SIGNATURE_THRESHOLD_MD>0.0</SIGNATURE_THRESHOLD_MD>
		<SIGNATURE_THRESHOLD_ML>0.0</SIGNATURE_THRESHOLD_ML>
		<SIGNATURE_THRESHOLD_SAM>0.0</SIGNATURE_THRESHOLD_SAM>
	</signature>
	<signature ID="20210209_124254359237_650">
		<MACROCLASSID>1</MACROCLASSID>
		<MACROCLASSINFO>waterbody</MACROCLASSINFO>
		<CLASSID>5</CLASSID>
		<CLASSINFO>C 1</CLASSINFO>
		<VALUES>[0.12407391771624976, 0.004235181105893503, 0.11341658790316128, 0.00849545840706849, 0.09499709171676407, 0.010062580142567888, 0.09726086081844747, 0.014790104964628698, 0.031551985449707845, 0.011602438984504667, 0.015950940434110914, 0.008070767856311148]</VALUES>
		<LCS_MIN>[0.10523708164691925, 0.0786050334572792, 0.05581071600317955, 0.06727659702301025, 0.005124484654515982, 0.00271999160759151]</LCS_MIN>
		<LCS_MAX>[0.1390541046857834, 0.13352160155773163, 0.12524622678756714, 0.13341115415096283, 0.06633193790912628, 0.05240226536989212]</LCS_MAX>
		<WAVELENGTH>[0.485, 0.56, 0.66, 0.83, 1.65, 2.215]</WAVELENGTH>
		<MEAN_VALUE>[0.12407391771624976, 0.11341658790316128, 0.09499709171676407, 0.09726086081844747, 0.031551985449707845, 0.015950940434110914]</MEAN_VALUE>
		<CHECKBOX>2</CHECKBOX>
		<SD>[0.004235181105893503, 0.00849545840706849, 0.010062580142567888, 0.014790104964628698, 0.011602438984504667, 0.008070767856311148]</SD>
		<WAVELENGTH_UNIT>E-6m</WAVELENGTH_UNIT>
		<COLOR>#80b14d</COLOR>
		<COVARIANCE_MATRIX>[[1.7996151655097492e-05, 2.9844115488231182e-05, 3.505384302115999e-05, -1.6020474504330195e-05, -2.4078733531496255e-06, 6.450142336689169e-06], [2.9844115488231182e-05, 7.241179991979152e-05, 7.555870979558676e-05, -4.5760549255646765e-05, -1.3191415746405255e-05, 9.409535778104328e-06], [3.505384302115999e-05, 7.555870979558676e-05, 0.00010159080557059497, -4.070952854817733e-05, -9.530981515126768e-06, 1.3046031199337449e-05], [-1.6020474504330195e-05, -4.5760549255646765e-05, -4.070952854817733e-05, 0.00021947153436485678, 0.0001349602098343894, 6.959038000786677e-05], [-2.4078733531496255e-06, -1.3191415746405255e-05, -9.530981515126768e-06, 0.0001349602098343894, 0.00013506233517546207, 7.14853304089047e-05], [6.450142336689169e-06, 9.409535778104328e-06, 1.3046031199337449e-05, 6.959038000786677e-05, 7.14853304089047e-05, 6.535297870868817e-05]]</COVARIANCE_MATRIX>
		<ROI_SIZE>303</ROI_SIZE>
		<MAX_VALUE>[0.1390541046857834, 0.13352160155773163, 0.12524622678756714, 0.13341115415096283, 0.06633193790912628, 0.05240226536989212]</MAX_VALUE>
		<MIN_VALUE>[0.10523708164691925, 0.0786050334572792, 0.05581071600317955, 0.06727659702301025, 0.005124484654515982, 0.00271999160759151]</MIN_VALUE>
		<SIGNATURE_THRESHOLD_MD>0.0</SIGNATURE_THRESHOLD_MD>
		<SIGNATURE_THRESHOLD_ML>0.0</SIGNATURE_THRESHOLD_ML>
		<SIGNATURE_THRESHOLD_SAM>0.0</SIGNATURE_THRESHOLD_SAM>
	</signature>
	<signature ID="20210209_124322886576_845">
		<MACROCLASSID>1</MACROCLASSID>
		<MACROCLASSINFO>waterbody</MACROCLASSINFO>
		<CLASSID>6</CLASSID>
		<CLASSINFO>C 1</CLASSINFO>
		<VALUES>[0.1275916502456225, 0.00311307863421928, 0.11578811700677587, 0.005883348670487444, 0.09558655556646133, 0.005877518641392987, 0.10153714343461967, 0.01440881773640109, 0.03239380266140433, 0.011887485368017975, 0.01532254708096541, 0.006213741079611052]</VALUES>
		<LCS_MIN>[0.11650943011045456, 0.08252764493227005, 0.07234296947717667, 0.07554340362548828, 0.010446872562170029, 0.00271999160759151]</LCS_MIN>
		<LCS_MAX>[0.13529665768146515, 0.12567637860774994, 0.10871396213769913, 0.13754455745220184, 0.07431552559137344, 0.03711541369557381]</LCS_MAX>
		<WAVELENGTH>[0.485, 0.56, 0.66, 0.83, 1.65, 2.215]</WAVELENGTH>
		<MEAN_VALUE>[0.1275916502456225, 0.11578811700677587, 0.09558655556646133, 0.10153714343461967, 0.03239380266140433, 0.01532254708096541]</MEAN_VALUE>
		<CHECKBOX>2</CHECKBOX>
		<SD>[0.00311307863421928, 0.005883348670487444, 0.005877518641392987, 0.01440881773640109, 0.011887485368017975, 0.006213741079611052]</SD>
		<WAVELENGTH_UNIT>E-6m</WAVELENGTH_UNIT>
		<COLOR>#256508</COLOR>
		<COVARIANCE_MATRIX>[[9.720187335915398e-06, 1.2259579307283275e-05, 1.277634783036774e-05, -1.5396253729704767e-05, -1.0888797078223433e-05, -2.740826175795519e-06], [1.2259579307283275e-05, 3.471711534075439e-05, 2.7535283152246848e-05, -3.559666220098734e-05, -2.0371948266983964e-05, -4.336975507612806e-06], [1.277634783036774e-05, 2.7535283152246848e-05, 3.4648346627363935e-05, -3.761002153623849e-05, -2.181313539040275e-05, -3.922016276192153e-06], [-1.5396253729704767e-05, -3.559666220098734e-05, -3.761002153623849e-05, 0.0002082337741740048, 0.00013456007582135499, 5.753447112510912e-05], [-1.0888797078223433e-05, -2.0371948266983964e-05, -2.181313539040275e-05, 0.00013456007582135499, 0.00014173414092510939, 5.805575710837729e-05], [-2.740826175795519e-06, -4.336975507612806e-06, -3.922016276192153e-06, 5.753447112510912e-05, 5.805575710837729e-05, 3.8725833292119205e-05]]</COVARIANCE_MATRIX>
		<ROI_SIZE>336</ROI_SIZE>
		<MAX_VALUE>[0.13529665768146515, 0.12567637860774994, 0.10871396213769913, 0.13754455745220184, 0.07431552559137344, 0.03711541369557381]</MAX_VALUE>
		<MIN_VALUE>[0.11650943011045456, 0.08252764493227005, 0.07234296947717667, 0.07554340362548828, 0.010446872562170029, 0.00271999160759151]</MIN_VALUE>
		<SIGNATURE_THRESHOLD_MD>0.0</SIGNATURE_THRESHOLD_MD>
		<SIGNATURE_THRESHOLD_ML>0.0</SIGNATURE_THRESHOLD_ML>
		<SIGNATURE_THRESHOLD_SAM>0.0</SIGNATURE_THRESHOLD_SAM>
	</signature>
	<signature ID="20210209_124347940993_198">
		<MACROCLASSID>1</MACROCLASSID>
		<MACROCLASSINFO>waterbody</MACROCLASSINFO>
		<CLASSID>7</CLASSID>
		<CLASSINFO>C 1</CLASSINFO>
		<VALUES>[0.1238596835701736, 0.00341636045382287, 0.11281667304100451, 0.005394971441624465, 0.09255665617505301, 0.006585173995475352, 0.10315629044912526, 0.01592640849165229, 0.03443877077805473, 0.013816023269266068, 0.016194486792544958, 0.007868485936357049]</VALUES>
		<LCS_MIN>[0.10899454355239868, 0.09037285298109055, 0.06242361664772034, 0.06727659702301025, 0.013108066283166409, 0.00271999160759151]</LCS_MIN>
		<LCS_MAX>[0.1315392106771469, 0.1217537522315979, 0.10540750622749329, 0.13754455745220184, 0.07165433466434479, 0.04475884139537811]</LCS_MAX>
		<WAVELENGTH>[0.485, 0.56, 0.66, 0.83, 1.65, 2.215]</WAVELENGTH>
		<MEAN_VALUE>[0.1238596835701736, 0.11281667304100451, 0.09255665617505301, 0.10315629044912526, 0.03443877077805473, 0.016194486792544958]</MEAN_VALUE>
		<CHECKBOX>2</CHECKBOX>
		<SD>[0.00341636045382287, 0.005394971441624465, 0.006585173995475352, 0.01592640849165229, 0.013816023269266068, 0.007868485936357049]</SD>
		<WAVELENGTH_UNIT>E-6m</WAVELENGTH_UNIT>
		<COLOR>#06db14</COLOR>
		<COVARIANCE_MATRIX>[[1.1731993254215922e-05, 1.280185369978426e-05, 1.5833213183213957e-05, -2.210693492088467e-05, -1.4370411008712836e-05, -5.954585503786802e-06], [1.280185369978426e-05, 2.9256523703224957e-05, 2.930826485680882e-05, -3.967395969084464e-05, -2.58626023423858e-05, -9.445807336305734e-06], [1.5833213183213957e-05, 2.930826485680882e-05, 4.358920341474004e-05, -4.7230143536580727e-05, -2.8646827558986843e-05, -7.828430170775391e-06], [-2.210693492088467e-05, -3.967395969084464e-05, -4.7230143536580727e-05, 0.00025496474700048566, 0.00017439870862290263, 8.492555207340047e-05], [-1.4370411008712836e-05, -2.58626023423858e-05, -2.8646827558986843e-05, 0.00017439870862290263, 0.00019187152793165296, 8.981618884718046e-05], [-5.954585503786802e-06, -9.445807336305734e-06, -7.828430170775391e-06, 8.492555207340047e-05, 8.981618884718046e-05, 6.22338629909791e-05]]</COVARIANCE_MATRIX>
		<ROI_SIZE>194</ROI_SIZE>
		<MAX_VALUE>[0.1315392106771469, 0.1217537522315979, 0.10540750622749329, 0.13754455745220184, 0.07165433466434479, 0.04475884139537811]</MAX_VALUE>
		<MIN_VALUE>[0.10899454355239868, 0.09037285298109055, 0.06242361664772034, 0.06727659702301025, 0.013108066283166409, 0.00271999160759151]</MIN_VALUE>
		<SIGNATURE_THRESHOLD_MD>0.0</SIGNATURE_THRESHOLD_MD>
		<SIGNATURE_THRESHOLD_ML>0.0</SIGNATURE_THRESHOLD_ML>
		<SIGNATURE_THRESHOLD_SAM>0.0</SIGNATURE_THRESHOLD_SAM>
	</signature>
	<signature ID="20210209_124418605353_859">
		<MACROCLASSID>1</MACROCLASSID>
		<MACROCLASSINFO>waterbody</MACROCLASSINFO>
		<CLASSID>8</CLASSID>
		<CLASSINFO>C 1</CLASSINFO>
		<VALUES>[0.10211434235443942, 0.002243799578861041, 0.07871104902713692, 0.002086938970710245, 0.05574369161213574, 0.002383996370461206, 0.06917572726269021, 0.014882897023494922, 0.023393222033297897, 0.010216522388711688, 0.010548129191659896, 0.005801599824829726]</VALUES>
		<LCS_MIN>[0.09584347903728485, 0.07468241453170776, 0.049197807908058167, 0.05074295029044151, 0.005124484654515982, 0.0]</LCS_MIN>
		<LCS_MAX>[0.10899454355239868, 0.0864502489566803, 0.06242361664772034, 0.10861068964004517, 0.05834835767745972, 0.033293697983026505]</LCS_MAX>
		<WAVELENGTH>[0.485, 0.56, 0.66, 0.83, 1.65, 2.215]</WAVELENGTH>
		<MEAN_VALUE>[0.10211434235443942, 0.07871104902713692, 0.05574369161213574, 0.06917572726269021, 0.023393222033297897, 0.010548129191659896]</MEAN_VALUE>
		<CHECKBOX>2</CHECKBOX>
		<SD>[0.002243799578861041, 0.002086938970710245, 0.002383996370461206, 0.014882897023494922, 0.010216522388711688, 0.005801599824829726]</SD>
		<WAVELENGTH_UNIT>E-6m</WAVELENGTH_UNIT>
		<COLOR>#589f4d</COLOR>
		<COVARIANCE_MATRIX>[[5.068885911896359e-06, 1.0853033245439292e-06, 1.479593606745766e-06, -6.85336715378071e-07, 1.5902390941846534e-06, -1.1143797706836267e-07], [1.0853033245439292e-06, 4.38494225818431e-06, 1.8600026123749558e-06, 8.179911674233153e-06, 6.287481028266484e-06, 3.0102935397735564e-06], [1.479593606745766e-06, 1.8600026123749558e-06, 5.722101377614308e-06, 4.404868377605453e-06, 5.72209228266729e-06, 2.9103662200213876e-06], [-6.85336715378071e-07, 8.179911674233153e-06, 4.404868377605453e-06, 0.0002230074314866215, 0.00012101198080927134, 5.543146107811481e-05], [1.5902390941846534e-06, 6.287481028266484e-06, 5.72209228266729e-06, 0.00012101198080927134, 0.00010508737614145502, 4.2120042053284124e-05], [-1.1143797706836267e-07, 3.0102935397735564e-06, 2.9103662200213876e-06, 5.543146107811481e-05, 4.2120042053284124e-05, 3.388752884347923e-05]]</COVARIANCE_MATRIX>
		<ROI_SIZE>148</ROI_SIZE>
		<MAX_VALUE>[0.10899454355239868, 0.0864502489566803, 0.06242361664772034, 0.10861068964004517, 0.05834835767745972, 0.033293697983026505]</MAX_VALUE>
		<MIN_VALUE>[0.09584347903728485, 0.07468241453170776, 0.049197807908058167, 0.05074295029044151, 0.005124484654515982, 0.0]</MIN_VALUE>
		<SIGNATURE_THRESHOLD_MD>0.0</SIGNATURE_THRESHOLD_MD>
		<SIGNATURE_THRESHOLD_ML>0.0</SIGNATURE_THRESHOLD_ML>
		<SIGNATURE_THRESHOLD_SAM>0.0</SIGNATURE_THRESHOLD_SAM>
	</signature>
	<signature ID="20210209_124430134087_610">
		<MACROCLASSID>1</MACROCLASSID>
		<MACROCLASSINFO>waterbody</MACROCLASSINFO>
		<CLASSID>9</CLASSID>
		<CLASSINFO>C 1</CLASSINFO>
		<VALUES>[0.11248651057805702, 0.0022174291148156886, 0.0937411888381062, 0.002655509804861495, 0.0676528466258036, 0.003654512535773875, 0.0752738420446606, 0.014211856363356671, 0.03185212868771961, 0.012855265279279614, 0.017321429670909817, 0.007792970680859972]</VALUES>
		<LCS_MIN>[0.10711581259965897, 0.0786050334572792, 0.045891355723142624, 0.0466095469892025, 0.0024632904678583145, 0.006541703827679157]</LCS_MIN>
		<LCS_MAX>[0.11838814616203308, 0.10214069485664368, 0.07895588874816895, 0.10861068964004517, 0.07165433466434479, 0.04475884139537811]</LCS_MAX>
		<WAVELENGTH>[0.485, 0.56, 0.66, 0.83, 1.65, 2.215]</WAVELENGTH>
		<MEAN_VALUE>[0.11248651057805702, 0.0937411888381062, 0.0676528466258036, 0.0752738420446606, 0.03185212868771961, 0.017321429670909817]</MEAN_VALUE>
		<CHECKBOX>2</CHECKBOX>
		<SD>[0.0022174291148156886, 0.002655509804861495, 0.003654512535773875, 0.014211856363356671, 0.012855265279279614, 0.007792970680859972]</SD>
		<WAVELENGTH_UNIT>E-6m</WAVELENGTH_UNIT>
		<COLOR>#91921f</COLOR>
		<COVARIANCE_MATRIX>[[4.943860858475091e-06, 1.5434098941113916e-06, 1.1242374284847756e-06, -4.10323355026776e-06, -4.5589476940222085e-06, -7.322363444473012e-07], [1.5434098941113916e-06, 7.090266535669798e-06, 1.992947090911912e-06, -1.6564330280743889e-06, 1.2152395356679335e-07, 1.1744635912691592e-06], [1.1242374284847756e-06, 1.992947090911912e-06, 1.3428442798613105e-05, 1.1350134627718944e-05, 1.1171882761118468e-05, 7.056324648146983e-06], [-4.10323355026776e-06, -1.6564330280743889e-06, 1.1350134627718944e-05, 0.00020308056264184415, 0.00014338945038616657, 7.258263940457255e-05], [-4.5589476940222085e-06, 1.2152395356679335e-07, 1.1171882761118468e-05, 0.00014338945038616657, 0.00016616089851595461, 8.488797902828082e-05], [-7.322363444473012e-07, 1.1744635912691592e-06, 7.056324648146983e-06, 7.258263940457255e-05, 8.488797902828082e-05, 6.106225191615522e-05]]</COVARIANCE_MATRIX>
		<ROI_SIZE>184</ROI_SIZE>
		<MAX_VALUE>[0.11838814616203308, 0.10214069485664368, 0.07895588874816895, 0.10861068964004517, 0.07165433466434479, 0.04475884139537811]</MAX_VALUE>
		<MIN_VALUE>[0.10711581259965897, 0.0786050334572792, 0.045891355723142624, 0.0466095469892025, 0.0024632904678583145, 0.006541703827679157]</MIN_VALUE>
		<SIGNATURE_THRESHOLD_MD>0.0</SIGNATURE_THRESHOLD_MD>
		<SIGNATURE_THRESHOLD_ML>0.0</SIGNATURE_THRESHOLD_ML>
		<SIGNATURE_THRESHOLD_SAM>0.0</SIGNATURE_THRESHOLD_SAM>
	</signature>
	<signature ID="20210209_124449621465_690">
		<MACROCLASSID>1</MACROCLASSID>
		<MACROCLASSINFO>waterbody</MACROCLASSINFO>
		<CLASSID>10</CLASSID>
		<CLASSINFO>C 1</CLASSINFO>
		<VALUES>[0.12717609366046342, 0.0023812698200626026, 0.11957900005811548, 0.00405453558315308, 0.11834137210549765, 0.00658774194649028, 0.12716434990845663, 0.011093137354710849, 0.027894906477822914, 0.013117308615125618, 0.01492279329484433, 0.009160229158624519]</VALUES>
		<LCS_MIN>[0.11463069915771484, 0.09037285298109055, 0.06573007255792618, 0.09207705408334732, 0.013108066283166409, 0.00271999160759151]</LCS_MIN>
		<LCS_MAX>[0.13529665768146515, 0.12959899008274078, 0.12855267524719238, 0.17474524676799774, 0.06899314373731613, 0.04858055338263512]</LCS_MAX>
		<WAVELENGTH>[0.485, 0.56, 0.66, 0.83, 1.65, 2.215]</WAVELENGTH>
		<MEAN_VALUE>[0.12717609366046342, 0.11957900005811548, 0.11834137210549765, 0.12716434990845663, 0.027894906477822914, 0.01492279329484433]</MEAN_VALUE>
		<CHECKBOX>2</CHECKBOX>
		<SD>[0.0023812698200626026, 0.00405453558315308, 0.00658774194649028, 0.011093137354710849, 0.013117308615125618, 0.009160229158624519]</SD>
		<WAVELENGTH_UNIT>E-6m</WAVELENGTH_UNIT>
		<COLOR>#47f6bd</COLOR>
		<COVARIANCE_MATRIX>[[5.226045686868019e-06, 3.7560669170488836e-06, 5.3581366046273615e-06, -3.7957947824907023e-06, -3.222745590392151e-06, -8.90357625848992e-07], [3.7560669170488836e-06, 1.454785615351284e-05, 1.4419600120163523e-05, -1.593334491190035e-05, -1.541737037769053e-05, -7.403250947390916e-06], [5.3581366046273615e-06, 1.4419600120163523e-05, 3.4031239920295775e-05, -3.09224815282505e-05, -3.067909710807726e-05, -1.5357187294284813e-05], [-3.7957947824907023e-06, -1.593334491190035e-05, -3.09224815282505e-05, 0.00011501350672915578, 0.00011014684423571452, 6.9035442720633e-05], [-3.222745590392151e-06, -1.541737037769053e-05, -3.067909710807726e-05, 0.00011014684423571452, 0.00016341031005140394, 0.0001029553241096437], [-8.90357625848992e-07, -7.403250947390916e-06, -1.5357187294284813e-05, 6.9035442720633e-05, 0.0001029553241096437, 7.99068802734837e-05]]</COVARIANCE_MATRIX>
		<ROI_SIZE>700</ROI_SIZE>
		<MAX_VALUE>[0.13529665768146515, 0.12959899008274078, 0.12855267524719238, 0.17474524676799774, 0.06899314373731613, 0.04858055338263512]</MAX_VALUE>
		<MIN_VALUE>[0.11463069915771484, 0.09037285298109055, 0.06573007255792618, 0.09207705408334732, 0.013108066283166409, 0.00271999160759151]</MIN_VALUE>
		<SIGNATURE_THRESHOLD_MD>0.0</SIGNATURE_THRESHOLD_MD>
		<SIGNATURE_THRESHOLD_ML>0.0</SIGNATURE_THRESHOLD_ML>
		<SIGNATURE_THRESHOLD_SAM>0.0</SIGNATURE_THRESHOLD_SAM>
	</signature>
	<signature ID="20210209_124604155993_560">
		<MACROCLASSID>1</MACROCLASSID>
		<MACROCLASSINFO>waterbody</MACROCLASSINFO>
		<CLASSID>11</CLASSID>
		<CLASSINFO>C 1</CLASSINFO>
		<VALUES>[0.1303399218861193, 0.0028334159140465105, 0.11985433495883799, 0.004220261209208469, 0.1184888612569391, 0.006426112315787852, 0.14023327883513806, 0.010334865275005605, 0.03369679401890888, 0.012836451218998636, 0.01834675721407109, 0.008904858832200014]</VALUES>
		<LCS_MIN>[0.11650943011045456, 0.09429547190666199, 0.07234296947717667, 0.1168774962425232, 0.015769261866807938, 0.0]</LCS_MIN>
		<LCS_MAX>[0.1409328132867813, 0.12959899008274078, 0.13185913860797882, 0.18714547157287598, 0.07431552559137344, 0.05240226536989212]</LCS_MAX>
		<WAVELENGTH>[0.485, 0.56, 0.66, 0.83, 1.65, 2.215]</WAVELENGTH>
		<MEAN_VALUE>[0.1303399218861193, 0.11985433495883799, 0.1184888612569391, 0.14023327883513806, 0.03369679401890888, 0.01834675721407109]</MEAN_VALUE>
		<CHECKBOX>2</CHECKBOX>
		<SD>[0.0028334159140465105, 0.004220261209208469, 0.006426112315787852, 0.010334865275005605, 0.012836451218998636, 0.008904858832200014]</SD>
		<WAVELENGTH_UNIT>E-6m</WAVELENGTH_UNIT>
		<COLOR>#3a7835</COLOR>
		<COVARIANCE_MATRIX>[[8.038000487431418e-06, 6.521501745737623e-06, 1.0272813597111963e-05, -5.056033842265606e-06, -6.5944368543569e-06, -1.6619799225736642e-06], [6.521501745737623e-06, 1.7832246157922782e-05, 2.057488018181175e-05, -1.4193560673447791e-05, -1.9686338418978266e-05, -8.115079253911972e-06], [1.0272813597111963e-05, 2.057488018181175e-05, 4.1345094359712675e-05, -3.1212759495247155e-05, -3.996998930233531e-05, -1.7419219147996046e-05], [-5.056033842265606e-06, -1.4193560673447791e-05, -3.1212759495247155e-05, 0.00010693922376958653, 0.0001028228216455318, 5.731970304623246e-05], [-6.5944368543569e-06, -1.9686338418978266e-05, -3.996998930233531e-05, 0.0001028228216455318, 0.0001649746991461143, 9.929528459906578e-05], [-1.6619799225736642e-06, -8.115079253911972e-06, -1.7419219147996046e-05, 5.731970304623246e-05, 9.929528459906578e-05, 7.939286297187209e-05]]</COVARIANCE_MATRIX>
		<ROI_SIZE>824</ROI_SIZE>
		<MAX_VALUE>[0.1409328132867813, 0.12959899008274078, 0.13185913860797882, 0.18714547157287598, 0.07431552559137344, 0.05240226536989212]</MAX_VALUE>
		<MIN_VALUE>[0.11650943011045456, 0.09429547190666199, 0.07234296947717667, 0.1168774962425232, 0.015769261866807938, 0.0]</MIN_VALUE>
		<SIGNATURE_THRESHOLD_MD>0.0</SIGNATURE_THRESHOLD_MD>
		<SIGNATURE_THRESHOLD_ML>0.0</SIGNATURE_THRESHOLD_ML>
		<SIGNATURE_THRESHOLD_SAM>0.0</SIGNATURE_THRESHOLD_SAM>
	</signature>
	<signature ID="20210209_125125858723_842">
		<MACROCLASSID>1</MACROCLASSID>
		<MACROCLASSINFO>waterbody</MACROCLASSINFO>
		<CLASSID>12</CLASSID>
		<CLASSINFO>C 1</CLASSINFO>
		<VALUES>[0.1282796527755978, 0.00345504272192452, 0.11458771103209826, 0.008176155353319801, 0.10746965870629775, 0.01864042023583822, 0.1274301173303657, 0.019074985597249704, 0.035789338075440734, 0.014632164284402106, 0.01948556526606843, 0.009993557776516114]</VALUES>
		<LCS_MIN>[0.11838814616203308, 0.09037285298109055, 0.06573007255792618, 0.05900977551937103, 0.015769261866807938, 0.006541703827679157]</LCS_MIN>
		<LCS_MAX>[0.1390541046857834, 0.12959899008274078, 0.12855267524719238, 0.1540781855583191, 0.09028270095586777, 0.06386740505695343]</LCS_MAX>
		<WAVELENGTH>[0.485, 0.56, 0.66, 0.83, 1.65, 2.215]</WAVELENGTH>
		<MEAN_VALUE>[0.1282796527755978, 0.11458771103209826, 0.10746965870629775, 0.1274301173303657, 0.035789338075440734, 0.01948556526606843]</MEAN_VALUE>
		<CHECKBOX>2</CHECKBOX>
		<SD>[0.00345504272192452, 0.008176155353319801, 0.01864042023583822, 0.019074985597249704, 0.014632164284402106, 0.009993557776516114]</SD>
		<WAVELENGTH_UNIT>E-6m</WAVELENGTH_UNIT>
		<COLOR>#2ae702</COLOR>
		<COVARIANCE_MATRIX>[[1.1958448340010364e-05, 2.1808860765304416e-05, 5.0568749429658055e-05, 3.2835814636200666e-05, -2.231208600278478e-05, -9.696581400930882e-06], [2.1808860765304416e-05, 6.69678338454105e-05, 0.00014335512241814286, 9.730569581734017e-05, -6.402329017873853e-05, -2.931670496764127e-05], [5.0568749429658055e-05, 0.00014335512241814286, 0.00034808024065569043, 0.0002528935146983713, -0.00014928288874216378, -7.086588448146358e-05], [3.2835814636200666e-05, 9.730569581734017e-05, 0.0002528935146983713, 0.0003644990792963654, 4.016560069430852e-06, 1.1152514161949512e-05], [-2.231208600278478e-05, -6.402329017873853e-05, -0.00014928288874216378, 4.016560069430852e-06, 0.00021447916515171528, 0.00012610242993105203], [-9.696581400930882e-06, -2.931670496764127e-05, -7.086588448146358e-05, 1.1152514161949512e-05, 0.00012610242993105203, 0.00010004796058638021]]</COVARIANCE_MATRIX>
		<ROI_SIZE>566</ROI_SIZE>
		<MAX_VALUE>[0.1390541046857834, 0.12959899008274078, 0.12855267524719238, 0.1540781855583191, 0.09028270095586777, 0.06386740505695343]</MAX_VALUE>
		<MIN_VALUE>[0.11838814616203308, 0.09037285298109055, 0.06573007255792618, 0.05900977551937103, 0.015769261866807938, 0.006541703827679157]</MIN_VALUE>
		<SIGNATURE_THRESHOLD_MD>0.0</SIGNATURE_THRESHOLD_MD>
		<SIGNATURE_THRESHOLD_ML>0.0</SIGNATURE_THRESHOLD_ML>
		<SIGNATURE_THRESHOLD_SAM>0.0</SIGNATURE_THRESHOLD_SAM>
	</signature>
	<signature ID="20210209_125242884641_960">
		<MACROCLASSID>1</MACROCLASSID>
		<MACROCLASSINFO>waterbody</MACROCLASSINFO>
		<CLASSID>13</CLASSID>
		<CLASSINFO>C 1</CLASSINFO>
		<VALUES>[0.1163276128711239, 0.004087059780139908, 0.09796501263495414, 0.006452091141083917, 0.08290229569519719, 0.0095542399723239, 0.10901069544976758, 0.01858492757578691, 0.07105341860123218, 0.021732513178197112, 0.04784086665078517, 0.019180413280443457]</VALUES>
		<LCS_MIN>[0.10899454355239868, 0.0864502489566803, 0.06573007255792618, 0.07554340362548828, 0.029075229540467262, 0.014185134321451187]</LCS_MIN>
		<LCS_MAX>[0.12778176367282867, 0.10998592525720596, 0.10210105031728745, 0.13341115415096283, 0.11689463257789612, 0.08679769188165665]</LCS_MAX>
		<WAVELENGTH>[0.485, 0.56, 0.66, 0.83, 1.65, 2.215]</WAVELENGTH>
		<MEAN_VALUE>[0.1163276128711239, 0.09796501263495414, 0.08290229569519719, 0.10901069544976758, 0.07105341860123218, 0.04784086665078517]</MEAN_VALUE>
		<CHECKBOX>2</CHECKBOX>
		<SD>[0.004087059780139908, 0.006452091141083917, 0.0095542399723239, 0.01858492757578691, 0.021732513178197112, 0.019180413280443457]</SD>
		<WAVELENGTH_UNIT>E-6m</WAVELENGTH_UNIT>
		<COLOR>#df243d</COLOR>
		<COVARIANCE_MATRIX>[[1.7260859749512747e-05, 2.0095756553928368e-05, 2.931618655566126e-05, 9.652660082792863e-06, 3.821772770606913e-05, 4.5094657252775505e-05], [2.0095756553928368e-05, 4.301713124732487e-05, 6.155839218990877e-05, 2.8748907425324433e-05, 7.082692172843963e-05, 8.925348083721474e-05], [2.931618655566126e-05, 6.155839218990877e-05, 9.432628576178104e-05, 6.0781068896176293e-05, 0.0001153724588220939, 0.0001441219646949321], [9.652660082792863e-06, 2.8748907425324433e-05, 6.0781068896176293e-05, 0.0003569128457456827, 0.0003280425735283643, 0.0002283049252582714], [3.821772770606913e-05, 7.082692172843963e-05, 0.0001153724588220939, 0.0003280425735283643, 0.0004880455380771309, 0.00033380521927028894], [4.5094657252775505e-05, 8.925348083721474e-05, 0.0001441219646949321, 0.0002283049252582714, 0.00033380521927028894, 0.00038015120662748814]]</COVARIANCE_MATRIX>
		<ROI_SIZE>31</ROI_SIZE>
		<MAX_VALUE>[0.12778176367282867, 0.10998592525720596, 0.10210105031728745, 0.13341115415096283, 0.11689463257789612, 0.08679769188165665]</MAX_VALUE>
		<MIN_VALUE>[0.10899454355239868, 0.0864502489566803, 0.06573007255792618, 0.07554340362548828, 0.029075229540467262, 0.014185134321451187]</MIN_VALUE>
		<SIGNATURE_THRESHOLD_MD>0.0</SIGNATURE_THRESHOLD_MD>
		<SIGNATURE_THRESHOLD_ML>0.0</SIGNATURE_THRESHOLD_ML>
		<SIGNATURE_THRESHOLD_SAM>0.0</SIGNATURE_THRESHOLD_SAM>
	</signature>
	<signature ID="20210209_125257687623_700">
		<MACROCLASSID>1</MACROCLASSID>
		<MACROCLASSINFO>waterbody</MACROCLASSINFO>
		<CLASSID>14</CLASSID>
		<CLASSINFO>C 1</CLASSINFO>
		<VALUES>[0.13453419018848195, 0.0035248429476061388, 0.12222779319365573, 0.007389039011617441, 0.1148773477997064, 0.011227027034038039, 0.11390544660952158, 0.01256672938397431, 0.030200810770974054, 0.01282878505892612, 0.015259496122270375, 0.009143967202519273]</VALUES>
		<LCS_MIN>[0.1202668622136116, 0.08252764493227005, 0.0756494328379631, 0.08794363588094711, 0.013108066283166409, 0.0]</LCS_MIN>
		<LCS_MAX>[0.14469027519226074, 0.149212047457695, 0.12855267524719238, 0.16647842526435852, 0.0769767239689827, 0.06768912822008133]</LCS_MAX>
		<WAVELENGTH>[0.485, 0.56, 0.66, 0.83, 1.65, 2.215]</WAVELENGTH>
		<MEAN_VALUE>[0.13453419018848195, 0.12222779319365573, 0.1148773477997064, 0.11390544660952158, 0.030200810770974054, 0.015259496122270375]</MEAN_VALUE>
		<CHECKBOX>2</CHECKBOX>
		<SD>[0.0035248429476061388, 0.007389039011617441, 0.011227027034038039, 0.01256672938397431, 0.01282878505892612, 0.009143967202519273]</SD>
		<WAVELENGTH_UNIT>E-6m</WAVELENGTH_UNIT>
		<COLOR>#09bb08</COLOR>
		<COVARIANCE_MATRIX>[[1.2437042641977314e-05, 1.7203203242388554e-05, 2.550022145442199e-05, -5.149131993675837e-06, -9.780296750250272e-06, -3.3078006254072534e-06], [1.7203203242388554e-05, 5.465293725137599e-05, 7.31038162484765e-05, -1.6290850908262655e-05, -3.2692449167370796e-05, -1.4807791558268946e-05], [2.550022145442199e-05, 7.31038162484765e-05, 0.00012617319589480758, -2.7679227059707046e-05, -5.6581306125735864e-05, -2.6863572202273645e-05], [-5.149131993675837e-06, -1.6290850908262655e-05, -2.7679227059707046e-05, 0.00015808187890797853, 0.00012832728680223227, 7.20064781489782e-05], [-9.780296750250272e-06, -3.2692449167370796e-05, -5.6581306125735864e-05, 0.00012832728680223227, 0.00016474362928420305, 9.866935579339042e-05], [-3.3078006254072534e-06, -1.4807791558268946e-05, -2.6863572202273645e-05, 7.20064781489782e-05, 9.866935579339042e-05, 8.369642455363646e-05]]</COVARIANCE_MATRIX>
		<ROI_SIZE>993</ROI_SIZE>
		<MAX_VALUE>[0.14469027519226074, 0.149212047457695, 0.12855267524719238, 0.16647842526435852, 0.0769767239689827, 0.06768912822008133]</MAX_VALUE>
		<MIN_VALUE>[0.1202668622136116, 0.08252764493227005, 0.0756494328379631, 0.08794363588094711, 0.013108066283166409, 0.0]</MIN_VALUE>
		<SIGNATURE_THRESHOLD_MD>0.0</SIGNATURE_THRESHOLD_MD>
		<SIGNATURE_THRESHOLD_ML>0.0</SIGNATURE_THRESHOLD_ML>
		<SIGNATURE_THRESHOLD_SAM>0.0</SIGNATURE_THRESHOLD_SAM>
	</signature>
	<signature ID="20210209_125313562544_359">
		<MACROCLASSID>1</MACROCLASSID>
		<MACROCLASSINFO>waterbody</MACROCLASSINFO>
		<CLASSID>15</CLASSID>
		<CLASSINFO>C 1</CLASSINFO>
		<VALUES>[0.1252751481572265, 0.00366807674341374, 0.10921172323195556, 0.006971238247648751, 0.10326701459523882, 0.011452315388993982, 0.12628644904807995, 0.013994581989231033, 0.03747900068073676, 0.013853907233194693, 0.0191433025573037, 0.008620388826074462]</VALUES>
		<LCS_MIN>[0.10899454355239868, 0.08252764493227005, 0.06242361664772034, 0.10034386068582535, 0.015769261866807938, 0.006541703827679157]</LCS_MIN>
		<LCS_MAX>[0.13341791927814484, 0.1217537522315979, 0.11532687395811081, 0.16647842526435852, 0.07431552559137344, 0.056223977357149124]</LCS_MAX>
		<WAVELENGTH>[0.485, 0.56, 0.66, 0.83, 1.65, 2.215]</WAVELENGTH>
		<MEAN_VALUE>[0.1252751481572265, 0.10921172323195556, 0.10326701459523882, 0.12628644904807995, 0.03747900068073676, 0.0191433025573037]</MEAN_VALUE>
		<CHECKBOX>2</CHECKBOX>
		<SD>[0.00366807674341374, 0.006971238247648751, 0.011452315388993982, 0.013994581989231033, 0.013853907233194693, 0.008620388826074462]</SD>
		<WAVELENGTH_UNIT>E-6m</WAVELENGTH_UNIT>
		<COLOR>#2a3213</COLOR>
		<COVARIANCE_MATRIX>[[1.3490287528838962e-05, 1.938498462550342e-05, 3.235083931940608e-05, -1.5242323570419103e-05, -1.400886776536936e-05, -2.9597686079796404e-06], [1.938498462550342e-05, 4.872638965025544e-05, 7.348878716584295e-05, -3.9797581848688424e-05, -3.5562494304031134e-05, -1.0153501534659881e-05], [3.235083931940608e-05, 7.348878716584295e-05, 0.0001315015833824873, -8.910641190595925e-05, -7.529528375016525e-05, -2.5367564376210794e-05], [-1.5242323570419103e-05, -3.9797581848688424e-05, -8.910641190595925e-05, 0.00019636507204268128, 0.00015084596816450357, 7.518134225392714e-05], [-1.400886776536936e-05, -3.5562494304031134e-05, -7.529528375016525e-05, 0.00015084596816450357, 0.00019243716087657958, 0.00010299550194758922], [-2.9597686079796404e-06, -1.0153501534659881e-05, -2.5367564376210794e-05, 7.518134225392714e-05, 0.00010299550194758922, 7.450717384926975e-05]]</COVARIANCE_MATRIX>
		<ROI_SIZE>380</ROI_SIZE>
		<MAX_VALUE>[0.13341791927814484, 0.1217537522315979, 0.11532687395811081, 0.16647842526435852, 0.07431552559137344, 0.056223977357149124]</MAX_VALUE>
		<MIN_VALUE>[0.10899454355239868, 0.08252764493227005, 0.06242361664772034, 0.10034386068582535, 0.015769261866807938, 0.006541703827679157]</MIN_VALUE>
		<SIGNATURE_THRESHOLD_MD>0.0</SIGNATURE_THRESHOLD_MD>
		<SIGNATURE_THRESHOLD_ML>0.0</SIGNATURE_THRESHOLD_ML>
		<SIGNATURE_THRESHOLD_SAM>0.0</SIGNATURE_THRESHOLD_SAM>
	</signature>
	<signature ID="20210209_125325217737_949">
		<MACROCLASSID>1</MACROCLASSID>
		<MACROCLASSINFO>waterbody</MACROCLASSINFO>
		<CLASSID>16</CLASSID>
		<CLASSINFO>C 1</CLASSINFO>
		<VALUES>[0.1354572274576225, 0.0036618078720455378, 0.12690568507312022, 0.005022902871317939, 0.1238332114413253, 0.007076817501682953, 0.1136861836638545, 0.010342978927200491, 0.029765169444013695, 0.011263121691693308, 0.01553839202532465, 0.008811162729723878]</VALUES>
		<LCS_MIN>[0.12590304017066956, 0.10606330633163452, 0.08887524157762527, 0.08794363588094711, 0.007785678841173649, 0.0]</LCS_MIN>
		<LCS_MAX>[0.14844770729541779, 0.14136680960655212, 0.1384720355272293, 0.14581137895584106, 0.06899314373731613, 0.05240226536989212]</LCS_MAX>
