<?xml version="1.0" ?>
<signaturelist MCID_LIST="[['1', 'waterbody', '#000000'], ['2', 'vegetation', '#000000'], ['3', 'bareland', '#000000'], ['4', 'built-up', '#000000']]">
	<signature ID="20210602_101839031275_974">
		<MACROCLASSID>1</MACROCLASSID>
		<MACROCLASSINFO>waterbody</MACROCLASSINFO>
		<CLASSID>1</CLASSID>
		<CLASSINFO>C 1</CLASSINFO>
		<VALUES>[0.16139977419463625, 0.0025483318430663576, 0.14450791283502226, 0.003060095575394552, 0.16127939233640265, 0.004023115630169764, 0.16124913195433355, 0.004985083149152251, 0.028767001456455214, 0.006810488383391331, 0.01457242511707332, 0.004984192770323158]</VALUES>
		<LCS_MIN>[0.15457582473754883, 0.13689860701560974, 0.1388869434595108, 0.14565010368824005, 0.01907990127801895, 0.002064781030640006]</LCS_MIN>
		<LCS_MAX>[0.16943340003490448, 0.15482833981513977, 0.1736249476671219, 0.19101479649543762, 0.06322042644023895, 0.0442882664501667]</LCS_MAX>
		<WAVELENGTH>[0.485, 0.56, 0.66, 0.835, 1.65, 2.22]</WAVELENGTH>
		<MEAN_VALUE>[0.16139977419463625, 0.14450791283502226, 0.16127939233640265, 0.16124913195433355, 0.028767001456455214, 0.01457242511707332]</MEAN_VALUE>
		<CHECKBOX>2</CHECKBOX>
		<SD>[0.0025483318430663576, 0.003060095575394552, 0.004023115630169764, 0.004985083149152251, 0.006810488383391331, 0.004984192770323158]</SD>
		<WAVELENGTH_UNIT>E-6m</WAVELENGTH_UNIT>
		<COLOR>#da60a2</COLOR>
		<COVARIANCE_MATRIX>[[6.497653771221152e-06, 4.830155508630196e-06, 4.449100179578752e-06, -2.903647336248598e-06, 4.344114343164836e-06, 2.599531474758696e-06], [4.830155508630196e-06, 9.369460527693477e-06, 8.236421702287677e-06, -5.83239726738127e-06, 2.539182410203469e-06, 1.2758450195490142e-06], [4.449100179578752e-06, 8.236421702287677e-06, 1.6194577942377798e-05, -9.402936819547915e-06, -7.531367829642144e-06, -5.043255232622213e-06], [-2.903647336248598e-06, -5.83239726738127e-06, -9.402936819547915e-06, 2.4865054597765955e-05, 8.804991859646933e-06, 4.595978666675016e-06], [4.344114343164836e-06, 2.539182410203469e-06, -7.531367829642144e-06, 8.804991859646933e-06, 4.640888314820704e-05, 2.967741234214671e-05], [2.599531474758696e-06, 1.2758450195490142e-06, -5.043255232622213e-06, 4.595978666675016e-06, 2.967741234214671e-05, 2.485617316473986e-05]]</COVARIANCE_MATRIX>
		<ROI_SIZE>1776</ROI_SIZE>
		<MAX_VALUE>[0.16943340003490448, 0.15482833981513977, 0.1736249476671219, 0.19101479649543762, 0.06322042644023895, 0.0442882664501667]</MAX_VALUE>
		<MIN_VALUE>[0.15457582473754883, 0.13689860701560974, 0.1388869434595108, 0.14565010368824005, 0.01907990127801895, 0.002064781030640006]</MIN_VALUE>
		<SIGNATURE_THRESHOLD_MD>0</SIGNATURE_THRESHOLD_MD>
		<SIGNATURE_THRESHOLD_ML>0</SIGNATURE_THRESHOLD_ML>
		<SIGNATURE_THRESHOLD_SAM>0</SIGNATURE_THRESHOLD_SAM>
	</signature>
	<signature ID="20210602_101844156147_715">
		<MACROCLASSID>1</MACROCLASSID>
		<MACROCLASSINFO>waterbody</MACROCLASSINFO>
		<CLASSID>2</CLASSID>
		<CLASSINFO>C 1</CLASSINFO>
		<VALUES>[0.15429540751522489, 0.0021417930476025225, 0.13963141968313436, 0.0021649061831983227, 0.1562326153119405, 0.003186310554961021, 0.16040961472338147, 0.003175505501632212, 0.02764305741491236, 0.007982876873568152, 0.014572485198963737, 0.006025208802803436]</VALUES>
		<LCS_MIN>[0.14863280951976776, 0.1336386501789093, 0.14190763235092163, 0.1526292860507965, 0.01907990127801895, 0.004075423814356327]</LCS_MIN>
		<LCS_MAX>[0.16200461983680725, 0.14830844104290009, 0.16607323288917542, 0.1770564317703247, 0.06532234698534012, 0.0442882664501667]</LCS_MAX>
		<WAVELENGTH>[0.485, 0.56, 0.66, 0.835, 1.65, 2.22]</WAVELENGTH>
		<MEAN_VALUE>[0.15429540751522489, 0.13963141968313436, 0.1562326153119405, 0.16040961472338147, 0.02764305741491236, 0.014572485198963737]</MEAN_VALUE>
		<CHECKBOX>2</CHECKBOX>
		<SD>[0.0021417930476025225, 0.0021649061831983227, 0.003186310554961021, 0.003175505501632212, 0.007982876873568152, 0.006025208802803436]</SD>
		<WAVELENGTH_UNIT>E-6m</WAVELENGTH_UNIT>
		<COLOR>#82a3da</COLOR>
		<COVARIANCE_MATRIX>[[4.963418143706571e-06, 2.2972113379260117e-06, 1.9815920694547234e-06, -8.459965315230874e-07, 2.461369027350996e-06, 1.535026392284279e-06], [2.2972113379260117e-06, 4.876379438279382e-06, 3.7875124388587565e-06, -1.160990781390142e-06, 2.8627253013265473e-07, -1.2696318628157197e-07], [1.9815920694547234e-06, 3.7875124388587565e-06, 1.0495743748549178e-05, -3.6847500493645027e-06, -8.545056297156627e-06, -6.384542066685279e-06], [-8.459965315230874e-07, -1.160990781390142e-06, -3.6847500493645027e-06, 1.0654387506266516e-05, 9.439411441420395e-06, 6.715429586702357e-06], [2.461369027350996e-06, 2.8627253013265473e-07, -8.545056297156627e-06, 9.439411441420395e-06, 5.1560079185875224e-05, 3.5510435260689555e-05], [1.535026392284279e-06, -1.2696318628157197e-07, -6.384542066685279e-06, 6.715429586702357e-06, 3.5510435260689555e-05, 3.0108425284815194e-05]]</COVARIANCE_MATRIX>
		<ROI_SIZE>1958</ROI_SIZE>
		<MAX_VALUE>[0.16200461983680725, 0.14830844104290009, 0.16607323288917542, 0.1770564317703247, 0.06532234698534012, 0.0442882664501667]</MAX_VALUE>
		<MIN_VALUE>[0.14863280951976776, 0.1336386501789093, 0.14190763235092163, 0.1526292860507965, 0.01907990127801895, 0.004075423814356327]</MIN_VALUE>
		<SIGNATURE_THRESHOLD_MD>0</SIGNATURE_THRESHOLD_MD>
		<SIGNATURE_THRESHOLD_ML>0</SIGNATURE_THRESHOLD_ML>
		<SIGNATURE_THRESHOLD_SAM>0</SIGNATURE_THRESHOLD_SAM>
	</signature>
	<signature ID="20210602_101850001124_933">
		<MACROCLASSID>1</MACROCLASSID>
		<MACROCLASSINFO>waterbody</MACROCLASSINFO>
		<CLASSID>3</CLASSID>
		<CLASSINFO>C 1</CLASSINFO>
		<VALUES>[0.163329298321676, 0.0030267394641103848, 0.14458428451062008, 0.0031128072541109077, 0.1568473843092095, 0.004331857453213019, 0.16226519244002666, 0.004840891444834764, 0.03097893054443367, 0.006906652955400424, 0.015272227738317852, 0.004999251530688739]</VALUES>
		<LCS_MIN>[0.15457582473754883, 0.13526862859725952, 0.140397310256958, 0.14913968741893768, 0.014876041561365128, 0.00608606543391943]</LCS_MIN>
		<LCS_MAX>[0.1724049299955368, 0.15156838297843933, 0.16758356988430023, 0.19101479649543762, 0.06742428988218307, 0.04227762296795845]</LCS_MAX>
		<WAVELENGTH>[0.485, 0.56, 0.66, 0.835, 1.65, 2.22]</WAVELENGTH>
		<MEAN_VALUE>[0.163329298321676, 0.14458428451062008, 0.1568473843092095, 0.16226519244002666, 0.03097893054443367, 0.015272227738317852]</MEAN_VALUE>
		<CHECKBOX>2</CHECKBOX>
		<SD>[0.0030267394641103848, 0.0031128072541109077, 0.004331857453213019, 0.004840891444834764, 0.006906652955400424, 0.004999251530688739]</SD>
		<WAVELENGTH_UNIT>E-6m</WAVELENGTH_UNIT>
		<COLOR>#9a26ab</COLOR>
		<COVARIANCE_MATRIX>[[9.168569720269892e-06, 6.557037074048873e-06, 7.3815629892293326e-06, 3.74900203756563e-06, 2.747633257671347e-06, 1.0285466437302522e-06], [6.557037074048873e-06, 9.697414806104605e-06, 9.659623511634429e-06, 3.1455878063468986e-06, 2.113011015621993e-06, 4.012560511776059e-07], [7.3815629892293326e-06, 9.659623511634429e-06, 1.8780183318030535e-05, -1.971556784769869e-06, -6.990450884185046e-06, -5.566468430851444e-06], [3.74900203756563e-06, 3.1455878063468986e-06, -1.971556784769869e-06, 2.3453205065678743e-05, 2.2355015037732895e-05, 1.4122326779066447e-05], [2.747633257671347e-06, 2.113011015621993e-06, -6.990450884185046e-06, 2.2355015037732895e-05, 4.7740480030184615e-05, 3.0121937203220824e-05], [1.0285466437302522e-06, 4.012560511776059e-07, -5.566468430851444e-06, 1.4122326779066447e-05, 3.0121937203220824e-05, 2.5012752722046816e-05]]</COVARIANCE_MATRIX>
		<ROI_SIZE>1236</ROI_SIZE>
		<MAX_VALUE>[0.1724049299955368, 0.15156838297843933, 0.16758356988430023, 0.19101479649543762, 0.06742428988218307, 0.04227762296795845]</MAX_VALUE>
		<MIN_VALUE>[0.15457582473754883, 0.13526862859725952, 0.140397310256958, 0.14913968741893768, 0.014876041561365128, 0.00608606543391943]</MIN_VALUE>
		<SIGNATURE_THRESHOLD_MD>0</SIGNATURE_THRESHOLD_MD>
		<SIGNATURE_THRESHOLD_ML>0</SIGNATURE_THRESHOLD_ML>
		<SIGNATURE_THRESHOLD_SAM>0</SIGNATURE_THRESHOLD_SAM>
	</signature>
	<signature ID="20210602_101911832072_428">
		<MACROCLASSID>1</MACROCLASSID>
		<MACROCLASSINFO>waterbody</MACROCLASSINFO>
		<CLASSID>4</CLASSID>
		<CLASSINFO>C 1</CLASSINFO>
		<VALUES>[0.15516546463255934, 0.0024308472540271802, 0.1382457073619336, 0.0025231523629894318, 0.1521319250558512, 0.0035039949363950638, 0.150643392919167, 0.0038372968926257264, 0.02526317792746392, 0.0066802782274342914, 0.012954114658023702, 0.00475017747739431]</VALUES>
		<LCS_MIN>[0.1471470445394516, 0.13037870824337006, 0.13133519887924194, 0.14216049015522003, 0.014876041561365128, 0.002064781030640006]</LCS_MIN>
		<LCS_MAX>[0.1634903848171234, 0.14667846262454987, 0.1615421622991562, 0.1770564317703247, 0.06532234698534012, 0.0402669832110405]</LCS_MAX>
		<WAVELENGTH>[0.485, 0.56, 0.66, 0.835, 1.65, 2.22]</WAVELENGTH>
		<MEAN_VALUE>[0.15516546463255934, 0.1382457073619336, 0.1521319250558512, 0.150643392919167, 0.02526317792746392, 0.012954114658023702]</MEAN_VALUE>
		<CHECKBOX>2</CHECKBOX>
		<SD>[0.0024308472540271802, 0.0025231523629894318, 0.0035039949363950638, 0.0038372968926257264, 0.0066802782274342914, 0.00475017747739431]</SD>
		<WAVELENGTH_UNIT>E-6m</WAVELENGTH_UNIT>
		<COLOR>#bcb6e5</COLOR>
		<COVARIANCE_MATRIX>[[6.4242203055573304e-06, 4.0937278426003866e-06, 4.232259674088572e-06, 8.643322527659845e-07, 2.5129106451462746e-06, 1.5042128258031782e-06], [4.0937278426003866e-06, 8.134154931723535e-06, 8.759201327229202e-06, -3.13337656020683e-06, 6.644414325192177e-07, 7.160681670862293e-07], [4.232259674088572e-06, 8.759201327229202e-06, 2.0501036314012164e-05, -1.1639786642915564e-05, -6.546556198976181e-06, -3.469570383180786e-06], [8.643322527659845e-07, -3.13337656020683e-06, -1.1639786642915564e-05, 2.672600627592305e-05, 1.4507421579297288e-05, 8.43808148090817e-06], [2.5129106451462746e-06, 6.644414325192177e-07, -6.546556198976181e-06, 1.4507421579297288e-05, 4.891815718816291e-05, 3.194064198644053e-05], [1.5042128258031782e-06, 7.160681670862293e-07, -3.469570383180786e-06, 8.43808148090817e-06, 3.194064198644053e-05, 2.688747020012283e-05]]</COVARIANCE_MATRIX>
		<ROI_SIZE>2249</ROI_SIZE>
		<MAX_VALUE>[0.1634903848171234, 0.14667846262454987, 0.1615421622991562, 0.1770564317703247, 0.06532234698534012, 0.0402669832110405]</MAX_VALUE>
		<MIN_VALUE>[0.1471470445394516, 0.13037870824337006, 0.13133519887924194, 0.14216049015522003, 0.014876041561365128, 0.002064781030640006]</MIN_VALUE>
		<SIGNATURE_THRESHOLD_MD>0</SIGNATURE_THRESHOLD_MD>
		<SIGNATURE_THRESHOLD_ML>0</SIGNATURE_THRESHOLD_ML>
		<SIGNATURE_THRESHOLD_SAM>0</SIGNATURE_THRESHOLD_SAM>
	</signature>
	<signature ID="20210602_101917040389_590">
		<MACROCLASSID>1</MACROCLASSID>
		<MACROCLASSINFO>waterbody</MACROCLASSINFO>
		<CLASSID>5</CLASSID>
		<CLASSINFO>C 1</CLASSINFO>
		<VALUES>[0.1436955709886381, 0.0020185308292967395, 0.13138920944759228, 0.0018412131956998252, 0.14852842322225537, 0.00283904482221672, 0.15810405261230573, 0.0036605155941989323, 0.027165587383129946, 0.009409945536688964, 0.015241413081624503, 0.007184974878521735]</VALUES>
		<LCS_MIN>[0.13674674928188324, 0.1254887878894806, 0.13133519887924194, 0.14913968741893768, 0.01697796955704689, 0.002064781030640006]</LCS_MIN>
		<LCS_MAX>[0.15309007465839386, 0.13852857053279877, 0.15399043262004852, 0.19450439512729645, 0.06742428988218307, 0.05032018944621086]</LCS_MAX>
		<WAVELENGTH>[0.485, 0.56, 0.66, 0.835, 1.65, 2.22]</WAVELENGTH>
		<MEAN_VALUE>[0.1436955709886381, 0.13138920944759228, 0.14852842322225537, 0.15810405261230573, 0.027165587383129946, 0.015241413081624503]</MEAN_VALUE>
		<CHECKBOX>2</CHECKBOX>
		<SD>[0.0020185308292967395, 0.0018412131956998252, 0.00283904482221672, 0.0036605155941989323, 0.009409945536688964, 0.007184974878521735]</SD>
		<WAVELENGTH_UNIT>E-6m</WAVELENGTH_UNIT>
		<COLOR>#a6d561</COLOR>
		<COVARIANCE_MATRIX>[[4.079311496822385e-06, 1.4099283127878838e-06, 1.8713689670715912e-06, -9.69512765988626e-07, 2.4891844616578216e-06, 2.303673707631322e-06], [1.4099283127878838e-06, 3.3940970261119467e-06, 2.05715116554494e-06, -1.183286195543864e-06, 7.005948058781402e-07, 8.343362861340785e-07], [1.8713689670715912e-06, 2.05715116554494e-06, 8.069759540014107e-06, -4.767576505189659e-06, -1.0820665874696503e-05, -7.477333116686996e-06], [-9.69512765988626e-07, -1.183286195543864e-06, -4.767576505189659e-06, 1.3415307084119734e-05, 1.529235423346125e-05, 1.097833085811293e-05], [2.4891844616578216e-06, 7.005948058781402e-07, -1.0820665874696503e-05, 1.529235423346125e-05, 8.865236284531162e-05, 6.355119305125672e-05], [2.303673707631322e-06, 8.343362861340785e-07, -7.477333116686996e-06, 1.097833085811293e-05, 6.355119305125672e-05, 5.168524790986949e-05]]</COVARIANCE_MATRIX>
		<ROI_SIZE>842</ROI_SIZE>
		<MAX_VALUE>[0.15309007465839386, 0.13852857053279877, 0.15399043262004852, 0.19450439512729645, 0.06742428988218307, 0.05032018944621086]</MAX_VALUE>
		<MIN_VALUE>[0.13674674928188324, 0.1254887878894806, 0.13133519887924194, 0.14913968741893768, 0.01697796955704689, 0.002064781030640006]</MIN_VALUE>
		<SIGNATURE_THRESHOLD_MD>0</SIGNATURE_THRESHOLD_MD>
		<SIGNATURE_THRESHOLD_ML>0</SIGNATURE_THRESHOLD_ML>
		<SIGNATURE_THRESHOLD_SAM>0</SIGNATURE_THRESHOLD_SAM>
	</signature>
	<signature ID="20210602_102155690638_670">
		<MACROCLASSID>1</MACROCLASSID>
		<MACROCLASSINFO>waterbody</MACROCLASSINFO>
		<CLASSID>6</CLASSID>
		<CLASSINFO>C 1</CLASSINFO>
		<VALUES>[0.145496283855178, 0.0019032588715140082, 0.10673601554319413, 0.0019636219375857205, 0.07583637530285353, 0.001938733115407301, 0.049717954115284284, 0.0017809902259675503, 0.024480399879144417, 0.0016696852960850714, 0.016090834493788776, 0.0020491720048579987]</VALUES>
		<LCS_MIN>[0.13971826434135437, 0.09940919280052185, 0.06941091269254684, 0.044451888650655746, 0.01697796955704689, 0.008096707984805107]</LCS_MIN>
		<LCS_MAX>[0.15309007465839386, 0.11244898289442062, 0.08451440185308456, 0.05492066591978073, 0.03169148042798042, 0.024181848391890526]</LCS_MAX>
		<WAVELENGTH>[0.485, 0.56, 0.66, 0.835, 1.65, 2.22]</WAVELENGTH>
		<MEAN_VALUE>[0.145496283855178, 0.10673601554319413, 0.07583637530285353, 0.049717954115284284, 0.024480399879144417, 0.016090834493788776]</MEAN_VALUE>
		<CHECKBOX>2</CHECKBOX>
		<SD>[0.0019032588715140082, 0.0019636219375857205, 0.001938733115407301, 0.0017809902259675503, 0.0016696852960850714, 0.0020491720048579987]</SD>
		<WAVELENGTH_UNIT>E-6m</WAVELENGTH_UNIT>
		<COLOR>#097f35</COLOR>
		<COVARIANCE_MATRIX>[[3.5128653931885385e-06, 1.2530174947336113e-06, 8.172593151929821e-07, 1.691744212990881e-07, -1.1474114648634182e-07, -9.332024414691335e-08], [1.2530174947336113e-06, 3.6377771118037354e-06, 1.28514767633646e-06, 1.9688513527250473e-07, -1.1516170444931159e-07, -1.0976798074390829e-07], [8.172593151929821e-07, 1.28514767633646e-06, 3.666504937029958e-06, 3.156806315300661e-07, 1.0716162890636769e-07, 8.192403096363515e-08], [1.691744212990881e-07, 1.9688513527250473e-07, 3.156806315300661e-07, 3.2018505433874194e-06, 2.7620340446910126e-07, 2.636374700236922e-07], [-1.1474114648634182e-07, -1.1516170444931159e-07, 1.0716162890636769e-07, 2.7620340446910126e-07, 2.8002389271133205e-06, 4.7396775329378046e-07], [-9.332024414691335e-08, -1.0976798074390829e-07, 8.192403096363515e-08, 2.636374700236922e-07, 4.7396775329378046e-07, 4.280102845698651e-06]]</COVARIANCE_MATRIX>
		<ROI_SIZE>10200</ROI_SIZE>
		<MAX_VALUE>[0.15309007465839386, 0.11244898289442062, 0.08451440185308456, 0.05492066591978073, 0.03169148042798042, 0.024181848391890526]</MAX_VALUE>
		<MIN_VALUE>[0.13971826434135437, 0.09940919280052185, 0.06941091269254684, 0.044451888650655746, 0.01697796955704689, 0.008096707984805107]</MIN_VALUE>
		<SIGNATURE_THRESHOLD_MD>0</SIGNATURE_THRESHOLD_MD>
		<SIGNATURE_THRESHOLD_ML>0</SIGNATURE_THRESHOLD_ML>
		<SIGNATURE_THRESHOLD_SAM>0</SIGNATURE_THRESHOLD_SAM>
	</signature>
	<signature ID="20210602_102200068530_625">
		<MACROCLASSID>1</MACROCLASSID>
		<MACROCLASSINFO>waterbody</MACROCLASSINFO>
		<CLASSID>7</CLASSID>
		<CLASSINFO>C 1</CLASSINFO>
		<VALUES>[0.1423666348551762, 0.0017589384945871929, 0.09775017094321974, 0.0016039558435253594, 0.06964669024860691, 0.0016609001175029523, 0.0499310153705551, 0.0017791235656167072, 0.02143745875053679, 0.0015358310863966742, 0.013184694681937484, 0.0020626164553624684]</VALUES>
		<LCS_MIN>[0.13526098430156708, 0.09125932306051254, 0.06336952745914459, 0.044451888650655746, 0.01697796955704689, 0.004075423814356327]</LCS_MIN>
		<LCS_MAX>[0.15011857450008392, 0.10429912805557251, 0.0769626572728157, 0.05492066591978073, 0.029589546844363213, 0.022171203047037125]</LCS_MAX>
		<WAVELENGTH>[0.485, 0.56, 0.66, 0.835, 1.65, 2.22]</WAVELENGTH>
		<MEAN_VALUE>[0.1423666348551762, 0.09775017094321974, 0.06964669024860691, 0.0499310153705551, 0.02143745875053679, 0.013184694681937484]</MEAN_VALUE>
		<CHECKBOX>2</CHECKBOX>
		<SD>[0.0017589384945871929, 0.0016039558435253594, 0.0016609001175029523, 0.0017791235656167072, 0.0015358310863966742, 0.0020626164553624684]</SD>
		<WAVELENGTH_UNIT>E-6m</WAVELENGTH_UNIT>
		<COLOR>#4b52e3</COLOR>
		<COVARIANCE_MATRIX>[[3.0513804974538606e-06, 5.733135766645476e-07, 2.337755604231826e-07, 1.276355604324891e-07, 5.3913933682437264e-08, 2.380840219262714e-08], [5.733135766645476e-07, 2.6255075365993215e-06, 2.7078679999609115e-07, 2.4185830847416706e-07, 5.895905489950023e-08, -2.1939423273204308e-08], [2.337755604231826e-07, 2.7078679999609115e-07, 2.732867100656066e-06, 1.7549897188100395e-07, 1.611146104641296e-07, 1.1516354255443516e-07], [1.276355604324891e-07, 2.4185830847416706e-07, 1.7549897188100395e-07, 3.136391730652467e-06, 1.9198013668626664e-07, 2.071397139809075e-07], [5.3913933682437264e-08, 5.895905489950023e-08, 1.611146104641296e-07, 1.9198013668626664e-07, 2.3621635256974115e-06, 2.7817915815106863e-07], [2.380840219262714e-08, -2.1939423273204308e-08, 1.1516354255443516e-07, 2.071397139809075e-07, 2.7817915815106863e-07, 4.212711592363568e-06]]</COVARIANCE_MATRIX>
		<ROI_SIZE>10201</ROI_SIZE>
		<MAX_VALUE>[0.15011857450008392, 0.10429912805557251, 0.0769626572728157, 0.05492066591978073, 0.029589546844363213, 0.022171203047037125]</MAX_VALUE>
		<MIN_VALUE>[0.13526098430156708, 0.09125932306051254, 0.06336952745914459, 0.044451888650655746, 0.01697796955704689, 0.004075423814356327]</MIN_VALUE>
		<SIGNATURE_THRESHOLD_MD>0</SIGNATURE_THRESHOLD_MD>
		<SIGNATURE_THRESHOLD_ML>0</SIGNATURE_THRESHOLD_ML>
		<SIGNATURE_THRESHOLD_SAM>0</SIGNATURE_THRESHOLD_SAM>
	</signature>
	<signature ID="20210602_102205053320_264">
		<MACROCLASSID>1</MACROCLASSID>
		<MACROCLASSINFO>waterbody</MACROCLASSINFO>
		<CLASSID>8</CLASSID>
		<CLASSINFO>C 1</CLASSINFO>
		<VALUES>[0.15570906161059553, 0.0023982747757404035, 0.13490380031861005, 0.0027256218429016414, 0.11448197722377738, 0.00568461971368227, 0.10509571914026987, 0.008187664087234764, 0.03407608859033454, 0.00767548600073333, 0.016948554901930403, 0.005139714568516249]</VALUES>
		<LCS_MIN>[0.14863280951976776, 0.12874872982501984, 0.10414893180131912, 0.09330619126558304, 0.023283757269382477, 0.004075423814356327]</LCS_MIN>
		<LCS_MAX>[0.1634903848171234, 0.14667846262454987, 0.13586625456809998, 0.1386709064245224, 0.06742428988218307, 0.04227762296795845]</LCS_MAX>
		<WAVELENGTH>[0.485, 0.56, 0.66, 0.835, 1.65, 2.22]</WAVELENGTH>
		<MEAN_VALUE>[0.15570906161059553, 0.13490380031861005, 0.11448197722377738, 0.10509571914026987, 0.03407608859033454, 0.016948554901930403]</MEAN_VALUE>
		<CHECKBOX>2</CHECKBOX>
		<SD>[0.0023982747757404035, 0.0027256218429016414, 0.00568461971368227, 0.008187664087234764, 0.00767548600073333, 0.005139714568516249]</SD>
		<WAVELENGTH_UNIT>E-6m</WAVELENGTH_UNIT>
		<COLOR>#445a51</COLOR>
		<COVARIANCE_MATRIX>[[6.819334442586901e-06, 4.966454341428526e-06, 7.837355662916969e-06, 1.998441843020243e-06, 4.447763091370151e-06, 2.7705770146310764e-06], [4.966454341428526e-06, 8.653027180298385e-06, 1.2000840506778364e-05, 3.3523274158158076e-06, 6.679749944660724e-06, 4.675644706232217e-06], [7.837355662916969e-06, 1.2000840506778364e-05, 3.20127893533171e-05, 3.709239891374732e-06, 1.1512260235912756e-05, 8.378954720384337e-06], [1.998441843020243e-06, 3.3523274158158076e-06, 3.709239891374732e-06, 6.25461697154267e-05, 4.521824715310453e-05, 2.511626125278427e-05], [4.447763091370151e-06, 6.679749944660724e-06, 1.1512260235912756e-05, 4.521824715310453e-05, 5.6806919678936506e-05, 3.2453469858327405e-05], [2.7705770146310764e-06, 4.675644706232217e-06, 8.378954720384337e-06, 2.511626125278427e-05, 3.2453469858327405e-05, 2.49460135072574e-05]]</COVARIANCE_MATRIX>
		<ROI_SIZE>1602</ROI_SIZE>
		<MAX_VALUE>[0.1634903848171234, 0.14667846262454987, 0.13586625456809998, 0.1386709064245224, 0.06742428988218307, 0.04227762296795845]</MAX_VALUE>
		<MIN_VALUE>[0.14863280951976776, 0.12874872982501984, 0.10414893180131912, 0.09330619126558304, 0.023283757269382477, 0.004075423814356327]</MIN_VALUE>
		<SIGNATURE_THRESHOLD_MD>0</SIGNATURE_THRESHOLD_MD>
		<SIGNATURE_THRESHOLD_ML>0</SIGNATURE_THRESHOLD_ML>
		<SIGNATURE_THRESHOLD_SAM>0</SIGNATURE_THRESHOLD_SAM>
	</signature>
	<signature ID="20210602_102210600639_464">
		<MACROCLASSID>1</MACROCLASSID>
		<MACROCLASSINFO>waterbody</MACROCLASSINFO>
		<CLASSID>9</CLASSID>
		<CLASSINFO>C 1</CLASSINFO>
		<VALUES>[0.16297180557649515, 0.0028625518276903248, 0.13747696304984214, 0.0038538619448294665, 0.1105000205828607, 0.004135059335045418, 0.0907821645690124, 0.012738698810674628, 0.03234120389031635, 0.008650021951474197, 0.01728556872161539, 0.005236735464642741]</VALUES>
		<LCS_MIN>[0.1516043096780777, 0.1271187663078308, 0.09810753166675568, 0.07236862927675247, 0.01907990127801895, 0.00608606543391943]</LCS_MIN>
		<LCS_MAX>[0.17389066517353058, 0.14830844104290009, 0.12378346920013428, 0.12122293561697006, 0.06742428988218307, 0.04830954968929291]</LCS_MAX>
		<WAVELENGTH>[0.485, 0.56, 0.66, 0.835, 1.65, 2.22]</WAVELENGTH>
		<MEAN_VALUE>[0.16297180557649515, 0.13747696304984214, 0.1105000205828607, 0.0907821645690124, 0.03234120389031635, 0.01728556872161539]</MEAN_VALUE>
		<CHECKBOX>2</CHECKBOX>
		<SD>[0.0028625518276903248, 0.0038538619448294665, 0.004135059335045418, 0.012738698810674628, 0.008650021951474197, 0.005236735464642741]</SD>
		<WAVELENGTH_UNIT>E-6m</WAVELENGTH_UNIT>
		<COLOR>#e40023</COLOR>
		<COVARIANCE_MATRIX>[[7.646920267898889e-06, 7.5640643118381255e-06, 5.1434627051131125e-06, -4.1849297657162895e-07, -2.1498270766688178e-06, -1.4502257585449314e-06], [7.5640643118381255e-06, 1.4530844942545507e-05, 7.505300668727439e-06, -5.760688468582409e-06, -5.0955850598876245e-06, -3.135380860339259e-06], [5.1434627051131125e-06, 7.505300668727439e-06, 1.727093496186643e-05, 2.7614295763385276e-05, 8.530728679214764e-06, 3.90046184479497e-06], [-4.1849297657162895e-07, -5.760688468582409e-06, 2.7614295763385276e-05, 0.00018584563502316203, 9.758399206138277e-05, 4.8888197073717e-05], [-2.1498270766688178e-06, -5.0955850598876245e-06, 8.530728679214764e-06, 9.758399206138277e-05, 8.892425038165872e-05, 4.716223680017722e-05], [-1.4502257585449314e-06, -3.135380860339259e-06, 3.90046184479497e-06, 4.8888197073717e-05, 4.716223680017722e-05, 3.105785451589056e-05]]</COVARIANCE_MATRIX>
		<ROI_SIZE>4688</ROI_SIZE>
		<MAX_VALUE>[0.17389066517353058, 0.14830844104290009, 0.12378346920013428, 0.12122293561697006, 0.06742428988218307, 0.04830954968929291]</MAX_VALUE>
		<MIN_VALUE>[0.1516043096780777, 0.1271187663078308, 0.09810753166675568, 0.07236862927675247, 0.01907990127801895, 0.00608606543391943]</MIN_VALUE>
		<SIGNATURE_THRESHOLD_MD>0</SIGNATURE_THRESHOLD_MD>
		<SIGNATURE_THRESHOLD_ML>0</SIGNATURE_THRESHOLD_ML>
		<SIGNATURE_THRESHOLD_SAM>0</SIGNATURE_THRESHOLD_SAM>
	</signature>
	<signature ID="20210602_102214926868_662">
		<MACROCLASSID>1</MACROCLASSID>
		<MACROCLASSINFO>waterbody</MACROCLASSINFO>
		<CLASSID>10</CLASSID>
		<CLASSINFO>C 1</CLASSINFO>
		<VALUES>[0.15542609675882654, 0.0028567224396721645, 0.11618851619978546, 0.005112432087112628, 0.08379586195026095, 0.00465591183482143, 0.06428095483076683, 0.003969522845633091, 0.02552199992520286, 0.0017351279053711133, 0.014775622810818066, 0.002108228624313419]</VALUES>
		<LCS_MIN>[0.14566127955913544, 0.10755907744169235, 0.07243160903453827, 0.05841026082634926, 0.01907990127801895, 0.00608606543391943]</LCS_MIN>
		<LCS_MAX>[0.1679476499557495, 0.13689860701560974, 0.10867998749017715, 0.08632701635360718, 0.03169148042798042, 0.024181848391890526]</LCS_MAX>
		<WAVELENGTH>[0.485, 0.56, 0.66, 0.835, 1.65, 2.22]</WAVELENGTH>
		<MEAN_VALUE>[0.15542609675882654, 0.11618851619978546, 0.08379586195026095, 0.06428095483076683, 0.02552199992520286, 0.014775622810818066]</MEAN_VALUE>
		<CHECKBOX>2</CHECKBOX>
		<SD>[0.0028567224396721645, 0.005112432087112628, 0.00465591183482143, 0.003969522845633091, 0.0017351279053711133, 0.002108228624313419]</SD>
		<WAVELENGTH_UNIT>E-6m</WAVELENGTH_UNIT>
		<COLOR>#359579</COLOR>
		<COVARIANCE_MATRIX>[[8.158816581982565e-06, 1.0690950960705131e-05, 9.244987040513225e-06, 7.833780234671066e-06, 1.5618073892486961e-06, 3.2764628288545474e-07], [1.0690950960705131e-05, 2.4416136087403412e-05, 1.9230054630907888e-05, 1.617871308411231e-05, 2.748502869497141e-06, 1.809244370558291e-07], [9.244987040513225e-06, 1.9230054630907888e-05, 1.980918105226978e-05, 1.4188052456825947e-05, 2.6866251498916486e-06, 5.022939708380792e-07], [7.833780234671066e-06, 1.617871308411231e-05, 1.4188052456825947e-05, 1.452328898843004e-05, 2.299204556722519e-06, 3.9925672484445237e-07], [1.5618073892486961e-06, 2.748502869497141e-06, 2.6866251498916486e-06, 2.299204556722519e-06, 3.0136403547370786e-06, 5.038916573061008e-07], [3.2764628288545474e-07, 1.809244370558291e-07, 5.022939708380792e-07, 3.9925672484445237e-07, 5.038916573061008e-07, 4.368300076377249e-06]]</COVARIANCE_MATRIX>
		<ROI_SIZE>10201</ROI_SIZE>
		<MAX_VALUE>[0.1679476499557495, 0.13689860701560974, 0.10867998749017715, 0.08632701635360718, 0.03169148042798042, 0.024181848391890526]</MAX_VALUE>
		<MIN_VALUE>[0.14566127955913544, 0.10755907744169235, 0.07243160903453827, 0.05841026082634926, 0.01907990127801895, 0.00608606543391943]</MIN_VALUE>
		<SIGNATURE_THRESHOLD_MD>0</SIGNATURE_THRESHOLD_MD>
		<SIGNATURE_THRESHOLD_ML>0</SIGNATURE_THRESHOLD_ML>
		<SIGNATURE_THRESHOLD_SAM>0</SIGNATURE_THRESHOLD_SAM>
	</signature>
	<signature ID="20210602_102223422791_733">
		<MACROCLASSID>1</MACROCLASSID>
		<MACROCLASSINFO>waterbody</MACROCLASSINFO>
		<CLASSID>11</CLASSID>
		<CLASSINFO>C 1</CLASSINFO>
		<VALUES>[0.15245481701923805, 0.002430170520587749, 0.1319890008560966, 0.0031319279921650104, 0.11770255961108739, 0.004048873754286278, 0.10431912377236843, 0.008041747950897843, 0.03384627377280827, 0.007830255729543328, 0.01687556768578275, 0.005308447996266045]</VALUES>
		<LCS_MIN>[0.14417552947998047, 0.12059886753559113, 0.10263857245445251, 0.09330619126558304, 0.01697796955704689, 0.004075423814356327]</LCS_MIN>
		<LCS_MAX>[0.15903310477733612, 0.14341850578784943, 0.13133519887924194, 0.1386709064245224, 0.06952621042728424, 0.04227762296795845]</LCS_MAX>
		<WAVELENGTH>[0.485, 0.56, 0.66, 0.835, 1.65, 2.22]</WAVELENGTH>
		<MEAN_VALUE>[0.15245481701923805, 0.1319890008560966, 0.11770255961108739, 0.10431912377236843, 0.03384627377280827, 0.01687556768578275]</MEAN_VALUE>
		<CHECKBOX>2</CHECKBOX>
		<SD>[0.002430170520587749, 0.0031319279921650104, 0.004048873754286278, 0.008041747950897843, 0.007830255729543328, 0.005308447996266045]</SD>
		<WAVELENGTH_UNIT>E-6m</WAVELENGTH_UNIT>
		<COLOR>#aa0fd2</COLOR>
		<COVARIANCE_MATRIX>[[5.91167611941481e-06, 4.887062262846287e-06, 6.33403476863976e-06, 1.8497407936851354e-06, 4.068612817600533e-06, 3.59692253707594e-06], [4.887062262846287e-06, 9.818851067893451e-06, 1.0062226083349763e-05, 4.661897159238475e-06, 7.360412905177383e-06, 6.166444393361335e-06], [6.33403476863976e-06, 1.0062226083349763e-05, 1.640988761941523e-05, 6.019178536670768e-06, 9.558007966789392e-06, 8.21586347170487e-06], [1.8497407936851354e-06, 4.661897159238475e-06, 6.019178536670768e-06, 6.47348356950001e-05, 5.196538176915808e-05, 3.081557492219141e-05], [4.068612817600533e-06, 7.360412905177383e-06, 9.558007966789392e-06, 5.196538176915808e-05, 6.13746499106806e-05, 3.6077624583632034e-05], [3.59692253707594e-06, 6.166444393361335e-06, 8.21586347170487e-06, 3.081557492219141e-05, 3.6077624583632034e-05, 2.8207998397066077e-05]]</COVARIANCE_MATRIX>
		<ROI_SIZE>994</ROI_SIZE>
		<MAX_VALUE>[0.15903310477733612, 0.14341850578784943, 0.13133519887924194, 0.1386709064245224, 0.06952621042728424, 0.04227762296795845]</MAX_VALUE>
		<MIN_VALUE>[0.14417552947998047, 0.12059886753559113, 0.10263857245445251, 0.09330619126558304, 0.01697796955704689, 0.004075423814356327]</MIN_VALUE>
		<SIGNATURE_THRESHOLD_MD>0</SIGNATURE_THRESHOLD_MD>
		<SIGNATURE_THRESHOLD_ML>0</SIGNATURE_THRESHOLD_ML>
		<SIGNATURE_THRESHOLD_SAM>0</SIGNATURE_THRESHOLD_SAM>
	</signature>
	<signature ID="20210602_102227960291_746">
		<MACROCLASSID>1</MACROCLASSID>
		<MACROCLASSINFO>waterbody</MACROCLASSINFO>
		<CLASSID>12</CLASSID>
		<CLASSINFO>C 1</CLASSINFO>
		<VALUES>[0.15294829227222842, 0.00209638827218034, 0.1323521721286044, 0.0026301243863635975, 0.11149648870258151, 0.002509652651617963, 0.120272490838413, 0.009122713557982134, 0.03840261036400535, 0.009245742288987013, 0.019361100335481392, 0.006388774250580613]</VALUES>
		<LCS_MIN>[0.1471470445394516, 0.12222883850336075, 0.10414893180131912, 0.10726455599069595, 0.023283757269382477, 0.010107352398335934]</LCS_MIN>
		<LCS_MAX>[0.15903310477733612, 0.13852857053279877, 0.12076277285814285, 0.15611888468265533, 0.06952621042728424, 0.046298909932374954]</LCS_MAX>
		<WAVELENGTH>[0.485, 0.56, 0.66, 0.835, 1.65, 2.22]</WAVELENGTH>
		<MEAN_VALUE>[0.15294829227222842, 0.1323521721286044, 0.11149648870258151, 0.120272490838413, 0.03840261036400535, 0.019361100335481392]</MEAN_VALUE>
		<CHECKBOX>2</CHECKBOX>
		<SD>[0.00209638827218034, 0.0026301243863635975, 0.002509652651617963, 0.009122713557982134, 0.009245742288987013, 0.006388774250580613]</SD>
		<WAVELENGTH_UNIT>E-6m</WAVELENGTH_UNIT>
		<COLOR>#2d6d74</COLOR>
		<COVARIANCE_MATRIX>[[4.403598456635127e-06, 2.7696422697834166e-06, 1.96467352695112e-06, -2.8926093781733703e-06, 2.6082094826732004e-06, 2.403635297487302e-06], [2.7696422697834166e-06, 6.931334276365302e-06, 3.1745276310948345e-06, -5.213523342283633e-06, 3.743850769859729e-06, 4.414210638872089e-06], [1.96467352695112e-06, 3.1745276310948345e-06, 6.310902958529634e-06, -2.049397927770526e-07, 7.342876585533346e-06, 6.34553148483234e-06], [-2.8926093781733703e-06, -5.213523342283633e-06, -2.049397927770526e-07, 8.33896873276466e-05, 5.672726621786313e-05, 3.21958083533292e-05], [2.6082094826732004e-06, 3.743850769859729e-06, 7.342876585533346e-06, 5.672726621786313e-05, 8.56540368298894e-05, 5.3447210806428586e-05], [2.403635297487302e-06, 4.414210638872089e-06, 6.34553148483234e-06, 3.21958083533292e-05, 5.3447210806428586e-05, 4.089774406716254e-05]]</COVARIANCE_MATRIX>
		<ROI_SIZE>503</ROI_SIZE>
		<MAX_VALUE>[0.15903310477733612, 0.13852857053279877, 0.12076277285814285, 0.15611888468265533, 0.06952621042728424, 0.046298909932374954]</MAX_VALUE>
		<MIN_VALUE>[0.1471470445394516, 0.12222883850336075, 0.10414893180131912, 0.10726455599069595, 0.023283757269382477, 0.010107352398335934]</MIN_VALUE>
		<SIGNATURE_THRESHOLD_MD>0</SIGNATURE_THRESHOLD_MD>
		<SIGNATURE_THRESHOLD_ML>0</SIGNATURE_THRESHOLD_ML>
		<SIGNATURE_THRESHOLD_SAM>0</SIGNATURE_THRESHOLD_SAM>
	</signature>
	<signature ID="20210602_102234325658_388">
		<MACROCLASSID>1</MACROCLASSID>
		<MACROCLASSINFO>waterbody</MACROCLASSINFO>
		<CLASSID>13</CLASSID>
		<CLASSINFO>C 1</CLASSINFO>
		<VALUES>[0.15830247584490234, 0.001990114735290007, 0.13433511829983874, 0.0019424259175828058, 0.10984613741936533, 0.0027785250798954145, 0.11729387411738805, 0.00969220198449889, 0.03344991457728162, 0.007292745841441, 0.01572931040988781, 0.00437379974942554]</VALUES>
		<LCS_MIN>[0.1516043096780777, 0.1254887878894806, 0.09810753166675568, 0.10377497225999832, 0.02538568526506424, 0.008096707984805107]</LCS_MIN>
		<LCS_MAX>[0.1634903848171234, 0.140158548951149, 0.11925241351127625, 0.14913968741893768, 0.06952621042728424, 0.04227762296795845]</LCS_MAX>
		<WAVELENGTH>[0.485, 0.56, 0.66, 0.835, 1.65, 2.22]</WAVELENGTH>
		<MEAN_VALUE>[0.15830247584490234, 0.13433511829983874, 0.10984613741936533, 0.11729387411738805, 0.03344991457728162, 0.01572931040988781]</MEAN_VALUE>
		<CHECKBOX>2</CHECKBOX>
		<SD>[0.001990114735290007, 0.0019424259175828058, 0.0027785250798954145, 0.00969220198449889, 0.007292745841441, 0.00437379974942554]</SD>
		<WAVELENGTH_UNIT>E-6m</WAVELENGTH_UNIT>
		<COLOR>#ef9df9</COLOR>
		<COVARIANCE_MATRIX>[[3.5967456955937994e-06, 9.510280753286536e-07, 1.1698325233275745e-06, -2.8688584166711716e-06, -9.707233977234412e-07, -2.568918098060458e-07], [9.510280753286536e-07, 3.5087397893254036e-06, 2.052130183646207e-06, -5.178848122340499e-06, -2.630598669334293e-06, -8.690524487867138e-07], [1.1698325233275745e-06, 2.052130183646207e-06, 7.12695650733515e-06, 1.718654142599481e-06, 2.9836525976700626e-06, 2.2416495519897124e-06], [-2.8688584166711716e-06, -5.178848122340499e-06, 1.718654142599481e-06, 9.743696492522212e-05, 6.201961277904789e-05, 3.132659903832081e-05], [-9.707233977234412e-07, -2.630598669334293e-06, 2.9836525976700626e-06, 6.201961277904789e-05, 5.756013352358583e-05, 2.960429028174375e-05], [-2.568918098060458e-07, -8.690524487867138e-07, 2.2416495519897124e-06, 3.132659903832081e-05, 2.960429028174375e-05, 2.0883829469637605e-05]]</COVARIANCE_MATRIX>
		<ROI_SIZE>1191</ROI_SIZE>
		<MAX_VALUE>[0.1634903848171234, 0.140158548951149, 0.11925241351127625, 0.14913968741893768, 0.06952621042728424, 0.04227762296795845]</MAX_VALUE>
		<MIN_VALUE>[0.1516043096780777, 0.1254887878894806, 0.09810753166675568, 0.10377497225999832, 0.02538568526506424, 0.008096707984805107]</MIN_VALUE>
		<SIGNATURE_THRESHOLD_MD>0</SIGNATURE_THRESHOLD_MD>
		<SIGNATURE_THRESHOLD_ML>0</SIGNATURE_THRESHOLD_ML>
		<SIGNATURE_THRESHOLD_SAM>0</SIGNATURE_THRESHOLD_SAM>
	</signature>
	<signature ID="20210602_102239711659_695">
		<MACROCLASSID>1</MACROCLASSID>
		<MACROCLASSINFO>waterbody</MACROCLASSINFO>
		<CLASSID>14</CLASSID>
		<CLASSINFO>C 1</CLASSINFO>
		<VALUES>[0.15919818723030046, 0.0023326952262951004, 0.1362211230237787, 0.00212502273443179, 0.11685636641128071, 0.0030775556328902776, 0.11794875027159604, 0.010521481945847658, 0.03657003198922783, 0.00854814780429007, 0.01808786142326185, 0.0055706047394693025]</VALUES>
		<LCS_MIN>[0.1516043096780777, 0.13037870824337006, 0.10867998749017715, 0.10028538107872009, 0.023283757269382477, 0.004075423814356327]</LCS_MIN>
		<LCS_MAX>[0.16646189987659454, 0.14341850578784943, 0.12831449508666992, 0.14913968741893768, 0.06952621042728424, 0.046298909932374954]</LCS_MAX>
		<WAVELENGTH>[0.485, 0.56, 0.66, 0.835, 1.65, 2.22]</WAVELENGTH>
		<MEAN_VALUE>[0.15919818723030046, 0.1362211230237787, 0.11685636641128071, 0.11794875027159604, 0.03657003198922783, 0.01808786142326185]</MEAN_VALUE>
		<CHECKBOX>2</CHECKBOX>
		<SD>[0.0023326952262951004, 0.00212502273443179, 0.0030775556328902776, 0.010521481945847658, 0.00854814780429007, 0.0055706047394693025]</SD>
		<WAVELENGTH_UNIT>E-6m</WAVELENGTH_UNIT>
		<COLOR>#5e1758</COLOR>
		<COVARIANCE_MATRIX>[[5.452686538406366e-06, 2.289146072533621e-06, 2.4553029758683967e-06, -1.1687746472304994e-06, -2.146337919030599e-07, 6.446868748565974e-07], [2.289146072533621e-06, 4.525032388082632e-06, 3.4543975084704986e-06, -1.2259112084017911e-06, -7.146088601037145e-07, 6.606308722565588e-07], [2.4553029758683967e-06, 3.4543975084704986e-06, 9.490877227500683e-06, 3.733831034087714e-06, 2.562511474049695e-06, 3.3323344597761977e-06], [-1.1687746472304994e-06, -1.2259112084017911e-06, 3.733831034087714e-06, 0.00011092983302202868, 7.633372986672495e-05, 3.8393418076579896e-05], [-2.146337919030599e-07, -7.146088601037145e-07, 2.562511474049695e-06, 7.633372986672495e-05, 7.322149239096637e-05, 3.922824380597491e-05], [6.446868748565974e-07, 6.606308722565588e-07, 3.3323344597761977e-06, 3.8393418076579896e-05, 3.922824380597491e-05, 3.109561992043578e-05]]</COVARIANCE_MATRIX>
		<ROI_SIZE>486</ROI_SIZE>
		<MAX_VALUE>[0.16646189987659454, 0.14341850578784943, 0.12831449508666992, 0.14913968741893768, 0.06952621042728424, 0.046298909932374954]</MAX_VALUE>
		<MIN_VALUE>[0.1516043096780777, 0.13037870824337006, 0.10867998749017715, 0.10028538107872009, 0.023283757269382477, 0.004075423814356327]</MIN_VALUE>
		<SIGNATURE_THRESHOLD_MD>0</SIGNATURE_THRESHOLD_MD>
		<SIGNATURE_THRESHOLD_ML>0</SIGNATURE_THRESHOLD_ML>
		<SIGNATURE_THRESHOLD_SAM>0</SIGNATURE_THRESHOLD_SAM>
	</signature>
	<signature ID="20210602_102243894696_681">
		<MACROCLASSID>1</MACROCLASSID>
		<MACROCLASSINFO>waterbody</MACROCLASSINFO>
		<CLASSID>15</CLASSID>
		<CLASSINFO>C 1</CLASSINFO>
		<VALUES>[0.1575265371081543, 0.0022420235630362263, 0.13592609617055648, 0.0024245843840714006, 0.11565211467465766, 0.003635491868653443, 0.12289442318160312, 0.013275898792817285, 0.04297242311014682, 0.012785503647532889, 0.02120248988761204, 0.00744835257275356]</VALUES>
		<LCS_MIN>[0.1516043096780777, 0.12874872982501984, 0.10565928369760513, 0.10377497225999832, 0.021181827411055565, 0.008096707984805107]</LCS_MIN>
		<LCS_MAX>[0.1649761199951172, 0.1417885422706604, 0.1268041580915451, 0.15611888468265533, 0.08213780075311661, 0.04830954968929291]</LCS_MAX>
		<WAVELENGTH>[0.485, 0.56, 0.66, 0.835, 1.65, 2.22]</WAVELENGTH>
		<MEAN_VALUE>[0.1575265371081543, 0.13592609617055648, 0.11565211467465766, 0.12289442318160312, 0.04297242311014682, 0.02120248988761204]</MEAN_VALUE>
		<CHECKBOX>2</CHECKBOX>
		<SD>[0.0022420235630362263, 0.0024245843840714006, 0.003635491868653443, 0.013275898792817285, 0.012785503647532889, 0.00744835257275356]</SD>
		<WAVELENGTH_UNIT>E-6m</WAVELENGTH_UNIT>
		<COLOR>#9a703b</COLOR>
		<COVARIANCE_MATRIX>[[5.040789515797335e-06, 2.755193306517482e-06, 3.7069140600938934e-06, -1.625383092986834e-06, -1.966455072568924e-06, -4.985219929984196e-07], [2.755193306517482e-06, 5.895122383335245e-06, 5.17441420272886e-06, -5.9751419722199405e-06, -3.5689145817313766e-06, -7.145777525621834e-07], [3.7069140600938934e-06, 5.17441420272886e-06, 1.3253926972907703e-05, 5.22050720988019e-06, 8.046060978245452e-06, 7.5833560846869035e-06], [-1.625383092986834e-06, -5.9751419722199405e-06, 5.22050720988019e-06, 0.00017674457159071524, 0.0001521215488711026, 7.974933448255175e-05], [-1.966455072568924e-06, -3.5689145817313766e-06, 8.046060978245452e-06, 0.0001521215488711026, 0.00016392828639613612, 8.676962064348238e-05], [-4.985219929984196e-07, -7.145777525621834e-07, 7.5833560846869035e-06, 7.974933448255175e-05, 8.676962064348238e-05, 5.563379300323568e-05]]</COVARIANCE_MATRIX>
		<ROI_SIZE>357</ROI_SIZE>
		<MAX_VALUE>[0.1649761199951172, 0.1417885422706604, 0.1268041580915451, 0.15611888468265533, 0.08213780075311661, 0.04830954968929291]</MAX_VALUE>
		<MIN_VALUE>[0.1516043096780777, 0.12874872982501984, 0.10565928369760513, 0.10377497225999832, 0.021181827411055565, 0.008096707984805107]</MIN_VALUE>
		<SIGNATURE_THRESHOLD_MD>0</SIGNATURE_THRESHOLD_MD>
		<SIGNATURE_THRESHOLD_ML>0</SIGNATURE_THRESHOLD_ML>
		<SIGNATURE_THRESHOLD_SAM>0</SIGNATURE_THRESHOLD_SAM>
	</signature>
	<signature ID="20210602_102337897970_661">
		<MACROCLASSID>1</MACROCLASSID>
		<MACROCLASSINFO>waterbody</MACROCLASSINFO>
		<CLASSID>16</CLASSID>
		<CLASSINFO>C 1</CLASSINFO>
		<VALUES>[0.14462196502378533, 0.001923471191037821, 0.13444975229344433, 0.0024979403322561954, 0.1499252193066958, 0.00428892885700135, 0.15240182221788667, 0.005335271219884133, 0.028871080904772625, 0.008744946994842113, 0.015675774255740807, 0.006289899502689024]</VALUES>
		<LCS_MIN>[0.13971826434135437, 0.1254887878894806, 0.13133519887924194, 0.14565010368824005, 0.01907990127801895, 0.00608606543391943]</LCS_MIN>
