<?xml version="1.0" ?>
<signaturelist MCID_LIST="[['1', 'waterbody', '#0000ff'], ['2', 'vegetation', '#00ff00'], ['3', 'bareland', '#ffaa00'], ['4', 'built-up', '#ff0000']]">
	<signature ID="20220209_143749279398_845">
		<MACROCLASSID>1</MACROCLASSID>
		<MACROCLASSINFO>waterbody</MACROCLASSINFO>
		<CLASSID>1</CLASSID>
		<CLASSINFO>C 1</CLASSINFO>
		<VALUES>[0.10117094717653731, 0.004084500917805096, 0.09549366652832501, 0.00538771000333722, 0.0880314941584532, 0.007302912842217802, 0.08962945137838164, 0.02037392270729131, 0.05556013241376996, 0.01971114922515353, 0.04076532775070519, 0.01608022965906019]</VALUES>
		<LCS_MIN>[0.09490694105625153, 0.08538658171892166, 0.07617519795894623, 0.05901031941175461, 0.02402658201754093, 0.018038230016827583]</LCS_MIN>
		<LCS_MAX>[0.11396021395921707, 0.11794065684080124, 0.11989226937294006, 0.14440234005451202, 0.098796047270298, 0.07804229110479355]</LCS_MAX>
		<WAVELENGTH>[0.485, 0.56, 0.66, 0.83, 1.65, 2.215]</WAVELENGTH>
		<MEAN_VALUE>[0.10117094717653731, 0.09549366652832501, 0.0880314941584532, 0.08962945137838164, 0.05556013241376996, 0.04076532775070519]</MEAN_VALUE>
		<CHECKBOX>2</CHECKBOX>
		<SD>[0.004084500917805096, 0.00538771000333722, 0.007302912842217802, 0.02037392270729131, 0.01971114922515353, 0.01608022965906019]</SD>
		<WAVELENGTH_UNIT>E-6m</WAVELENGTH_UNIT>
		<COLOR>#eef1e8</COLOR>
		<COVARIANCE_MATRIX>[[1.5231713536419895e-05, 1.634115913059465e-05, 2.4036801841398182e-05, 4.407483500259038e-05, 5.231239687187253e-05, 4.585505816534006e-05], [1.634115913059465e-05, 2.7242611057956504e-05, 3.1938521857080394e-05, 6.289941189671619e-05, 6.947886549410006e-05, 5.915270461572442e-05], [2.4036801841398182e-05, 3.1938521857080394e-05, 5.025103888769066e-05, 9.142904915493675e-05, 0.00010500929289102033, 9.006589860630075e-05], [4.407483500259038e-05, 6.289941189671619e-05, 9.142904915493675e-05, 0.0004184990774955064, 0.000338659171238778, 0.00024055817061226383], [5.231239687187253e-05, 6.947886549410006e-05, 0.00010500929289102033, 0.000338659171238778, 0.0003662075771820159, 0.00027575350330223187], [4.585505816534006e-05, 5.915270461572442e-05, 9.006589860630075e-05, 0.00024055817061226383, 0.00027575350330223187, 0.00023992943220316497]]</COVARIANCE_MATRIX>
		<ROI_SIZE>900</ROI_SIZE>
		<MAX_VALUE>[0.11396021395921707, 0.11794065684080124, 0.11989226937294006, 0.14440234005451202, 0.098796047270298, 0.07804229110479355]</MAX_VALUE>
		<MIN_VALUE>[0.09490694105625153, 0.08538658171892166, 0.07617519795894623, 0.05901031941175461, 0.02402658201754093, 0.018038230016827583]</MIN_VALUE>
		<SIGNATURE_THRESHOLD_MD>0</SIGNATURE_THRESHOLD_MD>
		<SIGNATURE_THRESHOLD_ML>0</SIGNATURE_THRESHOLD_ML>
		<SIGNATURE_THRESHOLD_SAM>0</SIGNATURE_THRESHOLD_SAM>
	</signature>
	<signature ID="20220209_143814498803_863">
		<MACROCLASSID>1</MACROCLASSID>
		<MACROCLASSINFO>waterbody</MACROCLASSINFO>
		<CLASSID>2</CLASSID>
		<CLASSINFO>C 1</CLASSINFO>
		<VALUES>[0.10138278482481831, 0.006834153889249312, 0.0945855694822967, 0.009035617583449588, 0.08897154101481039, 0.011698994033440012, 0.0977640575263649, 0.02134264737245252, 0.060174320071625195, 0.023378956328310423, 0.04380312674911689, 0.019298494572078738]</VALUES>
		<LCS_MIN>[0.08674123883247375, 0.06762980669736862, 0.054316651076078415, 0.05901031941175461, 0.026225684210658073, 0.014880121685564518]</LCS_MIN>
		<LCS_MAX>[0.12620875239372253, 0.11794065684080124, 0.11715994775295258, 0.14098665118217468, 0.11858796328306198, 0.0969909280538559]</LCS_MAX>
		<WAVELENGTH>[0.485, 0.56, 0.66, 0.83, 1.65, 2.215]</WAVELENGTH>
		<MEAN_VALUE>[0.10138278482481831, 0.0945855694822967, 0.08897154101481039, 0.0977640575263649, 0.060174320071625195, 0.04380312674911689]</MEAN_VALUE>
		<CHECKBOX>2</CHECKBOX>
		<SD>[0.006834153889249312, 0.009035617583449588, 0.011698994033440012, 0.02134264737245252, 0.023378956328310423, 0.019298494572078738]</SD>
		<WAVELENGTH_UNIT>E-6m</WAVELENGTH_UNIT>
		<COLOR>#94d099</COLOR>
		<COVARIANCE_MATRIX>[[3.947662612430759e-05, 4.419786034453267e-05, 5.8378711631605195e-05, 6.245901644260916e-05, 8.712650014462087e-05, 8.06531867971728e-05], [4.419786034453267e-05, 6.755314907520255e-05, 8.222189486626655e-05, 6.95041903211547e-05, 8.301418411824558e-05, 8.475120077977815e-05], [5.8378711631605195e-05, 8.222189486626655e-05, 0.0001125848928285496, 0.00010580985169613582, 0.00013135748678839312, 0.0001293042055300027], [6.245901644260916e-05, 6.95041903211547e-05, 0.00010580985169613582, 0.00040147842421950965, 0.00041141839741473614, 0.00031109717425598495], [8.712650014462087e-05, 8.301418411824558e-05, 0.00013135748678839312, 0.00041141839741473614, 0.0005628307205114711, 0.0004369250536305136], [8.06531867971728e-05, 8.475120077977815e-05, 0.0001293042055300027, 0.00031109717425598495, 0.0004369250536305136, 0.0003816695044463714]]</COVARIANCE_MATRIX>
		<ROI_SIZE>922</ROI_SIZE>
		<MAX_VALUE>[0.12620875239372253, 0.11794065684080124, 0.11715994775295258, 0.14098665118217468, 0.11858796328306198, 0.0969909280538559]</MAX_VALUE>
		<MIN_VALUE>[0.08674123883247375, 0.06762980669736862, 0.054316651076078415, 0.05901031941175461, 0.026225684210658073, 0.014880121685564518]</MIN_VALUE>
		<SIGNATURE_THRESHOLD_MD>0</SIGNATURE_THRESHOLD_MD>
		<SIGNATURE_THRESHOLD_ML>0</SIGNATURE_THRESHOLD_ML>
		<SIGNATURE_THRESHOLD_SAM>0</SIGNATURE_THRESHOLD_SAM>
	</signature>
	<signature ID="20220209_143827240302_559">
		<MACROCLASSID>1</MACROCLASSID>
		<MACROCLASSINFO>waterbody</MACROCLASSINFO>
		<CLASSID>3</CLASSID>
		<CLASSINFO>C 1</CLASSINFO>
		<VALUES>[0.10039024434743392, 0.005141672602510217, 0.09706212988784237, 0.006769650512667604, 0.09206669782438577, 0.008904600617371188, 0.09538180430329615, 0.017638508103010257, 0.05853829470973823, 0.02175992366236606, 0.04508589547908595, 0.018346695102629356]</VALUES>
		<LCS_MIN>[0.09218504279851913, 0.08538658171892166, 0.07890751212835312, 0.05901031941175461, 0.02182747982442379, 0.014880121685564518]</LCS_MIN>
		<LCS_MAX>[0.11940401047468185, 0.12090012431144714, 0.11989226937294006, 0.13073961436748505, 0.10979156196117401, 0.08751660585403442]</LCS_MAX>
		<WAVELENGTH>[0.485, 0.56, 0.66, 0.83, 1.65, 2.215]</WAVELENGTH>
		<MEAN_VALUE>[0.10039024434743392, 0.09706212988784237, 0.09206669782438577, 0.09538180430329615, 0.05853829470973823, 0.04508589547908595]</MEAN_VALUE>
		<CHECKBOX>2</CHECKBOX>
		<SD>[0.005141672602510217, 0.006769650512667604, 0.008904600617371188, 0.017638508103010257, 0.02175992366236606, 0.018346695102629356]</SD>
		<WAVELENGTH_UNIT>E-6m</WAVELENGTH_UNIT>
		<COLOR>#c2351c</COLOR>
		<COVARIANCE_MATRIX>[[2.5672469993800525e-05, 3.079730259141921e-05, 4.099022229684607e-05, 5.131535695311638e-05, 7.044425330566443e-05, 6.670872047123316e-05], [3.079730259141921e-05, 4.548020943382332e-05, 5.421197683379037e-05, 6.012253442069757e-05, 8.536432984586994e-05, 8.346888382440812e-05], [4.099022229684607e-05, 5.421197683379037e-05, 7.652033968060887e-05, 9.091880466283238e-05, 0.0001274414416596128, 0.0001206128037976017], [5.131535695311638e-05, 6.012253442069757e-05, 9.091880466283238e-05, 0.00030319232592573343, 0.00031627542594633964, 0.000245128945301396], [7.044425330566443e-05, 8.536432984586994e-05, 0.0001274414416596128, 0.00031627542594633964, 0.0004650370231597411, 0.00037285401321538933], [6.670872047123316e-05, 8.346888382440812e-05, 0.0001206128037976017, 0.000245128945301396, 0.00037285401321538933, 0.00032946039749665035]]</COVARIANCE_MATRIX>
		<ROI_SIZE>502</ROI_SIZE>
		<MAX_VALUE>[0.11940401047468185, 0.12090012431144714, 0.11989226937294006, 0.13073961436748505, 0.10979156196117401, 0.08751660585403442]</MAX_VALUE>
		<MIN_VALUE>[0.09218504279851913, 0.08538658171892166, 0.07890751212835312, 0.05901031941175461, 0.02182747982442379, 0.014880121685564518]</MIN_VALUE>
		<SIGNATURE_THRESHOLD_MD>0</SIGNATURE_THRESHOLD_MD>
		<SIGNATURE_THRESHOLD_ML>0</SIGNATURE_THRESHOLD_ML>
		<SIGNATURE_THRESHOLD_SAM>0</SIGNATURE_THRESHOLD_SAM>
	</signature>
	<signature ID="20220209_143840238459_758">
		<MACROCLASSID>1</MACROCLASSID>
		<MACROCLASSINFO>waterbody</MACROCLASSINFO>
		<CLASSID>4</CLASSID>
		<CLASSINFO>C 1</CLASSINFO>
		<VALUES>[0.09524050457220452, 0.0052239951236682175, 0.0902029548351671, 0.00813043572031228, 0.08316670683230841, 0.010606905299150765, 0.09196158688442375, 0.014047814140090098, 0.0494456132326056, 0.01469913652601569, 0.03565551802589027, 0.01207388817345729]</VALUES>
		<LCS_MIN>[0.08538029342889786, 0.07354872673749924, 0.0597812794148922, 0.06925735622644424, 0.026225684210658073, 0.018038230016827583]</LCS_MIN>
		<LCS_MAX>[0.11123832315206528, 0.10906225442886353, 0.10623068362474442, 0.13073961436748505, 0.08340233564376831, 0.07172606885433197]</LCS_MAX>
		<WAVELENGTH>[0.485, 0.56, 0.66, 0.83, 1.65, 2.215]</WAVELENGTH>
		<MEAN_VALUE>[0.09524050457220452, 0.0902029548351671, 0.08316670683230841, 0.09196158688442375, 0.0494456132326056, 0.03565551802589027]</MEAN_VALUE>
		<CHECKBOX>2</CHECKBOX>
		<SD>[0.0052239951236682175, 0.00813043572031228, 0.010606905299150765, 0.014047814140090098, 0.01469913652601569, 0.01207388817345729]</SD>
		<WAVELENGTH_UNIT>E-6m</WAVELENGTH_UNIT>
		<COLOR>#62efe0</COLOR>
		<COVARIANCE_MATRIX>[[2.7560324310050976e-05, 3.845488497865098e-05, 4.9998920247838244e-05, -3.367978279370914e-06, 2.370672872786824e-05, 3.6619969259063e-05], [3.845488497865098e-05, 6.675847990314094e-05, 8.400311153133766e-05, -9.949648895670748e-06, 3.146050774207404e-05, 5.635358562533399e-05], [4.9998920247838244e-05, 8.400311153133766e-05, 0.00011362036517391655, -1.4034428449784853e-05, 4.319958814790115e-05, 7.749219797962717e-05], [-3.367978279370914e-06, -9.949648895670748e-06, -1.4034428449784853e-05, 0.00019929495421465904, 0.00016221101293300297, 9.535610016143981e-05], [2.370672872786824e-05, 3.146050774207404e-05, 4.319958814790115e-05, 0.00016221101293300297, 0.00021820386822045312, 0.00015052290707348923], [3.6619969259063e-05, 5.635358562533399e-05, 7.749219797962717e-05, 9.535610016143981e-05, 0.00015052290707348923, 0.00014722212983926208]]</COVARIANCE_MATRIX>
		<ROI_SIZE>102</ROI_SIZE>
		<MAX_VALUE>[0.11123832315206528, 0.10906225442886353, 0.10623068362474442, 0.13073961436748505, 0.08340233564376831, 0.07172606885433197]</MAX_VALUE>
		<MIN_VALUE>[0.08538029342889786, 0.07354872673749924, 0.0597812794148922, 0.06925735622644424, 0.026225684210658073, 0.018038230016827583]</MIN_VALUE>
		<SIGNATURE_THRESHOLD_MD>0</SIGNATURE_THRESHOLD_MD>
		<SIGNATURE_THRESHOLD_ML>0</SIGNATURE_THRESHOLD_ML>
		<SIGNATURE_THRESHOLD_SAM>0</SIGNATURE_THRESHOLD_SAM>
	</signature>
	<signature ID="20220209_143848174214_695">
		<MACROCLASSID>1</MACROCLASSID>
		<MACROCLASSINFO>waterbody</MACROCLASSINFO>
		<CLASSID>5</CLASSID>
		<CLASSINFO>C 1</CLASSINFO>
		<VALUES>[0.09598951173776925, 0.00397819147228414, 0.0904849216341972, 0.006957986283643303, 0.0858128174462102, 0.008239967166793587, 0.09281002740291032, 0.0166580634055503, 0.053714458322660495, 0.016967581705589808, 0.03793430856683038, 0.013331214693673519]</VALUES>
		<LCS_MIN>[0.08538029342889786, 0.06762980669736862, 0.06251359730958939, 0.055594637989997864, 0.026225684210658073, 0.011722015216946602]</LCS_MIN>
		<LCS_MAX>[0.10851640999317169, 0.10906225442886353, 0.11442764103412628, 0.13073961436748505, 0.087800532579422, 0.07804229110479355]</LCS_MAX>
		<WAVELENGTH>[0.485, 0.56, 0.66, 0.83, 1.65, 2.215]</WAVELENGTH>
		<MEAN_VALUE>[0.09598951173776925, 0.0904849216341972, 0.0858128174462102, 0.09281002740291032, 0.053714458322660495, 0.03793430856683038]</MEAN_VALUE>
		<CHECKBOX>2</CHECKBOX>
		<SD>[0.00397819147228414, 0.006957986283643303, 0.008239967166793587, 0.0166580634055503, 0.016967581705589808, 0.013331214693673519]</SD>
		<WAVELENGTH_UNIT>E-6m</WAVELENGTH_UNIT>
		<COLOR>#ff5b0e</COLOR>
		<COVARIANCE_MATRIX>[[1.589827226408191e-05, 2.4212445570170835e-05, 2.9845586769102226e-05, 6.9260447170084396e-06, 1.4041853337781308e-05, 2.3266224881134477e-05], [2.4212445570170835e-05, 4.863463966731066e-05, 5.3286253056757425e-05, -1.0976228777018493e-07, 1.4754767659416636e-05, 3.7141911058982375e-05], [2.9845586769102226e-05, 5.3286253056757425e-05, 6.82070911423013e-05, 1.3471815754265768e-05, 2.913780776384955e-05, 5.225440683775869e-05], [6.9260447170084396e-06, -1.0976228777018493e-07, 1.3471815754265768e-05, 0.00027875815896407984, 0.0002382221018134617, 0.0001518023980946268], [1.4041853337781308e-05, 1.4754767659416636e-05, 2.913780776384955e-05, 0.0002382221018134617, 0.0002892134354606871, 0.00019772639826467597], [2.3266224881134477e-05, 3.7141911058982375e-05, 5.225440683775869e-05, 0.0001518023980946268, 0.00019772639826467597, 0.0001785327979266652]]</COVARIANCE_MATRIX>
		<ROI_SIZE>220</ROI_SIZE>
		<MAX_VALUE>[0.10851640999317169, 0.10906225442886353, 0.11442764103412628, 0.13073961436748505, 0.087800532579422, 0.07804229110479355]</MAX_VALUE>
		<MIN_VALUE>[0.08538029342889786, 0.06762980669736862, 0.06251359730958939, 0.055594637989997864, 0.026225684210658073, 0.011722015216946602]</MIN_VALUE>
		<SIGNATURE_THRESHOLD_MD>0</SIGNATURE_THRESHOLD_MD>
		<SIGNATURE_THRESHOLD_ML>0</SIGNATURE_THRESHOLD_ML>
		<SIGNATURE_THRESHOLD_SAM>0</SIGNATURE_THRESHOLD_SAM>
	</signature>
	<signature ID="20220209_143856401711_180">
		<MACROCLASSID>1</MACROCLASSID>
		<MACROCLASSINFO>waterbody</MACROCLASSINFO>
		<CLASSID>6</CLASSID>
		<CLASSINFO>C 1</CLASSINFO>
		<VALUES>[0.10076048072948252, 0.0054320167840267025, 0.09784495566160446, 0.008156428467953222, 0.09553644637907709, 0.010734029218121369, 0.1074174880901332, 0.02350027898935665, 0.0748187422912608, 0.026999076892544254, 0.057056143859861984, 0.020979954373754474]</VALUES>
		<LCS_MIN>[0.08538029342889786, 0.07354872673749924, 0.06524592638015747, 0.06925735622644424, 0.03282299265265465, 0.021196335554122925]</LCS_MIN>
		<LCS_MAX>[0.12076496332883835, 0.12385956943035126, 0.13082154095172882, 0.15123368799686432, 0.12738437950611115, 0.10646524280309677]</LCS_MAX>
		<WAVELENGTH>[0.485, 0.56, 0.66, 0.83, 1.65, 2.215]</WAVELENGTH>
		<MEAN_VALUE>[0.10076048072948252, 0.09784495566160446, 0.09553644637907709, 0.1074174880901332, 0.0748187422912608, 0.057056143859861984]</MEAN_VALUE>
		<CHECKBOX>2</CHECKBOX>
		<SD>[0.0054320167840267025, 0.008156428467953222, 0.010734029218121369, 0.02350027898935665, 0.026999076892544254, 0.020979954373754474]</SD>
		<WAVELENGTH_UNIT>E-6m</WAVELENGTH_UNIT>
		<COLOR>#e14c61</COLOR>
		<COVARIANCE_MATRIX>[[2.966630259244483e-05, 4.163216096217335e-05, 5.499788765301773e-05, 4.767578686070908e-05, 7.313229716623456e-05, 7.425419412893374e-05], [4.163216096217335e-05, 6.688693251690709e-05, 8.377487887411926e-05, 7.006555113411254e-05, 0.00010586224143726811, 0.00011004186519228046], [5.499788765301773e-05, 8.377487887411926e-05, 0.00011584219073254008, 0.00010337870690161174, 0.00015698644726534056, 0.000155056340651384], [4.767578686070908e-05, 7.006555113411254e-05, 0.00010337870690161174, 0.000555248318591531, 0.0005895418403070158, 0.0004013173291459827], [7.313229716623456e-05, 0.00010586224143726811, 0.00015698644726534056, 0.0005895418403070158, 0.0007328904241470825, 0.0005207855084619068], [7.425419412893374e-05, 0.00011004186519228046, 0.000155056340651384, 0.0004013173291459827, 0.0005207855084619068, 0.00044253772058171047]]</COVARIANCE_MATRIX>
		<ROI_SIZE>186</ROI_SIZE>
		<MAX_VALUE>[0.12076496332883835, 0.12385956943035126, 0.13082154095172882, 0.15123368799686432, 0.12738437950611115, 0.10646524280309677]</MAX_VALUE>
		<MIN_VALUE>[0.08538029342889786, 0.07354872673749924, 0.06524592638015747, 0.06925735622644424, 0.03282299265265465, 0.021196335554122925]</MIN_VALUE>
		<SIGNATURE_THRESHOLD_MD>0</SIGNATURE_THRESHOLD_MD>
		<SIGNATURE_THRESHOLD_ML>0</SIGNATURE_THRESHOLD_ML>
		<SIGNATURE_THRESHOLD_SAM>0</SIGNATURE_THRESHOLD_SAM>
	</signature>
	<signature ID="20220209_143905848353_673">
		<MACROCLASSID>1</MACROCLASSID>
		<MACROCLASSINFO>waterbody</MACROCLASSINFO>
		<CLASSID>7</CLASSID>
		<CLASSINFO>C 1</CLASSINFO>
		<VALUES>[0.10106079183194948, 0.0035185957887755477, 0.09761043897141582, 0.00443312669872012, 0.09500441554447879, 0.0058995907915702795, 0.09361264498337457, 0.01801235678212172, 0.06026395746385273, 0.020283733886681247, 0.04598061898318322, 0.016528068737708273]</VALUES>
		<LCS_MIN>[0.09490694105625153, 0.09130550175905228, 0.0843721404671669, 0.0658416673541069, 0.026225684210658073, 0.018038230016827583]</LCS_MIN>
		<LCS_MAX>[0.10851640999317169, 0.10610280185937881, 0.1089629977941513, 0.1273239254951477, 0.09659694880247116, 0.07804229110479355]</LCS_MAX>
		<WAVELENGTH>[0.485, 0.56, 0.66, 0.83, 1.65, 2.215]</WAVELENGTH>
		<MEAN_VALUE>[0.10106079183194948, 0.09761043897141582, 0.09500441554447879, 0.09361264498337457, 0.06026395746385273, 0.04598061898318322]</MEAN_VALUE>
		<CHECKBOX>2</CHECKBOX>
		<SD>[0.0035185957887755477, 0.00443312669872012, 0.0058995907915702795, 0.01801235678212172, 0.020283733886681247, 0.016528068737708273]</SD>
		<WAVELENGTH_UNIT>E-6m</WAVELENGTH_UNIT>
		<COLOR>#b440e1</COLOR>
		<COVARIANCE_MATRIX>[[1.26556389097843e-05, 1.3055873270484513e-05, 1.7816653372945788e-05, 3.9241035844793705e-05, 4.865206196642911e-05, 3.931751064877188e-05], [1.3055873270484513e-05, 2.0089337045280784e-05, 2.4196061810052085e-05, 5.530903951573191e-05, 6.755906403522289e-05, 5.6475114545734115e-05], [1.7816653372945788e-05, 2.4196061810052085e-05, 3.5578619763713796e-05, 8.081147349828009e-05, 9.392064276570168e-05, 8.077452028010265e-05], [3.9241035844793705e-05, 5.530903951573191e-05, 8.081147349828009e-05, 0.00033165488566525616, 0.0003415414687331743, 0.0002622252813475473], [4.865206196642911e-05, 6.755906403522289e-05, 9.392064276570168e-05, 0.0003415414687331743, 0.00042057274617205006, 0.0003261600917114548], [3.931751064877188e-05, 5.6475114545734115e-05, 8.077452028010265e-05, 0.0002622252813475473, 0.0003261600917114548, 0.00027924765744726296]]</COVARIANCE_MATRIX>
		<ROI_SIZE>46</ROI_SIZE>
		<MAX_VALUE>[0.10851640999317169, 0.10610280185937881, 0.1089629977941513, 0.1273239254951477, 0.09659694880247116, 0.07804229110479355]</MAX_VALUE>
		<MIN_VALUE>[0.09490694105625153, 0.09130550175905228, 0.0843721404671669, 0.0658416673541069, 0.026225684210658073, 0.018038230016827583]</MIN_VALUE>
		<SIGNATURE_THRESHOLD_MD>0</SIGNATURE_THRESHOLD_MD>
		<SIGNATURE_THRESHOLD_ML>0</SIGNATURE_THRESHOLD_ML>
		<SIGNATURE_THRESHOLD_SAM>0</SIGNATURE_THRESHOLD_SAM>
	</signature>
	<signature ID="20220209_143914689269_163">
		<MACROCLASSID>1</MACROCLASSID>
		<MACROCLASSINFO>waterbody</MACROCLASSINFO>
		<CLASSID>8</CLASSID>
		<CLASSINFO>C 1</CLASSINFO>
		<VALUES>[0.09918079570981499, 0.0034243933964671564, 0.0961860152320904, 0.005417163273032747, 0.09113102876826337, 0.0063018173145985385, 0.08115231314379916, 0.01363447381001657, 0.05024219162173964, 0.014958048426165155, 0.04119768699533063, 0.013212416661553966]</VALUES>
		<LCS_MIN>[0.09354598075151443, 0.08834604173898697, 0.07890751212835312, 0.05901031941175461, 0.02182747982442379, 0.018038230016827583]</LCS_MIN>
		<LCS_MAX>[0.10987736284732819, 0.11498119682073593, 0.1116953119635582, 0.11366120725870132, 0.08120322972536087, 0.07172606885433197]</LCS_MAX>
		<WAVELENGTH>[0.485, 0.56, 0.66, 0.83, 1.65, 2.215]</WAVELENGTH>
		<MEAN_VALUE>[0.09918079570981499, 0.0961860152320904, 0.09113102876826337, 0.08115231314379916, 0.05024219162173964, 0.04119768699533063]</MEAN_VALUE>
		<CHECKBOX>2</CHECKBOX>
		<SD>[0.0034243933964671564, 0.005417163273032747, 0.0063018173145985385, 0.01363447381001657, 0.014958048426165155, 0.013212416661553966]</SD>
		<WAVELENGTH_UNIT>E-6m</WAVELENGTH_UNIT>
		<COLOR>#399eb7</COLOR>
		<COVARIANCE_MATRIX>[[1.1830244205748119e-05, 1.45286295409684e-05, 1.847492517058633e-05, 2.3542317859310137e-05, 2.6916238842399056e-05, 2.7753281239552554e-05], [1.45286295409684e-05, 2.9605354014541747e-05, 2.9550167939064968e-05, 2.6595231312762156e-05, 3.8291131458437977e-05, 4.130015953692451e-05], [1.847492517058633e-05, 2.9550167939064968e-05, 4.0064343072472836e-05, 4.7567758736117975e-05, 5.462352897470186e-05, 5.711907750550523e-05], [2.3542317859310137e-05, 2.6595231312762156e-05, 4.7567758736117975e-05, 0.0001875439988731607, 0.00014985251904785303, 0.00012435381422120227], [2.6916238842399056e-05, 3.8291131458437977e-05, 5.462352897470186e-05, 0.00014985251904785303, 0.00022572324115064795, 0.00018690043581604207], [2.7753281239552554e-05, 4.130015953692451e-05, 5.711907750550523e-05, 0.00012435381422120227, 0.00018690043581604207, 0.0001761128031892924]]</COVARIANCE_MATRIX>
		<ROI_SIZE>114</ROI_SIZE>
		<MAX_VALUE>[0.10987736284732819, 0.11498119682073593, 0.1116953119635582, 0.11366120725870132, 0.08120322972536087, 0.07172606885433197]</MAX_VALUE>
		<MIN_VALUE>[0.09354598075151443, 0.08834604173898697, 0.07890751212835312, 0.05901031941175461, 0.02182747982442379, 0.018038230016827583]</MIN_VALUE>
		<SIGNATURE_THRESHOLD_MD>0</SIGNATURE_THRESHOLD_MD>
		<SIGNATURE_THRESHOLD_ML>0</SIGNATURE_THRESHOLD_ML>
		<SIGNATURE_THRESHOLD_SAM>0</SIGNATURE_THRESHOLD_SAM>
	</signature>
	<signature ID="20220209_143926013348_855">
		<MACROCLASSID>1</MACROCLASSID>
		<MACROCLASSINFO>waterbody</MACROCLASSINFO>
		<CLASSID>9</CLASSID>
		<CLASSINFO>C 1</CLASSINFO>
		<VALUES>[0.10979571044445038, 0.005627221582439522, 0.1103052420914173, 0.007227149086135995, 0.11011056885123252, 0.009434848577121596, 0.09781244695186617, 0.01729238738244801, 0.07201098658144474, 0.019618602982077692, 0.062314903177320975, 0.016500806079737886]</VALUES>
		<LCS_MIN>[0.10035073757171631, 0.1001838967204094, 0.09530141949653625, 0.06925735622644424, 0.037221189588308334, 0.030670659616589546]</LCS_MIN>
		<LCS_MAX>[0.12348684668540955, 0.12977848947048187, 0.13082154095172882, 0.1341552734375, 0.10319424420595169, 0.08751660585403442]</LCS_MAX>
		<WAVELENGTH>[0.485, 0.56, 0.66, 0.83, 1.65, 2.215]</WAVELENGTH>
		<MEAN_VALUE>[0.10979571044445038, 0.1103052420914173, 0.11011056885123252, 0.09781244695186617, 0.07201098658144474, 0.062314903177320975]</MEAN_VALUE>
		<CHECKBOX>2</CHECKBOX>
		<SD>[0.005627221582439522, 0.007227149086135995, 0.009434848577121596, 0.01729238738244801, 0.019618602982077692, 0.016500806079737886]</SD>
		<WAVELENGTH_UNIT>E-6m</WAVELENGTH_UNIT>
		<COLOR>#f863fd</COLOR>
		<COVARIANCE_MATRIX>[[3.231185993660519e-05, 3.725682611637601e-05, 4.9423243257598314e-05, 8.159465574698965e-05, 8.908107303178587e-05, 7.54399283967645e-05], [3.725682611637601e-05, 5.329763664615956e-05, 6.438918944611259e-05, 9.84946896997014e-05, 0.00010582797509087302, 8.766067598984728e-05], [4.9423243257598314e-05, 6.438918944611259e-05, 9.083302823797285e-05, 0.00014959788204449935, 0.0001579145811798075, 0.00013164969176335616], [8.159465574698965e-05, 9.84946896997014e-05, 0.00014959788204449935, 0.0003051292463108644, 0.0003178162783412231, 0.00026409437011488984], [8.908107303178587e-05, 0.00010582797509087302, 0.0001579145811798075, 0.0003178162783412231, 0.00039274447241672216, 0.00031113326648656237], [7.54399283967645e-05, 8.766067598984728e-05, 0.00013164969176335616, 0.00026409437011488984, 0.00031113326648656237, 0.00027783326661338253]]</COVARIANCE_MATRIX>
		<ROI_SIZE>50</ROI_SIZE>
		<MAX_VALUE>[0.12348684668540955, 0.12977848947048187, 0.13082154095172882, 0.1341552734375, 0.10319424420595169, 0.08751660585403442]</MAX_VALUE>
		<MIN_VALUE>[0.10035073757171631, 0.1001838967204094, 0.09530141949653625, 0.06925735622644424, 0.037221189588308334, 0.030670659616589546]</MIN_VALUE>
		<SIGNATURE_THRESHOLD_MD>0</SIGNATURE_THRESHOLD_MD>
		<SIGNATURE_THRESHOLD_ML>0</SIGNATURE_THRESHOLD_ML>
		<SIGNATURE_THRESHOLD_SAM>0</SIGNATURE_THRESHOLD_SAM>
	</signature>
	<signature ID="20220209_144335659928_718">
		<MACROCLASSID>1</MACROCLASSID>
		<MACROCLASSINFO>waterbody</MACROCLASSINFO>
		<CLASSID>10</CLASSID>
		<CLASSINFO>C 1</CLASSINFO>
		<VALUES>[0.10190954836125064, 0.0037883176576481315, 0.09750777509406942, 0.005781998149610011, 0.09617342400952433, 0.00759909608097741, 0.08924272129351789, 0.018717015403230394, 0.0506965416377899, 0.018278095246526883, 0.041186488032050404, 0.015485591956364423]</VALUES>
		<LCS_MIN>[0.09218504279851913, 0.07946764677762985, 0.07344286888837814, 0.05217895284295082, 0.013031071983277798, 0.011722015216946602]</LCS_MIN>
		<LCS_MAX>[0.11668210476636887, 0.12090012431144714, 0.12535689771175385, 0.14098665118217468, 0.087800532579422, 0.08120038360357285]</LCS_MAX>
		<WAVELENGTH>[0.485, 0.56, 0.66, 0.83, 1.65, 2.215]</WAVELENGTH>
		<MEAN_VALUE>[0.10190954836125064, 0.09750777509406942, 0.09617342400952433, 0.08924272129351789, 0.0506965416377899, 0.041186488032050404]</MEAN_VALUE>
		<CHECKBOX>2</CHECKBOX>
		<SD>[0.0037883176576481315, 0.005781998149610011, 0.00759909608097741, 0.018717015403230394, 0.018278095246526883, 0.015485591956364423]</SD>
		<WAVELENGTH_UNIT>E-6m</WAVELENGTH_UNIT>
		<COLOR>#865023</COLOR>
		<COVARIANCE_MATRIX>[[1.4767616107823345e-05, 2.008582761434204e-05, 2.7431119001580483e-05, 2.484257325811343e-05, 3.7014325631822906e-05, 3.3731642005075126e-05], [2.008582761434204e-05, 3.7708900724457414e-05, 4.525726882494987e-05, 4.1594858184120984e-05, 5.426335152461421e-05, 4.8913968570253336e-05], [2.7431119001580483e-05, 4.525726882494987e-05, 6.633938009891866e-05, 5.480383315876617e-05, 7.588737700933514e-05, 7.009294467844389e-05], [2.484257325811343e-05, 4.1594858184120984e-05, 5.480383315876617e-05, 0.00034398077031543744, 0.0002736677274745252, 0.00020065298480966288], [3.7014325631822906e-05, 5.426335152461421e-05, 7.588737700933514e-05, 0.0002736677274745252, 0.00031864445263016786, 0.00024067603056943319], [3.3731642005075126e-05, 4.8913968570253336e-05, 7.009294467844389e-05, 0.00020065298480966288, 0.00024067603056943319, 0.0002206303886912359]]</COVARIANCE_MATRIX>
		<ROI_SIZE>466</ROI_SIZE>
		<MAX_VALUE>[0.11668210476636887, 0.12090012431144714, 0.12535689771175385, 0.14098665118217468, 0.087800532579422, 0.08120038360357285]</MAX_VALUE>
		<MIN_VALUE>[0.09218504279851913, 0.07946764677762985, 0.07344286888837814, 0.05217895284295082, 0.013031071983277798, 0.011722015216946602]</MIN_VALUE>
		<SIGNATURE_THRESHOLD_MD>0</SIGNATURE_THRESHOLD_MD>
		<SIGNATURE_THRESHOLD_ML>0</SIGNATURE_THRESHOLD_ML>
		<SIGNATURE_THRESHOLD_SAM>0</SIGNATURE_THRESHOLD_SAM>
	</signature>
	<signature ID="20220209_144400192775_934">
		<MACROCLASSID>1</MACROCLASSID>
		<MACROCLASSINFO>waterbody</MACROCLASSINFO>
		<CLASSID>11</CLASSID>
		<CLASSINFO>C 1</CLASSINFO>
		<VALUES>[0.09441943099694464, 0.011621295862130468, 0.08331053531659181, 0.014916223940961981, 0.08143591969760498, 0.017866017154756195, 0.09923377694256272, 0.018453745320660544, 0.08061242970957683, 0.018342357654880136, 0.061827518490713024, 0.016790191380578395]</VALUES>
		<LCS_MIN>[0.07721459865570068, 0.06171088293194771, 0.05158432573080063, 0.05901031941175461, 0.03942029923200607, 0.030670659616589546]</LCS_MIN>
		<LCS_MAX>[0.11804306507110596, 0.11498119682073593, 0.11715994775295258, 0.13073961436748505, 0.10979156196117401, 0.09067471325397491]</LCS_MAX>
		<WAVELENGTH>[0.485, 0.56, 0.66, 0.83, 1.65, 2.215]</WAVELENGTH>
		<MEAN_VALUE>[0.09441943099694464, 0.08331053531659181, 0.08143591969760498, 0.09923377694256272, 0.08061242970957683, 0.061827518490713024]</MEAN_VALUE>
		<CHECKBOX>2</CHECKBOX>
		<SD>[0.011621295862130468, 0.014916223940961981, 0.017866017154756195, 0.018453745320660544, 0.018342357654880136, 0.016790191380578395]</SD>
		<WAVELENGTH_UNIT>E-6m</WAVELENGTH_UNIT>
		<COLOR>#4135c6</COLOR>
		<COVARIANCE_MATRIX>[[0.00013710079808358248, 0.00017118622473477732, 0.00020182727813380293, 0.00011337056839960183, 0.00012350340880322685, 0.00014950453577480162], [0.00017118622473477732, 0.00022586485387900197, 0.00026482173488832857, 0.0001590534822027543, 0.00016540317498617835, 0.00019112993707648003], [0.00020182727813380293, 0.00026482173488832857, 0.0003240308503221343, 0.00019922262760518206, 0.00022137820392069152, 0.00024361475505093875], [0.00011337056839960183, 0.0001590534822027543, 0.00019922262760518206, 0.0003457004241834341, 0.00029373905423498955, 0.0002343716048255132], [0.00012350340880322685, 0.00016540317498617835, 0.00022137820392069152, 0.00029373905423498955, 0.0003415396916780179, 0.00027091633980820247], [0.00014950453577480162, 0.00019112993707648003, 0.00024361475505093875, 0.0002343716048255132, 0.00027091633980820247, 0.0002861818982115469]]</COVARIANCE_MATRIX>
		<ROI_SIZE>67</ROI_SIZE>
		<MAX_VALUE>[0.11804306507110596, 0.11498119682073593, 0.11715994775295258, 0.13073961436748505, 0.10979156196117401, 0.09067471325397491]</MAX_VALUE>
		<MIN_VALUE>[0.07721459865570068, 0.06171088293194771, 0.05158432573080063, 0.05901031941175461, 0.03942029923200607, 0.030670659616589546]</MIN_VALUE>
		<SIGNATURE_THRESHOLD_MD>0</SIGNATURE_THRESHOLD_MD>
		<SIGNATURE_THRESHOLD_ML>0</SIGNATURE_THRESHOLD_ML>
		<SIGNATURE_THRESHOLD_SAM>0</SIGNATURE_THRESHOLD_SAM>
	</signature>
	<signature ID="20220209_144520873807_142">
		<MACROCLASSID>1</MACROCLASSID>
		<MACROCLASSINFO>waterbody</MACROCLASSINFO>
		<CLASSID>12</CLASSID>
		<CLASSINFO>C 1</CLASSINFO>
		<VALUES>[0.09968685685861402, 0.0026396937561624506, 0.09599732807496697, 0.003920486605805791, 0.09816700710756025, 0.0045139725450114585, 0.11924292855873342, 0.012797131819781083, 0.06977862891990962, 0.01280646960455591, 0.04938822666682848, 0.009522732208172296]</VALUES>
		<LCS_MIN>[0.08946314454078674, 0.08242710679769516, 0.08163982629776001, 0.09999848157167435, 0.04821670427918434, 0.033828772604465485]</LCS_MIN>
		<LCS_MAX>[0.104433573782444, 0.10314334183931351, 0.1089629977941513, 0.14440234005451202, 0.09659694880247116, 0.06856796145439148]</LCS_MAX>
		<WAVELENGTH>[0.485, 0.56, 0.66, 0.83, 1.65, 2.215]</WAVELENGTH>
		<MEAN_VALUE>[0.09968685685861402, 0.09599732807496697, 0.09816700710756025, 0.11924292855873342, 0.06977862891990962, 0.04938822666682848]</MEAN_VALUE>
		<CHECKBOX>2</CHECKBOX>
		<SD>[0.0026396937561624506, 0.003920486605805791, 0.0045139725450114585, 0.012797131819781083, 0.01280646960455591, 0.009522732208172296]</SD>
		<WAVELENGTH_UNIT>E-6m</WAVELENGTH_UNIT>
		<COLOR>#a5e28b</COLOR>
		<COVARIANCE_MATRIX>[[7.142182704481105e-06, 7.421730571795475e-06, 9.01519586324499e-06, -1.7933824416351168e-05, -1.2787196994307415e-05, -5.314869960190451e-06], [7.421730571795475e-06, 1.5754470606960186e-05, 1.3509854748426303e-05, -9.405926897573059e-06, -1.3067936468077888e-05, -4.262851376963117e-06], [9.01519586324499e-06, 1.3509854748426303e-05, 2.0885346840545136e-05, -1.6861498946181117e-05, -1.5263421059576853e-05, -5.361529839389945e-06], [-1.7933824416351168e-05, -9.405926897573059e-06, -1.6861498946181117e-05, 0.00016786074738317483, 0.00011306078311751702, 6.658396962754088e-05], [-1.2787196994307415e-05, -1.3067936468077888e-05, -1.5263421059576853e-05, 0.00011306078311751702, 0.0001681058053257248, 0.00010858762912268534], [-5.314869960190451e-06, -4.262851376963117e-06, -5.361529839389945e-06, 6.658396962754088e-05, 0.00010858762912268534, 9.29494894262761e-05]]</COVARIANCE_MATRIX>
		<ROI_SIZE>41</ROI_SIZE>
		<MAX_VALUE>[0.104433573782444, 0.10314334183931351, 0.1089629977941513, 0.14440234005451202, 0.09659694880247116, 0.06856796145439148]</MAX_VALUE>
		<MIN_VALUE>[0.08946314454078674, 0.08242710679769516, 0.08163982629776001, 0.09999848157167435, 0.04821670427918434, 0.033828772604465485]</MIN_VALUE>
		<SIGNATURE_THRESHOLD_MD>0</SIGNATURE_THRESHOLD_MD>
		<SIGNATURE_THRESHOLD_ML>0</SIGNATURE_THRESHOLD_ML>
		<SIGNATURE_THRESHOLD_SAM>0</SIGNATURE_THRESHOLD_SAM>
	</signature>
	<signature ID="20220209_144532480822_874">
		<MACROCLASSID>1</MACROCLASSID>
		<MACROCLASSINFO>waterbody</MACROCLASSINFO>
		<CLASSID>13</CLASSID>
		<CLASSINFO>C 1</CLASSINFO>
		<VALUES>[0.09887444972991942, 0.003744237372587545, 0.09647201797214604, 0.005625567706831798, 0.09868207333956733, 0.006526982664371919, 0.1248345356118881, 0.011945874269854875, 0.07989868117591081, 0.012785208503265923, 0.05839777712599708, 0.009625983049354246]</VALUES>
		<LCS_MIN>[0.08810219913721085, 0.08538658171892166, 0.0843721404671669, 0.10682984441518784, 0.05921221897006035, 0.040144987404346466]</LCS_MIN>
		<LCS_MAX>[0.1071554645895958, 0.10906225442886353, 0.1116953119635582, 0.158065065741539, 0.10539335012435913, 0.07804229110479355]</LCS_MAX>
		<WAVELENGTH>[0.485, 0.56, 0.66, 0.83, 1.65, 2.215]</WAVELENGTH>
		<MEAN_VALUE>[0.09887444972991942, 0.09647201797214604, 0.09868207333956733, 0.1248345356118881, 0.07989868117591081, 0.05839777712599708]</MEAN_VALUE>
		<CHECKBOX>2</CHECKBOX>
		<SD>[0.003744237372587545, 0.005625567706831798, 0.006526982664371919, 0.011945874269854875, 0.012785208503265923, 0.009625983049354246]</SD>
		<WAVELENGTH_UNIT>E-6m</WAVELENGTH_UNIT>
		<COLOR>#1b39b2</COLOR>
		<COVARIANCE_MATRIX>[[1.4261025804044812e-05, 1.8591788876374932e-05, 2.1810302434873585e-05, -7.665657479371325e-06, -3.5071272476466242e-06, 6.735907766830626e-06], [1.8591788876374932e-05, 3.2192650162496235e-05, 3.353806097491659e-05, 7.506092467695429e-06, 6.631788228338369e-06, 1.4453715762648514e-05], [2.1810302434873585e-05, 3.353806097491659e-05, 4.3336011368270305e-05, 7.434555758548179e-06, 1.0080560033436434e-05, 2.1287439889202614e-05], [-7.665657479371325e-06, 7.506092467695429e-06, 7.434555758548179e-06, 0.00014516432434826998, 8.74811723525793e-05, 4.8825629521410993e-05], [-3.5071272476466242e-06, 6.631788228338369e-06, 1.0080560033436434e-05, 8.74811723525793e-05, 0.0001662798591697762, 0.00010696362631152951], [6.735907766830626e-06, 1.4453715762648514e-05, 2.1287439889202614e-05, 4.8825629521410993e-05, 0.00010696362631152951, 9.425712810898008e-05]]</COVARIANCE_MATRIX>
		<ROI_SIZE>59</ROI_SIZE>
		<MAX_VALUE>[0.1071554645895958, 0.10906225442886353, 0.1116953119635582, 0.158065065741539, 0.10539335012435913, 0.07804229110479355]</MAX_VALUE>
		<MIN_VALUE>[0.08810219913721085, 0.08538658171892166, 0.0843721404671669, 0.10682984441518784, 0.05921221897006035, 0.040144987404346466]</MIN_VALUE>
		<SIGNATURE_THRESHOLD_MD>0</SIGNATURE_THRESHOLD_MD>
		<SIGNATURE_THRESHOLD_ML>0</SIGNATURE_THRESHOLD_ML>
		<SIGNATURE_THRESHOLD_SAM>0</SIGNATURE_THRESHOLD_SAM>
	</signature>
	<signature ID="20220209_144629342661_996">
		<MACROCLASSID>1</MACROCLASSID>
		<MACROCLASSINFO>waterbody</MACROCLASSINFO>
		<CLASSID>14</CLASSID>
		<CLASSINFO>C 1</CLASSINFO>
		<VALUES>[0.10461332381896252, 0.0036349018643479173, 0.10247327766890796, 0.005257758871777825, 0.10602446659555974, 0.007313282993253029, 0.12236152448744146, 0.013345937806490892, 0.06290504427732162, 0.012408960142267481, 0.047652938315328554, 0.011114521380155585]</VALUES>
		<LCS_MIN>[0.09762883931398392, 0.09426496177911758, 0.09530141949653625, 0.09316711872816086, 0.041619397699832916, 0.027512552216649055]</LCS_MIN>
		<LCS_MAX>[0.11668210476636887, 0.11794065684080124, 0.12808921933174133, 0.14440234005451202, 0.08999963104724884, 0.07172606885433197]</LCS_MAX>
		<WAVELENGTH>[0.485, 0.56, 0.66, 0.83, 1.65, 2.215]</WAVELENGTH>
		<MEAN_VALUE>[0.10461332381896252, 0.10247327766890796, 0.10602446659555974, 0.12236152448744146, 0.06290504427732162, 0.047652938315328554]</MEAN_VALUE>
		<CHECKBOX>2</CHECKBOX>
		<SD>[0.0036349018643479173, 0.005257758871777825, 0.007313282993253029, 0.013345937806490892, 0.012408960142267481, 0.011114521380155585]</SD>
		<WAVELENGTH_UNIT>E-6m</WAVELENGTH_UNIT>
		<COLOR>#83f308</COLOR>
		<COVARIANCE_MATRIX>[[1.3466598324275382e-05, 1.468433756140462e-05, 2.206297575516085e-05, -1.3751715526692888e-05, 1.0892019578643606e-05, 1.6147198534630677e-05], [1.468433756140462e-05, 2.8175644283638366e-05, 3.562498728858808e-05, 1.6652018123490373e-06, 2.667730792854349e-05, 2.8852792525527942e-05], [2.206297575516085e-05, 3.562498728858808e-05, 5.4512648680546394e-05, -1.4503636370366572e-05, 3.289928978555943e-05, 3.7753234910820806e-05], [-1.3751715526692888e-05, 1.6652018123490373e-06, -1.4503636370366572e-05, 0.0001815393262411601, 7.3424498014976e-05, 4.689408457814196e-05], [1.0892019578643606e-05, 2.667730792854349e-05, 3.289928978555943e-05, 7.3424498014976e-05, 0.0001569434897318519, 0.00012773661672643973], [1.6147198534630677e-05, 2.8852792525527942e-05, 3.7753234910820806e-05, 4.689408457814196e-05, 0.00012773661672643973, 0.00012590821215435746]]</COVARIANCE_MATRIX>
		<ROI_SIZE>53</ROI_SIZE>
		<MAX_VALUE>[0.11668210476636887, 0.11794065684080124, 0.12808921933174133, 0.14440234005451202, 0.08999963104724884, 0.07172606885433197]</MAX_VALUE>
		<MIN_VALUE>[0.09762883931398392, 0.09426496177911758, 0.09530141949653625, 0.09316711872816086, 0.041619397699832916, 0.027512552216649055]</MIN_VALUE>
		<SIGNATURE_THRESHOLD_MD>0</SIGNATURE_THRESHOLD_MD>
		<SIGNATURE_THRESHOLD_ML>0</SIGNATURE_THRESHOLD_ML>
		<SIGNATURE_THRESHOLD_SAM>0</SIGNATURE_THRESHOLD_SAM>
	</signature>
	<signature ID="20220209_144655154992_557">
		<MACROCLASSID>1</MACROCLASSID>
		<MACROCLASSINFO>waterbody</MACROCLASSINFO>
		<CLASSID>15</CLASSID>
		<CLASSINFO>C 1</CLASSINFO>
		<VALUES>[0.09080021619273906, 0.0030108760973047532, 0.10262414447048254, 0.0033776144344620116, 0.0802497025905994, 0.005515275964313129, 0.06680046459823323, 0.017495820102497034, 0.038841584435941864, 0.015048268495009077, 0.029507146396657878, 0.010257034671564575]</VALUES>
		<LCS_MIN>[0.08538029342889786, 0.09426496177911758, 0.07344286888837814, 0.04876327142119408, 0.02402658201754093, 0.021196335554122925]</LCS_MIN>
		<LCS_MAX>[0.10035073757171631, 0.11498119682073593, 0.09803371876478195, 0.12049257010221481, 0.08560143411159515, 0.05909363180398941]</LCS_MAX>
		<WAVELENGTH>[0.485, 0.56, 0.66, 0.83, 1.65, 2.215]</WAVELENGTH>
		<MEAN_VALUE>[0.09080021619273906, 0.10262414447048254, 0.0802497025905994, 0.06680046459823323, 0.038841584435941864, 0.029507146396657878]</MEAN_VALUE>
		<CHECKBOX>2</CHECKBOX>
		<SD>[0.0030108760973047532, 0.0033776144344620116, 0.005515275964313129, 0.017495820102497034, 0.015048268495009077, 0.010257034671564575]</SD>
		<WAVELENGTH_UNIT>E-6m</WAVELENGTH_UNIT>
		<COLOR>#932f46</COLOR>
		<COVARIANCE_MATRIX>[[9.227256567487545e-06, 6.891959538230695e-06, 1.3844349107606947e-05, 3.746087480733371e-05, 3.0876586195277154e-05, 2.0771091511487805e-05], [6.891959538230695e-06, 1.161199854052696e-05, 1.5293304152492553e-05, 3.263748460619742e-05, 2.8515971051064252e-05, 1.9245970430641843e-05], [1.3844349107606947e-05, 1.5293304152492553e-05, 3.096145233686099e-05, 8.185132821458211e-05, 6.570539322024531e-05, 4.3809753827616045e-05], [3.746087480733371e-05, 3.263748460619742e-05, 8.185132821458211e-05, 0.0003115698589349917, 0.00023087057426182957, 0.0001467611604586348], [3.0876586195277154e-05, 2.8515971051064252e-05, 6.570539322024531e-05, 0.00023087057426182957, 0.0002304941415674876, 0.0001460277956075877], [2.0771091511487805e-05, 1.9245970430641843e-05, 4.3809753827616045e-05, 0.0001467611604586348, 0.0001460277956075877, 0.00010708545240106497]]</COVARIANCE_MATRIX>
		<ROI_SIZE>57</ROI_SIZE>
		<MAX_VALUE>[0.10035073757171631, 0.11498119682073593, 0.09803371876478195, 0.12049257010221481, 0.08560143411159515, 0.05909363180398941]</MAX_VALUE>
		<MIN_VALUE>[0.08538029342889786, 0.09426496177911758, 0.07344286888837814, 0.04876327142119408, 0.02402658201754093, 0.021196335554122925]</MIN_VALUE>
		<SIGNATURE_THRESHOLD_MD>0</SIGNATURE_THRESHOLD_MD>
		<SIGNATURE_THRESHOLD_ML>0</SIGNATURE_THRESHOLD_ML>
		<SIGNATURE_THRESHOLD_SAM>0</SIGNATURE_THRESHOLD_SAM>
	</signature>
	<signature ID="20220209_144707209210_488">
		<MACROCLASSID>1</MACROCLASSID>
		<MACROCLASSINFO>waterbody</MACROCLASSINFO>
		<CLASSID>16</CLASSID>
		<CLASSINFO>C 1</CLASSINFO>
		<VALUES>[0.12654899513082843, 0.004595455005204109, 0.1574706052030836, 0.009365795110478919, 0.15902296826243403, 0.010482320182586154, 0.11634495561676367, 0.04057290238118728, 0.10900616805468286, 0.06118150504651435, 0.08965960357870374, 0.05001997920911175]</VALUES>
		<LCS_MIN>[0.11396021395921707, 0.13865689933300018, 0.14175081253051758, 0.07608871161937714, 0.0460175983607769, 0.033828772604465485]</LCS_MIN>
