<?xml version="1.0" ?>
<signaturelist MCID_LIST="[['1', 'waterbody', '#000000'], ['2', 'vegetation', '#000000'], ['3', 'bareland', '#000000'], ['4', 'built-up', '#000000']]">
	<signature ID="20220228_085456710513_260">
		<MACROCLASSID>1</MACROCLASSID>
		<MACROCLASSINFO>waterbody</MACROCLASSINFO>
		<CLASSID>1</CLASSID>
		<CLASSINFO>C 1</CLASSINFO>
		<VALUES>[0.10153607423267054, 0.0027867955884643874, 0.09691415612976402, 0.004646273565773133, 0.09523530304431913, 0.00605484532230734, 0.07920139315988749, 0.011485349498527964, 0.04239972393899676, 0.013028615589274442, 0.03466923293777772, 0.01057444299452308]</VALUES>
		<LCS_MIN>[0.09626789391040802, 0.08834604173898697, 0.0843721404671669, 0.05901031941175461, 0.017429275438189507, 0.011722015216946602]</LCS_MIN>
		<LCS_MAX>[0.10987736284732819, 0.10906225442886353, 0.1116953119635582, 0.09999848157167435, 0.06800861656665802, 0.0622517354786396]</LCS_MAX>
		<WAVELENGTH>[0.485, 0.56, 0.66, 0.83, 1.65, 2.215]</WAVELENGTH>
		<MEAN_VALUE>[0.10153607423267054, 0.09691415612976402, 0.09523530304431913, 0.07920139315988749, 0.04239972393899676, 0.03466923293777772]</MEAN_VALUE>
		<CHECKBOX>2</CHECKBOX>
		<SD>[0.0027867955884643874, 0.004646273565773133, 0.00605484532230734, 0.011485349498527964, 0.013028615589274442, 0.01057444299452308]</SD>
		<WAVELENGTH_UNIT>E-6m</WAVELENGTH_UNIT>
		<COLOR>#2d38fe</COLOR>
		<COVARIANCE_MATRIX>[[7.829369730355192e-06, 1.039081820911879e-05, 1.4076421645990191e-05, 1.804929128110139e-05, 2.0869183689968977e-05, 1.8424100402837704e-05], [1.039081820911879e-05, 2.176336908904286e-05, 2.344898184935114e-05, 2.6286127306850895e-05, 3.088002352158299e-05, 2.6174159199725973e-05], [1.4076421645990191e-05, 2.344898184935114e-05, 3.695921002240905e-05, 4.391190449143895e-05, 4.880506044258577e-05, 4.200814472947784e-05], [1.804929128110139e-05, 2.6286127306850895e-05, 4.391190449143895e-05, 0.00013298571857572137, 0.00012603956306048516, 9.663893517749347e-05], [2.0869183689968977e-05, 3.088002352158299e-05, 4.880506044258577e-05, 0.00012603956306048516, 0.00017112486339400455, 0.00012022701281358954], [1.8424100402837704e-05, 2.6174159199725973e-05, 4.200814472947784e-05, 9.663893517749347e-05, 0.00012022701281358954, 0.00011272794094234038]]</COVARIANCE_MATRIX>
		<ROI_SIZE>124</ROI_SIZE>
		<MAX_VALUE>[0.10987736284732819, 0.10906225442886353, 0.1116953119635582, 0.09999848157167435, 0.06800861656665802, 0.0622517354786396]</MAX_VALUE>
		<MIN_VALUE>[0.09626789391040802, 0.08834604173898697, 0.0843721404671669, 0.05901031941175461, 0.017429275438189507, 0.011722015216946602]</MIN_VALUE>
		<SIGNATURE_THRESHOLD_MD>0</SIGNATURE_THRESHOLD_MD>
		<SIGNATURE_THRESHOLD_ML>0</SIGNATURE_THRESHOLD_ML>
		<SIGNATURE_THRESHOLD_SAM>0</SIGNATURE_THRESHOLD_SAM>
	</signature>
	<signature ID="20220228_085504994506_467">
		<MACROCLASSID>1</MACROCLASSID>
		<MACROCLASSINFO>waterbody</MACROCLASSINFO>
		<CLASSID>2</CLASSID>
		<CLASSINFO>C 1</CLASSINFO>
		<VALUES>[0.10236868801815757, 0.006399605892810676, 0.09640801800736065, 0.0075310111666704194, 0.09190956682994447, 0.011154372160130707, 0.09034035059398621, 0.017464347827208505, 0.06914608816391435, 0.015874983757710057, 0.06040043493026292, 0.014233063497206233]</VALUES>
		<LCS_MIN>[0.08810219913721085, 0.08242710679769516, 0.06797824054956436, 0.04534758999943733, 0.028424782678484917, 0.030670659616589546]</LCS_MIN>
		<LCS_MAX>[0.11532115936279297, 0.10906225442886353, 0.1089629977941513, 0.11366120725870132, 0.098796047270298, 0.08751660585403442]</LCS_MAX>
		<WAVELENGTH>[0.485, 0.56, 0.66, 0.83, 1.65, 2.215]</WAVELENGTH>
		<MEAN_VALUE>[0.10236868801815757, 0.09640801800736065, 0.09190956682994447, 0.09034035059398621, 0.06914608816391435, 0.06040043493026292]</MEAN_VALUE>
		<CHECKBOX>2</CHECKBOX>
		<SD>[0.006399605892810676, 0.0075310111666704194, 0.011154372160130707, 0.017464347827208505, 0.015874983757710057, 0.014233063497206233]</SD>
		<WAVELENGTH_UNIT>E-6m</WAVELENGTH_UNIT>
		<COLOR>#23419c</COLOR>
		<COVARIANCE_MATRIX>[[4.241763256841485e-05, 4.4284526349993143e-05, 6.857776592515474e-05, 9.52268455375918e-05, 8.783610003364755e-05, 6.880008510556758e-05], [4.4284526349993143e-05, 5.874170523510439e-05, 8.059295964996507e-05, 0.00011169225055501097, 9.881655511305845e-05, 8.121608207801485e-05], [6.857776592515474e-05, 8.059295964996507e-05, 0.0001288635903683668, 0.00018005716747603788, 0.00016150819509172225, 0.0001290942395075806], [9.52268455375918e-05, 0.00011169225055501097, 0.00018005716747603788, 0.0003158964252093552, 0.00025469483297204114, 0.00019491153249530689], [8.783610003364755e-05, 9.881655511305845e-05, 0.00016150819509172225, 0.00025469483297204114, 0.00026101564892568523, 0.0002085467763018076], [6.880008510556758e-05, 8.121608207801485e-05, 0.0001290942395075806, 0.00019491153249530689, 0.0002085467763018076, 0.00020981509996248666]]</COVARIANCE_MATRIX>
		<ROI_SIZE>29</ROI_SIZE>
		<MAX_VALUE>[0.11532115936279297, 0.10906225442886353, 0.1089629977941513, 0.11366120725870132, 0.098796047270298, 0.08751660585403442]</MAX_VALUE>
		<MIN_VALUE>[0.08810219913721085, 0.08242710679769516, 0.06797824054956436, 0.04534758999943733, 0.028424782678484917, 0.030670659616589546]</MIN_VALUE>
		<SIGNATURE_THRESHOLD_MD>0</SIGNATURE_THRESHOLD_MD>
		<SIGNATURE_THRESHOLD_ML>0</SIGNATURE_THRESHOLD_ML>
		<SIGNATURE_THRESHOLD_SAM>0</SIGNATURE_THRESHOLD_SAM>
	</signature>
	<signature ID="20220228_085512756483_438">
		<MACROCLASSID>1</MACROCLASSID>
		<MACROCLASSINFO>waterbody</MACROCLASSINFO>
		<CLASSID>3</CLASSID>
		<CLASSINFO>C 1</CLASSINFO>
		<VALUES>[0.10462129141750005, 0.003894276821167817, 0.09952055585795436, 0.007332907980933498, 0.09864614017564677, 0.00816616505675091, 0.08668910512893364, 0.012277618460632243, 0.0547381783675017, 0.016712804200598973, 0.047550203407119074, 0.015883395686274338]</VALUES>
		<LCS_MIN>[0.09490694105625153, 0.07946764677762985, 0.07890751212835312, 0.06242598965764046, 0.028424782678484917, 0.024354444816708565]</LCS_MIN>
		<LCS_MAX>[0.11396021395921707, 0.11794065684080124, 0.12262456864118576, 0.11366120725870132, 0.08120322972536087, 0.07488417625427246]</LCS_MAX>
		<WAVELENGTH>[0.485, 0.56, 0.66, 0.83, 1.65, 2.215]</WAVELENGTH>
		<MEAN_VALUE>[0.10462129141750005, 0.09952055585795436, 0.09864614017564677, 0.08668910512893364, 0.0547381783675017, 0.047550203407119074]</MEAN_VALUE>
		<CHECKBOX>2</CHECKBOX>
		<SD>[0.003894276821167817, 0.007332907980933498, 0.00816616505675091, 0.012277618460632243, 0.016712804200598973, 0.015883395686274338]</SD>
		<WAVELENGTH_UNIT>E-6m</WAVELENGTH_UNIT>
		<COLOR>#bfa90e</COLOR>
		<COVARIANCE_MATRIX>[[1.5431451467953074e-05, 2.36567812730509e-05, 2.760898015332401e-05, 1.3633531260651225e-05, 1.8076669717042827e-05, 1.992481367713135e-05], [2.36567812730509e-05, 5.4714899798186174e-05, 5.41794099280136e-05, 1.7440831665972495e-05, 1.5362884310241624e-05, 1.9755576701959147e-05], [2.760898015332401e-05, 5.41794099280136e-05, 6.78561859750488e-05, 4.775328565245232e-05, 5.6760438235143885e-05, 6.002682863154714e-05], [1.3633531260651225e-05, 1.7440831665972495e-05, 4.775328565245232e-05, 0.00015338447497827623, 0.0001793791425450401, 0.00016292876122867388], [1.8076669717042827e-05, 1.5362884310241624e-05, 5.6760438235143885e-05, 0.0001793791425450401, 0.0002842181369536563, 0.0002552214690138516], [1.992481367713135e-05, 1.9755576701959147e-05, 6.002682863154714e-05, 0.00016292876122867388, 0.0002552214690138516, 0.0002567082630623154]]</COVARIANCE_MATRIX>
		<ROI_SIZE>58</ROI_SIZE>
		<MAX_VALUE>[0.11396021395921707, 0.11794065684080124, 0.12262456864118576, 0.11366120725870132, 0.08120322972536087, 0.07488417625427246]</MAX_VALUE>
		<MIN_VALUE>[0.09490694105625153, 0.07946764677762985, 0.07890751212835312, 0.06242598965764046, 0.028424782678484917, 0.024354444816708565]</MIN_VALUE>
		<SIGNATURE_THRESHOLD_MD>0</SIGNATURE_THRESHOLD_MD>
		<SIGNATURE_THRESHOLD_ML>0</SIGNATURE_THRESHOLD_ML>
		<SIGNATURE_THRESHOLD_SAM>0</SIGNATURE_THRESHOLD_SAM>
	</signature>
	<signature ID="20220228_085518391606_899">
		<MACROCLASSID>1</MACROCLASSID>
		<MACROCLASSINFO>waterbody</MACROCLASSINFO>
		<CLASSID>4</CLASSID>
		<CLASSINFO>C 1</CLASSINFO>
		<VALUES>[0.10726888208753534, 0.0039726709765432276, 0.10560956452455784, 0.0047566674877702825, 0.10266348388459948, 0.005860858688455199, 0.08927704062726763, 0.01175402219298783, 0.05982307499895493, 0.014248144036309165, 0.05128608819925123, 0.013470607510452813]</VALUES>
		<LCS_MIN>[0.10035073757171631, 0.1001838967204094, 0.09256908297538757, 0.06925735622644424, 0.041619397699832916, 0.030670659616589546]</LCS_MIN>
		<LCS_MAX>[0.11668210476636887, 0.11498119682073593, 0.11715994775295258, 0.11366120725870132, 0.087800532579422, 0.07804229110479355]</LCS_MAX>
		<WAVELENGTH>[0.485, 0.56, 0.66, 0.83, 1.65, 2.215]</WAVELENGTH>
		<MEAN_VALUE>[0.10726888208753534, 0.10560956452455784, 0.10266348388459948, 0.08927704062726763, 0.05982307499895493, 0.05128608819925123]</MEAN_VALUE>
		<CHECKBOX>2</CHECKBOX>
		<SD>[0.0039726709765432276, 0.0047566674877702825, 0.005860858688455199, 0.01175402219298783, 0.014248144036309165, 0.013470607510452813]</SD>
		<WAVELENGTH_UNIT>E-6m</WAVELENGTH_UNIT>
		<COLOR>#8423d7</COLOR>
		<COVARIANCE_MATRIX>[[1.6233032250379456e-05, 1.6053159752028226e-05, 1.9221335546677528e-05, 2.914206552598921e-05, 3.592861743072845e-05, 3.271612792484394e-05], [1.6053159752028226e-05, 2.32723394631883e-05, 2.5221221081434607e-05, 3.817191152800165e-05, 5.070164240774817e-05, 4.7310081334598425e-05], [1.9221335546677528e-05, 2.5221221081434607e-05, 3.5331083553641956e-05, 5.2122554089073336e-05, 6.267115057648104e-05, 6.035477498607235e-05], [2.914206552598921e-05, 3.817191152800165e-05, 5.2122554089073336e-05, 0.00014210438164791473, 0.00012799237540460538, 0.00011330724089331067], [3.592861743072845e-05, 5.070164240774817e-05, 6.267115057648104e-05, 0.00012799237540460538, 0.00020880988300739554, 0.0001715856549530173], [3.271612792484394e-05, 4.7310081334598425e-05, 6.035477498607235e-05, 0.00011330724089331067, 0.0001715856549530173, 0.0001866417600349725]]</COVARIANCE_MATRIX>
		<ROI_SIZE>36</ROI_SIZE>
		<MAX_VALUE>[0.11668210476636887, 0.11498119682073593, 0.11715994775295258, 0.11366120725870132, 0.087800532579422, 0.07804229110479355]</MAX_VALUE>
		<MIN_VALUE>[0.10035073757171631, 0.1001838967204094, 0.09256908297538757, 0.06925735622644424, 0.041619397699832916, 0.030670659616589546]</MIN_VALUE>
		<SIGNATURE_THRESHOLD_MD>0</SIGNATURE_THRESHOLD_MD>
		<SIGNATURE_THRESHOLD_ML>0</SIGNATURE_THRESHOLD_ML>
		<SIGNATURE_THRESHOLD_SAM>0</SIGNATURE_THRESHOLD_SAM>
	</signature>
	<signature ID="20220228_085528857620_472">
		<MACROCLASSID>1</MACROCLASSID>
		<MACROCLASSINFO>waterbody</MACROCLASSINFO>
		<CLASSID>5</CLASSID>
		<CLASSINFO>C 1</CLASSINFO>
		<VALUES>[0.10967064111293118, 0.005704932996198916, 0.10894988260314434, 0.007786595939160345, 0.10927427286588692, 0.00988490709024274, 0.10752162808858894, 0.0190012340601195, 0.07819686547110354, 0.01958883404448207, 0.06493013658666912, 0.01574721637317639]</VALUES>
		<LCS_MIN>[0.09490694105625153, 0.08242710679769516, 0.08163982629776001, 0.07608871161937714, 0.037221189588308334, 0.030670659616589546]</LCS_MIN>
		<LCS_MAX>[0.12348684668540955, 0.12385956943035126, 0.13082154095172882, 0.15123368799686432, 0.1141897514462471, 0.0969909280538559]</LCS_MAX>
		<WAVELENGTH>[0.485, 0.56, 0.66, 0.83, 1.65, 2.215]</WAVELENGTH>
		<MEAN_VALUE>[0.10967064111293118, 0.10894988260314434, 0.10927427286588692, 0.10752162808858894, 0.07819686547110354, 0.06493013658666912]</MEAN_VALUE>
		<CHECKBOX>2</CHECKBOX>
		<SD>[0.005704932996198916, 0.007786595939160345, 0.00988490709024274, 0.0190012340601195, 0.01958883404448207, 0.01574721637317639]</SD>
		<WAVELENGTH_UNIT>E-6m</WAVELENGTH_UNIT>
		<COLOR>#84c660</COLOR>
		<COVARIANCE_MATRIX>[[3.296352024100527e-05, 4.035649475600278e-05, 5.241082021515142e-05, 6.725104511786643e-05, 6.275787119079338e-05, 5.6765697665336346e-05], [4.035649475600278e-05, 6.14083978110272e-05, 7.208546293594661e-05, 7.809625985282947e-05, 6.532347959810003e-05, 6.0336899088955047e-05], [5.241082021515142e-05, 7.208546293594661e-05, 9.89640982876381e-05, 0.0001223038433333217, 0.00011002784325554738, 9.805669203370046e-05], [6.725104511786643e-05, 7.809625985282947e-05, 0.0001223038433333217, 0.0003656757021639508, 0.00031055656695661726, 0.00024124778727153699], [6.275787119079338e-05, 6.532347959810003e-05, 0.00011002784325554738, 0.00031055656695661726, 0.00038864193741741703, 0.00028746920576802187], [5.6765697665336346e-05, 6.0336899088955047e-05, 9.805669203370046e-05, 0.00024124778727153699, 0.00028746920576802187, 0.0002511539879075273]]</COVARIANCE_MATRIX>
		<ROI_SIZE>79</ROI_SIZE>
		<MAX_VALUE>[0.12348684668540955, 0.12385956943035126, 0.13082154095172882, 0.15123368799686432, 0.1141897514462471, 0.0969909280538559]</MAX_VALUE>
		<MIN_VALUE>[0.09490694105625153, 0.08242710679769516, 0.08163982629776001, 0.07608871161937714, 0.037221189588308334, 0.030670659616589546]</MIN_VALUE>
		<SIGNATURE_THRESHOLD_MD>0</SIGNATURE_THRESHOLD_MD>
		<SIGNATURE_THRESHOLD_ML>0</SIGNATURE_THRESHOLD_ML>
		<SIGNATURE_THRESHOLD_SAM>0</SIGNATURE_THRESHOLD_SAM>
	</signature>
	<signature ID="20220228_085537022003_109">
		<MACROCLASSID>1</MACROCLASSID>
		<MACROCLASSINFO>waterbody</MACROCLASSINFO>
		<CLASSID>6</CLASSID>
		<CLASSINFO>C 1</CLASSINFO>
		<VALUES>[0.10604654997587204, 0.004729528874947061, 0.10265010098616283, 0.005335244185305298, 0.10015886083797172, 0.0077400789156102795, 0.08892914666621773, 0.012349315719020046, 0.05469183672081543, 0.01286759532267379, 0.04669513418856595, 0.011171414447225332]</VALUES>
		<LCS_MIN>[0.09898978471755981, 0.09130550175905228, 0.08710445463657379, 0.0658416673541069, 0.03502208739519119, 0.030670659616589546]</LCS_MIN>
		<LCS_MAX>[0.11940401047468185, 0.11794065684080124, 0.11989226937294006, 0.12049257010221481, 0.08120322972536087, 0.06856796145439148]</LCS_MAX>
		<WAVELENGTH>[0.485, 0.56, 0.66, 0.83, 1.65, 2.215]</WAVELENGTH>
		<MEAN_VALUE>[0.10604654997587204, 0.10265010098616283, 0.10015886083797172, 0.08892914666621773, 0.05469183672081543, 0.04669513418856595]</MEAN_VALUE>
		<CHECKBOX>2</CHECKBOX>
		<SD>[0.004729528874947061, 0.005335244185305298, 0.0077400789156102795, 0.012349315719020046, 0.01286759532267379, 0.011171414447225332]</SD>
		<WAVELENGTH_UNIT>E-6m</WAVELENGTH_UNIT>
		<COLOR>#2d7bc1</COLOR>
		<COVARIANCE_MATRIX>[[2.2790489480447782e-05, 2.277281713754426e-05, 3.348248267486212e-05, 2.54712794016676e-05, 3.611514820328933e-05, 3.091811987053965e-05], [2.277281713754426e-05, 2.9001902790736505e-05, 3.860010171627736e-05, 2.037608163659455e-05, 3.800517862904248e-05, 3.133065781215827e-05], [3.348248267486212e-05, 3.860010171627736e-05, 6.103917674477817e-05, 3.594175507950707e-05, 5.819695338406382e-05, 4.5406026201883604e-05], [2.54712794016676e-05, 2.037608163659455e-05, 3.594175507950707e-05, 0.0001553830628549797, 0.00012277330970018787, 0.00010073977742625706], [3.611514820328933e-05, 3.800517862904248e-05, 5.819695338406382e-05, 0.00012277330970018787, 0.00016869906616900392, 0.0001285771499760938], [3.091811987053965e-05, 3.133065781215827e-05, 4.5406026201883604e-05, 0.00010073977742625706, 0.0001285771499760938, 0.00012715522718095178]]</COVARIANCE_MATRIX>
		<ROI_SIZE>54</ROI_SIZE>
		<MAX_VALUE>[0.11940401047468185, 0.11794065684080124, 0.11989226937294006, 0.12049257010221481, 0.08120322972536087, 0.06856796145439148]</MAX_VALUE>
		<MIN_VALUE>[0.09898978471755981, 0.09130550175905228, 0.08710445463657379, 0.0658416673541069, 0.03502208739519119, 0.030670659616589546]</MIN_VALUE>
		<SIGNATURE_THRESHOLD_MD>0</SIGNATURE_THRESHOLD_MD>
		<SIGNATURE_THRESHOLD_ML>0</SIGNATURE_THRESHOLD_ML>
		<SIGNATURE_THRESHOLD_SAM>0</SIGNATURE_THRESHOLD_SAM>
	</signature>
	<signature ID="20220228_085552081028_331">
		<MACROCLASSID>1</MACROCLASSID>
		<MACROCLASSINFO>waterbody</MACROCLASSINFO>
		<CLASSID>7</CLASSID>
		<CLASSINFO>C 1</CLASSINFO>
		<VALUES>[0.10280529822089841, 0.005409780607506578, 0.09880984740863955, 0.00921488642158244, 0.09703350286664708, 0.009583967781592491, 0.08764713643384832, 0.013441703415870766, 0.0641798275423103, 0.017159806456241003, 0.05906543524802796, 0.0154628454337621]</VALUES>
		<LCS_MIN>[0.09218504279851913, 0.07946764677762985, 0.07344286888837814, 0.05901031941175461, 0.028424782678484917, 0.024354444816708565]</LCS_MIN>
		<LCS_MAX>[0.11940401047468185, 0.11794065684080124, 0.12535689771175385, 0.11366120725870132, 0.09439785778522491, 0.08435849845409393]</LCS_MAX>
		<WAVELENGTH>[0.485, 0.56, 0.66, 0.83, 1.65, 2.215]</WAVELENGTH>
		<MEAN_VALUE>[0.10280529822089841, 0.09880984740863955, 0.09703350286664708, 0.08764713643384832, 0.0641798275423103, 0.05906543524802796]</MEAN_VALUE>
		<CHECKBOX>2</CHECKBOX>
		<SD>[0.005409780607506578, 0.00921488642158244, 0.009583967781592491, 0.013441703415870766, 0.017159806456241003, 0.0154628454337621]</SD>
		<WAVELENGTH_UNIT>E-6m</WAVELENGTH_UNIT>
		<COLOR>#2ba21e</COLOR>
		<COVARIANCE_MATRIX>[[2.95293814125376e-05, 4.418775917771259e-05, 4.7769738461885916e-05, 2.6528076285379744e-05, 8.431149215997009e-06, 1.6874710806146413e-05], [4.418775917771259e-05, 8.567912394070648e-05, 8.37003636911745e-05, 2.1306730276063842e-05, -1.3751313220489578e-05, 3.160542785358214e-06], [4.7769738461885916e-05, 8.37003636911745e-05, 9.267993788399571e-05, 4.798712187881387e-05, 1.6489470859568476e-05, 2.9201168185759465e-05], [2.6528076285379744e-05, 2.1306730276063842e-05, 4.798712187881387e-05, 0.00018230713297897257, 0.00020097247387506785, 0.00018225166117323416], [8.431149215997009e-06, -1.3751313220489578e-05, 1.6489470859568476e-05, 0.00020097247387506785, 0.0002971117410175932, 0.00024428008191151597], [1.6874710806146413e-05, 3.160542785358214e-06, 2.9201168185759465e-05, 0.00018225166117323416, 0.00024428008191151597, 0.0002412536392589437]]</COVARIANCE_MATRIX>
		<ROI_SIZE>112</ROI_SIZE>
		<MAX_VALUE>[0.11940401047468185, 0.11794065684080124, 0.12535689771175385, 0.11366120725870132, 0.09439785778522491, 0.08435849845409393]</MAX_VALUE>
		<MIN_VALUE>[0.09218504279851913, 0.07946764677762985, 0.07344286888837814, 0.05901031941175461, 0.028424782678484917, 0.024354444816708565]</MIN_VALUE>
		<SIGNATURE_THRESHOLD_MD>0</SIGNATURE_THRESHOLD_MD>
		<SIGNATURE_THRESHOLD_ML>0</SIGNATURE_THRESHOLD_ML>
		<SIGNATURE_THRESHOLD_SAM>0</SIGNATURE_THRESHOLD_SAM>
	</signature>
	<signature ID="20220228_085608971381_824">
		<MACROCLASSID>1</MACROCLASSID>
		<MACROCLASSINFO>waterbody</MACROCLASSINFO>
		<CLASSID>8</CLASSID>
		<CLASSINFO>C 1</CLASSINFO>
		<VALUES>[0.10428235762649114, 0.0037101977813954936, 0.10270490580134922, 0.005445295022264658, 0.10046245005947571, 0.006808833228786461, 0.09557074777506015, 0.012220835071471921, 0.07069641275814285, 0.015233867752043724, 0.05991240132048175, 0.012751545925241655]</VALUES>
		<LCS_MIN>[0.09762883931398392, 0.08834604173898697, 0.0843721404671669, 0.06925735622644424, 0.04381849989295006, 0.030670659616589546]</LCS_MIN>
		<LCS_MAX>[0.11259926110506058, 0.11498119682073593, 0.11715994775295258, 0.11707688122987747, 0.09659694880247116, 0.08120038360357285]</LCS_MAX>
		<WAVELENGTH>[0.485, 0.56, 0.66, 0.83, 1.65, 2.215]</WAVELENGTH>
		<MEAN_VALUE>[0.10428235762649114, 0.10270490580134922, 0.10046245005947571, 0.09557074777506015, 0.07069641275814285, 0.05991240132048175]</MEAN_VALUE>
		<CHECKBOX>2</CHECKBOX>
		<SD>[0.0037101977813954936, 0.005445295022264658, 0.006808833228786461, 0.012220835071471921, 0.015233867752043724, 0.012751545925241655]</SD>
		<WAVELENGTH_UNIT>E-6m</WAVELENGTH_UNIT>
		<COLOR>#3c0738</COLOR>
		<COVARIANCE_MATRIX>[[1.4025295267205487e-05, 1.65750856009154e-05, 2.226446735669585e-05, 2.25606262618514e-05, 1.950065189511387e-05, 2.0967479731268946e-05], [1.65750856009154e-05, 3.0210695197981414e-05, 3.358225970717271e-05, 1.804850251995781e-05, 8.322789939600554e-06, 1.7647589934651736e-05], [2.226446735669585e-05, 3.358225970717271e-05, 4.723493087964227e-05, 3.578523082538171e-05, 2.509270521175535e-05, 3.2326931880081424e-05], [2.25606262618514e-05, 1.804850251995781e-05, 3.578523082538171e-05, 0.00015216671191664862, 0.00016079502276725475, 0.00012927170076644265], [1.950065189511387e-05, 8.322789939600554e-06, 2.509270521175535e-05, 0.00016079502276725475, 0.00023644941964311153, 0.00017767268638459042], [2.0967479731268946e-05, 1.7647589934651736e-05, 3.2326931880081424e-05, 0.00012927170076644265, 0.00017767268638459042, 0.0001656698843039913]]</COVARIANCE_MATRIX>
		<ROI_SIZE>54</ROI_SIZE>
		<MAX_VALUE>[0.11259926110506058, 0.11498119682073593, 0.11715994775295258, 0.11707688122987747, 0.09659694880247116, 0.08120038360357285]</MAX_VALUE>
		<MIN_VALUE>[0.09762883931398392, 0.08834604173898697, 0.0843721404671669, 0.06925735622644424, 0.04381849989295006, 0.030670659616589546]</MIN_VALUE>
		<SIGNATURE_THRESHOLD_MD>0</SIGNATURE_THRESHOLD_MD>
		<SIGNATURE_THRESHOLD_ML>0</SIGNATURE_THRESHOLD_ML>
		<SIGNATURE_THRESHOLD_SAM>0</SIGNATURE_THRESHOLD_SAM>
	</signature>
	<signature ID="20220228_085617549112_340">
		<MACROCLASSID>1</MACROCLASSID>
		<MACROCLASSINFO>waterbody</MACROCLASSINFO>
		<CLASSID>9</CLASSID>
		<CLASSINFO>C 1</CLASSINFO>
		<VALUES>[0.10423562025482005, 0.0046599885520483796, 0.10292811271819202, 0.005289666604760698, 0.10161057724194093, 0.007347717052274548, 0.09422287609089505, 0.01628196178094951, 0.07040764076465911, 0.021714483426964765, 0.05920847386799076, 0.01765013582923833]</VALUES>
		<LCS_MIN>[0.09626789391040802, 0.09130550175905228, 0.08983677625656128, 0.06242598965764046, 0.030623888596892357, 0.027512552216649055]</LCS_MIN>
		<LCS_MAX>[0.11940401047468185, 0.11794065684080124, 0.12262456864118576, 0.1273239254951477, 0.10759244859218597, 0.09067471325397491]</LCS_MAX>
		<WAVELENGTH>[0.485, 0.56, 0.66, 0.83, 1.65, 2.215]</WAVELENGTH>
		<MEAN_VALUE>[0.10423562025482005, 0.10292811271819202, 0.10161057724194093, 0.09422287609089505, 0.07040764076465911, 0.05920847386799076]</MEAN_VALUE>
		<CHECKBOX>2</CHECKBOX>
		<SD>[0.0046599885520483796, 0.005289666604760698, 0.007347717052274548, 0.01628196178094951, 0.021714483426964765, 0.01765013582923833]</SD>
		<WAVELENGTH_UNIT>E-6m</WAVELENGTH_UNIT>
		<COLOR>#84fe6e</COLOR>
		<COVARIANCE_MATRIX>[[2.2117632070133478e-05, 2.11391656568362e-05, 3.129583867962716e-05, 5.22939834147787e-05, 7.148104432375838e-05, 5.812601203931246e-05], [2.11391656568362e-05, 2.8498731544882045e-05, 3.507551959948999e-05, 4.684316285051249e-05, 6.777680864308561e-05, 5.679523189704193e-05], [3.129583867962716e-05, 3.507551959948999e-05, 5.498874117436553e-05, 9.12093124831778e-05, 0.00012456304525797576, 0.00010121152264188796], [5.22939834147787e-05, 4.684316285051249e-05, 9.12093124831778e-05, 0.00027001158090734313, 0.0003283405514989001, 0.00025437192302189387], [7.148104432375838e-05, 6.777680864308561e-05, 0.00012456304525797576, 0.0003283405514989001, 0.0004802506199536299, 0.00037101977480741955], [5.812601203931246e-05, 5.679523189704193e-05, 0.00010121152264188796, 0.00025437192302189387, 0.00037101977480741955, 0.0003172963187681656]]</COVARIANCE_MATRIX>
		<ROI_SIZE>55</ROI_SIZE>
		<MAX_VALUE>[0.11940401047468185, 0.11794065684080124, 0.12262456864118576, 0.1273239254951477, 0.10759244859218597, 0.09067471325397491]</MAX_VALUE>
		<MIN_VALUE>[0.09626789391040802, 0.09130550175905228, 0.08983677625656128, 0.06242598965764046, 0.030623888596892357, 0.027512552216649055]</MIN_VALUE>
		<SIGNATURE_THRESHOLD_MD>0</SIGNATURE_THRESHOLD_MD>
		<SIGNATURE_THRESHOLD_ML>0</SIGNATURE_THRESHOLD_ML>
		<SIGNATURE_THRESHOLD_SAM>0</SIGNATURE_THRESHOLD_SAM>
	</signature>
	<signature ID="20220228_085623667805_434">
		<MACROCLASSID>1</MACROCLASSID>
		<MACROCLASSINFO>waterbody</MACROCLASSINFO>
		<CLASSID>10</CLASSID>
		<CLASSINFO>C 1</CLASSINFO>
		<VALUES>[0.1001386364752596, 0.0039301347645758255, 0.09733972495252435, 0.0071295853108589, 0.09349169156381061, 0.008030980729096393, 0.08331931377579639, 0.011064292122030745, 0.05455697175454009, 0.015198573719631528, 0.04818380495847818, 0.012750264034213895]</VALUES>
		<LCS_MIN>[0.09082408994436264, 0.07650818675756454, 0.07617519795894623, 0.06242598965764046, 0.028424782678484917, 0.027512552216649055]</LCS_MIN>
		<LCS_MAX>[0.10851640999317169, 0.11202173680067062, 0.1116953119635582, 0.10341416299343109, 0.08120322972536087, 0.07488417625427246]</LCS_MAX>
		<WAVELENGTH>[0.485, 0.56, 0.66, 0.83, 1.65, 2.215]</WAVELENGTH>
		<MEAN_VALUE>[0.1001386364752596, 0.09733972495252435, 0.09349169156381061, 0.08331931377579639, 0.05455697175454009, 0.04818380495847818]</MEAN_VALUE>
		<CHECKBOX>2</CHECKBOX>
		<SD>[0.0039301347645758255, 0.0071295853108589, 0.008030980729096393, 0.011064292122030745, 0.015198573719631528, 0.012750264034213895]</SD>
		<WAVELENGTH_UNIT>E-6m</WAVELENGTH_UNIT>
		<COLOR>#333cc0</COLOR>
		<COVARIANCE_MATRIX>[[1.5649195573881744e-05, 2.318389218793197e-05, 2.803837400896045e-05, 1.5010108607595487e-05, 1.2428133655299404e-05, 1.4282161106001927e-05], [2.318389218793197e-05, 5.14998154772468e-05, 5.0856464965327656e-05, 7.268770923704491e-06, -4.679834721028744e-06, 3.1191504330874013e-06], [2.803837400896045e-05, 5.0856464965327656e-05, 6.534529162205342e-05, 3.5238534356878655e-05, 3.1074112611995115e-05, 3.063485394076231e-05], [1.5010108607595487e-05, 7.268770923704491e-06, 3.5238534356878655e-05, 0.0001240293306900741, 0.00015497780784781636, 0.00012094183274198613], [1.2428133655299404e-05, -4.679834721028744e-06, 3.1074112611995115e-05, 0.00015497780784781636, 0.00023403607262569338, 0.00017124080923723226], [1.4282161106001927e-05, 3.1191504330874013e-06, 3.063485394076231e-05, 0.00012094183274198613, 0.00017124080923723226, 0.0001647083017966705]]</COVARIANCE_MATRIX>
		<ROI_SIZE>77</ROI_SIZE>
		<MAX_VALUE>[0.10851640999317169, 0.11202173680067062, 0.1116953119635582, 0.10341416299343109, 0.08120322972536087, 0.07488417625427246]</MAX_VALUE>
		<MIN_VALUE>[0.09082408994436264, 0.07650818675756454, 0.07617519795894623, 0.06242598965764046, 0.028424782678484917, 0.027512552216649055]</MIN_VALUE>
		<SIGNATURE_THRESHOLD_MD>0</SIGNATURE_THRESHOLD_MD>
		<SIGNATURE_THRESHOLD_ML>0</SIGNATURE_THRESHOLD_ML>
		<SIGNATURE_THRESHOLD_SAM>0</SIGNATURE_THRESHOLD_SAM>
	</signature>
	<signature ID="20220228_085634133850_157">
		<MACROCLASSID>1</MACROCLASSID>
		<MACROCLASSINFO>waterbody</MACROCLASSINFO>
		<CLASSID>11</CLASSID>
		<CLASSINFO>C 1</CLASSINFO>
		<VALUES>[0.1003112856676613, 0.0031512548993260464, 0.0994547405752583, 0.004843426822769625, 0.09399464672458344, 0.00591362720534063, 0.07737578451633452, 0.011337506051410729, 0.04544392244323439, 0.014259932608512856, 0.03909228227870622, 0.01315557844626084]</VALUES>
		<LCS_MIN>[0.09490694105625153, 0.09130550175905228, 0.0843721404671669, 0.05901031941175461, 0.02182747982442379, 0.014880121685564518]</LCS_MIN>
		<LCS_MAX>[0.11259926110506058, 0.11498119682073593, 0.11715994775295258, 0.11366120725870132, 0.07680503278970718, 0.07172606885433197]</LCS_MAX>
		<WAVELENGTH>[0.485, 0.56, 0.66, 0.83, 1.65, 2.215]</WAVELENGTH>
		<MEAN_VALUE>[0.1003112856676613, 0.0994547405752583, 0.09399464672458344, 0.07737578451633452, 0.04544392244323439, 0.03909228227870622]</MEAN_VALUE>
		<CHECKBOX>2</CHECKBOX>
		<SD>[0.0031512548993260464, 0.004843426822769625, 0.00591362720534063, 0.011337506051410729, 0.014259932608512856, 0.01315557844626084]</SD>
		<WAVELENGTH_UNIT>E-6m</WAVELENGTH_UNIT>
		<COLOR>#89659c</COLOR>
		<COVARIANCE_MATRIX>[[1.0076442844063545e-05, 1.1698444340448918e-05, 1.5314011631052484e-05, 2.2952520514404168e-05, 2.2071395580324542e-05, 2.1890394632326185e-05], [1.1698444340448918e-05, 2.3803765496164336e-05, 2.4124136344687214e-05, 2.3845201214835924e-05, 2.1779845005088545e-05, 2.4511118878533742e-05], [1.5314011631052484e-05, 2.4124136344687214e-05, 3.548526594027043e-05, 4.5899815042719976e-05, 4.677830741656368e-05, 4.75861521655502e-05], [2.2952520514404168e-05, 2.3845201214835924e-05, 4.5899815042719976e-05, 0.00013042932351674212, 0.00011430439368120284, 0.00010194857004309975], [2.2071395580324542e-05, 2.1779845005088545e-05, 4.677830741656368e-05, 0.00011430439368120284, 0.0002063360556169653, 0.00018537025418151389], [2.1890394632326185e-05, 2.4511118878533742e-05, 4.75861521655502e-05, 0.00010194857004309975, 0.00018537025418151389, 0.0001756143802006599]]</COVARIANCE_MATRIX>
		<ROI_SIZE>69</ROI_SIZE>
		<MAX_VALUE>[0.11259926110506058, 0.11498119682073593, 0.11715994775295258, 0.11366120725870132, 0.07680503278970718, 0.07172606885433197]</MAX_VALUE>
		<MIN_VALUE>[0.09490694105625153, 0.09130550175905228, 0.0843721404671669, 0.05901031941175461, 0.02182747982442379, 0.014880121685564518]</MIN_VALUE>
		<SIGNATURE_THRESHOLD_MD>0</SIGNATURE_THRESHOLD_MD>
		<SIGNATURE_THRESHOLD_ML>0</SIGNATURE_THRESHOLD_ML>
		<SIGNATURE_THRESHOLD_SAM>0</SIGNATURE_THRESHOLD_SAM>
	</signature>
	<signature ID="20220228_085641181129_497">
		<MACROCLASSID>1</MACROCLASSID>
		<MACROCLASSINFO>waterbody</MACROCLASSINFO>
		<CLASSID>12</CLASSID>
		<CLASSINFO>C 1</CLASSINFO>
		<VALUES>[0.10089079172365246, 0.00367379400333447, 0.09877461632565847, 0.0051356131856468675, 0.09582184976528559, 0.006847810675554323, 0.09501050459960152, 0.015151537238515124, 0.06336607204543221, 0.020692978588752402, 0.05067201171602521, 0.01751594670663667]</VALUES>
		<LCS_MIN>[0.09490694105625153, 0.09130550175905228, 0.0843721404671669, 0.07267303764820099, 0.028424782678484917, 0.021196335554122925]</LCS_MIN>
		<LCS_MAX>[0.11259926110506058, 0.11498119682073593, 0.11989226937294006, 0.13073961436748505, 0.11638887226581573, 0.08751660585403442]</LCS_MAX>
		<WAVELENGTH>[0.485, 0.56, 0.66, 0.83, 1.65, 2.215]</WAVELENGTH>
		<MEAN_VALUE>[0.10089079172365246, 0.09877461632565847, 0.09582184976528559, 0.09501050459960152, 0.06336607204543221, 0.05067201171602521]</MEAN_VALUE>
		<CHECKBOX>2</CHECKBOX>
		<SD>[0.00367379400333447, 0.0051356131856468675, 0.006847810675554323, 0.015151537238515124, 0.020692978588752402, 0.01751594670663667]</SD>
		<WAVELENGTH_UNIT>E-6m</WAVELENGTH_UNIT>
		<COLOR>#a1c340</COLOR>
		<COVARIANCE_MATRIX>[[1.3714452094725608e-05, 1.6689146608198423e-05, 2.2025632452586318e-05, 2.7929444615117702e-05, 3.667595774562305e-05, 3.484629514735323e-05], [1.6689146608198423e-05, 2.679991832150271e-05, 3.217705626141568e-05, 4.356313118454235e-05, 5.056068053261716e-05, 5.01986578809745e-05], [2.2025632452586318e-05, 3.217705626141568e-05, 4.764884187159438e-05, 6.902058482152672e-05, 8.56070284956669e-05, 7.86348174837827e-05], [2.7929444615117702e-05, 4.356313118454235e-05, 6.902058482152672e-05, 0.0002332718077980155, 0.0002883150949057061, 0.0002162057518432699], [3.667595774562305e-05, 5.056068053261716e-05, 8.56070284956669e-05, 0.0002883150949057061, 0.0004351058042112517, 0.00033126914396861354], [3.484629514735323e-05, 5.01986578809745e-05, 7.86348174837827e-05, 0.0002162057518432699, 0.00033126914396861354, 0.0003117569114334414]]</COVARIANCE_MATRIX>
		<ROI_SIZE>63</ROI_SIZE>
		<MAX_VALUE>[0.11259926110506058, 0.11498119682073593, 0.11989226937294006, 0.13073961436748505, 0.11638887226581573, 0.08751660585403442]</MAX_VALUE>
		<MIN_VALUE>[0.09490694105625153, 0.09130550175905228, 0.0843721404671669, 0.07267303764820099, 0.028424782678484917, 0.021196335554122925]</MIN_VALUE>
		<SIGNATURE_THRESHOLD_MD>0</SIGNATURE_THRESHOLD_MD>
		<SIGNATURE_THRESHOLD_ML>0</SIGNATURE_THRESHOLD_ML>
		<SIGNATURE_THRESHOLD_SAM>0</SIGNATURE_THRESHOLD_SAM>
	</signature>
	<signature ID="20220228_085651656995_706">
		<MACROCLASSID>1</MACROCLASSID>
		<MACROCLASSINFO>waterbody</MACROCLASSINFO>
		<CLASSID>13</CLASSID>
		<CLASSINFO>C 1</CLASSINFO>
		<VALUES>[0.09754810198131246, 0.004451750862478671, 0.0930109519700883, 0.0069181301411007055, 0.08902634213031345, 0.00893770794042273, 0.09212504851363476, 0.01711026412251998, 0.05643538046249394, 0.020566586901725078, 0.04102818442950561, 0.016670044555246198]</VALUES>
		<LCS_MIN>[0.08946314454078674, 0.07946764677762985, 0.07071055471897125, 0.055594637989997864, 0.02402658201754093, 0.014880121685564518]</LCS_MIN>
		<LCS_MAX>[0.11259926110506058, 0.11202173680067062, 0.11442764103412628, 0.1273239254951477, 0.098796047270298, 0.08435849845409393]</LCS_MAX>
		<WAVELENGTH>[0.485, 0.56, 0.66, 0.83, 1.65, 2.215]</WAVELENGTH>
		<MEAN_VALUE>[0.09754810198131246, 0.0930109519700883, 0.08902634213031345, 0.09212504851363476, 0.05643538046249394, 0.04102818442950561]</MEAN_VALUE>
		<CHECKBOX>2</CHECKBOX>
		<SD>[0.004451750862478671, 0.0069181301411007055, 0.00893770794042273, 0.01711026412251998, 0.020566586901725078, 0.016670044555246198]</SD>
		<WAVELENGTH_UNIT>E-6m</WAVELENGTH_UNIT>
		<COLOR>#850259</COLOR>
		<COVARIANCE_MATRIX>[[1.9987471089798176e-05, 2.7540814777657368e-05, 3.587991190086033e-05, 3.952725109755833e-05, 5.1164154553086204e-05, 4.922362282137161e-05], [2.7540814777657368e-05, 4.826958896244724e-05, 5.806637962443414e-05, 4.913852959050513e-05, 6.357213217983286e-05, 7.165359108899665e-05], [3.587991190086033e-05, 5.806637962443414e-05, 8.056538069178529e-05, 8.250461752099583e-05, 0.00010532099760839898, 0.00010832565861573799], [3.952725109755833e-05, 4.913852959050513e-05, 8.250461752099583e-05, 0.0002952633702940386, 0.0003146802948199043, 0.00024276183615673454], [5.1164154553086204e-05, 6.357213217983286e-05, 0.00010532099760839898, 0.0003146802948199043, 0.00042659974889549347, 0.0003220622424771459], [4.922362282137161e-05, 7.165359108899665e-05, 0.00010832565861573799, 0.00024276183615673454, 0.0003220622424771459, 0.00028026551697367034]]</COVARIANCE_MATRIX>
		<ROI_SIZE>118</ROI_SIZE>
		<MAX_VALUE>[0.11259926110506058, 0.11202173680067062, 0.11442764103412628, 0.1273239254951477, 0.098796047270298, 0.08435849845409393]</MAX_VALUE>
		<MIN_VALUE>[0.08946314454078674, 0.07946764677762985, 0.07071055471897125, 0.055594637989997864, 0.02402658201754093, 0.014880121685564518]</MIN_VALUE>
		<SIGNATURE_THRESHOLD_MD>0</SIGNATURE_THRESHOLD_MD>
		<SIGNATURE_THRESHOLD_ML>0</SIGNATURE_THRESHOLD_ML>
		<SIGNATURE_THRESHOLD_SAM>0</SIGNATURE_THRESHOLD_SAM>
	</signature>
	<signature ID="20220228_085656641947_302">
		<MACROCLASSID>1</MACROCLASSID>
		<MACROCLASSINFO>waterbody</MACROCLASSINFO>
		<CLASSID>14</CLASSID>
		<CLASSINFO>C 1</CLASSINFO>
		<VALUES>[0.09668309380442408, 0.002946252721063422, 0.09190742519952483, 0.004616387968820938, 0.08715076782440735, 0.005335558039377732, 0.08911461837716024, 0.011923406257460958, 0.049968530250302824, 0.013298442123875305, 0.03639807659438102, 0.01122184446043281]</VALUES>
		<LCS_MIN>[0.08946314454078674, 0.08242710679769516, 0.07617519795894623, 0.06925735622644424, 0.02402658201754093, 0.018038230016827583]</LCS_MIN>
		<LCS_MAX>[0.1057945266366005, 0.10314334183931351, 0.10349835455417633, 0.11707688122987747, 0.07900413870811462, 0.05909363180398941]</LCS_MAX>
		<WAVELENGTH>[0.485, 0.56, 0.66, 0.83, 1.65, 2.215]</WAVELENGTH>
		<MEAN_VALUE>[0.09668309380442408, 0.09190742519952483, 0.08715076782440735, 0.08911461837716024, 0.049968530250302824, 0.03639807659438102]</MEAN_VALUE>
		<CHECKBOX>2</CHECKBOX>
		<SD>[0.002946252721063422, 0.004616387968820938, 0.005335558039377732, 0.011923406257460958, 0.013298442123875305, 0.01122184446043281]</SD>
		<WAVELENGTH_UNIT>E-6m</WAVELENGTH_UNIT>
		<COLOR>#f05dc5</COLOR>
		<COVARIANCE_MATRIX>[[8.830067253207647e-06, 1.1551023574943447e-05, 1.2995337923078195e-05, 8.44403517457347e-06, 1.2160367287369035e-05, 1.46989333575107e-05], [1.1551023574943447e-05, 2.167846956623803e-05, 2.158126734887391e-05, 1.3287064971244925e-05, 1.9237282751886302e-05, 2.759369428396874e-05], [1.2995337923078195e-05, 2.158126734887391e-05, 2.89590102741816e-05, 1.724725834429241e-05, 2.105132204403281e-05, 3.4097210372017694e-05], [8.44403517457347e-06, 1.3287064971244925e-05, 1.724725834429241e-05, 0.00014461878258701882, 0.00014359301038128626, 0.0001004220447475868], [1.2160367287369035e-05, 1.9237282751886302e-05, 2.105132204403281e-05, 0.00014359301038128626, 0.00017989767607588984, 0.00011671945671594432], [1.46989333575107e-05, 2.759369428396874e-05, 3.4097210372017694e-05, 0.0001004220447475868, 0.00011671945671594432, 0.00012810099642335599]]</COVARIANCE_MATRIX>
		<ROI_SIZE>59</ROI_SIZE>
		<MAX_VALUE>[0.1057945266366005, 0.10314334183931351, 0.10349835455417633, 0.11707688122987747, 0.07900413870811462, 0.05909363180398941]</MAX_VALUE>
		<MIN_VALUE>[0.08946314454078674, 0.08242710679769516, 0.07617519795894623, 0.06925735622644424, 0.02402658201754093, 0.018038230016827583]</MIN_VALUE>
		<SIGNATURE_THRESHOLD_MD>0</SIGNATURE_THRESHOLD_MD>
		<SIGNATURE_THRESHOLD_ML>0</SIGNATURE_THRESHOLD_ML>
		<SIGNATURE_THRESHOLD_SAM>0</SIGNATURE_THRESHOLD_SAM>
	</signature>
	<signature ID="20220228_085707086998_494">
		<MACROCLASSID>1</MACROCLASSID>
		<MACROCLASSINFO>waterbody</MACROCLASSINFO>
		<CLASSID>15</CLASSID>
		<CLASSINFO>C 1</CLASSINFO>
		<VALUES>[0.09861358860886195, 0.0036373484828702046, 0.09464993140077203, 0.004948662231080374, 0.08885935960504095, 0.006096021433143083, 0.08719662177126584, 0.012792128975411713, 0.04937883081838366, 0.015801631624171173, 0.0381679571256405, 0.013557533594413095]</VALUES>
		<LCS_MIN>[0.08946314454078674, 0.08242710679769516, 0.07071055471897125, 0.0658416673541069, 0.02182747982442379, 0.018038230016827583]</LCS_MIN>
		<LCS_MAX>[0.10851640999317169, 0.10906225442886353, 0.1089629977941513, 0.12049257010221481, 0.08340233564376831, 0.06856796145439148]</LCS_MAX>
		<WAVELENGTH>[0.485, 0.56, 0.66, 0.83, 1.65, 2.215]</WAVELENGTH>
		<MEAN_VALUE>[0.09861358860886195, 0.09464993140077203, 0.08885935960504095, 0.08719662177126584, 0.04937883081838366, 0.0381679571256405]</MEAN_VALUE>
		<CHECKBOX>2</CHECKBOX>
		<SD>[0.0036373484828702046, 0.004948662231080374, 0.006096021433143083, 0.012792128975411713, 0.015801631624171173, 0.013557533594413095]</SD>
		<WAVELENGTH_UNIT>E-6m</WAVELENGTH_UNIT>
		<COLOR>#df7f8e</COLOR>
		<COVARIANCE_MATRIX>[[1.3338749100476233e-05, 1.4705048291494847e-05, 1.9806938313341684e-05, 2.052107820450751e-05, 3.503040765047614e-05, 3.458550435029297e-05], [1.4705048291494847e-05, 2.468998949926667e-05, 2.589722981947692e-05, 2.129157667962115e-05, 3.8224453619213635e-05, 4.213617513939654e-05], [1.9806938313341684e-05, 2.589722981947692e-05, 3.7466079586400075e-05, 3.794971386165657e-05, 6.16256391542221e-05, 6.128361311154184e-05], [2.052107820450751e-05, 2.129157667962115e-05, 3.794971386165657e-05, 0.0001649798634262202, 0.000164612264548696, 0.0001244411345897976], [3.503040765047614e-05, 3.8224453619213635e-05, 6.16256391542221e-05, 0.000164612264548696, 0.0002517382141334327, 0.0001985411407719273], [3.458550435029297e-05, 4.213617513939654e-05, 6.128361311154184e-05, 0.0001244411345897976, 0.0001985411407719273, 0.00018531332959940733]]</COVARIANCE_MATRIX>
		<ROI_SIZE>123</ROI_SIZE>
		<MAX_VALUE>[0.10851640999317169, 0.10906225442886353, 0.1089629977941513, 0.12049257010221481, 0.08340233564376831, 0.06856796145439148]</MAX_VALUE>
		<MIN_VALUE>[0.08946314454078674, 0.08242710679769516, 0.07071055471897125, 0.0658416673541069, 0.02182747982442379, 0.018038230016827583]</MIN_VALUE>
		<SIGNATURE_THRESHOLD_MD>0</SIGNATURE_THRESHOLD_MD>
		<SIGNATURE_THRESHOLD_ML>0</SIGNATURE_THRESHOLD_ML>
		<SIGNATURE_THRESHOLD_SAM>0</SIGNATURE_THRESHOLD_SAM>
	</signature>
	<signature ID="20220228_085715025774_685">
		<MACROCLASSID>1</MACROCLASSID>
		<MACROCLASSINFO>waterbody</MACROCLASSINFO>
		<CLASSID>16</CLASSID>
		<CLASSINFO>C 1</CLASSINFO>
		<VALUES>[0.10176082617706718, 0.005250649236495245, 0.09572825104826027, 0.00641972819290458, 0.0899430312423242, 0.00874940702384483, 0.09231320055615566, 0.018354760286390187, 0.05728188998376331, 0.020727053652541037, 0.042636380807703544, 0.018083792058899584]</VALUES>
		<LCS_MIN>[0.09354598075151443, 0.08242710679769516, 0.07071055471897125, 0.06242598965764046, 0.028424782678484917, 0.014880121685564518]</LCS_MIN>
		<LCS_MAX>[0.12484779953956604, 0.11794065684080124, 0.11715994775295258, 0.1341552734375, 0.10759244859218597, 0.09067471325397491]</LCS_MAX>
