<?xml version="1.0" ?>
<signaturelist MCID_LIST="[['1', 'waterbody', '#0000ff'], ['2', 'vegetation', '#00ff00'], ['3', 'bareland', '#ffaa00'], ['4', 'built-up', '#ff0000']]">
	<signature ID="20220105_141747190789_889">
		<MACROCLASSID>1</MACROCLASSID>
		<MACROCLASSINFO>waterbody</MACROCLASSINFO>
		<CLASSID>1</CLASSID>
		<CLASSINFO>C 1</CLASSINFO>
		<VALUES>[0.10154331613754489, 0.004297437941436525, 0.09549552783421228, 0.005449490087893112, 0.08846592165760156, 0.0072463088971305625, 0.0904087529380092, 0.01925676894185248, 0.05663525792562056, 0.019547070107266477, 0.042185274461649096, 0.01657991765818806]</VALUES>
		<LCS_MIN>[0.09490694105625153, 0.08538658171892166, 0.07617519795894623, 0.05901031941175461, 0.026225684210658073, 0.018038230016827583]</LCS_MIN>
		<LCS_MAX>[0.11804306507110596, 0.11794065684080124, 0.11989226937294006, 0.14098665118217468, 0.10099515318870544, 0.09067471325397491]</LCS_MAX>
		<WAVELENGTH>[0.485, 0.56, 0.66, 0.83, 1.65, 2.215]</WAVELENGTH>
		<MEAN_VALUE>[0.10154331613754489, 0.09549552783421228, 0.08846592165760156, 0.0904087529380092, 0.05663525792562056, 0.042185274461649096]</MEAN_VALUE>
		<CHECKBOX>2</CHECKBOX>
		<SD>[0.004297437941436525, 0.005449490087893112, 0.0072463088971305625, 0.01925676894185248, 0.019547070107266477, 0.01657991765818806]</SD>
		<WAVELENGTH_UNIT>E-6m</WAVELENGTH_UNIT>
		<COLOR>#3f13b3</COLOR>
		<COVARIANCE_MATRIX>[[1.6681220888034292e-05, 1.793225338698541e-05, 2.602133235022409e-05, 4.817992915814638e-05, 5.9334027175310055e-05, 5.310338907889789e-05], [1.793225338698541e-05, 2.9054193136643712e-05, 3.378242556303076e-05, 6.67709074767178e-05, 7.675243124930424e-05, 6.705246269210035e-05], [2.602133235022409e-05, 3.378242556303076e-05, 5.2389704155164986e-05, 9.604967601750734e-05, 0.00011407425109360663, 0.00010018849341589438], [4.817992915814638e-05, 6.67709074767178e-05, 9.604967601750734e-05, 0.00038450101914656404, 0.0003366217512208799, 0.0002488728615663338], [5.9334027175310055e-05, 7.675243124930424e-05, 0.00011407425109360663, 0.0003366217512208799, 0.0003832006906321147, 0.0002978692495381099], [5.310338907889789e-05, 6.705246269210035e-05, 0.00010018849341589438, 0.0002488728615663338, 0.0002978692495381099, 0.0002676878508077367]]</COVARIANCE_MATRIX>
		<ROI_SIZE>676</ROI_SIZE>
		<MAX_VALUE>[0.11804306507110596, 0.11794065684080124, 0.11989226937294006, 0.14098665118217468, 0.10099515318870544, 0.09067471325397491]</MAX_VALUE>
		<MIN_VALUE>[0.09490694105625153, 0.08538658171892166, 0.07617519795894623, 0.05901031941175461, 0.026225684210658073, 0.018038230016827583]</MIN_VALUE>
		<SIGNATURE_THRESHOLD_MD>0</SIGNATURE_THRESHOLD_MD>
		<SIGNATURE_THRESHOLD_ML>0</SIGNATURE_THRESHOLD_ML>
		<SIGNATURE_THRESHOLD_SAM>0</SIGNATURE_THRESHOLD_SAM>
	</signature>
	<signature ID="20220105_141812111684_334">
		<MACROCLASSID>1</MACROCLASSID>
		<MACROCLASSINFO>waterbody</MACROCLASSINFO>
		<CLASSID>2</CLASSID>
		<CLASSINFO>C 1</CLASSINFO>
		<VALUES>[0.10110865899823554, 0.004750022762240902, 0.09462587071991552, 0.006569882055149369, 0.08829290495534253, 0.008319068049705496, 0.09305604176247509, 0.016017616841723845, 0.05338369919426316, 0.01588887191368993, 0.04004228173762682, 0.013593589900611339]</VALUES>
		<LCS_MIN>[0.09082408994436264, 0.07354872673749924, 0.06251359730958939, 0.06242598965764046, 0.02182747982442379, 0.014880121685564518]</LCS_MIN>
		<LCS_MAX>[0.11804306507110596, 0.11794065684080124, 0.11442764103412628, 0.14098665118217468, 0.08340233564376831, 0.07804229110479355]</LCS_MAX>
		<WAVELENGTH>[0.485, 0.56, 0.66, 0.83, 1.65, 2.215]</WAVELENGTH>
		<MEAN_VALUE>[0.10110865899823554, 0.09462587071991552, 0.08829290495534253, 0.09305604176247509, 0.05338369919426316, 0.04004228173762682]</MEAN_VALUE>
		<CHECKBOX>2</CHECKBOX>
		<SD>[0.004750022762240902, 0.006569882055149369, 0.008319068049705496, 0.016017616841723845, 0.01588887191368993, 0.013593589900611339]</SD>
		<WAVELENGTH_UNIT>E-6m</WAVELENGTH_UNIT>
		<COLOR>#f53b18</COLOR>
		<COVARIANCE_MATRIX>[[1.9176803695749662e-05, 1.9925372309093406e-05, 2.6847732398115112e-05, 3.259601421399315e-05, 4.59996787719185e-05, 4.347693106208892e-05], [1.9925372309093406e-05, 3.62045007206121e-05, 4.230872860648475e-05, 4.320477785259777e-05, 4.6792544842824566e-05, 4.828430304507925e-05], [2.6847732398115112e-05, 4.230872860648475e-05, 6.024804015407893e-05, 6.389456772727017e-05, 7.089059790893197e-05, 7.127062403021562e-05], [3.259601421399315e-05, 4.320477785259777e-05, 6.389456772727017e-05, 0.00025502656761770175, 0.00021488059976553403, 0.00016999029918314846], [4.59996787719185e-05, 4.6792544842824566e-05, 7.089059790893197e-05, 0.00021488059976553403, 0.0002671396727757803, 0.0002140763630848598], [4.347693106208892e-05, 4.828430304507925e-05, 7.127062403021562e-05, 0.00016999029918314846, 0.0002140763630848598, 0.00020608418874869234]]</COVARIANCE_MATRIX>
		<ROI_SIZE>394</ROI_SIZE>
		<MAX_VALUE>[0.11804306507110596, 0.11794065684080124, 0.11442764103412628, 0.14098665118217468, 0.08340233564376831, 0.07804229110479355]</MAX_VALUE>
		<MIN_VALUE>[0.09082408994436264, 0.07354872673749924, 0.06251359730958939, 0.06242598965764046, 0.02182747982442379, 0.014880121685564518]</MIN_VALUE>
		<SIGNATURE_THRESHOLD_MD>0</SIGNATURE_THRESHOLD_MD>
		<SIGNATURE_THRESHOLD_ML>0</SIGNATURE_THRESHOLD_ML>
		<SIGNATURE_THRESHOLD_SAM>0</SIGNATURE_THRESHOLD_SAM>
	</signature>
	<signature ID="20220105_141829209738_378">
		<MACROCLASSID>1</MACROCLASSID>
		<MACROCLASSINFO>waterbody</MACROCLASSINFO>
		<CLASSID>3</CLASSID>
		<CLASSINFO>C 1</CLASSINFO>
		<VALUES>[0.09868561845795805, 0.00559976697920803, 0.09312866455248228, 0.008000495887394725, 0.08789518661263339, 0.01051404835548911, 0.10686899249823527, 0.02292398903449043, 0.0610521493645059, 0.02403458235333615, 0.04282349486832631, 0.01913097704731584]</VALUES>
		<LCS_MIN>[0.08674123883247375, 0.07650818675756454, 0.06524592638015747, 0.0658416673541069, 0.02402658201754093, 0.014880121685564518]</LCS_MIN>
		<LCS_MAX>[0.12076496332883835, 0.12385956943035126, 0.12535689771175385, 0.16148072481155396, 0.12078706920146942, 0.0969909280538559]</LCS_MAX>
		<WAVELENGTH>[0.485, 0.56, 0.66, 0.83, 1.65, 2.215]</WAVELENGTH>
		<MEAN_VALUE>[0.09868561845795805, 0.09312866455248228, 0.08789518661263339, 0.10686899249823527, 0.0610521493645059, 0.04282349486832631]</MEAN_VALUE>
		<CHECKBOX>2</CHECKBOX>
		<SD>[0.00559976697920803, 0.008000495887394725, 0.01051404835548911, 0.02292398903449043, 0.02403458235333615, 0.01913097704731584]</SD>
		<WAVELENGTH_UNIT>E-6m</WAVELENGTH_UNIT>
		<COLOR>#c83f1f</COLOR>
		<COVARIANCE_MATRIX>[[3.2919544990241074e-05, 4.5020259340610706e-05, 5.966896667840063e-05, 4.307605119796082e-05, 7.241205066475852e-05, 7.789747070637701e-05], [4.5020259340610706e-05, 7.001670754231781e-05, 8.790635436190909e-05, 5.086147050389069e-05, 9.513021690532705e-05, 0.00010821327426082097], [5.966896667840063e-05, 8.790635436190909e-05, 0.0001211537328166263, 6.928356851628306e-05, 0.0001318947896160838, 0.00014806540616125435], [4.307605119796082e-05, 5.086147050389069e-05, 6.928356851628306e-05, 0.0005590525671099932, 0.000494206109293089, 0.0003267621600027269], [7.241205066475852e-05, 9.513021690532705e-05, 0.0001318947896160838, 0.000494206109293089, 0.0006092296229543334, 0.0004505056966536724], [7.789747070637701e-05, 0.00010821327426082097, 0.00014806540616125435, 0.0003267621600027269, 0.0004505056966536724, 0.0003843833525700174]]</COVARIANCE_MATRIX>
		<ROI_SIZE>774</ROI_SIZE>
		<MAX_VALUE>[0.12076496332883835, 0.12385956943035126, 0.12535689771175385, 0.16148072481155396, 0.12078706920146942, 0.0969909280538559]</MAX_VALUE>
		<MIN_VALUE>[0.08674123883247375, 0.07650818675756454, 0.06524592638015747, 0.0658416673541069, 0.02402658201754093, 0.014880121685564518]</MIN_VALUE>
		<SIGNATURE_THRESHOLD_MD>0</SIGNATURE_THRESHOLD_MD>
		<SIGNATURE_THRESHOLD_ML>0</SIGNATURE_THRESHOLD_ML>
		<SIGNATURE_THRESHOLD_SAM>0</SIGNATURE_THRESHOLD_SAM>
	</signature>
	<signature ID="20220105_141914745905_502">
		<MACROCLASSID>1</MACROCLASSID>
		<MACROCLASSINFO>waterbody</MACROCLASSINFO>
		<CLASSID>4</CLASSID>
		<CLASSINFO>C 1</CLASSINFO>
		<VALUES>[0.09925039223533995, 0.0037732216613536656, 0.09514650464692015, 0.005140999292271133, 0.09239468834501631, 0.006702370606583937, 0.0855363442542705, 0.01685474363231567, 0.05242774869374773, 0.02129128687980746, 0.04081692158224735, 0.016102412993819842]</VALUES>
		<LCS_MIN>[0.09218504279851913, 0.08538658171892166, 0.08163982629776001, 0.06242598965764046, 0.026225684210658073, 0.021196335554122925]</LCS_MIN>
		<LCS_MAX>[0.10987736284732819, 0.11498119682073593, 0.11442764103412628, 0.12390825152397156, 0.087800532579422, 0.07488417625427246]</LCS_MAX>
		<WAVELENGTH>[0.485, 0.56, 0.66, 0.83, 1.65, 2.215]</WAVELENGTH>
		<MEAN_VALUE>[0.09925039223533995, 0.09514650464692015, 0.09239468834501631, 0.0855363442542705, 0.05242774869374773, 0.04081692158224735]</MEAN_VALUE>
		<CHECKBOX>2</CHECKBOX>
		<SD>[0.0037732216613536656, 0.005140999292271133, 0.006702370606583937, 0.01685474363231567, 0.02129128687980746, 0.016102412993819842]</SD>
		<WAVELENGTH_UNIT>E-6m</WAVELENGTH_UNIT>
		<COLOR>#48e9d9</COLOR>
		<COVARIANCE_MATRIX>[[1.4546706090615216e-05, 1.4737702595432776e-05, 2.2761866749665114e-05, 3.952352341269265e-05, 5.7694956666258093e-05, 3.999820944083897e-05], [1.4737702595432776e-05, 2.7004436195374316e-05, 3.0216619719338502e-05, 5.1262943346903974e-05, 7.614426607503475e-05, 5.3643970604148867e-05], [2.2761866749665114e-05, 3.0216619719338502e-05, 4.589833200339167e-05, 8.283762280838803e-05, 0.00011112655345417513, 8.153201231986645e-05], [3.952352341269265e-05, 5.1262943346903974e-05, 8.283762280838803e-05, 0.00029025808688741355, 0.00033394251646678307, 0.000254279930483145], [5.7694956666258093e-05, 7.614426607503475e-05, 0.00011112655345417513, 0.00033394251646678307, 0.00046317365562865807, 0.0003257886687130027], [3.999820944083897e-05, 5.3643970604148867e-05, 8.153201231986645e-05, 0.000254279930483145, 0.0003257886687130027, 0.0002649243934457889]]</COVARIANCE_MATRIX>
		<ROI_SIZE>47</ROI_SIZE>
		<MAX_VALUE>[0.10987736284732819, 0.11498119682073593, 0.11442764103412628, 0.12390825152397156, 0.087800532579422, 0.07488417625427246]</MAX_VALUE>
		<MIN_VALUE>[0.09218504279851913, 0.08538658171892166, 0.08163982629776001, 0.06242598965764046, 0.026225684210658073, 0.021196335554122925]</MIN_VALUE>
		<SIGNATURE_THRESHOLD_MD>0</SIGNATURE_THRESHOLD_MD>
		<SIGNATURE_THRESHOLD_ML>0</SIGNATURE_THRESHOLD_ML>
		<SIGNATURE_THRESHOLD_SAM>0</SIGNATURE_THRESHOLD_SAM>
	</signature>
	<signature ID="20220105_141925184963_324">
		<MACROCLASSID>1</MACROCLASSID>
		<MACROCLASSINFO>waterbody</MACROCLASSINFO>
		<CLASSID>5</CLASSID>
		<CLASSINFO>C 1</CLASSINFO>
		<VALUES>[0.10007854390602842, 0.0028064256633018405, 0.09913668919068117, 0.004448463388478032, 0.09349387437105176, 0.005256305463842428, 0.07614126514929992, 0.009835780443215232, 0.04351400796037454, 0.012313018607008022, 0.037424153361756064, 0.011592077848015938]</VALUES>
		<LCS_MIN>[0.09490694105625153, 0.09130550175905228, 0.0843721404671669, 0.05901031941175461, 0.02182747982442379, 0.014880121685564518]</LCS_MIN>
		<LCS_MAX>[0.10987736284732819, 0.11202173680067062, 0.10623068362474442, 0.11024552583694458, 0.07020772248506546, 0.0622517354786396]</LCS_MAX>
		<WAVELENGTH>[0.485, 0.56, 0.66, 0.83, 1.65, 2.215]</WAVELENGTH>
		<MEAN_VALUE>[0.10007854390602842, 0.09913668919068117, 0.09349387437105176, 0.07614126514929992, 0.04351400796037454, 0.037424153361756064]</MEAN_VALUE>
		<CHECKBOX>2</CHECKBOX>
		<SD>[0.0028064256633018405, 0.004448463388478032, 0.005256305463842428, 0.009835780443215232, 0.012313018607008022, 0.011592077848015938]</SD>
		<WAVELENGTH_UNIT>E-6m</WAVELENGTH_UNIT>
		<COLOR>#c4c5f8</COLOR>
		<COVARIANCE_MATRIX>[[7.999087894321007e-06, 9.02449842452422e-06, 1.1411267225062278e-05, 1.7955068370054572e-05, 1.5581580229919408e-05, 1.590266181193089e-05], [9.02449842452422e-06, 2.0098026932983065e-05, 1.8798438667179572e-05, 1.9167403163927747e-05, 1.238738726849359e-05, 1.5068650156088682e-05], [1.1411267225062278e-05, 1.8798438667179572e-05, 2.806044630311381e-05, 3.626077501790899e-05, 3.277023888646961e-05, 3.437477931803945e-05], [1.7955068370054572e-05, 1.9167403163927747e-05, 3.626077501790899e-05, 9.825417969162165e-05, 7.970784065322028e-05, 7.498063808311044e-05], [1.5581580229919408e-05, 1.238738726849359e-05, 3.277023888646961e-05, 7.970784065322028e-05, 0.00015397934014178404, 0.0001405544594815077], [1.590266181193089e-05, 1.5068650156088682e-05, 3.437477931803945e-05, 7.498063808311044e-05, 0.0001405544594815077, 0.00013647589803500017]]</COVARIANCE_MATRIX>
		<ROI_SIZE>65</ROI_SIZE>
		<MAX_VALUE>[0.10987736284732819, 0.11202173680067062, 0.10623068362474442, 0.11024552583694458, 0.07020772248506546, 0.0622517354786396]</MAX_VALUE>
		<MIN_VALUE>[0.09490694105625153, 0.09130550175905228, 0.0843721404671669, 0.05901031941175461, 0.02182747982442379, 0.014880121685564518]</MIN_VALUE>
		<SIGNATURE_THRESHOLD_MD>0</SIGNATURE_THRESHOLD_MD>
		<SIGNATURE_THRESHOLD_ML>0</SIGNATURE_THRESHOLD_ML>
		<SIGNATURE_THRESHOLD_SAM>0</SIGNATURE_THRESHOLD_SAM>
	</signature>
	<signature ID="20220105_141949468844_947">
		<MACROCLASSID>1</MACROCLASSID>
		<MACROCLASSINFO>waterbody</MACROCLASSINFO>
		<CLASSID>6</CLASSID>
		<CLASSINFO>C 1</CLASSINFO>
		<VALUES>[0.1041069483757019, 0.004510139404884238, 0.10326172322034836, 0.004307413209640431, 0.10142179697751998, 0.006570301981469309, 0.09439676553010942, 0.014994177102735581, 0.07302257359027861, 0.01902465773753049, 0.06591514617204666, 0.015489032533755703]</VALUES>
		<LCS_MIN>[0.09626789391040802, 0.0972244143486023, 0.09256908297538757, 0.07267303764820099, 0.04381849989295006, 0.036986880004405975]</LCS_MIN>
		<LCS_MAX>[0.11532115936279297, 0.11202173680067062, 0.11715994775295258, 0.12049257010221481, 0.1141897514462471, 0.09067471325397491]</LCS_MAX>
		<WAVELENGTH>[0.485, 0.56, 0.66, 0.83, 1.65, 2.215]</WAVELENGTH>
		<MEAN_VALUE>[0.1041069483757019, 0.10326172322034836, 0.10142179697751998, 0.09439676553010942, 0.07302257359027861, 0.06591514617204666]</MEAN_VALUE>
		<CHECKBOX>2</CHECKBOX>
		<SD>[0.004510139404884238, 0.004307413209640431, 0.006570301981469309, 0.014994177102735581, 0.01902465773753049, 0.015489032533755703]</SD>
		<WAVELENGTH_UNIT>E-6m</WAVELENGTH_UNIT>
		<COLOR>#dea169</COLOR>
		<COVARIANCE_MATRIX>[[2.118891401196828e-05, 1.6318775904733498e-05, 2.687265535139464e-05, 4.6322905993407176e-05, 4.248365153569669e-05, 3.7958661178671225e-05], [1.6318775904733498e-05, 1.9326883915192584e-05, 2.485155027757397e-05, 2.8068154525318075e-05, 2.134676423096116e-05, 2.0577468495257216e-05], [2.687265535139464e-05, 2.485155027757397e-05, 4.4967570966353656e-05, 7.382186314360319e-05, 6.392197762460502e-05, 5.034995043021962e-05], [4.6322905993407176e-05, 2.8068154525318075e-05, 7.382186314360319e-05, 0.00023419306977937493, 0.00026461513733036697, 0.0001989139316756943], [4.248365153569669e-05, 2.134676423096116e-05, 6.392197762460502e-05, 0.00026461513733036697, 0.00037701833544810274, 0.00026966283136011773], [3.7958661178671225e-05, 2.0577468495257216e-05, 5.034995043021962e-05, 0.0001989139316756943, 0.00026966283136011773, 0.00024990638419973186]]</COVARIANCE_MATRIX>
		<ROI_SIZE>25</ROI_SIZE>
		<MAX_VALUE>[0.11532115936279297, 0.11202173680067062, 0.11715994775295258, 0.12049257010221481, 0.1141897514462471, 0.09067471325397491]</MAX_VALUE>
		<MIN_VALUE>[0.09626789391040802, 0.0972244143486023, 0.09256908297538757, 0.07267303764820099, 0.04381849989295006, 0.036986880004405975]</MIN_VALUE>
		<SIGNATURE_THRESHOLD_MD>0</SIGNATURE_THRESHOLD_MD>
		<SIGNATURE_THRESHOLD_ML>0</SIGNATURE_THRESHOLD_ML>
		<SIGNATURE_THRESHOLD_SAM>0</SIGNATURE_THRESHOLD_SAM>
	</signature>
	<signature ID="20220105_142054494604_261">
		<MACROCLASSID>1</MACROCLASSID>
		<MACROCLASSINFO>waterbody</MACROCLASSINFO>
		<CLASSID>7</CLASSID>
		<CLASSINFO>C 1</CLASSINFO>
		<VALUES>[0.08990854322910312, 0.005727489879463055, 0.0771000814031471, 0.008397212816791682, 0.07254865995862263, 0.010277089033937781, 0.07801391814242709, 0.014546493912122425, 0.06205105324360457, 0.015348939513405192, 0.050136089155619776, 0.012025922184463899]</VALUES>
		<LCS_MIN>[0.07857555150985718, 0.0587514191865921, 0.05158432573080063, 0.04534758999943733, 0.02402658201754093, 0.018038230016827583]</LCS_MIN>
		<LCS_MAX>[0.104433573782444, 0.0972244143486023, 0.09803371876478195, 0.10341416299343109, 0.098796047270298, 0.07488417625427246]</LCS_MAX>
		<WAVELENGTH>[0.485, 0.56, 0.66, 0.83, 1.65, 2.215]</WAVELENGTH>
		<MEAN_VALUE>[0.08990854322910312, 0.0771000814031471, 0.07254865995862263, 0.07801391814242709, 0.06205105324360457, 0.050136089155619776]</MEAN_VALUE>
		<CHECKBOX>2</CHECKBOX>
		<SD>[0.005727489879463055, 0.008397212816791682, 0.010277089033937781, 0.014546493912122425, 0.015348939513405192, 0.012025922184463899]</SD>
		<WAVELENGTH_UNIT>E-6m</WAVELENGTH_UNIT>
		<COLOR>#bda113</COLOR>
		<COVARIANCE_MATRIX>[[3.34116243993397e-05, 4.440886942276351e-05, 5.336050375050832e-05, 4.4321049695684645e-05, 4.892580090727576e-05, 4.56907569600548e-05], [4.440886942276351e-05, 7.18189827773514e-05, 8.379687771696147e-05, 8.214153303198816e-05, 8.795652932198886e-05, 7.688195881181278e-05], [5.336050375050832e-05, 8.379687771696147e-05, 0.00010757445825243747, 9.784592463457807e-05, 0.00011875268573525552, 0.00010098201560544119], [4.4321049695684645e-05, 8.214153303198816e-05, 9.784592463457807e-05, 0.0002155190126379225, 0.0001812454878058307, 0.00013502384389336064], [4.892580090727576e-05, 8.795652932198886e-05, 0.00011875268573525552, 0.0001812454878058307, 0.00023995272093035958, 0.00017213080135810826], [4.56907569600548e-05, 7.688195881181278e-05, 0.00010098201560544119, 0.00013502384389336064, 0.00017213080135810826, 0.00014730100446801766]]</COVARIANCE_MATRIX>
		<ROI_SIZE>55</ROI_SIZE>
		<MAX_VALUE>[0.104433573782444, 0.0972244143486023, 0.09803371876478195, 0.10341416299343109, 0.098796047270298, 0.07488417625427246]</MAX_VALUE>
		<MIN_VALUE>[0.07857555150985718, 0.0587514191865921, 0.05158432573080063, 0.04534758999943733, 0.02402658201754093, 0.018038230016827583]</MIN_VALUE>
		<SIGNATURE_THRESHOLD_MD>0</SIGNATURE_THRESHOLD_MD>
		<SIGNATURE_THRESHOLD_ML>0</SIGNATURE_THRESHOLD_ML>
		<SIGNATURE_THRESHOLD_SAM>0</SIGNATURE_THRESHOLD_SAM>
	</signature>
	<signature ID="20220105_142117354583_174">
		<MACROCLASSID>1</MACROCLASSID>
		<MACROCLASSINFO>waterbody</MACROCLASSINFO>
		<CLASSID>8</CLASSID>
		<CLASSINFO>C 1</CLASSINFO>
		<VALUES>[0.09245276634321838, 0.007666358441920556, 0.08233008216150473, 0.01174001318613446, 0.07957938765404657, 0.01366297981333208, 0.08773562831223987, 0.019375160153677223, 0.0704600790546077, 0.020017346763202416, 0.058472366240180915, 0.01733373763606561]</VALUES>
		<LCS_MIN>[0.07993649691343307, 0.06467034667730331, 0.054316651076078415, 0.05217895284295082, 0.030623888596892357, 0.024354444816708565]</LCS_MIN>
		<LCS_MAX>[0.1057945266366005, 0.10610280185937881, 0.10349835455417633, 0.12049257010221481, 0.10099515318870544, 0.08751660585403442]</LCS_MAX>
		<WAVELENGTH>[0.485, 0.56, 0.66, 0.83, 1.65, 2.215]</WAVELENGTH>
		<MEAN_VALUE>[0.09245276634321838, 0.08233008216150473, 0.07957938765404657, 0.08773562831223987, 0.0704600790546077, 0.058472366240180915]</MEAN_VALUE>
		<CHECKBOX>2</CHECKBOX>
		<SD>[0.007666358441920556, 0.01174001318613446, 0.01366297981333208, 0.019375160153677223, 0.020017346763202416, 0.01733373763606561]</SD>
		<WAVELENGTH_UNIT>E-6m</WAVELENGTH_UNIT>
		<COLOR>#07d346</COLOR>
		<COVARIANCE_MATRIX>[[5.97526026226733e-05, 8.695709066231553e-05, 0.00010027978032181481, 0.00011002244325179539, 0.00011216377229887805, 0.0001085509439293244], [8.695709066231553e-05, 0.00014012504143745457, 0.00015774693217258451, 0.00018613589175788095, 0.000188219115087681, 0.00017455874842891366], [0.00010027978032181481, 0.00015774693217258451, 0.00018978830100251182, 0.00023173966681219274, 0.00023756961444587537, 0.00021916831243256075], [0.00011002244325179539, 0.00018613589175788095, 0.00023173966681219274, 0.0003816534448303189, 0.00036194216057303813, 0.0002923153775270181], [0.00011216377229887805, 0.000188219115087681, 0.00023756961444587537, 0.00036194216057303813, 0.0004073724076289285, 0.000323796478095007], [0.0001085509439293244, 0.00017455874842891366, 0.00021916831243256075, 0.0002923153775270181, 0.000323796478095007, 0.0003054661014432232]]</COVARIANCE_MATRIX>
		<ROI_SIZE>61</ROI_SIZE>
		<MAX_VALUE>[0.1057945266366005, 0.10610280185937881, 0.10349835455417633, 0.12049257010221481, 0.10099515318870544, 0.08751660585403442]</MAX_VALUE>
		<MIN_VALUE>[0.07993649691343307, 0.06467034667730331, 0.054316651076078415, 0.05217895284295082, 0.030623888596892357, 0.024354444816708565]</MIN_VALUE>
		<SIGNATURE_THRESHOLD_MD>0</SIGNATURE_THRESHOLD_MD>
		<SIGNATURE_THRESHOLD_ML>0</SIGNATURE_THRESHOLD_ML>
		<SIGNATURE_THRESHOLD_SAM>0</SIGNATURE_THRESHOLD_SAM>
	</signature>
	<signature ID="20220105_142331158516_394">
		<MACROCLASSID>1</MACROCLASSID>
		<MACROCLASSINFO>waterbody</MACROCLASSINFO>
		<CLASSID>9</CLASSID>
		<CLASSINFO>C 1</CLASSINFO>
		<VALUES>[0.1063179638523322, 0.0038544630665179307, 0.10291569485114173, 0.006300626271193373, 0.10862671113931215, 0.007448264068907352, 0.1117168942323098, 0.01124055979235551, 0.06909125665059461, 0.014618390077448242, 0.05783038864342066, 0.01340787696645661]</VALUES>
		<LCS_MIN>[0.09898978471755981, 0.08834604173898697, 0.09256908297538757, 0.09316711872816086, 0.03942029923200607, 0.030670659616589546]</LCS_MIN>
		<LCS_MAX>[0.11668210476636887, 0.11498119682073593, 0.12262456864118576, 0.13757097721099854, 0.09659694880247116, 0.08435849845409393]</LCS_MAX>
		<WAVELENGTH>[0.485, 0.56, 0.66, 0.83, 1.65, 2.215]</WAVELENGTH>
		<MEAN_VALUE>[0.1063179638523322, 0.10291569485114173, 0.10862671113931215, 0.1117168942323098, 0.06909125665059461, 0.05783038864342066]</MEAN_VALUE>
		<CHECKBOX>2</CHECKBOX>
		<SD>[0.0038544630665179307, 0.006300626271193373, 0.007448264068907352, 0.01124055979235551, 0.014618390077448242, 0.01340787696645661]</SD>
		<WAVELENGTH_UNIT>E-6m</WAVELENGTH_UNIT>
		<COLOR>#38dc3e</COLOR>
		<COVARIANCE_MATRIX>[[1.5089024367575104e-05, 1.9881783058510996e-05, 2.2548128423580386e-05, 8.15174471380847e-06, 1.041387639356204e-05, 1.2491132011732227e-05], [1.9881783058510996e-05, 4.031817096252164e-05, 4.35118663327935e-05, 2.2136810275354733e-05, 1.8961264275080068e-05, 1.4749623905929482e-05], [2.2548128423580386e-05, 4.35118663327935e-05, 5.634346010330402e-05, 3.141717778692609e-05, 2.853526908677527e-05, 2.4107135342996824e-05], [8.15174471380847e-06, 2.2136810275354733e-05, 3.141717778692609e-05, 0.00012832440607748075, 0.0001256070076876119, 0.00010537637648883086], [1.041387639356204e-05, 1.8961264275080068e-05, 2.853526908677527e-05, 0.0001256070076876119, 0.00021703634921356937, 0.00017230117075699066], [1.2491132011732227e-05, 1.4749623905929482e-05, 2.4107135342996824e-05, 0.00010537637648883086, 0.00017230117075699066, 0.00018258008919681958]]</COVARIANCE_MATRIX>
		<ROI_SIZE>65</ROI_SIZE>
		<MAX_VALUE>[0.11668210476636887, 0.11498119682073593, 0.12262456864118576, 0.13757097721099854, 0.09659694880247116, 0.08435849845409393]</MAX_VALUE>
		<MIN_VALUE>[0.09898978471755981, 0.08834604173898697, 0.09256908297538757, 0.09316711872816086, 0.03942029923200607, 0.030670659616589546]</MIN_VALUE>
		<SIGNATURE_THRESHOLD_MD>0</SIGNATURE_THRESHOLD_MD>
		<SIGNATURE_THRESHOLD_ML>0</SIGNATURE_THRESHOLD_ML>
		<SIGNATURE_THRESHOLD_SAM>0</SIGNATURE_THRESHOLD_SAM>
	</signature>
	<signature ID="20220105_142341286635_224">
		<MACROCLASSID>1</MACROCLASSID>
		<MACROCLASSINFO>waterbody</MACROCLASSINFO>
		<CLASSID>10</CLASSID>
		<CLASSINFO>C 1</CLASSINFO>
		<VALUES>[0.10743900233258805, 0.004538974198787229, 0.10708929458633064, 0.005709707154210716, 0.11385839649786554, 0.007206585621968599, 0.12867596931755543, 0.012408601214859457, 0.09284014580771326, 0.01611607013617687, 0.07573949413684508, 0.013379157568408658]</VALUES>
		<LCS_MIN>[0.09898978471755981, 0.09426496177911758, 0.09803371876478195, 0.11024552583694458, 0.06580951064825058, 0.05277741327881813]</LCS_MIN>
		<LCS_MAX>[0.11804306507110596, 0.11794065684080124, 0.12535689771175385, 0.1648964136838913, 0.1251852661371231, 0.0969909280538559]</LCS_MAX>
		<WAVELENGTH>[0.485, 0.56, 0.66, 0.83, 1.65, 2.215]</WAVELENGTH>
		<MEAN_VALUE>[0.10743900233258805, 0.10708929458633064, 0.11385839649786554, 0.12867596931755543, 0.09284014580771326, 0.07573949413684508]</MEAN_VALUE>
		<CHECKBOX>2</CHECKBOX>
		<SD>[0.004538974198787229, 0.005709707154210716, 0.007206585621968599, 0.012408601214859457, 0.01611607013617687, 0.013379157568408658]</SD>
		<WAVELENGTH_UNIT>E-6m</WAVELENGTH_UNIT>
		<COLOR>#65ab05</COLOR>
		<COVARIANCE_MATRIX>[[2.10406333044318e-05, 2.3280524932868248e-05, 2.856816237097305e-05, 1.3888158227260808e-06, 3.528290351446989e-05, 3.450229761757928e-05], [2.3280524932868248e-05, 3.32943888886928e-05, 3.997214585099203e-05, 1.4983642634399037e-05, 6.055815809246837e-05, 5.5812638824043435e-05], [2.856816237097305e-05, 3.997214585099203e-05, 5.303987369541908e-05, 1.965000547515392e-05, 8.053072916179998e-05, 7.393513546636464e-05], [1.3888158227260808e-06, 1.4983642634399037e-05, 1.965000547515392e-05, 0.00015724941355854788, 0.0001391146144736636, 8.00664067804054e-05], [3.528290351446989e-05, 6.055815809246837e-05, 8.053072916179998e-05, 0.0001391146144736636, 0.0002652538382646862, 0.0001996626302846002], [3.450229761757928e-05, 5.5812638824043435e-05, 7.393513546636464e-05, 8.00664067804054e-05, 0.0001996626302846002, 0.00018281040739435568]]</COVARIANCE_MATRIX>
		<ROI_SIZE>48</ROI_SIZE>
		<MAX_VALUE>[0.11804306507110596, 0.11794065684080124, 0.12535689771175385, 0.1648964136838913, 0.1251852661371231, 0.0969909280538559]</MAX_VALUE>
		<MIN_VALUE>[0.09898978471755981, 0.09426496177911758, 0.09803371876478195, 0.11024552583694458, 0.06580951064825058, 0.05277741327881813]</MIN_VALUE>
		<SIGNATURE_THRESHOLD_MD>0</SIGNATURE_THRESHOLD_MD>
		<SIGNATURE_THRESHOLD_ML>0</SIGNATURE_THRESHOLD_ML>
		<SIGNATURE_THRESHOLD_SAM>0</SIGNATURE_THRESHOLD_SAM>
	</signature>
	<signature ID="20220105_142855796145_735">
		<MACROCLASSID>1</MACROCLASSID>
		<MACROCLASSINFO>waterbody</MACROCLASSINFO>
		<CLASSID>11</CLASSID>
		<CLASSINFO>C 1</CLASSINFO>
		<VALUES>[0.08966728523373604, 0.003257052320986421, 0.07798791974782944, 0.006449998021587065, 0.07194009851664306, 0.008574211552980554, 0.06584167368710041, 0.013447548319029471, 0.05129544604569673, 0.016136074563097156, 0.03982917349785565, 0.013131804996249986]</VALUES>
		<LCS_MIN>[0.08401934057474136, 0.06762980669736862, 0.0597812794148922, 0.04876327142119408, 0.02402658201754093, 0.018038230016827583]</LCS_MIN>
		<LCS_MAX>[0.09626789391040802, 0.09130550175905228, 0.09530141949653625, 0.08975143730640411, 0.07900413870811462, 0.06540984660387039]</LCS_MAX>
		<WAVELENGTH>[0.485, 0.56, 0.66, 0.83, 1.65, 2.215]</WAVELENGTH>
		<MEAN_VALUE>[0.08966728523373604, 0.07798791974782944, 0.07194009851664306, 0.06584167368710041, 0.05129544604569673, 0.03982917349785565]</MEAN_VALUE>
		<CHECKBOX>2</CHECKBOX>
		<SD>[0.003257052320986421, 0.006449998021587065, 0.008574211552980554, 0.013447548319029471, 0.016136074563097156, 0.013131804996249986]</SD>
		<WAVELENGTH_UNIT>E-6m</WAVELENGTH_UNIT>
		<COLOR>#2678ad</COLOR>
		<COVARIANCE_MATRIX>[[1.1166726128045292e-05, 1.8336536357532155e-05, 2.576561452821862e-05, 3.4497281631045963e-05, 4.533406202913514e-05, 3.897630297784785e-05], [1.8336536357532155e-05, 4.3792078398396936e-05, 5.170906314430594e-05, 6.437567403172824e-05, 9.042916060358662e-05, 7.96895006140108e-05], [2.576561452821862e-05, 5.170906314430594e-05, 7.738642500554232e-05, 8.792409270180761e-05, 0.00011555574017392336, 0.00010350202702325367], [3.4497281631045963e-05, 6.437567403172824e-05, 8.792409270180761e-05, 0.0001903542692554025, 0.00019925053729516378, 0.00013512245825980876], [4.533406202913514e-05, 9.042916060358662e-05, 0.00011555574017392336, 0.00019925053729516378, 0.00027407673926929584, 0.00020754587969774657], [3.897630297784785e-05, 7.96895006140108e-05, 0.00010350202702325367, 0.00013512245825980876, 0.00020754587969774657, 0.00018152031837845897]]</COVARIANCE_MATRIX>
		<ROI_SIZE>20</ROI_SIZE>
		<MAX_VALUE>[0.09626789391040802, 0.09130550175905228, 0.09530141949653625, 0.08975143730640411, 0.07900413870811462, 0.06540984660387039]</MAX_VALUE>
		<MIN_VALUE>[0.08401934057474136, 0.06762980669736862, 0.0597812794148922, 0.04876327142119408, 0.02402658201754093, 0.018038230016827583]</MIN_VALUE>
		<SIGNATURE_THRESHOLD_MD>0</SIGNATURE_THRESHOLD_MD>
		<SIGNATURE_THRESHOLD_ML>0</SIGNATURE_THRESHOLD_ML>
		<SIGNATURE_THRESHOLD_SAM>0</SIGNATURE_THRESHOLD_SAM>
	</signature>
	<signature ID="20220105_142909199295_521">
		<MACROCLASSID>1</MACROCLASSID>
		<MACROCLASSINFO>waterbody</MACROCLASSINFO>
		<CLASSID>12</CLASSID>
		<CLASSINFO>C 1</CLASSINFO>
		<VALUES>[0.10297893935247608, 0.004160741755106082, 0.09902583348794257, 0.0062367327790078305, 0.09814262198473235, 0.008354755564995433, 0.0914097772506268, 0.019360192030907695, 0.05439968565411435, 0.02086847624189723, 0.04474483757360798, 0.017647684600583566]</VALUES>
		<LCS_MIN>[0.09218504279851913, 0.08538658171892166, 0.07617519795894623, 0.05217895284295082, 0.013031071983277798, 0.011722015216946602]</LCS_MIN>
		<LCS_MAX>[0.11940401047468185, 0.12090012431144714, 0.12808921933174133, 0.1341552734375, 0.098796047270298, 0.09067471325397491]</LCS_MAX>
		<WAVELENGTH>[0.485, 0.56, 0.66, 0.83, 1.65, 2.215]</WAVELENGTH>
		<MEAN_VALUE>[0.10297893935247608, 0.09902583348794257, 0.09814262198473235, 0.0914097772506268, 0.05439968565411435, 0.04474483757360798]</MEAN_VALUE>
		<CHECKBOX>2</CHECKBOX>
		<SD>[0.004160741755106082, 0.0062367327790078305, 0.008354755564995433, 0.019360192030907695, 0.02086847624189723, 0.017647684600583566]</SD>
		<WAVELENGTH_UNIT>E-6m</WAVELENGTH_UNIT>
		<COLOR>#294c50</COLOR>
		<COVARIANCE_MATRIX>[[1.7945004621521138e-05, 2.4547116019016508e-05, 3.363879116795926e-05, 3.7391156687970915e-05, 5.213313248930706e-05, 4.747049472066441e-05], [2.4547116019016508e-05, 4.410123211168154e-05, 5.4165285557689285e-05, 5.675250881562139e-05, 7.285566652108258e-05, 6.66599754036582e-05], [3.363879116795926e-05, 5.4165285557689285e-05, 7.832634278973188e-05, 8.023258992050077e-05, 0.00010551613415575624, 9.743244010595332e-05], [3.7391156687970915e-05, 5.675250881562139e-05, 8.023258992050077e-05, 0.00037956556467671083, 0.00034674409724656156, 0.0002725964226598247], [5.213313248930706e-05, 7.285566652108258e-05, 0.00010551613415575624, 0.00034674409724656156, 0.00042226848375717045, 0.0003359751299294694], [4.747049472066441e-05, 6.66599754036582e-05, 9.743244010595332e-05, 0.0002725964226598247, 0.0003359751299294694, 0.00030813575553769124]]</COVARIANCE_MATRIX>
		<ROI_SIZE>513</ROI_SIZE>
		<MAX_VALUE>[0.11940401047468185, 0.12090012431144714, 0.12808921933174133, 0.1341552734375, 0.098796047270298, 0.09067471325397491]</MAX_VALUE>
		<MIN_VALUE>[0.09218504279851913, 0.08538658171892166, 0.07617519795894623, 0.05217895284295082, 0.013031071983277798, 0.011722015216946602]</MIN_VALUE>
		<SIGNATURE_THRESHOLD_MD>0</SIGNATURE_THRESHOLD_MD>
		<SIGNATURE_THRESHOLD_ML>0</SIGNATURE_THRESHOLD_ML>
		<SIGNATURE_THRESHOLD_SAM>0</SIGNATURE_THRESHOLD_SAM>
	</signature>
	<signature ID="20220105_142917353150_771">
		<MACROCLASSID>1</MACROCLASSID>
		<MACROCLASSINFO>waterbody</MACROCLASSINFO>
		<CLASSID>13</CLASSID>
		<CLASSINFO>C 1</CLASSINFO>
		<VALUES>[0.10570341317474095, 0.004665658058744847, 0.1043320822852925, 0.006347449837107497, 0.10894013152586365, 0.009271609993148607, 0.1254803177327789, 0.019328792651563096, 0.06794421222045333, 0.019520041709590125, 0.05334561198918642, 0.01626475211071045]</VALUES>
		<LCS_MIN>[0.09490694105625153, 0.08538658171892166, 0.0843721404671669, 0.09316711872816086, 0.03502208739519119, 0.027512552216649055]</LCS_MIN>
		<LCS_MAX>[0.12484779953956604, 0.12977848947048187, 0.14994776248931885, 0.17172777652740479, 0.10979156196117401, 0.0969909280538559]</LCS_MAX>
		<WAVELENGTH>[0.485, 0.56, 0.66, 0.83, 1.65, 2.215]</WAVELENGTH>
		<MEAN_VALUE>[0.10570341317474095, 0.1043320822852925, 0.10894013152586365, 0.1254803177327789, 0.06794421222045333, 0.05334561198918642]</MEAN_VALUE>
		<CHECKBOX>2</CHECKBOX>
		<SD>[0.004665658058744847, 0.006347449837107497, 0.009271609993148607, 0.019328792651563096, 0.019520041709590125, 0.01626475211071045]</SD>
		<WAVELENGTH_UNIT>E-6m</WAVELENGTH_UNIT>
		<COLOR>#7cc4ef</COLOR>
		<COVARIANCE_MATRIX>[[2.1859828840127047e-05, 2.5950169746764673e-05, 3.644899434083721e-05, -1.5090946859859581e-05, 1.4681775863827936e-05, 2.923518335859457e-05], [2.5950169746764673e-05, 4.045940565070778e-05, 5.330100271107167e-05, -3.8728798989162274e-06, 2.7586144159296984e-05, 4.436459044732749e-05], [3.644899434083721e-05, 5.330100271107167e-05, 8.632393989809965e-05, -3.0942288335953064e-05, 4.412924314237814e-05, 7.484566525376206e-05], [-1.5090946859859581e-05, -3.8728798989162274e-06, -3.0942288335953064e-05, 0.0003751719826165613, 0.0002321670014774682, 0.00011404441259838613], [1.4681775863827936e-05, 2.7586144159296984e-05, 4.412924314237814e-05, 0.0002321670014774682, 0.0003826330032531474, 0.0002818929287341867], [2.923518335859457e-05, 4.436459044732749e-05, 7.484566525376206e-05, 0.00011404441259838613, 0.0002818929287341867, 0.0002656536829086704]]</COVARIANCE_MATRIX>
		<ROI_SIZE>239</ROI_SIZE>
		<MAX_VALUE>[0.12484779953956604, 0.12977848947048187, 0.14994776248931885, 0.17172777652740479, 0.10979156196117401, 0.0969909280538559]</MAX_VALUE>
		<MIN_VALUE>[0.09490694105625153, 0.08538658171892166, 0.0843721404671669, 0.09316711872816086, 0.03502208739519119, 0.027512552216649055]</MIN_VALUE>
		<SIGNATURE_THRESHOLD_MD>0</SIGNATURE_THRESHOLD_MD>
		<SIGNATURE_THRESHOLD_ML>0</SIGNATURE_THRESHOLD_ML>
		<SIGNATURE_THRESHOLD_SAM>0</SIGNATURE_THRESHOLD_SAM>
	</signature>
	<signature ID="20220105_143000481112_946">
		<MACROCLASSID>1</MACROCLASSID>
		<MACROCLASSINFO>waterbody</MACROCLASSINFO>
		<CLASSID>14</CLASSID>
		<CLASSINFO>C 1</CLASSINFO>
		<VALUES>[0.09340323148282259, 0.006364544226164452, 0.07919860891737301, 0.009105941787573355, 0.07115001898337077, 0.012867134888243374, 0.1368066221475602, 0.022134000312701886, 0.09392111592151065, 0.020217323901781433, 0.058872785197792356, 0.015123405563858315]</VALUES>
		<LCS_MIN>[0.07993649691343307, 0.06171088293194771, 0.04611969366669655, 0.08633576333522797, 0.05481400713324547, 0.024354444816708565]</LCS_MIN>
		<LCS_MAX>[0.11259926110506058, 0.10906225442886353, 0.1116953119635582, 0.17172777652740479, 0.14717629551887512, 0.0969909280538559]</LCS_MAX>
		<WAVELENGTH>[0.485, 0.56, 0.66, 0.83, 1.65, 2.215]</WAVELENGTH>
		<MEAN_VALUE>[0.09340323148282259, 0.07919860891737301, 0.07115001898337077, 0.1368066221475602, 0.09392111592151065, 0.058872785197792356]</MEAN_VALUE>
		<CHECKBOX>2</CHECKBOX>
		<SD>[0.006364544226164452, 0.009105941787573355, 0.012867134888243374, 0.022134000312701886, 0.020217323901781433, 0.015123405563858315]</SD>
		<WAVELENGTH_UNIT>E-6m</WAVELENGTH_UNIT>
		<COLOR>#a06611</COLOR>
		<COVARIANCE_MATRIX>[[4.0792686750513124e-05, 5.459021751731887e-05, 7.642426429671707e-05, 2.787971685628857e-05, 6.994764409034383e-05, 6.976572208180445e-05], [5.459021751731887e-05, 8.350210665443992e-05, 0.00011417988536426293, 5.830874468719716e-05, 0.00011889679685866074, 0.00011051610484836279], [7.642426429671707e-05, 0.00011417988536426293, 0.0001667290979803643, 8.814474952295885e-05, 0.00017598500933531228, 0.00016246791531982], [2.787971685628857e-05, 5.830874468719716e-05, 8.814474952295885e-05, 0.0004933640682218609, 0.00029109765621135385, 0.00014180936893451056], [6.994764409034383e-05, 0.00011889679685866074, 0.00017598500933531228, 0.00029109765621135385, 0.0004116186377618636, 0.0002738791935376362], [6.976572208180445e-05, 0.00011051610484836279, 0.00016246791531982, 0.00014180936893451056, 0.0002738791935376362, 0.00023032808173520082]]</COVARIANCE_MATRIX>
		<ROI_SIZE>143</ROI_SIZE>
		<MAX_VALUE>[0.11259926110506058, 0.10906225442886353, 0.1116953119635582, 0.17172777652740479, 0.14717629551887512, 0.0969909280538559]</MAX_VALUE>
		<MIN_VALUE>[0.07993649691343307, 0.06171088293194771, 0.04611969366669655, 0.08633576333522797, 0.05481400713324547, 0.024354444816708565]</MIN_VALUE>
		<SIGNATURE_THRESHOLD_MD>0</SIGNATURE_THRESHOLD_MD>
		<SIGNATURE_THRESHOLD_ML>0</SIGNATURE_THRESHOLD_ML>
		<SIGNATURE_THRESHOLD_SAM>0</SIGNATURE_THRESHOLD_SAM>
	</signature>
	<signature ID="20220105_143015579573_364">
		<MACROCLASSID>1</MACROCLASSID>
		<MACROCLASSINFO>waterbody</MACROCLASSINFO>
		<CLASSID>15</CLASSID>
		<CLASSINFO>C 1</CLASSINFO>
		<VALUES>[0.09604106211301054, 0.006593542489612821, 0.08345843953165143, 0.009237217442435466, 0.07439504338033272, 0.0130561049715956, 0.1265476374237826, 0.02251458331261412, 0.08590131484423622, 0.017412322995568302, 0.055791974293463165, 0.014340434985692522]</VALUES>
		<LCS_MIN>[0.08538029342889786, 0.07058926671743393, 0.05158432573080063, 0.07608871161937714, 0.05481400713324547, 0.036986880004405975]</LCS_MIN>
		<LCS_MAX>[0.11396021395921707, 0.10610280185937881, 0.10623068362474442, 0.16148072481155396, 0.12298616766929626, 0.08435849845409393]</LCS_MAX>
		<WAVELENGTH>[0.485, 0.56, 0.66, 0.83, 1.65, 2.215]</WAVELENGTH>
		<MEAN_VALUE>[0.09604106211301054, 0.08345843953165143, 0.07439504338033272, 0.1265476374237826, 0.08590131484423622, 0.055791974293463165]</MEAN_VALUE>
		<CHECKBOX>2</CHECKBOX>
		<SD>[0.006593542489612821, 0.009237217442435466, 0.0130561049715956, 0.02251458331261412, 0.017412322995568302, 0.014340434985692522]</SD>
		<WAVELENGTH_UNIT>E-6m</WAVELENGTH_UNIT>
		<COLOR>#7f2748</COLOR>
		<COVARIANCE_MATRIX>[[4.414364567867323e-05, 5.8421950961087296e-05, 7.956730058777993e-05, 3.0716309981725796e-05, 6.918122951011403e-05, 7.197535336859841e-05], [5.8421950961087296e-05, 8.663889663389303e-05, 0.00011668805562704707, 6.364162639616256e-05, 0.00010872266487000197, 0.00010914257464507033], [7.956730058777993e-05, 0.00011668805562704707, 0.00017308436744515918, 8.08683808638689e-05, 0.00015898538273408704, 0.0001619648540538998], [3.0716309981725796e-05, 6.364162639616256e-05, 8.08683808638689e-05, 0.0005147050226904986, 0.00031155627817866326, 0.0001675016146665391], [6.918122951011403e-05, 0.00010872266487000197, 0.00015898538273408704, 0.00031155627817866326, 0.000307853438134335, 0.00021459083508298515], [7.197535336859841e-05, 0.00010914257464507033, 0.0001619648540538998, 0.0001675016146665391, 0.00021459083508298515, 0.00020881189212624136]]</COVARIANCE_MATRIX>
		<ROI_SIZE>66</ROI_SIZE>
		<MAX_VALUE>[0.11396021395921707, 0.10610280185937881, 0.10623068362474442, 0.16148072481155396, 0.12298616766929626, 0.08435849845409393]</MAX_VALUE>
		<MIN_VALUE>[0.08538029342889786, 0.07058926671743393, 0.05158432573080063, 0.07608871161937714, 0.05481400713324547, 0.036986880004405975]</MIN_VALUE>
		<SIGNATURE_THRESHOLD_MD>0</SIGNATURE_THRESHOLD_MD>
		<SIGNATURE_THRESHOLD_ML>0</SIGNATURE_THRESHOLD_ML>
		<SIGNATURE_THRESHOLD_SAM>0</SIGNATURE_THRESHOLD_SAM>
	</signature>
	<signature ID="20220105_143026212160_575">
		<MACROCLASSID>1</MACROCLASSID>
		<MACROCLASSINFO>waterbody</MACROCLASSINFO>
		<CLASSID>16</CLASSID>
		<CLASSINFO>C 1</CLASSINFO>
		<VALUES>[0.09388099094996084, 0.00808514029404143, 0.08046931515519434, 0.010680296702902412, 0.07180348107447992, 0.013176283866215416, 0.1253270686819003, 0.02215147838240521, 0.08644724545570522, 0.016245863553363, 0.05467228167332135, 0.011761893992104946]</VALUES>
		<LCS_MIN>[0.07993649691343307, 0.06171088293194771, 0.04885201156139374, 0.08633576333522797, 0.05481400713324547, 0.036986880004405975]</LCS_MIN>
		<LCS_MAX>[0.11532115936279297, 0.10906225442886353, 0.1089629977941513, 0.16831208765506744, 0.1141897514462471, 0.07804229110479355]</LCS_MAX>
		<WAVELENGTH>[0.485, 0.56, 0.66, 0.83, 1.65, 2.215]</WAVELENGTH>
