<?xml version="1.0" ?>
<signaturelist MCID_LIST="[['1', 'waterbody', '#0000ff'], ['2', 'vegetation', '#00ff00'], ['3', 'bareland', '#ffaa00'], ['4', 'built-up', '#ff0000']]">
	<signature ID="20220209_143749279398_845">
		<MACROCLASSID>1</MACROCLASSID>
		<MACROCLASSINFO>waterbody</MACROCLASSINFO>
		<CLASSID>1</CLASSID>
		<CLASSINFO>C 1</CLASSINFO>
		<VALUES>[0.10117094717653731, 0.004084500917805096, 0.09549366652832501, 0.00538771000333722, 0.0880314941584532, 0.007302912842217802, 0.08962945137838164, 0.02037392270729131, 0.05556013241376996, 0.01971114922515353, 0.04076532775070519, 0.01608022965906019]</VALUES>
		<LCS_MIN>[0.09490694105625153, 0.08538658171892166, 0.07617519795894623, 0.05901031941175461, 0.02402658201754093, 0.018038230016827583]</LCS_MIN>
		<LCS_MAX>[0.11396021395921707, 0.11794065684080124, 0.11989226937294006, 0.14440234005451202, 0.098796047270298, 0.07804229110479355]</LCS_MAX>
		<WAVELENGTH>[0.485, 0.56, 0.66, 0.83, 1.65, 2.215]</WAVELENGTH>
		<MEAN_VALUE>[0.10117094717653731, 0.09549366652832501, 0.0880314941584532, 0.08962945137838164, 0.05556013241376996, 0.04076532775070519]</MEAN_VALUE>
		<CHECKBOX>2</CHECKBOX>
		<SD>[0.004084500917805096, 0.00538771000333722, 0.007302912842217802, 0.02037392270729131, 0.01971114922515353, 0.01608022965906019]</SD>
		<WAVELENGTH_UNIT>E-6m</WAVELENGTH_UNIT>
		<COLOR>#eef1e8</COLOR>
		<COVARIANCE_MATRIX>[[1.523171340522822e-05, 1.6341158698196523e-05, 2.4036802642513067e-05, 4.4074833567719907e-05, 5.231239629210904e-05, 4.5855056669097394e-05], [1.6341158698196523e-05, 2.7242611395195127e-05, 3.1938521715346724e-05, 6.289940938586369e-05, 6.94788686814718e-05, 5.9152705944143236e-05], [2.4036802642513067e-05, 3.1938521715346724e-05, 5.025103746447712e-05, 9.14290503715165e-05, 0.00010500929056433961, 9.006589971249923e-05], [4.4074833567719907e-05, 6.289940938586369e-05, 9.14290503715165e-05, 0.00041849908302538097, 0.00033865918521769345, 0.00024055817630141973], [5.231239629210904e-05, 6.94788686814718e-05, 0.00010500929056433961, 0.00033865918521769345, 0.0003662075905594975, 0.0002757534966804087], [4.5855056669097394e-05, 5.9152705944143236e-05, 9.006589971249923e-05, 0.00024055817630141973, 0.0002757534966804087, 0.0002399294317001477]]</COVARIANCE_MATRIX>
		<ROI_SIZE>900</ROI_SIZE>
		<MAX_VALUE>[0.11396021395921707, 0.11794065684080124, 0.11989226937294006, 0.14440234005451202, 0.098796047270298, 0.07804229110479355]</MAX_VALUE>
		<MIN_VALUE>[0.09490694105625153, 0.08538658171892166, 0.07617519795894623, 0.05901031941175461, 0.02402658201754093, 0.018038230016827583]</MIN_VALUE>
		<SIGNATURE_THRESHOLD_MD>0.0</SIGNATURE_THRESHOLD_MD>
		<SIGNATURE_THRESHOLD_ML>0.0</SIGNATURE_THRESHOLD_ML>
		<SIGNATURE_THRESHOLD_SAM>0.0</SIGNATURE_THRESHOLD_SAM>
	</signature>
	<signature ID="20220209_143814498803_863">
		<MACROCLASSID>1</MACROCLASSID>
		<MACROCLASSINFO>waterbody</MACROCLASSINFO>
		<CLASSID>2</CLASSID>
		<CLASSINFO>C 1</CLASSINFO>
		<VALUES>[0.10138278482481831, 0.006834153889249312, 0.0945855694822967, 0.009035617583449588, 0.08897154101481039, 0.011698994033440012, 0.0977640575263649, 0.02134264737245252, 0.060174320071625195, 0.023378956328310423, 0.04380312674911689, 0.019298494572078738]</VALUES>
		<LCS_MIN>[0.08674123883247375, 0.06762980669736862, 0.054316651076078415, 0.05901031941175461, 0.026225684210658073, 0.014880121685564518]</LCS_MIN>
		<LCS_MAX>[0.12620875239372253, 0.11794065684080124, 0.11715994775295258, 0.14098665118217468, 0.11858796328306198, 0.0969909280538559]</LCS_MAX>
		<WAVELENGTH>[0.485, 0.56, 0.66, 0.83, 1.65, 2.215]</WAVELENGTH>
		<MEAN_VALUE>[0.10138278482481831, 0.0945855694822967, 0.08897154101481039, 0.0977640575263649, 0.060174320071625195, 0.04380312674911689]</MEAN_VALUE>
		<CHECKBOX>2</CHECKBOX>
		<SD>[0.006834153889249312, 0.009035617583449588, 0.011698994033440012, 0.02134264737245252, 0.023378956328310423, 0.019298494572078738]</SD>
		<WAVELENGTH_UNIT>E-6m</WAVELENGTH_UNIT>
		<COLOR>#94d099</COLOR>
		<COVARIANCE_MATRIX>[[3.9476624806411564e-05, 4.419785909703933e-05, 5.8378711401019245e-05, 6.245901749935001e-05, 8.71265001478605e-05, 8.065318979788572e-05], [4.419785909703933e-05, 6.755314825568348e-05, 8.222189353546128e-05, 6.950418901396915e-05, 8.301418711198494e-05, 8.475119830109179e-05], [5.8378711401019245e-05, 8.222189353546128e-05, 0.00011258489394094795, 0.00010580984962871298, 0.000131357490317896, 0.00012930420052725822], [6.245901749935001e-05, 6.950418901396915e-05, 0.00010580984962871298, 0.0004014784353785217, 0.00041141838300973177, 0.0003110971883870661], [8.71265001478605e-05, 8.301418711198494e-05, 0.000131357490317896, 0.00041141838300973177, 0.0005628307117149234, 0.00043692506733350456], [8.065318979788572e-05, 8.475119830109179e-05, 0.00012930420052725822, 0.0003110971883870661, 0.00043692506733350456, 0.000381669495254755]]</COVARIANCE_MATRIX>
		<ROI_SIZE>922</ROI_SIZE>
		<MAX_VALUE>[0.12620875239372253, 0.11794065684080124, 0.11715994775295258, 0.14098665118217468, 0.11858796328306198, 0.0969909280538559]</MAX_VALUE>
		<MIN_VALUE>[0.08674123883247375, 0.06762980669736862, 0.054316651076078415, 0.05901031941175461, 0.026225684210658073, 0.014880121685564518]</MIN_VALUE>
		<SIGNATURE_THRESHOLD_MD>0.0</SIGNATURE_THRESHOLD_MD>
		<SIGNATURE_THRESHOLD_ML>0.0</SIGNATURE_THRESHOLD_ML>
		<SIGNATURE_THRESHOLD_SAM>0.0</SIGNATURE_THRESHOLD_SAM>
	</signature>
	<signature ID="20220209_143827240302_559">
		<MACROCLASSID>1</MACROCLASSID>
		<MACROCLASSINFO>waterbody</MACROCLASSINFO>
		<CLASSID>3</CLASSID>
		<CLASSINFO>C 1</CLASSINFO>
		<VALUES>[0.10039024434743392, 0.005141672602510217, 0.09706212988784237, 0.006769650512667604, 0.09206669782438577, 0.008904600617371188, 0.09538180430329615, 0.017638508103010257, 0.05853829470973823, 0.02175992366236606, 0.04508589547908595, 0.018346695102629356]</VALUES>
		<LCS_MIN>[0.09218504279851913, 0.08538658171892166, 0.07890751212835312, 0.05901031941175461, 0.02182747982442379, 0.014880121685564518]</LCS_MIN>
		<LCS_MAX>[0.11940401047468185, 0.12090012431144714, 0.11989226937294006, 0.13073961436748505, 0.10979156196117401, 0.08751660585403442]</LCS_MAX>
		<WAVELENGTH>[0.485, 0.56, 0.66, 0.83, 1.65, 2.215]</WAVELENGTH>
		<MEAN_VALUE>[0.10039024434743392, 0.09706212988784237, 0.09206669782438577, 0.09538180430329615, 0.05853829470973823, 0.04508589547908595]</MEAN_VALUE>
		<CHECKBOX>2</CHECKBOX>
		<SD>[0.005141672602510217, 0.006769650512667604, 0.008904600617371188, 0.017638508103010257, 0.02175992366236606, 0.018346695102629356]</SD>
		<WAVELENGTH_UNIT>E-6m</WAVELENGTH_UNIT>
		<COLOR>#c2351c</COLOR>
		<COVARIANCE_MATRIX>[[2.5672470655990764e-05, 3.079730231547728e-05, 4.099022407899611e-05, 5.131535726832226e-05, 7.044425001367927e-05, 6.67087224428542e-05], [3.079730231547728e-05, 4.5480210246751085e-05, 5.42119778401684e-05, 6.012253288645297e-05, 8.53643286973238e-05, 8.34688835311681e-05], [4.099022407899611e-05, 5.42119778401684e-05, 7.652033673366532e-05, 9.091880201594904e-05, 0.00012744143896270543, 0.000120612807222642], [5.131535726832226e-05, 6.012253288645297e-05, 9.091880201594904e-05, 0.00030319232610054314, 0.00031627542921341956, 0.00024512893287464976], [7.044425001367927e-05, 8.53643286973238e-05, 0.00012744143896270543, 0.00031627542921341956, 0.0004650370101444423, 0.0003728540032170713], [6.67087224428542e-05, 8.34688835311681e-05, 0.000120612807222642, 0.00024512893287464976, 0.0003728540032170713, 0.00032946039573289454]]</COVARIANCE_MATRIX>
		<ROI_SIZE>502</ROI_SIZE>
		<MAX_VALUE>[0.11940401047468185, 0.12090012431144714, 0.11989226937294006, 0.13073961436748505, 0.10979156196117401, 0.08751660585403442]</MAX_VALUE>
		<MIN_VALUE>[0.09218504279851913, 0.08538658171892166, 0.07890751212835312, 0.05901031941175461, 0.02182747982442379, 0.014880121685564518]</MIN_VALUE>
		<SIGNATURE_THRESHOLD_MD>0.0</SIGNATURE_THRESHOLD_MD>
		<SIGNATURE_THRESHOLD_ML>0.0</SIGNATURE_THRESHOLD_ML>
		<SIGNATURE_THRESHOLD_SAM>0.0</SIGNATURE_THRESHOLD_SAM>
	</signature>
	<signature ID="20220209_143840238459_758">
		<MACROCLASSID>1</MACROCLASSID>
		<MACROCLASSINFO>waterbody</MACROCLASSINFO>
		<CLASSID>4</CLASSID>
		<CLASSINFO>C 1</CLASSINFO>
		<VALUES>[0.09524050457220452, 0.0052239951236682175, 0.0902029548351671, 0.00813043572031228, 0.08316670683230841, 0.010606905299150765, 0.09196158688442375, 0.014047814140090098, 0.0494456132326056, 0.01469913652601569, 0.03565551802589027, 0.01207388817345729]</VALUES>
		<LCS_MIN>[0.08538029342889786, 0.07354872673749924, 0.0597812794148922, 0.06925735622644424, 0.026225684210658073, 0.018038230016827583]</LCS_MIN>
		<LCS_MAX>[0.11123832315206528, 0.10906225442886353, 0.10623068362474442, 0.13073961436748505, 0.08340233564376831, 0.07172606885433197]</LCS_MAX>
		<WAVELENGTH>[0.485, 0.56, 0.66, 0.83, 1.65, 2.215]</WAVELENGTH>
		<MEAN_VALUE>[0.09524050457220452, 0.0902029548351671, 0.08316670683230841, 0.09196158688442375, 0.0494456132326056, 0.03565551802589027]</MEAN_VALUE>
		<CHECKBOX>2</CHECKBOX>
		<SD>[0.0052239951236682175, 0.00813043572031228, 0.010606905299150765, 0.014047814140090098, 0.01469913652601569, 0.01207388817345729]</SD>
		<WAVELENGTH_UNIT>E-6m</WAVELENGTH_UNIT>
		<COLOR>#62efe0</COLOR>
		<COVARIANCE_MATRIX>[[2.7560325179365464e-05, 3.845488390652463e-05, 4.999892189516686e-05, -3.367978251844761e-06, 2.3706728825345635e-05, 3.661997106974013e-05], [3.845488390652463e-05, 6.67584827169776e-05, 8.400311344303191e-05, -9.9496492111939e-06, 3.146050948998891e-05, 5.635358684230596e-05], [4.999892189516686e-05, 8.400311344303191e-05, 0.00011362036457285285, -1.4034428204467986e-05, 4.319958679843694e-05, 7.749220094410703e-05], [-3.367978251844761e-06, -9.9496492111939e-06, -1.4034428204467986e-05, 0.00019929495465476066, 0.00016221101395785809, 9.535610297461972e-05], [2.3706728825345635e-05, 3.146050948998891e-05, 4.319958679843694e-05, 0.00016221101395785809, 0.00021820387337356806, 0.0001505229010945186], [3.661997106974013e-05, 5.635358684230596e-05, 7.749220094410703e-05, 9.535610297461972e-05, 0.0001505229010945186, 0.00014722213381901383]]</COVARIANCE_MATRIX>
		<ROI_SIZE>102</ROI_SIZE>
		<MAX_VALUE>[0.11123832315206528, 0.10906225442886353, 0.10623068362474442, 0.13073961436748505, 0.08340233564376831, 0.07172606885433197]</MAX_VALUE>
		<MIN_VALUE>[0.08538029342889786, 0.07354872673749924, 0.0597812794148922, 0.06925735622644424, 0.026225684210658073, 0.018038230016827583]</MIN_VALUE>
		<SIGNATURE_THRESHOLD_MD>0.0</SIGNATURE_THRESHOLD_MD>
		<SIGNATURE_THRESHOLD_ML>0.0</SIGNATURE_THRESHOLD_ML>
		<SIGNATURE_THRESHOLD_SAM>0.0</SIGNATURE_THRESHOLD_SAM>
	</signature>
	<signature ID="20220209_143848174214_695">
		<MACROCLASSID>1</MACROCLASSID>
		<MACROCLASSINFO>waterbody</MACROCLASSINFO>
		<CLASSID>5</CLASSID>
		<CLASSINFO>C 1</CLASSINFO>
		<VALUES>[0.09598951173776925, 0.00397819147228414, 0.0904849216341972, 0.006957986283643303, 0.0858128174462102, 0.008239967166793587, 0.09281002740291032, 0.0166580634055503, 0.053714458322660495, 0.016967581705589808, 0.03793430856683038, 0.013331214693673519]</VALUES>
		<LCS_MIN>[0.08538029342889786, 0.06762980669736862, 0.06251359730958939, 0.055594637989997864, 0.026225684210658073, 0.011722015216946602]</LCS_MIN>
		<LCS_MAX>[0.10851640999317169, 0.10906225442886353, 0.11442764103412628, 0.13073961436748505, 0.087800532579422, 0.07804229110479355]</LCS_MAX>
		<WAVELENGTH>[0.485, 0.56, 0.66, 0.83, 1.65, 2.215]</WAVELENGTH>
		<MEAN_VALUE>[0.09598951173776925, 0.0904849216341972, 0.0858128174462102, 0.09281002740291032, 0.053714458322660495, 0.03793430856683038]</MEAN_VALUE>
		<CHECKBOX>2</CHECKBOX>
		<SD>[0.00397819147228414, 0.006957986283643303, 0.008239967166793587, 0.0166580634055503, 0.016967581705589808, 0.013331214693673519]</SD>
		<WAVELENGTH_UNIT>E-6m</WAVELENGTH_UNIT>
		<COLOR>#ff5b0e</COLOR>
		<COVARIANCE_MATRIX>[[1.589827297721058e-05, 2.4212446078308858e-05, 2.984558705065865e-05, 6.926044534338871e-06, 1.404185331921326e-05, 2.3266224161488935e-05], [2.4212446078308858e-05, 4.863463982474059e-05, 5.328625411493704e-05, -1.0976228992376491e-07, 1.4754768017155584e-05, 3.714191188919358e-05], [2.984558705065865e-05, 5.328625411493704e-05, 6.820708949817345e-05, 1.3471815691445954e-05, 2.9137807359802537e-05, 5.2254406909924e-05], [6.926044534338871e-06, -1.0976228992376491e-07, 1.3471815691445954e-05, 0.00027875814703293145, 0.0002382220991421491, 0.00015180239279288799], [1.404185331921326e-05, 1.4754768017155584e-05, 2.9137807359802537e-05, 0.0002382220991421491, 0.0002892134361900389, 0.000197726403712295], [2.3266224161488935e-05, 3.714191188919358e-05, 5.2254406909924e-05, 0.00015180239279288799, 0.000197726403712295, 0.00017853279132395983]]</COVARIANCE_MATRIX>
		<ROI_SIZE>220</ROI_SIZE>
		<MAX_VALUE>[0.10851640999317169, 0.10906225442886353, 0.11442764103412628, 0.13073961436748505, 0.087800532579422, 0.07804229110479355]</MAX_VALUE>
		<MIN_VALUE>[0.08538029342889786, 0.06762980669736862, 0.06251359730958939, 0.055594637989997864, 0.026225684210658073, 0.011722015216946602]</MIN_VALUE>
		<SIGNATURE_THRESHOLD_MD>0.0</SIGNATURE_THRESHOLD_MD>
		<SIGNATURE_THRESHOLD_ML>0.0</SIGNATURE_THRESHOLD_ML>
		<SIGNATURE_THRESHOLD_SAM>0.0</SIGNATURE_THRESHOLD_SAM>
	</signature>
	<signature ID="20220209_143856401711_180">
		<MACROCLASSID>1</MACROCLASSID>
		<MACROCLASSINFO>waterbody</MACROCLASSINFO>
		<CLASSID>6</CLASSID>
		<CLASSINFO>C 1</CLASSINFO>
		<VALUES>[0.10076048072948252, 0.0054320167840267025, 0.09784495566160446, 0.008156428467953222, 0.09553644637907709, 0.010734029218121369, 0.1074174880901332, 0.02350027898935665, 0.0748187422912608, 0.026999076892544254, 0.057056143859861984, 0.020979954373754474]</VALUES>
		<LCS_MIN>[0.08538029342889786, 0.07354872673749924, 0.06524592638015747, 0.06925735622644424, 0.03282299265265465, 0.021196335554122925]</LCS_MIN>
		<LCS_MAX>[0.12076496332883835, 0.12385956943035126, 0.13082154095172882, 0.15123368799686432, 0.12738437950611115, 0.10646524280309677]</LCS_MAX>
		<WAVELENGTH>[0.485, 0.56, 0.66, 0.83, 1.65, 2.215]</WAVELENGTH>
		<MEAN_VALUE>[0.10076048072948252, 0.09784495566160446, 0.09553644637907709, 0.1074174880901332, 0.0748187422912608, 0.057056143859861984]</MEAN_VALUE>
		<CHECKBOX>2</CHECKBOX>
		<SD>[0.0054320167840267025, 0.008156428467953222, 0.010734029218121369, 0.02350027898935665, 0.026999076892544254, 0.020979954373754474]</SD>
		<WAVELENGTH_UNIT>E-6m</WAVELENGTH_UNIT>
		<COLOR>#e14c61</COLOR>
		<COVARIANCE_MATRIX>[[2.966630199807696e-05, 4.163215999142267e-05, 5.499788676388562e-05, 4.767578866449185e-05, 7.313229434657842e-05, 7.42541960789822e-05], [4.163215999142267e-05, 6.688693247269839e-05, 8.37748812045902e-05, 7.006555097177625e-05, 0.00010586224379949272, 0.00011004186671925709], [5.499788676388562e-05, 8.37748812045902e-05, 0.00011584218736970797, 0.00010337870480725542, 0.00015698645438533276, 0.0001550563465571031], [4.767578866449185e-05, 7.006555097177625e-05, 0.00010337870480725542, 0.0005552482907660306, 0.0005895418580621481, 0.0004013173165731132], [7.313229434657842e-05, 0.00010586224379949272, 0.00015698645438533276, 0.0005895418580621481, 0.0007328904466703534, 0.0005207855137996376], [7.42541960789822e-05, 0.00011004186671925709, 0.0001550563465571031, 0.0004013173165731132, 0.0005207855137996376, 0.0004425377119332552]]</COVARIANCE_MATRIX>
		<ROI_SIZE>186</ROI_SIZE>
		<MAX_VALUE>[0.12076496332883835, 0.12385956943035126, 0.13082154095172882, 0.15123368799686432, 0.12738437950611115, 0.10646524280309677]</MAX_VALUE>
		<MIN_VALUE>[0.08538029342889786, 0.07354872673749924, 0.06524592638015747, 0.06925735622644424, 0.03282299265265465, 0.021196335554122925]</MIN_VALUE>
		<SIGNATURE_THRESHOLD_MD>0.0</SIGNATURE_THRESHOLD_MD>
		<SIGNATURE_THRESHOLD_ML>0.0</SIGNATURE_THRESHOLD_ML>
		<SIGNATURE_THRESHOLD_SAM>0.0</SIGNATURE_THRESHOLD_SAM>
	</signature>
	<signature ID="20220209_143905848353_673">
		<MACROCLASSID>1</MACROCLASSID>
		<MACROCLASSINFO>waterbody</MACROCLASSINFO>
		<CLASSID>7</CLASSID>
		<CLASSINFO>C 1</CLASSINFO>
		<VALUES>[0.10106079183194948, 0.0035185957887755477, 0.09761043897141582, 0.00443312669872012, 0.09500441554447879, 0.0058995907915702795, 0.09361264498337457, 0.01801235678212172, 0.06026395746385273, 0.020283733886681247, 0.04598061898318322, 0.016528068737708273]</VALUES>
		<LCS_MIN>[0.09490694105625153, 0.09130550175905228, 0.0843721404671669, 0.0658416673541069, 0.026225684210658073, 0.018038230016827583]</LCS_MIN>
		<LCS_MAX>[0.10851640999317169, 0.10610280185937881, 0.1089629977941513, 0.1273239254951477, 0.09659694880247116, 0.07804229110479355]</LCS_MAX>
		<WAVELENGTH>[0.485, 0.56, 0.66, 0.83, 1.65, 2.215]</WAVELENGTH>
		<MEAN_VALUE>[0.10106079183194948, 0.09761043897141582, 0.09500441554447879, 0.09361264498337457, 0.06026395746385273, 0.04598061898318322]</MEAN_VALUE>
		<CHECKBOX>2</CHECKBOX>
		<SD>[0.0035185957887755477, 0.00443312669872012, 0.0058995907915702795, 0.01801235678212172, 0.020283733886681247, 0.016528068737708273]</SD>
		<WAVELENGTH_UNIT>E-6m</WAVELENGTH_UNIT>
		<COLOR>#b440e1</COLOR>
		<COVARIANCE_MATRIX>[[1.2655638784053735e-05, 1.3055872841505334e-05, 1.7816653780755587e-05, 3.924103657482192e-05, 4.865206210524775e-05, 3.9317510527325794e-05], [1.3055872841505334e-05, 2.0089337340323254e-05, 2.419606244075112e-05, 5.5309039453277364e-05, 6.755906360922381e-05, 5.647511352435686e-05], [1.7816653780755587e-05, 2.419606244075112e-05, 3.557862146408297e-05, 8.081147097982466e-05, 9.39206438488327e-05, 8.077452366705984e-05], [3.924103657482192e-05, 5.5309039453277364e-05, 8.081147097982466e-05, 0.0003316548827569932, 0.00034154148306697607, 0.000262225279584527], [4.865206210524775e-05, 6.755906360922381e-05, 9.39206438488327e-05, 0.00034154148306697607, 0.0004205727600492537, 0.00032616007956676185], [3.9317510527325794e-05, 5.647511352435686e-05, 8.077452366705984e-05, 0.000262225279584527, 0.00032616007956676185, 0.00027924764435738325]]</COVARIANCE_MATRIX>
		<ROI_SIZE>46</ROI_SIZE>
		<MAX_VALUE>[0.10851640999317169, 0.10610280185937881, 0.1089629977941513, 0.1273239254951477, 0.09659694880247116, 0.07804229110479355]</MAX_VALUE>
		<MIN_VALUE>[0.09490694105625153, 0.09130550175905228, 0.0843721404671669, 0.0658416673541069, 0.026225684210658073, 0.018038230016827583]</MIN_VALUE>
		<SIGNATURE_THRESHOLD_MD>0.0</SIGNATURE_THRESHOLD_MD>
		<SIGNATURE_THRESHOLD_ML>0.0</SIGNATURE_THRESHOLD_ML>
		<SIGNATURE_THRESHOLD_SAM>0.0</SIGNATURE_THRESHOLD_SAM>
	</signature>
	<signature ID="20220209_143914689269_163">
		<MACROCLASSID>1</MACROCLASSID>
		<MACROCLASSINFO>waterbody</MACROCLASSINFO>
		<CLASSID>8</CLASSID>
		<CLASSINFO>C 1</CLASSINFO>
		<VALUES>[0.09918079570981499, 0.0034243933964671564, 0.0961860152320904, 0.005417163273032747, 0.09113102876826337, 0.0063018173145985385, 0.08115231314379916, 0.01363447381001657, 0.05024219162173964, 0.014958048426165155, 0.04119768699533063, 0.013212416661553966]</VALUES>
		<LCS_MIN>[0.09354598075151443, 0.08834604173898697, 0.07890751212835312, 0.05901031941175461, 0.02182747982442379, 0.018038230016827583]</LCS_MIN>
		<LCS_MAX>[0.10987736284732819, 0.11498119682073593, 0.1116953119635582, 0.11366120725870132, 0.08120322972536087, 0.07172606885433197]</LCS_MAX>
		<WAVELENGTH>[0.485, 0.56, 0.66, 0.83, 1.65, 2.215]</WAVELENGTH>
		<MEAN_VALUE>[0.09918079570981499, 0.0961860152320904, 0.09113102876826337, 0.08115231314379916, 0.05024219162173964, 0.04119768699533063]</MEAN_VALUE>
		<CHECKBOX>2</CHECKBOX>
		<SD>[0.0034243933964671564, 0.005417163273032747, 0.0063018173145985385, 0.01363447381001657, 0.014958048426165155, 0.013212416661553966]</SD>
		<WAVELENGTH_UNIT>E-6m</WAVELENGTH_UNIT>
		<COLOR>#399eb7</COLOR>
		<COVARIANCE_MATRIX>[[1.1830244147859048e-05, 1.452862943551736e-05, 1.8474926037015393e-05, 2.354231764911674e-05, 2.691623922146391e-05, 2.7753281756304204e-05], [1.452862943551736e-05, 2.960535312013235e-05, 2.9550168619607575e-05, 2.6595231247483753e-05, 3.8291131204459816e-05, 4.130015804548748e-05], [1.8474926037015393e-05, 2.9550168619607575e-05, 4.006434392067604e-05, 4.756775888381526e-05, 5.462352783069946e-05, 5.711907579097897e-05], [2.354231764911674e-05, 2.6595231247483753e-05, 4.756775888381526e-05, 0.00018754399206954986, 0.0001498525234637782, 0.00012435381358955055], [2.691623922146391e-05, 3.8291131204459816e-05, 5.462352783069946e-05, 0.0001498525234637782, 0.00022572324087377638, 0.00018690043361857533], [2.7753281756304204e-05, 4.130015804548748e-05, 5.711907579097897e-05, 0.00012435381358955055, 0.00018690043361857533, 0.00017611280782148242]]</COVARIANCE_MATRIX>
		<ROI_SIZE>114</ROI_SIZE>
		<MAX_VALUE>[0.10987736284732819, 0.11498119682073593, 0.1116953119635582, 0.11366120725870132, 0.08120322972536087, 0.07172606885433197]</MAX_VALUE>
		<MIN_VALUE>[0.09354598075151443, 0.08834604173898697, 0.07890751212835312, 0.05901031941175461, 0.02182747982442379, 0.018038230016827583]</MIN_VALUE>
		<SIGNATURE_THRESHOLD_MD>0.0</SIGNATURE_THRESHOLD_MD>
		<SIGNATURE_THRESHOLD_ML>0.0</SIGNATURE_THRESHOLD_ML>
		<SIGNATURE_THRESHOLD_SAM>0.0</SIGNATURE_THRESHOLD_SAM>
	</signature>
	<signature ID="20220209_143926013348_855">
		<MACROCLASSID>1</MACROCLASSID>
		<MACROCLASSINFO>waterbody</MACROCLASSINFO>
		<CLASSID>9</CLASSID>
		<CLASSINFO>C 1</CLASSINFO>
		<VALUES>[0.10979571044445038, 0.005627221582439522, 0.1103052420914173, 0.007227149086135995, 0.11011056885123252, 0.009434848577121596, 0.09781244695186617, 0.01729238738244801, 0.07201098658144474, 0.019618602982077692, 0.062314903177320975, 0.016500806079737886]</VALUES>
		<LCS_MIN>[0.10035073757171631, 0.1001838967204094, 0.09530141949653625, 0.06925735622644424, 0.037221189588308334, 0.030670659616589546]</LCS_MIN>
		<LCS_MAX>[0.12348684668540955, 0.12977848947048187, 0.13082154095172882, 0.1341552734375, 0.10319424420595169, 0.08751660585403442]</LCS_MAX>
		<WAVELENGTH>[0.485, 0.56, 0.66, 0.83, 1.65, 2.215]</WAVELENGTH>
		<MEAN_VALUE>[0.10979571044445038, 0.1103052420914173, 0.11011056885123252, 0.09781244695186617, 0.07201098658144474, 0.062314903177320975]</MEAN_VALUE>
		<CHECKBOX>2</CHECKBOX>
		<SD>[0.005627221582439522, 0.007227149086135995, 0.009434848577121596, 0.01729238738244801, 0.019618602982077692, 0.016500806079737886]</SD>
		<WAVELENGTH_UNIT>E-6m</WAVELENGTH_UNIT>
		<COLOR>#f863fd</COLOR>
		<COVARIANCE_MATRIX>[[3.231185837648809e-05, 3.7256824725773185e-05, 4.942324449075386e-05, 8.159465505741537e-05, 8.908106974558905e-05, 7.543992978753522e-05], [3.7256824725773185e-05, 5.329763735062443e-05, 6.43891908111982e-05, 9.849468915490434e-05, 0.00010582797403912991, 8.7660679128021e-05], [4.942324449075386e-05, 6.43891908111982e-05, 9.083302575163543e-05, 0.000149597879499197, 0.000157914575538598, 0.00013164969277568161], [8.159465505741537e-05, 9.849468915490434e-05, 0.000149597879499197, 0.0003051292442250997, 0.0003178162733092904, 0.0002640943566802889], [8.908106974558905e-05, 0.00010582797403912991, 0.000157914575538598, 0.0003178162733092904, 0.00039274446316994727, 0.0003111332771368325], [7.543992978753522e-05, 8.7660679128021e-05, 0.00013164969277568161, 0.0002640943566802889, 0.0003111332771368325, 0.0002778332564048469]]</COVARIANCE_MATRIX>
		<ROI_SIZE>50</ROI_SIZE>
		<MAX_VALUE>[0.12348684668540955, 0.12977848947048187, 0.13082154095172882, 0.1341552734375, 0.10319424420595169, 0.08751660585403442]</MAX_VALUE>
		<MIN_VALUE>[0.10035073757171631, 0.1001838967204094, 0.09530141949653625, 0.06925735622644424, 0.037221189588308334, 0.030670659616589546]</MIN_VALUE>
		<SIGNATURE_THRESHOLD_MD>0.0</SIGNATURE_THRESHOLD_MD>
		<SIGNATURE_THRESHOLD_ML>0.0</SIGNATURE_THRESHOLD_ML>
		<SIGNATURE_THRESHOLD_SAM>0.0</SIGNATURE_THRESHOLD_SAM>
	</signature>
	<signature ID="20220209_144335659928_718">
		<MACROCLASSID>1</MACROCLASSID>
		<MACROCLASSINFO>waterbody</MACROCLASSINFO>
		<CLASSID>10</CLASSID>
		<CLASSINFO>C 1</CLASSINFO>
		<VALUES>[0.10190954836125064, 0.0037883176576481315, 0.09750777509406942, 0.005781998149610011, 0.09617342400952433, 0.00759909608097741, 0.08924272129351789, 0.018717015403230394, 0.0506965416377899, 0.018278095246526883, 0.041186488032050404, 0.015485591956364423]</VALUES>
		<LCS_MIN>[0.09218504279851913, 0.07946764677762985, 0.07344286888837814, 0.05217895284295082, 0.013031071983277798, 0.011722015216946602]</LCS_MIN>
		<LCS_MAX>[0.11668210476636887, 0.12090012431144714, 0.12535689771175385, 0.14098665118217468, 0.087800532579422, 0.08120038360357285]</LCS_MAX>
		<WAVELENGTH>[0.485, 0.56, 0.66, 0.83, 1.65, 2.215]</WAVELENGTH>
		<MEAN_VALUE>[0.10190954836125064, 0.09750777509406942, 0.09617342400952433, 0.08924272129351789, 0.0506965416377899, 0.041186488032050404]</MEAN_VALUE>
		<CHECKBOX>2</CHECKBOX>
		<SD>[0.0037883176576481315, 0.005781998149610011, 0.00759909608097741, 0.018717015403230394, 0.018278095246526883, 0.015485591956364423]</SD>
		<WAVELENGTH_UNIT>E-6m</WAVELENGTH_UNIT>
		<COLOR>#865023</COLOR>
		<COVARIANCE_MATRIX>[[1.476761644880753e-05, 2.0085828509763815e-05, 2.7431118724052794e-05, 2.48425731115276e-05, 3.7014324334450066e-05, 3.373164145159535e-05], [2.0085828509763815e-05, 3.7708901800215244e-05, 4.525726762949489e-05, 4.159485979471356e-05, 5.4263349738903344e-05, 4.89139674755279e-05], [2.7431118724052794e-05, 4.525726762949489e-05, 6.633938028244302e-05, 5.480383333633654e-05, 7.588737935293466e-05, 7.009294495219365e-05], [2.48425731115276e-05, 4.159485979471356e-05, 5.480383333633654e-05, 0.0003439807624090463, 0.00027366774156689644, 0.00020065298303961754], [3.7014324334450066e-05, 5.4263349738903344e-05, 7.588737935293466e-05, 0.00027366774156689644, 0.0003186444519087672, 0.00024067603226285428], [3.373164145159535e-05, 4.89139674755279e-05, 7.009294495219365e-05, 0.00020065298303961754, 0.00024067603226285428, 0.000220630390685983]]</COVARIANCE_MATRIX>
		<ROI_SIZE>466</ROI_SIZE>
		<MAX_VALUE>[0.11668210476636887, 0.12090012431144714, 0.12535689771175385, 0.14098665118217468, 0.087800532579422, 0.08120038360357285]</MAX_VALUE>
		<MIN_VALUE>[0.09218504279851913, 0.07946764677762985, 0.07344286888837814, 0.05217895284295082, 0.013031071983277798, 0.011722015216946602]</MIN_VALUE>
		<SIGNATURE_THRESHOLD_MD>0.0</SIGNATURE_THRESHOLD_MD>
		<SIGNATURE_THRESHOLD_ML>0.0</SIGNATURE_THRESHOLD_ML>
		<SIGNATURE_THRESHOLD_SAM>0.0</SIGNATURE_THRESHOLD_SAM>
	</signature>
	<signature ID="20220209_144400192775_934">
		<MACROCLASSID>1</MACROCLASSID>
		<MACROCLASSINFO>waterbody</MACROCLASSINFO>
		<CLASSID>11</CLASSID>
		<CLASSINFO>C 1</CLASSINFO>
		<VALUES>[0.09441943099694464, 0.011621295862130468, 0.08331053531659181, 0.014916223940961981, 0.08143591969760498, 0.017866017154756195, 0.09923377694256272, 0.018453745320660544, 0.08061242970957683, 0.018342357654880136, 0.061827518490713024, 0.016790191380578395]</VALUES>
		<LCS_MIN>[0.07721459865570068, 0.06171088293194771, 0.05158432573080063, 0.05901031941175461, 0.03942029923200607, 0.030670659616589546]</LCS_MIN>
		<LCS_MAX>[0.11804306507110596, 0.11498119682073593, 0.11715994775295258, 0.13073961436748505, 0.10979156196117401, 0.09067471325397491]</LCS_MAX>
		<WAVELENGTH>[0.485, 0.56, 0.66, 0.83, 1.65, 2.215]</WAVELENGTH>
		<MEAN_VALUE>[0.09441943099694464, 0.08331053531659181, 0.08143591969760498, 0.09923377694256272, 0.08061242970957683, 0.061827518490713024]</MEAN_VALUE>
		<CHECKBOX>2</CHECKBOX>
		<SD>[0.011621295862130468, 0.014916223940961981, 0.017866017154756195, 0.018453745320660544, 0.018342357654880136, 0.016790191380578395]</SD>
		<WAVELENGTH_UNIT>E-6m</WAVELENGTH_UNIT>
		<COLOR>#4135c6</COLOR>
		<COVARIANCE_MATRIX>[[0.00013710079656448215, 0.00017118622781708837, 0.00020182727894280106, 0.0001133705663960427, 0.00012350341421552002, 0.00014950452896300703], [0.00017118622781708837, 0.00022586486011277884, 0.00026482174871489406, 0.00015905348118394613, 0.00016540318029001355, 0.00019112993322778493], [0.00020182727894280106, 0.00026482174871489406, 0.0003240308433305472, 0.00019922263163607568, 0.00022137819905765355, 0.00024361474788747728], [0.0001133705663960427, 0.00015905348118394613, 0.00019922263163607568, 0.0003457004204392433, 0.00029373905272223055, 0.0002343716041650623], [0.00012350341421552002, 0.00016540318029001355, 0.00022137819905765355, 0.00029373905272223055, 0.00034153967862948775, 0.0002709163527470082], [0.00014950452896300703, 0.00019112993322778493, 0.00024361474788747728, 0.0002343716041650623, 0.0002709163527470082, 0.00028618189389817417]]</COVARIANCE_MATRIX>
		<ROI_SIZE>67</ROI_SIZE>
		<MAX_VALUE>[0.11804306507110596, 0.11498119682073593, 0.11715994775295258, 0.13073961436748505, 0.10979156196117401, 0.09067471325397491]</MAX_VALUE>
		<MIN_VALUE>[0.07721459865570068, 0.06171088293194771, 0.05158432573080063, 0.05901031941175461, 0.03942029923200607, 0.030670659616589546]</MIN_VALUE>
		<SIGNATURE_THRESHOLD_MD>0.0</SIGNATURE_THRESHOLD_MD>
		<SIGNATURE_THRESHOLD_ML>0.0</SIGNATURE_THRESHOLD_ML>
		<SIGNATURE_THRESHOLD_SAM>0.0</SIGNATURE_THRESHOLD_SAM>
	</signature>
	<signature ID="20220209_144520873807_142">
		<MACROCLASSID>1</MACROCLASSID>
		<MACROCLASSINFO>waterbody</MACROCLASSINFO>
		<CLASSID>12</CLASSID>
		<CLASSINFO>C 1</CLASSINFO>
		<VALUES>[0.09968685685861402, 0.0026396937561624506, 0.09599732807496697, 0.003920486605805791, 0.09816700710756025, 0.0045139725450114585, 0.11924292855873342, 0.012797131819781083, 0.06977862891990962, 0.01280646960455591, 0.04938822666682848, 0.009522732208172296]</VALUES>
		<LCS_MIN>[0.08946314454078674, 0.08242710679769516, 0.08163982629776001, 0.09999848157167435, 0.04821670427918434, 0.033828772604465485]</LCS_MIN>
		<LCS_MAX>[0.104433573782444, 0.10314334183931351, 0.1089629977941513, 0.14440234005451202, 0.09659694880247116, 0.06856796145439148]</LCS_MAX>
		<WAVELENGTH>[0.485, 0.56, 0.66, 0.83, 1.65, 2.215]</WAVELENGTH>
		<MEAN_VALUE>[0.09968685685861402, 0.09599732807496697, 0.09816700710756025, 0.11924292855873342, 0.06977862891990962, 0.04938822666682848]</MEAN_VALUE>
		<CHECKBOX>2</CHECKBOX>
		<SD>[0.0026396937561624506, 0.003920486605805791, 0.0045139725450114585, 0.012797131819781083, 0.01280646960455591, 0.009522732208172296]</SD>
		<WAVELENGTH_UNIT>E-6m</WAVELENGTH_UNIT>
		<COLOR>#a5e28b</COLOR>
		<COVARIANCE_MATRIX>[[7.142182766983751e-06, 7.421730515488889e-06, 9.01519615581492e-06, -1.7933823983184993e-05, -1.278719719266519e-05, -5.31487012267462e-06], [7.421730515488889e-06, 1.575447095092386e-05, 1.3509854397852905e-05, -9.405926903127693e-06, -1.306793637922965e-05, -4.262851234670961e-06], [9.01519615581492e-06, 1.3509854397852905e-05, 2.088534711219836e-05, -1.686149880697485e-05, -1.5263420209521428e-05, -5.361529929359676e-06], [-1.7933823983184993e-05, -9.405926903127693e-06, -1.686149880697485e-05, 0.00016786075138952583, 0.00011306078522466123, 6.658396887360141e-05], [-1.278719719266519e-05, -1.306793637922965e-05, -1.5263420209521428e-05, 0.00011306078522466123, 0.00016810580564197153, 0.00010858762834686786], [-5.31487012267462e-06, -4.262851234670961e-06, -5.361529929359676e-06, 6.658396887360141e-05, 0.00010858762834686786, 9.294949268223718e-05]]</COVARIANCE_MATRIX>
		<ROI_SIZE>41</ROI_SIZE>
		<MAX_VALUE>[0.104433573782444, 0.10314334183931351, 0.1089629977941513, 0.14440234005451202, 0.09659694880247116, 0.06856796145439148]</MAX_VALUE>
		<MIN_VALUE>[0.08946314454078674, 0.08242710679769516, 0.08163982629776001, 0.09999848157167435, 0.04821670427918434, 0.033828772604465485]</MIN_VALUE>
		<SIGNATURE_THRESHOLD_MD>0.0</SIGNATURE_THRESHOLD_MD>
		<SIGNATURE_THRESHOLD_ML>0.0</SIGNATURE_THRESHOLD_ML>
		<SIGNATURE_THRESHOLD_SAM>0.0</SIGNATURE_THRESHOLD_SAM>
	</signature>
	<signature ID="20220209_144532480822_874">
		<MACROCLASSID>1</MACROCLASSID>
		<MACROCLASSINFO>waterbody</MACROCLASSINFO>
		<CLASSID>13</CLASSID>
		<CLASSINFO>C 1</CLASSINFO>
		<VALUES>[0.09887444972991942, 0.003744237372587545, 0.09647201797214604, 0.005625567706831798, 0.09868207333956733, 0.006526982664371919, 0.1248345356118881, 0.011945874269854875, 0.07989868117591081, 0.012785208503265923, 0.05839777712599708, 0.009625983049354246]</VALUES>
		<LCS_MIN>[0.08810219913721085, 0.08538658171892166, 0.0843721404671669, 0.10682984441518784, 0.05921221897006035, 0.040144987404346466]</LCS_MIN>
		<LCS_MAX>[0.1071554645895958, 0.10906225442886353, 0.1116953119635582, 0.158065065741539, 0.10539335012435913, 0.07804229110479355]</LCS_MAX>
		<WAVELENGTH>[0.485, 0.56, 0.66, 0.83, 1.65, 2.215]</WAVELENGTH>
		<MEAN_VALUE>[0.09887444972991942, 0.09647201797214604, 0.09868207333956733, 0.1248345356118881, 0.07989868117591081, 0.05839777712599708]</MEAN_VALUE>
		<CHECKBOX>2</CHECKBOX>
		<SD>[0.003744237372587545, 0.005625567706831798, 0.006526982664371919, 0.011945874269854875, 0.012785208503265923, 0.009625983049354246]</SD>
		<WAVELENGTH_UNIT>E-6m</WAVELENGTH_UNIT>
		<COLOR>#1b39b2</COLOR>
		<COVARIANCE_MATRIX>[[1.4261026080930606e-05, 1.85917888302356e-05, 2.1810303223901428e-05, -7.66565790399909e-06, -3.507127303237212e-06, 6.735907845722977e-06], [1.85917888302356e-05, 3.219264908693731e-05, 3.3538060961291194e-05, 7.5060925155412406e-06, 6.631788437516661e-06, 1.4453716175921727e-05], [2.1810303223901428e-05, 3.3538060961291194e-05, 4.333601100370288e-05, 7.43455575502594e-06, 1.0080560059577692e-05, 2.1287440176820382e-05], [-7.66565790399909e-06, 7.5060925155412406e-06, 7.43455575502594e-06, 0.00014516431838274002, 8.748117397772148e-05, 4.8825630074134097e-05], [-3.507127303237212e-06, 6.631788437516661e-06, 1.0080560059577692e-05, 8.748117397772148e-05, 0.0001662798604229465, 0.0001069636273314245], [6.735907845722977e-06, 1.4453716175921727e-05, 2.1287440176820382e-05, 4.8825630074134097e-05, 0.0001069636273314245, 9.425712778465822e-05]]</COVARIANCE_MATRIX>
		<ROI_SIZE>59</ROI_SIZE>
		<MAX_VALUE>[0.1071554645895958, 0.10906225442886353, 0.1116953119635582, 0.158065065741539, 0.10539335012435913, 0.07804229110479355]</MAX_VALUE>
		<MIN_VALUE>[0.08810219913721085, 0.08538658171892166, 0.0843721404671669, 0.10682984441518784, 0.05921221897006035, 0.040144987404346466]</MIN_VALUE>
		<SIGNATURE_THRESHOLD_MD>0.0</SIGNATURE_THRESHOLD_MD>
		<SIGNATURE_THRESHOLD_ML>0.0</SIGNATURE_THRESHOLD_ML>
		<SIGNATURE_THRESHOLD_SAM>0.0</SIGNATURE_THRESHOLD_SAM>
	</signature>
	<signature ID="20220209_144629342661_996">
		<MACROCLASSID>1</MACROCLASSID>
		<MACROCLASSINFO>waterbody</MACROCLASSINFO>
		<CLASSID>14</CLASSID>
		<CLASSINFO>C 1</CLASSINFO>
		<VALUES>[0.10461332381896252, 0.0036349018643479173, 0.10247327766890796, 0.005257758871777825, 0.10602446659555974, 0.007313282993253029, 0.12236152448744146, 0.013345937806490892, 0.06290504427732162, 0.012408960142267481, 0.047652938315328554, 0.011114521380155585]</VALUES>
		<LCS_MIN>[0.09762883931398392, 0.09426496177911758, 0.09530141949653625, 0.09316711872816086, 0.041619397699832916, 0.027512552216649055]</LCS_MIN>
		<LCS_MAX>[0.11668210476636887, 0.11794065684080124, 0.12808921933174133, 0.14440234005451202, 0.08999963104724884, 0.07172606885433197]</LCS_MAX>
		<WAVELENGTH>[0.485, 0.56, 0.66, 0.83, 1.65, 2.215]</WAVELENGTH>
		<MEAN_VALUE>[0.10461332381896252, 0.10247327766890796, 0.10602446659555974, 0.12236152448744146, 0.06290504427732162, 0.047652938315328554]</MEAN_VALUE>
		<CHECKBOX>2</CHECKBOX>
		<SD>[0.0036349018643479173, 0.005257758871777825, 0.007313282993253029, 0.013345937806490892, 0.012408960142267481, 0.011114521380155585]</SD>
		<WAVELENGTH_UNIT>E-6m</WAVELENGTH_UNIT>
		<COLOR>#83f308</COLOR>
		<COVARIANCE_MATRIX>[[1.3466597920341883e-05, 1.468433765694499e-05, 2.2062975403969176e-05, -1.3751715414400678e-05, 1.0892019417951815e-05, 1.6147198039107025e-05], [1.468433765694499e-05, 2.8175643819849938e-05, 3.5624987503979355e-05, 1.6652018075546948e-06, 2.667730768735055e-05, 2.885279172915034e-05], [2.2062975403969176e-05, 3.5624987503979355e-05, 5.451264951261692e-05, -1.450363652111264e-05, 3.28992900904268e-05, 3.7753234209958464e-05], [-1.3751715414400678e-05, 1.6652018075546948e-06, -1.450363652111264e-05, 0.00018153933342546225, 7.342449680436403e-05, 4.689408524427563e-05], [1.0892019417951815e-05, 2.667730768735055e-05, 3.28992900904268e-05, 7.342449680436403e-05, 0.0001569434825796634, 0.00012773661001119763], [1.6147198039107025e-05, 2.885279172915034e-05, 3.7753234209958464e-05, 4.689408524427563e-05, 0.00012773661001119763, 0.00012590820551849902]]</COVARIANCE_MATRIX>
		<ROI_SIZE>53</ROI_SIZE>
		<MAX_VALUE>[0.11668210476636887, 0.11794065684080124, 0.12808921933174133, 0.14440234005451202, 0.08999963104724884, 0.07172606885433197]</MAX_VALUE>
		<MIN_VALUE>[0.09762883931398392, 0.09426496177911758, 0.09530141949653625, 0.09316711872816086, 0.041619397699832916, 0.027512552216649055]</MIN_VALUE>
		<SIGNATURE_THRESHOLD_MD>0.0</SIGNATURE_THRESHOLD_MD>
		<SIGNATURE_THRESHOLD_ML>0.0</SIGNATURE_THRESHOLD_ML>
		<SIGNATURE_THRESHOLD_SAM>0.0</SIGNATURE_THRESHOLD_SAM>
	</signature>
	<signature ID="20220209_144655154992_557">
		<MACROCLASSID>1</MACROCLASSID>
		<MACROCLASSINFO>waterbody</MACROCLASSINFO>
		<CLASSID>15</CLASSID>
		<CLASSINFO>C 1</CLASSINFO>
		<VALUES>[0.09080021619273906, 0.0030108760973047532, 0.10262414447048254, 0.0033776144344620116, 0.0802497025905994, 0.005515275964313129, 0.06680046459823323, 0.017495820102497034, 0.038841584435941864, 0.015048268495009077, 0.029507146396657878, 0.010257034671564575]</VALUES>
		<LCS_MIN>[0.08538029342889786, 0.09426496177911758, 0.07344286888837814, 0.04876327142119408, 0.02402658201754093, 0.021196335554122925]</LCS_MIN>
		<LCS_MAX>[0.10035073757171631, 0.11498119682073593, 0.09803371876478195, 0.12049257010221481, 0.08560143411159515, 0.05909363180398941]</LCS_MAX>
		<WAVELENGTH>[0.485, 0.56, 0.66, 0.83, 1.65, 2.215]</WAVELENGTH>
		<MEAN_VALUE>[0.09080021619273906, 0.10262414447048254, 0.0802497025905994, 0.06680046459823323, 0.038841584435941864, 0.029507146396657878]</MEAN_VALUE>
		<CHECKBOX>2</CHECKBOX>
		<SD>[0.0030108760973047532, 0.0033776144344620116, 0.005515275964313129, 0.017495820102497034, 0.015048268495009077, 0.010257034671564575]</SD>
		<WAVELENGTH_UNIT>E-6m</WAVELENGTH_UNIT>
		<COLOR>#932f46</COLOR>
		<COVARIANCE_MATRIX>[[9.227256668964401e-06, 6.891959401400527e-06, 1.3844349268765654e-05, 3.746087531908415e-05, 3.087658478762023e-05, 2.0771090930793434e-05], [6.891959401400527e-06, 1.1611998161242809e-05, 1.5293304386432283e-05, 3.263748294557445e-05, 2.8515971280285157e-05, 1.9245970179326832e-05], [1.3844349268765654e-05, 1.5293304386432283e-05, 3.096145155723207e-05, 8.185132901417091e-05, 6.570538971573114e-05, 4.380975224194117e-05], [3.746087531908415e-05, 3.263748294557445e-05, 8.185132901417091e-05, 0.00031156986369751394, 0.00023087057343218476, 0.00014676115824840963], [3.087658478762023e-05, 2.8515971280285157e-05, 6.570538971573114e-05, 0.00023087057343218476, 0.00023049414448905736, 0.00014602779992856085], [2.0771090930793434e-05, 1.9245970179326832e-05, 4.380975224194117e-05, 0.00014676115824840963, 0.00014602779992856085, 0.00010708545596571639]]</COVARIANCE_MATRIX>
		<ROI_SIZE>57</ROI_SIZE>
		<MAX_VALUE>[0.10035073757171631, 0.11498119682073593, 0.09803371876478195, 0.12049257010221481, 0.08560143411159515, 0.05909363180398941]</MAX_VALUE>
		<MIN_VALUE>[0.08538029342889786, 0.09426496177911758, 0.07344286888837814, 0.04876327142119408, 0.02402658201754093, 0.021196335554122925]</MIN_VALUE>
		<SIGNATURE_THRESHOLD_MD>0.0</SIGNATURE_THRESHOLD_MD>
		<SIGNATURE_THRESHOLD_ML>0.0</SIGNATURE_THRESHOLD_ML>
		<SIGNATURE_THRESHOLD_SAM>0.0</SIGNATURE_THRESHOLD_SAM>
	</signature>
	<signature ID="20220209_144707209210_488">
		<MACROCLASSID>1</MACROCLASSID>
		<MACROCLASSINFO>waterbody</MACROCLASSINFO>
		<CLASSID>16</CLASSID>
		<CLASSINFO>C 1</CLASSINFO>
		<VALUES>[0.12654899513082843, 0.004595455005204109, 0.1574706052030836, 0.009365795110478919, 0.15902296826243403, 0.010482320182586154, 0.11634495561676367, 0.04057290238118728, 0.10900616805468286, 0.06118150504651435, 0.08965960357870374, 0.05001997920911175]</VALUES>
		<LCS_MIN>[0.11396021395921707, 0.13865689933300018, 0.14175081253051758, 0.07608871161937714, 0.0460175983607769, 0.033828772604465485]</LCS_MIN>
