<?xml version="1.0" ?>
<signaturelist MCID_LIST="[['1', 'waterbody', '#000000'], ['2', 'vegetation', '#000000'], ['3', 'bareland', '#000000'], ['4', 'built-up', '#000000']]">
	<signature ID="20220228_085456710513_260">
		<MACROCLASSID>1</MACROCLASSID>
		<MACROCLASSINFO>waterbody</MACROCLASSINFO>
		<CLASSID>1</CLASSID>
		<CLASSINFO>C 1</CLASSINFO>
		<VALUES>[0.10153607423267054, 0.0027867955884643874, 0.09691415612976402, 0.004646273565773133, 0.09523530304431913, 0.00605484532230734, 0.07920139315988749, 0.011485349498527964, 0.04239972393899676, 0.013028615589274442, 0.03466923293777772, 0.01057444299452308]</VALUES>
		<LCS_MIN>[0.09626789391040802, 0.08834604173898697, 0.0843721404671669, 0.05901031941175461, 0.017429275438189507, 0.011722015216946602]</LCS_MIN>
		<LCS_MAX>[0.10987736284732819, 0.10906225442886353, 0.1116953119635582, 0.09999848157167435, 0.06800861656665802, 0.0622517354786396]</LCS_MAX>
		<WAVELENGTH>[0.485, 0.56, 0.66, 0.83, 1.65, 2.215]</WAVELENGTH>
		<MEAN_VALUE>[0.10153607423267054, 0.09691415612976402, 0.09523530304431913, 0.07920139315988749, 0.04239972393899676, 0.03466923293777772]</MEAN_VALUE>
		<CHECKBOX>2</CHECKBOX>
		<SD>[0.0027867955884643874, 0.004646273565773133, 0.00605484532230734, 0.011485349498527964, 0.013028615589274442, 0.01057444299452308]</SD>
		<WAVELENGTH_UNIT>E-6m</WAVELENGTH_UNIT>
		<COLOR>#2d38fe</COLOR>
		<COVARIANCE_MATRIX>[[7.829369678802323e-06, 1.0390817806182895e-05, 1.4076421393838245e-05, 1.804929161153268e-05, 2.0869183572358452e-05, 1.8424099835101515e-05], [1.0390817806182895e-05, 2.1763369659311138e-05, 2.3448981664841995e-05, 2.6286126740160398e-05, 3.088002267759293e-05, 2.6174158847425133e-05], [1.4076421393838245e-05, 2.3448981664841995e-05, 3.695920895552263e-05, 4.39119030488655e-05, 4.88050609419588e-05, 4.20081451011356e-05], [1.804929161153268e-05, 2.6286126740160398e-05, 4.39119030488655e-05, 0.0001329857186647132, 0.00012603956565726548, 9.663893433753401e-05], [2.0869183572358452e-05, 3.088002267759293e-05, 4.88050609419588e-05, 0.00012603956565726548, 0.00017112486239057034, 0.00012022701412206516], [1.8424099835101515e-05, 2.6174158847425133e-05, 4.20081451011356e-05, 9.663893433753401e-05, 0.00012022701412206516, 0.0001127279392676428]]</COVARIANCE_MATRIX>
		<ROI_SIZE>124</ROI_SIZE>
		<MAX_VALUE>[0.10987736284732819, 0.10906225442886353, 0.1116953119635582, 0.09999848157167435, 0.06800861656665802, 0.0622517354786396]</MAX_VALUE>
		<MIN_VALUE>[0.09626789391040802, 0.08834604173898697, 0.0843721404671669, 0.05901031941175461, 0.017429275438189507, 0.011722015216946602]</MIN_VALUE>
		<SIGNATURE_THRESHOLD_MD>0.0</SIGNATURE_THRESHOLD_MD>
		<SIGNATURE_THRESHOLD_ML>0.0</SIGNATURE_THRESHOLD_ML>
		<SIGNATURE_THRESHOLD_SAM>0.0</SIGNATURE_THRESHOLD_SAM>
	</signature>
	<signature ID="20220228_085504994506_467">
		<MACROCLASSID>1</MACROCLASSID>
		<MACROCLASSINFO>waterbody</MACROCLASSINFO>
		<CLASSID>2</CLASSID>
		<CLASSINFO>C 1</CLASSINFO>
		<VALUES>[0.10236868801815757, 0.006399605892810676, 0.09640801800736065, 0.0075310111666704194, 0.09190956682994447, 0.011154372160130707, 0.09034035059398621, 0.017464347827208505, 0.06914608816391435, 0.015874983757710057, 0.06040043493026292, 0.014233063497206233]</VALUES>
		<LCS_MIN>[0.08810219913721085, 0.08242710679769516, 0.06797824054956436, 0.04534758999943733, 0.028424782678484917, 0.030670659616589546]</LCS_MIN>
		<LCS_MAX>[0.11532115936279297, 0.10906225442886353, 0.1089629977941513, 0.11366120725870132, 0.098796047270298, 0.08751660585403442]</LCS_MAX>
		<WAVELENGTH>[0.485, 0.56, 0.66, 0.83, 1.65, 2.215]</WAVELENGTH>
		<MEAN_VALUE>[0.10236868801815757, 0.09640801800736065, 0.09190956682994447, 0.09034035059398621, 0.06914608816391435, 0.06040043493026292]</MEAN_VALUE>
		<CHECKBOX>2</CHECKBOX>
		<SD>[0.006399605892810676, 0.0075310111666704194, 0.011154372160130707, 0.017464347827208505, 0.015874983757710057, 0.014233063497206233]</SD>
		<WAVELENGTH_UNIT>E-6m</WAVELENGTH_UNIT>
		<COLOR>#23419c</COLOR>
		<COVARIANCE_MATRIX>[[4.241763235768303e-05, 4.428452666616067e-05, 6.857776315882802e-05, 9.522684558760375e-05, 8.783610246609896e-05, 6.880008731968701e-05], [4.428452666616067e-05, 5.874170528841205e-05, 8.05929594207555e-05, 0.00011169225035700947, 9.881655569188297e-05, 8.121607970679179e-05], [6.857776315882802e-05, 8.05929594207555e-05, 0.00012886359763797373, 0.00018005716265179217, 0.00016150820010807365, 0.00012909424549434334], [9.522684558760375e-05, 0.00011169225035700947, 0.00018005716265179217, 0.00031589643913321197, 0.0002546948380768299, 0.00019491153943818063], [8.783610246609896e-05, 9.881655569188297e-05, 0.00016150820010807365, 0.0002546948380768299, 0.0002610156370792538, 0.00020854677131865174], [6.880008731968701e-05, 8.121607970679179e-05, 0.00012909424549434334, 0.00019491153943818063, 0.00020854677131865174, 0.00020981510169804096]]</COVARIANCE_MATRIX>
		<ROI_SIZE>29</ROI_SIZE>
		<MAX_VALUE>[0.11532115936279297, 0.10906225442886353, 0.1089629977941513, 0.11366120725870132, 0.098796047270298, 0.08751660585403442]</MAX_VALUE>
		<MIN_VALUE>[0.08810219913721085, 0.08242710679769516, 0.06797824054956436, 0.04534758999943733, 0.028424782678484917, 0.030670659616589546]</MIN_VALUE>
		<SIGNATURE_THRESHOLD_MD>0.0</SIGNATURE_THRESHOLD_MD>
		<SIGNATURE_THRESHOLD_ML>0.0</SIGNATURE_THRESHOLD_ML>
		<SIGNATURE_THRESHOLD_SAM>0.0</SIGNATURE_THRESHOLD_SAM>
	</signature>
	<signature ID="20220228_085512756483_438">
		<MACROCLASSID>1</MACROCLASSID>
		<MACROCLASSINFO>waterbody</MACROCLASSINFO>
		<CLASSID>3</CLASSID>
		<CLASSINFO>C 1</CLASSINFO>
		<VALUES>[0.10462129141750005, 0.003894276821167817, 0.09952055585795436, 0.007332907980933498, 0.09864614017564677, 0.00816616505675091, 0.08668910512893364, 0.012277618460632243, 0.0547381783675017, 0.016712804200598973, 0.047550203407119074, 0.015883395686274338]</VALUES>
		<LCS_MIN>[0.09490694105625153, 0.07946764677762985, 0.07890751212835312, 0.06242598965764046, 0.028424782678484917, 0.024354444816708565]</LCS_MIN>
		<LCS_MAX>[0.11396021395921707, 0.11794065684080124, 0.12262456864118576, 0.11366120725870132, 0.08120322972536087, 0.07488417625427246]</LCS_MAX>
		<WAVELENGTH>[0.485, 0.56, 0.66, 0.83, 1.65, 2.215]</WAVELENGTH>
		<MEAN_VALUE>[0.10462129141750005, 0.09952055585795436, 0.09864614017564677, 0.08668910512893364, 0.0547381783675017, 0.047550203407119074]</MEAN_VALUE>
		<CHECKBOX>2</CHECKBOX>
		<SD>[0.003894276821167817, 0.007332907980933498, 0.00816616505675091, 0.012277618460632243, 0.016712804200598973, 0.015883395686274338]</SD>
		<WAVELENGTH_UNIT>E-6m</WAVELENGTH_UNIT>
		<COLOR>#bfa90e</COLOR>
		<COVARIANCE_MATRIX>[[1.543145117466338e-05, 2.365678119531367e-05, 2.7608979507931508e-05, 1.3633531125378795e-05, 1.807666922104545e-05, 1.992481338675134e-05], [2.365678119531367e-05, 5.4714899306418374e-05, 5.4179410653887317e-05, 1.7440832380088978e-05, 1.536288436909672e-05, 1.9755576431634836e-05], [2.7608979507931508e-05, 5.4179410653887317e-05, 6.785618461435661e-05, 4.7753284889040515e-05, 5.676043656421825e-05, 6.002682857797481e-05], [1.3633531125378795e-05, 1.7440832380088978e-05, 4.7753284889040515e-05, 0.00015338447701651603, 0.00017937914526555687, 0.00016292875807266682], [1.807666922104545e-05, 1.536288436909672e-05, 5.676043656421825e-05, 0.00017937914526555687, 0.0002842181420419365, 0.0002552214718889445], [1.992481338675134e-05, 1.9755576431634836e-05, 6.002682857797481e-05, 0.00016292875807266682, 0.0002552214718889445, 0.0002567082701716572]]</COVARIANCE_MATRIX>
		<ROI_SIZE>58</ROI_SIZE>
		<MAX_VALUE>[0.11396021395921707, 0.11794065684080124, 0.12262456864118576, 0.11366120725870132, 0.08120322972536087, 0.07488417625427246]</MAX_VALUE>
		<MIN_VALUE>[0.09490694105625153, 0.07946764677762985, 0.07890751212835312, 0.06242598965764046, 0.028424782678484917, 0.024354444816708565]</MIN_VALUE>
		<SIGNATURE_THRESHOLD_MD>0.0</SIGNATURE_THRESHOLD_MD>
		<SIGNATURE_THRESHOLD_ML>0.0</SIGNATURE_THRESHOLD_ML>
		<SIGNATURE_THRESHOLD_SAM>0.0</SIGNATURE_THRESHOLD_SAM>
	</signature>
	<signature ID="20220228_085518391606_899">
		<MACROCLASSID>1</MACROCLASSID>
		<MACROCLASSINFO>waterbody</MACROCLASSINFO>
		<CLASSID>4</CLASSID>
		<CLASSINFO>C 1</CLASSINFO>
		<VALUES>[0.10726888208753534, 0.0039726709765432276, 0.10560956452455784, 0.0047566674877702825, 0.10266348388459948, 0.005860858688455199, 0.08927704062726763, 0.01175402219298783, 0.05982307499895493, 0.014248144036309165, 0.05128608819925123, 0.013470607510452813]</VALUES>
		<LCS_MIN>[0.10035073757171631, 0.1001838967204094, 0.09256908297538757, 0.06925735622644424, 0.041619397699832916, 0.030670659616589546]</LCS_MIN>
		<LCS_MAX>[0.11668210476636887, 0.11498119682073593, 0.11715994775295258, 0.11366120725870132, 0.087800532579422, 0.07804229110479355]</LCS_MAX>
		<WAVELENGTH>[0.485, 0.56, 0.66, 0.83, 1.65, 2.215]</WAVELENGTH>
		<MEAN_VALUE>[0.10726888208753534, 0.10560956452455784, 0.10266348388459948, 0.08927704062726763, 0.05982307499895493, 0.05128608819925123]</MEAN_VALUE>
		<CHECKBOX>2</CHECKBOX>
		<SD>[0.0039726709765432276, 0.0047566674877702825, 0.005860858688455199, 0.01175402219298783, 0.014248144036309165, 0.013470607510452813]</SD>
		<WAVELENGTH_UNIT>E-6m</WAVELENGTH_UNIT>
		<COLOR>#8423d7</COLOR>
		<COVARIANCE_MATRIX>[[1.6233032511081547e-05, 1.605315992492251e-05, 1.922133560583461e-05, 2.9142065613996238e-05, 3.5928616853198037e-05, 3.2716128771426156e-05], [1.605315992492251e-05, 2.3272339603863657e-05, 2.522122122172732e-05, 3.8171911000972614e-05, 5.070164115750231e-05, 4.731008084490895e-05], [1.922133560583461e-05, 2.522122122172732e-05, 3.533108247211203e-05, 5.2122555644018576e-05, 6.267114804359153e-05, 6.0354774177540094e-05], [2.9142065613996238e-05, 3.8171911000972614e-05, 5.2122555644018576e-05, 0.00014210438530426472, 0.0001279923744732514, 0.00011330724373692647], [3.5928616853198037e-05, 5.070164115750231e-05, 6.267114804359153e-05, 0.0001279923744732514, 0.00020880988449789584, 0.00017158564878627658], [3.2716128771426156e-05, 4.731008084490895e-05, 6.0354774177540094e-05, 0.00011330724373692647, 0.00017158564878627658, 0.00018664175877347589]]</COVARIANCE_MATRIX>
		<ROI_SIZE>36</ROI_SIZE>
		<MAX_VALUE>[0.11668210476636887, 0.11498119682073593, 0.11715994775295258, 0.11366120725870132, 0.087800532579422, 0.07804229110479355]</MAX_VALUE>
		<MIN_VALUE>[0.10035073757171631, 0.1001838967204094, 0.09256908297538757, 0.06925735622644424, 0.041619397699832916, 0.030670659616589546]</MIN_VALUE>
		<SIGNATURE_THRESHOLD_MD>0.0</SIGNATURE_THRESHOLD_MD>
		<SIGNATURE_THRESHOLD_ML>0.0</SIGNATURE_THRESHOLD_ML>
		<SIGNATURE_THRESHOLD_SAM>0.0</SIGNATURE_THRESHOLD_SAM>
	</signature>
	<signature ID="20220228_085528857620_472">
		<MACROCLASSID>1</MACROCLASSID>
		<MACROCLASSINFO>waterbody</MACROCLASSINFO>
		<CLASSID>5</CLASSID>
		<CLASSINFO>C 1</CLASSINFO>
		<VALUES>[0.10967064111293118, 0.005704932996198916, 0.10894988260314434, 0.007786595939160345, 0.10927427286588692, 0.00988490709024274, 0.10752162808858894, 0.0190012340601195, 0.07819686547110354, 0.01958883404448207, 0.06493013658666912, 0.01574721637317639]</VALUES>
		<LCS_MIN>[0.09490694105625153, 0.08242710679769516, 0.08163982629776001, 0.07608871161937714, 0.037221189588308334, 0.030670659616589546]</LCS_MIN>
		<LCS_MAX>[0.12348684668540955, 0.12385956943035126, 0.13082154095172882, 0.15123368799686432, 0.1141897514462471, 0.0969909280538559]</LCS_MAX>
		<WAVELENGTH>[0.485, 0.56, 0.66, 0.83, 1.65, 2.215]</WAVELENGTH>
		<MEAN_VALUE>[0.10967064111293118, 0.10894988260314434, 0.10927427286588692, 0.10752162808858894, 0.07819686547110354, 0.06493013658666912]</MEAN_VALUE>
		<CHECKBOX>2</CHECKBOX>
		<SD>[0.005704932996198916, 0.007786595939160345, 0.00988490709024274, 0.0190012340601195, 0.01958883404448207, 0.01574721637317639]</SD>
		<WAVELENGTH_UNIT>E-6m</WAVELENGTH_UNIT>
		<COLOR>#84c660</COLOR>
		<COVARIANCE_MATRIX>[[3.296351860626601e-05, 4.0356495446758345e-05, 5.241082180873491e-05, 6.725104321958497e-05, 6.275787018239498e-05, 5.676569708157331e-05], [4.0356495446758345e-05, 6.140839832369238e-05, 7.208546594483778e-05, 7.809625822119415e-05, 6.532348197652027e-05, 6.033690078766085e-05], [5.241082180873491e-05, 7.208546594483778e-05, 9.896409756038338e-05, 0.00012230384163558483, 0.00011002784594893456, 9.805669105844572e-05], [6.725104321958497e-05, 7.809625822119415e-05, 0.00012230384163558483, 0.0003656756889540702, 0.00031055655563250184, 0.00024124779156409204], [6.275787018239498e-05, 6.532348197652027e-05, 0.00011002784594893456, 0.00031055655563250184, 0.00038864192902110517, 0.0002874692145269364], [5.676569708157331e-05, 6.033690078766085e-05, 9.805669105844572e-05, 0.00024124779156409204, 0.0002874692145269364, 0.0002511539787519723]]</COVARIANCE_MATRIX>
		<ROI_SIZE>79</ROI_SIZE>
		<MAX_VALUE>[0.12348684668540955, 0.12385956943035126, 0.13082154095172882, 0.15123368799686432, 0.1141897514462471, 0.0969909280538559]</MAX_VALUE>
		<MIN_VALUE>[0.09490694105625153, 0.08242710679769516, 0.08163982629776001, 0.07608871161937714, 0.037221189588308334, 0.030670659616589546]</MIN_VALUE>
		<SIGNATURE_THRESHOLD_MD>0.0</SIGNATURE_THRESHOLD_MD>
		<SIGNATURE_THRESHOLD_ML>0.0</SIGNATURE_THRESHOLD_ML>
		<SIGNATURE_THRESHOLD_SAM>0.0</SIGNATURE_THRESHOLD_SAM>
	</signature>
	<signature ID="20220228_085537022003_109">
		<MACROCLASSID>1</MACROCLASSID>
		<MACROCLASSINFO>waterbody</MACROCLASSINFO>
		<CLASSID>6</CLASSID>
		<CLASSINFO>C 1</CLASSINFO>
		<VALUES>[0.10604654997587204, 0.004729528874947061, 0.10265010098616283, 0.005335244185305298, 0.10015886083797172, 0.0077400789156102795, 0.08892914666621773, 0.012349315719020046, 0.05469183672081543, 0.01286759532267379, 0.04669513418856595, 0.011171414447225332]</VALUES>
		<LCS_MIN>[0.09898978471755981, 0.09130550175905228, 0.08710445463657379, 0.0658416673541069, 0.03502208739519119, 0.030670659616589546]</LCS_MIN>
		<LCS_MAX>[0.11940401047468185, 0.11794065684080124, 0.11989226937294006, 0.12049257010221481, 0.08120322972536087, 0.06856796145439148]</LCS_MAX>
		<WAVELENGTH>[0.485, 0.56, 0.66, 0.83, 1.65, 2.215]</WAVELENGTH>
		<MEAN_VALUE>[0.10604654997587204, 0.10265010098616283, 0.10015886083797172, 0.08892914666621773, 0.05469183672081543, 0.04669513418856595]</MEAN_VALUE>
		<CHECKBOX>2</CHECKBOX>
		<SD>[0.004729528874947061, 0.005335244185305298, 0.0077400789156102795, 0.012349315719020046, 0.01286759532267379, 0.011171414447225332]</SD>
		<WAVELENGTH_UNIT>E-6m</WAVELENGTH_UNIT>
		<COLOR>#2d7bc1</COLOR>
		<COVARIANCE_MATRIX>[[2.279048931086436e-05, 2.277281782880891e-05, 3.3482483559055254e-05, 2.547127951402217e-05, 3.611514694057405e-05, 3.09181195916608e-05], [2.277281782880891e-05, 2.900190338550601e-05, 3.860010110656731e-05, 2.037608101090882e-05, 3.8005178794264793e-05, 3.1330659112427384e-05], [3.3482483559055254e-05, 3.860010110656731e-05, 6.103917985456064e-05, 3.5941753594670445e-05, 5.8196954341838136e-05, 4.540602458291687e-05], [2.547127951402217e-05, 2.037608101090882e-05, 3.5941753594670445e-05, 0.0001553830661578104, 0.0001227733155246824, 0.00010073978046420962], [3.611514694057405e-05, 3.8005178794264793e-05, 5.8196954341838136e-05, 0.0001227733155246824, 0.00016869907267391682, 0.00012857714318670332], [3.09181195916608e-05, 3.1330659112427384e-05, 4.540602458291687e-05, 0.00010073978046420962, 0.00012857714318670332, 0.00012715523189399391]]</COVARIANCE_MATRIX>
		<ROI_SIZE>54</ROI_SIZE>
		<MAX_VALUE>[0.11940401047468185, 0.11794065684080124, 0.11989226937294006, 0.12049257010221481, 0.08120322972536087, 0.06856796145439148]</MAX_VALUE>
		<MIN_VALUE>[0.09898978471755981, 0.09130550175905228, 0.08710445463657379, 0.0658416673541069, 0.03502208739519119, 0.030670659616589546]</MIN_VALUE>
		<SIGNATURE_THRESHOLD_MD>0.0</SIGNATURE_THRESHOLD_MD>
		<SIGNATURE_THRESHOLD_ML>0.0</SIGNATURE_THRESHOLD_ML>
		<SIGNATURE_THRESHOLD_SAM>0.0</SIGNATURE_THRESHOLD_SAM>
	</signature>
	<signature ID="20220228_085552081028_331">
		<MACROCLASSID>1</MACROCLASSID>
		<MACROCLASSINFO>waterbody</MACROCLASSINFO>
		<CLASSID>7</CLASSID>
		<CLASSINFO>C 1</CLASSINFO>
		<VALUES>[0.10280529822089841, 0.005409780607506578, 0.09880984740863955, 0.00921488642158244, 0.09703350286664708, 0.009583967781592491, 0.08764713643384832, 0.013441703415870766, 0.0641798275423103, 0.017159806456241003, 0.05906543524802796, 0.0154628454337621]</VALUES>
		<LCS_MIN>[0.09218504279851913, 0.07946764677762985, 0.07344286888837814, 0.05901031941175461, 0.028424782678484917, 0.024354444816708565]</LCS_MIN>
		<LCS_MAX>[0.11940401047468185, 0.11794065684080124, 0.12535689771175385, 0.11366120725870132, 0.09439785778522491, 0.08435849845409393]</LCS_MAX>
		<WAVELENGTH>[0.485, 0.56, 0.66, 0.83, 1.65, 2.215]</WAVELENGTH>
		<MEAN_VALUE>[0.10280529822089841, 0.09880984740863955, 0.09703350286664708, 0.08764713643384832, 0.0641798275423103, 0.05906543524802796]</MEAN_VALUE>
		<CHECKBOX>2</CHECKBOX>
		<SD>[0.005409780607506578, 0.00921488642158244, 0.009583967781592491, 0.013441703415870766, 0.017159806456241003, 0.0154628454337621]</SD>
		<WAVELENGTH_UNIT>E-6m</WAVELENGTH_UNIT>
		<COLOR>#2ba21e</COLOR>
		<COVARIANCE_MATRIX>[[2.9529381208703853e-05, 4.418776006787084e-05, 4.776973946718499e-05, 2.6528075977694243e-05, 8.431149581156205e-06, 1.6874710127012804e-05], [4.418776006787084e-05, 8.567912300350145e-05, 8.370036084670573e-05, 2.1306730559444986e-05, -1.3751313417742494e-05, 3.1605427466274705e-06], [4.776973946718499e-05, 8.370036084670573e-05, 9.267994028050452e-05, 4.798712325282395e-05, 1.6489469999214634e-05, 2.920116821769625e-05], [2.6528075977694243e-05, 2.1306730559444986e-05, 4.798712325282395e-05, 0.00018230713612865657, 0.00020097247033845633, 0.00018225166422780603], [8.431149581156205e-06, -1.3751313417742494e-05, 1.6489469999214634e-05, 0.00020097247033845633, 0.00029711175011470914, 0.00024428009055554867], [1.6874710127012804e-05, 3.1605427466274705e-06, 2.920116821769625e-05, 0.00018225166422780603, 0.00024428009055554867, 0.00024125364143401384]]</COVARIANCE_MATRIX>
		<ROI_SIZE>112</ROI_SIZE>
		<MAX_VALUE>[0.11940401047468185, 0.11794065684080124, 0.12535689771175385, 0.11366120725870132, 0.09439785778522491, 0.08435849845409393]</MAX_VALUE>
		<MIN_VALUE>[0.09218504279851913, 0.07946764677762985, 0.07344286888837814, 0.05901031941175461, 0.028424782678484917, 0.024354444816708565]</MIN_VALUE>
		<SIGNATURE_THRESHOLD_MD>0.0</SIGNATURE_THRESHOLD_MD>
		<SIGNATURE_THRESHOLD_ML>0.0</SIGNATURE_THRESHOLD_ML>
		<SIGNATURE_THRESHOLD_SAM>0.0</SIGNATURE_THRESHOLD_SAM>
	</signature>
	<signature ID="20220228_085608971381_824">
		<MACROCLASSID>1</MACROCLASSID>
		<MACROCLASSINFO>waterbody</MACROCLASSINFO>
		<CLASSID>8</CLASSID>
		<CLASSINFO>C 1</CLASSINFO>
		<VALUES>[0.10428235762649114, 0.0037101977813954936, 0.10270490580134922, 0.005445295022264658, 0.10046245005947571, 0.006808833228786461, 0.09557074777506015, 0.012220835071471921, 0.07069641275814285, 0.015233867752043724, 0.05991240132048175, 0.012751545925241655]</VALUES>
		<LCS_MIN>[0.09762883931398392, 0.08834604173898697, 0.0843721404671669, 0.06925735622644424, 0.04381849989295006, 0.030670659616589546]</LCS_MIN>
		<LCS_MAX>[0.11259926110506058, 0.11498119682073593, 0.11715994775295258, 0.11707688122987747, 0.09659694880247116, 0.08120038360357285]</LCS_MAX>
		<WAVELENGTH>[0.485, 0.56, 0.66, 0.83, 1.65, 2.215]</WAVELENGTH>
		<MEAN_VALUE>[0.10428235762649114, 0.10270490580134922, 0.10046245005947571, 0.09557074777506015, 0.07069641275814285, 0.05991240132048175]</MEAN_VALUE>
		<CHECKBOX>2</CHECKBOX>
		<SD>[0.0037101977813954936, 0.005445295022264658, 0.006808833228786461, 0.012220835071471921, 0.015233867752043724, 0.012751545925241655]</SD>
		<WAVELENGTH_UNIT>E-6m</WAVELENGTH_UNIT>
		<COLOR>#3c0738</COLOR>
		<COVARIANCE_MATRIX>[[1.4025295058672782e-05, 1.657508619246073e-05, 2.2264466679189354e-05, 2.2560625438927673e-05, 1.9500652342685498e-05, 2.0967479940736666e-05], [1.657508619246073e-05, 3.0210694603738375e-05, 3.358225876581855e-05, 1.8048502170131542e-05, 8.322789653902873e-06, 1.764758962963242e-05], [2.2264466679189354e-05, 3.358225876581855e-05, 4.723493111669086e-05, 3.5785229556495324e-05, 2.5092705982387997e-05, 3.232693052268587e-05], [2.2560625438927673e-05, 1.8048502170131542e-05, 3.5785229556495324e-05, 0.00015216671454254538, 0.00016079502529464662, 0.00012927170610055327], [1.9500652342685498e-05, 8.322789653902873e-06, 2.5092705982387997e-05, 0.00016079502529464662, 0.0002364494139328599, 0.00017767268582247198], [2.0967479940736666e-05, 1.764758962963242e-05, 3.232693052268587e-05, 0.00012927170610055327, 0.00017767268582247198, 0.00016566988779231906]]</COVARIANCE_MATRIX>
		<ROI_SIZE>54</ROI_SIZE>
		<MAX_VALUE>[0.11259926110506058, 0.11498119682073593, 0.11715994775295258, 0.11707688122987747, 0.09659694880247116, 0.08120038360357285]</MAX_VALUE>
		<MIN_VALUE>[0.09762883931398392, 0.08834604173898697, 0.0843721404671669, 0.06925735622644424, 0.04381849989295006, 0.030670659616589546]</MIN_VALUE>
		<SIGNATURE_THRESHOLD_MD>0.0</SIGNATURE_THRESHOLD_MD>
		<SIGNATURE_THRESHOLD_ML>0.0</SIGNATURE_THRESHOLD_ML>
		<SIGNATURE_THRESHOLD_SAM>0.0</SIGNATURE_THRESHOLD_SAM>
	</signature>
	<signature ID="20220228_085617549112_340">
		<MACROCLASSID>1</MACROCLASSID>
		<MACROCLASSINFO>waterbody</MACROCLASSINFO>
		<CLASSID>9</CLASSID>
		<CLASSINFO>C 1</CLASSINFO>
		<VALUES>[0.10423562025482005, 0.0046599885520483796, 0.10292811271819202, 0.005289666604760698, 0.10161057724194093, 0.007347717052274548, 0.09422287609089505, 0.01628196178094951, 0.07040764076465911, 0.021714483426964765, 0.05920847386799076, 0.01765013582923833]</VALUES>
		<LCS_MIN>[0.09626789391040802, 0.09130550175905228, 0.08983677625656128, 0.06242598965764046, 0.030623888596892357, 0.027512552216649055]</LCS_MIN>
		<LCS_MAX>[0.11940401047468185, 0.11794065684080124, 0.12262456864118576, 0.1273239254951477, 0.10759244859218597, 0.09067471325397491]</LCS_MAX>
		<WAVELENGTH>[0.485, 0.56, 0.66, 0.83, 1.65, 2.215]</WAVELENGTH>
		<MEAN_VALUE>[0.10423562025482005, 0.10292811271819202, 0.10161057724194093, 0.09422287609089505, 0.07040764076465911, 0.05920847386799076]</MEAN_VALUE>
		<CHECKBOX>2</CHECKBOX>
		<SD>[0.0046599885520483796, 0.005289666604760698, 0.007347717052274548, 0.01628196178094951, 0.021714483426964765, 0.01765013582923833]</SD>
		<WAVELENGTH_UNIT>E-6m</WAVELENGTH_UNIT>
		<COLOR>#84fe6e</COLOR>
		<COVARIANCE_MATRIX>[[2.2117632397566922e-05, 2.1139165255590342e-05, 3.129584001726471e-05, 5.229398448136635e-05, 7.148104486986995e-05, 5.812601375509985e-05], [2.1139165255590342e-05, 2.849873089871835e-05, 3.5075518098892644e-05, 4.684316445491277e-05, 6.777681119274348e-05, 5.679523019352928e-05], [3.129584001726471e-05, 3.5075518098892644e-05, 5.498874088516459e-05, 9.120930917561054e-05, 0.000124563041026704, 0.00010121152445208281], [5.229398448136635e-05, 4.684316445491277e-05, 9.120930917561054e-05, 0.00027001157286576927, 0.00032834053854458034, 0.00025437193107791245], [7.148104486986995e-05, 6.777681119274348e-05, 0.000124563041026704, 0.00032834053854458034, 0.00048025063006207347, 0.0003710197634063661], [5.812601375509985e-05, 5.679523019352928e-05, 0.00010121152445208281, 0.00025437193107791245, 0.0003710197634063661, 0.0003172963042743504]]</COVARIANCE_MATRIX>
		<ROI_SIZE>55</ROI_SIZE>
		<MAX_VALUE>[0.11940401047468185, 0.11794065684080124, 0.12262456864118576, 0.1273239254951477, 0.10759244859218597, 0.09067471325397491]</MAX_VALUE>
		<MIN_VALUE>[0.09626789391040802, 0.09130550175905228, 0.08983677625656128, 0.06242598965764046, 0.030623888596892357, 0.027512552216649055]</MIN_VALUE>
		<SIGNATURE_THRESHOLD_MD>0.0</SIGNATURE_THRESHOLD_MD>
		<SIGNATURE_THRESHOLD_ML>0.0</SIGNATURE_THRESHOLD_ML>
		<SIGNATURE_THRESHOLD_SAM>0.0</SIGNATURE_THRESHOLD_SAM>
	</signature>
	<signature ID="20220228_085623667805_434">
		<MACROCLASSID>1</MACROCLASSID>
		<MACROCLASSINFO>waterbody</MACROCLASSINFO>
		<CLASSID>10</CLASSID>
		<CLASSINFO>C 1</CLASSINFO>
		<VALUES>[0.1001386364752596, 0.0039301347645758255, 0.09733972495252435, 0.0071295853108589, 0.09349169156381061, 0.008030980729096393, 0.08331931377579639, 0.011064292122030745, 0.05455697175454009, 0.015198573719631528, 0.04818380495847818, 0.012750264034213895]</VALUES>
		<LCS_MIN>[0.09082408994436264, 0.07650818675756454, 0.07617519795894623, 0.06242598965764046, 0.028424782678484917, 0.027512552216649055]</LCS_MIN>
		<LCS_MAX>[0.10851640999317169, 0.11202173680067062, 0.1116953119635582, 0.10341416299343109, 0.08120322972536087, 0.07488417625427246]</LCS_MAX>
		<WAVELENGTH>[0.485, 0.56, 0.66, 0.83, 1.65, 2.215]</WAVELENGTH>
		<MEAN_VALUE>[0.1001386364752596, 0.09733972495252435, 0.09349169156381061, 0.08331931377579639, 0.05455697175454009, 0.04818380495847818]</MEAN_VALUE>
		<CHECKBOX>2</CHECKBOX>
		<SD>[0.0039301347645758255, 0.0071295853108589, 0.008030980729096393, 0.011064292122030745, 0.015198573719631528, 0.012750264034213895]</SD>
		<WAVELENGTH_UNIT>E-6m</WAVELENGTH_UNIT>
		<COLOR>#333cc0</COLOR>
		<COVARIANCE_MATRIX>[[1.564919512020424e-05, 2.3183893063105643e-05, 2.803837378451135e-05, 1.5010108654678334e-05, 1.2428133231878746e-05, 1.4282160918810405e-05], [2.3183893063105643e-05, 5.149981370777823e-05, 5.085646625957452e-05, 7.268770787050016e-06, -4.67983454655041e-06, 3.1191505058814073e-06], [2.803837378451135e-05, 5.085646625957452e-05, 6.534528802148998e-05, 3.5238535929238424e-05, 3.107411248493008e-05, 3.0634855647804216e-05], [1.5010108654678334e-05, 7.268770787050016e-06, 3.5238535929238424e-05, 0.00012402933498378843, 0.0001549778098706156, 0.00012094183330191299], [1.2428133231878746e-05, -4.67983454655041e-06, 3.107411248493008e-05, 0.0001549778098706156, 0.00023403606610372663, 0.00017124081205110997], [1.4282160918810405e-05, 3.1191505058814073e-06, 3.0634855647804216e-05, 0.00012094183330191299, 0.00017124081205110997, 0.00016470829723402858]]</COVARIANCE_MATRIX>
		<ROI_SIZE>77</ROI_SIZE>
		<MAX_VALUE>[0.10851640999317169, 0.11202173680067062, 0.1116953119635582, 0.10341416299343109, 0.08120322972536087, 0.07488417625427246]</MAX_VALUE>
		<MIN_VALUE>[0.09082408994436264, 0.07650818675756454, 0.07617519795894623, 0.06242598965764046, 0.028424782678484917, 0.027512552216649055]</MIN_VALUE>
		<SIGNATURE_THRESHOLD_MD>0.0</SIGNATURE_THRESHOLD_MD>
		<SIGNATURE_THRESHOLD_ML>0.0</SIGNATURE_THRESHOLD_ML>
		<SIGNATURE_THRESHOLD_SAM>0.0</SIGNATURE_THRESHOLD_SAM>
	</signature>
	<signature ID="20220228_085634133850_157">
		<MACROCLASSID>1</MACROCLASSID>
		<MACROCLASSINFO>waterbody</MACROCLASSINFO>
		<CLASSID>11</CLASSID>
		<CLASSINFO>C 1</CLASSINFO>
		<VALUES>[0.1003112856676613, 0.0031512548993260464, 0.0994547405752583, 0.004843426822769625, 0.09399464672458344, 0.00591362720534063, 0.07737578451633452, 0.011337506051410729, 0.04544392244323439, 0.014259932608512856, 0.03909228227870622, 0.01315557844626084]</VALUES>
		<LCS_MIN>[0.09490694105625153, 0.09130550175905228, 0.0843721404671669, 0.05901031941175461, 0.02182747982442379, 0.014880121685564518]</LCS_MIN>
		<LCS_MAX>[0.11259926110506058, 0.11498119682073593, 0.11715994775295258, 0.11366120725870132, 0.07680503278970718, 0.07172606885433197]</LCS_MAX>
		<WAVELENGTH>[0.485, 0.56, 0.66, 0.83, 1.65, 2.215]</WAVELENGTH>
		<MEAN_VALUE>[0.1003112856676613, 0.0994547405752583, 0.09399464672458344, 0.07737578451633452, 0.04544392244323439, 0.03909228227870622]</MEAN_VALUE>
		<CHECKBOX>2</CHECKBOX>
		<SD>[0.0031512548993260464, 0.004843426822769625, 0.00591362720534063, 0.011337506051410729, 0.014259932608512856, 0.01315557844626084]</SD>
		<WAVELENGTH_UNIT>E-6m</WAVELENGTH_UNIT>
		<COLOR>#89659c</COLOR>
		<COVARIANCE_MATRIX>[[1.0076442777062766e-05, 1.1698444723151624e-05, 1.531401176180225e-05, 2.2952521248953417e-05, 2.207139550591819e-05, 2.1890395146328956e-05], [1.1698444723151624e-05, 2.3803764634067193e-05, 2.412413596175611e-05, 2.3845201212679967e-05, 2.1779844246339053e-05, 2.4511118681402877e-05], [1.531401176180225e-05, 2.412413596175611e-05, 3.548526728991419e-05, 4.589981472236104e-05, 4.6778306568739936e-05, 4.7586152504663914e-05], [2.2952521248953417e-05, 2.3845201212679967e-05, 4.589981472236104e-05, 0.00013042932550888509, 0.00011430439190007746, 0.00010194857168244198], [2.207139550591819e-05, 2.1779844246339053e-05, 4.6778306568739936e-05, 0.00011430439190007746, 0.00020633605890907347, 0.00018537025607656687], [2.1890395146328956e-05, 2.4511118681402877e-05, 4.7586152504663914e-05, 0.00010194857168244198, 0.00018537025607656687, 0.0001756143756210804]]</COVARIANCE_MATRIX>
		<ROI_SIZE>69</ROI_SIZE>
		<MAX_VALUE>[0.11259926110506058, 0.11498119682073593, 0.11715994775295258, 0.11366120725870132, 0.07680503278970718, 0.07172606885433197]</MAX_VALUE>
		<MIN_VALUE>[0.09490694105625153, 0.09130550175905228, 0.0843721404671669, 0.05901031941175461, 0.02182747982442379, 0.014880121685564518]</MIN_VALUE>
		<SIGNATURE_THRESHOLD_MD>0.0</SIGNATURE_THRESHOLD_MD>
		<SIGNATURE_THRESHOLD_ML>0.0</SIGNATURE_THRESHOLD_ML>
		<SIGNATURE_THRESHOLD_SAM>0.0</SIGNATURE_THRESHOLD_SAM>
	</signature>
	<signature ID="20220228_085641181129_497">
		<MACROCLASSID>1</MACROCLASSID>
		<MACROCLASSINFO>waterbody</MACROCLASSINFO>
		<CLASSID>12</CLASSID>
		<CLASSINFO>C 1</CLASSINFO>
		<VALUES>[0.10089079172365246, 0.00367379400333447, 0.09877461632565847, 0.0051356131856468675, 0.09582184976528559, 0.006847810675554323, 0.09501050459960152, 0.015151537238515124, 0.06336607204543221, 0.020692978588752402, 0.05067201171602521, 0.01751594670663667]</VALUES>
		<LCS_MIN>[0.09490694105625153, 0.09130550175905228, 0.0843721404671669, 0.07267303764820099, 0.028424782678484917, 0.021196335554122925]</LCS_MIN>
		<LCS_MAX>[0.11259926110506058, 0.11498119682073593, 0.11989226937294006, 0.13073961436748505, 0.11638887226581573, 0.08751660585403442]</LCS_MAX>
		<WAVELENGTH>[0.485, 0.56, 0.66, 0.83, 1.65, 2.215]</WAVELENGTH>
		<MEAN_VALUE>[0.10089079172365246, 0.09877461632565847, 0.09582184976528559, 0.09501050459960152, 0.06336607204543221, 0.05067201171602521]</MEAN_VALUE>
		<CHECKBOX>2</CHECKBOX>
		<SD>[0.00367379400333447, 0.0051356131856468675, 0.006847810675554323, 0.015151537238515124, 0.020692978588752402, 0.01751594670663667]</SD>
		<WAVELENGTH_UNIT>E-6m</WAVELENGTH_UNIT>
		<COLOR>#a1c340</COLOR>
		<COVARIANCE_MATRIX>[[1.371445250697434e-05, 1.6689145923010074e-05, 2.202563155151438e-05, 2.792944542306941e-05, 3.667595956358127e-05, 3.484629633021541e-05], [1.6689145923010074e-05, 2.679991848708596e-05, 3.217705670977011e-05, 4.3563130020629615e-05, 5.0560680392663926e-05, 5.0198657845612615e-05], [2.202563155151438e-05, 3.217705670977011e-05, 4.764884215546772e-05, 6.902058521518484e-05, 8.56070255395025e-05, 7.863481732783839e-05], [2.792944542306941e-05, 4.3563130020629615e-05, 6.902058521518484e-05, 0.00023327181406784803, 0.0002883150882553309, 0.000216205749893561], [3.667595956358127e-05, 5.0560680392663926e-05, 8.56070255395025e-05, 0.0002883150882553309, 0.0004351058159954846, 0.0003312691405881196], [3.484629633021541e-05, 5.0198657845612615e-05, 7.863481732783839e-05, 0.000216205749893561, 0.0003312691405881196, 0.00031175691401585937]]</COVARIANCE_MATRIX>
		<ROI_SIZE>63</ROI_SIZE>
		<MAX_VALUE>[0.11259926110506058, 0.11498119682073593, 0.11989226937294006, 0.13073961436748505, 0.11638887226581573, 0.08751660585403442]</MAX_VALUE>
		<MIN_VALUE>[0.09490694105625153, 0.09130550175905228, 0.0843721404671669, 0.07267303764820099, 0.028424782678484917, 0.021196335554122925]</MIN_VALUE>
		<SIGNATURE_THRESHOLD_MD>0.0</SIGNATURE_THRESHOLD_MD>
		<SIGNATURE_THRESHOLD_ML>0.0</SIGNATURE_THRESHOLD_ML>
		<SIGNATURE_THRESHOLD_SAM>0.0</SIGNATURE_THRESHOLD_SAM>
	</signature>
	<signature ID="20220228_085651656995_706">
		<MACROCLASSID>1</MACROCLASSID>
		<MACROCLASSINFO>waterbody</MACROCLASSINFO>
		<CLASSID>13</CLASSID>
		<CLASSINFO>C 1</CLASSINFO>
		<VALUES>[0.09754810198131246, 0.004451750862478671, 0.0930109519700883, 0.0069181301411007055, 0.08902634213031345, 0.00893770794042273, 0.09212504851363476, 0.01711026412251998, 0.05643538046249394, 0.020566586901725078, 0.04102818442950561, 0.016670044555246198]</VALUES>
		<LCS_MIN>[0.08946314454078674, 0.07946764677762985, 0.07071055471897125, 0.055594637989997864, 0.02402658201754093, 0.014880121685564518]</LCS_MIN>
		<LCS_MAX>[0.11259926110506058, 0.11202173680067062, 0.11442764103412628, 0.1273239254951477, 0.098796047270298, 0.08435849845409393]</LCS_MAX>
		<WAVELENGTH>[0.485, 0.56, 0.66, 0.83, 1.65, 2.215]</WAVELENGTH>
		<MEAN_VALUE>[0.09754810198131246, 0.0930109519700883, 0.08902634213031345, 0.09212504851363476, 0.05643538046249394, 0.04102818442950561]</MEAN_VALUE>
		<CHECKBOX>2</CHECKBOX>
		<SD>[0.004451750862478671, 0.0069181301411007055, 0.00893770794042273, 0.01711026412251998, 0.020566586901725078, 0.016670044555246198]</SD>
		<WAVELENGTH_UNIT>E-6m</WAVELENGTH_UNIT>
		<COLOR>#850259</COLOR>
		<COVARIANCE_MATRIX>[[1.998747029574588e-05, 2.754081469902303e-05, 3.587991159292869e-05, 3.952725091949105e-05, 5.1164155593141913e-05, 4.922362131765112e-05], [2.754081469902303e-05, 4.826959047932178e-05, 5.8066380006494e-05, 4.913852899335325e-05, 6.357212987495586e-05, 7.165359420469031e-05], [3.587991159292869e-05, 5.8066380006494e-05, 8.056538354139775e-05, 8.25046154204756e-05, 0.00010532099986448884, 0.00010832565749296919], [3.952725091949105e-05, 4.913852899335325e-05, 8.25046154204756e-05, 0.000295263365842402, 0.0003146803064737469, 0.00024276183103211224], [5.1164155593141913e-05, 6.357212987495586e-05, 0.00010532099986448884, 0.0003146803064737469, 0.00042659975588321686, 0.0003220622311346233], [4.922362131765112e-05, 7.165359420469031e-05, 0.00010832565749296919, 0.00024276183103211224, 0.0003220622311346233, 0.00028026552172377706]]</COVARIANCE_MATRIX>
		<ROI_SIZE>118</ROI_SIZE>
		<MAX_VALUE>[0.11259926110506058, 0.11202173680067062, 0.11442764103412628, 0.1273239254951477, 0.098796047270298, 0.08435849845409393]</MAX_VALUE>
		<MIN_VALUE>[0.08946314454078674, 0.07946764677762985, 0.07071055471897125, 0.055594637989997864, 0.02402658201754093, 0.014880121685564518]</MIN_VALUE>
		<SIGNATURE_THRESHOLD_MD>0.0</SIGNATURE_THRESHOLD_MD>
		<SIGNATURE_THRESHOLD_ML>0.0</SIGNATURE_THRESHOLD_ML>
		<SIGNATURE_THRESHOLD_SAM>0.0</SIGNATURE_THRESHOLD_SAM>
	</signature>
	<signature ID="20220228_085656641947_302">
		<MACROCLASSID>1</MACROCLASSID>
		<MACROCLASSINFO>waterbody</MACROCLASSINFO>
		<CLASSID>14</CLASSID>
		<CLASSINFO>C 1</CLASSINFO>
		<VALUES>[0.09668309380442408, 0.002946252721063422, 0.09190742519952483, 0.004616387968820938, 0.08715076782440735, 0.005335558039377732, 0.08911461837716024, 0.011923406257460958, 0.049968530250302824, 0.013298442123875305, 0.03639807659438102, 0.01122184446043281]</VALUES>
		<LCS_MIN>[0.08946314454078674, 0.08242710679769516, 0.07617519795894623, 0.06925735622644424, 0.02402658201754093, 0.018038230016827583]</LCS_MIN>
		<LCS_MAX>[0.1057945266366005, 0.10314334183931351, 0.10349835455417633, 0.11707688122987747, 0.07900413870811462, 0.05909363180398941]</LCS_MAX>
		<WAVELENGTH>[0.485, 0.56, 0.66, 0.83, 1.65, 2.215]</WAVELENGTH>
		<MEAN_VALUE>[0.09668309380442408, 0.09190742519952483, 0.08715076782440735, 0.08911461837716024, 0.049968530250302824, 0.03639807659438102]</MEAN_VALUE>
		<CHECKBOX>2</CHECKBOX>
		<SD>[0.002946252721063422, 0.004616387968820938, 0.005335558039377732, 0.011923406257460958, 0.013298442123875305, 0.01122184446043281]</SD>
		<WAVELENGTH_UNIT>E-6m</WAVELENGTH_UNIT>
		<COLOR>#f05dc5</COLOR>
		<COVARIANCE_MATRIX>[[8.830067599774338e-06, 1.1551023817446548e-05, 1.299533778365003e-05, 8.444035302090924e-06, 1.2160367077740375e-05, 1.4698933227919042e-05], [1.1551023817446548e-05, 2.167847014789004e-05, 2.1581266992143355e-05, 1.3287064575706609e-05, 1.9237282685935497e-05, 2.7593694539973512e-05], [1.299533778365003e-05, 2.1581266992143355e-05, 2.8959009796380997e-05, 1.7247259165742435e-05, 2.1051322619314305e-05, 3.4097211027983576e-05], [8.444035302090924e-06, 1.3287064575706609e-05, 1.7247259165742435e-05, 0.00014461878163274378, 0.0001435930171282962, 0.00010042204667115584], [1.2160367077740375e-05, 1.9237282685935497e-05, 2.1051322619314305e-05, 0.0001435930171282962, 0.00017989767366088927, 0.00011671945685520768], [1.4698933227919042e-05, 2.7593694539973512e-05, 3.4097211027983576e-05, 0.00010042204667115584, 0.00011671945685520768, 0.00012810098996851593]]</COVARIANCE_MATRIX>
		<ROI_SIZE>59</ROI_SIZE>
		<MAX_VALUE>[0.1057945266366005, 0.10314334183931351, 0.10349835455417633, 0.11707688122987747, 0.07900413870811462, 0.05909363180398941]</MAX_VALUE>
		<MIN_VALUE>[0.08946314454078674, 0.08242710679769516, 0.07617519795894623, 0.06925735622644424, 0.02402658201754093, 0.018038230016827583]</MIN_VALUE>
		<SIGNATURE_THRESHOLD_MD>0.0</SIGNATURE_THRESHOLD_MD>
		<SIGNATURE_THRESHOLD_ML>0.0</SIGNATURE_THRESHOLD_ML>
		<SIGNATURE_THRESHOLD_SAM>0.0</SIGNATURE_THRESHOLD_SAM>
	</signature>
	<signature ID="20220228_085707086998_494">
		<MACROCLASSID>1</MACROCLASSID>
		<MACROCLASSINFO>waterbody</MACROCLASSINFO>
		<CLASSID>15</CLASSID>
		<CLASSINFO>C 1</CLASSINFO>
		<VALUES>[0.09861358860886195, 0.0036373484828702046, 0.09464993140077203, 0.004948662231080374, 0.08885935960504095, 0.006096021433143083, 0.08719662177126584, 0.012792128975411713, 0.04937883081838366, 0.015801631624171173, 0.0381679571256405, 0.013557533594413095]</VALUES>
		<LCS_MIN>[0.08946314454078674, 0.08242710679769516, 0.07071055471897125, 0.0658416673541069, 0.02182747982442379, 0.018038230016827583]</LCS_MIN>
		<LCS_MAX>[0.10851640999317169, 0.10906225442886353, 0.1089629977941513, 0.12049257010221481, 0.08340233564376831, 0.06856796145439148]</LCS_MAX>
		<WAVELENGTH>[0.485, 0.56, 0.66, 0.83, 1.65, 2.215]</WAVELENGTH>
		<MEAN_VALUE>[0.09861358860886195, 0.09464993140077203, 0.08885935960504095, 0.08719662177126584, 0.04937883081838366, 0.0381679571256405]</MEAN_VALUE>
		<CHECKBOX>2</CHECKBOX>
		<SD>[0.0036373484828702046, 0.004948662231080374, 0.006096021433143083, 0.012792128975411713, 0.015801631624171173, 0.013557533594413095]</SD>
		<WAVELENGTH_UNIT>E-6m</WAVELENGTH_UNIT>
		<COLOR>#df7f8e</COLOR>
		<COVARIANCE_MATRIX>[[1.333874934061896e-05, 1.4705048670293763e-05, 1.9806937416433357e-05, 2.052107811323367e-05, 3.503040716168471e-05, 3.458550418145023e-05], [1.4705048670293763e-05, 2.468998900440056e-05, 2.58972304436611e-05, 2.1291576558724046e-05, 3.822445432888344e-05, 4.2136176489293575e-05], [1.9806937416433357e-05, 2.58972304436611e-05, 3.74660812667571e-05, 3.794971416937187e-05, 6.162563659017906e-05, 6.128361565060914e-05], [2.052107811323367e-05, 2.1291576558724046e-05, 3.794971416937187e-05, 0.00016497986507602036, 0.00016461226914543658, 0.00012444113963283598], [3.503040716168471e-05, 3.822445432888344e-05, 6.162563659017906e-05, 0.00016461226914543658, 0.0002517382090445608, 0.0001985411363421008], [3.458550418145023e-05, 4.2136176489293575e-05, 6.128361565060914e-05, 0.00012444113963283598, 0.0001985411363421008, 0.0001853133289841935]]</COVARIANCE_MATRIX>
		<ROI_SIZE>123</ROI_SIZE>
		<MAX_VALUE>[0.10851640999317169, 0.10906225442886353, 0.1089629977941513, 0.12049257010221481, 0.08340233564376831, 0.06856796145439148]</MAX_VALUE>
		<MIN_VALUE>[0.08946314454078674, 0.08242710679769516, 0.07071055471897125, 0.0658416673541069, 0.02182747982442379, 0.018038230016827583]</MIN_VALUE>
		<SIGNATURE_THRESHOLD_MD>0.0</SIGNATURE_THRESHOLD_MD>
		<SIGNATURE_THRESHOLD_ML>0.0</SIGNATURE_THRESHOLD_ML>
		<SIGNATURE_THRESHOLD_SAM>0.0</SIGNATURE_THRESHOLD_SAM>
	</signature>
	<signature ID="20220228_085715025774_685">
		<MACROCLASSID>1</MACROCLASSID>
		<MACROCLASSINFO>waterbody</MACROCLASSINFO>
		<CLASSID>16</CLASSID>
		<CLASSINFO>C 1</CLASSINFO>
		<VALUES>[0.10176082617706718, 0.005250649236495245, 0.09572825104826027, 0.00641972819290458, 0.0899430312423242, 0.00874940702384483, 0.09231320055615566, 0.018354760286390187, 0.05728188998376331, 0.020727053652541037, 0.042636380807703544, 0.018083792058899584]</VALUES>
		<LCS_MIN>[0.09354598075151443, 0.08242710679769516, 0.07071055471897125, 0.06242598965764046, 0.028424782678484917, 0.014880121685564518]</LCS_MIN>
