<?xml version="1.0" ?>
<signaturelist MCID_LIST="[['1', 'waterbody', '#0000ff'], ['2', 'vegetation', '#00ff00'], ['3', 'bareland', '#ffaa00'], ['4', 'built-up', '#ff0000']]">
	<signature ID="20220311_161137393468_466">
		<MACROCLASSID>1</MACROCLASSID>
		<MACROCLASSINFO>waterbody</MACROCLASSINFO>
		<CLASSID>1</CLASSID>
		<CLASSINFO>C 1</CLASSINFO>
		<VALUES>[0.09865082430578495, 0.00616102058393188, 0.09583745257806606, 0.00913766914843357, 0.09395145030733001, 0.012575986699543084, 0.11978002392897637, 0.015614657628556771, 0.05847912987381436, 0.018798922796774708, 0.04245125769508363, 0.016055013953989408]</VALUES>
		<LCS_MIN>[0.0788586288690567, 0.0627303272485733, 0.04738651588559151, 0.09037221968173981, 0.02330581471323967, 0.014433735981583595]</LCS_MIN>
		<LCS_MAX>[0.11714217066764832, 0.12014394998550415, 0.11364530771970749, 0.15663652122020721, 0.10009855031967163, 0.08489120751619339]</LCS_MAX>
		<WAVELENGTH>[0.485, 0.56, 0.66, 0.83, 1.65, 2.215]</WAVELENGTH>
		<MEAN_VALUE>[0.09865082430578495, 0.09583745257806606, 0.09395145030733001, 0.11978002392897637, 0.05847912987381436, 0.04245125769508363]</MEAN_VALUE>
		<CHECKBOX>2</CHECKBOX>
		<SD>[0.00616102058393188, 0.00913766914843357, 0.012575986699543084, 0.015614657628556771, 0.018798922796774708, 0.016055013953989408]</SD>
		<WAVELENGTH_UNIT>E-6m</WAVELENGTH_UNIT>
		<COLOR>#3f98e1</COLOR>
		<COVARIANCE_MATRIX>[[2.947108259832021e-05, 3.936751090805046e-05, 5.2164898079354316e-05, -1.8467125073584612e-07, 8.815369255898986e-06, 2.6964575226884335e-05], [3.936751090805046e-05, 6.495534762507305e-05, 8.468717715004459e-05, -2.2561802325071767e-05, -1.6729158232919872e-05, 1.6816477000247687e-05], [5.2164898079354316e-05, 8.468717715004459e-05, 0.00012183771468698978, -5.605088153970428e-05, -4.989561784896068e-05, 4.062683728989214e-06], [-1.8467125073584612e-07, -2.2561802325071767e-05, -5.605088153970428e-05, 0.0002648976515047252, 0.0002894591016229242, 0.00020210632646922022], [8.815369255898986e-06, -1.6729158232919872e-05, -4.989561784896068e-05, 0.0002894591016229242, 0.0003936880093533546, 0.00029544730205088854], [2.6964575226884335e-05, 1.6816477000247687e-05, 4.062683728989214e-06, 0.00020210632646922022, 0.00029544730205088854, 0.00027215498266741633]]</COVARIANCE_MATRIX>
		<ROI_SIZE>1008</ROI_SIZE>
		<MAX_VALUE>[0.11714217066764832, 0.12014394998550415, 0.11364530771970749, 0.15663652122020721, 0.10009855031967163, 0.08489120751619339]</MAX_VALUE>
		<MIN_VALUE>[0.0788586288690567, 0.0627303272485733, 0.04738651588559151, 0.09037221968173981, 0.02330581471323967, 0.014433735981583595]</MIN_VALUE>
		<SIGNATURE_THRESHOLD_MD>0.0</SIGNATURE_THRESHOLD_MD>
		<SIGNATURE_THRESHOLD_ML>0.0</SIGNATURE_THRESHOLD_ML>
		<SIGNATURE_THRESHOLD_SAM>0.0</SIGNATURE_THRESHOLD_SAM>
	</signature>
	<signature ID="20220311_161152410453_273">
		<MACROCLASSID>1</MACROCLASSID>
		<MACROCLASSINFO>waterbody</MACROCLASSINFO>
		<CLASSID>2</CLASSID>
		<CLASSINFO>C 1</CLASSINFO>
		<VALUES>[0.10031061224210601, 0.0018366786244980195, 0.09479315537396522, 0.002015617793568423, 0.09769552008067962, 0.003028172045499927, 0.10883922237072066, 0.010002981279621083, 0.025339194878319392, 0.010515272015024772, 0.013998472904819963, 0.007895816504328086]</VALUES>
		<LCS_MIN>[0.09470009803771973, 0.08282508701086044, 0.08184108138084412, 0.09368543326854706, 0.014773288741707802, 0.002180262003093958]</LCS_MIN>
		<LCS_MAX>[0.1065811887383461, 0.10004918277263641, 0.1056942492723465, 0.1500100940465927, 0.06810157746076584, 0.05732089653611183]</LCS_MAX>
		<WAVELENGTH>[0.485, 0.56, 0.66, 0.83, 1.65, 2.215]</WAVELENGTH>
		<MEAN_VALUE>[0.10031061224210601, 0.09479315537396522, 0.09769552008067962, 0.10883922237072066, 0.025339194878319392, 0.013998472904819963]</MEAN_VALUE>
		<CHECKBOX>2</CHECKBOX>
		<SD>[0.0018366786244980195, 0.002015617793568423, 0.003028172045499927, 0.010002981279621083, 0.010515272015024772, 0.007895816504328086]</SD>
		<WAVELENGTH_UNIT>E-6m</WAVELENGTH_UNIT>
		<COLOR>#5a53c7</COLOR>
		<COVARIANCE_MATRIX>[[3.328333377794479e-06, 1.293278614866722e-06, 1.4974036730563967e-06, 8.074649713307736e-07, 3.5847651815856807e-06, 3.85880412068218e-06], [1.293278614866722e-06, 4.4782245822716504e-06, 2.7404792035667924e-06, -3.1926958854455734e-06, -7.698645276832394e-07, 8.692005053489993e-07], [1.4974036730563967e-06, 2.7404792035667924e-06, 9.670353392721154e-06, -1.60994259204017e-05, -1.3152416613593232e-05, -6.288555141509278e-06], [8.074649713307736e-07, -3.1926958854455734e-06, -1.60994259204017e-05, 9.150525147560984e-05, 7.753810496069491e-05, 4.818339220946655e-05], [3.5847651815856807e-06, -7.698645276832394e-07, -1.3152416613593232e-05, 7.753810496069491e-05, 0.00010624496644595638, 6.85819104546681e-05], [3.85880412068218e-06, 8.692005053489993e-07, -6.288555141509278e-06, 4.818339220946655e-05, 6.85819104546681e-05, 5.674753992934711e-05]]</COVARIANCE_MATRIX>
		<ROI_SIZE>1985</ROI_SIZE>
		<MAX_VALUE>[0.1065811887383461, 0.10004918277263641, 0.1056942492723465, 0.1500100940465927, 0.06810157746076584, 0.05732089653611183]</MAX_VALUE>
		<MIN_VALUE>[0.09470009803771973, 0.08282508701086044, 0.08184108138084412, 0.09368543326854706, 0.014773288741707802, 0.002180262003093958]</MIN_VALUE>
		<SIGNATURE_THRESHOLD_MD>0.0</SIGNATURE_THRESHOLD_MD>
		<SIGNATURE_THRESHOLD_ML>0.0</SIGNATURE_THRESHOLD_ML>
		<SIGNATURE_THRESHOLD_SAM>0.0</SIGNATURE_THRESHOLD_SAM>
	</signature>
	<signature ID="20220311_161243496973_467">
		<MACROCLASSID>1</MACROCLASSID>
		<MACROCLASSINFO>waterbody</MACROCLASSINFO>
		<CLASSID>3</CLASSID>
		<CLASSINFO>C 1</CLASSINFO>
		<VALUES>[0.0997357031873868, 0.002571217625350409, 0.09380920413523468, 0.005701420401931841, 0.09815884945037792, 0.010087495402744477, 0.11510120682782711, 0.014996879948516175, 0.02726631646451318, 0.011607478902934504, 0.014583546014951806, 0.007562071897483718]</VALUES>
		<LCS_MIN>[0.08941961079835892, 0.0713423639535904, 0.060638267546892166, 0.08043257892131805, 0.012640156783163548, 0.0052436296828091145]</LCS_MIN>
		<LCS_MAX>[0.10790131986141205, 0.10291985422372818, 0.11894600838422775, 0.15994973480701447, 0.06810157746076584, 0.05119415745139122]</LCS_MAX>
		<WAVELENGTH>[0.485, 0.56, 0.66, 0.83, 1.65, 2.215]</WAVELENGTH>
		<MEAN_VALUE>[0.0997357031873868, 0.09380920413523468, 0.09815884945037792, 0.11510120682782711, 0.02726631646451318, 0.014583546014951806]</MEAN_VALUE>
		<CHECKBOX>2</CHECKBOX>
		<SD>[0.002571217625350409, 0.005701420401931841, 0.010087495402744477, 0.014996879948516175, 0.011607478902934504, 0.007562071897483718]</SD>
		<WAVELENGTH_UNIT>E-6m</WAVELENGTH_UNIT>
		<COLOR>#0bbbfa</COLOR>
		<COVARIANCE_MATRIX>[[8.084592082013842e-06, 1.3356610907067079e-05, 2.2062005882617086e-05, 6.2256885939859785e-06, -6.519741418742342e-06, -4.255387864304794e-07], [1.3356610907067079e-05, 3.803282379521988e-05, 6.058627332095057e-05, 2.393558679614216e-05, -2.651376780704595e-05, -1.0853709682123736e-05], [2.2062005882617086e-05, 6.058627332095057e-05, 0.00010952793672913685, 2.791018232528586e-05, -5.889099702471867e-05, -2.7234611479798332e-05], [6.2256885939859785e-06, 2.393558679614216e-05, 2.791018232528586e-05, 0.00022879938478581607, 9.3586124421563e-05, 4.543025715975091e-05], [-6.519741418742342e-06, -2.651376780704595e-05, -5.889099702471867e-05, 9.3586124421563e-05, 0.00013890770787838846, 7.894426380516961e-05], [-4.255387864304794e-07, -1.0853709682123736e-05, -2.7234611479798332e-05, 4.543025715975091e-05, 7.894426380516961e-05, 5.9039724874310195e-05]]</COVARIANCE_MATRIX>
		<ROI_SIZE>3410</ROI_SIZE>
		<MAX_VALUE>[0.10790131986141205, 0.10291985422372818, 0.11894600838422775, 0.15994973480701447, 0.06810157746076584, 0.05119415745139122]</MAX_VALUE>
		<MIN_VALUE>[0.08941961079835892, 0.0713423639535904, 0.060638267546892166, 0.08043257892131805, 0.012640156783163548, 0.0052436296828091145]</MIN_VALUE>
		<SIGNATURE_THRESHOLD_MD>0.0</SIGNATURE_THRESHOLD_MD>
		<SIGNATURE_THRESHOLD_ML>0.0</SIGNATURE_THRESHOLD_ML>
		<SIGNATURE_THRESHOLD_SAM>0.0</SIGNATURE_THRESHOLD_SAM>
	</signature>
	<signature ID="20220311_161254258355_661">
		<MACROCLASSID>1</MACROCLASSID>
		<MACROCLASSINFO>waterbody</MACROCLASSINFO>
		<CLASSID>4</CLASSID>
		<CLASSINFO>C 1</CLASSINFO>
		<VALUES>[0.10293371799822335, 0.0028878297162742215, 0.0998351214411414, 0.005193262754685924, 0.10595541063463008, 0.00962605607230213, 0.12875874370296836, 0.0119796955082178, 0.031986040535684296, 0.014690854800697305, 0.019344914539006577, 0.011209507481092375]</VALUES>
		<LCS_MIN>[0.09205984324216843, 0.07995440810918808, 0.06593897938728333, 0.0771193653345108, 0.014773288741707802, 0.0052436296828091145]</LCS_MIN>
		<LCS_MAX>[0.11318179965019226, 0.11153190582990646, 0.11894600838422775, 0.17651581764221191, 0.0723678469657898, 0.06038425490260124]</LCS_MAX>
		<WAVELENGTH>[0.485, 0.56, 0.66, 0.83, 1.65, 2.215]</WAVELENGTH>
		<MEAN_VALUE>[0.10293371799822335, 0.0998351214411414, 0.10595541063463008, 0.12875874370296836, 0.031986040535684296, 0.019344914539006577]</MEAN_VALUE>
		<CHECKBOX>2</CHECKBOX>
		<SD>[0.0028878297162742215, 0.005193262754685924, 0.00962605607230213, 0.0119796955082178, 0.014690854800697305, 0.011209507481092375]</SD>
		<WAVELENGTH_UNIT>E-6m</WAVELENGTH_UNIT>
		<COLOR>#12780f</COLOR>
		<COVARIANCE_MATRIX>[[8.854523912305012e-06, 1.096938103728462e-05, 1.6913656509132124e-05, -4.92517210659571e-06, -2.5957381240004906e-06, 3.7695338050980354e-06], [1.096938103728462e-05, 2.6385248929727823e-05, 4.1494640754535794e-05, -8.81878258951474e-06, -2.9366359740379266e-05, -1.3257530554255936e-05], [1.6913656509132124e-05, 4.1494640754535794e-05, 8.266768418252468e-05, -2.4255939933937043e-05, -7.70631231716834e-05, -4.362771142041311e-05], [-4.92517210659571e-06, -8.81878258951474e-06, -2.4255939933937043e-05, 0.00011437191278673708, 8.199954754672945e-05, 4.509915743255988e-05], [-2.5957381240004906e-06, -2.9366359740379266e-05, -7.70631231716834e-05, 8.199954754672945e-05, 0.0002071775816148147, 0.00014611305959988385], [3.7695338050980354e-06, -1.3257530554255936e-05, -4.362771142041311e-05, 4.509915743255988e-05, 0.00014611305959988385, 0.0001253113296115771]]</COVARIANCE_MATRIX>
		<ROI_SIZE>1534</ROI_SIZE>
		<MAX_VALUE>[0.11318179965019226, 0.11153190582990646, 0.11894600838422775, 0.17651581764221191, 0.0723678469657898, 0.06038425490260124]</MAX_VALUE>
		<MIN_VALUE>[0.09205984324216843, 0.07995440810918808, 0.06593897938728333, 0.0771193653345108, 0.014773288741707802, 0.0052436296828091145]</MIN_VALUE>
		<SIGNATURE_THRESHOLD_MD>0.0</SIGNATURE_THRESHOLD_MD>
		<SIGNATURE_THRESHOLD_ML>0.0</SIGNATURE_THRESHOLD_ML>
		<SIGNATURE_THRESHOLD_SAM>0.0</SIGNATURE_THRESHOLD_SAM>
	</signature>
	<signature ID="20220311_161308552559_938">
		<MACROCLASSID>1</MACROCLASSID>
		<MACROCLASSINFO>waterbody</MACROCLASSINFO>
		<CLASSID>5</CLASSID>
		<CLASSINFO>C 1</CLASSINFO>
		<VALUES>[0.09644731691143675, 0.0023521663806646133, 0.08402824328810564, 0.0031630276450431787, 0.08078873889776418, 0.004456719609874612, 0.09883391130350383, 0.014926431784981245, 0.03327611282778281, 0.012747118988011716, 0.01851822631821658, 0.00846670281386943]</VALUES>
		<LCS_MIN>[0.09073971956968307, 0.07421305030584335, 0.06593897938728333, 0.07380615174770355, 0.016906417906284332, 0.0052436296828091145]</LCS_MIN>
		<LCS_MAX>[0.10790131986141205, 0.10004918277263641, 0.09774318337440491, 0.14007045328617096, 0.0723678469657898, 0.05732089653611183]</LCS_MAX>
		<WAVELENGTH>[0.485, 0.56, 0.66, 0.83, 1.65, 2.215]</WAVELENGTH>
		<MEAN_VALUE>[0.09644731691143675, 0.08402824328810564, 0.08078873889776418, 0.09883391130350383, 0.03327611282778281, 0.01851822631821658]</MEAN_VALUE>
		<CHECKBOX>2</CHECKBOX>
		<SD>[0.0023521663806646133, 0.0031630276450431787, 0.004456719609874612, 0.014926431784981245, 0.012747118988011716, 0.00846670281386943]</SD>
		<WAVELENGTH_UNIT>E-6m</WAVELENGTH_UNIT>
		<COLOR>#ea5bbc</COLOR>
		<COVARIANCE_MATRIX>[[6.115976702858461e-06, 5.937764399277512e-06, 8.289192919619381e-06, -4.995988547307206e-06, -1.819288513615902e-06, 2.664435896804207e-06], [5.937764399277512e-06, 1.1028958397218958e-05, 1.2200922355987132e-05, -7.297389856830705e-06, -2.1113964976393618e-06, 3.4192237308161566e-06], [8.289192919619381e-06, 1.2200922355987132e-05, 2.3351149138761684e-05, -3.447431299719028e-05, -1.964094553841278e-05, -3.4846796097554034e-06], [-4.995988547307206e-06, -7.297389856830705e-06, -3.447431299719028e-05, 0.00022482611529994756, 0.00016060183406807482, 7.964296673890203e-05], [-1.819288513615902e-06, -2.1113964976393618e-06, -1.964094553841278e-05, 0.00016060183406807482, 0.00016196162323467433, 8.530027844244614e-05], [2.664435896804207e-06, 3.4192237308161566e-06, -3.4846796097554034e-06, 7.964296673890203e-05, 8.530027844244614e-05, 6.009965363773517e-05]]</COVARIANCE_MATRIX>
		<ROI_SIZE>1603</ROI_SIZE>
		<MAX_VALUE>[0.10790131986141205, 0.10004918277263641, 0.09774318337440491, 0.14007045328617096, 0.0723678469657898, 0.05732089653611183]</MAX_VALUE>
		<MIN_VALUE>[0.09073971956968307, 0.07421305030584335, 0.06593897938728333, 0.07380615174770355, 0.016906417906284332, 0.0052436296828091145]</MIN_VALUE>
		<SIGNATURE_THRESHOLD_MD>0.0</SIGNATURE_THRESHOLD_MD>
		<SIGNATURE_THRESHOLD_ML>0.0</SIGNATURE_THRESHOLD_ML>
		<SIGNATURE_THRESHOLD_SAM>0.0</SIGNATURE_THRESHOLD_SAM>
	</signature>
	<signature ID="20220311_163444931790_676">
		<MACROCLASSID>1</MACROCLASSID>
		<MACROCLASSINFO>waterbody</MACROCLASSINFO>
		<CLASSID>6</CLASSID>
		<CLASSINFO>C 1</CLASSINFO>
		<VALUES>[0.09513228025937832, 0.0019458183345559038, 0.08329214460201692, 0.0026903234275457238, 0.0810575472959687, 0.003720077101242876, 0.0942507860738607, 0.01154856260039524, 0.02866403733579708, 0.009944599809569316, 0.015473092544919988, 0.007036256178839976]</VALUES>
		<LCS_MIN>[0.08677935600280762, 0.07421305030584335, 0.060638267546892166, 0.08043257892131805, 0.012640156783163548, 0.0052436296828091145]</LCS_MIN>
		<LCS_MAX>[0.10130070149898529, 0.09430782496929169, 0.08979213237762451, 0.13013078272342682, 0.07023470848798752, 0.054257526993751526]</LCS_MAX>
		<WAVELENGTH>[0.485, 0.56, 0.66, 0.83, 1.65, 2.215]</WAVELENGTH>
		<MEAN_VALUE>[0.09513228025937832, 0.08329214460201692, 0.0810575472959687, 0.0942507860738607, 0.02866403733579708, 0.015473092544919988]</MEAN_VALUE>
		<CHECKBOX>2</CHECKBOX>
		<SD>[0.0019458183345559038, 0.0026903234275457238, 0.003720077101242876, 0.01154856260039524, 0.009944599809569316, 0.007036256178839976]</SD>
		<WAVELENGTH_UNIT>E-6m</WAVELENGTH_UNIT>
		<COLOR>#247328</COLOR>
		<COVARIANCE_MATRIX>[[3.893544999300502e-06, 2.99512635137944e-06, 4.3659993025357835e-06, -2.497049308658461e-06, 2.318693645975145e-07, 1.958250550160301e-06], [2.99512635137944e-06, 6.883451078465441e-06, 6.2162762333173305e-06, -3.7838478874618886e-06, 1.9436336629041762e-07, 2.480308921803953e-06], [4.3659993025357835e-06, 6.2162762333173305e-06, 1.3839649909641594e-05, -1.8847666069632396e-05, -9.023690836329479e-06, -1.4199415545590455e-06], [-2.497049308658461e-06, -3.7838478874618886e-06, -1.8847666069632396e-05, 0.0001305625046370551, 9.02987812878564e-05, 4.9734011554392055e-05], [2.318693645975145e-07, 1.9436336629041762e-07, -9.023690836329479e-06, 9.02987812878564e-05, 9.654281893745065e-05, 5.5992932175286114e-05], [1.958250550160301e-06, 2.480308921803953e-06, -1.4199415545590455e-06, 4.9734011554392055e-05, 5.5992932175286114e-05, 4.561119567370042e-05]]</COVARIANCE_MATRIX>
		<ROI_SIZE>881</ROI_SIZE>
		<MAX_VALUE>[0.10130070149898529, 0.09430782496929169, 0.08979213237762451, 0.13013078272342682, 0.07023470848798752, 0.054257526993751526]</MAX_VALUE>
		<MIN_VALUE>[0.08677935600280762, 0.07421305030584335, 0.060638267546892166, 0.08043257892131805, 0.012640156783163548, 0.0052436296828091145]</MIN_VALUE>
		<SIGNATURE_THRESHOLD_MD>0.0</SIGNATURE_THRESHOLD_MD>
		<SIGNATURE_THRESHOLD_ML>0.0</SIGNATURE_THRESHOLD_ML>
		<SIGNATURE_THRESHOLD_SAM>0.0</SIGNATURE_THRESHOLD_SAM>
	</signature>
	<signature ID="20220311_163459070914_717">
		<MACROCLASSID>1</MACROCLASSID>
		<MACROCLASSINFO>waterbody</MACROCLASSINFO>
		<CLASSID>7</CLASSID>
		<CLASSINFO>C 1</CLASSINFO>
		<VALUES>[0.09426497195602787, 0.002701400528639205, 0.08417222677995378, 0.003865630449861799, 0.08147092294676347, 0.005934663748176409, 0.09763723095702057, 0.015526239555597182, 0.03500824511654718, 0.012324975462938311, 0.01982457885601917, 0.00916059446119169]</VALUES>
		<LCS_MIN>[0.08677935600280762, 0.0713423639535904, 0.0632886290550232, 0.0704929381608963, 0.016906417906284332, 0.0052436296828091145]</LCS_MIN>
		<LCS_MAX>[0.10262083262205124, 0.09430782496929169, 0.09509284049272537, 0.13675722479820251, 0.07450097799301147, 0.06344762444496155]</LCS_MAX>
		<WAVELENGTH>[0.485, 0.56, 0.66, 0.83, 1.65, 2.215]</WAVELENGTH>
		<MEAN_VALUE>[0.09426497195602787, 0.08417222677995378, 0.08147092294676347, 0.09763723095702057, 0.03500824511654718, 0.01982457885601917]</MEAN_VALUE>
		<CHECKBOX>2</CHECKBOX>
		<SD>[0.002701400528639205, 0.003865630449861799, 0.005934663748176409, 0.015526239555597182, 0.012324975462938311, 0.00916059446119169]</SD>
		<WAVELENGTH_UNIT>E-6m</WAVELENGTH_UNIT>
		<COLOR>#f0e388</COLOR>
		<COVARIANCE_MATRIX>[[8.380009603570215e-06, 1.0499376003281213e-05, 1.4739898688276298e-05, -9.420532478543464e-06, -1.899714789033169e-06, 4.335965513746487e-06], [1.0499376003281213e-05, 2.0944899006281048e-05, 2.6126570446649566e-05, -1.7147907783510163e-05, -6.813462732679909e-06, 4.16668035541079e-06], [1.4739898688276298e-05, 2.6126570446649566e-05, 4.470904605113901e-05, -4.8986323236022145e-05, -2.7605776267591864e-05, -4.1820912883849815e-06], [-9.420532478543464e-06, -1.7147907783510163e-05, -4.8986323236022145e-05, 0.0002311363205080852, 0.0001581851247465238, 8.137555414577946e-05], [-1.899714789033169e-06, -6.813462732679909e-06, -2.7605776267591864e-05, 0.0001581851247465238, 0.0001628807367524132, 9.858456905931234e-05], [4.335965513746487e-06, 4.16668035541079e-06, -4.1820912883849815e-06, 8.137555414577946e-05, 9.858456905931234e-05, 8.377099584322423e-05]]</COVARIANCE_MATRIX>
		<ROI_SIZE>1412</ROI_SIZE>
		<MAX_VALUE>[0.10262083262205124, 0.09430782496929169, 0.09509284049272537, 0.13675722479820251, 0.07450097799301147, 0.06344762444496155]</MAX_VALUE>
		<MIN_VALUE>[0.08677935600280762, 0.0713423639535904, 0.0632886290550232, 0.0704929381608963, 0.016906417906284332, 0.0052436296828091145]</MIN_VALUE>
		<SIGNATURE_THRESHOLD_MD>0.0</SIGNATURE_THRESHOLD_MD>
		<SIGNATURE_THRESHOLD_ML>0.0</SIGNATURE_THRESHOLD_ML>
		<SIGNATURE_THRESHOLD_SAM>0.0</SIGNATURE_THRESHOLD_SAM>
	</signature>
	<signature ID="20220311_163509419793_595">
		<MACROCLASSID>1</MACROCLASSID>
		<MACROCLASSINFO>waterbody</MACROCLASSINFO>
		<CLASSID>8</CLASSID>
		<CLASSINFO>C 1</CLASSINFO>
		<VALUES>[0.09226611955091356, 0.003750016455451784, 0.08282509143464267, 0.006378795014940078, 0.06995591474696994, 0.008877096263454787, 0.17190836835652587, 0.025714911876477658, 0.09116606408497319, 0.015579140198235914, 0.0444930376834236, 0.00971556042540512]</VALUES>
		<LCS_MIN>[0.08413911610841751, 0.06847167760133743, 0.05003686621785164, 0.09037221968173981, 0.05530278757214546, 0.029750576242804527]</LCS_MIN>
		<LCS_MAX>[0.103940948843956, 0.10291985422372818, 0.09774318337440491, 0.20633473992347717, 0.12569613754749298, 0.07263773679733276]</LCS_MAX>
		<WAVELENGTH>[0.485, 0.56, 0.66, 0.83, 1.65, 2.215]</WAVELENGTH>
		<MEAN_VALUE>[0.09226611955091356, 0.08282509143464267, 0.06995591474696994, 0.17190836835652587, 0.09116606408497319, 0.0444930376834236]</MEAN_VALUE>
		<CHECKBOX>2</CHECKBOX>
		<SD>[0.003750016455451784, 0.006378795014940078, 0.008877096263454787, 0.025714911876477658, 0.015579140198235914, 0.00971556042540512]</SD>
		<WAVELENGTH_UNIT>E-6m</WAVELENGTH_UNIT>
		<COLOR>#f0fcce</COLOR>
		<COVARIANCE_MATRIX>[[1.4285839824879076e-05, 2.1534850020543672e-05, 2.9092359909554943e-05, -2.0140112610533834e-05, -2.1511018530873116e-06, 1.4948442185414024e-05], [2.1534850020543672e-05, 4.133488255320117e-05, 5.2895902626914904e-05, -1.7814580132835545e-05, 7.289942459465237e-06, 2.973194932565093e-05], [2.9092359909554943e-05, 5.2895902626914904e-05, 8.005367999430746e-05, -7.263424049597234e-05, -7.290746850685537e-08, 3.8428330299211666e-05], [-2.0140112610533834e-05, -1.7814580132835545e-05, -7.263424049597234e-05, 0.0006717528449371457, 0.00027286389376968145, 0.00010670168558135629], [-2.1511018530873116e-06, 7.289942459465237e-06, -7.290746850685537e-08, 0.00027286389376968145, 0.0002465621510054916, 0.00012247127597220242], [1.4948442185414024e-05, 2.973194932565093e-05, 3.8428330299211666e-05, 0.00010670168558135629, 0.00012247127597220242, 9.589039837010205e-05]]</COVARIANCE_MATRIX>
		<ROI_SIZE>64</ROI_SIZE>
		<MAX_VALUE>[0.103940948843956, 0.10291985422372818, 0.09774318337440491, 0.20633473992347717, 0.12569613754749298, 0.07263773679733276]</MAX_VALUE>
		<MIN_VALUE>[0.08413911610841751, 0.06847167760133743, 0.05003686621785164, 0.09037221968173981, 0.05530278757214546, 0.029750576242804527]</MIN_VALUE>
		<SIGNATURE_THRESHOLD_MD>0.0</SIGNATURE_THRESHOLD_MD>
		<SIGNATURE_THRESHOLD_ML>0.0</SIGNATURE_THRESHOLD_ML>
		<SIGNATURE_THRESHOLD_SAM>0.0</SIGNATURE_THRESHOLD_SAM>
	</signature>
	<signature ID="20220311_164305151723_385">
		<MACROCLASSID>1</MACROCLASSID>
		<MACROCLASSINFO>waterbody</MACROCLASSINFO>
		<CLASSID>9</CLASSID>
		<CLASSINFO>C 1</CLASSINFO>
		<VALUES>[0.09490963745684851, 0.005312901838948767, 0.08815636048241271, 0.008767947769460124, 0.07746590070781252, 0.011529995644355332, 0.15558470383523, 0.028925083793666293, 0.07839478404512479, 0.018994093432339754, 0.04229579987152228, 0.01301640370746122]</VALUES>
		<LCS_MIN>[0.08545923978090286, 0.0713423639535904, 0.05003686621785164, 0.09699864685535431, 0.038237735629081726, 0.02056046947836876]</LCS_MIN>
		<LCS_MAX>[0.11054155230522156, 0.11153190582990646, 0.11099496483802795, 0.20302154123783112, 0.1128973439335823, 0.07876446098089218]</LCS_MAX>
		<WAVELENGTH>[0.485, 0.56, 0.66, 0.83, 1.65, 2.215]</WAVELENGTH>
		<MEAN_VALUE>[0.09490963745684851, 0.08815636048241271, 0.07746590070781252, 0.15558470383523, 0.07839478404512479, 0.04229579987152228]</MEAN_VALUE>
		<CHECKBOX>2</CHECKBOX>
		<SD>[0.005312901838948767, 0.008767947769460124, 0.011529995644355332, 0.028925083793666293, 0.018994093432339754, 0.01301640370746122]</SD>
		<WAVELENGTH_UNIT>E-6m</WAVELENGTH_UNIT>
		<COLOR>#c879aa</COLOR>
		<COVARIANCE_MATRIX>[[2.8682199626928195e-05, 4.434066795511171e-05, 5.764580419054255e-05, -4.732406523544341e-05, 1.3250863048597239e-05, 4.4161184632685035e-05], [4.434066795511171e-05, 7.81168564571999e-05, 9.794392826734111e-05, -8.297086606035009e-05, 2.354881689825561e-05, 6.948035297682509e-05], [5.764580419054255e-05, 9.794392826734111e-05, 0.00013508500705938786, -0.0001454582961741835, 1.703736234048847e-05, 8.510611223755404e-05], [-4.732406523544341e-05, -8.297086606035009e-05, -0.0001454582961741835, 0.0008501550182700157, 0.0003908235812559724, 0.00011523145803948864], [1.3250863048597239e-05, 2.354881689825561e-05, 1.703736234048847e-05, 0.0003908235812559724, 0.0003665945550892502, 0.00019214238272979856], [4.4161184632685035e-05, 6.948035297682509e-05, 8.510611223755404e-05, 0.00011523145803948864, 0.00019214238272979856, 0.00017215945990756154]]</COVARIANCE_MATRIX>
		<ROI_SIZE>63</ROI_SIZE>
		<MAX_VALUE>[0.11054155230522156, 0.11153190582990646, 0.11099496483802795, 0.20302154123783112, 0.1128973439335823, 0.07876446098089218]</MAX_VALUE>
		<MIN_VALUE>[0.08545923978090286, 0.0713423639535904, 0.05003686621785164, 0.09699864685535431, 0.038237735629081726, 0.02056046947836876]</MIN_VALUE>
		<SIGNATURE_THRESHOLD_MD>0.0</SIGNATURE_THRESHOLD_MD>
		<SIGNATURE_THRESHOLD_ML>0.0</SIGNATURE_THRESHOLD_ML>
		<SIGNATURE_THRESHOLD_SAM>0.0</SIGNATURE_THRESHOLD_SAM>
	</signature>
	<signature ID="20220311_164316761895_646">
		<MACROCLASSID>1</MACROCLASSID>
		<MACROCLASSINFO>waterbody</MACROCLASSINFO>
		<CLASSID>10</CLASSID>
		<CLASSINFO>C 1</CLASSINFO>
		<VALUES>[0.09245588649064304, 0.004176681202166873, 0.08332746122032404, 0.006447461664533592, 0.0732274431735277, 0.008644169563263764, 0.15092122070491318, 0.023180521269993513, 0.07796731265261769, 0.01187378134601405, 0.04024261385202408, 0.007500170574197476]</VALUES>
		<LCS_MIN>[0.08545923978090286, 0.0713423639535904, 0.057987917214632034, 0.11687794327735901, 0.051036521792411804, 0.02668720856308937]</LCS_MIN>
		<LCS_MAX>[0.103940948843956, 0.10291985422372818, 0.09509284049272537, 0.18976865708827972, 0.10009855031967163, 0.06038425490260124]</LCS_MAX>
		<WAVELENGTH>[0.485, 0.56, 0.66, 0.83, 1.65, 2.215]</WAVELENGTH>
		<MEAN_VALUE>[0.09245588649064304, 0.08332746122032404, 0.0732274431735277, 0.15092122070491318, 0.07796731265261769, 0.04024261385202408]</MEAN_VALUE>
		<CHECKBOX>2</CHECKBOX>
		<SD>[0.004176681202166873, 0.006447461664533592, 0.008644169563263764, 0.023180521269993513, 0.01187378134601405, 0.007500170574197476]</SD>
		<WAVELENGTH_UNIT>E-6m</WAVELENGTH_UNIT>
		<COLOR>#965802</COLOR>
		<COVARIANCE_MATRIX>[[1.7891965399030596e-05, 2.544896960898768e-05, 3.3193635317729786e-05, -5.061330375610851e-05, -8.917325430957135e-06, 5.900132691749604e-06], [2.544896960898768e-05, 4.263565278961323e-05, 5.3404528443934396e-05, -7.997323700692505e-05, -1.1834929864562582e-05, 9.250560651707929e-06], [3.3193635317729786e-05, 5.3404528443934396e-05, 7.663761061849073e-05, -0.0001310985826421529, -1.9388766304473393e-05, 1.5457349945791066e-05], [-5.061330375610851e-05, -7.997323700692505e-05, -0.0001310985826421529, 0.000551114440895617, 0.00015677670307923108, 3.261532401666045e-05], [-8.917325430957135e-06, -1.1834929864562582e-05, -1.9388766304473393e-05, 0.00015677670307923108, 0.00014460172678809613, 6.021436274750158e-05], [5.900132691749604e-06, 9.250560651707929e-06, 1.5457349945791066e-05, 3.261532401666045e-05, 6.021436274750158e-05, 5.7694931456353515e-05]]</COVARIANCE_MATRIX>
		<ROI_SIZE>40</ROI_SIZE>
		<MAX_VALUE>[0.103940948843956, 0.10291985422372818, 0.09509284049272537, 0.18976865708827972, 0.10009855031967163, 0.06038425490260124]</MAX_VALUE>
		<MIN_VALUE>[0.08545923978090286, 0.0713423639535904, 0.057987917214632034, 0.11687794327735901, 0.051036521792411804, 0.02668720856308937]</MIN_VALUE>
		<SIGNATURE_THRESHOLD_MD>0.0</SIGNATURE_THRESHOLD_MD>
		<SIGNATURE_THRESHOLD_ML>0.0</SIGNATURE_THRESHOLD_ML>
		<SIGNATURE_THRESHOLD_SAM>0.0</SIGNATURE_THRESHOLD_SAM>
	</signature>
	<signature ID="20220311_164332356009_864">
		<MACROCLASSID>1</MACROCLASSID>
		<MACROCLASSINFO>waterbody</MACROCLASSINFO>
		<CLASSID>11</CLASSID>
		<CLASSINFO>C 1</CLASSINFO>
		<VALUES>[0.0954827396642595, 0.0031879939296341918, 0.08675519398280555, 0.005088787528077479, 0.08453560707469786, 0.006878381951717034, 0.09893135902072703, 0.015112384960014333, 0.035987788691584525, 0.011983811900521951, 0.020319778376835445, 0.007645875766218418]</VALUES>
		<LCS_MIN>[0.08413911610841751, 0.0627303272485733, 0.05003686621785164, 0.07380615174770355, 0.014773288741707802, 0.0052436296828091145]</LCS_MIN>
		<LCS_MAX>[0.10526106506586075, 0.10004918277263641, 0.10039354115724564, 0.14007045328617096, 0.07450097799301147, 0.054257526993751526]</LCS_MAX>
		<WAVELENGTH>[0.485, 0.56, 0.66, 0.83, 1.65, 2.215]</WAVELENGTH>
		<MEAN_VALUE>[0.0954827396642595, 0.08675519398280555, 0.08453560707469786, 0.09893135902072703, 0.035987788691584525, 0.020319778376835445]</MEAN_VALUE>
		<CHECKBOX>2</CHECKBOX>
		<SD>[0.0031879939296341918, 0.005088787528077479, 0.006878381951717034, 0.015112384960014333, 0.011983811900521951, 0.007645875766218418]</SD>
		<WAVELENGTH_UNIT>E-6m</WAVELENGTH_UNIT>
		<COLOR>#cd80c5</COLOR>
		<COVARIANCE_MATRIX>[[9.808134564082138e-06, 1.2395069461490493e-05, 1.597164555278141e-05, -9.60294983087806e-06, -3.3303738291579066e-06, 3.0764047096454306e-06], [1.2395069461490493e-05, 2.3324284484260716e-05, 2.615841913211625e-05, -1.492191313445801e-05, -6.3221004893421195e-06, 3.7786303437314928e-06], [1.597164555278141e-05, 2.615841913211625e-05, 4.072630326845683e-05, -4.558932050713338e-05, -2.5911176635418087e-05, -4.6111913434288e-06], [-9.60294983087806e-06, -1.492191313445801e-05, -4.558932050713338e-05, 0.00022654166969005018, 0.00015453045489266515, 7.560796075267717e-05], [-3.3303738291579066e-06, -6.3221004893421195e-06, -2.5911176635418087e-05, 0.00015453045489266515, 0.0001448333205189556, 7.629957690369338e-05], [3.0764047096454306e-06, 3.7786303437314928e-06, -4.6111913434288e-06, 7.560796075267717e-05, 7.629957690369338e-05, 5.8272089518141e-05]]</COVARIANCE_MATRIX>
		<ROI_SIZE>774</ROI_SIZE>
		<MAX_VALUE>[0.10526106506586075, 0.10004918277263641, 0.10039354115724564, 0.14007045328617096, 0.07450097799301147, 0.054257526993751526]</MAX_VALUE>
		<MIN_VALUE>[0.08413911610841751, 0.0627303272485733, 0.05003686621785164, 0.07380615174770355, 0.014773288741707802, 0.0052436296828091145]</MIN_VALUE>
		<SIGNATURE_THRESHOLD_MD>0.0</SIGNATURE_THRESHOLD_MD>
		<SIGNATURE_THRESHOLD_ML>0.0</SIGNATURE_THRESHOLD_ML>
		<SIGNATURE_THRESHOLD_SAM>0.0</SIGNATURE_THRESHOLD_SAM>
	</signature>
	<signature ID="20220311_164351653172_356">
		<MACROCLASSID>1</MACROCLASSID>
		<MACROCLASSINFO>waterbody</MACROCLASSINFO>
		<CLASSID>12</CLASSID>
		<CLASSINFO>C 1</CLASSINFO>
		<VALUES>[0.09392569217038907, 0.0023068273829344927, 0.08455428076306667, 0.003134542885698865, 0.08331234154738777, 0.004089466260093102, 0.09418111441172954, 0.014355394332328185, 0.03091454314522619, 0.01079617422776992, 0.016242810869662793, 0.006208852525759544]</VALUES>
		<LCS_MIN>[0.08809947967529297, 0.07421305030584335, 0.06858932226896286, 0.0704929381608963, 0.014773288741707802, 0.0052436296828091145]</LCS_MIN>
		<LCS_MAX>[0.10130070149898529, 0.09717850387096405, 0.09244249761104584, 0.13344401121139526, 0.06810157746076584, 0.048130784183740616]</LCS_MAX>
		<WAVELENGTH>[0.485, 0.56, 0.66, 0.83, 1.65, 2.215]</WAVELENGTH>
		<MEAN_VALUE>[0.09392569217038907, 0.08455428076306667, 0.08331234154738777, 0.09418111441172954, 0.03091454314522619, 0.016242810869662793]</MEAN_VALUE>
		<CHECKBOX>2</CHECKBOX>
		<SD>[0.0023068273829344927, 0.003134542885698865, 0.004089466260093102, 0.014355394332328185, 0.01079617422776992, 0.006208852525759544]</SD>
		<WAVELENGTH_UNIT>E-6m</WAVELENGTH_UNIT>
		<COLOR>#14e5c5</COLOR>
		<COVARIANCE_MATRIX>[[6.807761110394495e-06, 6.843668870715192e-06, 8.370041541638784e-06, -6.947713700355962e-06, -3.2804048260004492e-06, 1.3891287835576804e-06], [6.843668870715192e-06, 1.2554058230307419e-05, 1.2135087672504596e-05, -8.602424713899381e-06, -4.865070877713151e-06, 1.5184727999439929e-06], [8.370041541638784e-06, 1.2135087672504596e-05, 2.0580855562002398e-05, -3.483554610284045e-05, -2.138917989213951e-05, -5.745217094954569e-06], [-6.947713700355962e-06, -8.602424713899381e-06, -3.483554610284045e-05, 0.00020710451644845307, 0.00013412169937510043, 6.468825449701399e-05], [-3.2804048260004492e-06, -4.865070877713151e-06, -2.138917989213951e-05, 0.00013412169937510043, 0.000120057855383493, 5.756159225711599e-05], [1.3891287835576804e-06, 1.5184727999439929e-06, -5.745217094954569e-06, 6.468825449701399e-05, 5.756159225711599e-05, 3.988881508121267e-05]]</COVARIANCE_MATRIX>
		<ROI_SIZE>1208</ROI_SIZE>
		<MAX_VALUE>[0.10130070149898529, 0.09717850387096405, 0.09244249761104584, 0.13344401121139526, 0.06810157746076584, 0.048130784183740616]</MAX_VALUE>
		<MIN_VALUE>[0.08809947967529297, 0.07421305030584335, 0.06858932226896286, 0.0704929381608963, 0.014773288741707802, 0.0052436296828091145]</MIN_VALUE>
		<SIGNATURE_THRESHOLD_MD>0.0</SIGNATURE_THRESHOLD_MD>
		<SIGNATURE_THRESHOLD_ML>0.0</SIGNATURE_THRESHOLD_ML>
		<SIGNATURE_THRESHOLD_SAM>0.0</SIGNATURE_THRESHOLD_SAM>
	</signature>
	<signature ID="20220311_164409284589_130">
		<MACROCLASSID>1</MACROCLASSID>
		<MACROCLASSINFO>waterbody</MACROCLASSINFO>
		<CLASSID>13</CLASSID>
		<CLASSINFO>C 1</CLASSINFO>
		<VALUES>[0.10376992822777922, 0.0022498728968532084, 0.10365529103527253, 0.003604152378681426, 0.11125343596614257, 0.006085935717712904, 0.13300513929458344, 0.009239781203535672, 0.032037060057101836, 0.013677856537666844, 0.019686498036648754, 0.010831009416302833]</VALUES>
		<LCS_MIN>[0.09337998181581497, 0.07995440810918808, 0.07654038816690445, 0.12019115686416626, 0.016906417906284332, 0.0052436296828091145]</LCS_MIN>
		<LCS_MAX>[0.11054155230522156, 0.11153190582990646, 0.12159635126590729, 0.18314224481582642, 0.07450097799301147, 0.06038425490260124]</LCS_MAX>
		<WAVELENGTH>[0.485, 0.56, 0.66, 0.83, 1.65, 2.215]</WAVELENGTH>
		<MEAN_VALUE>[0.10376992822777922, 0.10365529103527253, 0.11125343596614257, 0.13300513929458344, 0.032037060057101836, 0.019686498036648754]</MEAN_VALUE>
		<CHECKBOX>2</CHECKBOX>
		<SD>[0.0022498728968532084, 0.003604152378681426, 0.006085935717712904, 0.009239781203535672, 0.013677856537666844, 0.010831009416302833]</SD>
		<WAVELENGTH_UNIT>E-6m</WAVELENGTH_UNIT>
		<COLOR>#4da425</COLOR>
		<COVARIANCE_MATRIX>[[6.739975106029306e-06, 7.102721610863227e-06, 1.06793777376879e-05, -8.755394446779974e-06, -4.165709015069297e-06, 1.8975080138261546e-06], [7.102721610863227e-06, 1.6831085304147564e-05, 2.431439315841999e-05, -1.947106829902623e-05, -2.794295687635895e-05, -1.4060015928407665e-05], [1.06793777376879e-05, 2.431439315841999e-05, 4.776864079758525e-05, -4.113191971555352e-05, -6.528623634949327e-05, -3.826800093520433e-05], [-8.755394446779974e-06, -1.947106829902623e-05, -4.113191971555352e-05, 9.428854536963627e-05, 8.121124847093597e-05, 4.206531593808904e-05], [-4.165709015069297e-06, -2.794295687635895e-05, -6.528623634949327e-05, 8.121124847093597e-05, 0.00019585658446885645, 0.0001396342704538256], [1.8975080138261546e-06, -1.4060015928407665e-05, -3.826800093520433e-05, 4.206531593808904e-05, 0.0001396342704538256, 0.00012009825877612457]]</COVARIANCE_MATRIX>
		<ROI_SIZE>2030</ROI_SIZE>
		<MAX_VALUE>[0.11054155230522156, 0.11153190582990646, 0.12159635126590729, 0.18314224481582642, 0.07450097799301147, 0.06038425490260124]</MAX_VALUE>
		<MIN_VALUE>[0.09337998181581497, 0.07995440810918808, 0.07654038816690445, 0.12019115686416626, 0.016906417906284332, 0.0052436296828091145]</MIN_VALUE>
		<SIGNATURE_THRESHOLD_MD>0.0</SIGNATURE_THRESHOLD_MD>
		<SIGNATURE_THRESHOLD_ML>0.0</SIGNATURE_THRESHOLD_ML>
		<SIGNATURE_THRESHOLD_SAM>0.0</SIGNATURE_THRESHOLD_SAM>
	</signature>
	<signature ID="20220311_164451978840_919">
		<MACROCLASSID>1</MACROCLASSID>
		<MACROCLASSINFO>waterbody</MACROCLASSINFO>
		<CLASSID>14</CLASSID>
		<CLASSINFO>C 1</CLASSINFO>
		<VALUES>[0.10049715152253276, 0.0025573179055638673, 0.09939391738262737, 0.00433924327892033, 0.10427305303460015, 0.0066405358657143105, 0.12148762688688612, 0.010082153031095444, 0.03598094383335635, 0.015128849598991124, 0.022813601819190964, 0.012673176059284455]</VALUES>
		<LCS_MIN>[0.08413911610841751, 0.0713423639535904, 0.060638267546892166, 0.10031186789274216, 0.016906417906284332, 0.0052436296828091145]</LCS_MIN>
		<LCS_MAX>[0.10790131986141205, 0.10579054802656174, 0.11364530771970749, 0.16988936066627502, 0.07663410902023315, 0.06038425490260124]</LCS_MAX>
		<WAVELENGTH>[0.485, 0.56, 0.66, 0.83, 1.65, 2.215]</WAVELENGTH>
		<MEAN_VALUE>[0.10049715152253276, 0.09939391738262737, 0.10427305303460015, 0.12148762688688612, 0.03598094383335635, 0.022813601819190964]</MEAN_VALUE>
		<CHECKBOX>2</CHECKBOX>
		<SD>[0.0025573179055638673, 0.00433924327892033, 0.0066405358657143105, 0.010082153031095444, 0.015128849598991124, 0.012673176059284455]</SD>
		<WAVELENGTH_UNIT>E-6m</WAVELENGTH_UNIT>
		<COLOR>#ab2024</COLOR>
		<COVARIANCE_MATRIX>[[9.72095313045429e-06, 1.0429876056150533e-05, 1.4351992831507232e-05, -1.3096164366288576e-06, 3.8264752788563783e-07, 6.2702238210476935e-06], [1.0429876056150533e-05, 2.069816218863707e-05, 2.6766678274725564e-05, -1.06993838926428e-05, -1.7832921002991498e-05, -5.402793703979114e-06], [1.4351992831507232e-05, 2.6766678274725564e-05, 4.555046325549483e-05, -2.8259855753276497e-05, -4.502722367760725e-05, -2.184725963161327e-05], [-1.3096164366288576e-06, -1.06993838926428e-05, -2.8259855753276497e-05, 8.770003478275612e-05, 0.00010180236859014258, 6.779198156436905e-05], [3.8264752788563783e-07, -1.7832921002991498e-05, -4.502722367760725e-05, 0.00010180236859014258, 0.00020654292893595994, 0.00015230070857796818], [6.2702238210476935e-06, -5.402793703979114e-06, -2.184725963161327e-05, 6.779198156436905e-05, 0.00015230070857796818, 0.00013625452993437648]]</COVARIANCE_MATRIX>
		<ROI_SIZE>2224</ROI_SIZE>
		<MAX_VALUE>[0.10790131986141205, 0.10579054802656174, 0.11364530771970749, 0.16988936066627502, 0.07663410902023315, 0.06038425490260124]</MAX_VALUE>
		<MIN_VALUE>[0.08413911610841751, 0.0713423639535904, 0.060638267546892166, 0.10031186789274216, 0.016906417906284332, 0.0052436296828091145]</MIN_VALUE>
		<SIGNATURE_THRESHOLD_MD>0.0</SIGNATURE_THRESHOLD_MD>
		<SIGNATURE_THRESHOLD_ML>0.0</SIGNATURE_THRESHOLD_ML>
		<SIGNATURE_THRESHOLD_SAM>0.0</SIGNATURE_THRESHOLD_SAM>
	</signature>
	<signature ID="20220311_164502928739_922">
		<MACROCLASSID>1</MACROCLASSID>
		<MACROCLASSINFO>waterbody</MACROCLASSINFO>
		<CLASSID>15</CLASSID>
		<CLASSINFO>C 1</CLASSINFO>
		<VALUES>[0.09685115716632851, 0.004383346238921276, 0.09031509645850525, 0.007600351397855971, 0.08525828835625333, 0.011295911719504566, 0.13902770398837064, 0.020378260657059586, 0.06645570943122592, 0.014433013981447522, 0.036981371018638486, 0.008777611436265008]</VALUES>
		<LCS_MIN>[0.08545923978090286, 0.0713423639535904, 0.05003686621785164, 0.09368543326854706, 0.03397146984934807, 0.017497101798653603]</LCS_MIN>
		<LCS_MAX>[0.10790131986141205, 0.10579054802656174, 0.1056942492723465, 0.17651581764221191, 0.09369916468858719, 0.06344762444496155]</LCS_MAX>
		<WAVELENGTH>[0.485, 0.56, 0.66, 0.83, 1.65, 2.215]</WAVELENGTH>
		<MEAN_VALUE>[0.09685115716632851, 0.09031509645850525, 0.08525828835625333, 0.13902770398837064, 0.06645570943122592, 0.036981371018638486]</MEAN_VALUE>
		<CHECKBOX>2</CHECKBOX>
		<SD>[0.004383346238921276, 0.007600351397855971, 0.011295911719504566, 0.020378260657059586, 0.014433013981447522, 0.008777611436265008]</SD>
		<WAVELENGTH_UNIT>E-6m</WAVELENGTH_UNIT>
		<COLOR>#90a451</COLOR>
		<COVARIANCE_MATRIX>[[1.9311753931106068e-05, 3.034556721104309e-05, 4.43260942120105e-05, -3.278098301962018e-05, -1.4788642147323117e-05, 6.546970780618722e-06], [3.034556721104309e-05, 5.806006083730608e-05, 8.125678141368553e-05, -6.31442671874538e-05, -3.0255654564825818e-05, 9.769873031473253e-06], [4.43260942120105e-05, 8.125678141368553e-05, 0.00012824863370042294, -0.00012728509318549186, -6.446835323004052e-05, 4.078417987329885e-06], [-3.278098301962018e-05, -6.31442671874538e-05, -0.00012728509318549186, 0.00041739223524928093, 0.00022948402329348028, 8.582341251894832e-05], [-1.4788642147323117e-05, -3.0255654564825818e-05, -6.446835323004052e-05, 0.00022948402329348028, 0.00020937470253556967, 9.947819489752874e-05], [6.546970780618722e-06, 9.769873031473253e-06, 4.078417987329885e-06, 8.582341251894832e-05, 9.947819489752874e-05, 7.743955939076841e-05]]</COVARIANCE_MATRIX>
		<ROI_SIZE>197</ROI_SIZE>
		<MAX_VALUE>[0.10790131986141205, 0.10579054802656174, 0.1056942492723465, 0.17651581764221191, 0.09369916468858719, 0.06344762444496155]</MAX_VALUE>
		<MIN_VALUE>[0.08545923978090286, 0.0713423639535904, 0.05003686621785164, 0.09368543326854706, 0.03397146984934807, 0.017497101798653603]</MIN_VALUE>
		<SIGNATURE_THRESHOLD_MD>0.0</SIGNATURE_THRESHOLD_MD>
		<SIGNATURE_THRESHOLD_ML>0.0</SIGNATURE_THRESHOLD_ML>
		<SIGNATURE_THRESHOLD_SAM>0.0</SIGNATURE_THRESHOLD_SAM>
	</signature>
	<signature ID="20220311_164513769552_788">
		<MACROCLASSID>1</MACROCLASSID>
		<MACROCLASSINFO>waterbody</MACROCLASSINFO>
		<CLASSID>16</CLASSID>
		<CLASSINFO>C 1</CLASSINFO>
