<?xml version="1.0" ?>
<signaturelist MCID_LIST="[['1', 'waterbody', '#000000'], ['2', 'vegetation', '#000000'], ['3', 'bareland', '#000000'], ['4', 'built-up', '#000000']]">
	<signature ID="20210203_083613786694_395">
		<MACROCLASSID>1</MACROCLASSID>
		<MACROCLASSINFO>waterbody</MACROCLASSINFO>
		<CLASSID>1</CLASSID>
		<CLASSINFO>C 1</CLASSINFO>
		<VALUES>[0.12190330433563927, 0.002987844923409388, 0.10188267168097619, 0.004300196900919889, 0.07403364471093865, 0.005190439716946407, 0.06699267554236195, 0.013991667489462392, 0.02200719797411771, 0.010666819708397609, 0.011990096643493754, 0.0064666122590569955]</VALUES>
		<LCS_MIN>[0.1141345426440239, 0.093362957239151, 0.06368040293455124, 0.05194377154111862, 0.009195932187139988, 0.0]</LCS_MIN>
		<LCS_MAX>[0.1356334090232849, 0.12443911284208298, 0.09860675036907196, 0.12835147976875305, 0.08181450515985489, 0.06294790655374527]</LCS_MAX>
		<WAVELENGTH>[0.485, 0.56, 0.66, 0.83, 1.65, 2.215]</WAVELENGTH>
		<MEAN_VALUE>[0.12190330433563927, 0.10188267168097619, 0.07403364471093865, 0.06699267554236195, 0.02200719797411771, 0.011990096643493754]</MEAN_VALUE>
		<CHECKBOX>2</CHECKBOX>
		<SD>[0.002987844923409388, 0.004300196900919889, 0.005190439716946407, 0.013991667489462392, 0.010666819708397609, 0.0064666122590569955]</SD>
		<WAVELENGTH_UNIT>E-6m</WAVELENGTH_UNIT>
		<COLOR>#26ae71</COLOR>
		<COVARIANCE_MATRIX>[[6.8897743403795175e-06, 4.975149295205483e-06, 6.222061983862659e-06, 8.317189895024057e-06, 4.83316216559615e-06, 2.8416752684279345e-06], [4.975149295205483e-06, 1.2995474207855295e-05, 1.1680199349939357e-05, 1.825062463467475e-05, 1.0856294466066174e-05, 6.191151442180853e-06], [6.222061983862659e-06, 1.1680199349939357e-05, 1.909106686071027e-05, 3.4897628211183473e-05, 2.3636650439584628e-05, 1.3334930372366216e-05], [8.317189895024057e-06, 1.825062463467475e-05, 3.4897628211183473e-05, 0.00016784192121122032, 0.0001168877279269509, 6.231907900655642e-05], [4.83316216559615e-06, 1.0856294466066174e-05, 2.3636650439584628e-05, 0.0001168877279269509, 9.957888687495142e-05, 5.236210927250795e-05], [2.8416752684279345e-06, 6.191151442180853e-06, 1.3334930372366216e-05, 6.231907900655642e-05, 5.236210927250795e-05, 3.6102195736020803e-05]]</COVARIANCE_MATRIX>
		<ROI_SIZE>5759</ROI_SIZE>
		<MAX_VALUE>[0.1356334090232849, 0.12443911284208298, 0.09860675036907196, 0.12835147976875305, 0.08181450515985489, 0.06294790655374527]</MAX_VALUE>
		<MIN_VALUE>[0.1141345426440239, 0.093362957239151, 0.06368040293455124, 0.05194377154111862, 0.009195932187139988, 0.0]</MIN_VALUE>
		<SIGNATURE_THRESHOLD_MD>0.0</SIGNATURE_THRESHOLD_MD>
		<SIGNATURE_THRESHOLD_ML>0.0</SIGNATURE_THRESHOLD_ML>
		<SIGNATURE_THRESHOLD_SAM>0.0</SIGNATURE_THRESHOLD_SAM>
	</signature>
	<signature ID="20210203_083623036842_924">
		<MACROCLASSID>1</MACROCLASSID>
		<MACROCLASSINFO>waterbody</MACROCLASSINFO>
		<CLASSID>2</CLASSID>
		<CLASSINFO>C 1</CLASSINFO>
		<VALUES>[0.11182256566805852, 0.002428609312189143, 0.08752470476577884, 0.003813884470075998, 0.06176841031914579, 0.0036653950868622727, 0.07135456937410405, 0.017800234475927386, 0.023987716373300015, 0.012080369500068237, 0.012172542698028171, 0.006516875774032121]</VALUES>
		<LCS_MIN>[0.10255824029445648, 0.07609843462705612, 0.05203830078244209, 0.04830530658364296, 0.006853397469967604, 0.0]</LCS_MIN>
		<LCS_MAX>[0.1207495853304863, 0.10026878118515015, 0.08405411243438721, 0.12835147976875305, 0.08649957925081253, 0.05621972680091858]</LCS_MAX>
		<WAVELENGTH>[0.485, 0.56, 0.66, 0.83, 1.65, 2.215]</WAVELENGTH>
		<MEAN_VALUE>[0.11182256566805852, 0.08752470476577884, 0.06176841031914579, 0.07135456937410405, 0.023987716373300015, 0.012172542698028171]</MEAN_VALUE>
		<CHECKBOX>2</CHECKBOX>
		<SD>[0.002428609312189143, 0.003813884470075998, 0.0036653950868622727, 0.017800234475927386, 0.012080369500068237, 0.006516875774032121]</SD>
		<WAVELENGTH_UNIT>E-6m</WAVELENGTH_UNIT>
		<COLOR>#eaba7a</COLOR>
		<COVARIANCE_MATRIX>[[5.794666321889963e-06, 4.575613274937496e-06, 3.917560206900816e-06, 1.2050087434545276e-06, 2.1528874185605673e-06, 1.6760807284299517e-06], [4.575613274937496e-06, 1.3707272046303842e-05, 9.074648914975114e-06, 1.1644787264231127e-05, 8.902868103177752e-06, 5.321599473973038e-06], [3.917560206900816e-06, 9.074648914975114e-06, 1.133040314016398e-05, 1.7206244592671283e-05, 1.4318769899546169e-05, 8.320002962136641e-06], [1.2050087434545276e-06, 1.1644787264231127e-05, 1.7206244592671283e-05, 0.0002992423833347857, 0.00017613756062928587, 7.740978617221117e-05], [2.1528874185605673e-06, 8.902868103177752e-06, 1.4318769899546169e-05, 0.00017613756062928587, 0.0001298194838454947, 5.8947822253685445e-05], [1.6760807284299517e-06, 5.321599473973038e-06, 8.320002962136641e-06, 7.740978617221117e-05, 5.8947822253685445e-05, 3.6296285543357953e-05]]</COVARIANCE_MATRIX>
		<ROI_SIZE>2929</ROI_SIZE>
		<MAX_VALUE>[0.1207495853304863, 0.10026878118515015, 0.08405411243438721, 0.12835147976875305, 0.08649957925081253, 0.05621972680091858]</MAX_VALUE>
		<MIN_VALUE>[0.10255824029445648, 0.07609843462705612, 0.05203830078244209, 0.04830530658364296, 0.006853397469967604, 0.0]</MIN_VALUE>
		<SIGNATURE_THRESHOLD_MD>0.0</SIGNATURE_THRESHOLD_MD>
		<SIGNATURE_THRESHOLD_ML>0.0</SIGNATURE_THRESHOLD_ML>
		<SIGNATURE_THRESHOLD_SAM>0.0</SIGNATURE_THRESHOLD_SAM>
	</signature>
	<signature ID="20210203_083638545592_912">
		<MACROCLASSID>1</MACROCLASSID>
		<MACROCLASSINFO>waterbody</MACROCLASSINFO>
		<CLASSID>3</CLASSID>
		<CLASSINFO>C 1</CLASSINFO>
		<VALUES>[0.1201264438212271, 0.002522331987027857, 0.10535018985726696, 0.0052481444600278255, 0.08063836771739334, 0.006761345294633208, 0.08792480200554353, 0.017972077170050567, 0.038476622194228344, 0.01418637512371874, 0.022613011059650127, 0.008487704341124282]</VALUES>
		<LCS_MIN>[0.1141345426440239, 0.08991006016731262, 0.06950147449970245, 0.06649760901927948, 0.020908605307340622, 0.005758380051702261]</LCS_MIN>
		<LCS_MAX>[0.1323258876800537, 0.1486094743013382, 0.136443629860878, 0.13926686346530914, 0.09586970508098602, 0.07640427350997925]</LCS_MAX>
		<WAVELENGTH>[0.485, 0.56, 0.66, 0.83, 1.65, 2.215]</WAVELENGTH>
		<MEAN_VALUE>[0.1201264438212271, 0.10535018985726696, 0.08063836771739334, 0.08792480200554353, 0.038476622194228344, 0.022613011059650127]</MEAN_VALUE>
		<CHECKBOX>2</CHECKBOX>
		<SD>[0.002522331987027857, 0.0052481444600278255, 0.006761345294633208, 0.017972077170050567, 0.01418637512371874, 0.008487704341124282]</SD>
		<WAVELENGTH_UNIT>E-6m</WAVELENGTH_UNIT>
		<COLOR>#de66ba</COLOR>
		<COVARIANCE_MATRIX>[[6.367550213326467e-06, 8.095411430986132e-06, 1.0535265573707875e-05, 1.340414019068703e-05, 9.610477718524635e-06, 5.447981948236702e-06], [8.095411430986132e-06, 2.7566362405195832e-05, 3.0402166885323822e-05, 3.709128577611409e-05, 2.576502265583258e-05, 1.430663814971922e-05], [1.0535265573707875e-05, 3.0402166885323822e-05, 4.5754532038699836e-05, 7.190564065240324e-05, 5.229310045251623e-05, 2.881858563341666e-05], [1.340414019068703e-05, 3.709128577611409e-05, 7.190564065240324e-05, 0.00032326928339898586, 0.00022378118592314422, 0.00011651272507151589], [9.610477718524635e-06, 2.576502265583258e-05, 5.229310045251623e-05, 0.00022378118592314422, 0.00020142379798926413, 0.00010625984577927738], [5.447981948236702e-06, 1.430663814971922e-05, 2.881858563341666e-05, 0.00011651272507151589, 0.00010625984577927738, 7.210217881947756e-05]]</COVARIANCE_MATRIX>
		<ROI_SIZE>1181</ROI_SIZE>
		<MAX_VALUE>[0.1323258876800537, 0.1486094743013382, 0.136443629860878, 0.13926686346530914, 0.09586970508098602, 0.07640427350997925]</MAX_VALUE>
		<MIN_VALUE>[0.1141345426440239, 0.08991006016731262, 0.06950147449970245, 0.06649760901927948, 0.020908605307340622, 0.005758380051702261]</MIN_VALUE>
		<SIGNATURE_THRESHOLD_MD>0.0</SIGNATURE_THRESHOLD_MD>
		<SIGNATURE_THRESHOLD_ML>0.0</SIGNATURE_THRESHOLD_ML>
		<SIGNATURE_THRESHOLD_SAM>0.0</SIGNATURE_THRESHOLD_SAM>
	</signature>
	<signature ID="20210203_083648830735_366">
		<MACROCLASSID>1</MACROCLASSID>
		<MACROCLASSINFO>waterbody</MACROCLASSINFO>
		<CLASSID>4</CLASSID>
		<CLASSINFO>C 1</CLASSINFO>
		<VALUES>[0.1234967281872576, 0.0032072735218350206, 0.11008530103963267, 0.0043947939395141316, 0.08544924239481774, 0.005676121520180723, 0.1196612665845343, 0.0239727769995098, 0.05583366520764414, 0.01819511263253475, 0.031475594698274434, 0.010423784292129794]</VALUES>
		<LCS_MIN>[0.1174420565366745, 0.09681586921215057, 0.07241199910640717, 0.09196685254573822, 0.03496381640434265, 0.01921474002301693]</LCS_MIN>
		<LCS_MAX>[0.1405946910381317, 0.12443911284208298, 0.1102488711476326, 0.16837456822395325, 0.10758239030838013, 0.06967607140541077]</LCS_MAX>
		<WAVELENGTH>[0.485, 0.56, 0.66, 0.83, 1.65, 2.215]</WAVELENGTH>
		<MEAN_VALUE>[0.1234967281872576, 0.11008530103963267, 0.08544924239481774, 0.1196612665845343, 0.05583366520764414, 0.031475594698274434]</MEAN_VALUE>
		<CHECKBOX>2</CHECKBOX>
		<SD>[0.0032072735218350206, 0.0043947939395141316, 0.005676121520180723, 0.0239727769995098, 0.01819511263253475, 0.010423784292129794]</SD>
		<WAVELENGTH_UNIT>E-6m</WAVELENGTH_UNIT>
		<COLOR>#5f823d</COLOR>
		<COVARIANCE_MATRIX>[[1.0372325050411746e-05, 8.544559932488482e-06, 9.733034858072642e-06, -1.5005176692284294e-06, 9.306406354880892e-06, 9.338624295196496e-06], [8.544559932488482e-06, 1.9475164663163014e-05, 1.7009879229590297e-05, 1.4259193221732858e-06, 1.7476177163189277e-05, 1.735102887323592e-05], [9.733034858072642e-06, 1.7009879229590297e-05, 3.2486841519130394e-05, 4.84952142869588e-05, 5.791178045910783e-05, 4.158123192610219e-05], [-1.5005176692284294e-06, 1.4259193221732858e-06, 4.84952142869588e-05, 0.0005794831668026745, 0.00039283023215830326, 0.00017577798280399293], [9.306406354880892e-06, 1.7476177163189277e-05, 5.791178045910783e-05, 0.00039283023215830326, 0.00033382096444256604, 0.00016969931311905384], [9.338624295196496e-06, 1.735102887323592e-05, 4.158123192610219e-05, 0.00017577798280399293, 0.00016969931311905384, 0.0001095607367460616]]</COVARIANCE_MATRIX>
		<ROI_SIZE>121</ROI_SIZE>
		<MAX_VALUE>[0.1405946910381317, 0.12443911284208298, 0.1102488711476326, 0.16837456822395325, 0.10758239030838013, 0.06967607140541077]</MAX_VALUE>
		<MIN_VALUE>[0.1174420565366745, 0.09681586921215057, 0.07241199910640717, 0.09196685254573822, 0.03496381640434265, 0.01921474002301693]</MIN_VALUE>
		<SIGNATURE_THRESHOLD_MD>0.0</SIGNATURE_THRESHOLD_MD>
		<SIGNATURE_THRESHOLD_ML>0.0</SIGNATURE_THRESHOLD_ML>
		<SIGNATURE_THRESHOLD_SAM>0.0</SIGNATURE_THRESHOLD_SAM>
	</signature>
	<signature ID="20210203_083656136771_319">
		<MACROCLASSID>1</MACROCLASSID>
		<MACROCLASSINFO>waterbody</MACROCLASSINFO>
		<CLASSID>5</CLASSID>
		<CLASSINFO>C 1</CLASSINFO>
		<VALUES>[0.11396367397035617, 0.0020119529305271736, 0.09294249667232773, 0.002758670611150241, 0.07017808828186724, 0.002729599054880944, 0.09684051584273691, 0.016605664727443376, 0.039017866382794635, 0.01209400805513397, 0.021598153283675217, 0.006777560641365526]</VALUES>
		<LCS_MIN>[0.10751949995756149, 0.08645714819431305, 0.060769885778427124, 0.0737745389342308, 0.025593673810362816, 0.009122471325099468]</LCS_MIN>
		<LCS_MAX>[0.1207495853304863, 0.10372167825698853, 0.08405411243438721, 0.15018226206302643, 0.09586970508098602, 0.06294790655374527]</LCS_MAX>
		<WAVELENGTH>[0.485, 0.56, 0.66, 0.83, 1.65, 2.215]</WAVELENGTH>
		<MEAN_VALUE>[0.11396367397035617, 0.09294249667232773, 0.07017808828186724, 0.09684051584273691, 0.039017866382794635, 0.021598153283675217]</MEAN_VALUE>
		<CHECKBOX>2</CHECKBOX>
		<SD>[0.0020119529305271736, 0.002758670611150241, 0.002729599054880944, 0.016605664727443376, 0.01209400805513397, 0.006777560641365526]</SD>
		<WAVELENGTH_UNIT>E-6m</WAVELENGTH_UNIT>
		<COLOR>#303bec</COLOR>
		<COVARIANCE_MATRIX>[[4.062947027705377e-06, 2.5292365535278805e-06, 2.50487187258841e-06, 2.1729788386437576e-06, 2.8618387659662403e-06, 2.057171059277607e-06], [2.5292365535278805e-06, 7.638449460500851e-06, 4.231018010614207e-06, 1.378251090500271e-05, 1.0338688298361376e-05, 5.910335858061444e-06], [2.50487187258841e-06, 4.231018010614207e-06, 7.478306088160025e-06, 1.2221953511470929e-05, 1.1261597137490753e-05, 7.302309313672595e-06], [2.1729788386437576e-06, 1.378251090500271e-05, 1.2221953511470929e-05, 0.00027676939498633146, 0.00017954903887584805, 8.662460459163412e-05], [2.8618387659662403e-06, 1.0338688298361376e-05, 1.1261597137490753e-05, 0.00017954903887584805, 0.0001468067493988201, 6.837700493633747e-05], [2.057171059277607e-06, 5.910335858061444e-06, 7.302309313672595e-06, 8.662460459163412e-05, 6.837700493633747e-05, 4.6105458750389516e-05]]</COVARIANCE_MATRIX>
		<ROI_SIZE>271</ROI_SIZE>
		<MAX_VALUE>[0.1207495853304863, 0.10372167825698853, 0.08405411243438721, 0.15018226206302643, 0.09586970508098602, 0.06294790655374527]</MAX_VALUE>
		<MIN_VALUE>[0.10751949995756149, 0.08645714819431305, 0.060769885778427124, 0.0737745389342308, 0.025593673810362816, 0.009122471325099468]</MIN_VALUE>
		<SIGNATURE_THRESHOLD_MD>0.0</SIGNATURE_THRESHOLD_MD>
		<SIGNATURE_THRESHOLD_ML>0.0</SIGNATURE_THRESHOLD_ML>
		<SIGNATURE_THRESHOLD_SAM>0.0</SIGNATURE_THRESHOLD_SAM>
	</signature>
	<signature ID="20210203_083718224064_987">
		<MACROCLASSID>1</MACROCLASSID>
		<MACROCLASSINFO>waterbody</MACROCLASSINFO>
		<CLASSID>6</CLASSID>
		<CLASSINFO>C 1</CLASSINFO>
		<VALUES>[0.1287114833740846, 0.002590411765364462, 0.11257642806472427, 0.0033200779707893086, 0.08425664987504682, 0.00479051668900491, 0.08599027318566323, 0.01578180915730834, 0.03262127733619766, 0.013557355507242323, 0.01873209114951365, 0.008922931500823182]</VALUES>
		<LCS_MIN>[0.1207495853304863, 0.10372167825698853, 0.07532252371311188, 0.0737745389342308, 0.01622353494167328, 0.005758380051702261]</LCS_MIN>
		<LCS_MAX>[0.1405946910381317, 0.13134491443634033, 0.1102488711476326, 0.15018226206302643, 0.09118463844060898, 0.06967607140541077]</LCS_MAX>
		<WAVELENGTH>[0.485, 0.56, 0.66, 0.83, 1.65, 2.215]</WAVELENGTH>
		<MEAN_VALUE>[0.1287114833740846, 0.11257642806472427, 0.08425664987504682, 0.08599027318566323, 0.03262127733619766, 0.01873209114951365]</MEAN_VALUE>
		<CHECKBOX>2</CHECKBOX>
		<SD>[0.002590411765364462, 0.0033200779707893086, 0.00479051668900491, 0.01578180915730834, 0.013557355507242323, 0.008922931500823182]</SD>
		<WAVELENGTH_UNIT>E-6m</WAVELENGTH_UNIT>
		<COLOR>#89b1f3</COLOR>
		<COVARIANCE_MATRIX>[[6.716003099427326e-06, 3.9913898035592865e-06, 5.752930974267656e-06, 7.373698736046208e-06, 7.751313205517363e-06, 5.99397662881529e-06], [3.9913898035592865e-06, 1.1032395377696957e-05, 1.0933617886621505e-05, 1.5633286238880828e-05, 1.5266010450432077e-05, 1.0769516848085914e-05], [5.752930974267656e-06, 1.0933617886621505e-05, 2.2968783014221117e-05, 4.4262935261940584e-05, 4.145328057347797e-05, 2.701332778087817e-05], [7.373698736046208e-06, 1.5633286238880828e-05, 4.4262935261940584e-05, 0.0002492796629667282, 0.00019410671666264534, 0.00011194687249371782], [7.751313205517363e-06, 1.5266010450432077e-05, 4.145328057347797e-05, 0.00019410671666264534, 0.00018395992810837924, 0.0001090259465854615], [5.99397662881529e-06, 1.0769516848085914e-05, 2.701332778087817e-05, 0.00011194687249371782, 0.0001090259465854615, 7.96871681814082e-05]]</COVARIANCE_MATRIX>
		<ROI_SIZE>1164</ROI_SIZE>
		<MAX_VALUE>[0.1405946910381317, 0.13134491443634033, 0.1102488711476326, 0.15018226206302643, 0.09118463844060898, 0.06967607140541077]</MAX_VALUE>
		<MIN_VALUE>[0.1207495853304863, 0.10372167825698853, 0.07532252371311188, 0.0737745389342308, 0.01622353494167328, 0.005758380051702261]</MIN_VALUE>
		<SIGNATURE_THRESHOLD_MD>0.0</SIGNATURE_THRESHOLD_MD>
		<SIGNATURE_THRESHOLD_ML>0.0</SIGNATURE_THRESHOLD_ML>
		<SIGNATURE_THRESHOLD_SAM>0.0</SIGNATURE_THRESHOLD_SAM>
	</signature>
	<signature ID="20210203_083728632888_438">
		<MACROCLASSID>1</MACROCLASSID>
		<MACROCLASSINFO>waterbody</MACROCLASSINFO>
		<CLASSID>7</CLASSID>
		<CLASSINFO>C 1</CLASSINFO>
		<VALUES>[0.14447335653083848, 0.002473130386210001, 0.12863955808054536, 0.003164123587438932, 0.10474286343633514, 0.004077346380479793, 0.12837023537644413, 0.01998167591287544, 0.05796653491243258, 0.016561390783456396, 0.03274046041109819, 0.010483291465273194]</VALUES>
		<LCS_MIN>[0.1389409303665161, 0.120986208319664, 0.09569622576236725, 0.10288224369287491, 0.03496381640434265, 0.015850650146603584]</LCS_MIN>
		<LCS_MAX>[0.15051725506782532, 0.1347978264093399, 0.11898045986890793, 0.17565149068832397, 0.10758239030838013, 0.06294790655374527]</LCS_MAX>
		<WAVELENGTH>[0.485, 0.56, 0.66, 0.83, 1.65, 2.215]</WAVELENGTH>
		<MEAN_VALUE>[0.14447335653083848, 0.12863955808054536, 0.10474286343633514, 0.12837023537644413, 0.05796653491243258, 0.03274046041109819]</MEAN_VALUE>
		<CHECKBOX>2</CHECKBOX>
		<SD>[0.002473130386210001, 0.003164123587438932, 0.004077346380479793, 0.01998167591287544, 0.016561390783456396, 0.010483291465273194]</SD>
		<WAVELENGTH_UNIT>E-6m</WAVELENGTH_UNIT>
		<COLOR>#e118f9</COLOR>
		<COVARIANCE_MATRIX>[[6.148065040179063e-06, 3.624242481237161e-06, 5.9542321650951635e-06, 1.3083540579827968e-05, 1.12825000542216e-05, 8.262039045803249e-06], [3.624242481237161e-06, 1.0063552508654539e-05, 9.031952686200384e-06, 2.420105920464266e-05, 2.0350300474092364e-05, 1.3489688171830494e-05], [5.9542321650951635e-06, 9.031952686200384e-06, 1.6710891941329464e-05, 3.977456799475476e-05, 3.355268927407451e-05, 2.2097186956671067e-05], [1.3083540579827968e-05, 2.420105920464266e-05, 3.977456799475476e-05, 0.00040133611764758825, 0.0002999548160005361, 0.00017852679593488574], [1.12825000542216e-05, 2.0350300474092364e-05, 3.355268927407451e-05, 0.0002999548160005361, 0.00027570078964345157, 0.00016155923367477953], [8.262039045803249e-06, 1.3489688171830494e-05, 2.2097186956671067e-05, 0.00017852679593488574, 0.00016155923367477953, 0.00011046882718801498]]</COVARIANCE_MATRIX>
		<ROI_SIZE>194</ROI_SIZE>
		<MAX_VALUE>[0.15051725506782532, 0.1347978264093399, 0.11898045986890793, 0.17565149068832397, 0.10758239030838013, 0.06294790655374527]</MAX_VALUE>
		<MIN_VALUE>[0.1389409303665161, 0.120986208319664, 0.09569622576236725, 0.10288224369287491, 0.03496381640434265, 0.015850650146603584]</MIN_VALUE>
		<SIGNATURE_THRESHOLD_MD>0.0</SIGNATURE_THRESHOLD_MD>
		<SIGNATURE_THRESHOLD_ML>0.0</SIGNATURE_THRESHOLD_ML>
		<SIGNATURE_THRESHOLD_SAM>0.0</SIGNATURE_THRESHOLD_SAM>
	</signature>
	<signature ID="20210203_083744691050_352">
		<MACROCLASSID>1</MACROCLASSID>
		<MACROCLASSINFO>waterbody</MACROCLASSINFO>
		<CLASSID>8</CLASSID>
		<CLASSINFO>C 1</CLASSINFO>
		<VALUES>[0.1433255163522867, 0.002422103129597916, 0.1283701166128502, 0.0033473612071838457, 0.09686043709516527, 0.00517638432454479, 0.10435628336973679, 0.014434399473907691, 0.04987194192333098, 0.01633769413749502, 0.030618140387993587, 0.011968955121100869]</VALUES>
		<LCS_MIN>[0.1356334090232849, 0.11753331124782562, 0.08987516909837723, 0.09196685254573822, 0.03496381640434265, 0.015850650146603584]</LCS_MIN>
		<LCS_MAX>[0.15051725506782532, 0.13825075328350067, 0.12189097702503204, 0.16473610699176788, 0.10758239030838013, 0.07640427350997925]</LCS_MAX>
		<WAVELENGTH>[0.485, 0.56, 0.66, 0.83, 1.65, 2.215]</WAVELENGTH>
		<MEAN_VALUE>[0.1433255163522867, 0.1283701166128502, 0.09686043709516527, 0.10435628336973679, 0.04987194192333098, 0.030618140387993587]</MEAN_VALUE>
		<CHECKBOX>2</CHECKBOX>
		<SD>[0.002422103129597916, 0.0033473612071838457, 0.00517638432454479, 0.014434399473907691, 0.01633769413749502, 0.011968955121100869]</SD>
		<WAVELENGTH_UNIT>E-6m</WAVELENGTH_UNIT>
		<COLOR>#2b45bb</COLOR>
		<COVARIANCE_MATRIX>[[5.896823495277204e-06, 3.720961103681475e-06, 3.9498959267803e-06, 4.049127710459288e-06, 7.783108230796643e-06, 6.868290711281588e-06], [3.720961103681475e-06, 1.1262583939242177e-05, 8.35062746773474e-06, 6.156079507491086e-06, 1.3057117939752061e-05, 1.1824055036413483e-05], [3.9498959267803e-06, 8.35062746773474e-06, 2.6933072149404325e-05, 5.7337998441653326e-05, 6.777945236535743e-05, 4.7977246140362695e-05], [4.049127710459288e-06, 6.156079507491086e-06, 5.7337998441653326e-05, 0.0002094258670695126, 0.00021331064635887742, 0.00014525422011502087], [7.783108230796643e-06, 1.3057117939752061e-05, 6.777945236535743e-05, 0.00021331064635887742, 0.00026829613489098847, 0.00018378325330559164], [6.868290711281588e-06, 1.1824055036413483e-05, 4.7977246140362695e-05, 0.00014525422011502087, 0.00018378325330559164, 0.00014399431529454887]]</COVARIANCE_MATRIX>
		<ROI_SIZE>195</ROI_SIZE>
		<MAX_VALUE>[0.15051725506782532, 0.13825075328350067, 0.12189097702503204, 0.16473610699176788, 0.10758239030838013, 0.07640427350997925]</MAX_VALUE>
		<MIN_VALUE>[0.1356334090232849, 0.11753331124782562, 0.08987516909837723, 0.09196685254573822, 0.03496381640434265, 0.015850650146603584]</MIN_VALUE>
		<SIGNATURE_THRESHOLD_MD>0.0</SIGNATURE_THRESHOLD_MD>
		<SIGNATURE_THRESHOLD_ML>0.0</SIGNATURE_THRESHOLD_ML>
		<SIGNATURE_THRESHOLD_SAM>0.0</SIGNATURE_THRESHOLD_SAM>
	</signature>
	<signature ID="20210203_083856570681_410">
		<MACROCLASSID>1</MACROCLASSID>
		<MACROCLASSINFO>waterbody</MACROCLASSINFO>
		<CLASSID>9</CLASSID>
		<CLASSINFO>C 1</CLASSINFO>
		<VALUES>[0.13673591613769545, 0.0027149343439645092, 0.11691767410483471, 0.003053752534519745, 0.09188320955564808, 0.004160514067907236, 0.11412198763600617, 0.019730663976877907, 0.05351341644287569, 0.017430935162647352, 0.030689153329346523, 0.01075393646249466]</VALUES>
		<LCS_MIN>[0.1306721270084381, 0.1071745827794075, 0.0811435878276825, 0.09196685254573822, 0.03027874231338501, 0.015850650146603584]</LCS_MIN>
		<LCS_MAX>[0.14390221238136292, 0.12789203226566315, 0.1102488711476326, 0.16473610699176788, 0.10289731621742249, 0.08986061811447144]</LCS_MAX>
		<WAVELENGTH>[0.485, 0.56, 0.66, 0.83, 1.65, 2.215]</WAVELENGTH>
		<MEAN_VALUE>[0.13673591613769545, 0.11691767410483471, 0.09188320955564808, 0.11412198763600617, 0.05351341644287569, 0.030689153329346523]</MEAN_VALUE>
		<CHECKBOX>2</CHECKBOX>
		<SD>[0.0027149343439645092, 0.003053752534519745, 0.004160514067907236, 0.019730663976877907, 0.017430935162647352, 0.01075393646249466]</SD>
		<WAVELENGTH_UNIT>E-6m</WAVELENGTH_UNIT>
		<COLOR>#6da7e9</COLOR>
		<COVARIANCE_MATRIX>[[7.399548849207349e-06, 4.836333573621232e-06, 5.006847459299024e-06, -1.241670543095097e-05, -5.44167642146931e-06, 1.7606605524633778e-06], [4.836333573621232e-06, 9.36168999032816e-06, 7.927844308142085e-06, -1.7886752175400034e-05, -7.514006483688718e-06, 2.933302312158048e-06], [5.006847459299024e-06, 7.927844308142085e-06, 1.7377231415593997e-05, 1.4138954611553345e-05, 2.532182952563744e-05, 2.3425456674885936e-05], [-1.241670543095097e-05, -1.7886752175400034e-05, 1.4138954611553345e-05, 0.0003908138896804303, 0.000312204472720623, 0.0001542897807667032], [-5.44167642146931e-06, -7.514006483688718e-06, 2.532182952563744e-05, 0.000312204472720623, 0.00030501975561492145, 0.00016688952746335417], [1.7606605524633778e-06, 2.933302312158048e-06, 2.3425456674885936e-05, 0.0001542897807667032, 0.00016688952746335417, 0.00011609713692450896]]</COVARIANCE_MATRIX>
		<ROI_SIZE>258</ROI_SIZE>
		<MAX_VALUE>[0.14390221238136292, 0.12789203226566315, 0.1102488711476326, 0.16473610699176788, 0.10289731621742249, 0.08986061811447144]</MAX_VALUE>
		<MIN_VALUE>[0.1306721270084381, 0.1071745827794075, 0.0811435878276825, 0.09196685254573822, 0.03027874231338501, 0.015850650146603584]</MIN_VALUE>
		<SIGNATURE_THRESHOLD_MD>0.0</SIGNATURE_THRESHOLD_MD>
		<SIGNATURE_THRESHOLD_ML>0.0</SIGNATURE_THRESHOLD_ML>
		<SIGNATURE_THRESHOLD_SAM>0.0</SIGNATURE_THRESHOLD_SAM>
	</signature>
	<signature ID="20210203_083907186929_790">
		<MACROCLASSID>1</MACROCLASSID>
		<MACROCLASSINFO>waterbody</MACROCLASSINFO>
		<CLASSID>10</CLASSID>
		<CLASSINFO>C 1</CLASSINFO>
		<VALUES>[0.14565409478652028, 0.002201123999312627, 0.12141302131733436, 0.002492760186691663, 0.08595009448354426, 0.0034133968333768523, 0.09538943779151735, 0.011014743030867195, 0.030025378547664152, 0.011199641298950784, 0.016204707851755453, 0.008321086674858253]</VALUES>
		<LCS_MIN>[0.1372871696949005, 0.11408039927482605, 0.07823304831981659, 0.08468993008136749, 0.01622353494167328, 0.0]</LCS_MIN>
		<LCS_MAX>[0.15382476150989532, 0.13134491443634033, 0.1073383241891861, 0.15745918452739716, 0.0935271680355072, 0.06967607140541077]</LCS_MAX>
		<WAVELENGTH>[0.485, 0.56, 0.66, 0.83, 1.65, 2.215]</WAVELENGTH>
		<MEAN_VALUE>[0.14565409478652028, 0.12141302131733436, 0.08595009448354426, 0.09538943779151735, 0.030025378547664152, 0.016204707851755453]</MEAN_VALUE>
		<CHECKBOX>2</CHECKBOX>
		<SD>[0.002201123999312627, 0.002492760186691663, 0.0034133968333768523, 0.011014743030867195, 0.011199641298950784, 0.008321086674858253]</SD>
		<WAVELENGTH_UNIT>E-6m</WAVELENGTH_UNIT>
		<COLOR>#8ec92e</COLOR>
		<COVARIANCE_MATRIX>[[4.8479432734893635e-06, 1.1163937188030104e-06, 1.4128455916306848e-07, -3.8116199903015513e-06, -4.2012966332549695e-06, -2.289326175741735e-06], [1.1163937188030104e-06, 6.217695954546798e-06, 2.6147806693188613e-06, 4.031329353892943e-06, 3.0344949664140586e-06, 2.7366011181584327e-06], [1.4128455916306848e-07, 2.6147806693188613e-06, 1.1658483344945125e-05, 2.52829249802744e-05, 2.627696085255593e-05, 1.946187694557011e-05], [-3.8116199903015513e-06, 4.031329353892943e-06, 2.52829249802744e-05, 0.00012139959289925173, 0.00011443161929491907, 7.700997230131179e-05], [-4.2012966332549695e-06, 3.0344949664140586e-06, 2.627696085255593e-05, 0.00011443161929491907, 0.00012550954124890268, 8.342007640749216e-05], [-2.289326175741735e-06, 2.7366011181584327e-06, 1.946187694557011e-05, 7.700997230131179e-05, 8.342007640749216e-05, 6.928330549271777e-05]]</COVARIANCE_MATRIX>
		<ROI_SIZE>1618</ROI_SIZE>
		<MAX_VALUE>[0.15382476150989532, 0.13134491443634033, 0.1073383241891861, 0.15745918452739716, 0.0935271680355072, 0.06967607140541077]</MAX_VALUE>
		<MIN_VALUE>[0.1372871696949005, 0.11408039927482605, 0.07823304831981659, 0.08468993008136749, 0.01622353494167328, 0.0]</MIN_VALUE>
		<SIGNATURE_THRESHOLD_MD>0.0</SIGNATURE_THRESHOLD_MD>
		<SIGNATURE_THRESHOLD_ML>0.0</SIGNATURE_THRESHOLD_ML>
		<SIGNATURE_THRESHOLD_SAM>0.0</SIGNATURE_THRESHOLD_SAM>
	</signature>
	<signature ID="20210203_083919779923_226">
		<MACROCLASSID>1</MACROCLASSID>
		<MACROCLASSINFO>waterbody</MACROCLASSINFO>
		<CLASSID>11</CLASSID>
		<CLASSINFO>C 1</CLASSINFO>
		<VALUES>[0.16098096569670092, 0.0031279203947549086, 0.13929217605473873, 0.004728537308519893, 0.1106132120603087, 0.008859764137495025, 0.11090497170761772, 0.01467672520166497, 0.04312838557125844, 0.014756969315721808, 0.026159638456460285, 0.01157305324798435]</VALUES>
		<LCS_MIN>[0.14886349439620972, 0.12789203226566315, 0.09860675036907196, 0.09560531377792358, 0.025593673810362816, 0.009122471325099468]</LCS_MIN>
		<LCS_MAX>[0.17366987466812134, 0.15896816551685333, 0.14517521858215332, 0.16837456822395325, 0.10289731621742249, 0.08313245326280594]</LCS_MAX>
		<WAVELENGTH>[0.485, 0.56, 0.66, 0.83, 1.65, 2.215]</WAVELENGTH>
		<MEAN_VALUE>[0.16098096569670092, 0.13929217605473873, 0.1106132120603087, 0.11090497170761772, 0.04312838557125844, 0.026159638456460285]</MEAN_VALUE>
		<CHECKBOX>2</CHECKBOX>
		<SD>[0.0031279203947549086, 0.004728537308519893, 0.008859764137495025, 0.01467672520166497, 0.014756969315721808, 0.01157305324798435]</SD>
		<WAVELENGTH_UNIT>E-6m</WAVELENGTH_UNIT>
		<COLOR>#65ce59</COLOR>
		<COVARIANCE_MATRIX>[[1.1139024536532816e-05, 1.1122738214908168e-05, 1.705636350379791e-05, 1.8812070265994407e-05, 1.8320624803891405e-05, 1.5400019037770107e-05], [1.1122738214908168e-05, 2.3333559511229396e-05, 3.413239755900577e-05, 4.269117198418826e-05, 4.056657417095266e-05, 3.279218799434602e-05], [1.705636350379791e-05, 3.413239755900577e-05, 7.931311847642064e-05, 0.00010190638568019494, 9.561079787090421e-05, 7.369384547928348e-05], [1.8812070265994407e-05, 4.269117198418826e-05, 0.00010190638568019494, 0.0002197763096773997, 0.0002019616076722741, 0.00014333971193991601], [1.8320624803891405e-05, 4.056657417095266e-05, 9.561079787090421e-05, 0.0002019616076722741, 0.00022593150788452476, 0.000164304074132815], [1.5400019037770107e-05, 3.279218799434602e-05, 7.369384547928348e-05, 0.00014333971193991601, 0.000164304074132815, 0.00013767740165349096]]</COVARIANCE_MATRIX>
		<ROI_SIZE>2077</ROI_SIZE>
		<MAX_VALUE>[0.17366987466812134, 0.15896816551685333, 0.14517521858215332, 0.16837456822395325, 0.10289731621742249, 0.08313245326280594]</MAX_VALUE>
		<MIN_VALUE>[0.14886349439620972, 0.12789203226566315, 0.09860675036907196, 0.09560531377792358, 0.025593673810362816, 0.009122471325099468]</MIN_VALUE>
		<SIGNATURE_THRESHOLD_MD>0.0</SIGNATURE_THRESHOLD_MD>
		<SIGNATURE_THRESHOLD_ML>0.0</SIGNATURE_THRESHOLD_ML>
		<SIGNATURE_THRESHOLD_SAM>0.0</SIGNATURE_THRESHOLD_SAM>
	</signature>
	<signature ID="20210203_083929900465_758">
		<MACROCLASSID>1</MACROCLASSID>
		<MACROCLASSINFO>waterbody</MACROCLASSINFO>
		<CLASSID>12</CLASSID>
		<CLASSINFO>C 1</CLASSINFO>
		<VALUES>[0.13942652212203052, 0.003223861461413412, 0.12063709514375529, 0.005184327471787725, 0.09381768568689804, 0.006372624130295963, 0.10436383223063073, 0.017789889133231575, 0.04725076269533825, 0.01784949791473962, 0.027983737183306517, 0.011356740937936441]</VALUES>
		<LCS_MIN>[0.1323258876800537, 0.11062749475240707, 0.0811435878276825, 0.08105146139860153, 0.025593673810362816, 0.009122471325099468]</LCS_MIN>
		<LCS_MAX>[0.15547852218151093, 0.14515654742717743, 0.12771204113960266, 0.16109763085842133, 0.10055477917194366, 0.08313245326280594]</LCS_MAX>
		<WAVELENGTH>[0.485, 0.56, 0.66, 0.83, 1.65, 2.215]</WAVELENGTH>
		<MEAN_VALUE>[0.13942652212203052, 0.12063709514375529, 0.09381768568689804, 0.10436383223063073, 0.04725076269533825, 0.027983737183306517]</MEAN_VALUE>
		<CHECKBOX>2</CHECKBOX>
		<SD>[0.003223861461413412, 0.005184327471787725, 0.006372624130295963, 0.017789889133231575, 0.01784949791473962, 0.011356740937936441]</SD>
		<WAVELENGTH_UNIT>E-6m</WAVELENGTH_UNIT>
		<COLOR>#489505</COLOR>
		<COVARIANCE_MATRIX>[[1.04076980278478e-05, 1.1978397196799051e-05, 1.3404055607679766e-05, 1.1080170224886388e-05, 1.0311090591130778e-05, 8.745498234929983e-06], [1.1978397196799051e-05, 2.6914529371424578e-05, 2.4851013222360052e-05, 1.66184690897353e-05, 1.4807282241235953e-05, 1.3940439202997368e-05], [1.3404055607679766e-05, 2.4851013222360052e-05, 4.066666224389337e-05, 6.465174374170601e-05, 6.144947838038206e-05, 4.2162209865637124e-05], [1.1080170224886388e-05, 1.66184690897353e-05, 6.465174374170601e-05, 0.0003169190895278007, 0.0002862895780708641, 0.00016371611854992807], [1.0311090591130778e-05, 1.4807282241235953e-05, 6.144947838038206e-05, 0.0002862895780708641, 0.0003190464631188661, 0.00018726970301941037], [8.745498234929983e-06, 1.3940439202997368e-05, 4.2162209865637124e-05, 0.00016371611854992807, 0.00018726970301941037, 0.0001291544467676431]]</COVARIANCE_MATRIX>
		<ROI_SIZE>722</ROI_SIZE>
		<MAX_VALUE>[0.15547852218151093, 0.14515654742717743, 0.12771204113960266, 0.16109763085842133, 0.10055477917194366, 0.08313245326280594]</MAX_VALUE>
		<MIN_VALUE>[0.1323258876800537, 0.11062749475240707, 0.0811435878276825, 0.08105146139860153, 0.025593673810362816, 0.009122471325099468]</MIN_VALUE>
		<SIGNATURE_THRESHOLD_MD>0.0</SIGNATURE_THRESHOLD_MD>
		<SIGNATURE_THRESHOLD_ML>0.0</SIGNATURE_THRESHOLD_ML>
		<SIGNATURE_THRESHOLD_SAM>0.0</SIGNATURE_THRESHOLD_SAM>
	</signature>
	<signature ID="20210203_083940211750_795">
		<MACROCLASSID>1</MACROCLASSID>
		<MACROCLASSINFO>waterbody</MACROCLASSINFO>
		<CLASSID>13</CLASSID>
		<CLASSINFO>C 1</CLASSINFO>
		<VALUES>[0.13693279240812561, 0.0034004356354643476, 0.11658786818207732, 0.005092337363896262, 0.09514183914732365, 0.007050737241726491, 0.10335870770116648, 0.018285459907804287, 0.04324634542821772, 0.01802398924867174, 0.025742674972640264, 0.01335435959290113]</VALUES>
		<LCS_MIN>[0.1290183663368225, 0.1071745827794075, 0.08405411243438721, 0.08105146139860153, 0.023251138627529144, 0.009122471325099468]</LCS_MIN>
		<LCS_MAX>[0.14886349439620972, 0.1347978264093399, 0.12480150163173676, 0.15745918452739716, 0.09821224212646484, 0.06967607140541077]</LCS_MAX>
		<WAVELENGTH>[0.485, 0.56, 0.66, 0.83, 1.65, 2.215]</WAVELENGTH>
		<MEAN_VALUE>[0.13693279240812561, 0.11658786818207732, 0.09514183914732365, 0.10335870770116648, 0.04324634542821772, 0.025742674972640264]</MEAN_VALUE>
		<CHECKBOX>2</CHECKBOX>
		<SD>[0.0034004356354643476, 0.005092337363896262, 0.007050737241726491, 0.018285459907804287, 0.01802398924867174, 0.01335435959290113]</SD>
		<WAVELENGTH_UNIT>E-6m</WAVELENGTH_UNIT>
		<COLOR>#9b91f2</COLOR>
		<COVARIANCE_MATRIX>[[1.1632201676547993e-05, 1.2758980119542684e-05, 1.80756687768735e-05, 1.3861568731954321e-05, 2.2786625777371228e-05, 2.1649188056471758e-05], [1.2758980119542684e-05, 2.608718023111578e-05, 3.154775549774058e-05, 2.6933825211017393e-05, 3.7180343497311696e-05, 3.4100739867426455e-05], [1.80756687768735e-05, 3.154775549774058e-05, 5.001057797926478e-05, 4.7381028707604855e-05, 6.296015635598451e-05, 5.418005821411498e-05], [1.3861568731954321e-05, 2.6933825211017393e-05, 4.7381028707604855e-05, 0.0003363601863384247, 0.0002995487011503428, 0.00019051403796765953], [2.2786625777371228e-05, 3.7180343497311696e-05, 6.296015635598451e-05, 0.0002995487011503428, 0.00032680947333574295, 0.00022439863823819906], [2.1649188056471758e-05, 3.4100739867426455e-05, 5.418005821411498e-05, 0.00019051403796765953, 0.00022439863823819906, 0.00017940682300832123]]</COVARIANCE_MATRIX>
		<ROI_SIZE>168</ROI_SIZE>
		<MAX_VALUE>[0.14886349439620972, 0.1347978264093399, 0.12480150163173676, 0.15745918452739716, 0.09821224212646484, 0.06967607140541077]</MAX_VALUE>
		<MIN_VALUE>[0.1290183663368225, 0.1071745827794075, 0.08405411243438721, 0.08105146139860153, 0.023251138627529144, 0.009122471325099468]</MIN_VALUE>
		<SIGNATURE_THRESHOLD_MD>0.0</SIGNATURE_THRESHOLD_MD>
		<SIGNATURE_THRESHOLD_ML>0.0</SIGNATURE_THRESHOLD_ML>
		<SIGNATURE_THRESHOLD_SAM>0.0</SIGNATURE_THRESHOLD_SAM>
	</signature>
	<signature ID="20210203_083945908645_911">
		<MACROCLASSID>1</MACROCLASSID>
		<MACROCLASSINFO>waterbody</MACROCLASSINFO>
		<CLASSID>14</CLASSID>
		<CLASSINFO>C 1</CLASSINFO>
		<VALUES>[0.13322220071581478, 0.002681906629068459, 0.10828162519303897, 0.00505291762724645, 0.08716460186561552, 0.005515201197734028, 0.12696275348199237, 0.0292754551864528, 0.0596230117078046, 0.02340625412592714, 0.03439166302302185, 0.014079849362980594]</VALUES>
		<LCS_MIN>[0.1273646056652069, 0.10026878118515015, 0.07823304831981659, 0.08832839876413345, 0.027936208993196487, 0.012486561201512814]</LCS_MIN>
		<LCS_MAX>[0.14224845170974731, 0.120986208319664, 0.10442780703306198, 0.17928995192050934, 0.10992491245269775, 0.06631199270486832]</LCS_MAX>
		<WAVELENGTH>[0.485, 0.56, 0.66, 0.83, 1.65, 2.215]</WAVELENGTH>
		<MEAN_VALUE>[0.13322220071581478, 0.10828162519303897, 0.08716460186561552, 0.12696275348199237, 0.0596230117078046, 0.03439166302302185]</MEAN_VALUE>
		<CHECKBOX>2</CHECKBOX>
		<SD>[0.002681906629068459, 0.00505291762724645, 0.005515201197734028, 0.0292754551864528, 0.02340625412592714, 0.014079849362980594]</SD>
		<WAVELENGTH_UNIT>E-6m</WAVELENGTH_UNIT>
		<COLOR>#e55cdc</COLOR>
		<COVARIANCE_MATRIX>[[7.247951089084381e-06, 7.829087735444773e-06, 9.075773050426506e-06, 3.0275468816398643e-05, 3.092050246777944e-05, 2.125590981449932e-05], [7.829087735444773e-06, 2.5728375476319343e-05, 2.3509883249062113e-05, 0.0001143287299782969, 9.637062612455338e-05, 6.0180947912158445e-05], [9.075773050426506e-06, 2.3509883249062113e-05, 3.065142300329171e-05, 0.00011245075438637286, 9.871745714917779e-05, 6.600804772460833e-05], [3.0275468816398643e-05, 0.0001143287299782969, 0.00011245075438637286, 0.0008636449929326773, 0.0006239876383915544, 0.0003471082600299269], [3.092050246777944e-05, 9.637062612455338e-05, 9.871745714917779e-05, 0.0006239876383915544, 0.0005520670092664659, 0.0003086554061155766], [2.125590981449932e-05, 6.0180947912158445e-05, 6.600804772460833e-05, 0.0003471082600299269, 0.0003086554061155766, 0.00019976709154434502]]</COVARIANCE_MATRIX>
		<ROI_SIZE>131</ROI_SIZE>
		<MAX_VALUE>[0.14224845170974731, 0.120986208319664, 0.10442780703306198, 0.17928995192050934, 0.10992491245269775, 0.06631199270486832]</MAX_VALUE>
		<MIN_VALUE>[0.1273646056652069, 0.10026878118515015, 0.07823304831981659, 0.08832839876413345, 0.027936208993196487, 0.012486561201512814]</MIN_VALUE>
		<SIGNATURE_THRESHOLD_MD>0.0</SIGNATURE_THRESHOLD_MD>
		<SIGNATURE_THRESHOLD_ML>0.0</SIGNATURE_THRESHOLD_ML>
		<SIGNATURE_THRESHOLD_SAM>0.0</SIGNATURE_THRESHOLD_SAM>
	</signature>
	<signature ID="20210203_084006301725_161">
		<MACROCLASSID>1</MACROCLASSID>
		<MACROCLASSINFO>waterbody</MACROCLASSINFO>
		<CLASSID>15</CLASSID>
		<CLASSINFO>C 1</CLASSINFO>
		<VALUES>[0.15682632910648128, 0.002323260892295019, 0.13662682906039875, 0.004517417849750321, 0.10851161582386366, 0.008861973133376822, 0.10892272669506396, 0.014389243318864695, 0.04882285780225311, 0.015235253221804327, 0.0312953260042564, 0.011322734393391763]</VALUES>
		<LCS_MIN>[0.15051725506782532, 0.12789203226566315, 0.09860675036907196, 0.09560531377792358, 0.03027874231338501, 0.015850650146603584]</LCS_MIN>
		<LCS_MAX>[0.16540107131004333, 0.15551526844501495, 0.14808572828769684, 0.16473610699176788, 0.10758239030838013, 0.08313245326280594]</LCS_MAX>
		<WAVELENGTH>[0.485, 0.56, 0.66, 0.83, 1.65, 2.215]</WAVELENGTH>
		<MEAN_VALUE>[0.15682632910648128, 0.13662682906039875, 0.10851161582386366, 0.10892272669506396, 0.04882285780225311, 0.0312953260042564]</MEAN_VALUE>
		<CHECKBOX>2</CHECKBOX>
		<SD>[0.002323260892295019, 0.004517417849750321, 0.008861973133376822, 0.014389243318864695, 0.015235253221804327, 0.011322734393391763]</SD>
		<WAVELENGTH_UNIT>E-6m</WAVELENGTH_UNIT>
		<COLOR>#d81e90</COLOR>
		<COVARIANCE_MATRIX>[[5.524323114514118e-06, 3.855172508338001e-06, 7.3487717600073665e-06, 8.428873115917668e-06, 9.98269024421461e-06, 7.902830475359224e-06], [3.855172508338001e-06, 1.6586975107202306e-05, 2.6326762963435613e-05, 3.33355346811004e-05, 3.31456249114126e-05, 2.4887620384106413e-05], [7.3487717600073665e-06, 2.6326762963435613e-05, 6.431061046896502e-05, 8.613397949375212e-05, 8.54656464071013e-05, 6.221668445505202e-05], [8.428873115917668e-06, 3.33355346811004e-05, 8.613397949375212e-05, 0.00018812567577697337, 0.00018073030514642596, 0.00012591364793479443], [9.98269024421461e-06, 3.31456249114126e-05, 8.54656464071013e-05, 0.00018073030514642596, 0.00020443157700356096, 0.00014349121192935854], [7.902830475359224e-06, 2.4887620384106413e-05, 6.221668445505202e-05, 0.00012591364793479443, 0.00014349121192935854, 0.00011584346066229045]]</COVARIANCE_MATRIX>
		<ROI_SIZE>1931</ROI_SIZE>
		<MAX_VALUE>[0.16540107131004333, 0.15551526844501495, 0.14808572828769684, 0.16473610699176788, 0.10758239030838013, 0.08313245326280594]</MAX_VALUE>
		<MIN_VALUE>[0.15051725506782532, 0.12789203226566315, 0.09860675036907196, 0.09560531377792358, 0.03027874231338501, 0.015850650146603584]</MIN_VALUE>
		<SIGNATURE_THRESHOLD_MD>0.0</SIGNATURE_THRESHOLD_MD>
		<SIGNATURE_THRESHOLD_ML>0.0</SIGNATURE_THRESHOLD_ML>
		<SIGNATURE_THRESHOLD_SAM>0.0</SIGNATURE_THRESHOLD_SAM>
	</signature>
	<signature ID="20210203_084031925918_870">
		<MACROCLASSID>1</MACROCLASSID>
		<MACROCLASSINFO>waterbody</MACROCLASSINFO>
		<CLASSID>16</CLASSID>
		<CLASSINFO>C 1</CLASSINFO>
		<VALUES>[0.14455940717594634, 0.0025352864276902034, 0.1232356602623331, 0.003445625855693269, 0.10181117642682998, 0.0043882327665645884, 0.15392738435089767, 0.020785249239065173, 0.08021974749256426, 0.019056518591087042, 0.04843958342259794, 0.013151535917983423]</VALUES>
		<LCS_MIN>[0.1372871696949005, 0.11408039927482605, 0.08987516909837723, 0.1137976348400116, 0.04433395341038704, 0.022578826174139977]</LCS_MIN>
