<?xml version="1.0" ?>
<signaturelist MCID_LIST="[['1', 'waterbody', '#0000ff'], ['2', 'vegetation', '#00ff00'], ['3', 'bareland', '#ffaa00'], ['4', 'built-up', '#ff0000']]">
	<signature ID="20210128_221114048081_990">
		<MACROCLASSID>1</MACROCLASSID>
		<MACROCLASSINFO>waterbody</MACROCLASSINFO>
		<CLASSID>1</CLASSID>
		<CLASSINFO>C 1</CLASSINFO>
		<VALUES>[0.14679992940161674, 0.0038181934147712426, 0.13859612896039938, 0.005530426377750717, 0.14409069178299516, 0.007507860471774155, 0.12382007598608122, 0.007312575325477069, 0.024364129643762496, 0.007599851912788408, 0.014732927286795816, 0.006810900643070219]</VALUES>
		<LCS_MIN>[0.13797138631343842, 0.12393750250339508, 0.11182764917612076, 0.09772634506225586, 0.010585850104689598, 0.005282967817038298]</LCS_MIN>
		<LCS_MAX>[0.16723193228244781, 0.15864412486553192, 0.1652323305606842, 0.15113547444343567, 0.049270275980234146, 0.03923282027244568]</LCS_MAX>
		<WAVELENGTH>[0.485, 0.56, 0.66, 0.83, 1.65, 2.215]</WAVELENGTH>
		<MEAN_VALUE>[0.14679992940161674, 0.13859612896039938, 0.14409069178299516, 0.12382007598608122, 0.024364129643762496, 0.014732927286795816]</MEAN_VALUE>
		<CHECKBOX>2</CHECKBOX>
		<SD>[0.0038181934147712426, 0.005530426377750717, 0.007507860471774155, 0.007312575325477069, 0.007599851912788408, 0.006810900643070219]</SD>
		<WAVELENGTH_UNIT>E-6m</WAVELENGTH_UNIT>
		<COLOR>#d8181a</COLOR>
		<COVARIANCE_MATRIX>[[1.459741179132834e-05, 1.6201856851694174e-05, 1.6823381884023547e-05, 1.7808029951993376e-05, 1.5691770386183634e-05, 1.017164049699204e-05], [1.6201856851694174e-05, 3.062508039874956e-05, 3.4545071684988216e-05, 2.8560876671690494e-05, 1.8512642782297917e-05, 1.1975434063060675e-05], [1.6823381884023547e-05, 3.4545071684988216e-05, 5.6440701882820576e-05, 3.899727380485274e-05, 1.1467708645795938e-05, 6.742348432453582e-06], [1.7808029951993376e-05, 2.8560876671690494e-05, 3.899727380485274e-05, 5.354275708668865e-05, 2.7144171326654032e-05, 1.880740273918491e-05], [1.5691770386183634e-05, 1.8512642782297917e-05, 1.1467708645795938e-05, 2.7144171326654032e-05, 5.783227607025765e-05, 4.472142973099835e-05], [1.017164049699204e-05, 1.1975434063060675e-05, 6.742348432453582e-06, 1.880740273918491e-05, 4.472142973099835e-05, 4.644822183763608e-05]]</COVARIANCE_MATRIX>
		<ROI_SIZE>776</ROI_SIZE>
		<MAX_VALUE>[0.16723193228244781, 0.15864412486553192, 0.1652323305606842, 0.15113547444343567, 0.049270275980234146, 0.03923282027244568]</MAX_VALUE>
		<MIN_VALUE>[0.13797138631343842, 0.12393750250339508, 0.11182764917612076, 0.09772634506225586, 0.010585850104689598, 0.005282967817038298]</MIN_VALUE>
		<SIGNATURE_THRESHOLD_MD>0.0</SIGNATURE_THRESHOLD_MD>
		<SIGNATURE_THRESHOLD_ML>0.0</SIGNATURE_THRESHOLD_ML>
		<SIGNATURE_THRESHOLD_SAM>0.0</SIGNATURE_THRESHOLD_SAM>
	</signature>
	<signature ID="20210128_221120896536_158">
		<MACROCLASSID>1</MACROCLASSID>
		<MACROCLASSINFO>waterbody</MACROCLASSINFO>
		<CLASSID>2</CLASSID>
		<CLASSINFO>C 1</CLASSINFO>
		<VALUES>[0.15061179651068404, 0.0037803044028503164, 0.14141100273503887, 0.005446532715567063, 0.14540325256137118, 0.008624296962663116, 0.12978048810324108, 0.008628142427314236, 0.025629792899473917, 0.006896044783076719, 0.014445821078518387, 0.0059181922249976334]</VALUES>
		<LCS_MIN>[0.14063142240047455, 0.12393750250339508, 0.11983834952116013, 0.10440248250961304, 0.017033252865076065, 0.005282967817038298]</LCS_MIN>
		<LCS_MAX>[0.16324186325073242, 0.15575188398361206, 0.15989188849925995, 0.15781164169311523, 0.049270275980234146, 0.03923282027244568]</LCS_MAX>
		<WAVELENGTH>[0.485, 0.56, 0.66, 0.83, 1.65, 2.215]</WAVELENGTH>
		<MEAN_VALUE>[0.15061179651068404, 0.14141100273503887, 0.14540325256137118, 0.12978048810324108, 0.025629792899473917, 0.014445821078518387]</MEAN_VALUE>
		<CHECKBOX>2</CHECKBOX>
		<SD>[0.0037803044028503164, 0.005446532715567063, 0.008624296962663116, 0.008628142427314236, 0.006896044783076719, 0.0059181922249976334]</SD>
		<WAVELENGTH_UNIT>E-6m</WAVELENGTH_UNIT>
		<COLOR>#e0fe77</COLOR>
		<COVARIANCE_MATRIX>[[1.4327916687761899e-05, 1.2861855793744326e-05, 1.2695062650891487e-05, 1.6511317880940624e-05, 1.2706492270808667e-05, 7.975164407980628e-06], [1.2861855793744326e-05, 2.9741970138275065e-05, 4.030018317280337e-05, 3.872727393172681e-05, 1.3791224773740396e-05, 9.588869033905212e-06], [1.2695062650891487e-05, 4.030018317280337e-05, 7.457219180651009e-05, 6.106691580498591e-05, 9.519663763057906e-06, 8.045733011385892e-06], [1.6511317880940624e-05, 3.872727393172681e-05, 6.106691580498591e-05, 7.463870861101896e-05, 2.628586116770748e-05, 1.9323313608765602e-05], [1.2706492270808667e-05, 1.3791224773740396e-05, 9.519663763057906e-06, 2.628586116770748e-05, 4.767927748616785e-05, 3.2663978345226496e-05], [7.975164407980628e-06, 9.588869033905212e-06, 8.045733011385892e-06, 1.9323313608765602e-05, 3.2663978345226496e-05, 3.5116208891849965e-05]]</COVARIANCE_MATRIX>
		<ROI_SIZE>385</ROI_SIZE>
		<MAX_VALUE>[0.16324186325073242, 0.15575188398361206, 0.15989188849925995, 0.15781164169311523, 0.049270275980234146, 0.03923282027244568]</MAX_VALUE>
		<MIN_VALUE>[0.14063142240047455, 0.12393750250339508, 0.11983834952116013, 0.10440248250961304, 0.017033252865076065, 0.005282967817038298]</MIN_VALUE>
		<SIGNATURE_THRESHOLD_MD>0.0</SIGNATURE_THRESHOLD_MD>
		<SIGNATURE_THRESHOLD_ML>0.0</SIGNATURE_THRESHOLD_ML>
		<SIGNATURE_THRESHOLD_SAM>0.0</SIGNATURE_THRESHOLD_SAM>
	</signature>
	<signature ID="20210128_221130434008_257">
		<MACROCLASSID>1</MACROCLASSID>
		<MACROCLASSINFO>waterbody</MACROCLASSINFO>
		<CLASSID>3</CLASSID>
		<CLASSINFO>C 1</CLASSINFO>
		<VALUES>[0.14298099838197245, 0.0037101166293550007, 0.13727481402905603, 0.00503173837701871, 0.14459432400089786, 0.0055176966684385995, 0.11683478640639278, 0.008828440440695032, 0.019457503571175018, 0.00629240372315662, 0.010881982278078801, 0.005327720736949848]</VALUES>
		<LCS_MIN>[0.13398128747940063, 0.11815306544303894, 0.1171681135892868, 0.09438826888799667, 0.010585850104689598, 0.0]</LCS_MIN>
		<LCS_MAX>[0.16590191423892975, 0.15864412486553192, 0.16256211698055267, 0.1444593369960785, 0.04282286763191223, 0.03306012228131294]</LCS_MAX>
		<WAVELENGTH>[0.485, 0.56, 0.66, 0.83, 1.65, 2.215]</WAVELENGTH>
		<MEAN_VALUE>[0.14298099838197245, 0.13727481402905603, 0.14459432400089786, 0.11683478640639278, 0.019457503571175018, 0.010881982278078801]</MEAN_VALUE>
		<CHECKBOX>2</CHECKBOX>
		<SD>[0.0037101166293550007, 0.00503173837701871, 0.0055176966684385995, 0.008828440440695032, 0.00629240372315662, 0.005327720736949848]</SD>
		<WAVELENGTH_UNIT>E-6m</WAVELENGTH_UNIT>
		<COLOR>#e23383</COLOR>
		<COVARIANCE_MATRIX>[[9.038232747116126e-06, 8.895488463167567e-06, 3.997764451924013e-06, -5.379453796194866e-06, 7.071715117490385e-06, 5.0147809815825894e-06], [8.895488463167567e-06, 1.5766319847898558e-05, 9.213942576025147e-06, -6.692877377645345e-06, 7.5014868343714625e-06, 5.070759470982011e-06], [3.997764451924013e-06, 9.213942576025147e-06, 2.3283395421458408e-05, 1.601531039341353e-05, 6.350234116325737e-07, 8.637751989226672e-07], [-5.379453796194866e-06, -6.692877377645345e-06, 1.601531039341353e-05, 7.895580347394571e-05, 9.181479981634766e-06, 8.058557796175592e-06], [7.071715117490385e-06, 7.5014868343714625e-06, 6.350234116325737e-07, 9.181479981634766e-06, 3.176807513227686e-05, 2.2803847969044e-05], [5.0147809815825894e-06, 5.070759470982011e-06, 8.637751989226672e-07, 8.058557796175592e-06, 2.2803847969044e-05, 2.5950470444513485e-05]]</COVARIANCE_MATRIX>
		<ROI_SIZE>1411</ROI_SIZE>
		<MAX_VALUE>[0.16590191423892975, 0.15864412486553192, 0.16256211698055267, 0.1444593369960785, 0.04282286763191223, 0.03306012228131294]</MAX_VALUE>
		<MIN_VALUE>[0.13398128747940063, 0.11815306544303894, 0.1171681135892868, 0.09438826888799667, 0.010585850104689598, 0.0]</MIN_VALUE>
		<SIGNATURE_THRESHOLD_MD>0.0</SIGNATURE_THRESHOLD_MD>
		<SIGNATURE_THRESHOLD_ML>0.0</SIGNATURE_THRESHOLD_ML>
		<SIGNATURE_THRESHOLD_SAM>0.0</SIGNATURE_THRESHOLD_SAM>
	</signature>
	<signature ID="20210128_221137922761_268">
		<MACROCLASSID>1</MACROCLASSID>
		<MACROCLASSINFO>waterbody</MACROCLASSINFO>
		<CLASSID>4</CLASSID>
		<CLASSINFO>C 1</CLASSINFO>
		<VALUES>[0.13656446871729955, 0.0018775557632970674, 0.13197329735135763, 0.001914942106266679, 0.13690418846230518, 0.0020623672083466384, 0.12084843224068832, 0.0036813027063864437, 0.020830472595702577, 0.006058720022112607, 0.011598390644606422, 0.0055839839849558745]</VALUES>
		<LCS_MIN>[0.1313212513923645, 0.12682972848415375, 0.130519300699234, 0.1144166886806488, 0.01273498497903347, 0.0021966183558106422]</LCS_MIN>
		<LCS_MAX>[0.14196144044399261, 0.13839858770370483, 0.14387045800685883, 0.1411212682723999, 0.047121141105890274, 0.03614647313952446]</LCS_MAX>
		<WAVELENGTH>[0.485, 0.56, 0.66, 0.83, 1.65, 2.215]</WAVELENGTH>
		<MEAN_VALUE>[0.13656446871729955, 0.13197329735135763, 0.13690418846230518, 0.12084843224068832, 0.020830472595702577, 0.011598390644606422]</MEAN_VALUE>
		<CHECKBOX>2</CHECKBOX>
		<SD>[0.0018775557632970674, 0.001914942106266679, 0.0020623672083466384, 0.0036813027063864437, 0.006058720022112607, 0.0055839839849558745]</SD>
		<WAVELENGTH_UNIT>E-6m</WAVELENGTH_UNIT>
		<COLOR>#f82f73</COLOR>
		<COVARIANCE_MATRIX>[[3.93333129977691e-06, 9.396587188348349e-07, 7.259707786033687e-07, 1.8029647890216438e-06, 1.386588451168791e-06, 1.1808705266957986e-06], [9.396587188348349e-07, 3.884958914568415e-06, 1.1775731536545209e-06, 1.4397194263437996e-06, 1.4063941762287868e-06, 1.235756030837365e-06], [7.259707786033687e-07, 1.1775731536545209e-06, 4.3485842979862355e-06, -2.5595784336474026e-07, -6.472662334999768e-07, 7.13691861164989e-08], [1.8029647890216438e-06, 1.4397194263437996e-06, -2.5595784336474026e-07, 1.470043480367167e-05, 1.4345968338602688e-05, 1.1872299182869028e-05], [1.386588451168791e-06, 1.4063941762287868e-06, -6.472662334999768e-07, 1.4345968338602688e-05, 3.388239201740362e-05, 2.6250709197483957e-05], [1.1808705266957986e-06, 1.235756030837365e-06, 7.13691861164989e-08, 1.1872299182869028e-05, 2.6250709197483957e-05, 2.9699931474169716e-05]]</COVARIANCE_MATRIX>
		<ROI_SIZE>1090</ROI_SIZE>
		<MAX_VALUE>[0.14196144044399261, 0.13839858770370483, 0.14387045800685883, 0.1411212682723999, 0.047121141105890274, 0.03614647313952446]</MAX_VALUE>
		<MIN_VALUE>[0.1313212513923645, 0.12682972848415375, 0.130519300699234, 0.1144166886806488, 0.01273498497903347, 0.0021966183558106422]</MIN_VALUE>
		<SIGNATURE_THRESHOLD_MD>0.0</SIGNATURE_THRESHOLD_MD>
		<SIGNATURE_THRESHOLD_ML>0.0</SIGNATURE_THRESHOLD_ML>
		<SIGNATURE_THRESHOLD_SAM>0.0</SIGNATURE_THRESHOLD_SAM>
	</signature>
	<signature ID="20210128_221154926533_713">
		<MACROCLASSID>1</MACROCLASSID>
		<MACROCLASSINFO>waterbody</MACROCLASSINFO>
		<CLASSID>5</CLASSID>
		<CLASSINFO>C 1</CLASSINFO>
		<VALUES>[0.13486831140580813, 0.0017690002820325073, 0.13502470759950191, 0.002491267462311065, 0.14781672861888173, 0.006017943449517981, 0.0994817728465961, 0.006091041777873348, 0.015188835203907517, 0.00474217598172364, 0.007758423018451592, 0.003544564990140678]</VALUES>
		<LCS_MIN>[0.12999120354652405, 0.12393750250339508, 0.11983834952116013, 0.07769792526960373, 0.006287579890340567, 0.0]</LCS_MIN>
		<LCS_MAX>[0.14063142240047455, 0.1412907987833023, 0.15722164511680603, 0.12443090975284576, 0.038524601608514786, 0.03306012228131294]</LCS_MAX>
		<WAVELENGTH>[0.485, 0.56, 0.66, 0.83, 1.65, 2.215]</WAVELENGTH>
		<MEAN_VALUE>[0.13486831140580813, 0.13502470759950191, 0.14781672861888173, 0.0994817728465961, 0.015188835203907517, 0.007758423018451592]</MEAN_VALUE>
		<CHECKBOX>2</CHECKBOX>
		<SD>[0.0017690002820325073, 0.002491267462311065, 0.006017943449517981, 0.006091041777873348, 0.00474217598172364, 0.003544564990140678]</SD>
		<WAVELENGTH_UNIT>E-6m</WAVELENGTH_UNIT>
		<COLOR>#3a2675</COLOR>
		<COVARIANCE_MATRIX>[[2.793671910694684e-06, 1.0604843510009232e-06, 2.10595021599147e-06, 6.286654183895735e-07, -7.41973906315252e-07, -5.571625933953328e-07], [1.0604843510009232e-06, 4.2462602323212195e-06, 5.328296538209543e-06, 8.737168286643282e-07, -2.244109737148392e-06, -1.5329691223087138e-06], [2.10595021599147e-06, 5.328296538209543e-06, 2.1206726160016842e-05, 2.6523664473643294e-06, -8.873248589225113e-06, -6.006312105455436e-06], [6.286654183895735e-07, 8.737168286643282e-07, 2.6523664473643294e-06, 2.5181929231621325e-05, 8.582385817135219e-06, 5.101082024339121e-06], [-7.41973906315252e-07, -2.244109737148392e-06, -8.873248589225113e-06, 8.582385817135219e-06, 1.6130377844092436e-05, 8.548930964025203e-06], [-5.571625933953328e-07, -1.5329691223087138e-06, -6.006312105455436e-06, 5.101082024339121e-06, 8.548930964025203e-06, 1.0920536624325905e-05]]</COVARIANCE_MATRIX>
		<ROI_SIZE>3126</ROI_SIZE>
		<MAX_VALUE>[0.14063142240047455, 0.1412907987833023, 0.15722164511680603, 0.12443090975284576, 0.038524601608514786, 0.03306012228131294]</MAX_VALUE>
		<MIN_VALUE>[0.12999120354652405, 0.12393750250339508, 0.11983834952116013, 0.07769792526960373, 0.006287579890340567, 0.0]</MIN_VALUE>
		<SIGNATURE_THRESHOLD_MD>0.0</SIGNATURE_THRESHOLD_MD>
		<SIGNATURE_THRESHOLD_ML>0.0</SIGNATURE_THRESHOLD_ML>
		<SIGNATURE_THRESHOLD_SAM>0.0</SIGNATURE_THRESHOLD_SAM>
	</signature>
	<signature ID="20210128_221203766334_716">
		<MACROCLASSID>1</MACROCLASSID>
		<MACROCLASSINFO>waterbody</MACROCLASSINFO>
		<CLASSID>6</CLASSID>
		<CLASSINFO>C 1</CLASSINFO>
		<VALUES>[0.11781408678326358, 0.0020700902001538238, 0.09917690724134447, 0.003020547752654882, 0.067300001523561, 0.0023231891392009566, 0.07353646017611024, 0.006693957177053773, 0.016827891854465822, 0.0034844140918615903, 0.008215526485712176, 0.002838359364313749]</VALUES>
		<LCS_MIN>[0.1100408136844635, 0.08633867651224136, 0.06109318509697914, 0.06434562802314758, 0.006287579890340567, 0.0]</LCS_MIN>
		<LCS_MAX>[0.12334108352661133, 0.10658419132232666, 0.07444436848163605, 0.10106441378593445, 0.044972002506256104, 0.02688741870224476]</LCS_MAX>
		<WAVELENGTH>[0.485, 0.56, 0.66, 0.83, 1.65, 2.215]</WAVELENGTH>
		<MEAN_VALUE>[0.11781408678326358, 0.09917690724134447, 0.067300001523561, 0.07353646017611024, 0.016827891854465822, 0.008215526485712176]</MEAN_VALUE>
		<CHECKBOX>2</CHECKBOX>
		<SD>[0.0020700902001538238, 0.003020547752654882, 0.0023231891392009566, 0.006693957177053773, 0.0034844140918615903, 0.002838359364313749]</SD>
		<WAVELENGTH_UNIT>E-6m</WAVELENGTH_UNIT>
		<COLOR>#508c4f</COLOR>
		<COVARIANCE_MATRIX>[[4.290040124033112e-06, 3.8614653021795675e-06, 1.8504891841075732e-06, -4.4423568397178315e-06, -1.4987647318775998e-06, -3.5542996101867175e-07], [3.8614653021795675e-06, 9.133857020060532e-06, 3.4091037832695292e-06, -8.543658623239025e-06, -2.6775223886943422e-06, -8.34345257771929e-07], [1.8504891841075732e-06, 3.4091037832695292e-06, 5.403211162047228e-06, 6.248959039112378e-07, 4.2706341218945454e-07, -1.298198952781604e-07], [-4.4423568397178315e-06, -8.543658623239025e-06, 6.248959039112378e-07, 4.485890531213954e-05, 1.4840979929431342e-05, 7.004385679465486e-06], [-1.4987647318775998e-06, -2.6775223886943422e-06, 4.2706341218945454e-07, 1.4840979929431342e-05, 1.2154646356066223e-05, 5.080329174234066e-06], [-3.5542996101867175e-07, -8.34345257771929e-07, -1.298198952781604e-07, 7.004385679465486e-06, 5.080329174234066e-06, 8.065245310717728e-06]]</COVARIANCE_MATRIX>
		<ROI_SIZE>900</ROI_SIZE>
		<MAX_VALUE>[0.12334108352661133, 0.10658419132232666, 0.07444436848163605, 0.10106441378593445, 0.044972002506256104, 0.02688741870224476]</MAX_VALUE>
		<MIN_VALUE>[0.1100408136844635, 0.08633867651224136, 0.06109318509697914, 0.06434562802314758, 0.006287579890340567, 0.0]</MIN_VALUE>
		<SIGNATURE_THRESHOLD_MD>0.0</SIGNATURE_THRESHOLD_MD>
		<SIGNATURE_THRESHOLD_ML>0.0</SIGNATURE_THRESHOLD_ML>
		<SIGNATURE_THRESHOLD_SAM>0.0</SIGNATURE_THRESHOLD_SAM>
	</signature>
	<signature ID="20210128_221227210030_881">
		<MACROCLASSID>1</MACROCLASSID>
		<MACROCLASSINFO>waterbody</MACROCLASSINFO>
		<CLASSID>7</CLASSID>
		<CLASSINFO>C 1</CLASSINFO>
		<VALUES>[0.14559885208365445, 0.004802509274028987, 0.12598590545109692, 0.006233213225005375, 0.09952474465322497, 0.009668065902808406, 0.0707899588633271, 0.008713460786113196, 0.028195844006034962, 0.0037773495804805917, 0.019768795950695618, 0.003532396620791427]</VALUES>
		<LCS_MIN>[0.13398128747940063, 0.10947641730308533, 0.0797848328948021, 0.05433142930269241, 0.017033252865076065, 0.008369319140911102]</LCS_MIN>
		<LCS_MAX>[0.16191181540489197, 0.14418303966522217, 0.12517881393432617, 0.09438826888799667, 0.05141940712928772, 0.03614647313952446]</LCS_MAX>
		<WAVELENGTH>[0.485, 0.56, 0.66, 0.83, 1.65, 2.215]</WAVELENGTH>
		<MEAN_VALUE>[0.14559885208365445, 0.12598590545109692, 0.09952474465322497, 0.0707899588633271, 0.028195844006034962, 0.019768795950695618]</MEAN_VALUE>
		<CHECKBOX>2</CHECKBOX>
		<SD>[0.004802509274028987, 0.006233213225005375, 0.009668065902808406, 0.008713460786113196, 0.0037773495804805917, 0.003532396620791427]</SD>
		<WAVELENGTH_UNIT>E-6m</WAVELENGTH_UNIT>
		<COLOR>#cca490</COLOR>
		<COVARIANCE_MATRIX>[[2.3181919459602796e-05, 2.7544703698367812e-05, 3.804392326856032e-05, 3.177217149641365e-05, 8.64718731463654e-06, 4.7645803533669095e-06], [2.7544703698367812e-05, 4.181365147815086e-05, 5.7237215514760464e-05, 4.554153201752342e-05, 9.353771019959822e-06, 4.309797986934427e-06], [3.804392326856032e-05, 5.7237215514760464e-05, 9.593470895197242e-05, 7.355945854214951e-05, 7.884143997216597e-06, 1.1545113238753402e-06], [3.177217149641365e-05, 4.554153201752342e-05, 7.355945854214951e-05, 7.116801862139255e-05, 8.90896626515314e-06, 2.7573021270654863e-06], [8.64718731463654e-06, 9.353771019959822e-06, 7.884143997216597e-06, 8.90896626515314e-06, 1.330098257312784e-05, 7.465167527698213e-06], [4.7645803533669095e-06, 4.309797986934427e-06, 1.1545113238753402e-06, 2.7573021270654863e-06, 7.465167527698213e-06, 1.2775084542226978e-05]]</COVARIANCE_MATRIX>
		<ROI_SIZE>15909</ROI_SIZE>
		<MAX_VALUE>[0.16191181540489197, 0.14418303966522217, 0.12517881393432617, 0.09438826888799667, 0.05141940712928772, 0.03614647313952446]</MAX_VALUE>
		<MIN_VALUE>[0.13398128747940063, 0.10947641730308533, 0.0797848328948021, 0.05433142930269241, 0.017033252865076065, 0.008369319140911102]</MIN_VALUE>
		<SIGNATURE_THRESHOLD_MD>0.0</SIGNATURE_THRESHOLD_MD>
		<SIGNATURE_THRESHOLD_ML>0.0</SIGNATURE_THRESHOLD_ML>
		<SIGNATURE_THRESHOLD_SAM>0.0</SIGNATURE_THRESHOLD_SAM>
	</signature>
	<signature ID="20210128_221235466701_537">
		<MACROCLASSID>1</MACROCLASSID>
		<MACROCLASSINFO>waterbody</MACROCLASSINFO>
		<CLASSID>8</CLASSID>
		<CLASSINFO>C 1</CLASSINFO>
		<VALUES>[0.13827796289493235, 0.0037747561528306745, 0.10848483777929069, 0.0038174133012198823, 0.07311196269119229, 0.004343608710175761, 0.05249999270604112, 0.004925009371693253, 0.02190438894637046, 0.003594185880416206, 0.015337975841915602, 0.0037117792570050766]</VALUES>
		<LCS_MIN>[0.12733116745948792, 0.09790755063295364, 0.06376343220472336, 0.04097914323210716, 0.01273498497903347, 0.005282967817038298]</LCS_MIN>
		<LCS_MAX>[0.1499416083097458, 0.12104528397321701, 0.08779553323984146, 0.07102178037166595, 0.036375463008880615, 0.02688741870224476]</LCS_MAX>
		<WAVELENGTH>[0.485, 0.56, 0.66, 0.83, 1.65, 2.215]</WAVELENGTH>
		<MEAN_VALUE>[0.13827796289493235, 0.10848483777929069, 0.07311196269119229, 0.05249999270604112, 0.02190438894637046, 0.015337975841915602]</MEAN_VALUE>
		<CHECKBOX>2</CHECKBOX>
		<SD>[0.0037747561528306745, 0.0038174133012198823, 0.004343608710175761, 0.004925009371693253, 0.003594185880416206, 0.0037117792570050766]</SD>
		<WAVELENGTH_UNIT>E-6m</WAVELENGTH_UNIT>
		<COLOR>#9eb077</COLOR>
		<COVARIANCE_MATRIX>[[1.1162851478729863e-05, 8.48107629281003e-06, 9.898894859361462e-06, 1.0772832865768578e-05, 7.249518148455536e-06, 5.993290869810153e-06], [8.48107629281003e-06, 1.1135886779811699e-05, 9.83968402579194e-06, 1.019913634081604e-05, 6.8320537138788495e-06, 5.605069873126922e-06], [9.898894859361462e-06, 9.83968402579194e-06, 1.5257581253536046e-05, 1.3016107914154418e-05, 8.16143710835604e-06, 6.524171112687327e-06], [1.0772832865768578e-05, 1.019913634081604e-05, 1.3016107914154418e-05, 1.8129514501197264e-05, 9.729055818752386e-06, 7.945323886815459e-06], [7.249518148455536e-06, 6.8320537138788495e-06, 8.16143710835604e-06, 9.729055818752386e-06, 9.809487892198376e-06, 5.586408860835945e-06], [5.993290869810153e-06, 5.605069873126922e-06, 6.524171112687327e-06, 7.945323886815459e-06, 5.586408860835945e-06, 1.2090978998458013e-05]]</COVARIANCE_MATRIX>
		<ROI_SIZE>22800</ROI_SIZE>
		<MAX_VALUE>[0.1499416083097458, 0.12104528397321701, 0.08779553323984146, 0.07102178037166595, 0.036375463008880615, 0.02688741870224476]</MAX_VALUE>
		<MIN_VALUE>[0.12733116745948792, 0.09790755063295364, 0.06376343220472336, 0.04097914323210716, 0.01273498497903347, 0.005282967817038298]</MIN_VALUE>
		<SIGNATURE_THRESHOLD_MD>0.0</SIGNATURE_THRESHOLD_MD>
		<SIGNATURE_THRESHOLD_ML>0.0</SIGNATURE_THRESHOLD_ML>
		<SIGNATURE_THRESHOLD_SAM>0.0</SIGNATURE_THRESHOLD_SAM>
	</signature>
	<signature ID="20210128_221246651117_110">
		<MACROCLASSID>1</MACROCLASSID>
		<MACROCLASSINFO>waterbody</MACROCLASSINFO>
		<CLASSID>9</CLASSID>
		<CLASSINFO>C 1</CLASSINFO>
		<VALUES>[0.1294436953371204, 0.002419492826712973, 0.10573465853512967, 0.004964581185217937, 0.07749305936408402, 0.008193287592485186, 0.06445717147556969, 0.005688550948325043, 0.01561629858789715, 0.0028813247593465303, 0.007940275998626223, 0.0027066956555721437]</VALUES>
		<LCS_MIN>[0.12201105803251266, 0.09501531720161438, 0.06376343220472336, 0.05433142930269241, 0.006287579890340567, 0.0]</LCS_MIN>
		<LCS_MAX>[0.13797138631343842, 0.12104528397321701, 0.1038169339299202, 0.08771213889122009, 0.04067373648285866, 0.029973771423101425]</LCS_MAX>
		<WAVELENGTH>[0.485, 0.56, 0.66, 0.83, 1.65, 2.215]</WAVELENGTH>
		<MEAN_VALUE>[0.1294436953371204, 0.10573465853512967, 0.07749305936408402, 0.06445717147556969, 0.01561629858789715, 0.007940275998626223]</MEAN_VALUE>
		<CHECKBOX>2</CHECKBOX>
		<SD>[0.002419492826712973, 0.004964581185217937, 0.008193287592485186, 0.005688550948325043, 0.0028813247593465303, 0.0027066956555721437]</SD>
		<WAVELENGTH_UNIT>E-6m</WAVELENGTH_UNIT>
		<COLOR>#c558a7</COLOR>
		<COVARIANCE_MATRIX>[[6.075391866033897e-06, 8.871288628142793e-06, 1.3649013453687076e-05, 5.3957223826728296e-06, 1.3486084071701043e-06, 7.31246529994678e-07], [8.871288628142793e-06, 2.5567396733094938e-05, 3.7206100387265906e-05, 1.6055644664447755e-05, 3.730229764187243e-06, 1.8077904542224132e-06], [1.3649013453687076e-05, 3.7206100387265906e-05, 6.70231893309392e-05, 2.784011303447187e-05, 6.327552455331897e-06, 3.0567407520720735e-06], [5.3957223826728296e-06, 1.6055644664447755e-05, 2.784011303447187e-05, 2.8737596949213184e-05, 8.599374268669635e-06, 5.1271540542074945e-06], [1.3486084071701043e-06, 3.730229764187243e-06, 6.327552455331897e-06, 8.599374268669635e-06, 7.872771675465629e-06, 3.272448793723015e-06], [7.31246529994678e-07, 1.8077904542224132e-06, 3.0567407520720735e-06, 5.1271540542074945e-06, 3.272448793723015e-06, 7.087221547408262e-06]]</COVARIANCE_MATRIX>
		<ROI_SIZE>7960</ROI_SIZE>
		<MAX_VALUE>[0.13797138631343842, 0.12104528397321701, 0.1038169339299202, 0.08771213889122009, 0.04067373648285866, 0.029973771423101425]</MAX_VALUE>
		<MIN_VALUE>[0.12201105803251266, 0.09501531720161438, 0.06376343220472336, 0.05433142930269241, 0.006287579890340567, 0.0]</MIN_VALUE>
		<SIGNATURE_THRESHOLD_MD>0.0</SIGNATURE_THRESHOLD_MD>
		<SIGNATURE_THRESHOLD_ML>0.0</SIGNATURE_THRESHOLD_ML>
		<SIGNATURE_THRESHOLD_SAM>0.0</SIGNATURE_THRESHOLD_SAM>
	</signature>
	<signature ID="20210128_221258624367_517">
		<MACROCLASSID>1</MACROCLASSID>
		<MACROCLASSINFO>waterbody</MACROCLASSINFO>
		<CLASSID>10</CLASSID>
		<CLASSINFO>C 1</CLASSINFO>
		<VALUES>[0.11628258849807713, 0.0016571857940242752, 0.09348927774845653, 0.0026621385409577973, 0.061213950880208784, 0.0029103196682984177, 0.06148395319305474, 0.0051580186290428555, 0.014418653372427145, 0.0045264705652799785, 0.006996228282887427, 0.0035944808679088396]</VALUES>
		<LCS_MIN>[0.11137083917856216, 0.08633867651224136, 0.053082484751939774, 0.05099335312843323, 0.0019893113058060408, 0.0]</LCS_MIN>
		<LCS_MAX>[0.12201105803251266, 0.10369198024272919, 0.07711460441350937, 0.08771213889122009, 0.04067373648285866, 0.03306012228131294]</LCS_MAX>
		<WAVELENGTH>[0.485, 0.56, 0.66, 0.83, 1.65, 2.215]</WAVELENGTH>
		<MEAN_VALUE>[0.11628258849807713, 0.09348927774845653, 0.061213950880208784, 0.06148395319305474, 0.014418653372427145, 0.006996228282887427]</MEAN_VALUE>
		<CHECKBOX>2</CHECKBOX>
		<SD>[0.0016571857940242752, 0.0026621385409577973, 0.0029103196682984177, 0.0051580186290428555, 0.0045264705652799785, 0.0035944808679088396]</SD>
		<WAVELENGTH_UNIT>E-6m</WAVELENGTH_UNIT>
		<COLOR>#b24a08</COLOR>
		<COVARIANCE_MATRIX>[[2.870299795176834e-06, 1.2221572660564561e-06, 1.3004383845327538e-06, 1.8625277107275906e-06, 1.529655833110155e-06, 9.111517442761397e-07], [1.2221572660564561e-06, 7.135437954275403e-06, 4.379937308840454e-06, 7.429177912854357e-06, 5.564992079598596e-06, 3.5471337014314486e-06], [1.3004383845327538e-06, 4.379937308840454e-06, 8.687921763339546e-06, 9.763431989995297e-06, 8.273519597423729e-06, 5.346512352844002e-06], [1.8625277107275906e-06, 7.429177912854357e-06, 9.763431989995297e-06, 3.053103864658624e-05, 1.6813741240184754e-05, 1.0373021723353304e-05], [1.529655833110155e-06, 5.564992079598596e-06, 8.273519597423729e-06, 1.6813741240184754e-05, 2.1365571228670888e-05, 1.0899210792558733e-05], [9.111517442761397e-07, 3.5471337014314486e-06, 5.346512352844002e-06, 1.0373021723353304e-05, 1.0899210792558733e-05, 1.3423692507785745e-05]]</COVARIANCE_MATRIX>
		<ROI_SIZE>3784</ROI_SIZE>
		<MAX_VALUE>[0.12201105803251266, 0.10369198024272919, 0.07711460441350937, 0.08771213889122009, 0.04067373648285866, 0.03306012228131294]</MAX_VALUE>
		<MIN_VALUE>[0.11137083917856216, 0.08633867651224136, 0.053082484751939774, 0.05099335312843323, 0.0019893113058060408, 0.0]</MIN_VALUE>
		<SIGNATURE_THRESHOLD_MD>0.0</SIGNATURE_THRESHOLD_MD>
		<SIGNATURE_THRESHOLD_ML>0.0</SIGNATURE_THRESHOLD_ML>
		<SIGNATURE_THRESHOLD_SAM>0.0</SIGNATURE_THRESHOLD_SAM>
	</signature>
	<signature ID="20210128_221305603365_159">
		<MACROCLASSID>1</MACROCLASSID>
		<MACROCLASSINFO>waterbody</MACROCLASSINFO>
		<CLASSID>11</CLASSID>
		<CLASSINFO>C 1</CLASSINFO>
		<VALUES>[0.11890357743931519, 0.0017212648121689759, 0.10310220723533968, 0.003966903029386578, 0.07302618428017539, 0.006647938816091893, 0.07154479422842576, 0.007332887268866371, 0.01914277303672058, 0.006230708013869968, 0.009784488559996677, 0.004758699609461639]</VALUES>
		<LCS_MIN>[0.11403089761734009, 0.09501531720161438, 0.06109318509697914, 0.05433142930269241, 0.008436715230345726, 0.0021966183558106422]</LCS_MIN>
		<LCS_MAX>[0.12334108352661133, 0.1123686283826828, 0.09046576917171478, 0.09105020016431808, 0.044972002506256104, 0.03614647313952446]</LCS_MAX>
		<WAVELENGTH>[0.485, 0.56, 0.66, 0.83, 1.65, 2.215]</WAVELENGTH>
		<MEAN_VALUE>[0.11890357743931519, 0.10310220723533968, 0.07302618428017539, 0.07154479422842576, 0.01914277303672058, 0.009784488559996677]</MEAN_VALUE>
		<CHECKBOX>2</CHECKBOX>
		<SD>[0.0017212648121689759, 0.003966903029386578, 0.006647938816091893, 0.007332887268866371, 0.006230708013869968, 0.004758699609461639]</SD>
		<WAVELENGTH_UNIT>E-6m</WAVELENGTH_UNIT>
		<COLOR>#681a85</COLOR>
		<COVARIANCE_MATRIX>[[3.33724710799288e-06, 3.850351276923902e-06, 6.784601282561198e-06, 5.461392902361695e-06, 2.739299588938593e-06, 1.7590556353752618e-06], [3.850351276923902e-06, 1.5241218534356449e-05, 2.222330658696592e-05, 1.781502396625001e-05, 8.807615813566372e-06, 5.50188087800052e-06], [6.784601282561198e-06, 2.222330658696592e-05, 4.456218448467553e-05, 3.464310793788172e-05, 1.674314626143314e-05, 1.0546660632826388e-05], [5.461392902361695e-06, 1.781502396625001e-05, 3.464310793788172e-05, 5.276709998724982e-05, 2.775376196950674e-05, 1.739767503750045e-05], [2.739299588938593e-06, 8.807615813566372e-06, 1.674314626143314e-05, 2.775376196950674e-05, 3.3753276511561126e-05, 1.896447065519169e-05], [1.7590556353752618e-06, 5.50188087800052e-06, 1.0546660632826388e-05, 1.739767503750045e-05, 1.896447065519169e-05, 2.0422396119101904e-05]]</COVARIANCE_MATRIX>
		<ROI_SIZE>2004</ROI_SIZE>
		<MAX_VALUE>[0.12334108352661133, 0.1123686283826828, 0.09046576917171478, 0.09105020016431808, 0.044972002506256104, 0.03614647313952446]</MAX_VALUE>
		<MIN_VALUE>[0.11403089761734009, 0.09501531720161438, 0.06109318509697914, 0.05433142930269241, 0.008436715230345726, 0.0021966183558106422]</MIN_VALUE>
		<SIGNATURE_THRESHOLD_MD>0.0</SIGNATURE_THRESHOLD_MD>
		<SIGNATURE_THRESHOLD_ML>0.0</SIGNATURE_THRESHOLD_ML>
		<SIGNATURE_THRESHOLD_SAM>0.0</SIGNATURE_THRESHOLD_SAM>
	</signature>
	<signature ID="20210128_221313049059_508">
		<MACROCLASSID>1</MACROCLASSID>
		<MACROCLASSINFO>waterbody</MACROCLASSINFO>
		<CLASSID>12</CLASSID>
		<CLASSINFO>C 1</CLASSINFO>
		<VALUES>[0.1208121596087872, 0.0018961773844755198, 0.11815306722698078, 0.0025685948282669294, 0.08711857054854782, 0.0036606474051960537, 0.09043900899484125, 0.007502109294754731, 0.024873055202860234, 0.006806668192711045, 0.012325063446195618, 0.004491496605309331]</VALUES>
		<LCS_MIN>[0.11536092311143875, 0.1123686283826828, 0.0797848328948021, 0.08103599399328232, 0.017033252865076065, 0.005282967817038298]</LCS_MIN>
		<LCS_MAX>[0.12467110902070999, 0.12393750250339508, 0.09847646206617355, 0.11107863485813141, 0.047121141105890274, 0.02688741870224476]</LCS_MAX>
		<WAVELENGTH>[0.485, 0.56, 0.66, 0.83, 1.65, 2.215]</WAVELENGTH>
		<MEAN_VALUE>[0.1208121596087872, 0.11815306722698078, 0.08711857054854782, 0.09043900899484125, 0.024873055202860234, 0.012325063446195618]</MEAN_VALUE>
		<CHECKBOX>2</CHECKBOX>
		<SD>[0.0018961773844755198, 0.0025685948282669294, 0.0036606474051960537, 0.007502109294754731, 0.006806668192711045, 0.004491496605309331]</SD>
		<WAVELENGTH_UNIT>E-6m</WAVELENGTH_UNIT>
		<COLOR>#55ba7d</COLOR>
		<COVARIANCE_MATRIX>[[3.6468527468969114e-06, 2.6927075396088185e-06, 2.576078486526967e-06, 8.129487127916946e-08, -3.0769115255679935e-07, 2.948637529698317e-07], [2.6927075396088185e-06, 6.6919319579028524e-06, 5.626684014714556e-06, 2.620484337967355e-06, 4.0846416595741175e-06, 3.18799516207946e-06], [2.576078486526967e-06, 5.626684014714556e-06, 1.3591772585641593e-05, 1.3077808944217395e-05, 1.4646946510765702e-05, 8.955963494372554e-06], [8.129487127916946e-08, 2.620484337967355e-06, 1.3077808944217395e-05, 5.7085668231593445e-05, 3.6323053791420534e-05, 2.202693030994851e-05], [-3.0769115255679935e-07, 4.0846416595741175e-06, 1.4646946510765702e-05, 3.6323053791420534e-05, 4.6992598072392866e-05, 2.321943611605093e-05], [2.948637529698317e-07, 3.18799516207946e-06, 8.955963494372554e-06, 2.202693030994851e-05, 2.321943611605093e-05, 2.046173540293239e-05]]</COVARIANCE_MATRIX>
		<ROI_SIZE>71</ROI_SIZE>
		<MAX_VALUE>[0.12467110902070999, 0.12393750250339508, 0.09847646206617355, 0.11107863485813141, 0.047121141105890274, 0.02688741870224476]</MAX_VALUE>
		<MIN_VALUE>[0.11536092311143875, 0.1123686283826828, 0.0797848328948021, 0.08103599399328232, 0.017033252865076065, 0.005282967817038298]</MIN_VALUE>
		<SIGNATURE_THRESHOLD_MD>0.0</SIGNATURE_THRESHOLD_MD>
		<SIGNATURE_THRESHOLD_ML>0.0</SIGNATURE_THRESHOLD_ML>
		<SIGNATURE_THRESHOLD_SAM>0.0</SIGNATURE_THRESHOLD_SAM>
	</signature>
	<signature ID="20210128_221326364563_285">
		<MACROCLASSID>1</MACROCLASSID>
		<MACROCLASSINFO>waterbody</MACROCLASSINFO>
		<CLASSID>13</CLASSID>
		<CLASSINFO>C 1</CLASSINFO>
		<VALUES>[0.12476597631751386, 0.0018059495953917225, 0.10709992531532905, 0.0020515465223559797, 0.07783072577861164, 0.0030181598387352903, 0.10179774219784009, 0.00722298885892693, 0.028766119076781355, 0.007750978944068243, 0.014220615888091497, 0.0057195267973393984]</VALUES>
		<LCS_MIN>[0.11802098155021667, 0.10079976171255112, 0.06910388916730881, 0.09105020016431808, 0.017033252865076065, 0.0021966183558106422]</LCS_MIN>
		<LCS_MAX>[0.12999120354652405, 0.1123686283826828, 0.09046576917171478, 0.12443090975284576, 0.053568534553050995, 0.042319171130657196]</LCS_MAX>
		<WAVELENGTH>[0.485, 0.56, 0.66, 0.83, 1.65, 2.215]</WAVELENGTH>
		<MEAN_VALUE>[0.12476597631751386, 0.10709992531532905, 0.07783072577861164, 0.10179774219784009, 0.028766119076781355, 0.014220615888091497]</MEAN_VALUE>
		<CHECKBOX>2</CHECKBOX>
		<SD>[0.0018059495953917225, 0.0020515465223559797, 0.0030181598387352903, 0.00722298885892693, 0.007750978944068243, 0.0057195267973393984]</SD>
		<WAVELENGTH_UNIT>E-6m</WAVELENGTH_UNIT>
		<COLOR>#f2f3ab</COLOR>
		<COVARIANCE_MATRIX>[[3.266113253630465e-06, 1.2094349131075433e-06, 1.9258693555457285e-06, -2.7262638013780816e-07, 1.4456712733590393e-06, 1.226827180289547e-06], [1.2094349131075433e-06, 4.214855835016351e-06, 3.1937095172906993e-06, 2.9175594136177097e-06, 4.240770067553967e-06, 3.1117067464947468e-06], [1.9258693555457285e-06, 3.1937095172906993e-06, 9.122301889874507e-06, 8.29837972560199e-06, 1.1523635293997359e-05, 8.683677151566371e-06], [-2.7262638013780816e-07, 2.9175594136177097e-06, 8.29837972560199e-06, 5.22460977663286e-05, 4.054581222590059e-05, 2.3975824660738e-05], [1.4456712733590393e-06, 4.240770067553967e-06, 1.1523635293997359e-05, 4.054581222590059e-05, 6.016350016579963e-05, 3.438283602008596e-05], [1.226827180289547e-06, 3.1117067464947468e-06, 8.683677151566371e-06, 2.3975824660738e-05, 3.438283602008596e-05, 3.275971903349273e-05]]</COVARIANCE_MATRIX>
		<ROI_SIZE>701</ROI_SIZE>
		<MAX_VALUE>[0.12999120354652405, 0.1123686283826828, 0.09046576917171478, 0.12443090975284576, 0.053568534553050995, 0.042319171130657196]</MAX_VALUE>
		<MIN_VALUE>[0.11802098155021667, 0.10079976171255112, 0.06910388916730881, 0.09105020016431808, 0.017033252865076065, 0.0021966183558106422]</MIN_VALUE>
		<SIGNATURE_THRESHOLD_MD>0.0</SIGNATURE_THRESHOLD_MD>
		<SIGNATURE_THRESHOLD_ML>0.0</SIGNATURE_THRESHOLD_ML>
		<SIGNATURE_THRESHOLD_SAM>0.0</SIGNATURE_THRESHOLD_SAM>
	</signature>
	<signature ID="20210128_221334059708_922">
		<MACROCLASSID>1</MACROCLASSID>
		<MACROCLASSINFO>waterbody</MACROCLASSINFO>
		<CLASSID>14</CLASSID>
		<CLASSINFO>C 1</CLASSINFO>
		<VALUES>[0.13505301082676083, 0.00199389030088483, 0.13006852758078538, 0.0032122798938434447, 0.10985807386373185, 0.003936110350067374, 0.11682369389132533, 0.008030749459924175, 0.03386666180858435, 0.00820430046806567, 0.01744344253631785, 0.005673044766651231]</VALUES>
		<LCS_MIN>[0.12866120040416718, 0.12104528397321701, 0.09580623358488083, 0.10106441378593445, 0.02133152261376381, 0.008369319140911102]</LCS_MIN>
		<LCS_MAX>[0.14063142240047455, 0.13550639152526855, 0.1171681135892868, 0.1411212682723999, 0.06431420892477036, 0.045405514538288116]</LCS_MAX>
		<WAVELENGTH>[0.485, 0.56, 0.66, 0.83, 1.65, 2.215]</WAVELENGTH>
		<MEAN_VALUE>[0.13505301082676083, 0.13006852758078538, 0.10985807386373185, 0.11682369389132533, 0.03386666180858435, 0.01744344253631785]</MEAN_VALUE>
		<CHECKBOX>2</CHECKBOX>
		<SD>[0.00199389030088483, 0.0032122798938434447, 0.003936110350067374, 0.008030749459924175, 0.00820430046806567, 0.005673044766651231]</SD>
		<WAVELENGTH_UNIT>E-6m</WAVELENGTH_UNIT>
		<COLOR>#38ee01</COLOR>
		<COVARIANCE_MATRIX>[[3.983829628850799e-06, 3.0842672913422575e-06, 4.40931944467593e-06, -4.2211308937112335e-06, -2.046046802206547e-06, -3.936654735525735e-08], [3.0842672913422575e-06, 1.034010620060144e-05, 9.270362170354929e-06, -8.511531632393599e-06, -4.9712389227352105e-06, -1.026162408379605e-06], [4.40931944467593e-06, 9.270362170354929e-06, 1.552504181745462e-05, -9.422334187547676e-06, -4.523774350673193e-06, -7.49160165014473e-08], [-4.2211308937112335e-06, -8.511531632393599e-06, -9.422334187547676e-06, 6.462645978899673e-05, 4.7446286771446466e-05, 2.636214776430279e-05], [-2.046046802206547e-06, -4.9712389227352105e-06, -4.523774350673193e-06, 4.7446286771446466e-05, 6.744990241713822e-05, 3.625682074925862e-05], [-3.936654735525735e-08, -1.026162408379605e-06, -7.49160165014473e-08, 2.636214776430279e-05, 3.625682074925862e-05, 3.2250070944428444e-05]]</COVARIANCE_MATRIX>
		<ROI_SIZE>484</ROI_SIZE>
		<MAX_VALUE>[0.14063142240047455, 0.13550639152526855, 0.1171681135892868, 0.1411212682723999, 0.06431420892477036, 0.045405514538288116]</MAX_VALUE>
		<MIN_VALUE>[0.12866120040416718, 0.12104528397321701, 0.09580623358488083, 0.10106441378593445, 0.02133152261376381, 0.008369319140911102]</MIN_VALUE>
		<SIGNATURE_THRESHOLD_MD>0.0</SIGNATURE_THRESHOLD_MD>
		<SIGNATURE_THRESHOLD_ML>0.0</SIGNATURE_THRESHOLD_ML>
		<SIGNATURE_THRESHOLD_SAM>0.0</SIGNATURE_THRESHOLD_SAM>
	</signature>
	<signature ID="20210128_221340017982_289">
		<MACROCLASSID>1</MACROCLASSID>
		<MACROCLASSINFO>waterbody</MACROCLASSINFO>
		<CLASSID>15</CLASSID>
		<CLASSINFO>C 1</CLASSINFO>
		<VALUES>[0.12783473058243017, 0.0016805434735551678, 0.11035411032939585, 0.002216083676985201, 0.08354707818069211, 0.0030742820868939805, 0.09596083063438454, 0.0041632634589884475, 0.025980735631024397, 0.005370070082843365, 0.012708941353431156, 0.004608506609121628]</VALUES>
		<LCS_MIN>[0.12334108352661133, 0.10658419132232666, 0.07711460441350937, 0.09105020016431808, 0.017033252865076065, 0.0021966183558106422]</LCS_MIN>
		<LCS_MAX>[0.13398128747940063, 0.12104528397321701, 0.10114671289920807, 0.11775476485490799, 0.049270275980234146, 0.03614647313952446]</LCS_MAX>
		<WAVELENGTH>[0.485, 0.56, 0.66, 0.83, 1.65, 2.215]</WAVELENGTH>
		<MEAN_VALUE>[0.12783473058243017, 0.11035411032939585, 0.08354707818069211, 0.09596083063438454, 0.025980735631024397, 0.012708941353431156]</MEAN_VALUE>
		<CHECKBOX>2</CHECKBOX>
		<SD>[0.0016805434735551678, 0.002216083676985201, 0.0030742820868939805, 0.0041632634589884475, 0.005370070082843365, 0.004608506609121628]</SD>
		<WAVELENGTH_UNIT>E-6m</WAVELENGTH_UNIT>
		<COLOR>#2d3268</COLOR>
		<COVARIANCE_MATRIX>[[2.8283134270168375e-06, 1.1439494755904889e-06, 1.402362158842152e-06, 1.2501404853537679e-06, 1.7217299728145008e-06, 1.14421038688306e-06], [1.1439494755904889e-06, 4.91813398184604e-06, 3.868363364745164e-06, 3.899066086887615e-06, 4.279144377505872e-06, 4.026893748232396e-06], [1.402362158842152e-06, 3.868363364745164e-06, 9.464887625654228e-06, 7.838656529202126e-06, 9.507364666205831e-06, 7.944099706946872e-06], [1.2501404853537679e-06, 3.899066086887615e-06, 7.838656529202126e-06, 1.735784644552041e-05, 1.5435609384439886e-05, 1.19666747195879e-05], [1.7217299728145008e-06, 4.279144377505872e-06, 9.507364666205831e-06, 1.5435609384439886e-05, 2.887938535423018e-05, 1.8517766875447705e-05], [1.14421038688306e-06, 4.026893748232396e-06, 7.944099706946872e-06, 1.19666747195879e-05, 1.8517766875447705e-05, 2.126906838384457e-05]]</COVARIANCE_MATRIX>
		<ROI_SIZE>692</ROI_SIZE>
		<MAX_VALUE>[0.13398128747940063, 0.12104528397321701, 0.10114671289920807, 0.11775476485490799, 0.049270275980234146, 0.03614647313952446]</MAX_VALUE>
		<MIN_VALUE>[0.12334108352661133, 0.10658419132232666, 0.07711460441350937, 0.09105020016431808, 0.017033252865076065, 0.0021966183558106422]</MIN_VALUE>
		<SIGNATURE_THRESHOLD_MD>0.0</SIGNATURE_THRESHOLD_MD>
		<SIGNATURE_THRESHOLD_ML>0.0</SIGNATURE_THRESHOLD_ML>
		<SIGNATURE_THRESHOLD_SAM>0.0</SIGNATURE_THRESHOLD_SAM>
	</signature>
	<signature ID="20210128_221347626167_167">
		<MACROCLASSID>1</MACROCLASSID>
		<MACROCLASSINFO>waterbody</MACROCLASSINFO>
		<CLASSID>16</CLASSID>
		<CLASSINFO>C 1</CLASSINFO>
		<VALUES>[0.13241814526409681, 0.0028839642945961063, 0.11687771617211537, 0.00535149024670695, 0.08538148238760077, 0.003994682050474931, 0.10785757300763549, 0.008813450922425565, 0.031307949086589376, 0.007006423204488212, 0.014581879428192635, 0.004785227836543162]</VALUES>
		<LCS_MIN>[0.11935100704431534, 0.09501531720161438, 0.06643366068601608, 0.09105020016431808, 0.02133152261376381, 0.005282967817038298]</LCS_MIN>
