<?xml version="1.0" ?>
<signaturelist MCID_LIST="[['1', 'waterbody', '#000000'], ['2', 'vegetation', '#000000'], ['3', 'bareland', '#000000'], ['4', 'built-up', '#000000']]">
	<signature ID="20211229_105256336980_927">
		<MACROCLASSID>1</MACROCLASSID>
		<MACROCLASSINFO>waterbody</MACROCLASSINFO>
		<CLASSID>1</CLASSID>
		<CLASSINFO>C 1</CLASSINFO>
		<VALUES>[0.11960483555568775, 0.004318175030761587, 0.1252899802245493, 0.005120014297268669, 0.1232909826202791, 0.010346045371401633, 0.06322111079032755, 0.010622615931707484, 0.0424040317662996, 0.010569301444906249, 0.03162862192976982, 0.00856319788739419]</VALUES>
		<LCS_MIN>[0.11088252067565918, 0.11293214559555054, 0.09775138646364212, 0.047929707914590836, 0.03067682310938835, 0.022343171760439873]</LCS_MIN>
		<LCS_MAX>[0.13212205469608307, 0.13964484632015228, 0.14297829568386078, 0.11716652661561966, 0.09101690351963043, 0.07653439044952393]</LCS_MAX>
		<WAVELENGTH>[0.48, 0.56, 0.655, 0.865, 1.61, 2.2]</WAVELENGTH>
		<MEAN_VALUE>[0.11960483555568775, 0.1252899802245493, 0.1232909826202791, 0.06322111079032755, 0.0424040317662996, 0.03162862192976982]</MEAN_VALUE>
		<CHECKBOX>2</CHECKBOX>
		<SD>[0.004318175030761587, 0.005120014297268669, 0.010346045371401633, 0.010622615931707484, 0.010569301444906249, 0.00856319788739419]</SD>
		<WAVELENGTH_UNIT>E-6m</WAVELENGTH_UNIT>
		<COLOR>#c35634</COLOR>
		<COVARIANCE_MATRIX>[[1.5113760127860587e-05, 1.7721738913678564e-05, 2.778517773549538e-05, 1.6238316675298847e-05, 9.52190748648718e-06, 8.784218152868561e-06], [1.7721738913678564e-05, 2.2549413188244216e-05, 3.237271084799431e-05, 9.722225513542071e-06, 5.225077984505333e-06, 5.575790964940097e-06], [2.778517773549538e-05, 3.237271084799431e-05, 7.579319935757667e-05, 5.1043403800576925e-05, 2.1146917788428254e-05, 1.9522452930686995e-05], [1.6238316675298847e-05, 9.722225513542071e-06, 5.1043403800576925e-05, 0.00013994790788274258, 0.00011307911336189136, 9.07161520444788e-05], [9.52190748648718e-06, 5.225077984505333e-06, 2.1146917788428254e-05, 0.00011307911336189136, 0.00011940718104597181, 9.54912175075151e-05], [8.784218152868561e-06, 5.575790964940097e-06, 1.9522452930686995e-05, 9.07161520444788e-05, 9.54912175075151e-05, 7.854311843402684e-05]]</COVARIANCE_MATRIX>
		<ROI_SIZE>2926</ROI_SIZE>
		<MAX_VALUE>[0.13212205469608307, 0.13964484632015228, 0.14297829568386078, 0.11716652661561966, 0.09101690351963043, 0.07653439044952393]</MAX_VALUE>
		<MIN_VALUE>[0.11088252067565918, 0.11293214559555054, 0.09775138646364212, 0.047929707914590836, 0.03067682310938835, 0.022343171760439873]</MIN_VALUE>
		<SIGNATURE_THRESHOLD_MD>0.0</SIGNATURE_THRESHOLD_MD>
		<SIGNATURE_THRESHOLD_ML>0.0</SIGNATURE_THRESHOLD_ML>
		<SIGNATURE_THRESHOLD_SAM>0.0</SIGNATURE_THRESHOLD_SAM>
	</signature>
	<signature ID="20211229_105301121883_954">
		<MACROCLASSID>1</MACROCLASSID>
		<MACROCLASSINFO>waterbody</MACROCLASSINFO>
		<CLASSID>2</CLASSID>
		<CLASSINFO>C 1</CLASSINFO>
		<VALUES>[0.10554781003854193, 0.005715867093224872, 0.09281569654921959, 0.007394396168381957, 0.07026313331021615, 0.008755339389046954, 0.054157602589889456, 0.010007099266992822, 0.044146242074486794, 0.009933397760898719, 0.03324059908271368, 0.007940013602462579]</VALUES>
		<LCS_MIN>[0.09432785212993622, 0.07876420021057129, 0.056556157767772675, 0.03461841121315956, 0.029888492077589035, 0.02146475948393345]</LCS_MIN>
		<LCS_MAX>[0.12531998753547668, 0.1188557967543602, 0.11038700491189957, 0.1043282151222229, 0.09457559138536453, 0.07642177492380142]</LCS_MAX>
		<WAVELENGTH>[0.48, 0.56, 0.655, 0.865, 1.61, 2.2]</WAVELENGTH>
		<MEAN_VALUE>[0.10554781003854193, 0.09281569654921959, 0.07026313331021615, 0.054157602589889456, 0.044146242074486794, 0.03324059908271368]</MEAN_VALUE>
		<CHECKBOX>2</CHECKBOX>
		<SD>[0.005715867093224872, 0.007394396168381957, 0.008755339389046954, 0.010007099266992822, 0.009933397760898719, 0.007940013602462579]</SD>
		<WAVELENGTH_UNIT>E-6m</WAVELENGTH_UNIT>
		<COLOR>#969884</COLOR>
		<COVARIANCE_MATRIX>[[4.18488125433214e-05, 5.174297621124424e-05, 5.395285552367568e-05, 4.257429463905282e-05, 3.5935885534854606e-05, 3.023739373020362e-05], [5.174297621124424e-05, 6.980078615015373e-05, 7.402695337077603e-05, 5.414624320110306e-05, 4.608693780028261e-05, 3.787204695981927e-05], [5.395285552367568e-05, 7.402695337077603e-05, 8.655942656332627e-05, 7.55927394493483e-05, 6.957057485124096e-05, 5.5881049775052816e-05], [4.257429463905282e-05, 5.414624320110306e-05, 7.55927394493483e-05, 9.558824967825785e-05, 9.598465112503618e-05, 7.67694364185445e-05], [3.5935885534854606e-05, 4.608693780028261e-05, 6.957057485124096e-05, 9.598465112503618e-05, 0.00010177659714827314, 8.110134513117373e-05], [3.023739373020362e-05, 3.787204695981927e-05, 5.5881049775052816e-05, 7.67694364185445e-05, 8.110134513117373e-05, 6.635241152253002e-05]]</COVARIANCE_MATRIX>
		<ROI_SIZE>3719</ROI_SIZE>
		<MAX_VALUE>[0.12531998753547668, 0.1188557967543602, 0.11038700491189957, 0.1043282151222229, 0.09457559138536453, 0.07642177492380142]</MAX_VALUE>
		<MIN_VALUE>[0.09432785212993622, 0.07876420021057129, 0.056556157767772675, 0.03461841121315956, 0.029888492077589035, 0.02146475948393345]</MIN_VALUE>
		<SIGNATURE_THRESHOLD_MD>0.0</SIGNATURE_THRESHOLD_MD>
		<SIGNATURE_THRESHOLD_ML>0.0</SIGNATURE_THRESHOLD_ML>
		<SIGNATURE_THRESHOLD_SAM>0.0</SIGNATURE_THRESHOLD_SAM>
	</signature>
	<signature ID="20211229_105305751796_806">
		<MACROCLASSID>1</MACROCLASSID>
		<MACROCLASSINFO>waterbody</MACROCLASSINFO>
		<CLASSID>3</CLASSID>
		<CLASSINFO>C 1</CLASSINFO>
		<VALUES>[0.09638227419292032, 0.0023198120816768477, 0.07820802230078919, 0.003981979248949185, 0.05682943432150281, 0.005704952105697561, 0.04410589858889579, 0.0066629512988418465, 0.03317731009174237, 0.007084838407198465, 0.0236758977348081, 0.005216902881291813]</VALUES>
		<LCS_MIN>[0.0934494361281395, 0.07349374145269394, 0.051105499267578125, 0.03702841326594353, 0.02560906484723091, 0.018536722287535667]</LCS_MIN>
		<LCS_MAX>[0.11446373164653778, 0.10405793786048889, 0.09971092641353607, 0.09043130278587341, 0.07973270863294601, 0.061421215534210205]</LCS_MAX>
		<WAVELENGTH>[0.48, 0.56, 0.655, 0.865, 1.61, 2.2]</WAVELENGTH>
		<MEAN_VALUE>[0.09638227419292032, 0.07820802230078919, 0.05682943432150281, 0.04410589858889579, 0.03317731009174237, 0.0236758977348081]</MEAN_VALUE>
		<CHECKBOX>2</CHECKBOX>
		<SD>[0.0023198120816768477, 0.003981979248949185, 0.005704952105697561, 0.0066629512988418465, 0.007084838407198465, 0.005216902881291813]</SD>
		<WAVELENGTH_UNIT>E-6m</WAVELENGTH_UNIT>
		<COLOR>#468261</COLOR>
		<COVARIANCE_MATRIX>[[5.053236236562952e-06, 8.245179742516484e-06, 1.1400573384889867e-05, 1.2494441762100905e-05, 1.2834590052079875e-05, 9.671985026216134e-06], [8.245179742516484e-06, 1.4644360817328561e-05, 2.028763628914021e-05, 2.232475162600167e-05, 2.343042979191523e-05, 1.730598887661472e-05], [1.1400573384889867e-05, 2.028763628914021e-05, 3.065781493205577e-05, 3.407122130738571e-05, 3.616562025854364e-05, 2.6936295398627408e-05], [1.2494441762100905e-05, 2.232475162600167e-05, 3.407122130738571e-05, 4.1254515963373706e-05, 4.2489544284762815e-05, 3.2310086680809036e-05], [1.2834590052079875e-05, 2.343042979191523e-05, 3.616562025854364e-05, 4.2489544284762815e-05, 4.70575614599511e-05, 3.4419030271237716e-05], [9.671985026216134e-06, 1.730598887661472e-05, 2.6936295398627408e-05, 3.2310086680809036e-05, 3.4419030271237716e-05, 2.6318042728235014e-05]]</COVARIANCE_MATRIX>
		<ROI_SIZE>5699</ROI_SIZE>
		<MAX_VALUE>[0.11446373164653778, 0.10405793786048889, 0.09971092641353607, 0.09043130278587341, 0.07973270863294601, 0.061421215534210205]</MAX_VALUE>
		<MIN_VALUE>[0.0934494361281395, 0.07349374145269394, 0.051105499267578125, 0.03702841326594353, 0.02560906484723091, 0.018536722287535667]</MIN_VALUE>
		<SIGNATURE_THRESHOLD_MD>0.0</SIGNATURE_THRESHOLD_MD>
		<SIGNATURE_THRESHOLD_ML>0.0</SIGNATURE_THRESHOLD_ML>
		<SIGNATURE_THRESHOLD_SAM>0.0</SIGNATURE_THRESHOLD_SAM>
	</signature>
	<signature ID="20211229_105311090922_954">
		<MACROCLASSID>1</MACROCLASSID>
		<MACROCLASSINFO>waterbody</MACROCLASSINFO>
		<CLASSID>4</CLASSID>
		<CLASSINFO>C 1</CLASSINFO>
		<VALUES>[0.0994242565362151, 0.006035496208073133, 0.07967481940178332, 0.00800147854195213, 0.06327014712420556, 0.009650228396104975, 0.05327812422476558, 0.011733744953931497, 0.04151540451185008, 0.011852892494368827, 0.029972498224180605, 0.00913396033710646]</VALUES>
		<LCS_MIN>[0.09151241928339005, 0.06941700726747513, 0.05103794112801552, 0.03828972205519676, 0.026509996503591537, 0.018784480169415474]</LCS_MIN>
		<LCS_MAX>[0.11633317172527313, 0.10730130970478058, 0.10642289370298386, 0.09986858814954758, 0.0861969143152237, 0.07405681163072586]</LCS_MAX>
		<WAVELENGTH>[0.48, 0.56, 0.655, 0.865, 1.61, 2.2]</WAVELENGTH>
		<MEAN_VALUE>[0.0994242565362151, 0.07967481940178332, 0.06327014712420556, 0.05327812422476558, 0.04151540451185008, 0.029972498224180605]</MEAN_VALUE>
		<CHECKBOX>2</CHECKBOX>
		<SD>[0.006035496208073133, 0.00800147854195213, 0.009650228396104975, 0.011733744953931497, 0.011852892494368827, 0.00913396033710646]</SD>
		<WAVELENGTH_UNIT>E-6m</WAVELENGTH_UNIT>
		<COLOR>#9c20e2</COLOR>
		<COVARIANCE_MATRIX>[[2.7798005248769186e-05, 3.698203727253713e-05, 4.391799302538857e-05, 5.342594886315055e-05, 5.321502612787299e-05, 4.056629404658452e-05], [3.698203727253713e-05, 5.043428245699033e-05, 6.059531369828619e-05, 7.372937398031354e-05, 7.369092054432258e-05, 5.603762838291004e-05], [4.391799302538857e-05, 6.059531369828619e-05, 7.437068416038528e-05, 9.103318734560162e-05, 9.13289186428301e-05, 6.924710760358721e-05], [5.342594886315055e-05, 7.372937398031354e-05, 9.103318734560162e-05, 0.00011289180110907182, 0.00011338639887981117, 8.590684592491016e-05], [5.321502612787299e-05, 7.369092054432258e-05, 9.13289186428301e-05, 0.00011338639887981117, 0.00011469895980553702, 8.70151343406178e-05], [4.056629404658452e-05, 5.603762838291004e-05, 6.924710760358721e-05, 8.590684592491016e-05, 8.70151343406178e-05, 6.701591337332502e-05]]</COVARIANCE_MATRIX>
		<ROI_SIZE>3724</ROI_SIZE>
		<MAX_VALUE>[0.11633317172527313, 0.10730130970478058, 0.10642289370298386, 0.09986858814954758, 0.0861969143152237, 0.07405681163072586]</MAX_VALUE>
		<MIN_VALUE>[0.09151241928339005, 0.06941700726747513, 0.05103794112801552, 0.03828972205519676, 0.026509996503591537, 0.018784480169415474]</MIN_VALUE>
		<SIGNATURE_THRESHOLD_MD>0.0</SIGNATURE_THRESHOLD_MD>
		<SIGNATURE_THRESHOLD_ML>0.0</SIGNATURE_THRESHOLD_ML>
		<SIGNATURE_THRESHOLD_SAM>0.0</SIGNATURE_THRESHOLD_SAM>
	</signature>
	<signature ID="20211229_105321531681_795">
		<MACROCLASSID>1</MACROCLASSID>
		<MACROCLASSINFO>waterbody</MACROCLASSINFO>
		<CLASSID>5</CLASSID>
		<CLASSINFO>C 1</CLASSINFO>
		<VALUES>[0.09316159047011517, 0.001278997534234598, 0.07075811321091671, 0.0022777198523392197, 0.050549411932087784, 0.0031282080726369277, 0.03714424431137641, 0.003522189123628909, 0.02593210459627303, 0.004289377645950131, 0.019135790477518504, 0.003443375173247879]</VALUES>
		<LCS_MIN>[0.09130971878767014, 0.0681556984782219, 0.047727007418870926, 0.03376251831650734, 0.018852049484848976, 0.015451026149094105]</LCS_MIN>
		<LCS_MAX>[0.10207588970661163, 0.09574682265520096, 0.09520624577999115, 0.08358419686555862, 0.07234504818916321, 0.0574345700442791]</LCS_MAX>
		<WAVELENGTH>[0.48, 0.56, 0.655, 0.865, 1.61, 2.2]</WAVELENGTH>
		<MEAN_VALUE>[0.09316159047011517, 0.07075811321091671, 0.050549411932087784, 0.03714424431137641, 0.02593210459627303, 0.019135790477518504]</MEAN_VALUE>
		<CHECKBOX>2</CHECKBOX>
		<SD>[0.001278997534234598, 0.0022777198523392197, 0.0031282080726369277, 0.003522189123628909, 0.004289377645950131, 0.003443375173247879]</SD>
		<WAVELENGTH_UNIT>E-6m</WAVELENGTH_UNIT>
		<COLOR>#3b1524</COLOR>
		<COVARIANCE_MATRIX>[[1.5718854911028757e-06, 2.4807980025798315e-06, 3.0656422040920006e-06, 3.5981372548121726e-06, 4.063679625687655e-06, 3.3571832318557426e-06], [2.4807980025798315e-06, 4.82806308355066e-06, 5.977904493192909e-06, 6.777421731385402e-06, 8.009507837414276e-06, 6.527366167574655e-06], [3.0656422040920006e-06, 5.977904493192909e-06, 8.462795449304394e-06, 9.250988114217762e-06, 1.0960375220747665e-05, 8.977367542684078e-06], [3.5981372548121726e-06, 6.777421731385402e-06, 9.250988114217762e-06, 1.1713480489561334e-05, 1.3676452908839565e-05, 1.1262218322372064e-05], [4.063679625687655e-06, 8.009507837414276e-06, 1.0960375220747665e-05, 1.3676452908839565e-05, 1.689598684606608e-05, 1.3530429896491114e-05], [3.3571832318557426e-06, 6.527366167574655e-06, 8.977367542684078e-06, 1.1262218322372064e-05, 1.3530429896491114e-05, 1.1144313248223625e-05]]</COVARIANCE_MATRIX>
		<ROI_SIZE>9893</ROI_SIZE>
		<MAX_VALUE>[0.10207588970661163, 0.09574682265520096, 0.09520624577999115, 0.08358419686555862, 0.07234504818916321, 0.0574345700442791]</MAX_VALUE>
		<MIN_VALUE>[0.09130971878767014, 0.0681556984782219, 0.047727007418870926, 0.03376251831650734, 0.018852049484848976, 0.015451026149094105]</MIN_VALUE>
		<SIGNATURE_THRESHOLD_MD>0.0</SIGNATURE_THRESHOLD_MD>
		<SIGNATURE_THRESHOLD_ML>0.0</SIGNATURE_THRESHOLD_ML>
		<SIGNATURE_THRESHOLD_SAM>0.0</SIGNATURE_THRESHOLD_SAM>
	</signature>
	<signature ID="20211229_105327132839_892">
		<MACROCLASSID>1</MACROCLASSID>
		<MACROCLASSINFO>waterbody</MACROCLASSINFO>
		<CLASSID>6</CLASSID>
		<CLASSINFO>C 1</CLASSINFO>
		<VALUES>[0.09344893298883192, 0.0017394226847188704, 0.07051920759086511, 0.002464139438942901, 0.05102439826583522, 0.002974176636959653, 0.03754455302811722, 0.0036799320422867842, 0.02586306360183877, 0.004383528120912035, 0.019051978995907822, 0.0034121185968714186]</VALUES>
		<LCS_MIN>[0.09101690351963043, 0.06757009029388428, 0.04801980406045914, 0.03385261818766594, 0.02189270406961441, 0.015969062224030495]</LCS_MIN>
		<LCS_MAX>[0.10946355015039444, 0.09056644141674042, 0.08311120420694351, 0.07461988925933838, 0.0680881217122078, 0.05491194874048233]</LCS_MAX>
		<WAVELENGTH>[0.48, 0.56, 0.655, 0.865, 1.61, 2.2]</WAVELENGTH>
		<MEAN_VALUE>[0.09344893298883192, 0.07051920759086511, 0.05102439826583522, 0.03754455302811722, 0.02586306360183877, 0.019051978995907822]</MEAN_VALUE>
		<CHECKBOX>2</CHECKBOX>
		<SD>[0.0017394226847188704, 0.002464139438942901, 0.002974176636959653, 0.0036799320422867842, 0.004383528120912035, 0.0034121185968714186]</SD>
		<WAVELENGTH_UNIT>E-6m</WAVELENGTH_UNIT>
		<COLOR>#e43be1</COLOR>
		<COVARIANCE_MATRIX>[[3.1068209409568226e-06, 4.012409135611961e-06, 5.033763045503292e-06, 6.112007667979924e-06, 6.792459771531867e-06, 5.394635536504211e-06], [4.012409135611961e-06, 5.887378847546643e-06, 7.129379810066894e-06, 8.665392670081928e-06, 1.0070161806652322e-05, 7.921889846329577e-06], [5.033763045503292e-06, 7.129379810066894e-06, 9.132147170021199e-06, 1.1258543963776901e-05, 1.3050579582341015e-05, 1.0286595170327928e-05], [6.112007667979924e-06, 8.665392670081928e-06, 1.1258543963776901e-05, 1.4333883882500231e-05, 1.6531483197468333e-05, 1.309873096033698e-05], [6.792459771531867e-06, 1.0070161806652322e-05, 1.3050579582341015e-05, 1.6531483197468333e-05, 1.998462357732933e-05, 1.5595969671267085e-05], [5.394635536504211e-06, 7.921889846329577e-06, 1.0286595170327928e-05, 1.309873096033698e-05, 1.5595969671267085e-05, 1.235691706824582e-05]]</COVARIANCE_MATRIX>
		<ROI_SIZE>9907</ROI_SIZE>
		<MAX_VALUE>[0.10946355015039444, 0.09056644141674042, 0.08311120420694351, 0.07461988925933838, 0.0680881217122078, 0.05491194874048233]</MAX_VALUE>
		<MIN_VALUE>[0.09101690351963043, 0.06757009029388428, 0.04801980406045914, 0.03385261818766594, 0.02189270406961441, 0.015969062224030495]</MIN_VALUE>
		<SIGNATURE_THRESHOLD_MD>0.0</SIGNATURE_THRESHOLD_MD>
		<SIGNATURE_THRESHOLD_ML>0.0</SIGNATURE_THRESHOLD_ML>
		<SIGNATURE_THRESHOLD_SAM>0.0</SIGNATURE_THRESHOLD_SAM>
	</signature>
	<signature ID="20211229_105332251074_217">
		<MACROCLASSID>1</MACROCLASSID>
		<MACROCLASSINFO>waterbody</MACROCLASSINFO>
		<CLASSID>7</CLASSID>
		<CLASSINFO>C 1</CLASSINFO>
		<VALUES>[0.09427250866350298, 0.00277324579110362, 0.07199517884568604, 0.0038332755074586148, 0.055633775267649344, 0.005101471698469815, 0.044511062662947784, 0.0068103024243625215, 0.03376847121361146, 0.007895889278261316, 0.025103337548270425, 0.006399370919658068]</VALUES>
		<LCS_MIN>[0.09126465767621994, 0.06763766705989838, 0.049776628613471985, 0.03666803613305092, 0.024775691330432892, 0.018041206523776054]</LCS_MIN>
		<LCS_MAX>[0.118540458381176, 0.10482373088598251, 0.08939523249864578, 0.08903485536575317, 0.07763803005218506, 0.07072336226701736]</LCS_MAX>
		<WAVELENGTH>[0.48, 0.56, 0.655, 0.865, 1.61, 2.2]</WAVELENGTH>
		<MEAN_VALUE>[0.09427250866350298, 0.07199517884568604, 0.055633775267649344, 0.044511062662947784, 0.03376847121361146, 0.025103337548270425]</MEAN_VALUE>
		<CHECKBOX>2</CHECKBOX>
		<SD>[0.00277324579110362, 0.0038332755074586148, 0.005101471698469815, 0.0068103024243625215, 0.007895889278261316, 0.006399370919658068]</SD>
		<WAVELENGTH_UNIT>E-6m</WAVELENGTH_UNIT>
		<COLOR>#084b12</COLOR>
		<COVARIANCE_MATRIX>[[6.855463652755134e-06, 9.046158993442077e-06, 1.1785408787545748e-05, 1.5183203686319757e-05, 1.5968040315783583e-05, 1.358346071356209e-05], [9.046158993442077e-06, 1.3293328265717719e-05, 1.7037204088410363e-05, 2.2380931113730185e-05, 2.4823348212521523e-05, 2.0499212041613646e-05], [1.1785408787545748e-05, 1.7037204088410363e-05, 2.3419263015966862e-05, 3.064905104110949e-05, 3.490522794891149e-05, 2.8759095584973693e-05], [1.5183203686319757e-05, 2.2380931113730185e-05, 3.064905104110949e-05, 4.180569158052094e-05, 4.666437234845944e-05, 3.902400203514844e-05], [1.5968040315783583e-05, 2.4823348212521523e-05, 3.490522794891149e-05, 4.666437234845944e-05, 5.673346095136367e-05, 4.5699205657001585e-05], [1.358346071356209e-05, 2.0499212041613646e-05, 2.8759095584973693e-05, 3.902400203514844e-05, 4.5699205657001585e-05, 3.806273525697179e-05]]</COVARIANCE_MATRIX>
		<ROI_SIZE>6065</ROI_SIZE>
		<MAX_VALUE>[0.118540458381176, 0.10482373088598251, 0.08939523249864578, 0.08903485536575317, 0.07763803005218506, 0.07072336226701736]</MAX_VALUE>
		<MIN_VALUE>[0.09126465767621994, 0.06763766705989838, 0.049776628613471985, 0.03666803613305092, 0.024775691330432892, 0.018041206523776054]</MIN_VALUE>
		<SIGNATURE_THRESHOLD_MD>0.0</SIGNATURE_THRESHOLD_MD>
		<SIGNATURE_THRESHOLD_ML>0.0</SIGNATURE_THRESHOLD_ML>
		<SIGNATURE_THRESHOLD_SAM>0.0</SIGNATURE_THRESHOLD_SAM>
	</signature>
	<signature ID="20211229_105336951412_648">
		<MACROCLASSID>1</MACROCLASSID>
		<MACROCLASSINFO>waterbody</MACROCLASSINFO>
		<CLASSID>8</CLASSID>
		<CLASSINFO>C 1</CLASSINFO>
		<VALUES>[0.10769468276151294, 0.006728139831725857, 0.09228831247009078, 0.009425642085149826, 0.08478686894322261, 0.013787241509190563, 0.08123555541809262, 0.020800487616891444, 0.06689788035020747, 0.019984318382520443, 0.05075251304640853, 0.015489581760383633]</VALUES>
		<LCS_MIN>[0.10112989693880081, 0.08182737231254578, 0.06889896094799042, 0.05939411371946335, 0.04781710356473923, 0.03441569581627846]</LCS_MIN>
		<LCS_MAX>[0.1262659728527069, 0.11628811806440353, 0.12119821459054947, 0.1256353259086609, 0.12072522193193436, 0.09164755791425705]</LCS_MAX>
		<WAVELENGTH>[0.48, 0.56, 0.655, 0.865, 1.61, 2.2]</WAVELENGTH>
		<MEAN_VALUE>[0.10769468276151294, 0.09228831247009078, 0.08478686894322261, 0.08123555541809262, 0.06689788035020747, 0.05075251304640853]</MEAN_VALUE>
		<CHECKBOX>2</CHECKBOX>
		<SD>[0.006728139831725857, 0.009425642085149826, 0.013787241509190563, 0.020800487616891444, 0.019984318382520443, 0.015489581760383633]</SD>
		<WAVELENGTH_UNIT>E-6m</WAVELENGTH_UNIT>
		<COLOR>#0f974f</COLOR>
		<COVARIANCE_MATRIX>[[4.606203947332688e-05, 6.143532664282247e-05, 8.950445044320077e-05, 0.00012553897977340966, 0.00012671294098254293, 0.00010025240771938115], [6.143532664282247e-05, 9.040137229021639e-05, 0.00013048936671111733, 0.00017854820180218667, 0.00017324091459158808, 0.0001356370485154912], [8.950445044320077e-05, 0.00013048936671111733, 0.00019342290761414915, 0.0002597260463517159, 0.00025356863625347614, 0.0001946285628946498], [0.00012553897977340966, 0.00017854820180218667, 0.0002597260463517159, 0.00044025082024745643, 0.0004137211653869599, 0.00031066604424268007], [0.00012671294098254293, 0.00017324091459158808, 0.00025356863625347614, 0.0004137211653869599, 0.00040637952042743564, 0.00030926510225981474], [0.00010025240771938115, 0.0001356370485154912, 0.0001946285628946498, 0.00031066604424268007, 0.00030926510225981474, 0.00024413639039266855]]</COVARIANCE_MATRIX>
		<ROI_SIZE>58</ROI_SIZE>
		<MAX_VALUE>[0.1262659728527069, 0.11628811806440353, 0.12119821459054947, 0.1256353259086609, 0.12072522193193436, 0.09164755791425705]</MAX_VALUE>
		<MIN_VALUE>[0.10112989693880081, 0.08182737231254578, 0.06889896094799042, 0.05939411371946335, 0.04781710356473923, 0.03441569581627846]</MIN_VALUE>
		<SIGNATURE_THRESHOLD_MD>0.0</SIGNATURE_THRESHOLD_MD>
		<SIGNATURE_THRESHOLD_ML>0.0</SIGNATURE_THRESHOLD_ML>
		<SIGNATURE_THRESHOLD_SAM>0.0</SIGNATURE_THRESHOLD_SAM>
	</signature>
	<signature ID="20211229_105342396275_620">
		<MACROCLASSID>1</MACROCLASSID>
		<MACROCLASSINFO>waterbody</MACROCLASSINFO>
		<CLASSID>9</CLASSID>
		<CLASSINFO>C 1</CLASSINFO>
		<VALUES>[0.112809892498741, 0.007640082464082323, 0.0964763049085281, 0.010328641400365466, 0.09044900823286488, 0.014162062555696705, 0.0885477844552186, 0.020094951906101235, 0.07418128652007956, 0.018553563958744152, 0.05730061858622849, 0.014709260140649444]</VALUES>
		<LCS_MIN>[0.09781896322965622, 0.07648933678865433, 0.061623916029930115, 0.05371822044253349, 0.037951864302158356, 0.027320832014083862]</LCS_MIN>
		<LCS_MAX>[0.1371898055076599, 0.13412663340568542, 0.12793269753456116, 0.13099588453769684, 0.11412587761878967, 0.09257102757692337]</LCS_MAX>
		<WAVELENGTH>[0.48, 0.56, 0.655, 0.865, 1.61, 2.2]</WAVELENGTH>
		<MEAN_VALUE>[0.112809892498741, 0.0964763049085281, 0.09044900823286488, 0.0885477844552186, 0.07418128652007956, 0.05730061858622849]</MEAN_VALUE>
		<CHECKBOX>2</CHECKBOX>
		<SD>[0.007640082464082323, 0.010328641400365466, 0.014162062555696705, 0.020094951906101235, 0.018553563958744152, 0.014709260140649444]</SD>
		<WAVELENGTH_UNIT>E-6m</WAVELENGTH_UNIT>
		<COLOR>#3c8872</COLOR>
		<COVARIANCE_MATRIX>[[5.856350253452547e-05, 7.542925595771521e-05, 0.0001024993762257509, 0.00012603204231709242, 0.00010736224066931754, 8.837410132400692e-05], [7.542925595771521e-05, 0.00010703291627578437, 0.00014291299157775939, 0.00018060876755043864, 0.00016038991452660412, 0.00012858693662565202], [0.0001024993762257509, 0.00014291299157775939, 0.00020122595014981925, 0.000263760972302407, 0.0002335458848392591, 0.00018721618107520044], [0.00012603204231709242, 0.00018060876755043864, 0.000263760972302407, 0.00040513978456147015, 0.00034820300061255693, 0.0002758402260951698], [0.00010736224066931754, 0.00016038991452660412, 0.0002335458848392591, 0.00034820300061255693, 0.0003453708195593208, 0.00026838949997909367], [8.837410132400692e-05, 0.00012858693662565202, 0.00018721618107520044, 0.0002758402260951698, 0.00026838949997909367, 0.00021707640553358942]]</COVARIANCE_MATRIX>
		<ROI_SIZE>304</ROI_SIZE>
		<MAX_VALUE>[0.1371898055076599, 0.13412663340568542, 0.12793269753456116, 0.13099588453769684, 0.11412587761878967, 0.09257102757692337]</MAX_VALUE>
		<MIN_VALUE>[0.09781896322965622, 0.07648933678865433, 0.061623916029930115, 0.05371822044253349, 0.037951864302158356, 0.027320832014083862]</MIN_VALUE>
		<SIGNATURE_THRESHOLD_MD>0.0</SIGNATURE_THRESHOLD_MD>
		<SIGNATURE_THRESHOLD_ML>0.0</SIGNATURE_THRESHOLD_ML>
		<SIGNATURE_THRESHOLD_SAM>0.0</SIGNATURE_THRESHOLD_SAM>
	</signature>
	<signature ID="20211229_105349153958_409">
		<MACROCLASSID>1</MACROCLASSID>
		<MACROCLASSINFO>waterbody</MACROCLASSINFO>
		<CLASSID>10</CLASSID>
		<CLASSINFO>C 1</CLASSINFO>
		<VALUES>[0.11062024840701389, 0.0057802568622349225, 0.09585394855407302, 0.008334006925590703, 0.09306434092673467, 0.011710280880073936, 0.09459635178638755, 0.0181663496114971, 0.08371267428670483, 0.019023971475815044, 0.06666198170531108, 0.01615887248512365]</VALUES>
		<LCS_MIN>[0.09775138646364212, 0.07829120010137558, 0.0720972865819931, 0.05878597870469093, 0.05076766014099121, 0.038695137947797775]</LCS_MIN>
		<LCS_MAX>[0.13059045374393463, 0.11894587427377701, 0.12142345309257507, 0.1292615681886673, 0.11910355091094971, 0.104395791888237]</LCS_MAX>
		<WAVELENGTH>[0.48, 0.56, 0.655, 0.865, 1.61, 2.2]</WAVELENGTH>
		<MEAN_VALUE>[0.11062024840701389, 0.09585394855407302, 0.09306434092673467, 0.09459635178638755, 0.08371267428670483, 0.06666198170531108]</MEAN_VALUE>
		<CHECKBOX>2</CHECKBOX>
		<SD>[0.0057802568622349225, 0.008334006925590703, 0.011710280880073936, 0.0181663496114971, 0.019023971475815044, 0.01615887248512365]</SD>
		<WAVELENGTH_UNIT>E-6m</WAVELENGTH_UNIT>
		<COLOR>#f0e9d2</COLOR>
		<COVARIANCE_MATRIX>[[3.353697684360668e-05, 4.629153772839345e-05, 5.96725512878038e-05, 7.426662341458723e-05, 7.859015750000253e-05, 7.200014806585386e-05], [4.629153772839345e-05, 6.971678521949798e-05, 9.417596447747201e-05, 0.000125342674436979, 0.0001316169509664178, 0.00011612447269726545], [5.96725512878038e-05, 9.417596447747201e-05, 0.00013764620234724134, 0.00019952446746174246, 0.00020750993280671537, 0.0001729079376673326], [7.426662341458723e-05, 0.000125342674436979, 0.00019952446746174246, 0.0003312569169793278, 0.00034042372135445476, 0.00027117665740661323], [7.859015750000253e-05, 0.0001316169509664178, 0.00020750993280671537, 0.00034042372135445476, 0.0003632720618043095, 0.000297999766189605], [7.200014806585386e-05, 0.00011612447269726545, 0.0001729079376673326, 0.00027117665740661323, 0.000297999766189605, 0.000262090761680156]]</COVARIANCE_MATRIX>
		<ROI_SIZE>267</ROI_SIZE>
		<MAX_VALUE>[0.13059045374393463, 0.11894587427377701, 0.12142345309257507, 0.1292615681886673, 0.11910355091094971, 0.104395791888237]</MAX_VALUE>
		<MIN_VALUE>[0.09775138646364212, 0.07829120010137558, 0.0720972865819931, 0.05878597870469093, 0.05076766014099121, 0.038695137947797775]</MIN_VALUE>
		<SIGNATURE_THRESHOLD_MD>0.0</SIGNATURE_THRESHOLD_MD>
		<SIGNATURE_THRESHOLD_ML>0.0</SIGNATURE_THRESHOLD_ML>
		<SIGNATURE_THRESHOLD_SAM>0.0</SIGNATURE_THRESHOLD_SAM>
	</signature>
	<signature ID="20211229_105356641090_217">
		<MACROCLASSID>1</MACROCLASSID>
		<MACROCLASSINFO>waterbody</MACROCLASSINFO>
		<CLASSID>11</CLASSID>
		<CLASSINFO>C 1</CLASSINFO>
		<VALUES>[0.10767497582323601, 0.005277496783002575, 0.09316463888491558, 0.008036027286848943, 0.0884720709099866, 0.012214972861015007, 0.08988832162330611, 0.020482315831692906, 0.08835098834945848, 0.02413083929649263, 0.07039382176211212, 0.020200475776415188]</VALUES>
		<LCS_MIN>[0.09946317225694656, 0.08153457194566727, 0.06923681497573853, 0.05811028182506561, 0.05171363428235054, 0.03901045769453049]</LCS_MIN>
		<LCS_MAX>[0.12182886898517609, 0.12027475982904434, 0.11982429027557373, 0.13086073100566864, 0.132640078663826, 0.11252672225236893]</LCS_MAX>
		<WAVELENGTH>[0.48, 0.56, 0.655, 0.865, 1.61, 2.2]</WAVELENGTH>
		<MEAN_VALUE>[0.10767497582323601, 0.09316463888491558, 0.0884720709099866, 0.08988832162330611, 0.08835098834945848, 0.07039382176211212]</MEAN_VALUE>
		<CHECKBOX>2</CHECKBOX>
		<SD>[0.005277496783002575, 0.008036027286848943, 0.012214972861015007, 0.020482315831692906, 0.02413083929649263, 0.020200475776415188]</SD>
		<WAVELENGTH_UNIT>E-6m</WAVELENGTH_UNIT>
		<COLOR>#7cd880</COLOR>
		<COVARIANCE_MATRIX>[[3.2543273846386e-05, 4.528885256149806e-05, 6.670500442851335e-05, 9.910122025758028e-05, 0.00011368075502105057, 9.464018512517214e-05], [4.528885256149806e-05, 6.87751526129432e-05, 9.888381464406848e-05, 0.00014849724539089948, 0.00017050364112947136, 0.0001445892412448302], [6.670500442851335e-05, 9.888381464406848e-05, 0.00014953680511098355, 0.0002294274017913267, 0.00026673750835470855, 0.0002193520631408319], [9.910122025758028e-05, 0.00014849724539089948, 0.0002294274017913267, 0.00039179500890895724, 0.0004543061659205705, 0.00037225274718366563], [0.00011368075502105057, 0.00017050364112947136, 0.00026673750835470855, 0.0004543061659205705, 0.0005435345228761435, 0.0004477768379729241], [9.464018512517214e-05, 0.0001445892412448302, 0.0002193520631408319, 0.00037225274718366563, 0.0004477768379729241, 0.0003838031552731991]]</COVARIANCE_MATRIX>
		<ROI_SIZE>226</ROI_SIZE>
		<MAX_VALUE>[0.12182886898517609, 0.12027475982904434, 0.11982429027557373, 0.13086073100566864, 0.132640078663826, 0.11252672225236893]</MAX_VALUE>
		<MIN_VALUE>[0.09946317225694656, 0.08153457194566727, 0.06923681497573853, 0.05811028182506561, 0.05171363428235054, 0.03901045769453049]</MIN_VALUE>
		<SIGNATURE_THRESHOLD_MD>0.0</SIGNATURE_THRESHOLD_MD>
		<SIGNATURE_THRESHOLD_ML>0.0</SIGNATURE_THRESHOLD_ML>
		<SIGNATURE_THRESHOLD_SAM>0.0</SIGNATURE_THRESHOLD_SAM>
	</signature>
	<signature ID="20211229_105403540974_266">
		<MACROCLASSID>1</MACROCLASSID>
		<MACROCLASSINFO>waterbody</MACROCLASSINFO>
		<CLASSID>12</CLASSID>
		<CLASSINFO>C 1</CLASSINFO>
		<VALUES>[0.10784307430068894, 0.00394965502622944, 0.09421670914231661, 0.005857138769478132, 0.08934734726023531, 0.008816064841605369, 0.07954617678940648, 0.016030526652349972, 0.07797304830865237, 0.018798921582800977, 0.06035006728893268, 0.015796253189768388]</VALUES>
		<LCS_MIN>[0.10178307443857193, 0.08563382178544998, 0.07766054570674896, 0.05898867920041084, 0.053830835968256, 0.03878521919250488]</LCS_MIN>
		<LCS_MAX>[0.12198653072118759, 0.11378803104162216, 0.12101803719997406, 0.12365325540304184, 0.11998194456100464, 0.1005893424153328]</LCS_MAX>
		<WAVELENGTH>[0.48, 0.56, 0.655, 0.865, 1.61, 2.2]</WAVELENGTH>
		<MEAN_VALUE>[0.10784307430068894, 0.09421670914231661, 0.08934734726023531, 0.07954617678940648, 0.07797304830865237, 0.06035006728893268]</MEAN_VALUE>
		<CHECKBOX>2</CHECKBOX>
		<SD>[0.00394965502622944, 0.005857138769478132, 0.008816064841605369, 0.016030526652349972, 0.018798921582800977, 0.015796253189768388]</SD>
		<WAVELENGTH_UNIT>E-6m</WAVELENGTH_UNIT>
		<COLOR>#4548cb</COLOR>
		<COVARIANCE_MATRIX>[[1.5693749446654692e-05, 2.197383946622722e-05, 3.338897295179777e-05, 5.6134595070034266e-05, 6.310187745839357e-05, 5.299884651321918e-05], [2.197383946622722e-05, 3.4512737329350784e-05, 4.994330447516404e-05, 8.392131712753326e-05, 9.458608110435307e-05, 8.296113082906231e-05], [3.338897295179777e-05, 4.994330447516404e-05, 7.819120946805924e-05, 0.00013188090815674514, 0.00014628672215621918, 0.0001201580380438827], [5.6134595070034266e-05, 8.392131712753326e-05, 0.00013188090815674514, 0.0002585258334875107, 0.00029525463469326496, 0.00023551596677862108], [6.310187745839357e-05, 9.458608110435307e-05, 0.00014628672215621918, 0.00029525463469326496, 0.0003555283765308559, 0.0002862315159291029], [5.299884651321918e-05, 8.296113082906231e-05, 0.0001201580380438827, 0.00023551596677862108, 0.0002862315159291029, 0.0002510247577447444]]</COVARIANCE_MATRIX>
		<ROI_SIZE>167</ROI_SIZE>
		<MAX_VALUE>[0.12198653072118759, 0.11378803104162216, 0.12101803719997406, 0.12365325540304184, 0.11998194456100464, 0.1005893424153328]</MAX_VALUE>
		<MIN_VALUE>[0.10178307443857193, 0.08563382178544998, 0.07766054570674896, 0.05898867920041084, 0.053830835968256, 0.03878521919250488]</MIN_VALUE>
		<SIGNATURE_THRESHOLD_MD>0.0</SIGNATURE_THRESHOLD_MD>
		<SIGNATURE_THRESHOLD_ML>0.0</SIGNATURE_THRESHOLD_ML>
		<SIGNATURE_THRESHOLD_SAM>0.0</SIGNATURE_THRESHOLD_SAM>
	</signature>
	<signature ID="20211229_105418181340_134">
		<MACROCLASSID>1</MACROCLASSID>
		<MACROCLASSINFO>waterbody</MACROCLASSINFO>
		<CLASSID>13</CLASSID>
		<CLASSINFO>C 1</CLASSINFO>
		<VALUES>[0.11160911657547545, 0.004725285085319699, 0.10032465717213306, 0.007004887504179037, 0.09664940333130669, 0.010060741051040024, 0.09277449424068136, 0.023736421759607627, 0.08972824135490058, 0.026587856526695125, 0.06632061271091642, 0.020903764683426515]</VALUES>
		<LCS_MIN>[0.1046210303902626, 0.09020606428384781, 0.08212017267942429, 0.055542606860399246, 0.05252448841929436, 0.03781672567129135]</LCS_MIN>
		<LCS_MAX>[0.12516231834888458, 0.12173876911401749, 0.12390101701021194, 0.13973495364189148, 0.14158186316490173, 0.11604035645723343]</LCS_MAX>
		<WAVELENGTH>[0.48, 0.56, 0.655, 0.865, 1.61, 2.2]</WAVELENGTH>
		<MEAN_VALUE>[0.11160911657547545, 0.10032465717213306, 0.09664940333130669, 0.09277449424068136, 0.08972824135490058, 0.06632061271091642]</MEAN_VALUE>
		<CHECKBOX>2</CHECKBOX>
		<SD>[0.004725285085319699, 0.007004887504179037, 0.010060741051040024, 0.023736421759607627, 0.026587856526695125, 0.020903764683426515]</SD>
		<WAVELENGTH_UNIT>E-6m</WAVELENGTH_UNIT>
		<COLOR>#164a31</COLOR>
		<COVARIANCE_MATRIX>[[2.5454859496676363e-05, 3.491717507131398e-05, 4.8712612624512985e-05, 8.893301856005564e-05, 0.00010323540482204407, 8.626740600448102e-05], [3.491717507131398e-05, 5.0101349188480526e-05, 6.900777225382626e-05, 0.0001320766023127362, 0.00015113431436475366, 0.00012669582793023437], [4.8712612624512985e-05, 6.900777225382626e-05, 0.0001015754314721562, 0.00020152229990344495, 0.00023055096971802413, 0.00018614331202115864], [8.893301856005564e-05, 0.0001320766023127362, 0.00020152229990344495, 0.0005173503886908293, 0.0005703784991055727, 0.00044124136911705136], [0.00010323540482204407, 0.00015113431436475366, 0.00023055096971802413, 0.0005703784991055727, 0.0006558320601470768, 0.0005107494653202593], [8.626740600448102e-05, 0.00012669582793023437, 0.00018614331202115864, 0.00044124136911705136, 0.0005107494653202593, 0.000412366702221334]]</COVARIANCE_MATRIX>
		<ROI_SIZE>261</ROI_SIZE>
		<MAX_VALUE>[0.12516231834888458, 0.12173876911401749, 0.12390101701021194, 0.13973495364189148, 0.14158186316490173, 0.11604035645723343]</MAX_VALUE>
		<MIN_VALUE>[0.1046210303902626, 0.09020606428384781, 0.08212017267942429, 0.055542606860399246, 0.05252448841929436, 0.03781672567129135]</MIN_VALUE>
		<SIGNATURE_THRESHOLD_MD>0.0</SIGNATURE_THRESHOLD_MD>
		<SIGNATURE_THRESHOLD_ML>0.0</SIGNATURE_THRESHOLD_ML>
		<SIGNATURE_THRESHOLD_SAM>0.0</SIGNATURE_THRESHOLD_SAM>
	</signature>
	<signature ID="20211229_105426741275_728">
		<MACROCLASSID>1</MACROCLASSID>
		<MACROCLASSINFO>waterbody</MACROCLASSINFO>
		<CLASSID>14</CLASSID>
		<CLASSINFO>C 1</CLASSINFO>
		<VALUES>[0.11429694584332224, 0.00361517768974122, 0.10194353186640855, 0.004378710699288156, 0.0972966453876377, 0.006038347084785233, 0.08546182753379682, 0.013464775943300587, 0.0793862899780766, 0.014269949386863368, 0.058177099617059545, 0.011431368425771304]</VALUES>
		<LCS_MIN>[0.10964372754096985, 0.09642251580953598, 0.0865122377872467, 0.0646870881319046, 0.05592550337314606, 0.039370834827423096]</LCS_MIN>
		<LCS_MAX>[0.12741465866565704, 0.12016214430332184, 0.11847289651632309, 0.11754942685365677, 0.11191859096288681, 0.08937270939350128]</LCS_MAX>
		<WAVELENGTH>[0.48, 0.56, 0.655, 0.865, 1.61, 2.2]</WAVELENGTH>
		<MEAN_VALUE>[0.11429694584332224, 0.10194353186640855, 0.0972966453876377, 0.08546182753379682, 0.0793862899780766, 0.058177099617059545]</MEAN_VALUE>
		<CHECKBOX>2</CHECKBOX>
		<SD>[0.00361517768974122, 0.004378710699288156, 0.006038347084785233, 0.013464775943300587, 0.014269949386863368, 0.011431368425771304]</SD>
		<WAVELENGTH_UNIT>E-6m</WAVELENGTH_UNIT>
		<COLOR>#df3e56</COLOR>
		<COVARIANCE_MATRIX>[[1.3178422705095727e-05, 1.5441986761288717e-05, 2.0813300579902716e-05, 2.9710294256801717e-05, 3.2172065402846783e-05, 2.9620870918734e-05], [1.5441986761288717e-05, 1.9332883312017657e-05, 2.59157495747786e-05, 3.770725379581563e-05, 4.3013256799895316e-05, 3.8425852835644037e-05], [2.0813300579902716e-05, 2.59157495747786e-05, 3.6765482946066186e-05, 6.016536644892767e-05, 6.659470818703994e-05, 5.859238081029616e-05], [2.9710294256801717e-05, 3.770725379581563e-05, 6.016536644892767e-05, 0.00018281102529726923, 0.0001828257372835651, 0.0001434585137758404], [3.2172065402846783e-05, 4.3013256799895316e-05, 6.659470818703994e-05, 0.0001828257372835651, 0.00020532838243525475, 0.00016119903011713177], [2.9620870918734e-05, 3.8425852835644037e-05, 5.859238081029616e-05, 0.0001434585137758404, 0.00016119903011713177, 0.00013176514767110348]]</COVARIANCE_MATRIX>
		<ROI_SIZE>121</ROI_SIZE>
		<MAX_VALUE>[0.12741465866565704, 0.12016214430332184, 0.11847289651632309, 0.11754942685365677, 0.11191859096288681, 0.08937270939350128]</MAX_VALUE>
		<MIN_VALUE>[0.10964372754096985, 0.09642251580953598, 0.0865122377872467, 0.0646870881319046, 0.05592550337314606, 0.039370834827423096]</MIN_VALUE>
		<SIGNATURE_THRESHOLD_MD>0.0</SIGNATURE_THRESHOLD_MD>
		<SIGNATURE_THRESHOLD_ML>0.0</SIGNATURE_THRESHOLD_ML>
		<SIGNATURE_THRESHOLD_SAM>0.0</SIGNATURE_THRESHOLD_SAM>
	</signature>
	<signature ID="20211229_105432138073_455">
		<MACROCLASSID>1</MACROCLASSID>
		<MACROCLASSINFO>waterbody</MACROCLASSINFO>
		<CLASSID>15</CLASSID>
		<CLASSINFO>C 1</CLASSINFO>
		<VALUES>[0.12538079329779453, 0.002889625934364341, 0.1124648606413407, 0.0035427465459771526, 0.10952075081112242, 0.005017884659605545, 0.09988371163886475, 0.012663310481631239, 0.08877757859761724, 0.014252718194733118, 0.061179690587688476, 0.011155832786167571]</VALUES>
		<LCS_MIN>[0.1189909353852272, 0.10536428540945053, 0.10250382870435715, 0.0827508270740509, 0.0720972865819931, 0.04878559708595276]</LCS_MIN>
		<LCS_MAX>[0.13725736737251282, 0.1293741911649704, 0.1333157867193222, 0.13437439501285553, 0.1257028877735138, 0.09606213867664337]</LCS_MAX>
		<WAVELENGTH>[0.48, 0.56, 0.655, 0.865, 1.61, 2.2]</WAVELENGTH>
		<MEAN_VALUE>[0.12538079329779453, 0.1124648606413407, 0.10952075081112242, 0.09988371163886475, 0.08877757859761724, 0.061179690587688476]</MEAN_VALUE>
		<CHECKBOX>2</CHECKBOX>
		<SD>[0.002889625934364341, 0.0035427465459771526, 0.005017884659605545, 0.012663310481631239, 0.014252718194733118, 0.011155832786167571]</SD>
		<WAVELENGTH_UNIT>E-6m</WAVELENGTH_UNIT>
		<COLOR>#c7ad41</COLOR>
		<COVARIANCE_MATRIX>[[1.1136915418319404e-05, 1.1878109035023954e-05, 1.4311217455542646e-05, 2.3492042600992136e-05, 2.2316131435218267e-05, 1.7597985788597725e-05], [1.1878109035023954e-05, 1.404411523253657e-05, 1.792434159142431e-05, 3.124189970549196e-05, 3.2865511457202956e-05, 2.7010406483896077e-05], [1.4311217455542646e-05, 1.792434159142431e-05, 2.5167837520712055e-05, 4.7953566536307335e-05, 5.298737596604042e-05, 4.344095941632986e-05], [2.3492042600992136e-05, 3.124189970549196e-05, 4.7953566536307335e-05, 0.00015782730770297348, 0.00016719050472602248, 0.00012382793647702783], [2.2316131435218267e-05, 3.2865511457202956e-05, 5.298737596604042e-05, 0.00016719050472602248, 0.00020286132348701358, 0.00015448160411324352], [1.7597985788597725e-05, 2.7010406483896077e-05, 4.344095941632986e-05, 0.00012382793647702783, 0.00015448160411324352, 0.00012255371257197112]]</COVARIANCE_MATRIX>
		<ROI_SIZE>320</ROI_SIZE>
		<MAX_VALUE>[0.13725736737251282, 0.1293741911649704, 0.1333157867193222, 0.13437439501285553, 0.1257028877735138, 0.09606213867664337]</MAX_VALUE>
		<MIN_VALUE>[0.1189909353852272, 0.10536428540945053, 0.10250382870435715, 0.0827508270740509, 0.0720972865819931, 0.04878559708595276]</MIN_VALUE>
		<SIGNATURE_THRESHOLD_MD>0.0</SIGNATURE_THRESHOLD_MD>
		<SIGNATURE_THRESHOLD_ML>0.0</SIGNATURE_THRESHOLD_ML>
		<SIGNATURE_THRESHOLD_SAM>0.0</SIGNATURE_THRESHOLD_SAM>
	</signature>
	<signature ID="20211229_105438924195_143">
		<MACROCLASSID>1</MACROCLASSID>
		<MACROCLASSINFO>waterbody</MACROCLASSINFO>
		<CLASSID>16</CLASSID>
		<CLASSINFO>C 1</CLASSINFO>
		<VALUES>[0.11787360186799099, 0.00308759600482045, 0.10683467222303991, 0.0037625909770039197, 0.10442282699343167, 0.005089720704908285, 0.08649734727575274, 0.012698142276385618, 0.07396627676352267, 0.012272562871884588, 0.05318071138597814, 0.01006575278842166]</VALUES>
		<LCS_MIN>[0.11414840817451477, 0.10187317430973053, 0.0973234474658966, 0.07022784650325775, 0.056083180010318756, 0.0395059734582901]</LCS_MIN>
