<?xml version="1.0" ?>
<signaturelist MCID_LIST="[['1', 'waterbody', '#000000'], ['2', 'vegetation', '#000000'], ['3', 'bareland', '#000000'], ['4', 'built-up', '#000000']]">
	<signature ID="20211217_114923544076_267">
		<MACROCLASSID>1</MACROCLASSID>
		<MACROCLASSINFO>waterbody</MACROCLASSINFO>
		<CLASSID>1</CLASSID>
		<CLASSINFO>C 1</CLASSINFO>
		<VALUES>[0.09354213807154019, 0.0021945789145107583, 0.07007799990007955, 0.002359044628598719, 0.05085142873559555, 0.0028770406106010285, 0.03737385287794838, 0.0033917321633420345, 0.025141781941670917, 0.0032550480951014722, 0.018575990976144853, 0.002647010583265362]</VALUES>
		<LCS_MIN>[0.09112951904535294, 0.06757009029388428, 0.04801980406045914, 0.03380756080150604, 0.02189270406961441, 0.015878964215517044]</LCS_MIN>
		<LCS_MAX>[0.10142269730567932, 0.07885429263114929, 0.061421215534210205, 0.04943877458572388, 0.036375220865011215, 0.028266822919249535]</LCS_MAX>
		<WAVELENGTH>[1.0, 2.0, 3.0, 4.0, 5.0, 6.0]</WAVELENGTH>
		<MEAN_VALUE>[0.09354213807154019, 0.07007799990007955, 0.05085142873559555, 0.03737385287794838, 0.025141781941670917, 0.018575990976144853]</MEAN_VALUE>
		<CHECKBOX>2</CHECKBOX>
		<SD>[0.0021945789145107583, 0.002359044628598719, 0.0028770406106010285, 0.0033917321633420345, 0.0032550480951014722, 0.002647010583265362]</SD>
		<WAVELENGTH_UNIT>band number</WAVELENGTH_UNIT>
		<COLOR>#2d151e</COLOR>
		<COVARIANCE_MATRIX>[[5.83206156079541e-06, 6.123892489995342e-06, 7.386279321508482e-06, 8.518573849869426e-06, 7.985305273905396e-06, 6.610070158785675e-06], [6.123892489995342e-06, 6.810992999817245e-06, 8.031215656956192e-06, 9.212078111886512e-06, 8.799877832643688e-06, 7.258180175995221e-06], [7.386279321508482e-06, 8.031215656956192e-06, 9.754818165674806e-06, 1.1255991012149025e-05, 1.072776285582222e-05, 8.81720279721776e-06], [8.518573849869426e-06, 9.212078111886512e-06, 1.1255991012149025e-05, 1.3214584214438219e-05, 1.250442164746346e-05, 1.0308955097571015e-05], [7.985305273905396e-06, 8.799877832643688e-06, 1.072776285582222e-05, 1.250442164746346e-05, 1.2179659279354382e-05, 9.917315765051171e-06], [6.610070158785675e-06, 7.258180175995221e-06, 8.81720279721776e-06, 1.0308955097571015e-05, 9.917315765051171e-06, 8.195505870389752e-06]]</COVARIANCE_MATRIX>
		<ROI_SIZE>10183</ROI_SIZE>
		<MAX_VALUE>[0.10142269730567932, 0.07885429263114929, 0.061421215534210205, 0.04943877458572388, 0.036375220865011215, 0.028266822919249535]</MAX_VALUE>
		<MIN_VALUE>[0.09112951904535294, 0.06757009029388428, 0.04801980406045914, 0.03380756080150604, 0.02189270406961441, 0.015878964215517044]</MIN_VALUE>
		<SIGNATURE_THRESHOLD_MD>0.0</SIGNATURE_THRESHOLD_MD>
		<SIGNATURE_THRESHOLD_ML>0.0</SIGNATURE_THRESHOLD_ML>
		<SIGNATURE_THRESHOLD_SAM>0.0</SIGNATURE_THRESHOLD_SAM>
	</signature>
	<signature ID="20211217_114929576633_118">
		<MACROCLASSID>1</MACROCLASSID>
		<MACROCLASSINFO>waterbody</MACROCLASSINFO>
		<CLASSID>2</CLASSID>
		<CLASSINFO>C 1</CLASSINFO>
		<VALUES>[0.09791965075776868, 0.0048615304376476935, 0.07837395259672483, 0.00719443146662603, 0.06456753334213883, 0.007798928734324626, 0.05649572078584173, 0.009362379336686516, 0.04573965085665809, 0.009683600490111443, 0.03428409233283134, 0.007994203282517163]</VALUES>
		<LCS_MIN>[0.09306654334068298, 0.0718269944190979, 0.056736353784799576, 0.047997284680604935, 0.03669055551290512, 0.027073081582784653]</LCS_MIN>
		<LCS_MAX>[0.12318027764558792, 0.11117531359195709, 0.10191821306943893, 0.10308942198753357, 0.09194037318229675, 0.08081382513046265]</LCS_MAX>
		<WAVELENGTH>[1.0, 2.0, 3.0, 4.0, 5.0, 6.0]</WAVELENGTH>
		<MEAN_VALUE>[0.09791965075776868, 0.07837395259672483, 0.06456753334213883, 0.05649572078584173, 0.04573965085665809, 0.03428409233283134]</MEAN_VALUE>
		<CHECKBOX>2</CHECKBOX>
		<SD>[0.0048615304376476935, 0.00719443146662603, 0.007798928734324626, 0.009362379336686516, 0.009683600490111443, 0.007994203282517163]</SD>
		<WAVELENGTH_UNIT>band number</WAVELENGTH_UNIT>
		<COLOR>#ea1645</COLOR>
		<COVARIANCE_MATRIX>[[2.0546605810523033e-05, 2.950193993456196e-05, 3.194508462911472e-05, 3.586263846955262e-05, 3.5563294659368694e-05, 2.9441243896144442e-05], [2.950193993456196e-05, 4.557826468953863e-05, 4.753526081913151e-05, 5.359773786040023e-05, 5.4806827392894775e-05, 4.4431992137106135e-05], [3.194508462911472e-05, 4.753526081913151e-05, 5.576779949478805e-05, 6.540692265843973e-05, 6.81055971654132e-05, 5.5693813919788226e-05], [3.586263846955262e-05, 5.359773786040023e-05, 6.540692265843973e-05, 8.476847142446786e-05, 8.406740380451083e-05, 7.1846938226372e-05], [3.5563294659368694e-05, 5.4806827392894775e-05, 6.81055971654132e-05, 8.406740380451083e-05, 9.268923895433545e-05, 7.475494203390554e-05], [2.9441243896144442e-05, 4.4431992137106135e-05, 5.5693813919788226e-05, 7.1846938226372e-05, 7.475494203390554e-05, 6.361300620483235e-05]]</COVARIANCE_MATRIX>
		<ROI_SIZE>2005</ROI_SIZE>
		<MAX_VALUE>[0.12318027764558792, 0.11117531359195709, 0.10191821306943893, 0.10308942198753357, 0.09194037318229675, 0.08081382513046265]</MAX_VALUE>
		<MIN_VALUE>[0.09306654334068298, 0.0718269944190979, 0.056736353784799576, 0.047997284680604935, 0.03669055551290512, 0.027073081582784653]</MIN_VALUE>
		<SIGNATURE_THRESHOLD_MD>0.0</SIGNATURE_THRESHOLD_MD>
		<SIGNATURE_THRESHOLD_ML>0.0</SIGNATURE_THRESHOLD_ML>
		<SIGNATURE_THRESHOLD_SAM>0.0</SIGNATURE_THRESHOLD_SAM>
	</signature>
	<signature ID="20211217_114936965676_892">
		<MACROCLASSID>1</MACROCLASSID>
		<MACROCLASSINFO>waterbody</MACROCLASSINFO>
		<CLASSID>3</CLASSID>
		<CLASSINFO>C 1</CLASSINFO>
		<VALUES>[0.10831922502482975, 0.004697575993422923, 0.09294692036306974, 0.006623038386906401, 0.08841010197563076, 0.009172812870220894, 0.0864387613911073, 0.01372900911811129, 0.07201265601567851, 0.013739990102309224, 0.05313873211446319, 0.010635987059225693]</VALUES>
		<LCS_MIN>[0.10034158080816269, 0.08045344799757004, 0.07229998707771301, 0.0609932616353035, 0.04759186878800392, 0.03268139064311981]</LCS_MIN>
		<LCS_MAX>[0.12300008535385132, 0.10863018035888672, 0.1079319640994072, 0.11351775377988815, 0.09944064915180206, 0.07457485049962997]</LCS_MAX>
		<WAVELENGTH>[1.0, 2.0, 3.0, 4.0, 5.0, 6.0]</WAVELENGTH>
		<MEAN_VALUE>[0.10831922502482975, 0.09294692036306974, 0.08841010197563076, 0.0864387613911073, 0.07201265601567851, 0.05313873211446319]</MEAN_VALUE>
		<CHECKBOX>2</CHECKBOX>
		<SD>[0.004697575993422923, 0.006623038386906401, 0.009172812870220894, 0.01372900911811129, 0.013739990102309224, 0.010635987059225693]</SD>
		<WAVELENGTH_UNIT>band number</WAVELENGTH_UNIT>
		<COLOR>#6a40aa</COLOR>
		<COVARIANCE_MATRIX>[[2.2283566067926586e-05, 3.017461312992964e-05, 3.932658364647068e-05, 5.1862072723452e-05, 5.1433911721687764e-05, 4.233111394569278e-05], [3.017461312992964e-05, 4.429468390299007e-05, 5.908121238462627e-05, 7.941216608742252e-05, 7.855984586058185e-05, 6.350158946588635e-05], [3.932658364647068e-05, 5.908121238462627e-05, 8.496540249325335e-05, 0.0001209495312650688, 0.0001197172241518274, 9.32076945900917e-05], [5.1862072723452e-05, 7.941216608742252e-05, 0.0001209495312650688, 0.00019033359421882778, 0.00018819553952198476, 0.00014231933164410293], [5.1433911721687764e-05, 7.855984586058185e-05, 0.0001197172241518274, 0.00018819553952198476, 0.00019063818035647273, 0.00014465177082456648], [4.233111394569278e-05, 6.350158946588635e-05, 9.32076945900917e-05, 0.00014231933164410293, 0.00014465177082456648, 0.00011423328396631405]]</COVARIANCE_MATRIX>
		<ROI_SIZE>103</ROI_SIZE>
		<MAX_VALUE>[0.12300008535385132, 0.10863018035888672, 0.1079319640994072, 0.11351775377988815, 0.09944064915180206, 0.07457485049962997]</MAX_VALUE>
		<MIN_VALUE>[0.10034158080816269, 0.08045344799757004, 0.07229998707771301, 0.0609932616353035, 0.04759186878800392, 0.03268139064311981]</MIN_VALUE>
		<SIGNATURE_THRESHOLD_MD>0.0</SIGNATURE_THRESHOLD_MD>
		<SIGNATURE_THRESHOLD_ML>0.0</SIGNATURE_THRESHOLD_ML>
		<SIGNATURE_THRESHOLD_SAM>0.0</SIGNATURE_THRESHOLD_SAM>
	</signature>
	<signature ID="20211217_114953868261_328">
		<MACROCLASSID>1</MACROCLASSID>
		<MACROCLASSINFO>waterbody</MACROCLASSINFO>
		<CLASSID>4</CLASSID>
		<CLASSINFO>C 1</CLASSINFO>
		<VALUES>[0.1174180619290458, 0.0040316822707073445, 0.12272631752501252, 0.005462968251980024, 0.11798251496303275, 0.010339471233437494, 0.05917561339180264, 0.008542545516317133, 0.04004746600942803, 0.008362674620659783, 0.029577511506915614, 0.006769305442141387]</VALUES>
		<LCS_MIN>[0.10831485688686371, 0.1076616644859314, 0.08910241723060608, 0.04459625110030174, 0.029933549463748932, 0.022410741075873375]</LCS_MIN>
		<LCS_MAX>[0.13378877937793732, 0.14255037903785706, 0.1398025006055832, 0.1004091426730156, 0.08225532621145248, 0.06786288321018219]</LCS_MAX>
		<WAVELENGTH>[1.0, 2.0, 3.0, 4.0, 5.0, 6.0]</WAVELENGTH>
		<MEAN_VALUE>[0.1174180619290458, 0.12272631752501252, 0.11798251496303275, 0.05917561339180264, 0.04004746600942803, 0.029577511506915614]</MEAN_VALUE>
		<CHECKBOX>2</CHECKBOX>
		<SD>[0.0040316822707073445, 0.005462968251980024, 0.010339471233437494, 0.008542545516317133, 0.008362674620659783, 0.006769305442141387]</SD>
		<WAVELENGTH_UNIT>band number</WAVELENGTH_UNIT>
		<COLOR>#8d921c</COLOR>
		<COVARIANCE_MATRIX>[[1.99827609321801e-05, 2.642361869220622e-05, 5.04377530887723e-05, 2.618867438286543e-05, 1.1263781743764412e-05, 1.049995898938505e-05], [2.642361869220622e-05, 3.675742118502967e-05, 7.085952529450879e-05, 3.220207509002648e-05, 1.1750476915040053e-05, 1.1339250704622827e-05], [5.04377530887723e-05, 7.085952529450879e-05, 0.00015356480435002595, 7.609645399497822e-05, 2.793461135297548e-05, 2.6016046831500717e-05], [2.618867438286543e-05, 3.220207509002648e-05, 7.609645399497822e-05, 9.177070751320571e-05, 7.416452717734501e-05, 6.009127901052125e-05], [1.1263781743764412e-05, 1.1750476915040053e-05, 2.793461135297548e-05, 7.416452717734501e-05, 7.875713345129043e-05, 6.292527541518211e-05], [1.049995898938505e-05, 1.1339250704622827e-05, 2.6016046831500717e-05, 6.009127901052125e-05, 6.292527541518211e-05, 5.2081340982113034e-05]]</COVARIANCE_MATRIX>
		<ROI_SIZE>3429</ROI_SIZE>
		<MAX_VALUE>[0.13378877937793732, 0.14255037903785706, 0.1398025006055832, 0.1004091426730156, 0.08225532621145248, 0.06786288321018219]</MAX_VALUE>
		<MIN_VALUE>[0.10831485688686371, 0.1076616644859314, 0.08910241723060608, 0.04459625110030174, 0.029933549463748932, 0.022410741075873375]</MIN_VALUE>
		<SIGNATURE_THRESHOLD_MD>0.0</SIGNATURE_THRESHOLD_MD>
		<SIGNATURE_THRESHOLD_ML>0.0</SIGNATURE_THRESHOLD_ML>
		<SIGNATURE_THRESHOLD_SAM>0.0</SIGNATURE_THRESHOLD_SAM>
	</signature>
	<signature ID="20211217_115006782604_703">
		<MACROCLASSID>1</MACROCLASSID>
		<MACROCLASSINFO>waterbody</MACROCLASSINFO>
		<CLASSID>5</CLASSID>
		<CLASSINFO>C 1</CLASSINFO>
		<VALUES>[0.11056267573459913, 0.003324245282485357, 0.10702797308666252, 0.004426798798965125, 0.1040272750853472, 0.005929095342468814, 0.06683838629635852, 0.010867953728683922, 0.046241695335619656, 0.012155150536389589, 0.0330844256861059, 0.009408560613772847]</VALUES>
		<LCS_MIN>[0.10527420043945312, 0.0973009243607521, 0.09410261362791061, 0.05263708904385567, 0.03360486030578613, 0.02220803312957287]</LCS_MIN>
		<LCS_MAX>[0.1258830726146698, 0.1263110190629959, 0.12772998213768005, 0.10941848903894424, 0.08739064633846283, 0.06516008824110031]</LCS_MAX>
		<WAVELENGTH>[1.0, 2.0, 3.0, 4.0, 5.0, 6.0]</WAVELENGTH>
		<MEAN_VALUE>[0.11056267573459913, 0.10702797308666252, 0.1040272750853472, 0.06683838629635852, 0.046241695335619656, 0.0330844256861059]</MEAN_VALUE>
		<CHECKBOX>2</CHECKBOX>
		<SD>[0.003324245282485357, 0.004426798798965125, 0.005929095342468814, 0.010867953728683922, 0.012155150536389589, 0.009408560613772847]</SD>
		<WAVELENGTH_UNIT>band number</WAVELENGTH_UNIT>
		<COLOR>#d7b655</COLOR>
		<COVARIANCE_MATRIX>[[1.1069561878684908e-05, 1.416416580468649e-05, 1.851334127422888e-05, 2.637543366290629e-05, 2.7338128347764723e-05, 2.1864592781639658e-05], [1.416416580468649e-05, 1.9630160750239156e-05, 2.50086795858806e-05, 3.196147736161947e-05, 3.437662962824106e-05, 2.715375376283191e-05], [1.851334127422888e-05, 2.50086795858806e-05, 3.521447069942951e-05, 5.124614472151734e-05, 5.528352266992442e-05, 4.3536048906389624e-05], [2.637543366290629e-05, 3.196147736161947e-05, 5.124614472151734e-05, 0.00011831500887637958, 0.00012209030683152378, 9.725654672365636e-05], [2.7338128347764723e-05, 3.437662962824106e-05, 5.528352266992442e-05, 0.00012209030683152378, 0.00014800111239310354, 0.00011228069342905656], [2.1864592781639658e-05, 2.715375376283191e-05, 4.3536048906389624e-05, 9.725654672365636e-05, 0.00011228069342905656, 8.867285214364529e-05]]</COVARIANCE_MATRIX>
		<ROI_SIZE>584</ROI_SIZE>
		<MAX_VALUE>[0.1258830726146698, 0.1263110190629959, 0.12772998213768005, 0.10941848903894424, 0.08739064633846283, 0.06516008824110031]</MAX_VALUE>
		<MIN_VALUE>[0.10527420043945312, 0.0973009243607521, 0.09410261362791061, 0.05263708904385567, 0.03360486030578613, 0.02220803312957287]</MIN_VALUE>
		<SIGNATURE_THRESHOLD_MD>0.0</SIGNATURE_THRESHOLD_MD>
		<SIGNATURE_THRESHOLD_ML>0.0</SIGNATURE_THRESHOLD_ML>
		<SIGNATURE_THRESHOLD_SAM>0.0</SIGNATURE_THRESHOLD_SAM>
	</signature>
	<signature ID="20211217_115017644157_259">
		<MACROCLASSID>1</MACROCLASSID>
		<MACROCLASSINFO>waterbody</MACROCLASSINFO>
		<CLASSID>6</CLASSID>
		<CLASSINFO>C 1</CLASSINFO>
		<VALUES>[0.11178120274556269, 0.003060382707111378, 0.10818786928894636, 0.004745140869009759, 0.11301797823956009, 0.006372769628676702, 0.08507541072337337, 0.01295141080225989, 0.05030731745357588, 0.014129487428827343, 0.0363507538476563, 0.010597635076426668]</VALUES>
		<LCS_MIN>[0.10286420583724976, 0.0896204486489296, 0.08734560757875443, 0.06664663553237915, 0.03360486030578613, 0.024302706122398376]</LCS_MIN>
		<LCS_MAX>[0.13034270703792572, 0.12694166600704193, 0.13428428769111633, 0.12408120930194855, 0.0899583101272583, 0.07617402076721191]</LCS_MAX>
		<WAVELENGTH>[1.0, 2.0, 3.0, 4.0, 5.0, 6.0]</WAVELENGTH>
		<MEAN_VALUE>[0.11178120274556269, 0.10818786928894636, 0.11301797823956009, 0.08507541072337337, 0.05030731745357588, 0.0363507538476563]</MEAN_VALUE>
		<CHECKBOX>2</CHECKBOX>
		<SD>[0.003060382707111378, 0.004745140869009759, 0.006372769628676702, 0.01295141080225989, 0.014129487428827343, 0.010597635076426668]</SD>
		<WAVELENGTH_UNIT>band number</WAVELENGTH_UNIT>
		<COLOR>#8b966c</COLOR>
		<COVARIANCE_MATRIX>[[9.390589184476994e-06, 1.2559436981973704e-05, 1.6588970538577996e-05, 1.0044953342003282e-05, 1.293315381190041e-05, 1.1635075679805595e-05], [1.2559436981973704e-05, 2.2575615730602294e-05, 2.848066287697293e-05, -2.228200401077629e-06, 1.6914327716222033e-07, 2.9833031476300675e-06], [1.6588970538577996e-05, 2.848066287697293e-05, 4.0719067328609526e-05, 2.4817059056658763e-06, 4.3131972233823035e-06, 6.961095095903147e-06], [1.0044953342003282e-05, -2.228200401077629e-06, 2.4817059056658763e-06, 0.00016818045696709305, 0.00015735626220703125, 0.00012125038483645767], [1.293315381190041e-05, 1.6914327716222033e-07, 4.3131972233823035e-06, 0.00015735626220703125, 0.00020016779308207333, 0.00014531525084748864], [1.1635075679805595e-05, 2.9833031476300675e-06, 6.961095095903147e-06, 0.00012125038483645767, 0.00014531525084748864, 0.00011260541941737756]]</COVARIANCE_MATRIX>
		<ROI_SIZE>381</ROI_SIZE>
		<MAX_VALUE>[0.13034270703792572, 0.12694166600704193, 0.13428428769111633, 0.12408120930194855, 0.0899583101272583, 0.07617402076721191]</MAX_VALUE>
		<MIN_VALUE>[0.10286420583724976, 0.0896204486489296, 0.08734560757875443, 0.06664663553237915, 0.03360486030578613, 0.024302706122398376]</MIN_VALUE>
		<SIGNATURE_THRESHOLD_MD>0.0</SIGNATURE_THRESHOLD_MD>
		<SIGNATURE_THRESHOLD_ML>0.0</SIGNATURE_THRESHOLD_ML>
		<SIGNATURE_THRESHOLD_SAM>0.0</SIGNATURE_THRESHOLD_SAM>
	</signature>
	<signature ID="20211217_115026076124_288">
		<MACROCLASSID>1</MACROCLASSID>
		<MACROCLASSINFO>waterbody</MACROCLASSINFO>
		<CLASSID>7</CLASSID>
		<CLASSINFO>C 1</CLASSINFO>
		<VALUES>[0.11364323574872245, 0.0070985189720183, 0.10440275871327945, 0.009289350234664285, 0.10457436367869377, 0.013791818923524499, 0.10161361488557995, 0.02092641872216864, 0.08465727525097985, 0.023036645019114618, 0.0685927529065382, 0.018694667511736457]</VALUES>
		<LCS_MIN>[0.10239120572805405, 0.08887719362974167, 0.08414727449417114, 0.06914671510457993, 0.049213554710149765, 0.03921317309141159]</LCS_MIN>
		<LCS_MAX>[0.13241484761238098, 0.12502717971801758, 0.13131120800971985, 0.13579335808753967, 0.13169410824775696, 0.09939559549093246]</LCS_MAX>
		<WAVELENGTH>[1.0, 2.0, 3.0, 4.0, 5.0, 6.0]</WAVELENGTH>
		<MEAN_VALUE>[0.11364323574872245, 0.10440275871327945, 0.10457436367869377, 0.10161361488557995, 0.08465727525097985, 0.0685927529065382]</MEAN_VALUE>
		<CHECKBOX>2</CHECKBOX>
		<SD>[0.0070985189720183, 0.009289350234664285, 0.013791818923524499, 0.02092641872216864, 0.023036645019114618, 0.018694667511736457]</SD>
		<WAVELENGTH_UNIT>band number</WAVELENGTH_UNIT>
		<COLOR>#6a72b8</COLOR>
		<COVARIANCE_MATRIX>[[5.161797162145376e-05, 6.404995656339452e-05, 9.295475319959223e-05, 0.00013645859144162387, 0.00014716031728312373, 0.00012580481416080147], [6.404995656339452e-05, 8.83967150002718e-05, 0.00012827335740439594, 0.00017886569548863918, 0.0001983914407901466, 0.00016406396753154695], [9.295475319959223e-05, 0.00012827335740439594, 0.00019485363736748695, 0.0002798422647174448, 0.0003092117258347571, 0.00024769699666649103], [0.00013645859144162387, 0.00017886569548863918, 0.0002798422647174448, 0.00044859584886580706, 0.000480396585771814, 0.00038590983604080975], [0.00014716031728312373, 0.0001983914407901466, 0.0003092117258347571, 0.000480396585771814, 0.0005436306237243116, 0.00042976561235263944], [0.00012580481416080147, 0.00016406396753154695, 0.00024769699666649103, 0.00038590983604080975, 0.00042976561235263944, 0.0003580147458706051]]</COVARIANCE_MATRIX>
		<ROI_SIZE>42</ROI_SIZE>
		<MAX_VALUE>[0.13241484761238098, 0.12502717971801758, 0.13131120800971985, 0.13579335808753967, 0.13169410824775696, 0.09939559549093246]</MAX_VALUE>
		<MIN_VALUE>[0.10239120572805405, 0.08887719362974167, 0.08414727449417114, 0.06914671510457993, 0.049213554710149765, 0.03921317309141159]</MIN_VALUE>
		<SIGNATURE_THRESHOLD_MD>0.0</SIGNATURE_THRESHOLD_MD>
		<SIGNATURE_THRESHOLD_ML>0.0</SIGNATURE_THRESHOLD_ML>
		<SIGNATURE_THRESHOLD_SAM>0.0</SIGNATURE_THRESHOLD_SAM>
	</signature>
	<signature ID="20211217_115041565181_793">
		<MACROCLASSID>1</MACROCLASSID>
		<MACROCLASSINFO>waterbody</MACROCLASSINFO>
		<CLASSID>8</CLASSID>
		<CLASSINFO>C 1</CLASSINFO>
		<VALUES>[0.11047218658812775, 0.006326140316580387, 0.0946013659006891, 0.00881411580383481, 0.08726172891340363, 0.01221280467926047, 0.08451405377761402, 0.017902506390569384, 0.06976405531167978, 0.016558869014232862, 0.05290036536173365, 0.013106963987720325]</VALUES>
		<LCS_MIN>[0.09777392446994781, 0.07745784521102905, 0.06385373324155807, 0.05209653079509735, 0.03923569619655609, 0.029325414448976517]</LCS_MIN>
		<LCS_MAX>[0.13045531511306763, 0.12061259895563126, 0.12108559906482697, 0.12306766211986542, 0.10905811190605164, 0.0861293375492096]</LCS_MAX>
		<WAVELENGTH>[1.0, 2.0, 3.0, 4.0, 5.0, 6.0]</WAVELENGTH>
		<MEAN_VALUE>[0.11047218658812775, 0.0946013659006891, 0.08726172891340363, 0.08451405377761402, 0.06976405531167978, 0.05290036536173365]</MEAN_VALUE>
		<CHECKBOX>2</CHECKBOX>
		<SD>[0.006326140316580387, 0.00881411580383481, 0.01221280467926047, 0.017902506390569384, 0.016558869014232862, 0.013106963987720325]</SD>
		<WAVELENGTH_UNIT>band number</WAVELENGTH_UNIT>
		<COLOR>#1b17b5</COLOR>
		<COVARIANCE_MATRIX>[[4.0176379116019234e-05, 5.2932053222320974e-05, 7.239539991132915e-05, 9.078034054255113e-05, 8.003669790923595e-05, 6.569670949829742e-05], [5.2932053222320974e-05, 7.799211016390473e-05, 0.00010602750990074128, 0.0001348624937236309, 0.0001202637140522711, 9.822403080761433e-05], [7.239539991132915e-05, 0.00010602750990074128, 0.00014973522047512233, 0.00019527037511579692, 0.00017476988432463259, 0.0001393897837260738], [9.078034054255113e-05, 0.0001348624937236309, 0.00019527037511579692, 0.00032175169326364994, 0.00027839437825605273, 0.00021274431492201984], [8.003669790923595e-05, 0.0001202637140522711, 0.00017476988432463259, 0.00027839437825605273, 0.0002752672298811376, 0.00021289457799866796], [6.569670949829742e-05, 9.822403080761433e-05, 0.0001393897837260738, 0.00021274431492201984, 0.00021289457799866796, 0.00017246356583200395]]</COVARIANCE_MATRIX>
		<ROI_SIZE>257</ROI_SIZE>
		<MAX_VALUE>[0.13045531511306763, 0.12061259895563126, 0.12108559906482697, 0.12306766211986542, 0.10905811190605164, 0.0861293375492096]</MAX_VALUE>
		<MIN_VALUE>[0.09777392446994781, 0.07745784521102905, 0.06385373324155807, 0.05209653079509735, 0.03923569619655609, 0.029325414448976517]</MIN_VALUE>
		<SIGNATURE_THRESHOLD_MD>0.0</SIGNATURE_THRESHOLD_MD>
		<SIGNATURE_THRESHOLD_ML>0.0</SIGNATURE_THRESHOLD_ML>
		<SIGNATURE_THRESHOLD_SAM>0.0</SIGNATURE_THRESHOLD_SAM>
	</signature>
	<signature ID="20211217_115049286130_100">
		<MACROCLASSID>1</MACROCLASSID>
		<MACROCLASSINFO>waterbody</MACROCLASSINFO>
		<CLASSID>9</CLASSID>
		<CLASSINFO>C 1</CLASSINFO>
		<VALUES>[0.10840380337575206, 0.00516319763283585, 0.09273668141036794, 0.007194522628844234, 0.08619266554065375, 0.009882815504498047, 0.08380714774239752, 0.01711158764888412, 0.07784449411691102, 0.017867064305562296, 0.06331888294738275, 0.015505816140001212]</VALUES>
		<LCS_MIN>[0.09953073412179947, 0.08034082502126694, 0.06914671510457993, 0.05727690830826759, 0.050182048231363297, 0.03835728392004967]</LCS_MIN>
		<LCS_MAX>[0.12279738485813141, 0.11547727882862091, 0.11209876835346222, 0.1224820464849472, 0.11392317712306976, 0.09822437912225723]</LCS_MAX>
		<WAVELENGTH>[1.0, 2.0, 3.0, 4.0, 5.0, 6.0]</WAVELENGTH>
		<MEAN_VALUE>[0.10840380337575206, 0.09273668141036794, 0.08619266554065375, 0.08380714774239752, 0.07784449411691102, 0.06331888294738275]</MEAN_VALUE>
		<CHECKBOX>2</CHECKBOX>
		<SD>[0.00516319763283585, 0.007194522628844234, 0.009882815504498047, 0.01711158764888412, 0.017867064305562296, 0.015505816140001212]</SD>
		<WAVELENGTH_UNIT>band number</WAVELENGTH_UNIT>
		<COLOR>#617efd</COLOR>
		<COVARIANCE_MATRIX>[[2.6853198505705222e-05, 3.5555698559619486e-05, 4.8920937842922285e-05, 7.27703154552728e-05, 7.470303535228595e-05, 6.287900032475591e-05], [3.5555698559619486e-05, 5.213897384237498e-05, 6.959355960134417e-05, 0.00010881523485295475, 0.00011105488374596462, 9.667087579146028e-05], [4.8920937842922285e-05, 6.959355960134417e-05, 9.838295954978094e-05, 0.0001554271439090371, 0.00016277287795674056, 0.00013811451208312064], [7.27703154552728e-05, 0.00010881523485295475, 0.0001554271439090371, 0.0002949437184724957, 0.00029767656815238297, 0.0002477957750670612], [7.470303535228595e-05, 0.00011105488374596462, 0.00016277287795674056, 0.00029767656815238297, 0.00032156214001588523, 0.00027251706342212856], [6.287900032475591e-05, 9.667087579146028e-05, 0.00013811451208312064, 0.0002477957750670612, 0.00027251706342212856, 0.00024218529870267957]]</COVARIANCE_MATRIX>
		<ROI_SIZE>138</ROI_SIZE>
		<MAX_VALUE>[0.12279738485813141, 0.11547727882862091, 0.11209876835346222, 0.1224820464849472, 0.11392317712306976, 0.09822437912225723]</MAX_VALUE>
		<MIN_VALUE>[0.09953073412179947, 0.08034082502126694, 0.06914671510457993, 0.05727690830826759, 0.050182048231363297, 0.03835728392004967]</MIN_VALUE>
		<SIGNATURE_THRESHOLD_MD>0.0</SIGNATURE_THRESHOLD_MD>
		<SIGNATURE_THRESHOLD_ML>0.0</SIGNATURE_THRESHOLD_ML>
		<SIGNATURE_THRESHOLD_SAM>0.0</SIGNATURE_THRESHOLD_SAM>
	</signature>
	<signature ID="20211217_115056594168_636">
		<MACROCLASSID>1</MACROCLASSID>
		<MACROCLASSINFO>waterbody</MACROCLASSINFO>
		<CLASSID>10</CLASSID>
		<CLASSINFO>C 1</CLASSINFO>
		<VALUES>[0.10992919239732953, 0.004339672052168808, 0.09661555019793688, 0.0061987910317265, 0.0914003062579367, 0.008585587944813617, 0.08454519559939705, 0.01622260469481526, 0.0799906374955619, 0.019034125008900473, 0.06201582534445654, 0.017014434377771198]</VALUES>
		<LCS_MIN>[0.10311195999383926, 0.08712036907672882, 0.07844887673854828, 0.05675887316465378, 0.051285699009895325, 0.039280734956264496]</LCS_MIN>
		<LCS_MAX>[0.12671643495559692, 0.11689624935388565, 0.1152520477771759, 0.11966662853956223, 0.13491494953632355, 0.11016176640987396]</LCS_MAX>
		<WAVELENGTH>[1.0, 2.0, 3.0, 4.0, 5.0, 6.0]</WAVELENGTH>
		<MEAN_VALUE>[0.10992919239732953, 0.09661555019793688, 0.0914003062579367, 0.08454519559939705, 0.0799906374955619, 0.06201582534445654]</MEAN_VALUE>
		<CHECKBOX>2</CHECKBOX>
		<SD>[0.004339672052168808, 0.0061987910317265, 0.008585587944813617, 0.01622260469481526, 0.019034125008900473, 0.017014434377771198]</SD>
		<WAVELENGTH_UNIT>band number</WAVELENGTH_UNIT>
		<COLOR>#d205f9</COLOR>
		<COVARIANCE_MATRIX>[[1.8973296391777694e-05, 2.4150675017153844e-05, 3.3293545129708946e-05, 4.561206515063532e-05, 6.129120447440073e-05, 5.896974107599817e-05], [2.4150675017153844e-05, 3.871176522807218e-05, 5.1803224778268486e-05, 7.279660349013284e-05, 9.017682168632746e-05, 8.778267510933802e-05], [3.3293545129708946e-05, 5.1803224778268486e-05, 7.426241063512862e-05, 0.00011242408800171688, 0.00013730743376072496, 0.00012571820116136223], [4.561206515063532e-05, 7.279660349013284e-05, 0.00011242408800171688, 0.00026513688499107957, 0.0002848088333848864, 0.00023378712648991495], [6.129120447440073e-05, 9.017682168632746e-05, 0.00013730743376072496, 0.0002848088333848864, 0.00036500164424069226, 0.0003140779444947839], [5.896974107599817e-05, 8.778267510933802e-05, 0.00012571820116136223, 0.00023378712648991495, 0.0003140779444947839, 0.0002916513476520777]]</COVARIANCE_MATRIX>
		<ROI_SIZE>135</ROI_SIZE>
		<MAX_VALUE>[0.12671643495559692, 0.11689624935388565, 0.1152520477771759, 0.11966662853956223, 0.13491494953632355, 0.11016176640987396]</MAX_VALUE>
		<MIN_VALUE>[0.10311195999383926, 0.08712036907672882, 0.07844887673854828, 0.05675887316465378, 0.051285699009895325, 0.039280734956264496]</MIN_VALUE>
		<SIGNATURE_THRESHOLD_MD>0.0</SIGNATURE_THRESHOLD_MD>
		<SIGNATURE_THRESHOLD_ML>0.0</SIGNATURE_THRESHOLD_ML>
		<SIGNATURE_THRESHOLD_SAM>0.0</SIGNATURE_THRESHOLD_SAM>
	</signature>
	<signature ID="20211217_115108933124_282">
		<MACROCLASSID>1</MACROCLASSID>
		<MACROCLASSINFO>waterbody</MACROCLASSINFO>
		<CLASSID>11</CLASSID>
		<CLASSINFO>C 1</CLASSINFO>
		<VALUES>[0.1099502089034234, 0.0036094938484494605, 0.09784742035636947, 0.005058420136877029, 0.09231793414801362, 0.006965860641266619, 0.08372808618670594, 0.017421469338707907, 0.07876691340269253, 0.018873225315498992, 0.058061305416880996, 0.014779460175616415]</VALUES>
		<LCS_MIN>[0.1046210303902626, 0.09020606428384781, 0.08171475678682327, 0.055542606860399246, 0.05245690792798996, 0.03781672567129135]</LCS_MIN>
		<LCS_MAX>[0.12309017777442932, 0.11714401096105576, 0.11644579470157623, 0.12827055156230927, 0.12106307595968246, 0.10342727601528168]</LCS_MAX>
		<WAVELENGTH>[1.0, 2.0, 3.0, 4.0, 5.0, 6.0]</WAVELENGTH>
		<MEAN_VALUE>[0.1099502089034234, 0.09784742035636947, 0.09231793414801362, 0.08372808618670594, 0.07876691340269253, 0.058061305416880996]</MEAN_VALUE>
		<CHECKBOX>2</CHECKBOX>
		<SD>[0.0036094938484494605, 0.005058420136877029, 0.006965860641266619, 0.017421469338707907, 0.018873225315498992, 0.014779460175616415]</SD>
		<WAVELENGTH_UNIT>band number</WAVELENGTH_UNIT>
		<COLOR>#2decdb</COLOR>
		<COVARIANCE_MATRIX>[[1.3086869330436457e-05, 1.8009752238867804e-05, 2.3916027203085832e-05, 4.574776176013984e-05, 5.256700751488097e-05, 4.321680899010971e-05], [1.8009752238867804e-05, 2.5702356651891023e-05, 3.321799886180088e-05, 6.798569665988907e-05, 7.684307638555765e-05, 6.392615614458919e-05], [2.3916027203085832e-05, 3.321799886180088e-05, 4.8740806960267946e-05, 0.00010263759031658992, 0.00011690091923810542, 8.987513137981296e-05], [4.574776176013984e-05, 6.798569665988907e-05, 0.00010263759031658992, 0.00030486861942335963, 0.00032194217783398926, 0.00024033970839809626], [5.256700751488097e-05, 7.684307638555765e-05, 0.00011690091923810542, 0.00032194217783398926, 0.0003577959432732314, 0.0002701527555473149], [4.321680899010971e-05, 6.392615614458919e-05, 8.987513137981296e-05, 0.00024033970839809626, 0.0002701527555473149, 0.00021941195882391185]]</COVARIANCE_MATRIX>
		<ROI_SIZE>224</ROI_SIZE>
		<MAX_VALUE>[0.12309017777442932, 0.11714401096105576, 0.11644579470157623, 0.12827055156230927, 0.12106307595968246, 0.10342727601528168]</MAX_VALUE>
		<MIN_VALUE>[0.1046210303902626, 0.09020606428384781, 0.08171475678682327, 0.055542606860399246, 0.05245690792798996, 0.03781672567129135]</MIN_VALUE>
		<SIGNATURE_THRESHOLD_MD>0.0</SIGNATURE_THRESHOLD_MD>
		<SIGNATURE_THRESHOLD_ML>0.0</SIGNATURE_THRESHOLD_ML>
		<SIGNATURE_THRESHOLD_SAM>0.0</SIGNATURE_THRESHOLD_SAM>
	</signature>
	<signature ID="20211217_115121105941_441">
		<MACROCLASSID>1</MACROCLASSID>
		<MACROCLASSINFO>waterbody</MACROCLASSINFO>
		<CLASSID>12</CLASSID>
		<CLASSINFO>C 1</CLASSINFO>
		<VALUES>[0.11637555186947186, 0.0024348930773393997, 0.10539480687309333, 0.0032464051063756222, 0.10250503521773123, 0.004834207967449687, 0.09066440481492268, 0.012699242690407786, 0.08471763198093708, 0.013711216394925655, 0.059536148183127885, 0.010936787352666443]</VALUES>
		<LCS_MIN>[0.11299970000982285, 0.10038662701845169, 0.09534139931201935, 0.071894571185112, 0.0647546723484993, 0.04401065409183502]</LCS_MIN>
		<LCS_MAX>[0.12444158643484116, 0.11599531769752502, 0.11984680593013763, 0.12491456419229507, 0.12263970822095871, 0.09302148222923279]</LCS_MAX>
		<WAVELENGTH>[1.0, 2.0, 3.0, 4.0, 5.0, 6.0]</WAVELENGTH>
		<MEAN_VALUE>[0.11637555186947186, 0.10539480687309333, 0.10250503521773123, 0.09066440481492268, 0.08471763198093708, 0.059536148183127885]</MEAN_VALUE>
		<CHECKBOX>2</CHECKBOX>
		<SD>[0.0024348930773393997, 0.0032464051063756222, 0.004834207967449687, 0.012699242690407786, 0.013711216394925655, 0.010936787352666443]</SD>
		<WAVELENGTH_UNIT>band number</WAVELENGTH_UNIT>
		<COLOR>#fc2e0b</COLOR>
		<COVARIANCE_MATRIX>[[5.960751423117472e-06, 7.681107490498107e-06, 1.1367417755536735e-05, 2.2412696125684306e-05, 2.4374247004743665e-05, 2.0956587832188234e-05], [7.681107490498107e-06, 1.0596114407235291e-05, 1.5497558706556447e-05, 3.0862684070598334e-05, 3.454948455328122e-05, 2.936504824901931e-05], [1.1367417755536735e-05, 1.5497558706556447e-05, 2.349588794459123e-05, 4.956689372193068e-05, 5.420252273324877e-05, 4.541534872259945e-05], [2.2412696125684306e-05, 3.0862684070598334e-05, 4.956689372193068e-05, 0.00016214250354096293, 0.0001610749022802338, 0.00012515952403191477], [2.4374247004743665e-05, 3.454948455328122e-05, 5.420252273324877e-05, 0.0001610749022802338, 0.00018901366274803877, 0.00014873572217766196], [2.0956587832188234e-05, 2.936504824901931e-05, 4.541534872259945e-05, 0.00012515952403191477, 0.00014873572217766196, 0.00012025987962260842]]</COVARIANCE_MATRIX>
		<ROI_SIZE>186</ROI_SIZE>
		<MAX_VALUE>[0.12444158643484116, 0.11599531769752502, 0.11984680593013763, 0.12491456419229507, 0.12263970822095871, 0.09302148222923279]</MAX_VALUE>
		<MIN_VALUE>[0.11299970000982285, 0.10038662701845169, 0.09534139931201935, 0.071894571185112, 0.0647546723484993, 0.04401065409183502]</MIN_VALUE>
		<SIGNATURE_THRESHOLD_MD>0.0</SIGNATURE_THRESHOLD_MD>
		<SIGNATURE_THRESHOLD_ML>0.0</SIGNATURE_THRESHOLD_ML>
		<SIGNATURE_THRESHOLD_SAM>0.0</SIGNATURE_THRESHOLD_SAM>
	</signature>
	<signature ID="20211217_115132328085_561">
		<MACROCLASSID>1</MACROCLASSID>
		<MACROCLASSINFO>waterbody</MACROCLASSINFO>
		<CLASSID>13</CLASSID>
		<CLASSINFO>C 1</CLASSINFO>
		<VALUES>[0.1214616621610919, 0.003984629862964631, 0.1125549618673768, 0.005566723517882771, 0.11237275367458537, 0.00819101376843535, 0.10385459866778404, 0.017870151747623762, 0.10061269719441981, 0.020483727145033073, 0.07329234601958616, 0.017150900026926888]</VALUES>
		<LCS_MIN>[0.11601784080266953, 0.10538682341575623, 0.10151279717683792, 0.08137691766023636, 0.07716502994298935, 0.05351550132036209]</LCS_MIN>
		<LCS_MAX>[0.13727989792823792, 0.13248242437839508, 0.1407485008239746, 0.15268589556217194, 0.1549607515335083, 0.12104055285453796]</LCS_MAX>
		<WAVELENGTH>[1.0, 2.0, 3.0, 4.0, 5.0, 6.0]</WAVELENGTH>
		<MEAN_VALUE>[0.1214616621610919, 0.1125549618673768, 0.11237275367458537, 0.10385459866778404, 0.10061269719441981, 0.07329234601958616]</MEAN_VALUE>
		<CHECKBOX>2</CHECKBOX>
		<SD>[0.003984629862964631, 0.005566723517882771, 0.00819101376843535, 0.017870151747623762, 0.020483727145033073, 0.017150900026926888]</SD>
		<WAVELENGTH_UNIT>band number</WAVELENGTH_UNIT>
		<COLOR>#709d21</COLOR>
		<COVARIANCE_MATRIX>[[1.592658372828737e-05, 2.128993764927145e-05, 3.0047993277548812e-05, 5.2487943321466446e-05, 6.46862608846277e-05, 5.8340945543022826e-05], [2.128993764927145e-05, 3.108464807155542e-05, 4.4529937440529466e-05, 8.139806595863774e-05, 9.542518819216639e-05, 8.538206748198718e-05], [3.0047993277548812e-05, 4.4529937440529466e-05, 6.730106542818248e-05, 0.00012788802268914878, 0.000144945879583247, 0.0001265461469301954], [5.2487943321466446e-05, 8.139806595863774e-05, 0.00012788802268914878, 0.0003203340747859329, 0.0003372934297658503, 0.0002755763125605881], [6.46862608846277e-05, 9.542518819216639e-05, 0.000144945879583247, 0.0003372934297658503, 0.00042088612099178135, 0.0003473564865998924], [5.8340945543022826e-05, 8.538206748198718e-05, 0.0001265461469301954, 0.0002755763125605881, 0.0003473564865998924, 0.00029506688588298857]]</COVARIANCE_MATRIX>
		<ROI_SIZE>323</ROI_SIZE>
		<MAX_VALUE>[0.13727989792823792, 0.13248242437839508, 0.1407485008239746, 0.15268589556217194, 0.1549607515335083, 0.12104055285453796]</MAX_VALUE>
		<MIN_VALUE>[0.11601784080266953, 0.10538682341575623, 0.10151279717683792, 0.08137691766023636, 0.07716502994298935, 0.05351550132036209]</MIN_VALUE>
		<SIGNATURE_THRESHOLD_MD>0.0</SIGNATURE_THRESHOLD_MD>
		<SIGNATURE_THRESHOLD_ML>0.0</SIGNATURE_THRESHOLD_ML>
		<SIGNATURE_THRESHOLD_SAM>0.0</SIGNATURE_THRESHOLD_SAM>
	</signature>
	<signature ID="20211217_115141124082_948">
		<MACROCLASSID>1</MACROCLASSID>
		<MACROCLASSINFO>waterbody</MACROCLASSINFO>
		<CLASSID>14</CLASSID>
		<CLASSINFO>C 1</CLASSINFO>
		<VALUES>[0.11152061753542085, 0.005276533255203562, 0.1070288921317716, 0.010684696241344674, 0.0931322128362856, 0.015597496024794667, 0.07089591891629485, 0.012344547777124626, 0.06061237759086408, 0.013367656513122874, 0.045735961584046754, 0.010767926895079246]</VALUES>
		<LCS_MIN>[0.1004992425441742, 0.08407971262931824, 0.06851606070995331, 0.05511466786265373, 0.04594765976071358, 0.03196065127849579]</LCS_MIN>
		<LCS_MAX>[0.12509475648403168, 0.13180671632289886, 0.13827091455459595, 0.10986896604299545, 0.10128755867481232, 0.0793723315000534]</LCS_MAX>
		<WAVELENGTH>[1.0, 2.0, 3.0, 4.0, 5.0, 6.0]</WAVELENGTH>
		<MEAN_VALUE>[0.11152061753542085, 0.1070288921317716, 0.0931322128362856, 0.07089591891629485, 0.06061237759086408, 0.045735961584046754]</MEAN_VALUE>
		<CHECKBOX>2</CHECKBOX>
		<SD>[0.005276533255203562, 0.010684696241344674, 0.015597496024794667, 0.012344547777124626, 0.013367656513122874, 0.010767926895079246]</SD>
		<WAVELENGTH_UNIT>band number</WAVELENGTH_UNIT>
		<COLOR>#1a4fd4</COLOR>
		<COVARIANCE_MATRIX>[[2.791507176880259e-05, 5.381898517953232e-05, 7.948306301841512e-05, 3.983638089266606e-05, 3.813075090874918e-05, 3.219601057935506e-05], [5.381898517953232e-05, 0.00011446316057117656, 0.00016119214706122875, 6.212568405317143e-05, 6.107869558036327e-05, 4.9323578423354775e-05], [7.948306301841512e-05, 0.00016119214706122875, 0.00024392209888901561, 0.0001165194480563514, 0.00011439214722486213, 9.365866571897641e-05], [3.983638089266606e-05, 6.212568405317143e-05, 0.0001165194480563514, 0.0001527888816781342, 0.00015128107042983174, 0.00012779675307683647], [3.813075090874918e-05, 6.107869558036327e-05, 0.00011439214722486213, 0.00015128107042983174, 0.00017916448996402323, 0.00013876748562324792], [3.219601057935506e-05, 4.9323578423354775e-05, 9.365866571897641e-05, 0.00012779675307683647, 0.00013876748562324792, 0.00011625337356235832]]</COVARIANCE_MATRIX>
		<ROI_SIZE>381</ROI_SIZE>
		<MAX_VALUE>[0.12509475648403168, 0.13180671632289886, 0.13827091455459595, 0.10986896604299545, 0.10128755867481232, 0.0793723315000534]</MAX_VALUE>
		<MIN_VALUE>[0.1004992425441742, 0.08407971262931824, 0.06851606070995331, 0.05511466786265373, 0.04594765976071358, 0.03196065127849579]</MIN_VALUE>
		<SIGNATURE_THRESHOLD_MD>0.0</SIGNATURE_THRESHOLD_MD>
		<SIGNATURE_THRESHOLD_ML>0.0</SIGNATURE_THRESHOLD_ML>
		<SIGNATURE_THRESHOLD_SAM>0.0</SIGNATURE_THRESHOLD_SAM>
	</signature>
	<signature ID="20211217_115150144070_801">
		<MACROCLASSID>1</MACROCLASSID>
		<MACROCLASSINFO>waterbody</MACROCLASSINFO>
		<CLASSID>15</CLASSID>
		<CLASSINFO>C 1</CLASSINFO>
		<VALUES>[0.09302107475852679, 0.0009675415973956721, 0.07034970757432266, 0.0017677070437249723, 0.05011568777392071, 0.002384570604794393, 0.03659247312643215, 0.002819833387035263, 0.02523397198204713, 0.003487651589012687, 0.018582296563363958, 0.002776108016261897]</VALUES>
		<LCS_MIN>[0.09121961891651154, 0.06761512905359268, 0.047636907547712326, 0.03376251831650734, 0.018852049484848976, 0.015451026149094105]</LCS_MIN>
		<LCS_MAX>[0.10543186217546463, 0.09110699594020844, 0.0935169979929924, 0.07329101860523224, 0.07022784650325775, 0.0574345700442791]</LCS_MAX>
		<WAVELENGTH>[1.0, 2.0, 3.0, 4.0, 5.0, 6.0]</WAVELENGTH>
		<MEAN_VALUE>[0.09302107475852679, 0.07034970757432266, 0.05011568777392071, 0.03659247312643215, 0.02523397198204713, 0.018582296563363958]</MEAN_VALUE>
		<CHECKBOX>2</CHECKBOX>
		<SD>[0.0009675415973956721, 0.0017677070437249723, 0.002384570604794393, 0.002819833387035263, 0.003487651589012687, 0.002776108016261897]</SD>
		<WAVELENGTH_UNIT>band number</WAVELENGTH_UNIT>
		<COLOR>#3b9fab</COLOR>
		<COVARIANCE_MATRIX>[[8.47379169499618e-07, 1.3168499890525709e-06, 1.6477439430673257e-06, 1.967907564903726e-06, 2.2947256184124853e-06, 1.8426522956360714e-06], [1.3168499890525709e-06, 2.554867933213245e-06, 3.0185469768184703e-06, 3.363401901879115e-06, 4.080126473127166e-06, 3.2221973924606573e-06], [1.6477439430673257e-06, 3.0185469768184703e-06, 4.345633442426333e-06, 4.7826124500716105e-06, 5.808840342069743e-06, 4.617554168362403e-06], [1.967907564903726e-06, 3.363401901879115e-06, 4.7826124500716105e-06, 6.267609023780096e-06, 7.456581897713477e-06, 5.99790655542165e-06], [2.2947256184124853e-06, 4.080126473127166e-06, 5.808840342069743e-06, 7.456581897713477e-06, 9.47332773648668e-06, 7.366431873379042e-06], [1.8426522956360714e-06, 3.2221973924606573e-06, 4.617554168362403e-06, 5.99790655542165e-06, 7.366431873379042e-06, 5.940588835073868e-06]]</COVARIANCE_MATRIX>
		<ROI_SIZE>9917</ROI_SIZE>
		<MAX_VALUE>[0.10543186217546463, 0.09110699594020844, 0.0935169979929924, 0.07329101860523224, 0.07022784650325775, 0.0574345700442791]</MAX_VALUE>
		<MIN_VALUE>[0.09121961891651154, 0.06761512905359268, 0.047636907547712326, 0.03376251831650734, 0.018852049484848976, 0.015451026149094105]</MIN_VALUE>
		<SIGNATURE_THRESHOLD_MD>0.0</SIGNATURE_THRESHOLD_MD>
		<SIGNATURE_THRESHOLD_ML>0.0</SIGNATURE_THRESHOLD_ML>
		<SIGNATURE_THRESHOLD_SAM>0.0</SIGNATURE_THRESHOLD_SAM>
	</signature>
	<signature ID="20211217_115154894957_518">
		<MACROCLASSID>1</MACROCLASSID>
		<MACROCLASSINFO>waterbody</MACROCLASSINFO>
		<CLASSID>16</CLASSID>
		<CLASSINFO>C 1</CLASSINFO>
		<VALUES>[0.09332723035684169, 0.0016690705951879238, 0.07059425006433424, 0.00250723063018272, 0.05081464506053934, 0.0031709410490690353, 0.03719068083543609, 0.003993573460428054, 0.025607161669484953, 0.004514797301221106, 0.01884806400722917, 0.0035733212774900643]</VALUES>
		<LCS_MIN>[0.09117458015680313, 0.0682457834482193, 0.04783962666988373, 0.03367242217063904, 0.021870184689760208, 0.015946533530950546]</LCS_MIN>
