<?xml version="1.0" ?>
<signaturelist MCID_LIST="[['1', 'waterbody', '#000000'], ['2', 'vegetation', '#000000'], ['3', 'bareland', '#000000'], ['4', 'built-up', '#000000']]">
	<signature ID="20211229_105256336980_927">
		<MACROCLASSID>1</MACROCLASSID>
		<MACROCLASSINFO>waterbody</MACROCLASSINFO>
		<CLASSID>1</CLASSID>
		<CLASSINFO>C 1</CLASSINFO>
		<VALUES>[0.11960483555568775, 0.004318175030761587, 0.1252899802245493, 0.005120014297268669, 0.1232909826202791, 0.010346045371401633, 0.06322111079032755, 0.010622615931707484, 0.0424040317662996, 0.010569301444906249, 0.03162862192976982, 0.00856319788739419]</VALUES>
		<LCS_MIN>[0.11088252067565918, 0.11293214559555054, 0.09775138646364212, 0.047929707914590836, 0.03067682310938835, 0.022343171760439873]</LCS_MIN>
		<LCS_MAX>[0.13212205469608307, 0.13964484632015228, 0.14297829568386078, 0.11716652661561966, 0.09101690351963043, 0.07653439044952393]</LCS_MAX>
		<WAVELENGTH>[0.48, 0.56, 0.655, 0.865, 1.61, 2.2]</WAVELENGTH>
		<MEAN_VALUE>[0.11960483555568775, 0.1252899802245493, 0.1232909826202791, 0.06322111079032755, 0.0424040317662996, 0.03162862192976982]</MEAN_VALUE>
		<CHECKBOX>2</CHECKBOX>
		<SD>[0.004318175030761587, 0.005120014297268669, 0.010346045371401633, 0.010622615931707484, 0.010569301444906249, 0.00856319788739419]</SD>
		<WAVELENGTH_UNIT>E-6m</WAVELENGTH_UNIT>
		<COLOR>#c35634</COLOR>
		<COVARIANCE_MATRIX>[[1.5113759798099219e-05, 1.7721739646008986e-05, 2.778517821388179e-05, 1.62383163468999e-05, 9.521907274543375e-06, 8.784217821380745e-06], [1.7721739646008986e-05, 2.254941355525609e-05, 3.2372709251977056e-05, 9.722225917068047e-06, 5.225078209007032e-06, 5.575790802382578e-06], [2.778517821388179e-05, 3.2372709251977056e-05, 7.579320042282144e-05, 5.10434055606673e-05, 2.114691780667508e-05, 1.9522453830119783e-05], [1.62383163468999e-05, 9.722225917068047e-06, 5.10434055606673e-05, 0.0001399479122803004, 0.00011307911644491013, 9.071615513884917e-05], [9.521907274543375e-06, 5.225078209007032e-06, 2.114691780667508e-05, 0.00011307911644491013, 0.0001194071831214249, 9.549121450609771e-05], [8.784217821380745e-06, 5.575790802382578e-06, 1.9522453830119783e-05, 9.071615513884917e-05, 9.549121450609771e-05, 7.854311932872511e-05]]</COVARIANCE_MATRIX>
		<ROI_SIZE>2926</ROI_SIZE>
		<MAX_VALUE>[0.13212205469608307, 0.13964484632015228, 0.14297829568386078, 0.11716652661561966, 0.09101690351963043, 0.07653439044952393]</MAX_VALUE>
		<MIN_VALUE>[0.11088252067565918, 0.11293214559555054, 0.09775138646364212, 0.047929707914590836, 0.03067682310938835, 0.022343171760439873]</MIN_VALUE>
		<SIGNATURE_THRESHOLD_MD>0</SIGNATURE_THRESHOLD_MD>
		<SIGNATURE_THRESHOLD_ML>0</SIGNATURE_THRESHOLD_ML>
		<SIGNATURE_THRESHOLD_SAM>0</SIGNATURE_THRESHOLD_SAM>
	</signature>
	<signature ID="20211229_105301121883_954">
		<MACROCLASSID>1</MACROCLASSID>
		<MACROCLASSINFO>waterbody</MACROCLASSINFO>
		<CLASSID>2</CLASSID>
		<CLASSINFO>C 1</CLASSINFO>
		<VALUES>[0.10554781003854193, 0.005715867093224872, 0.09281569654921959, 0.007394396168381957, 0.07026313331021615, 0.008755339389046954, 0.054157602589889456, 0.010007099266992822, 0.044146242074486794, 0.009933397760898719, 0.03324059908271368, 0.007940013602462579]</VALUES>
		<LCS_MIN>[0.09432785212993622, 0.07876420021057129, 0.056556157767772675, 0.03461841121315956, 0.029888492077589035, 0.02146475948393345]</LCS_MIN>
		<LCS_MAX>[0.12531998753547668, 0.1188557967543602, 0.11038700491189957, 0.1043282151222229, 0.09457559138536453, 0.07642177492380142]</LCS_MAX>
		<WAVELENGTH>[0.48, 0.56, 0.655, 0.865, 1.61, 2.2]</WAVELENGTH>
		<MEAN_VALUE>[0.10554781003854193, 0.09281569654921959, 0.07026313331021615, 0.054157602589889456, 0.044146242074486794, 0.03324059908271368]</MEAN_VALUE>
		<CHECKBOX>2</CHECKBOX>
		<SD>[0.005715867093224872, 0.007394396168381957, 0.008755339389046954, 0.010007099266992822, 0.009933397760898719, 0.007940013602462579]</SD>
		<WAVELENGTH_UNIT>E-6m</WAVELENGTH_UNIT>
		<COLOR>#969884</COLOR>
		<COVARIANCE_MATRIX>[[4.1848813677420224e-05, 5.1742976025769605e-05, 5.3952856506040525e-05, 4.2574295130100984e-05, 3.5935885796927e-05, 3.023739355107125e-05], [5.1742976025769605e-05, 6.980078828587152e-05, 7.402695661495888e-05, 5.4146243076476685e-05, 4.6086936049238506e-05, 3.787204620676197e-05], [5.3952856506040525e-05, 7.402695661495888e-05, 8.655943001423938e-05, 7.559273927521737e-05, 6.957057333399498e-05, 5.588104912504861e-05], [4.2574295130100984e-05, 5.4146243076476685e-05, 7.559273927521737e-05, 9.558825317233698e-05, 9.598465040245121e-05, 7.67694357475663e-05], [3.5935885796927e-05, 4.6086936049238506e-05, 6.957057333399498e-05, 9.598465040245121e-05, 0.00010177659858408026, 8.110134706861451e-05], [3.023739355107125e-05, 3.787204620676197e-05, 5.588104912504861e-05, 7.67694357475663e-05, 8.110134706861451e-05, 6.635240876022134e-05]]</COVARIANCE_MATRIX>
		<ROI_SIZE>3719</ROI_SIZE>
		<MAX_VALUE>[0.12531998753547668, 0.1188557967543602, 0.11038700491189957, 0.1043282151222229, 0.09457559138536453, 0.07642177492380142]</MAX_VALUE>
		<MIN_VALUE>[0.09432785212993622, 0.07876420021057129, 0.056556157767772675, 0.03461841121315956, 0.029888492077589035, 0.02146475948393345]</MIN_VALUE>
		<SIGNATURE_THRESHOLD_MD>0</SIGNATURE_THRESHOLD_MD>
		<SIGNATURE_THRESHOLD_ML>0</SIGNATURE_THRESHOLD_ML>
		<SIGNATURE_THRESHOLD_SAM>0</SIGNATURE_THRESHOLD_SAM>
	</signature>
	<signature ID="20211229_105305751796_806">
		<MACROCLASSID>1</MACROCLASSID>
		<MACROCLASSINFO>waterbody</MACROCLASSINFO>
		<CLASSID>3</CLASSID>
		<CLASSINFO>C 1</CLASSINFO>
		<VALUES>[0.09638227419292032, 0.0023198120816768477, 0.07820802230078919, 0.003981979248949185, 0.05682943432150281, 0.005704952105697561, 0.04410589858889579, 0.0066629512988418465, 0.03317731009174237, 0.007084838407198465, 0.0236758977348081, 0.005216902881291813]</VALUES>
		<LCS_MIN>[0.0934494361281395, 0.07349374145269394, 0.051105499267578125, 0.03702841326594353, 0.02560906484723091, 0.018536722287535667]</LCS_MIN>
		<LCS_MAX>[0.11446373164653778, 0.10405793786048889, 0.09971092641353607, 0.09043130278587341, 0.07973270863294601, 0.061421215534210205]</LCS_MAX>
		<WAVELENGTH>[0.48, 0.56, 0.655, 0.865, 1.61, 2.2]</WAVELENGTH>
		<MEAN_VALUE>[0.09638227419292032, 0.07820802230078919, 0.05682943432150281, 0.04410589858889579, 0.03317731009174237, 0.0236758977348081]</MEAN_VALUE>
		<CHECKBOX>2</CHECKBOX>
		<SD>[0.0023198120816768477, 0.003981979248949185, 0.005704952105697561, 0.0066629512988418465, 0.007084838407198465, 0.005216902881291813]</SD>
		<WAVELENGTH_UNIT>E-6m</WAVELENGTH_UNIT>
		<COLOR>#468261</COLOR>
		<COVARIANCE_MATRIX>[[5.05323630924182e-06, 8.245180131612927e-06, 1.1400573180631462e-05, 1.2494441738664783e-05, 1.2834590158795662e-05, 9.671984612582082e-06], [8.245180131612927e-06, 1.4644360370143734e-05, 2.028763678373209e-05, 2.2324752299906027e-05, 2.3430429746605205e-05, 1.7305988988445024e-05], [1.1400573180631462e-05, 2.028763678373209e-05, 3.0657814433999836e-05, 3.407122289167222e-05, 3.616561977190882e-05, 2.6936296090583893e-05], [1.2494441738664783e-05, 2.2324752299906027e-05, 3.407122289167222e-05, 4.125451491028836e-05, 4.248954429587993e-05, 3.231008710283646e-05], [1.2834590158795662e-05, 2.3430429746605205e-05, 3.616561977190882e-05, 4.248954429587993e-05, 4.705755999953549e-05, 3.4419031479286914e-05], [9.671984612582082e-06, 1.7305988988445024e-05, 2.6936296090583893e-05, 3.231008710283646e-05, 3.4419031479286914e-05, 2.6318042081889257e-05]]</COVARIANCE_MATRIX>
		<ROI_SIZE>5699</ROI_SIZE>
		<MAX_VALUE>[0.11446373164653778, 0.10405793786048889, 0.09971092641353607, 0.09043130278587341, 0.07973270863294601, 0.061421215534210205]</MAX_VALUE>
		<MIN_VALUE>[0.0934494361281395, 0.07349374145269394, 0.051105499267578125, 0.03702841326594353, 0.02560906484723091, 0.018536722287535667]</MIN_VALUE>
		<SIGNATURE_THRESHOLD_MD>0</SIGNATURE_THRESHOLD_MD>
		<SIGNATURE_THRESHOLD_ML>0</SIGNATURE_THRESHOLD_ML>
		<SIGNATURE_THRESHOLD_SAM>0</SIGNATURE_THRESHOLD_SAM>
	</signature>
	<signature ID="20211229_105311090922_954">
		<MACROCLASSID>1</MACROCLASSID>
		<MACROCLASSINFO>waterbody</MACROCLASSINFO>
		<CLASSID>4</CLASSID>
		<CLASSINFO>C 1</CLASSINFO>
		<VALUES>[0.0994242565362151, 0.006035496208073133, 0.07967481940178332, 0.00800147854195213, 0.06327014712420556, 0.009650228396104975, 0.05327812422476558, 0.011733744953931497, 0.04151540451185008, 0.011852892494368827, 0.029972498224180605, 0.00913396033710646]</VALUES>
		<LCS_MIN>[0.09151241928339005, 0.06941700726747513, 0.05103794112801552, 0.03828972205519676, 0.026509996503591537, 0.018784480169415474]</LCS_MIN>
		<LCS_MAX>[0.11633317172527313, 0.10730130970478058, 0.10642289370298386, 0.09986858814954758, 0.0861969143152237, 0.07405681163072586]</LCS_MAX>
		<WAVELENGTH>[0.48, 0.56, 0.655, 0.865, 1.61, 2.2]</WAVELENGTH>
		<MEAN_VALUE>[0.0994242565362151, 0.07967481940178332, 0.06327014712420556, 0.05327812422476558, 0.04151540451185008, 0.029972498224180605]</MEAN_VALUE>
		<CHECKBOX>2</CHECKBOX>
		<SD>[0.006035496208073133, 0.00800147854195213, 0.009650228396104975, 0.011733744953931497, 0.011852892494368827, 0.00913396033710646]</SD>
		<WAVELENGTH_UNIT>E-6m</WAVELENGTH_UNIT>
		<COLOR>#9c20e2</COLOR>
		<COVARIANCE_MATRIX>[[2.77980048882875e-05, 3.698203649022507e-05, 4.39179940858441e-05, 5.3425950050290965e-05, 5.321502431148445e-05, 4.056629384582472e-05], [3.698203649022507e-05, 5.043428196841787e-05, 6.059531519273188e-05, 7.372937297758276e-05, 7.369092154687303e-05, 5.603762743623092e-05], [4.39179940858441e-05, 6.059531519273188e-05, 7.43706810254086e-05, 9.103319057429183e-05, 9.13289202082548e-05, 6.924710872862068e-05], [5.3425950050290965e-05, 7.372937297758276e-05, 9.103319057429183e-05, 0.0001128918023673302, 0.00011338639937092098, 8.590684377225839e-05], [5.321502431148445e-05, 7.369092154687303e-05, 9.13289202082548e-05, 0.00011338639937092098, 0.00011469895817938614, 8.70151316832411e-05], [4.056629384582472e-05, 5.603762743623092e-05, 6.924710872862068e-05, 8.590684377225839e-05, 8.70151316832411e-05, 6.701591070065018e-05]]</COVARIANCE_MATRIX>
		<ROI_SIZE>3724</ROI_SIZE>
		<MAX_VALUE>[0.11633317172527313, 0.10730130970478058, 0.10642289370298386, 0.09986858814954758, 0.0861969143152237, 0.07405681163072586]</MAX_VALUE>
		<MIN_VALUE>[0.09151241928339005, 0.06941700726747513, 0.05103794112801552, 0.03828972205519676, 0.026509996503591537, 0.018784480169415474]</MIN_VALUE>
		<SIGNATURE_THRESHOLD_MD>0</SIGNATURE_THRESHOLD_MD>
		<SIGNATURE_THRESHOLD_ML>0</SIGNATURE_THRESHOLD_ML>
		<SIGNATURE_THRESHOLD_SAM>0</SIGNATURE_THRESHOLD_SAM>
	</signature>
	<signature ID="20211229_105321531681_795">
		<MACROCLASSID>1</MACROCLASSID>
		<MACROCLASSINFO>waterbody</MACROCLASSINFO>
		<CLASSID>5</CLASSID>
		<CLASSINFO>C 1</CLASSINFO>
		<VALUES>[0.09316159047011517, 0.001278997534234598, 0.07075811321091671, 0.0022777198523392197, 0.050549411932087784, 0.0031282080726369277, 0.03714424431137641, 0.003522189123628909, 0.02593210459627303, 0.004289377645950131, 0.019135790477518504, 0.003443375173247879]</VALUES>
		<LCS_MIN>[0.09130971878767014, 0.0681556984782219, 0.047727007418870926, 0.03376251831650734, 0.018852049484848976, 0.015451026149094105]</LCS_MIN>
		<LCS_MAX>[0.10207588970661163, 0.09574682265520096, 0.09520624577999115, 0.08358419686555862, 0.07234504818916321, 0.0574345700442791]</LCS_MAX>
		<WAVELENGTH>[0.48, 0.56, 0.655, 0.865, 1.61, 2.2]</WAVELENGTH>
		<MEAN_VALUE>[0.09316159047011517, 0.07075811321091671, 0.050549411932087784, 0.03714424431137641, 0.02593210459627303, 0.019135790477518504]</MEAN_VALUE>
		<CHECKBOX>2</CHECKBOX>
		<SD>[0.001278997534234598, 0.0022777198523392197, 0.0031282080726369277, 0.003522189123628909, 0.004289377645950131, 0.003443375173247879]</SD>
		<WAVELENGTH_UNIT>E-6m</WAVELENGTH_UNIT>
		<COLOR>#3b1524</COLOR>
		<COVARIANCE_MATRIX>[[1.5718854756555799e-06, 2.4807979493089062e-06, 3.0656421948953476e-06, 3.598137328036369e-06, 4.063679683664378e-06, 3.3571833000469606e-06], [2.4807979493089062e-06, 4.8280632185001575e-06, 5.977904664852925e-06, 6.777421738788645e-06, 8.009508223454991e-06, 6.527365954919662e-06], [3.0656421948953476e-06, 5.977904664852925e-06, 8.462795741460388e-06, 9.250988135017312e-06, 1.0960374932901088e-05, 8.97736760644745e-06], [3.598137328036369e-06, 6.777421738788645e-06, 9.250988135017312e-06, 1.1713480448672057e-05, 1.367645332151588e-05, 1.1262218113322081e-05], [4.063679683664378e-06, 8.009508223454991e-06, 1.0960374932901088e-05, 1.367645332151588e-05, 1.6895986783204543e-05, 1.3530429580460709e-05], [3.3571833000469606e-06, 6.527365954919662e-06, 8.97736760644745e-06, 1.1262218113322081e-05, 1.3530429580460709e-05, 1.114431342642957e-05]]</COVARIANCE_MATRIX>
		<ROI_SIZE>9893</ROI_SIZE>
		<MAX_VALUE>[0.10207588970661163, 0.09574682265520096, 0.09520624577999115, 0.08358419686555862, 0.07234504818916321, 0.0574345700442791]</MAX_VALUE>
		<MIN_VALUE>[0.09130971878767014, 0.0681556984782219, 0.047727007418870926, 0.03376251831650734, 0.018852049484848976, 0.015451026149094105]</MIN_VALUE>
		<SIGNATURE_THRESHOLD_MD>0</SIGNATURE_THRESHOLD_MD>
		<SIGNATURE_THRESHOLD_ML>0</SIGNATURE_THRESHOLD_ML>
		<SIGNATURE_THRESHOLD_SAM>0</SIGNATURE_THRESHOLD_SAM>
	</signature>
	<signature ID="20211229_105327132839_892">
		<MACROCLASSID>1</MACROCLASSID>
		<MACROCLASSINFO>waterbody</MACROCLASSINFO>
		<CLASSID>6</CLASSID>
		<CLASSINFO>C 1</CLASSINFO>
		<VALUES>[0.09344893298883192, 0.0017394226847188704, 0.07051920759086511, 0.002464139438942901, 0.05102439826583522, 0.002974176636959653, 0.03754455302811722, 0.0036799320422867842, 0.02586306360183877, 0.004383528120912035, 0.019051978995907822, 0.0034121185968714186]</VALUES>
		<LCS_MIN>[0.09101690351963043, 0.06757009029388428, 0.04801980406045914, 0.03385261818766594, 0.02189270406961441, 0.015969062224030495]</LCS_MIN>
		<LCS_MAX>[0.10946355015039444, 0.09056644141674042, 0.08311120420694351, 0.07461988925933838, 0.0680881217122078, 0.05491194874048233]</LCS_MAX>
		<WAVELENGTH>[0.48, 0.56, 0.655, 0.865, 1.61, 2.2]</WAVELENGTH>
		<MEAN_VALUE>[0.09344893298883192, 0.07051920759086511, 0.05102439826583522, 0.03754455302811722, 0.02586306360183877, 0.019051978995907822]</MEAN_VALUE>
		<CHECKBOX>2</CHECKBOX>
		<SD>[0.0017394226847188704, 0.002464139438942901, 0.002974176636959653, 0.0036799320422867842, 0.004383528120912035, 0.0034121185968714186]</SD>
		<WAVELENGTH_UNIT>E-6m</WAVELENGTH_UNIT>
		<COLOR>#e43be1</COLOR>
		<COVARIANCE_MATRIX>[[3.1068210207621565e-06, 4.012408939816716e-06, 5.03376312148843e-06, 6.112007533948421e-06, 6.792459723019932e-06, 5.394635365467228e-06], [4.012408939816716e-06, 5.887378808019179e-06, 7.12937967631499e-06, 8.665392906921524e-06, 1.0070161389656444e-05, 7.921890289973504e-06], [5.03376312148843e-06, 7.12937967631499e-06, 9.132147030919715e-06, 1.1258544075611198e-05, 1.3050579540078533e-05, 1.028659538769713e-05], [6.112007533948421e-06, 8.665392906921524e-06, 1.1258544075611198e-05, 1.433388411592945e-05, 1.6531482770604802e-05, 1.309873051828959e-05], [6.792459723019932e-06, 1.0070161389656444e-05, 1.3050579540078533e-05, 1.6531482770604802e-05, 1.998462329017597e-05, 1.5595970563725254e-05], [5.394635365467228e-06, 7.921890289973504e-06, 1.028659538769713e-05, 1.309873051828959e-05, 1.5595970563725254e-05, 1.2356916624289072e-05]]</COVARIANCE_MATRIX>
		<ROI_SIZE>9907</ROI_SIZE>
		<MAX_VALUE>[0.10946355015039444, 0.09056644141674042, 0.08311120420694351, 0.07461988925933838, 0.0680881217122078, 0.05491194874048233]</MAX_VALUE>
		<MIN_VALUE>[0.09101690351963043, 0.06757009029388428, 0.04801980406045914, 0.03385261818766594, 0.02189270406961441, 0.015969062224030495]</MIN_VALUE>
		<SIGNATURE_THRESHOLD_MD>0</SIGNATURE_THRESHOLD_MD>
		<SIGNATURE_THRESHOLD_ML>0</SIGNATURE_THRESHOLD_ML>
		<SIGNATURE_THRESHOLD_SAM>0</SIGNATURE_THRESHOLD_SAM>
	</signature>
	<signature ID="20211229_105332251074_217">
		<MACROCLASSID>1</MACROCLASSID>
		<MACROCLASSINFO>waterbody</MACROCLASSINFO>
		<CLASSID>7</CLASSID>
		<CLASSINFO>C 1</CLASSINFO>
		<VALUES>[0.09427250866350298, 0.00277324579110362, 0.07199517884568604, 0.0038332755074586148, 0.055633775267649344, 0.005101471698469815, 0.044511062662947784, 0.0068103024243625215, 0.03376847121361146, 0.007895889278261316, 0.025103337548270425, 0.006399370919658068]</VALUES>
		<LCS_MIN>[0.09126465767621994, 0.06763766705989838, 0.049776628613471985, 0.03666803613305092, 0.024775691330432892, 0.018041206523776054]</LCS_MIN>
		<LCS_MAX>[0.118540458381176, 0.10482373088598251, 0.08939523249864578, 0.08903485536575317, 0.07763803005218506, 0.07072336226701736]</LCS_MAX>
		<WAVELENGTH>[0.48, 0.56, 0.655, 0.865, 1.61, 2.2]</WAVELENGTH>
		<MEAN_VALUE>[0.09427250866350298, 0.07199517884568604, 0.055633775267649344, 0.044511062662947784, 0.03376847121361146, 0.025103337548270425]</MEAN_VALUE>
		<CHECKBOX>2</CHECKBOX>
		<SD>[0.00277324579110362, 0.0038332755074586148, 0.005101471698469815, 0.0068103024243625215, 0.007895889278261316, 0.006399370919658068]</SD>
		<WAVELENGTH_UNIT>E-6m</WAVELENGTH_UNIT>
		<COLOR>#084b12</COLOR>
		<COVARIANCE_MATRIX>[[6.855463811504673e-06, 9.046159154314352e-06, 1.1785408381533173e-05, 1.5183203930735458e-05, 1.596803998503914e-05, 1.3583460935671474e-05], [9.046159154314352e-06, 1.3293328321092577e-05, 1.703720399204794e-05, 2.2380930254896205e-05, 2.482334828318152e-05, 2.049921257526194e-05], [1.1785408381533173e-05, 1.703720399204794e-05, 2.3419262760445398e-05, 3.0649049515720006e-05, 3.49052287498738e-05, 2.8759095285234442e-05], [1.5183203930735458e-05, 2.2380930254896205e-05, 3.0649049515720006e-05, 4.1805690127646216e-05, 4.6664371242494664e-05, 3.90240034743337e-05], [1.596803998503914e-05, 2.482334828318152e-05, 3.49052287498738e-05, 4.6664371242494664e-05, 5.673345992005181e-05, 4.5699204291611884e-05], [1.3583460935671474e-05, 2.049921257526194e-05, 2.8759095285234442e-05, 3.90240034743337e-05, 4.5699204291611884e-05, 3.806273414368572e-05]]</COVARIANCE_MATRIX>
		<ROI_SIZE>6065</ROI_SIZE>
		<MAX_VALUE>[0.118540458381176, 0.10482373088598251, 0.08939523249864578, 0.08903485536575317, 0.07763803005218506, 0.07072336226701736]</MAX_VALUE>
		<MIN_VALUE>[0.09126465767621994, 0.06763766705989838, 0.049776628613471985, 0.03666803613305092, 0.024775691330432892, 0.018041206523776054]</MIN_VALUE>
		<SIGNATURE_THRESHOLD_MD>0</SIGNATURE_THRESHOLD_MD>
		<SIGNATURE_THRESHOLD_ML>0</SIGNATURE_THRESHOLD_ML>
		<SIGNATURE_THRESHOLD_SAM>0</SIGNATURE_THRESHOLD_SAM>
	</signature>
	<signature ID="20211229_105336951412_648">
		<MACROCLASSID>1</MACROCLASSID>
		<MACROCLASSINFO>waterbody</MACROCLASSINFO>
		<CLASSID>8</CLASSID>
		<CLASSINFO>C 1</CLASSINFO>
		<VALUES>[0.10769468276151294, 0.006728139831725857, 0.09228831247009078, 0.009425642085149826, 0.08478686894322261, 0.013787241509190563, 0.08123555541809262, 0.020800487616891444, 0.06689788035020747, 0.019984318382520443, 0.05075251304640853, 0.015489581760383633]</VALUES>
		<LCS_MIN>[0.10112989693880081, 0.08182737231254578, 0.06889896094799042, 0.05939411371946335, 0.04781710356473923, 0.03441569581627846]</LCS_MIN>
		<LCS_MAX>[0.1262659728527069, 0.11628811806440353, 0.12119821459054947, 0.1256353259086609, 0.12072522193193436, 0.09164755791425705]</LCS_MAX>
		<WAVELENGTH>[0.48, 0.56, 0.655, 0.865, 1.61, 2.2]</WAVELENGTH>
		<MEAN_VALUE>[0.10769468276151294, 0.09228831247009078, 0.08478686894322261, 0.08123555541809262, 0.06689788035020747, 0.05075251304640853]</MEAN_VALUE>
		<CHECKBOX>2</CHECKBOX>
		<SD>[0.006728139831725857, 0.009425642085149826, 0.013787241509190563, 0.020800487616891444, 0.019984318382520443, 0.015489581760383633]</SD>
		<WAVELENGTH_UNIT>E-6m</WAVELENGTH_UNIT>
		<COLOR>#0f974f</COLOR>
		<COVARIANCE_MATRIX>[[4.606203867587452e-05, 6.143532685606616e-05, 8.950444960605676e-05, 0.0001255389771925704, 0.00012671294510243128, 0.00010025240737437383], [6.143532685606616e-05, 9.040137308080975e-05, 0.00013048937165130407, 0.00017854820098150726, 0.00017324091762391608, 0.0001356370443805949], [8.950444960605676e-05, 0.00013048937165130407, 0.0001934229061245498, 0.00025972603567695407, 0.00025356864700227524, 0.00019462855922724513], [0.0001255389771925704, 0.00017854820098150726, 0.00025972603567695407, 0.0004402508164180063, 0.0004137211753983491, 0.0003106660490046107], [0.00012671294510243128, 0.00017324091762391608, 0.00025356864700227524, 0.0004137211753983491, 0.00040637952474401366, 0.000309265098824178], [0.00010025240737437383, 0.0001356370443805949, 0.00019462855922724513, 0.0003106660490046107, 0.000309265098824178, 0.00024413639123637446]]</COVARIANCE_MATRIX>
		<ROI_SIZE>58</ROI_SIZE>
		<MAX_VALUE>[0.1262659728527069, 0.11628811806440353, 0.12119821459054947, 0.1256353259086609, 0.12072522193193436, 0.09164755791425705]</MAX_VALUE>
		<MIN_VALUE>[0.10112989693880081, 0.08182737231254578, 0.06889896094799042, 0.05939411371946335, 0.04781710356473923, 0.03441569581627846]</MIN_VALUE>
		<SIGNATURE_THRESHOLD_MD>0</SIGNATURE_THRESHOLD_MD>
		<SIGNATURE_THRESHOLD_ML>0</SIGNATURE_THRESHOLD_ML>
		<SIGNATURE_THRESHOLD_SAM>0</SIGNATURE_THRESHOLD_SAM>
	</signature>
	<signature ID="20211229_105342396275_620">
		<MACROCLASSID>1</MACROCLASSID>
		<MACROCLASSINFO>waterbody</MACROCLASSINFO>
		<CLASSID>9</CLASSID>
		<CLASSINFO>C 1</CLASSINFO>
		<VALUES>[0.112809892498741, 0.007640082464082323, 0.0964763049085281, 0.010328641400365466, 0.09044900823286488, 0.014162062555696705, 0.0885477844552186, 0.020094951906101235, 0.07418128652007956, 0.018553563958744152, 0.05730061858622849, 0.014709260140649444]</VALUES>
		<LCS_MIN>[0.09781896322965622, 0.07648933678865433, 0.061623916029930115, 0.05371822044253349, 0.037951864302158356, 0.027320832014083862]</LCS_MIN>
		<LCS_MAX>[0.1371898055076599, 0.13412663340568542, 0.12793269753456116, 0.13099588453769684, 0.11412587761878967, 0.09257102757692337]</LCS_MAX>
		<WAVELENGTH>[0.48, 0.56, 0.655, 0.865, 1.61, 2.2]</WAVELENGTH>
		<MEAN_VALUE>[0.112809892498741, 0.0964763049085281, 0.09044900823286488, 0.0885477844552186, 0.07418128652007956, 0.05730061858622849]</MEAN_VALUE>
		<CHECKBOX>2</CHECKBOX>
		<SD>[0.007640082464082323, 0.010328641400365466, 0.014162062555696705, 0.020094951906101235, 0.018553563958744152, 0.014709260140649444]</SD>
		<WAVELENGTH_UNIT>E-6m</WAVELENGTH_UNIT>
		<COLOR>#3c8872</COLOR>
		<COVARIANCE_MATRIX>[[5.856350316047977e-05, 7.54292526941798e-05, 0.00010249937563937019, 0.0001260320428713048, 0.00010736224158988447, 8.837409886806195e-05], [7.54292526941798e-05, 0.0001070329151350246, 0.00014291298450266678, 0.00018060876942443483, 0.0001603899138558293, 0.00012858693190463883], [0.00010249937563937019, 0.00014291298450266678, 0.00020122594327645494, 0.00026376098482295857, 0.00023354588358289916, 0.0001872161742411084], [0.0001260320428713048, 0.00018060876942443483, 0.00026376098482295857, 0.00040513978878214696, 0.00034820300078700734, 0.0002758402149626445], [0.00010736224158988447, 0.0001603899138558293, 0.00023354588358289916, 0.00034820300078700734, 0.0003453708238074185, 0.00026838948851814673], [8.837409886806195e-05, 0.00012858693190463883, 0.0001872161742411084, 0.0002758402149626445, 0.00026838948851814673, 0.00021707640099383072]]</COVARIANCE_MATRIX>
		<ROI_SIZE>304</ROI_SIZE>
		<MAX_VALUE>[0.1371898055076599, 0.13412663340568542, 0.12793269753456116, 0.13099588453769684, 0.11412587761878967, 0.09257102757692337]</MAX_VALUE>
		<MIN_VALUE>[0.09781896322965622, 0.07648933678865433, 0.061623916029930115, 0.05371822044253349, 0.037951864302158356, 0.027320832014083862]</MIN_VALUE>
		<SIGNATURE_THRESHOLD_MD>0</SIGNATURE_THRESHOLD_MD>
		<SIGNATURE_THRESHOLD_ML>0</SIGNATURE_THRESHOLD_ML>
		<SIGNATURE_THRESHOLD_SAM>0</SIGNATURE_THRESHOLD_SAM>
	</signature>
	<signature ID="20211229_105349153958_409">
		<MACROCLASSID>1</MACROCLASSID>
		<MACROCLASSINFO>waterbody</MACROCLASSINFO>
		<CLASSID>10</CLASSID>
		<CLASSINFO>C 1</CLASSINFO>
		<VALUES>[0.11062024840701389, 0.0057802568622349225, 0.09585394855407302, 0.008334006925590703, 0.09306434092673467, 0.011710280880073936, 0.09459635178638755, 0.0181663496114971, 0.08371267428670483, 0.019023971475815044, 0.06666198170531108, 0.01615887248512365]</VALUES>
		<LCS_MIN>[0.09775138646364212, 0.07829120010137558, 0.0720972865819931, 0.05878597870469093, 0.05076766014099121, 0.038695137947797775]</LCS_MIN>
		<LCS_MAX>[0.13059045374393463, 0.11894587427377701, 0.12142345309257507, 0.1292615681886673, 0.11910355091094971, 0.104395791888237]</LCS_MAX>
		<WAVELENGTH>[0.48, 0.56, 0.655, 0.865, 1.61, 2.2]</WAVELENGTH>
		<MEAN_VALUE>[0.11062024840701389, 0.09585394855407302, 0.09306434092673467, 0.09459635178638755, 0.08371267428670483, 0.06666198170531108]</MEAN_VALUE>
		<CHECKBOX>2</CHECKBOX>
		<SD>[0.0057802568622349225, 0.008334006925590703, 0.011710280880073936, 0.0181663496114971, 0.019023971475815044, 0.01615887248512365]</SD>
		<WAVELENGTH_UNIT>E-6m</WAVELENGTH_UNIT>
		<COLOR>#f0e9d2</COLOR>
		<COVARIANCE_MATRIX>[[3.353697604526882e-05, 4.629153635096699e-05, 5.9672550635784304e-05, 7.426662052305665e-05, 7.859015949075593e-05, 7.200015022714584e-05], [4.629153635096699e-05, 6.971678298254505e-05, 9.417596273510247e-05, 0.0001253426733422043, 0.00013161695707371478, 0.00011612446949680896], [5.9672550635784304e-05, 9.417596273510247e-05, 0.00013764620715597787, 0.00019952446300310073, 0.00020750992614170007, 0.0001729079322593942], [7.426662052305665e-05, 0.0001253426733422043, 0.00019952446300310073, 0.0003312569208319799, 0.0003404237229188312, 0.000271176665989594], [7.859015949075593e-05, 0.00013161695707371478, 0.00020750992614170007, 0.0003404237229188312, 0.0003632720602265818, 0.00029799977097930066], [7.200015022714584e-05, 0.00011612446949680896, 0.0001729079322593942, 0.000271176665989594, 0.00029799977097930066, 0.0002620907733739091]]</COVARIANCE_MATRIX>
		<ROI_SIZE>267</ROI_SIZE>
		<MAX_VALUE>[0.13059045374393463, 0.11894587427377701, 0.12142345309257507, 0.1292615681886673, 0.11910355091094971, 0.104395791888237]</MAX_VALUE>
		<MIN_VALUE>[0.09775138646364212, 0.07829120010137558, 0.0720972865819931, 0.05878597870469093, 0.05076766014099121, 0.038695137947797775]</MIN_VALUE>
		<SIGNATURE_THRESHOLD_MD>0</SIGNATURE_THRESHOLD_MD>
		<SIGNATURE_THRESHOLD_ML>0</SIGNATURE_THRESHOLD_ML>
		<SIGNATURE_THRESHOLD_SAM>0</SIGNATURE_THRESHOLD_SAM>
	</signature>
	<signature ID="20211229_105356641090_217">
		<MACROCLASSID>1</MACROCLASSID>
		<MACROCLASSINFO>waterbody</MACROCLASSINFO>
		<CLASSID>11</CLASSID>
		<CLASSINFO>C 1</CLASSINFO>
		<VALUES>[0.10767497582323601, 0.005277496783002575, 0.09316463888491558, 0.008036027286848943, 0.0884720709099866, 0.012214972861015007, 0.08988832162330611, 0.020482315831692906, 0.08835098834945848, 0.02413083929649263, 0.07039382176211212, 0.020200475776415188]</VALUES>
		<LCS_MIN>[0.09946317225694656, 0.08153457194566727, 0.06923681497573853, 0.05811028182506561, 0.05171363428235054, 0.03901045769453049]</LCS_MIN>
		<LCS_MAX>[0.12182886898517609, 0.12027475982904434, 0.11982429027557373, 0.13086073100566864, 0.132640078663826, 0.11252672225236893]</LCS_MAX>
		<WAVELENGTH>[0.48, 0.56, 0.655, 0.865, 1.61, 2.2]</WAVELENGTH>
		<MEAN_VALUE>[0.10767497582323601, 0.09316463888491558, 0.0884720709099866, 0.08988832162330611, 0.08835098834945848, 0.07039382176211212]</MEAN_VALUE>
		<CHECKBOX>2</CHECKBOX>
		<SD>[0.005277496783002575, 0.008036027286848943, 0.012214972861015007, 0.020482315831692906, 0.02413083929649263, 0.020200475776415188]</SD>
		<WAVELENGTH_UNIT>E-6m</WAVELENGTH_UNIT>
		<COLOR>#7cd880</COLOR>
		<COVARIANCE_MATRIX>[[3.254327434480758e-05, 4.528885210643252e-05, 6.670500424469663e-05, 9.910122018119649e-05, 0.00011368075583482662, 9.464018413703707e-05], [4.528885210643252e-05, 6.877515000819111e-05, 9.8883817718568e-05, 0.00014849725028084914, 0.00017050364676149944, 0.00014458923916547492], [6.670500424469663e-05, 9.8883817718568e-05, 0.00014953679790591167, 0.00022942739655966042, 0.000266737519256822, 0.00021935206380996694], [9.910122018119649e-05, 0.00014849725028084914, 0.00022942739655966042, 0.0003917950156205452, 0.0004543061778076869, 0.0003722527448959487], [0.00011368075583482662, 0.00017050364676149944, 0.000266737519256822, 0.0004543061778076869, 0.0005435345020111443, 0.00044777682804799523], [9.464018413703707e-05, 0.00014458923916547492, 0.00021935206380996694, 0.0003722527448959487, 0.00044777682804799523, 0.0003838031637045223]]</COVARIANCE_MATRIX>
		<ROI_SIZE>226</ROI_SIZE>
		<MAX_VALUE>[0.12182886898517609, 0.12027475982904434, 0.11982429027557373, 0.13086073100566864, 0.132640078663826, 0.11252672225236893]</MAX_VALUE>
		<MIN_VALUE>[0.09946317225694656, 0.08153457194566727, 0.06923681497573853, 0.05811028182506561, 0.05171363428235054, 0.03901045769453049]</MIN_VALUE>
		<SIGNATURE_THRESHOLD_MD>0</SIGNATURE_THRESHOLD_MD>
		<SIGNATURE_THRESHOLD_ML>0</SIGNATURE_THRESHOLD_ML>
		<SIGNATURE_THRESHOLD_SAM>0</SIGNATURE_THRESHOLD_SAM>
	</signature>
	<signature ID="20211229_105403540974_266">
		<MACROCLASSID>1</MACROCLASSID>
		<MACROCLASSINFO>waterbody</MACROCLASSINFO>
		<CLASSID>12</CLASSID>
		<CLASSINFO>C 1</CLASSINFO>
		<VALUES>[0.10784307430068894, 0.00394965502622944, 0.09421670914231661, 0.005857138769478132, 0.08934734726023531, 0.008816064841605369, 0.07954617678940648, 0.016030526652349972, 0.07797304830865237, 0.018798921582800977, 0.06035006728893268, 0.015796253189768388]</VALUES>
		<LCS_MIN>[0.10178307443857193, 0.08563382178544998, 0.07766054570674896, 0.05898867920041084, 0.053830835968256, 0.03878521919250488]</LCS_MIN>
		<LCS_MAX>[0.12198653072118759, 0.11378803104162216, 0.12101803719997406, 0.12365325540304184, 0.11998194456100464, 0.1005893424153328]</LCS_MAX>
		<WAVELENGTH>[0.48, 0.56, 0.655, 0.865, 1.61, 2.2]</WAVELENGTH>
		<MEAN_VALUE>[0.10784307430068894, 0.09421670914231661, 0.08934734726023531, 0.07954617678940648, 0.07797304830865237, 0.06035006728893268]</MEAN_VALUE>
		<CHECKBOX>2</CHECKBOX>
		<SD>[0.00394965502622944, 0.005857138769478132, 0.008816064841605369, 0.016030526652349972, 0.018798921582800977, 0.015796253189768388]</SD>
		<WAVELENGTH_UNIT>E-6m</WAVELENGTH_UNIT>
		<COLOR>#4548cb</COLOR>
		<COVARIANCE_MATRIX>[[1.569374937336542e-05, 2.197384008024569e-05, 3.338897257867198e-05, 5.613459376650211e-05, 6.310188046144742e-05, 5.299884803072677e-05], [2.197384008024569e-05, 3.451273766471253e-05, 4.9943305917763146e-05, 8.39213163309759e-05, 9.458608074236362e-05, 8.296113390914902e-05], [3.338897257867198e-05, 4.9943305917763146e-05, 7.819121013049511e-05, 0.00013188090446138837, 0.00014628672063055236, 0.0001201580352301876], [5.613459376650211e-05, 8.39213163309759e-05, 0.00013188090446138837, 0.0002585258436959902, 0.00029525462486777656, 0.0002355159616240117], [6.310188046144742e-05, 9.458608074236362e-05, 0.00014628672063055236, 0.00029525462486777656, 0.00035552836504182004, 0.00028623150862264126], [5.299884803072677e-05, 8.296113390914902e-05, 0.0001201580352301876, 0.0002355159616240117, 0.00028623150862264126, 0.00025102475709331184]]</COVARIANCE_MATRIX>
		<ROI_SIZE>167</ROI_SIZE>
		<MAX_VALUE>[0.12198653072118759, 0.11378803104162216, 0.12101803719997406, 0.12365325540304184, 0.11998194456100464, 0.1005893424153328]</MAX_VALUE>
		<MIN_VALUE>[0.10178307443857193, 0.08563382178544998, 0.07766054570674896, 0.05898867920041084, 0.053830835968256, 0.03878521919250488]</MIN_VALUE>
		<SIGNATURE_THRESHOLD_MD>0</SIGNATURE_THRESHOLD_MD>
		<SIGNATURE_THRESHOLD_ML>0</SIGNATURE_THRESHOLD_ML>
		<SIGNATURE_THRESHOLD_SAM>0</SIGNATURE_THRESHOLD_SAM>
	</signature>
	<signature ID="20211229_105418181340_134">
		<MACROCLASSID>1</MACROCLASSID>
		<MACROCLASSINFO>waterbody</MACROCLASSINFO>
		<CLASSID>13</CLASSID>
		<CLASSINFO>C 1</CLASSINFO>
		<VALUES>[0.11160911657547545, 0.004725285085319699, 0.10032465717213306, 0.007004887504179037, 0.09664940333130669, 0.010060741051040024, 0.09277449424068136, 0.023736421759607627, 0.08972824135490058, 0.026587856526695125, 0.06632061271091642, 0.020903764683426515]</VALUES>
		<LCS_MIN>[0.1046210303902626, 0.09020606428384781, 0.08212017267942429, 0.055542606860399246, 0.05252448841929436, 0.03781672567129135]</LCS_MIN>
		<LCS_MAX>[0.12516231834888458, 0.12173876911401749, 0.12390101701021194, 0.13973495364189148, 0.14158186316490173, 0.11604035645723343]</LCS_MAX>
		<WAVELENGTH>[0.48, 0.56, 0.655, 0.865, 1.61, 2.2]</WAVELENGTH>
		<MEAN_VALUE>[0.11160911657547545, 0.10032465717213306, 0.09664940333130669, 0.09277449424068136, 0.08972824135490058, 0.06632061271091642]</MEAN_VALUE>
		<CHECKBOX>2</CHECKBOX>
		<SD>[0.004725285085319699, 0.007004887504179037, 0.010060741051040024, 0.023736421759607627, 0.026587856526695125, 0.020903764683426515]</SD>
		<WAVELENGTH_UNIT>E-6m</WAVELENGTH_UNIT>
		<COLOR>#164a31</COLOR>
		<COVARIANCE_MATRIX>[[2.5454859159352034e-05, 3.491717384095224e-05, 4.871261412863824e-05, 8.893301517537164e-05, 0.0001032354030607746, 8.626740667175135e-05], [3.491717384095224e-05, 5.0101350868507974e-05, 6.900777207882413e-05, 0.00013207660764889622, 0.0001511343191070871, 0.00012669583120147597], [4.871261412863824e-05, 6.900777207882413e-05, 0.00010157542855674004, 0.00020152229451674399, 0.00023055096376746513, 0.00018614331147053109], [8.893301517537164e-05, 0.00013207660764889622, 0.00020152229451674399, 0.0005173503999451041, 0.0005703785124942747, 0.00044124137147038845], [0.0001032354030607746, 0.0001511343191070871, 0.00023055096376746513, 0.0005703785124942747, 0.0006558320456791863, 0.0005107494939857401], [8.626740667175135e-05, 0.00012669583120147597, 0.00018614331147053109, 0.00044124137147038845, 0.0005107494939857401, 0.00041236668946970366]]</COVARIANCE_MATRIX>
		<ROI_SIZE>261</ROI_SIZE>
		<MAX_VALUE>[0.12516231834888458, 0.12173876911401749, 0.12390101701021194, 0.13973495364189148, 0.14158186316490173, 0.11604035645723343]</MAX_VALUE>
		<MIN_VALUE>[0.1046210303902626, 0.09020606428384781, 0.08212017267942429, 0.055542606860399246, 0.05252448841929436, 0.03781672567129135]</MIN_VALUE>
		<SIGNATURE_THRESHOLD_MD>0</SIGNATURE_THRESHOLD_MD>
		<SIGNATURE_THRESHOLD_ML>0</SIGNATURE_THRESHOLD_ML>
		<SIGNATURE_THRESHOLD_SAM>0</SIGNATURE_THRESHOLD_SAM>
	</signature>
	<signature ID="20211229_105426741275_728">
		<MACROCLASSID>1</MACROCLASSID>
		<MACROCLASSINFO>waterbody</MACROCLASSINFO>
		<CLASSID>14</CLASSID>
		<CLASSINFO>C 1</CLASSINFO>
		<VALUES>[0.11429694584332224, 0.00361517768974122, 0.10194353186640855, 0.004378710699288156, 0.0972966453876377, 0.006038347084785233, 0.08546182753379682, 0.013464775943300587, 0.0793862899780766, 0.014269949386863368, 0.058177099617059545, 0.011431368425771304]</VALUES>
		<LCS_MIN>[0.10964372754096985, 0.09642251580953598, 0.0865122377872467, 0.0646870881319046, 0.05592550337314606, 0.039370834827423096]</LCS_MIN>
		<LCS_MAX>[0.12741465866565704, 0.12016214430332184, 0.11847289651632309, 0.11754942685365677, 0.11191859096288681, 0.08937270939350128]</LCS_MAX>
		<WAVELENGTH>[0.48, 0.56, 0.655, 0.865, 1.61, 2.2]</WAVELENGTH>
		<MEAN_VALUE>[0.11429694584332224, 0.10194353186640855, 0.0972966453876377, 0.08546182753379682, 0.0793862899780766, 0.058177099617059545]</MEAN_VALUE>
		<CHECKBOX>2</CHECKBOX>
		<SD>[0.00361517768974122, 0.004378710699288156, 0.006038347084785233, 0.013464775943300587, 0.014269949386863368, 0.011431368425771304]</SD>
		<WAVELENGTH_UNIT>E-6m</WAVELENGTH_UNIT>
		<COLOR>#df3e56</COLOR>
		<COVARIANCE_MATRIX>[[1.317842230947272e-05, 1.5441986494718677e-05, 2.0813300691531375e-05, 2.9710295009192868e-05, 3.217206437827523e-05, 2.9620870029757505e-05], [1.5441986494718677e-05, 1.9332883282961056e-05, 2.591574968777609e-05, 3.770725322796893e-05, 4.3013257206959605e-05, 3.8425853636009256e-05], [2.0813300691531375e-05, 2.591574968777609e-05, 3.676548247897041e-05, 6.016536744847083e-05, 6.65947103319506e-05, 5.859237902384786e-05], [2.9710295009192868e-05, 3.770725322796893e-05, 6.016536744847083e-05, 0.00018281102612998, 0.00018282573607543846, 0.0001434585123912402], [3.217206437827523e-05, 4.3013257206959605e-05, 6.65947103319506e-05, 0.00018282573607543846, 0.00020532838429950586, 0.00016119903036315782], [2.9620870029757505e-05, 3.8425853636009256e-05, 5.859237902384786e-05, 0.0001434585123912402, 0.00016119903036315782, 0.00013176515228643538]]</COVARIANCE_MATRIX>
		<ROI_SIZE>121</ROI_SIZE>
		<MAX_VALUE>[0.12741465866565704, 0.12016214430332184, 0.11847289651632309, 0.11754942685365677, 0.11191859096288681, 0.08937270939350128]</MAX_VALUE>
		<MIN_VALUE>[0.10964372754096985, 0.09642251580953598, 0.0865122377872467, 0.0646870881319046, 0.05592550337314606, 0.039370834827423096]</MIN_VALUE>
		<SIGNATURE_THRESHOLD_MD>0</SIGNATURE_THRESHOLD_MD>
		<SIGNATURE_THRESHOLD_ML>0</SIGNATURE_THRESHOLD_ML>
		<SIGNATURE_THRESHOLD_SAM>0</SIGNATURE_THRESHOLD_SAM>
	</signature>
	<signature ID="20211229_105432138073_455">
		<MACROCLASSID>1</MACROCLASSID>
		<MACROCLASSINFO>waterbody</MACROCLASSINFO>
		<CLASSID>15</CLASSID>
		<CLASSINFO>C 1</CLASSINFO>
		<VALUES>[0.12538079329779453, 0.002889625934364341, 0.1124648606413407, 0.0035427465459771526, 0.10952075081112242, 0.005017884659605545, 0.09988371163886475, 0.012663310481631239, 0.08877757859761724, 0.014252718194733118, 0.061179690587688476, 0.011155832786167571]</VALUES>
		<LCS_MIN>[0.1189909353852272, 0.10536428540945053, 0.10250382870435715, 0.0827508270740509, 0.0720972865819931, 0.04878559708595276]</LCS_MIN>
		<LCS_MAX>[0.13725736737251282, 0.1293741911649704, 0.1333157867193222, 0.13437439501285553, 0.1257028877735138, 0.09606213867664337]</LCS_MAX>
		<WAVELENGTH>[0.48, 0.56, 0.655, 0.865, 1.61, 2.2]</WAVELENGTH>
		<MEAN_VALUE>[0.12538079329779453, 0.1124648606413407, 0.10952075081112242, 0.09988371163886475, 0.08877757859761724, 0.061179690587688476]</MEAN_VALUE>
		<CHECKBOX>2</CHECKBOX>
		<SD>[0.002889625934364341, 0.0035427465459771526, 0.005017884659605545, 0.012663310481631239, 0.014252718194733118, 0.011155832786167571]</SD>
		<WAVELENGTH_UNIT>E-6m</WAVELENGTH_UNIT>
		<COLOR>#c7ad41</COLOR>
		<COVARIANCE_MATRIX>[[1.1136915723092784e-05, 1.1878109364856605e-05, 1.4311217653356932e-05, 2.3492042873634057e-05, 2.23161311091605e-05, 1.7597986218993692e-05], [1.1878109364856605e-05, 1.404411494246288e-05, 1.7924341553844974e-05, 3.124190137872417e-05, 3.286551003809054e-05, 2.7010406201091366e-05], [1.4311217653356932e-05, 1.7924341553844974e-05, 2.516783677901908e-05, 4.795356710556865e-05, 5.298737461640717e-05, 4.344095973381689e-05], [2.3492042873634057e-05, 3.124190137872417e-05, 4.795356710556865e-05, 0.0001578273144028551, 0.00016719050537223134, 0.0001238279345057086], [2.23161311091605e-05, 3.286551003809054e-05, 5.298737461640717e-05, 0.00016719050537223134, 0.00020286131966323938, 0.00015448160055234124], [1.7597986218993692e-05, 2.7010406201091366e-05, 4.344095973381689e-05, 0.0001238279345057086, 0.00015448160055234124, 0.00012255370960507784]]</COVARIANCE_MATRIX>
		<ROI_SIZE>320</ROI_SIZE>
		<MAX_VALUE>[0.13725736737251282, 0.1293741911649704, 0.1333157867193222, 0.13437439501285553, 0.1257028877735138, 0.09606213867664337]</MAX_VALUE>
		<MIN_VALUE>[0.1189909353852272, 0.10536428540945053, 0.10250382870435715, 0.0827508270740509, 0.0720972865819931, 0.04878559708595276]</MIN_VALUE>
		<SIGNATURE_THRESHOLD_MD>0</SIGNATURE_THRESHOLD_MD>
		<SIGNATURE_THRESHOLD_ML>0</SIGNATURE_THRESHOLD_ML>
		<SIGNATURE_THRESHOLD_SAM>0</SIGNATURE_THRESHOLD_SAM>
	</signature>
	<signature ID="20211229_105438924195_143">
		<MACROCLASSID>1</MACROCLASSID>
		<MACROCLASSINFO>waterbody</MACROCLASSINFO>
		<CLASSID>16</CLASSID>
		<CLASSINFO>C 1</CLASSINFO>
		<VALUES>[0.11787360186799099, 0.00308759600482045, 0.10683467222303991, 0.0037625909770039197, 0.10442282699343167, 0.005089720704908285, 0.08649734727575274, 0.012698142276385618, 0.07396627676352267, 0.012272562871884588, 0.05318071138597814, 0.01006575278842166]</VALUES>
		<LCS_MIN>[0.11414840817451477, 0.10187317430973053, 0.0973234474658966, 0.07022784650325775, 0.056083180010318756, 0.0395059734582901]</LCS_MIN>
		<LCS_MAX>[0.1294642835855484, 0.12031980603933334, 0.12169373035430908, 0.12417129427194595, 0.11405831575393677, 0.08732306957244873]</LCS_MAX>
