<?xml version="1.0" ?>
<signaturelist MCID_LIST="[['1', 'waterbody', '#0000ff'], ['2', 'vegetation', '#00ff00'], ['3', 'bare land', '#ffaa00'], ['4', 'built-up', '#ff0000']]">
	<signature ID="20200603_201013118939_145">
		<MACROCLASSID>1</MACROCLASSID>
		<MACROCLASSINFO>waterbody</MACROCLASSINFO>
		<CLASSID>1</CLASSID>
		<CLASSINFO>C 1</CLASSINFO>
		<VALUES>[0.09286162777618555, 0.003218720131126732, 0.0640858325416505, 0.0038198049901595095, 0.043219244978444, 0.003923313960572279, 0.029578252223955555, 0.004203718790647218, 0.011541004255994207, 0.004467372586852616, 0.008756484218326158, 0.0040270445197316184]</VALUES>
		<LCS_MIN>[0.08537951856851578, 0.05472816899418831, 0.03362973779439926, 0.0220399908721447, 0.0037552842404693365, -0.000807354983408004]</LCS_MIN>
		<LCS_MAX>[0.10190052539110184, 0.07197539508342743, 0.05059080943465233, 0.04021406173706055, 0.023256832733750343, 0.015996230766177177]</LCS_MAX>
		<WAVELENGTH>[0.485, 0.56, 0.66, 0.83, 1.65, 2.215]</WAVELENGTH>
		<MEAN_VALUE>[0.09286162777618555, 0.0640858325416505, 0.043219244978444, 0.029578252223955555, 0.011541004255994207, 0.008756484218326158]</MEAN_VALUE>
		<CHECKBOX>2</CHECKBOX>
		<SD>[0.003218720131126732, 0.0038198049901595095, 0.003923313960572279, 0.004203718790647218, 0.004467372586852616, 0.0040270445197316184]</SD>
		<WAVELENGTH_UNIT>E-6m</WAVELENGTH_UNIT>
		<COLOR>#b1eea3</COLOR>
		<COVARIANCE_MATRIX>[[1.0133074283658061e-05, 9.376256457471754e-06, 9.792935088626109e-06, 1.011901804304216e-05, 1.0516330803511664e-05, 8.667916517879348e-06], [9.376256457471754e-06, 1.4215680494089611e-05, 1.2144096217525657e-05, 1.2571456863952335e-05, 1.3137043424649164e-05, 1.067323682946153e-05], [9.792935088626109e-06, 1.2144096217525657e-05, 1.4666481547465082e-05, 1.3560867955675349e-05, 1.4192240996635519e-05, 1.1459099368948955e-05], [1.011901804304216e-05, 1.2571456863952335e-05, 1.3560867955675349e-05, 1.688099655439146e-05, 1.4890403690515086e-05, 1.1943038771278225e-05], [1.0516330803511664e-05, 1.3137043424649164e-05, 1.4192240996635519e-05, 1.4890403690515086e-05, 1.9159369912813418e-05, 1.3574491276813205e-05], [8.667916517879348e-06, 1.067323682946153e-05, 1.1459099368948955e-05, 1.1943038771278225e-05, 1.3574491276813205e-05, 1.577554940013215e-05]]</COVARIANCE_MATRIX>
		<ROI_SIZE>5895</ROI_SIZE>
		<MAX_VALUE>[0.10190052539110184, 0.07197539508342743, 0.05059080943465233, 0.04021406173706055, 0.023256832733750343, 0.015996230766177177]</MAX_VALUE>
		<MIN_VALUE>[0.08537951856851578, 0.05472816899418831, 0.03362973779439926, 0.0220399908721447, 0.0037552842404693365, -0.000807354983408004]</MIN_VALUE>
		<SIGNATURE_THRESHOLD_MD>0.0</SIGNATURE_THRESHOLD_MD>
		<SIGNATURE_THRESHOLD_ML>0.0</SIGNATURE_THRESHOLD_ML>
		<SIGNATURE_THRESHOLD_SAM>0.0</SIGNATURE_THRESHOLD_SAM>
	</signature>
	<signature ID="20200603_201021707181_456">
		<MACROCLASSID>1</MACROCLASSID>
		<MACROCLASSINFO>waterbody</MACROCLASSINFO>
		<CLASSID>2</CLASSID>
		<CLASSINFO>C 1</CLASSINFO>
		<VALUES>[0.09854697363669047, 0.0028585131693288942, 0.0724458472889487, 0.003221534568694404, 0.052195007749857775, 0.0035248513505908526, 0.039459220476424736, 0.0037884073973559564, 0.02217111643008725, 0.0038064892667134076, 0.019072036909386525, 0.00355901355403333]</VALUES>
		<LCS_MIN>[0.08950977027416229, 0.06335178017616272, 0.04332177713513374, 0.031127026304602623, 0.013506059534847736, 0.013195632956922054]</LCS_MIN>
		<LCS_MAX>[0.10740751773118973, 0.08059900999069214, 0.06028284132480621, 0.04930110648274422, 0.033007606863975525, 0.029999220743775368]</LCS_MAX>
		<WAVELENGTH>[0.485, 0.56, 0.66, 0.83, 1.65, 2.215]</WAVELENGTH>
		<MEAN_VALUE>[0.09854697363669047, 0.0724458472889487, 0.052195007749857775, 0.039459220476424736, 0.02217111643008725, 0.019072036909386525]</MEAN_VALUE>
		<CHECKBOX>2</CHECKBOX>
		<SD>[0.0028585131693288942, 0.003221534568694404, 0.0035248513505908526, 0.0037884073973559564, 0.0038064892667134076, 0.00355901355403333]</SD>
		<WAVELENGTH_UNIT>E-6m</WAVELENGTH_UNIT>
		<COLOR>#e767db</COLOR>
		<COVARIANCE_MATRIX>[[8.54102381708799e-06, 6.799024049541913e-06, 8.152231202984694e-06, 8.847982826409861e-06, 7.9482688306598e-06, 6.542438313772436e-06], [6.799024049541913e-06, 1.1065057151427027e-05, 9.96990729618119e-06, 1.0241737072647084e-05, 8.7355037976522e-06, 6.753979505447205e-06], [8.152231202984694e-06, 9.96990729618119e-06, 1.3932303772890009e-05, 1.265718492504675e-05, 1.1226985407120083e-05, 8.840637747198343e-06], [8.847982826409861e-06, 1.0241737072647084e-05, 1.265718492504675e-05, 1.645059273869265e-05, 1.265438459085999e-05, 9.984540156438015e-06], [7.9482688306598e-06, 8.7355037976522e-06, 1.1226985407120083e-05, 1.265438459085999e-05, 1.546037310617976e-05, 1.0186849976889789e-05], [6.542438313772436e-06, 6.753979505447205e-06, 8.840637747198343e-06, 9.984540156438015e-06, 1.0186849976889789e-05, 1.312173390033422e-05]]</COVARIANCE_MATRIX>
		<ROI_SIZE>5282</ROI_SIZE>
		<MAX_VALUE>[0.10740751773118973, 0.08059900999069214, 0.06028284132480621, 0.04930110648274422, 0.033007606863975525, 0.029999220743775368]</MAX_VALUE>
		<MIN_VALUE>[0.08950977027416229, 0.06335178017616272, 0.04332177713513374, 0.031127026304602623, 0.013506059534847736, 0.013195632956922054]</MIN_VALUE>
		<SIGNATURE_THRESHOLD_MD>0.0</SIGNATURE_THRESHOLD_MD>
		<SIGNATURE_THRESHOLD_ML>0.0</SIGNATURE_THRESHOLD_ML>
		<SIGNATURE_THRESHOLD_SAM>0.0</SIGNATURE_THRESHOLD_SAM>
	</signature>
	<signature ID="20200603_201107927229_199">
		<MACROCLASSID>1</MACROCLASSID>
		<MACROCLASSINFO>waterbody</MACROCLASSINFO>
		<CLASSID>3</CLASSID>
		<CLASSINFO>C 1</CLASSINFO>
		<VALUES>[0.1309201455439063, 0.00686026845036911, 0.11656009187612278, 0.007478753442331312, 0.09918962404822113, 0.008459329706008708, 0.09082003100711733, 0.00976086114412197, 0.06576436913092629, 0.00879582311790786, 0.055341953185846254, 0.007305284300635078]</VALUES>
		<LCS_MIN>[0.11016102135181427, 0.09497170150279999, 0.07482088357210159, 0.06444616615772247, 0.04080822691321373, 0.032799817621707916]</LCS_MIN>
		<LCS_MAX>[0.15146353840827942, 0.14096426963806152, 0.1329731047153473, 0.11896838247776031, 0.09931287169456482, 0.07760937511920929]</LCS_MAX>
		<WAVELENGTH>[0.485, 0.56, 0.66, 0.83, 1.65, 2.215]</WAVELENGTH>
		<MEAN_VALUE>[0.1309201455439063, 0.11656009187612278, 0.09918962404822113, 0.09082003100711733, 0.06576436913092629, 0.055341953185846254]</MEAN_VALUE>
		<CHECKBOX>2</CHECKBOX>
		<SD>[0.00686026845036911, 0.007478753442331312, 0.008459329706008708, 0.00976086114412197, 0.00879582311790786, 0.007305284300635078]</SD>
		<WAVELENGTH_UNIT>E-6m</WAVELENGTH_UNIT>
		<COLOR>#116127</COLOR>
		<COVARIANCE_MATRIX>[[4.2531697545200586e-05, 4.2513322114245966e-05, 3.956859291065484e-05, 3.380451744305901e-05, 3.25314249494113e-05, 3.245455809519626e-05], [4.2513322114245966e-05, 5.431838508229703e-05, 5.224606502451934e-05, 4.880403139395639e-05, 4.4486881961347535e-05, 4.011011333204806e-05], [3.956859291065484e-05, 5.224606502451934e-05, 6.381775892805308e-05, 6.407456385204569e-05, 5.6493354350095615e-05, 4.705384708358906e-05], [3.380451744305901e-05, 4.880403139395639e-05, 6.407456385204569e-05, 8.399366197409108e-05, 6.744560960214585e-05, 5.128045813762583e-05], [3.25314249494113e-05, 4.4486881961347535e-05, 5.6493354350095615e-05, 6.744560960214585e-05, 6.707660941174254e-05, 4.962948150932789e-05], [3.245455809519626e-05, 4.011011333204806e-05, 4.705384708358906e-05, 5.128045813762583e-05, 4.962948150932789e-05, 4.750255902763456e-05]]</COVARIANCE_MATRIX>
		<ROI_SIZE>2717</ROI_SIZE>
		<MAX_VALUE>[0.15146353840827942, 0.14096426963806152, 0.1329731047153473, 0.11896838247776031, 0.09931287169456482, 0.07760937511920929]</MAX_VALUE>
		<MIN_VALUE>[0.11016102135181427, 0.09497170150279999, 0.07482088357210159, 0.06444616615772247, 0.04080822691321373, 0.032799817621707916]</MIN_VALUE>
		<SIGNATURE_THRESHOLD_MD>0.0</SIGNATURE_THRESHOLD_MD>
		<SIGNATURE_THRESHOLD_ML>0.0</SIGNATURE_THRESHOLD_ML>
		<SIGNATURE_THRESHOLD_SAM>0.0</SIGNATURE_THRESHOLD_SAM>
	</signature>
	<signature ID="20200603_201123557298_960">
		<MACROCLASSID>1</MACROCLASSID>
		<MACROCLASSINFO>waterbody</MACROCLASSINFO>
		<CLASSID>4</CLASSID>
		<CLASSINFO>C 1</CLASSINFO>
		<VALUES>[0.11030532373879962, 0.0066382892335623295, 0.10645228150823766, 0.010176268065800409, 0.07883610890601471, 0.012768453530316368, 0.03436017186928894, 0.0070345586580403685, 0.006000307753112772, 0.002317039004622257, 0.004030332220716486, 0.0025629293305734734]</VALUES>
		<LCS_MIN>[0.0991470143198967, 0.08922261744737625, 0.06028284132480621, 0.02506900206208229, -0.004045336041599512, -0.0036079527344554663]</LCS_MIN>
		<LCS_MAX>[0.12943553924560547, 0.132340669631958, 0.10389699786901474, 0.05838814005255699, 0.01935652457177639, 0.018796827644109726]</LCS_MAX>
		<WAVELENGTH>[0.485, 0.56, 0.66, 0.83, 1.65, 2.215]</WAVELENGTH>
		<MEAN_VALUE>[0.11030532373879962, 0.10645228150823766, 0.07883610890601471, 0.03436017186928894, 0.006000307753112772, 0.004030332220716486]</MEAN_VALUE>
		<CHECKBOX>2</CHECKBOX>
		<SD>[0.0066382892335623295, 0.010176268065800409, 0.012768453530316368, 0.0070345586580403685, 0.002317039004622257, 0.0025629293305734734]</SD>
		<WAVELENGTH_UNIT>E-6m</WAVELENGTH_UNIT>
		<COLOR>#429259</COLOR>
		<COVARIANCE_MATRIX>[[3.901662785210647e-05, 5.576222974923439e-05, 7.178131636464968e-05, 3.3839678508229554e-05, 4.8404413064417895e-06, 2.5250296857848298e-06], [5.576222974923439e-05, 9.393209620611742e-05, 0.00011453634215286002, 4.8837729991646484e-05, 6.483392553491285e-06, 3.1606934953742893e-06], [7.178131636464968e-05, 0.00011453634215286002, 0.0001489194401074201, 6.596651655854657e-05, 9.11447568796575e-06, 4.419001015776303e-06], [3.3839678508229554e-05, 4.8837729991646484e-05, 6.596651655854657e-05, 4.02585428673774e-05, 6.405733984138351e-06, 3.1620390927855624e-06], [4.8404413064417895e-06, 6.483392553491285e-06, 9.11447568796575e-06, 6.405733984138351e-06, 5.1860642997780815e-06, 1.968147216757643e-06], [2.5250296857848298e-06, 3.1606934953742893e-06, 4.419001015776303e-06, 3.1620390927855624e-06, 1.968147216757643e-06, 6.6691454776446335e-06]]</COVARIANCE_MATRIX>
		<ROI_SIZE>8859</ROI_SIZE>
		<MAX_VALUE>[0.12943553924560547, 0.132340669631958, 0.10389699786901474, 0.05838814005255699, 0.01935652457177639, 0.018796827644109726]</MAX_VALUE>
		<MIN_VALUE>[0.0991470143198967, 0.08922261744737625, 0.06028284132480621, 0.02506900206208229, -0.004045336041599512, -0.0036079527344554663]</MIN_VALUE>
		<SIGNATURE_THRESHOLD_MD>0.0</SIGNATURE_THRESHOLD_MD>
		<SIGNATURE_THRESHOLD_ML>0.0</SIGNATURE_THRESHOLD_ML>
		<SIGNATURE_THRESHOLD_SAM>0.0</SIGNATURE_THRESHOLD_SAM>
	</signature>
	<signature ID="20200603_201130459478_121">
		<MACROCLASSID>1</MACROCLASSID>
		<MACROCLASSINFO>waterbody</MACROCLASSINFO>
		<CLASSID>5</CLASSID>
		<CLASSINFO>C 1</CLASSINFO>
		<VALUES>[0.12367963151253814, 0.006282075202018787, 0.12399803178151918, 0.008339944908971643, 0.10055893956239871, 0.012739225758677622, 0.05937676242490936, 0.011583548367780127, 0.02187586254239722, 0.004129000967064038, 0.017865528879013708, 0.004189376359961102]</VALUES>
		<LCS_MIN>[0.1087842732667923, 0.10072076320648193, 0.07966690510511398, 0.037185050547122955, 0.007655593566596508, 0.0019932426512241364]</LCS_MIN>
		<LCS_MAX>[0.14457979798316956, 0.14958788454532623, 0.1378191113471985, 0.0917072743177414, 0.052509162575006485, 0.035600412636995316]</LCS_MAX>
		<WAVELENGTH>[0.485, 0.56, 0.66, 0.83, 1.65, 2.215]</WAVELENGTH>
		<MEAN_VALUE>[0.12367963151253814, 0.12399803178151918, 0.10055893956239871, 0.05937676242490936, 0.02187586254239722, 0.017865528879013708]</MEAN_VALUE>
		<CHECKBOX>2</CHECKBOX>
		<SD>[0.006282075202018787, 0.008339944908971643, 0.012739225758677622, 0.011583548367780127, 0.004129000967064038, 0.004189376359961102]</SD>
		<WAVELENGTH_UNIT>E-6m</WAVELENGTH_UNIT>
		<COLOR>#acfb30</COLOR>
		<COVARIANCE_MATRIX>[[4.897908729617484e-05, 6.126170774223283e-05, 9.324624988948926e-05, 6.137915625004098e-05, 9.868052075034939e-06, 7.031841505522607e-06], [6.126170774223283e-05, 9.56937947194092e-05, 0.0001276562688872218, 6.977500743232667e-05, 1.7169530110550113e-05, 1.5111049833649304e-05], [9.324624988948926e-05, 0.0001276562688872218, 0.0002062387065961957, 0.00013988802675157785, 1.5686733604525216e-05, 9.770675205800217e-06], [6.137915625004098e-05, 6.977500743232667e-05, 0.00013988802675157785, 0.00015306221030186862, 6.519399448734475e-06, -3.5117573133902624e-06], [9.868052075034939e-06, 1.7169530110550113e-05, 1.5686733604525216e-05, 6.519399448734475e-06, 1.8829330656444654e-05, 1.4082315829000436e-05], [7.031841505522607e-06, 1.5111049833649304e-05, 9.770675205800217e-06, -3.5117573133902624e-06, 1.4082315829000436e-05, 1.9179478840669617e-05]]</COVARIANCE_MATRIX>
		<ROI_SIZE>5467</ROI_SIZE>
		<MAX_VALUE>[0.14457979798316956, 0.14958788454532623, 0.1378191113471985, 0.0917072743177414, 0.052509162575006485, 0.035600412636995316]</MAX_VALUE>
		<MIN_VALUE>[0.1087842732667923, 0.10072076320648193, 0.07966690510511398, 0.037185050547122955, 0.007655593566596508, 0.0019932426512241364]</MIN_VALUE>
		<SIGNATURE_THRESHOLD_MD>0.0</SIGNATURE_THRESHOLD_MD>
		<SIGNATURE_THRESHOLD_ML>0.0</SIGNATURE_THRESHOLD_ML>
		<SIGNATURE_THRESHOLD_SAM>0.0</SIGNATURE_THRESHOLD_SAM>
	</signature>
	<signature ID="20200603_201144491471_434">
		<MACROCLASSID>1</MACROCLASSID>
		<MACROCLASSINFO>waterbody</MACROCLASSINFO>
		<CLASSID>6</CLASSID>
		<CLASSINFO>C 1</CLASSINFO>
		<VALUES>[0.10876843838836439, 0.005374306269554613, 0.10255386031949869, 0.006219154345091832, 0.06991449197450762, 0.007318152316705236, 0.033755398040619514, 0.00746821454695592, 0.011097337077847831, 0.007134051539339617, 0.008558988491015232, 0.006390018080913303]</VALUES>
		<LCS_MIN>[0.0991470143198967, 0.08922261744737625, 0.06028284132480621, 0.02506900206208229, -0.002095181029289961, -0.0036079527344554663]</LCS_MIN>
		<LCS_MAX>[0.13081228733062744, 0.12371706962585449, 0.09178195148706436, 0.0553591214120388, 0.0388580746948719, 0.032799817621707916]</LCS_MAX>
		<WAVELENGTH>[0.485, 0.56, 0.66, 0.83, 1.65, 2.215]</WAVELENGTH>
		<MEAN_VALUE>[0.10876843838836439, 0.10255386031949869, 0.06991449197450762, 0.033755398040619514, 0.011097337077847831, 0.008558988491015232]</MEAN_VALUE>
		<CHECKBOX>2</CHECKBOX>
		<SD>[0.005374306269554613, 0.006219154345091832, 0.007318152316705236, 0.00746821454695592, 0.007134051539339617, 0.006390018080913303]</SD>
		<WAVELENGTH_UNIT>E-6m</WAVELENGTH_UNIT>
		<COLOR>#6d5879</COLOR>
		<COVARIANCE_MATRIX>[[3.0801464163232595e-05, 3.2188974728342146e-05, 3.7921992770861834e-05, 3.8061716622905806e-05, 3.490040762699209e-05, 2.9878188797738403e-05], [3.2188974728342146e-05, 4.18806703237351e-05, 4.471190914046019e-05, 4.366970097180456e-05, 3.956670843763277e-05, 3.4322187275392935e-05], [3.7921992770861834e-05, 4.471190914046019e-05, 5.540833808481693e-05, 5.306633829604834e-05, 4.865974551648833e-05, 4.171730688540265e-05], [3.8061716622905806e-05, 4.366970097180456e-05, 5.306633829604834e-05, 5.648305523209274e-05, 4.982160680810921e-05, 4.2692652641562745e-05], [3.490040762699209e-05, 3.956670843763277e-05, 4.865974551648833e-05, 4.982160680810921e-05, 5.123007213114761e-05, 4.171106047579087e-05], [2.9878188797738403e-05, 3.4322187275392935e-05, 4.171730688540265e-05, 4.2692652641562745e-05, 4.171106047579087e-05, 4.120184894418344e-05]]</COVARIANCE_MATRIX>
		<ROI_SIZE>2490</ROI_SIZE>
		<MAX_VALUE>[0.13081228733062744, 0.12371706962585449, 0.09178195148706436, 0.0553591214120388, 0.0388580746948719, 0.032799817621707916]</MAX_VALUE>
		<MIN_VALUE>[0.0991470143198967, 0.08922261744737625, 0.06028284132480621, 0.02506900206208229, -0.002095181029289961, -0.0036079527344554663]</MIN_VALUE>
		<SIGNATURE_THRESHOLD_MD>0.0</SIGNATURE_THRESHOLD_MD>
		<SIGNATURE_THRESHOLD_ML>0.0</SIGNATURE_THRESHOLD_ML>
		<SIGNATURE_THRESHOLD_SAM>0.0</SIGNATURE_THRESHOLD_SAM>
	</signature>
	<signature ID="20200603_201210127237_699">
		<MACROCLASSID>1</MACROCLASSID>
		<MACROCLASSINFO>waterbody</MACROCLASSINFO>
		<CLASSID>8</CLASSID>
		<CLASSINFO>C 1</CLASSINFO>
		<VALUES>[0.1272217217967456, 0.008682758212104716, 0.1233534104929735, 0.010946363442211565, 0.09111729209277658, 0.012499869678389812, 0.049729256532050736, 0.0138644672641427, 0.024527707061226974, 0.012474269920069721, 0.02047067929503389, 0.01110265227207411]</VALUES>
		<LCS_MIN>[0.1087842732667923, 0.1035953015089035, 0.0699748769402504, 0.02809801697731018, 0.0018051291117444634, -0.0036079527344554663]</LCS_MIN>
		<LCS_MAX>[0.14871004223823547, 0.14958788454532623, 0.1257040649652481, 0.08262024074792862, 0.05835961923003197, 0.049603406339883804]</LCS_MAX>
		<WAVELENGTH>[0.485, 0.56, 0.66, 0.83, 1.65, 2.215]</WAVELENGTH>
		<MEAN_VALUE>[0.1272217217967456, 0.1233534104929735, 0.09111729209277658, 0.049729256532050736, 0.024527707061226974, 0.02047067929503389]</MEAN_VALUE>
		<CHECKBOX>2</CHECKBOX>
		<SD>[0.008682758212104716, 0.010946363442211565, 0.012499869678389812, 0.0138644672641427, 0.012474269920069721, 0.01110265227207411]</SD>
		<WAVELENGTH_UNIT>E-6m</WAVELENGTH_UNIT>
		<COLOR>#dbdaee</COLOR>
		<COVARIANCE_MATRIX>[[8.799664647085592e-05, 0.00010764506441773847, 0.00012041210720781237, 0.00012812299246434122, 0.00011734010331565514, 0.0001038278205669485], [0.00010764506441773847, 0.00013990054139867425, 0.0001544794358778745, 0.0001643867144593969, 0.00014977499085944146, 0.00013231327466201037], [0.00012041210720781237, 0.0001544794358778745, 0.00018340906535740942, 0.00019534386228770018, 0.00017384182137902826, 0.0001528633147245273], [0.00012812299246434122, 0.0001643867144593969, 0.00019534386228770018, 0.00021873859805054963, 0.00019115499162580818, 0.00016785548359621316], [0.00011734010331565514, 0.00014977499085944146, 0.00017384182137902826, 0.00019115499162580818, 0.00017613812815397978, 0.00015258572238963097], [0.0001038278205669485, 0.00013231327466201037, 0.0001528633147245273, 0.00016785548359621316, 0.00015258572238963097, 0.00013989921717438847]]</COVARIANCE_MATRIX>
		<ROI_SIZE>7947</ROI_SIZE>
		<MAX_VALUE>[0.14871004223823547, 0.14958788454532623, 0.1257040649652481, 0.08262024074792862, 0.05835961923003197, 0.049603406339883804]</MAX_VALUE>
		<MIN_VALUE>[0.1087842732667923, 0.1035953015089035, 0.0699748769402504, 0.02809801697731018, 0.0018051291117444634, -0.0036079527344554663]</MIN_VALUE>
		<SIGNATURE_THRESHOLD_MD>0.0</SIGNATURE_THRESHOLD_MD>
		<SIGNATURE_THRESHOLD_ML>0.0</SIGNATURE_THRESHOLD_ML>
		<SIGNATURE_THRESHOLD_SAM>0.0</SIGNATURE_THRESHOLD_SAM>
	</signature>
	<signature ID="20200603_201217036274_443">
		<MACROCLASSID>1</MACROCLASSID>
		<MACROCLASSINFO>waterbody</MACROCLASSINFO>
		<CLASSID>9</CLASSID>
		<CLASSINFO>C 1</CLASSINFO>
		<VALUES>[0.12759987453234195, 0.006820785177771063, 0.12300831840082557, 0.008587211953594279, 0.09476547607274723, 0.008679215864209064, 0.05184360252499802, 0.008696195857267119, 0.022736548365327486, 0.008026463912468916, 0.018823116163936452, 0.007133912623412735]</VALUES>
		<LCS_MIN>[0.10052376985549927, 0.08059900999069214, 0.05785983055830002, 0.031127026304602623, 0.0018051291117444634, -0.000807354983408004]</LCS_MIN>
		<LCS_MAX>[0.14320306479930878, 0.13521519303321838, 0.10632000118494034, 0.06444616615772247, 0.0388580746948719, 0.035600412636995316]</LCS_MAX>
		<WAVELENGTH>[0.485, 0.56, 0.66, 0.83, 1.65, 2.215]</WAVELENGTH>
		<MEAN_VALUE>[0.12759987453234195, 0.12300831840082557, 0.09476547607274723, 0.05184360252499802, 0.022736548365327486, 0.018823116163936452]</MEAN_VALUE>
		<CHECKBOX>2</CHECKBOX>
		<SD>[0.006820785177771063, 0.008587211953594279, 0.008679215864209064, 0.008696195857267119, 0.008026463912468916, 0.007133912623412735]</SD>
		<WAVELENGTH_UNIT>E-6m</WAVELENGTH_UNIT>
		<COLOR>#a97d52</COLOR>
		<COVARIANCE_MATRIX>[[4.511075894697569e-05, 5.392839011619799e-05, 5.490482726600021e-05, 4.859662294620648e-05, 4.4739939767168835e-05, 3.9560520235681906e-05], [5.392839011619799e-05, 7.384866330539808e-05, 7.08275765646249e-05, 5.806644549011253e-05, 5.3862258937442675e-05, 4.805471689905971e-05], [5.490482726600021e-05, 7.08275765646249e-05, 7.492376607842743e-05, 6.434039096347988e-05, 5.855725612491369e-05, 5.174260513740592e-05], [4.859662294620648e-05, 5.806644549011253e-05, 6.434039096347988e-05, 7.63335992814973e-05, 6.404491432476789e-05, 5.476840669871308e-05], [4.4739939767168835e-05, 5.3862258937442675e-05, 5.855725612491369e-05, 6.404491432476789e-05, 6.263556861085817e-05, 5.143678208696656e-05], [3.9560520235681906e-05, 4.805471689905971e-05, 5.174260513740592e-05, 5.476840669871308e-05, 5.143678208696656e-05, 4.9718499212758616e-05]]</COVARIANCE_MATRIX>
		<ROI_SIZE>7788</ROI_SIZE>
		<MAX_VALUE>[0.14320306479930878, 0.13521519303321838, 0.10632000118494034, 0.06444616615772247, 0.0388580746948719, 0.035600412636995316]</MAX_VALUE>
		<MIN_VALUE>[0.10052376985549927, 0.08059900999069214, 0.05785983055830002, 0.031127026304602623, 0.0018051291117444634, -0.000807354983408004]</MIN_VALUE>
		<SIGNATURE_THRESHOLD_MD>0.0</SIGNATURE_THRESHOLD_MD>
		<SIGNATURE_THRESHOLD_ML>0.0</SIGNATURE_THRESHOLD_ML>
		<SIGNATURE_THRESHOLD_SAM>0.0</SIGNATURE_THRESHOLD_SAM>
	</signature>
	<signature ID="20200603_201228094856_633">
		<MACROCLASSID>1</MACROCLASSID>
		<MACROCLASSINFO>waterbody</MACROCLASSINFO>
		<CLASSID>10</CLASSID>
		<CLASSINFO>C 1</CLASSINFO>
		<VALUES>[0.12503541792951403, 0.00790871299979682, 0.12011373312170814, 0.009865527205602508, 0.09008367414053407, 0.010300702351171385, 0.04442273454471901, 0.01123846858002982, 0.01666589201687472, 0.010319379526198044, 0.013507181895069734, 0.0091844183190837]</VALUES>
		<LCS_MIN>[0.11016102135181427, 0.10072076320648193, 0.072397880256176, 0.02809801697731018, -0.00014502598787657917, -0.0036079527344554663]</LCS_MIN>
		<LCS_MAX>[0.14871004223823547, 0.1524624228477478, 0.12085806578397751, 0.07353319972753525, 0.04470853880047798, 0.03840101137757301]</LCS_MAX>
		<WAVELENGTH>[0.485, 0.56, 0.66, 0.83, 1.65, 2.215]</WAVELENGTH>
		<MEAN_VALUE>[0.12503541792951403, 0.12011373312170814, 0.09008367414053407, 0.04442273454471901, 0.01666589201687472, 0.013507181895069734]</MEAN_VALUE>
		<CHECKBOX>2</CHECKBOX>
		<SD>[0.00790871299979682, 0.009865527205602508, 0.010300702351171385, 0.01123846858002982, 0.010319379526198044, 0.0091844183190837]</SD>
		<WAVELENGTH_UNIT>E-6m</WAVELENGTH_UNIT>
		<COLOR>#22f874</COLOR>
		<COVARIANCE_MATRIX>[[6.446218321798369e-05, 7.746919436613098e-05, 7.875403389334679e-05, 8.081077976385131e-05, 7.917098264442757e-05, 7.031190034467727e-05], [7.746919436613098e-05, 0.00010150021989829838, 9.764932474354282e-05, 9.896951814880595e-05, 9.857128316070884e-05, 8.753937436267734e-05], [7.875403389334679e-05, 9.764932474354282e-05, 0.00010580949310678989, 0.00010851983824977651, 0.0001036213434417732, 9.136833250522614e-05], [8.081077976385131e-05, 9.896951814880595e-05, 0.00010851983824977651, 0.00012740115926135331, 0.00011368332343408838, 9.899093129206449e-05], [7.917098264442757e-05, 9.857128316070884e-05, 0.0001036213434417732, 0.00011368332343408838, 0.0001135222555603832, 9.711876191431656e-05], [7.031190034467727e-05, 8.753937436267734e-05, 9.136833250522614e-05, 9.899093129206449e-05, 9.711876191431656e-05, 9.06863933778368e-05]]</COVARIANCE_MATRIX>
		<ROI_SIZE>8551</ROI_SIZE>
		<MAX_VALUE>[0.14871004223823547, 0.1524624228477478, 0.12085806578397751, 0.07353319972753525, 0.04470853880047798, 0.03840101137757301]</MAX_VALUE>
		<MIN_VALUE>[0.11016102135181427, 0.10072076320648193, 0.072397880256176, 0.02809801697731018, -0.00014502598787657917, -0.0036079527344554663]</MIN_VALUE>
		<SIGNATURE_THRESHOLD_MD>0.0</SIGNATURE_THRESHOLD_MD>
		<SIGNATURE_THRESHOLD_ML>0.0</SIGNATURE_THRESHOLD_ML>
		<SIGNATURE_THRESHOLD_SAM>0.0</SIGNATURE_THRESHOLD_SAM>
	</signature>
	<signature ID="20200603_201239552771_165">
		<MACROCLASSID>1</MACROCLASSID>
		<MACROCLASSINFO>waterbody</MACROCLASSINFO>
		<CLASSID>11</CLASSID>
		<CLASSINFO>C 1</CLASSINFO>
		<VALUES>[0.1401582994132545, 0.0026238395320310245, 0.14108760395508402, 0.0037052875607408546, 0.10880858389900477, 0.0029678215161705146, 0.06523540831930154, 0.0024441056337987047, 0.038024913253133556, 0.0025291923746450272, 0.03276238313356637, 0.0028102664210281694]</VALUES>
		<LCS_MIN>[0.13081228733062744, 0.12946611642837524, 0.09905098378658295, 0.05838814005255699, 0.02910730242729187, 0.021597426384687424]</LCS_MIN>
		<LCS_MAX>[0.14871004223823547, 0.14958788454532623, 0.11843506246805191, 0.07353319972753525, 0.048608846962451935, 0.04400220140814781]</LCS_MAX>
		<WAVELENGTH>[0.485, 0.56, 0.66, 0.83, 1.65, 2.215]</WAVELENGTH>
		<MEAN_VALUE>[0.1401582994132545, 0.14108760395508402, 0.10880858389900477, 0.06523540831930154, 0.038024913253133556, 0.03276238313356637]</MEAN_VALUE>
		<CHECKBOX>2</CHECKBOX>
		<SD>[0.0026238395320310245, 0.0037052875607408546, 0.0029678215161705146, 0.0024441056337987047, 0.0025291923746450272, 0.0028102664210281694]</SD>
		<WAVELENGTH_UNIT>E-6m</WAVELENGTH_UNIT>
		<COLOR>#fe7a45</COLOR>
		<COVARIANCE_MATRIX>[[6.666172794211889e-06, 5.731776127504418e-06, 4.74261423732969e-06, 3.4232762118335813e-06, 2.2252386315813055e-06, 2.223508545284858e-06], [5.731776127504418e-06, 1.3172917533665895e-05, 7.76942033553496e-06, 5.156816314411117e-06, 3.0956541650084546e-06, 2.995756176460418e-06], [4.74261423732969e-06, 7.76942033553496e-06, 8.470863576803822e-06, 4.412538601172855e-06, 2.8275260319787776e-06, 2.736293026828207e-06], [3.4232762118335813e-06, 5.156816314411117e-06, 4.412538601172855e-06, 6.189923169586109e-06, 2.8298888992139837e-06, 2.6445561616128543e-06], [2.2252386315813055e-06, 3.0956541650084546e-06, 2.8275260319787776e-06, 2.8298888992139837e-06, 6.268520337471273e-06, 3.1371264412882738e-06], [2.223508545284858e-06, 2.995756176460418e-06, 2.736293026828207e-06, 2.6445561616128543e-06, 3.1371264412882738e-06, 7.672888386878185e-06]]</COVARIANCE_MATRIX>
		<ROI_SIZE>10201</ROI_SIZE>
		<MAX_VALUE>[0.14871004223823547, 0.14958788454532623, 0.11843506246805191, 0.07353319972753525, 0.048608846962451935, 0.04400220140814781]</MAX_VALUE>
		<MIN_VALUE>[0.13081228733062744, 0.12946611642837524, 0.09905098378658295, 0.05838814005255699, 0.02910730242729187, 0.021597426384687424]</MIN_VALUE>
		<SIGNATURE_THRESHOLD_MD>0.0</SIGNATURE_THRESHOLD_MD>
		<SIGNATURE_THRESHOLD_ML>0.0</SIGNATURE_THRESHOLD_ML>
		<SIGNATURE_THRESHOLD_SAM>0.0</SIGNATURE_THRESHOLD_SAM>
	</signature>
	<signature ID="20200603_201300448138_324">
		<MACROCLASSID>1</MACROCLASSID>
		<MACROCLASSINFO>waterbody</MACROCLASSINFO>
		<CLASSID>12</CLASSID>
		<CLASSINFO>C 1</CLASSINFO>
		<VALUES>[0.135440586794321, 0.00461430279106733, 0.13972732933875873, 0.006312243462004761, 0.11322782164457196, 0.007681943415114054, 0.060122614632325766, 0.008069991448074153, 0.022838566384158966, 0.0078033148639522236, 0.018535337594535108, 0.007264955016518017]</VALUES>
		<LCS_MIN>[0.11566802859306335, 0.11221890896558762, 0.08208991587162018, 0.031127026304602623, 0.0037552842404693365, -0.0036079527344554663]</LCS_MIN>
		<LCS_MAX>[0.14871004223823547, 0.15533696115016937, 0.1378191113471985, 0.07959122955799103, 0.046658698469400406, 0.035600412636995316]</LCS_MAX>
		<WAVELENGTH>[0.485, 0.56, 0.66, 0.83, 1.65, 2.215]</WAVELENGTH>
		<MEAN_VALUE>[0.135440586794321, 0.13972732933875873, 0.11322782164457196, 0.060122614632325766, 0.022838566384158966, 0.018535337594535108]</MEAN_VALUE>
		<CHECKBOX>2</CHECKBOX>
		<SD>[0.00461430279106733, 0.006312243462004761, 0.007681943415114054, 0.008069991448074153, 0.0078033148639522236, 0.007264955016518017]</SD>
		<WAVELENGTH_UNIT>E-6m</WAVELENGTH_UNIT>
		<COLOR>#ddfa2a</COLOR>
		<COVARIANCE_MATRIX>[[2.2160000298754312e-05, 2.617561949591618e-05, 2.5984259991673753e-05, 2.4002840291359462e-05, 2.6347472157794982e-05, 2.411898458376527e-05], [2.617561949591618e-05, 4.125301347812638e-05, 4.1640640120022e-05, 3.501493119983934e-05, 3.114540595561266e-05, 2.8408287107595243e-05], [2.5984259991673753e-05, 4.1640640120022e-05, 6.921644671820104e-05, 5.682121991412714e-05, 1.872368920885492e-05, 1.529010114609264e-05], [2.4002840291359462e-05, 3.501493119983934e-05, 5.682121991412714e-05, 6.625716923736036e-05, 3.0482471629511565e-05, 2.4673247025930323e-05], [2.6347472157794982e-05, 3.114540595561266e-05, 1.872368920885492e-05, 3.0482471629511565e-05, 5.920723560848273e-05, 5.098410474602133e-05], [2.411898458376527e-05, 2.8408287107595243e-05, 1.529010114609264e-05, 2.4673247025930323e-05, 5.098410474602133e-05, 5.171984594198875e-05]]</COVARIANCE_MATRIX>
		<ROI_SIZE>8050</ROI_SIZE>
		<MAX_VALUE>[0.14871004223823547, 0.15533696115016937, 0.1378191113471985, 0.07959122955799103, 0.046658698469400406, 0.035600412636995316]</MAX_VALUE>
		<MIN_VALUE>[0.11566802859306335, 0.11221890896558762, 0.08208991587162018, 0.031127026304602623, 0.0037552842404693365, -0.0036079527344554663]</MIN_VALUE>
		<SIGNATURE_THRESHOLD_MD>0.0</SIGNATURE_THRESHOLD_MD>
		<SIGNATURE_THRESHOLD_ML>0.0</SIGNATURE_THRESHOLD_ML>
		<SIGNATURE_THRESHOLD_SAM>0.0</SIGNATURE_THRESHOLD_SAM>
	</signature>
	<signature ID="20200603_201309213873_120">
		<MACROCLASSID>1</MACROCLASSID>
		<MACROCLASSINFO>waterbody</MACROCLASSINFO>
		<CLASSID>13</CLASSID>
		<CLASSINFO>C 1</CLASSINFO>
		<VALUES>[0.10050367247343119, 0.005679987510357352, 0.08810545496665118, 0.008200554473566655, 0.05643069819650532, 0.0066997527583831625, 0.0322912852267406, 0.0038750816146551122, 0.009658174295750941, 0.003896570935067296, 0.007544079860526858, 0.003752298418967381]</VALUES>
		<LCS_MIN>[0.08813301473855972, 0.07197539508342743, 0.04332177713513374, 0.02506900206208229, -0.00014502598787657917, -0.0036079527344554663]</LCS_MIN>
		<LCS_MAX>[0.1184215247631073, 0.10646983981132507, 0.07966690510511398, 0.04930110648274422, 0.023256832733750343, 0.021597426384687424]</LCS_MAX>
		<WAVELENGTH>[0.485, 0.56, 0.66, 0.83, 1.65, 2.215]</WAVELENGTH>
		<MEAN_VALUE>[0.10050367247343119, 0.08810545496665118, 0.05643069819650532, 0.0322912852267406, 0.009658174295750941, 0.007544079860526858]</MEAN_VALUE>
		<CHECKBOX>2</CHECKBOX>
		<SD>[0.005679987510357352, 0.008200554473566655, 0.0066997527583831625, 0.0038750816146551122, 0.003896570935067296, 0.003752298418967381]</SD>
		<WAVELENGTH_UNIT>E-6m</WAVELENGTH_UNIT>
		<COLOR>#451f58</COLOR>
		<COVARIANCE_MATRIX>[[3.261775418650359e-05, 4.399165482027456e-05, 3.574938091333024e-05, 1.6418845916632563e-05, 1.6670566765242256e-05, 1.4343747352540959e-05], [4.399165482027456e-05, 6.791749910917133e-05, 5.176661943551153e-05, 2.2693726350553334e-05, 2.341242907277774e-05, 2.004546331590973e-05], [3.574938091333024e-05, 5.176661943551153e-05, 4.564592018141411e-05, 2.143295387213584e-05, 2.1114306946401484e-05, 1.800326572265476e-05], [1.6418845916632563e-05, 2.2693726350553334e-05, 2.143295387213584e-05, 1.6309280908899382e-05, 1.2484047147154342e-05, 1.0436100637889467e-05], [1.6670566765242256e-05, 2.341242907277774e-05, 2.1114306946401484e-05, 1.2484047147154342e-05, 1.5511768651776947e-05, 1.0939532330667134e-05], [1.4343747352540959e-05, 2.004546331590973e-05, 1.800326572265476e-05, 1.0436100637889467e-05, 1.0939532330667134e-05, 1.4025949894858059e-05]]</COVARIANCE_MATRIX>
		<ROI_SIZE>9640</ROI_SIZE>
		<MAX_VALUE>[0.1184215247631073, 0.10646983981132507, 0.07966690510511398, 0.04930110648274422, 0.023256832733750343, 0.021597426384687424]</MAX_VALUE>
		<MIN_VALUE>[0.08813301473855972, 0.07197539508342743, 0.04332177713513374, 0.02506900206208229, -0.00014502598787657917, -0.0036079527344554663]</MIN_VALUE>
		<SIGNATURE_THRESHOLD_MD>0.0</SIGNATURE_THRESHOLD_MD>
		<SIGNATURE_THRESHOLD_ML>0.0</SIGNATURE_THRESHOLD_ML>
		<SIGNATURE_THRESHOLD_SAM>0.0</SIGNATURE_THRESHOLD_SAM>
	</signature>
	<signature ID="20200603_201321685195_561">
		<MACROCLASSID>1</MACROCLASSID>
		<MACROCLASSINFO>waterbody</MACROCLASSINFO>
		<CLASSID>14</CLASSID>
		<CLASSINFO>C 1</CLASSINFO>
		<VALUES>[0.10530869907640912, 0.0032188251786399134, 0.07981504218561662, 0.00466341333182865, 0.061113100629169616, 0.005158754880466889, 0.0488562836096837, 0.008385359465135843, 0.02612069760729279, 0.008438682350297213, 0.022106624901998096, 0.0068330883788306086]</VALUES>
		<LCS_MIN>[0.0991470143198967, 0.07197539508342743, 0.05059080943465233, 0.034156039357185364, 0.005705439019948244, 0.007594437804073095]</LCS_MIN>
		<LCS_MAX>[0.11566802859306335, 0.09497170150279999, 0.07724390178918839, 0.07050419598817825, 0.046658698469400406, 0.04120160639286041]</LCS_MAX>
		<WAVELENGTH>[0.485, 0.56, 0.66, 0.83, 1.65, 2.215]</WAVELENGTH>
		<MEAN_VALUE>[0.10530869907640912, 0.07981504218561662, 0.061113100629169616, 0.0488562836096837, 0.02612069760729279, 0.022106624901998096]</MEAN_VALUE>
		<CHECKBOX>2</CHECKBOX>
		<SD>[0.0032188251786399134, 0.00466341333182865, 0.005158754880466889, 0.008385359465135843, 0.008438682350297213, 0.0068330883788306086]</SD>
		<WAVELENGTH_UNIT>E-6m</WAVELENGTH_UNIT>
		<COLOR>#c9bb0d</COLOR>
		<COVARIANCE_MATRIX>[[1.043379870679928e-05, 1.0410666618554387e-05, 1.2490739209169988e-05, 1.806064392440021e-05, 1.4599302630813327e-05, 1.1801677828771062e-05], [1.0410666618554387e-05, 2.19005742110312e-05, 1.9245253497501835e-05, 2.558590676926542e-05, 2.4684164600330405e-05, 1.7466640201746486e-05], [1.2490739209169988e-05, 1.9245253497501835e-05, 2.6800165869644843e-05, 3.391573409317061e-05, 2.6622486984706484e-05, 1.9167269783793017e-05], [1.806064392440021e-05, 2.558590676926542e-05, 3.391573409317061e-05, 7.080942305037752e-05, 4.7166460717562586e-05, 3.3443393476773053e-05], [1.4599302630813327e-05, 2.4684164600330405e-05, 2.6622486984706484e-05, 4.7166460717562586e-05, 7.171284960350022e-05, 5.053203130955808e-05], [1.1801677828771062e-05, 1.7466640201746486e-05, 1.9167269783793017e-05, 3.3443393476773053e-05, 5.053203130955808e-05, 4.7019908379297704e-05]]</COVARIANCE_MATRIX>
		<ROI_SIZE>143</ROI_SIZE>
		<MAX_VALUE>[0.11566802859306335, 0.09497170150279999, 0.07724390178918839, 0.07050419598817825, 0.046658698469400406, 0.04120160639286041]</MAX_VALUE>
		<MIN_VALUE>[0.0991470143198967, 0.07197539508342743, 0.05059080943465233, 0.034156039357185364, 0.005705439019948244, 0.007594437804073095]</MIN_VALUE>
		<SIGNATURE_THRESHOLD_MD>0.0</SIGNATURE_THRESHOLD_MD>
		<SIGNATURE_THRESHOLD_ML>0.0</SIGNATURE_THRESHOLD_ML>
		<SIGNATURE_THRESHOLD_SAM>0.0</SIGNATURE_THRESHOLD_SAM>
	</signature>
	<signature ID="20200603_201353830047_659">
		<MACROCLASSID>1</MACROCLASSID>
		<MACROCLASSINFO>waterbody</MACROCLASSINFO>
		<CLASSID>15</CLASSID>
		<CLASSINFO>C 1</CLASSINFO>
		<VALUES>[0.13939871768051204, 0.003462381973931158, 0.13961713238388687, 0.004486928189493552, 0.1070467444493943, 0.0043168602237761335, 0.06629332111049581, 0.004645109337057923, 0.04051965224175313, 0.00423651210260398, 0.03469165968714852, 0.00416610902461324]</VALUES>
		<LCS_MIN>[0.1184215247631073, 0.11509344726800919, 0.08451292663812637, 0.043243084102869034, 0.015456213615834713, 0.010395036078989506]</LCS_MIN>
		<LCS_MAX>[0.15008680522441864, 0.14958788454532623, 0.11843506246805191, 0.07959122955799103, 0.052509162575006485, 0.049603406339883804]</LCS_MAX>
		<WAVELENGTH>[0.485, 0.56, 0.66, 0.83, 1.65, 2.215]</WAVELENGTH>
		<MEAN_VALUE>[0.13939871768051204, 0.13961713238388687, 0.1070467444493943, 0.06629332111049581, 0.04051965224175313, 0.03469165968714852]</MEAN_VALUE>
		<CHECKBOX>2</CHECKBOX>
		<SD>[0.003462381973931158, 0.004486928189493552, 0.0043168602237761335, 0.004645109337057923, 0.00423651210260398, 0.00416610902461324]</SD>
		<WAVELENGTH_UNIT>E-6m</WAVELENGTH_UNIT>
		<COLOR>#fbb934</COLOR>
		<COVARIANCE_MATRIX>[[1.336328568868339e-05, 1.3311390830494929e-05, 1.3521466826205142e-05, 1.4153437405184377e-05, 1.2086406059097499e-05, 1.0707174624258187e-05], [1.3311390830494929e-05, 2.1553481929004192e-05, 1.8080330846714787e-05, 1.831688678066712e-05, 1.5425412129843608e-05, 1.3489150660461746e-05], [1.3521466826205142e-05, 1.8080330846714787e-05, 2.0856728951912373e-05, 1.9412394976825453e-05, 1.6484063962707296e-05, 1.4380368156707846e-05], [1.4153437405184377e-05, 1.831688678066712e-05, 1.9412394976825453e-05, 2.4567401851527393e-05, 1.8991573597304523e-05, 1.6552523447899148e-05], [1.2086406059097499e-05, 1.5425412129843608e-05, 1.6484063962707296e-05, 1.8991573597304523e-05, 2.097162177960854e-05, 1.5839721527299844e-05], [1.0707174624258187e-05, 1.3489150660461746e-05, 1.4380368156707846e-05, 1.6552523447899148e-05, 1.5839721527299844e-05, 1.968111246242188e-05]]</COVARIANCE_MATRIX>
		<ROI_SIZE>10132</ROI_SIZE>
		<MAX_VALUE>[0.15008680522441864, 0.14958788454532623, 0.11843506246805191, 0.07959122955799103, 0.052509162575006485, 0.049603406339883804]</MAX_VALUE>
		<MIN_VALUE>[0.1184215247631073, 0.11509344726800919, 0.08451292663812637, 0.043243084102869034, 0.015456213615834713, 0.010395036078989506]</MIN_VALUE>
		<SIGNATURE_THRESHOLD_MD>0.0</SIGNATURE_THRESHOLD_MD>
		<SIGNATURE_THRESHOLD_ML>0.0</SIGNATURE_THRESHOLD_ML>
		<SIGNATURE_THRESHOLD_SAM>0.0</SIGNATURE_THRESHOLD_SAM>
	</signature>
	<signature ID="20200603_201427823866_446">
		<MACROCLASSID>1</MACROCLASSID>
		<MACROCLASSINFO>waterbody</MACROCLASSINFO>
		<CLASSID>16</CLASSID>
		<CLASSINFO>C 1</CLASSINFO>
		<VALUES>[0.10889262981988765, 0.006978494675881357, 0.08975494211470639, 0.008839587537836565, 0.0636705638219913, 0.009604363531783951, 0.0545878512526138, 0.01053521786752902, 0.02937815346134207, 0.009867298727683405, 0.022958827058405247, 0.009198095295620327]</VALUES>
		<LCS_MIN>[0.09639352560043335, 0.074849933385849, 0.04574478417634964, 0.02809801697731018, 0.01155590359121561, 0.004793839529156685]</LCS_MIN>
		<LCS_MAX>[0.12392854690551758, 0.10934437066316605, 0.08935893326997757, 0.07959122955799103, 0.052509162575006485, 0.04400220140814781]</LCS_MAX>
		<WAVELENGTH>[0.485, 0.56, 0.66, 0.83, 1.65, 2.215]</WAVELENGTH>
		<MEAN_VALUE>[0.10889262981988765, 0.08975494211470639, 0.0636705638219913, 0.0545878512526138, 0.02937815346134207, 0.022958827058405247]</MEAN_VALUE>
		<CHECKBOX>2</CHECKBOX>
		<SD>[0.006978494675881357, 0.008839587537836565, 0.009604363531783951, 0.01053521786752902, 0.009867298727683405, 0.009198095295620327]</SD>
		<WAVELENGTH_UNIT>E-6m</WAVELENGTH_UNIT>
		<COLOR>#596aab</COLOR>
		<COVARIANCE_MATRIX>[[4.892589640803635e-05, 5.934169894317165e-05, 6.50299625704065e-05, 5.5479678849224e-05, 6.229714199434966e-05, 5.818981662741862e-05], [5.934169894317165e-05, 7.850174006307498e-05, 8.212495595216751e-05, 6.974458665354177e-05, 7.927491242298856e-05, 7.326093327719718e-05], [6.50299625704065e-05, 8.212495595216751e-05, 9.267283894587308e-05, 7.939775969134644e-05, 8.652810356579721e-05, 8.17206600913778e-05], [5.5479678849224e-05, 6.974458665354177e-05, 7.939775969134644e-05, 0.00011150705540785566, 9.060138108907267e-05, 8.051932672969997e-05], [6.229714199434966e-05, 7.927491242298856e-05, 8.652810356579721e-05, 9.060138108907267e-05, 9.781643893802539e-05, 8.658328442834318e-05], [5.818981662741862e-05, 7.326093327719718e-05, 8.17206600913778e-05, 8.051932672969997e-05, 8.658328442834318e-05, 8.499847172060981e-05]]</COVARIANCE_MATRIX>
		<ROI_SIZE>216</ROI_SIZE>
		<MAX_VALUE>[0.12392854690551758, 0.10934437066316605, 0.08935893326997757, 0.07959122955799103, 0.052509162575006485, 0.04400220140814781]</MAX_VALUE>
		<MIN_VALUE>[0.09639352560043335, 0.074849933385849, 0.04574478417634964, 0.02809801697731018, 0.01155590359121561, 0.004793839529156685]</MIN_VALUE>
		<SIGNATURE_THRESHOLD_MD>0.0</SIGNATURE_THRESHOLD_MD>
		<SIGNATURE_THRESHOLD_ML>0.0</SIGNATURE_THRESHOLD_ML>
		<SIGNATURE_THRESHOLD_SAM>0.0</SIGNATURE_THRESHOLD_SAM>
	</signature>
	<signature ID="20200603_201843612558_106">
		<MACROCLASSID>2</MACROCLASSID>
		<MACROCLASSINFO>vegetation</MACROCLASSINFO>
		<CLASSID>17</CLASSID>
		<CLASSINFO>C 1</CLASSINFO>
		<VALUES>[0.10401081432664179, 0.0035300643160994355, 0.09980031300404563, 0.007718437229790726, 0.06915448498459946, 0.007697662117410509, 0.39195319564323733, 0.02448478724850128, 0.15437276874549105, 0.011638579464121866, 0.06773745414270499, 0.007974402605487096]</VALUES>
