<?xml version="1.0" ?>
<signaturelist MCID_LIST="[['1', 'waterbody', '#000000'], ['2', 'vegetation', '#000000'], ['3', 'bareland', '#000000'], ['4', 'built-up', '#000000']]">
	<signature ID="20211228_222913868685_342">
		<MACROCLASSID>1</MACROCLASSID>
		<MACROCLASSINFO>waterbody</MACROCLASSINFO>
		<CLASSID>1</CLASSID>
		<CLASSINFO>C 1</CLASSINFO>
		<VALUES>[0.10465345619545285, 0.003425808118771328, 0.10893282210569305, 0.007548537657823652, 0.09506356312812855, 0.012937778086202703, 0.029572889647435086, 0.006796846066303328, 0.013249274876175667, 0.0062008958447419505, 0.00942791339159472, 0.0045442710637306465]</VALUES>
		<LCS_MIN>[0.09266286343336105, 0.08463171869516373, 0.07369273900985718, 0.010578961111605167, 0.001384673872962594, 0.004181731957942247]</LCS_MIN>
		<LCS_MAX>[0.11069142818450928, 0.12052266299724579, 0.1297723352909088, 0.0651354044675827, 0.04957159608602524, 0.040488068014383316]</LCS_MAX>
		<WAVELENGTH>[0.48, 0.56, 0.655, 0.865, 1.61, 2.2]</WAVELENGTH>
		<MEAN_VALUE>[0.10465345619545285, 0.10893282210569305, 0.09506356312812855, 0.029572889647435086, 0.013249274876175667, 0.00942791339159472]</MEAN_VALUE>
		<CHECKBOX>2</CHECKBOX>
		<SD>[0.003425808118771328, 0.007548537657823652, 0.012937778086202703, 0.006796846066303328, 0.0062008958447419505, 0.0045442710637306465]</SD>
		<WAVELENGTH_UNIT>E-6m</WAVELENGTH_UNIT>
		<COLOR>#7e193f</COLOR>
		<COVARIANCE_MATRIX>[[9.481800025964522e-06, 2.0985216036867547e-05, 3.07000121169353e-05, 1.2153756895290875e-06, -3.709978268448024e-06, -2.688418690406744e-06], [2.0985216036867547e-05, 4.9105792930387154e-05, 7.758788971319716e-05, 1.629871247099768e-06, -1.119125480541718e-05, -8.094318572306832e-06], [3.07000121169353e-05, 7.758788971319716e-05, 0.00015133043441553095, 1.7043964471836555e-05, -1.05144137001494e-05, -7.4557432822472054e-06], [1.2153756895290875e-06, 1.629871247099768e-06, 1.7043964471836555e-05, 3.727727863905896e-05, 3.079459286382743e-05, 2.1853225467277914e-05], [-3.709978268448024e-06, -1.119125480541718e-05, -1.05144137001494e-05, 3.079459286382743e-05, 3.22454464043266e-05, 2.3299420439395926e-05], [-2.688418690406744e-06, -8.094318572306832e-06, -7.4557432822472054e-06, 2.1853225467277914e-05, 2.3299420439395926e-05, 1.7820452445597208e-05]]</COVARIANCE_MATRIX>
		<ROI_SIZE>3507</ROI_SIZE>
		<MAX_VALUE>[0.11069142818450928, 0.12052266299724579, 0.1297723352909088, 0.0651354044675827, 0.04957159608602524, 0.040488068014383316]</MAX_VALUE>
		<MIN_VALUE>[0.09266286343336105, 0.08463171869516373, 0.07369273900985718, 0.010578961111605167, 0.001384673872962594, 0.004181731957942247]</MIN_VALUE>
		<SIGNATURE_THRESHOLD_MD>0</SIGNATURE_THRESHOLD_MD>
		<SIGNATURE_THRESHOLD_ML>0</SIGNATURE_THRESHOLD_ML>
		<SIGNATURE_THRESHOLD_SAM>0</SIGNATURE_THRESHOLD_SAM>
	</signature>
	<signature ID="20211228_222920270329_603">
		<MACROCLASSID>1</MACROCLASSID>
		<MACROCLASSINFO>waterbody</MACROCLASSINFO>
		<CLASSID>2</CLASSID>
		<CLASSINFO>C 1</CLASSINFO>
		<VALUES>[0.08005269124661547, 0.0013397459488297806, 0.05485150958920419, 0.0026990752876094614, 0.03570093748545564, 0.0035411755047428015, 0.01916461911708541, 0.004446188876124995, 0.009303978278883605, 0.004504839878940262, 0.006539726556799105, 0.003407567959185642]</VALUES>
		<LCS_MIN>[0.0780683308839798, 0.05225787311792374, 0.03170919418334961, 0.010966671630740166, 0.005455635953694582, 0.004541753325611353]</LCS_MIN>
		<LCS_MAX>[0.09025352448225021, 0.07654517143964767, 0.07125569134950638, 0.057602740824222565, 0.04710685834288597, 0.042315855622291565]</LCS_MAX>
		<WAVELENGTH>[0.48, 0.56, 0.655, 0.865, 1.61, 2.2]</WAVELENGTH>
		<MEAN_VALUE>[0.08005269124661547, 0.05485150958920419, 0.03570093748545564, 0.01916461911708541, 0.009303978278883605, 0.006539726556799105]</MEAN_VALUE>
		<CHECKBOX>2</CHECKBOX>
		<SD>[0.0013397459488297806, 0.0026990752876094614, 0.0035411755047428015, 0.004446188876124995, 0.004504839878940262, 0.003407567959185642]</SD>
		<WAVELENGTH_UNIT>E-6m</WAVELENGTH_UNIT>
		<COLOR>#3be1e0</COLOR>
		<COVARIANCE_MATRIX>[[1.5125001175777769e-06, 2.9480707310450355e-06, 3.5979094804539135e-06, 3.7163576187583633e-06, 3.7615487551654012e-06, 2.824640983708061e-06], [2.9480707310450355e-06, 6.479519127735506e-06, 7.986561855512444e-06, 8.079597685951743e-06, 8.1661561916903e-06, 6.1025332574977685e-06], [3.5979094804539135e-06, 7.986561855512444e-06, 1.0854379702326616e-05, 1.1805718539992766e-05, 1.1842148177606501e-05, 8.658217758763557e-06], [3.7163576187583633e-06, 8.079597685951743e-06, 1.1805718539992766e-05, 1.5939793561676872e-05, 1.5611778020883718e-05, 1.1135513054172035e-05], [3.7615487551654012e-06, 8.1661561916903e-06, 1.1842148177606501e-05, 1.5611778020883718e-05, 1.617800215322374e-05, 1.1774269537215445e-05], [2.824640983708061e-06, 6.1025332574977685e-06, 8.658217758763557e-06, 1.1135513054172035e-05, 1.1774269537215445e-05, 9.109084257448602e-06]]</COVARIANCE_MATRIX>
		<ROI_SIZE>5493</ROI_SIZE>
		<MAX_VALUE>[0.09025352448225021, 0.07654517143964767, 0.07125569134950638, 0.057602740824222565, 0.04710685834288597, 0.042315855622291565]</MAX_VALUE>
		<MIN_VALUE>[0.0780683308839798, 0.05225787311792374, 0.03170919418334961, 0.010966671630740166, 0.005455635953694582, 0.004541753325611353]</MIN_VALUE>
		<SIGNATURE_THRESHOLD_MD>0</SIGNATURE_THRESHOLD_MD>
		<SIGNATURE_THRESHOLD_ML>0</SIGNATURE_THRESHOLD_ML>
		<SIGNATURE_THRESHOLD_SAM>0</SIGNATURE_THRESHOLD_SAM>
	</signature>
	<signature ID="20211228_222924023689_262">
		<MACROCLASSID>1</MACROCLASSID>
		<MACROCLASSINFO>waterbody</MACROCLASSINFO>
		<CLASSID>3</CLASSID>
		<CLASSINFO>C 1</CLASSINFO>
		<VALUES>[0.08235039223056627, 0.0013904767149111325, 0.05783806906533592, 0.0023737497124905666, 0.03906797092846926, 0.00351945160749537, 0.022744501708535224, 0.005461559079316937, 0.01330493119195192, 0.006123549444070473, 0.009402098992828426, 0.004694201707589424]</VALUES>
		<LCS_MIN>[0.07665595412254333, 0.04793766140937805, 0.03226306289434433, 0.01326523907482624, 0.005898737348616123, 0.005871047265827656]</LCS_MIN>
		<LCS_MAX>[0.09080738574266434, 0.07837296277284622, 0.06405534595251083, 0.05937512591481209, 0.04885155335068703, 0.04483596980571747]</LCS_MAX>
		<WAVELENGTH>[0.48, 0.56, 0.655, 0.865, 1.61, 2.2]</WAVELENGTH>
		<MEAN_VALUE>[0.08235039223056627, 0.05783806906533592, 0.03906797092846926, 0.022744501708535224, 0.01330493119195192, 0.009402098992828426]</MEAN_VALUE>
		<CHECKBOX>2</CHECKBOX>
		<SD>[0.0013904767149111325, 0.0023737497124905666, 0.00351945160749537, 0.005461559079316937, 0.006123549444070473, 0.004694201707589424]</SD>
		<WAVELENGTH_UNIT>E-6m</WAVELENGTH_UNIT>
		<COLOR>#272228</COLOR>
		<COVARIANCE_MATRIX>[[1.6187090186773536e-06, 2.537009521756922e-06, 3.6461035334538433e-06, 5.452016844141578e-06, 6.299591821978497e-06, 4.845753748162879e-06], [2.537009521756922e-06, 4.975130182860745e-06, 7.049310615184104e-06, 9.561591525585935e-06, 1.06582245068138e-05, 8.449369605175143e-06], [3.6461035334538433e-06, 7.049310615184104e-06, 1.1829339703667273e-05, 1.7221776792446013e-05, 1.891525799372084e-05, 1.3863079128261602e-05], [5.452016844141578e-06, 9.561591525585935e-06, 1.7221776792446013e-05, 2.813620750156236e-05, 3.113377105350298e-05, 2.219651418617346e-05], [6.299591821978497e-06, 1.06582245068138e-05, 1.891525799372084e-05, 3.113377105350298e-05, 3.601675012944906e-05, 2.636873274869942e-05], [4.845753748162879e-06, 8.449369605175143e-06, 1.3863079128261602e-05, 2.219651418617346e-05, 2.636873274869942e-05, 2.1049221436627377e-05]]</COVARIANCE_MATRIX>
		<ROI_SIZE>3001</ROI_SIZE>
		<MAX_VALUE>[0.09080738574266434, 0.07837296277284622, 0.06405534595251083, 0.05937512591481209, 0.04885155335068703, 0.04483596980571747]</MAX_VALUE>
		<MIN_VALUE>[0.07665595412254333, 0.04793766140937805, 0.03226306289434433, 0.01326523907482624, 0.005898737348616123, 0.005871047265827656]</MIN_VALUE>
		<SIGNATURE_THRESHOLD_MD>0</SIGNATURE_THRESHOLD_MD>
		<SIGNATURE_THRESHOLD_ML>0</SIGNATURE_THRESHOLD_ML>
		<SIGNATURE_THRESHOLD_SAM>0</SIGNATURE_THRESHOLD_SAM>
	</signature>
	<signature ID="20211228_222931804287_317">
		<MACROCLASSID>1</MACROCLASSID>
		<MACROCLASSINFO>waterbody</MACROCLASSINFO>
		<CLASSID>4</CLASSID>
		<CLASSINFO>C 1</CLASSINFO>
		<VALUES>[0.07947968217212377, 0.0006229544821835251, 0.05187575200692501, 0.0010962099774459069, 0.033486444596386514, 0.0012466614302208505, 0.017416064775170065, 0.0010909010820149875, 0.007211515075862731, 0.0010553280533058377, 0.004953670876740908, 0.0008175328461474773]</VALUES>
		<LCS_MIN>[0.07828986644744873, 0.05065162852406502, 0.03148765116930008, 0.010883592069149017, 0.0011631231755018234, 0.003489390015602112]</LCS_MIN>
		<LCS_MAX>[0.09122280031442642, 0.07466200739145279, 0.0689571350812912, 0.049488503485918045, 0.03688789904117584, 0.02254260517656803]</LCS_MAX>
		<WAVELENGTH>[0.48, 0.56, 0.655, 0.865, 1.61, 2.2]</WAVELENGTH>
		<MEAN_VALUE>[0.07947968217212377, 0.05187575200692501, 0.033486444596386514, 0.017416064775170065, 0.007211515075862731, 0.004953670876740908]</MEAN_VALUE>
		<CHECKBOX>2</CHECKBOX>
		<SD>[0.0006229544821835251, 0.0010962099774459069, 0.0012466614302208505, 0.0010909010820149875, 0.0010553280533058377, 0.0008175328461474773]</SD>
		<WAVELENGTH_UNIT>E-6m</WAVELENGTH_UNIT>
		<COLOR>#446669</COLOR>
		<COVARIANCE_MATRIX>[[3.0564721450925446e-07, 4.4840971959107226e-07, 4.44984558440005e-07, 3.420580129313726e-07, 3.164832634212811e-07, 2.53178233929742e-07], [4.4840971959107226e-07, 8.600861627379617e-07, 8.304675664329174e-07, 6.139144702948302e-07, 5.794673687978567e-07, 4.548010168698993e-07], [4.44984558440005e-07, 8.304675664329174e-07, 1.025469107984609e-06, 7.844063181294432e-07, 7.453452149537281e-07, 5.67204417243669e-07], [3.420580129313726e-07, 6.139144702948302e-07, 7.844063181294432e-07, 7.882360006716421e-07, 6.871085024714001e-07, 5.177221548384804e-07], [3.164832634212811e-07, 5.794673687978567e-07, 7.453452149537281e-07, 6.871085024714001e-07, 7.214636626584128e-07, 5.14000024130946e-07], [2.53178233929742e-07, 4.548010168698993e-07, 5.67204417243669e-07, 5.177221548384804e-07, 5.14000024130946e-07, 4.353240959251614e-07]]</COVARIANCE_MATRIX>
		<ROI_SIZE>10168</ROI_SIZE>
		<MAX_VALUE>[0.09122280031442642, 0.07466200739145279, 0.0689571350812912, 0.049488503485918045, 0.03688789904117584, 0.02254260517656803]</MAX_VALUE>
		<MIN_VALUE>[0.07828986644744873, 0.05065162852406502, 0.03148765116930008, 0.010883592069149017, 0.0011631231755018234, 0.003489390015602112]</MIN_VALUE>
		<SIGNATURE_THRESHOLD_MD>0</SIGNATURE_THRESHOLD_MD>
		<SIGNATURE_THRESHOLD_ML>0</SIGNATURE_THRESHOLD_ML>
		<SIGNATURE_THRESHOLD_SAM>0</SIGNATURE_THRESHOLD_SAM>
	</signature>
	<signature ID="20211228_222936745506_168">
		<MACROCLASSID>1</MACROCLASSID>
		<MACROCLASSINFO>waterbody</MACROCLASSINFO>
		<CLASSID>5</CLASSID>
		<CLASSINFO>C 1</CLASSINFO>
		<VALUES>[0.08127252455193223, 0.0016144066848617516, 0.05446089321674416, 0.0026949224380282562, 0.03779663014379904, 0.003792917473956785, 0.02378048674131634, 0.006328277498441464, 0.014213546861537675, 0.0063996721214148854, 0.0108209900489117, 0.005062656471501445]</VALUES>
		<LCS_MIN>[0.07834526896476746, 0.04929465427994728, 0.0320415236055851, 0.015259184874594212, 0.006175678223371506, 0.0060372077859938145]</LCS_MIN>
		<LCS_MAX>[0.0920535996556282, 0.07300038635730743, 0.060399796813726425, 0.05976284667849541, 0.049848515540361404, 0.04309127479791641]</LCS_MAX>
		<WAVELENGTH>[0.48, 0.56, 0.655, 0.865, 1.61, 2.2]</WAVELENGTH>
		<MEAN_VALUE>[0.08127252455193223, 0.05446089321674416, 0.03779663014379904, 0.02378048674131634, 0.014213546861537675, 0.0108209900489117]</MEAN_VALUE>
		<CHECKBOX>2</CHECKBOX>
		<SD>[0.0016144066848617516, 0.0026949224380282562, 0.003792917473956785, 0.006328277498441464, 0.0063996721214148854, 0.005062656471501445]</SD>
		<WAVELENGTH_UNIT>E-6m</WAVELENGTH_UNIT>
		<COLOR>#e12083</COLOR>
		<COVARIANCE_MATRIX>[[2.7398559965266354e-06, 4.187269408899536e-06, 6.052243934020253e-06, 9.3925160339773e-06, 9.406705255308264e-06, 7.670181463832985e-06], [4.187269408899536e-06, 8.081154764042432e-06, 1.017509401609106e-05, 1.5417498045498362e-05, 1.6101372129701762e-05, 1.287367397750233e-05], [6.052243934020253e-06, 1.017509401609106e-05, 1.525757727462057e-05, 2.313378040765536e-05, 2.3865614608126202e-05, 1.8787585371481805e-05], [9.3925160339773e-06, 1.5417498045498362e-05, 2.313378040765536e-05, 4.036454019803232e-05, 3.81148973418774e-05, 3.113328630069602e-05], [9.406705255308264e-06, 1.6101372129701762e-05, 2.3865614608126202e-05, 3.81148973418774e-05, 4.2336856977326344e-05, 3.2577465295405615e-05], [7.670181463832985e-06, 1.287367397750233e-05, 1.8787585371481805e-05, 3.113328630069602e-05, 3.2577465295405615e-05, 2.7332322520066025e-05]]</COVARIANCE_MATRIX>
		<ROI_SIZE>2687</ROI_SIZE>
		<MAX_VALUE>[0.0920535996556282, 0.07300038635730743, 0.060399796813726425, 0.05976284667849541, 0.049848515540361404, 0.04309127479791641]</MAX_VALUE>
		<MIN_VALUE>[0.07834526896476746, 0.04929465427994728, 0.0320415236055851, 0.015259184874594212, 0.006175678223371506, 0.0060372077859938145]</MIN_VALUE>
		<SIGNATURE_THRESHOLD_MD>0</SIGNATURE_THRESHOLD_MD>
		<SIGNATURE_THRESHOLD_ML>0</SIGNATURE_THRESHOLD_ML>
		<SIGNATURE_THRESHOLD_SAM>0</SIGNATURE_THRESHOLD_SAM>
	</signature>
	<signature ID="20211228_222944434844_921">
		<MACROCLASSID>1</MACROCLASSID>
		<MACROCLASSINFO>waterbody</MACROCLASSINFO>
		<CLASSID>6</CLASSID>
		<CLASSINFO>C 1</CLASSINFO>
		<VALUES>[0.08220724964636826, 0.0015960487995318893, 0.05836265360917188, 0.0032543711346909587, 0.038009065069954315, 0.0034788363942289146, 0.023100043404009517, 0.006718542005310903, 0.013905433663988812, 0.007145316438015748, 0.01028423802314848, 0.005586473480225856]</VALUES>
		<LCS_MIN>[0.07981302589178085, 0.05483337119221687, 0.033176958560943604, 0.01564689539372921, 0.006591079290956259, 0.002160096075385809]</LCS_MIN>
		<LCS_MAX>[0.09152743220329285, 0.07961917668581009, 0.05987360700964928, 0.06023363769054413, 0.05090088024735451, 0.0421220026910305]</LCS_MAX>
		<WAVELENGTH>[0.48, 0.56, 0.655, 0.865, 1.61, 2.2]</WAVELENGTH>
		<MEAN_VALUE>[0.08220724964636826, 0.05836265360917188, 0.038009065069954315, 0.023100043404009517, 0.013905433663988812, 0.01028423802314848]</MEAN_VALUE>
		<CHECKBOX>2</CHECKBOX>
		<SD>[0.0015960487995318893, 0.0032543711346909587, 0.0034788363942289146, 0.006718542005310903, 0.007145316438015748, 0.005586473480225856]</SD>
		<WAVELENGTH_UNIT>E-6m</WAVELENGTH_UNIT>
		<COLOR>#c58fc6</COLOR>
		<COVARIANCE_MATRIX>[[3.524303281339702e-06, 7.470228585172618e-06, 6.967943303473925e-06, 5.871801861745246e-06, 6.033194584961319e-06, 4.5044528257319365e-06], [7.470228585172618e-06, 1.6840587683040362e-05, 1.5009591240879633e-05, 1.1569070833611997e-05, 1.1962371603504905e-05, 8.563900615465023e-06], [6.967943303473925e-06, 1.5009591240879633e-05, 1.538271422309798e-05, 1.544151978707521e-05, 1.6621761107404595e-05, 1.2176498834578363e-05], [5.871801861745246e-06, 1.1569070833611997e-05, 1.544151978707521e-05, 3.0459128590623427e-05, 2.9759184747326498e-05, 2.321964478861437e-05], [6.033194584961319e-06, 1.1962371603504905e-05, 1.6621761107404595e-05, 2.9759184747326498e-05, 3.4677616742805386e-05, 2.538258330730302e-05], [4.5044528257319365e-06, 8.563900615465023e-06, 1.2176498834578363e-05, 2.321964478861437e-05, 2.538258330730302e-05, 2.0523094242439214e-05]]</COVARIANCE_MATRIX>
		<ROI_SIZE>3655</ROI_SIZE>
		<MAX_VALUE>[0.09152743220329285, 0.07961917668581009, 0.05987360700964928, 0.06023363769054413, 0.05090088024735451, 0.0421220026910305]</MAX_VALUE>
		<MIN_VALUE>[0.07981302589178085, 0.05483337119221687, 0.033176958560943604, 0.01564689539372921, 0.006591079290956259, 0.002160096075385809]</MIN_VALUE>
		<SIGNATURE_THRESHOLD_MD>0</SIGNATURE_THRESHOLD_MD>
		<SIGNATURE_THRESHOLD_ML>0</SIGNATURE_THRESHOLD_ML>
		<SIGNATURE_THRESHOLD_SAM>0</SIGNATURE_THRESHOLD_SAM>
	</signature>
	<signature ID="20211228_223006583595_698">
		<MACROCLASSID>1</MACROCLASSID>
		<MACROCLASSINFO>waterbody</MACROCLASSINFO>
		<CLASSID>7</CLASSID>
		<CLASSINFO>C 1</CLASSINFO>
		<VALUES>[0.08114883871169769, 0.0007088493185773456, 0.0645717785118869, 0.0013019683583116075, 0.039236986829618535, 0.0029665853871049383, 0.0183062500164412, 0.006492641604054944, 0.010018196950207638, 0.006768129513813303, 0.007002400698554681, 0.0047828258980852955]</VALUES>
		<LCS_MIN>[0.08003456145524979, 0.06192295253276825, 0.03652788698673248, 0.008806565776467323, 0.0031016787979751825, 0.0007477219915017486]</LCS_MIN>
		<LCS_MAX>[0.08668104559183121, 0.07297269254922867, 0.056384216994047165, 0.053254835307598114, 0.044891372323036194, 0.03353697806596756]</LCS_MAX>
		<WAVELENGTH>[0.48, 0.56, 0.655, 0.865, 1.61, 2.2]</WAVELENGTH>
		<MEAN_VALUE>[0.08114883871169769, 0.0645717785118869, 0.039236986829618535, 0.0183062500164412, 0.010018196950207638, 0.007002400698554681]</MEAN_VALUE>
		<CHECKBOX>2</CHECKBOX>
		<SD>[0.0007088493185773456, 0.0013019683583116075, 0.0029665853871049383, 0.006492641604054944, 0.006768129513813303, 0.0047828258980852955]</SD>
		<WAVELENGTH_UNIT>E-6m</WAVELENGTH_UNIT>
		<COLOR>#376371</COLOR>
		<COVARIANCE_MATRIX>[[5.02948647018872e-07, 7.754922210665034e-07, 1.6047941148824316e-06, 3.1016032883882843e-06, 3.399482664389735e-06, 2.546499194183784e-06], [7.754922210665034e-07, 1.6967452857438923e-06, 2.5318086953447178e-06, 4.482062304849768e-06, 5.397975358802323e-06, 4.165321035752492e-06], [1.6047941148824316e-06, 2.5318086953447178e-06, 8.809058580113872e-06, 1.6926466267513606e-05, 1.655293173985294e-05, 1.1933967464226413e-05], [3.1016032883882843e-06, 4.482062304849768e-06, 1.6926466267513606e-05, 4.2194772771692444e-05, 3.768519301768653e-05, 2.605566570735649e-05], [3.399482664389735e-06, 5.397975358802323e-06, 1.655293173985294e-05, 3.768519301768653e-05, 4.58514541053252e-05, 3.197742225427434e-05], [2.546499194183784e-06, 4.165321035752492e-06, 1.1933967464226413e-05, 2.605566570735649e-05, 3.197742225427434e-05, 2.289733489665539e-05]]</COVARIANCE_MATRIX>
		<ROI_SIZE>1045</ROI_SIZE>
		<MAX_VALUE>[0.08668104559183121, 0.07297269254922867, 0.056384216994047165, 0.053254835307598114, 0.044891372323036194, 0.03353697806596756]</MAX_VALUE>
		<MIN_VALUE>[0.08003456145524979, 0.06192295253276825, 0.03652788698673248, 0.008806565776467323, 0.0031016787979751825, 0.0007477219915017486]</MIN_VALUE>
		<SIGNATURE_THRESHOLD_MD>0</SIGNATURE_THRESHOLD_MD>
		<SIGNATURE_THRESHOLD_ML>0</SIGNATURE_THRESHOLD_ML>
		<SIGNATURE_THRESHOLD_SAM>0</SIGNATURE_THRESHOLD_SAM>
	</signature>
	<signature ID="20211228_223014825498_500">
		<MACROCLASSID>1</MACROCLASSID>
		<MACROCLASSINFO>waterbody</MACROCLASSINFO>
		<CLASSID>8</CLASSID>
		<CLASSINFO>C 1</CLASSINFO>
		<VALUES>[0.10722917996106608, 0.002647056420182971, 0.10049212416333538, 0.003919735175298365, 0.10300009462141226, 0.005515401005849672, 0.05684661237943555, 0.00904648420752457, 0.02781600896869936, 0.011061904172407612, 0.021657303720712666, 0.008868947003125134]</VALUES>
		<LCS_MIN>[0.09396447241306305, 0.07826218008995056, 0.07261268049478531, 0.042565103620290756, 0.012711367569863796, 0.008363474160432816]</LCS_MIN>
		<LCS_MAX>[0.1149008572101593, 0.10833746939897537, 0.11315613985061646, 0.07931454479694366, 0.05560879409313202, 0.04408824071288109]</LCS_MAX>
		<WAVELENGTH>[0.48, 0.56, 0.655, 0.865, 1.61, 2.2]</WAVELENGTH>
		<MEAN_VALUE>[0.10722917996106608, 0.10049212416333538, 0.10300009462141226, 0.05684661237943555, 0.02781600896869936, 0.021657303720712666]</MEAN_VALUE>
		<CHECKBOX>2</CHECKBOX>
		<SD>[0.002647056420182971, 0.003919735175298365, 0.005515401005849672, 0.00904648420752457, 0.011061904172407612, 0.008868947003125134]</SD>
		<WAVELENGTH_UNIT>E-6m</WAVELENGTH_UNIT>
		<COLOR>#8dc611</COLOR>
		<COVARIANCE_MATRIX>[[7.052407092226892e-06, 8.885435982787072e-06, 1.1330889074094368e-05, 1.0109182175194768e-05, 1.2710587898333651e-05, 1.1039721564443421e-05], [8.885435982787072e-06, 1.5464092181123716e-05, 2.1198427647919212e-05, 7.393826657875508e-06, 1.2338046246939454e-05, 1.1189835295001753e-05], [1.1330889074094368e-05, 2.1198427647919212e-05, 3.06171784388037e-05, 6.090597447883904e-06, 1.2946953563816312e-05, 1.22237578029957e-05], [1.0109182175194768e-05, 7.393826657875508e-06, 6.090597447883904e-06, 8.237029779307577e-05, 9.286020689731795e-05, 7.261675269092639e-05], [1.2710587898333651e-05, 1.2338046246939454e-05, 1.2946953563816312e-05, 9.286020689731795e-05, 0.00012316030654238298, 9.765668094813783e-05], [1.1039721564443421e-05, 1.1189835295001753e-05, 1.22237578029957e-05, 7.261675269092639e-05, 9.765668094813783e-05, 7.91689886127114e-05]]</COVARIANCE_MATRIX>
		<ROI_SIZE>155</ROI_SIZE>
		<MAX_VALUE>[0.1149008572101593, 0.10833746939897537, 0.11315613985061646, 0.07931454479694366, 0.05560879409313202, 0.04408824071288109]</MAX_VALUE>
		<MIN_VALUE>[0.09396447241306305, 0.07826218008995056, 0.07261268049478531, 0.042565103620290756, 0.012711367569863796, 0.008363474160432816]</MIN_VALUE>
		<SIGNATURE_THRESHOLD_MD>0</SIGNATURE_THRESHOLD_MD>
		<SIGNATURE_THRESHOLD_ML>0</SIGNATURE_THRESHOLD_ML>
		<SIGNATURE_THRESHOLD_SAM>0</SIGNATURE_THRESHOLD_SAM>
	</signature>
	<signature ID="20211228_223019669707_470">
		<MACROCLASSID>1</MACROCLASSID>
		<MACROCLASSINFO>waterbody</MACROCLASSINFO>
		<CLASSID>9</CLASSID>
		<CLASSINFO>C 1</CLASSINFO>
		<VALUES>[0.10715196739781548, 0.001981039311705303, 0.10127530526369807, 0.0019605579560408163, 0.10464157743027083, 0.0025723866279553464, 0.054978859912906165, 0.009902891327608151, 0.022787732117010184, 0.01019423797492619, 0.017135706418697296, 0.007953017222140455]</VALUES>
		<LCS_MIN>[0.10512499511241913, 0.09834007173776627, 0.09831235557794571, 0.03500473126769066, 0.0033786199055612087, 0.0029078284278512]</LCS_MIN>
		<LCS_MAX>[0.11675633490085602, 0.1111622154712677, 0.121658094227314, 0.0883149579167366, 0.05585804581642151, 0.0421220026910305]</LCS_MAX>
		<WAVELENGTH>[0.48, 0.56, 0.655, 0.865, 1.61, 2.2]</WAVELENGTH>
		<MEAN_VALUE>[0.10715196739781548, 0.10127530526369807, 0.10464157743027083, 0.054978859912906165, 0.022787732117010184, 0.017135706418697296]</MEAN_VALUE>
		<CHECKBOX>2</CHECKBOX>
		<SD>[0.001981039311705303, 0.0019605579560408163, 0.0025723866279553464, 0.009902891327608151, 0.01019423797492619, 0.007953017222140455]</SD>
		<WAVELENGTH_UNIT>E-6m</WAVELENGTH_UNIT>
		<COLOR>#471a4f</COLOR>
		<COVARIANCE_MATRIX>[[3.937820201147316e-06, 3.3587218870662808e-06, 3.666785296665191e-06, 1.195006881311114e-05, 1.3211430132863664e-05, 1.0861841594934797e-05], [3.3587218870662808e-06, 3.856817287127133e-06, 4.743090662132832e-06, 1.0929543077342167e-05, 1.3471599763263346e-05, 1.1038021997040179e-05], [3.666785296665191e-06, 4.743090662132832e-06, 6.6396040584756065e-06, 1.1350046932179776e-05, 1.535689589713191e-05, 1.2744070165005171e-05], [1.195006881311114e-05, 1.0929543077342167e-05, 1.1350046932179776e-05, 9.83996880248792e-05, 9.190581301316215e-05, 6.92990340730053e-05], [1.3211430132863664e-05, 1.3471599763263346e-05, 1.535689589713191e-05, 9.190581301316215e-05, 0.00010427476750939135, 8.01562843937875e-05], [1.0861841594934797e-05, 1.1038021997040179e-05, 1.2744070165005171e-05, 6.92990340730053e-05, 8.01562843937875e-05, 6.346489135239367e-05]]</COVARIANCE_MATRIX>
		<ROI_SIZE>296</ROI_SIZE>
		<MAX_VALUE>[0.11675633490085602, 0.1111622154712677, 0.121658094227314, 0.0883149579167366, 0.05585804581642151, 0.0421220026910305]</MAX_VALUE>
		<MIN_VALUE>[0.10512499511241913, 0.09834007173776627, 0.09831235557794571, 0.03500473126769066, 0.0033786199055612087, 0.0029078284278512]</MIN_VALUE>
		<SIGNATURE_THRESHOLD_MD>0</SIGNATURE_THRESHOLD_MD>
		<SIGNATURE_THRESHOLD_ML>0</SIGNATURE_THRESHOLD_ML>
		<SIGNATURE_THRESHOLD_SAM>0</SIGNATURE_THRESHOLD_SAM>
	</signature>
	<signature ID="20211228_223029372474_950">
		<MACROCLASSID>1</MACROCLASSID>
		<MACROCLASSINFO>waterbody</MACROCLASSINFO>
		<CLASSID>10</CLASSID>
		<CLASSINFO>C 1</CLASSINFO>
		<VALUES>[0.10507074804642262, 0.0017173520919038397, 0.09870746296185717, 0.002666037219700023, 0.10065368639352988, 0.00357443488207521, 0.05264074894098134, 0.009638906172330508, 0.025087295615902318, 0.010875986162880434, 0.018455168910515615, 0.0076692366824819575]</VALUES>
		<LCS_MIN>[0.09507221728563309, 0.08092077076435089, 0.07632363587617874, 0.0396018847823143, 0.009997389279305935, 0.007366501726210117]</LCS_MIN>
		<LCS_MAX>[0.10955597460269928, 0.1058727279305458, 0.1087251678109169, 0.08305318653583527, 0.05851663276553154, 0.04516829177737236]</LCS_MAX>
		<WAVELENGTH>[0.48, 0.56, 0.655, 0.865, 1.61, 2.2]</WAVELENGTH>
		<MEAN_VALUE>[0.10507074804642262, 0.09870746296185717, 0.10065368639352988, 0.05264074894098134, 0.025087295615902318, 0.018455168910515615]</MEAN_VALUE>
		<CHECKBOX>2</CHECKBOX>
		<SD>[0.0017173520919038397, 0.002666037219700023, 0.00357443488207521, 0.009638906172330508, 0.010875986162880434, 0.0076692366824819575]</SD>
		<WAVELENGTH_UNIT>E-6m</WAVELENGTH_UNIT>
		<COLOR>#b19ad9</COLOR>
		<COVARIANCE_MATRIX>[[2.964500775646721e-06, 3.887542882036348e-06, 5.223118098670768e-06, 4.995761259271844e-07, 1.0503766207661549e-06, 2.7158754285458165e-06], [3.887542882036348e-06, 7.144392366397083e-06, 9.353632491289813e-06, -9.220810550442767e-07, -8.390691271747784e-07, 2.866128876876163e-06], [5.223118098670768e-06, 9.353632491289813e-06, 1.2842443410351686e-05, -3.097016337062005e-06, -3.9809419964868e-06, 1.8434917400609598e-06], [4.995761259271844e-07, -9.220810550442767e-07, -3.097016337062005e-06, 9.338742205568698e-05, 8.070040747936095e-05, 5.695587849280723e-05], [1.0503766207661549e-06, -8.390691271747784e-07, -3.9809419964868e-06, 8.070040747936095e-05, 0.00011889680220596647, 8.203573873371248e-05], [2.7158754285458165e-06, 2.866128876876163e-06, 1.8434917400609598e-06, 5.695587849280723e-05, 8.203573873371248e-05, 5.912037269033888e-05]]</COVARIANCE_MATRIX>
		<ROI_SIZE>195</ROI_SIZE>
		<MAX_VALUE>[0.10955597460269928, 0.1058727279305458, 0.1087251678109169, 0.08305318653583527, 0.05851663276553154, 0.04516829177737236]</MAX_VALUE>
		<MIN_VALUE>[0.09507221728563309, 0.08092077076435089, 0.07632363587617874, 0.0396018847823143, 0.009997389279305935, 0.007366501726210117]</MIN_VALUE>
		<SIGNATURE_THRESHOLD_MD>0</SIGNATURE_THRESHOLD_MD>
		<SIGNATURE_THRESHOLD_ML>0</SIGNATURE_THRESHOLD_ML>
		<SIGNATURE_THRESHOLD_SAM>0</SIGNATURE_THRESHOLD_SAM>
	</signature>
	<signature ID="20211228_223034142571_270">
		<MACROCLASSID>1</MACROCLASSID>
		<MACROCLASSINFO>waterbody</MACROCLASSINFO>
		<CLASSID>11</CLASSID>
		<CLASSINFO>C 1</CLASSINFO>
		<VALUES>[0.10437450170516963, 0.0024831536652293196, 0.09739220062891638, 0.003516420652340236, 0.09831790635983152, 0.004743359903058449, 0.05237787259121736, 0.011543503480422105, 0.026991494968533508, 0.012881042268807938, 0.020676979391525196, 0.009752998564426055]</VALUES>
		<LCS_MIN>[0.09534914046525955, 0.08175157010555267, 0.07687749713659286, 0.0334261991083622, 0.010080468840897083, 0.008695795200765133]</LCS_MIN>
		<LCS_MAX>[0.11445775628089905, 0.10628814250230789, 0.11005447059869766, 0.08352397382259369, 0.05646730586886406, 0.04829766973853111]</LCS_MAX>
		<WAVELENGTH>[0.48, 0.56, 0.655, 0.865, 1.61, 2.2]</WAVELENGTH>
		<MEAN_VALUE>[0.10437450170516963, 0.09739220062891638, 0.09831790635983152, 0.05237787259121736, 0.026991494968533508, 0.020676979391525196]</MEAN_VALUE>
		<CHECKBOX>2</CHECKBOX>
		<SD>[0.0024831536652293196, 0.003516420652340236, 0.004743359903058449, 0.011543503480422105, 0.012881042268807938, 0.009752998564426055]</SD>
		<WAVELENGTH_UNIT>E-6m</WAVELENGTH_UNIT>
		<COLOR>#9686bd</COLOR>
		<COVARIANCE_MATRIX>[[6.207435025310551e-06, 7.33574369867877e-06, 9.494467752625882e-06, 9.147502956942644e-06, 1.674762804744159e-05, 1.4679140481360393e-05], [7.33574369867877e-06, 1.244820221899828e-05, 1.6418949186338253e-05, 5.8694769167631996e-06, 1.0143321748829627e-05, 1.200950094367231e-05], [9.494467752625882e-06, 1.6418949186338253e-05, 2.265046627846576e-05, 7.510805195810527e-06, 1.271685899703197e-05, 1.5388210782693528e-05], [9.147502956942644e-06, 5.8694769167631996e-06, 7.510805195810527e-06, 0.0001341467844991784, 0.00012184256655092422, 8.796468001881799e-05], [1.674762804744159e-05, 1.0143321748829627e-05, 1.271685899703197e-05, 0.00012184256655092422, 0.0001670348153665941, 0.00012385454021640298], [1.4679140481360393e-05, 1.200950094367231e-05, 1.5388210782693528e-05, 8.796468001881799e-05, 0.00012385454021640298, 9.575937684331883e-05]]</COVARIANCE_MATRIX>
		<ROI_SIZE>150</ROI_SIZE>
		<MAX_VALUE>[0.11445775628089905, 0.10628814250230789, 0.11005447059869766, 0.08352397382259369, 0.05646730586886406, 0.04829766973853111]</MAX_VALUE>
		<MIN_VALUE>[0.09534914046525955, 0.08175157010555267, 0.07687749713659286, 0.0334261991083622, 0.010080468840897083, 0.008695795200765133]</MIN_VALUE>
		<SIGNATURE_THRESHOLD_MD>0</SIGNATURE_THRESHOLD_MD>
		<SIGNATURE_THRESHOLD_ML>0</SIGNATURE_THRESHOLD_ML>
		<SIGNATURE_THRESHOLD_SAM>0</SIGNATURE_THRESHOLD_SAM>
	</signature>
	<signature ID="20211228_223038568884_181">
		<MACROCLASSID>1</MACROCLASSID>
		<MACROCLASSINFO>waterbody</MACROCLASSINFO>
		<CLASSID>12</CLASSID>
		<CLASSINFO>C 1</CLASSINFO>
		<VALUES>[0.10443265903838643, 0.002948396206189805, 0.09735643032801714, 0.004968933016795794, 0.09825364539292468, 0.00671764513307553, 0.05727374867697039, 0.01373255733105817, 0.02963130457414538, 0.011946234921434137, 0.021945090315923965, 0.008984045625958571]</VALUES>
		<LCS_MIN>[0.09280133247375488, 0.07410814613103867, 0.06405534595251083, 0.03852183371782303, 0.010994361713528633, 0.009000426158308983]</LCS_MIN>
		<LCS_MAX>[0.11359924077987671, 0.11118990927934647, 0.11739328503608704, 0.09634612500667572, 0.05912589281797409, 0.04655297473073006]</LCS_MAX>
		<WAVELENGTH>[0.48, 0.56, 0.655, 0.865, 1.61, 2.2]</WAVELENGTH>
		<MEAN_VALUE>[0.10443265903838643, 0.09735643032801714, 0.09825364539292468, 0.05727374867697039, 0.02963130457414538, 0.021945090315923965]</MEAN_VALUE>
		<CHECKBOX>2</CHECKBOX>
		<SD>[0.002948396206189805, 0.004968933016795794, 0.00671764513307553, 0.01373255733105817, 0.011946234921434137, 0.008984045625958571]</SD>
		<WAVELENGTH_UNIT>E-6m</WAVELENGTH_UNIT>
		<COLOR>#929f7b</COLOR>
		<COVARIANCE_MATRIX>[[8.738793031772747e-06, 1.34559474159725e-05, 1.7774994569355678e-05, 6.088080417361587e-07, 6.115078403244639e-06, 1.0598017641448065e-05], [1.34559474159725e-05, 2.482024424816856e-05, 3.298143836905635e-05, -4.9470054023319e-06, -6.829326609702833e-07, 1.0567435088732025e-05], [1.7774994569355678e-05, 3.298143836905635e-05, 4.536426537674361e-05, -1.2050651763209246e-05, -5.79518899964412e-06, 1.0306554559187919e-05], [6.088080417361587e-07, -4.9470054023319e-06, -1.2050651763209246e-05, 0.00018957567364475121, 0.0001315161918097645, 9.148552102116283e-05], [6.115078403244639e-06, -6.829326609702833e-07, -5.79518899964412e-06, 0.0001315161918097645, 0.000143463647370714, 0.00010229145455038517], [1.0598017641448065e-05, 1.0567435088732025e-05, 1.0306554559187919e-05, 9.148552102116283e-05, 0.00010229145455038517, 8.113788147145956e-05]]</COVARIANCE_MATRIX>
		<ROI_SIZE>191</ROI_SIZE>
		<MAX_VALUE>[0.11359924077987671, 0.11118990927934647, 0.11739328503608704, 0.09634612500667572, 0.05912589281797409, 0.04655297473073006]</MAX_VALUE>
		<MIN_VALUE>[0.09280133247375488, 0.07410814613103867, 0.06405534595251083, 0.03852183371782303, 0.010994361713528633, 0.009000426158308983]</MIN_VALUE>
		<SIGNATURE_THRESHOLD_MD>0</SIGNATURE_THRESHOLD_MD>
		<SIGNATURE_THRESHOLD_ML>0</SIGNATURE_THRESHOLD_ML>
		<SIGNATURE_THRESHOLD_SAM>0</SIGNATURE_THRESHOLD_SAM>
	</signature>
	<signature ID="20211228_223045000476_997">
		<MACROCLASSID>1</MACROCLASSID>
		<MACROCLASSINFO>waterbody</MACROCLASSINFO>
		<CLASSID>13</CLASSID>
		<CLASSINFO>C 1</CLASSINFO>
		<VALUES>[0.10780518191990324, 0.0018141759901912202, 0.10261669273038845, 0.002444600460049505, 0.10698850940053278, 0.0034184902432921613, 0.05820541210159971, 0.010099333726999874, 0.025563922769331424, 0.010797233018758241, 0.019248904486128204, 0.008566565358851199]</VALUES>
		<LCS_MIN>[0.10019554197788239, 0.09138895571231842, 0.09202591329813004, 0.043672848492860794, 0.006064897403120995, 0.006175678223371506]</LCS_MIN>
		<LCS_MAX>[0.11570397019386292, 0.11038679629564285, 0.11683940142393112, 0.08933962881565094, 0.0574088878929615, 0.05095626041293144]</LCS_MAX>
		<WAVELENGTH>[0.48, 0.56, 0.655, 0.865, 1.61, 2.2]</WAVELENGTH>
		<MEAN_VALUE>[0.10780518191990324, 0.10261669273038845, 0.10698850940053278, 0.05820541210159971, 0.025563922769331424, 0.019248904486128204]</MEAN_VALUE>
		<CHECKBOX>2</CHECKBOX>
		<SD>[0.0018141759901912202, 0.002444600460049505, 0.0034184902432921613, 0.010099333726999874, 0.010797233018758241, 0.008566565358851199]</SD>
		<WAVELENGTH_UNIT>E-6m</WAVELENGTH_UNIT>
		<COLOR>#04d70c</COLOR>
		<COVARIANCE_MATRIX>[[3.3027827146964243e-06, 3.395424415902616e-06, 4.10679303351564e-06, 6.869679686426564e-06, 9.68789796478099e-06, 8.697589719243087e-06], [3.395424415902616e-06, 5.997040080885736e-06, 7.991419412629942e-06, 4.733899790872041e-06, 1.0132321020981035e-05, 9.608768403370348e-06], [4.10679303351564e-06, 7.991419412629942e-06, 1.1727079317320466e-05, 2.869144397445111e-06, 1.0079577384906945e-05, 1.0641959431153323e-05], [6.869679686426564e-06, 4.733899790872041e-06, 2.869144397445111e-06, 0.00010235442433187621, 9.242319376868536e-05, 7.09432542108114e-05], [9.68789796478099e-06, 1.0132321020981035e-05, 1.0079577384906945e-05, 9.242319376868536e-05, 0.00011698929433806975, 8.996806996680588e-05], [8.697589719243087e-06, 9.608768403370348e-06, 1.0641959431153323e-05, 7.09432542108114e-05, 8.996806996680588e-05, 7.36435369318465e-05]]</COVARIANCE_MATRIX>
		<ROI_SIZE>286</ROI_SIZE>
		<MAX_VALUE>[0.11570397019386292, 0.11038679629564285, 0.11683940142393112, 0.08933962881565094, 0.0574088878929615, 0.05095626041293144]</MAX_VALUE>
		<MIN_VALUE>[0.10019554197788239, 0.09138895571231842, 0.09202591329813004, 0.043672848492860794, 0.006064897403120995, 0.006175678223371506]</MIN_VALUE>
		<SIGNATURE_THRESHOLD_MD>0</SIGNATURE_THRESHOLD_MD>
		<SIGNATURE_THRESHOLD_ML>0</SIGNATURE_THRESHOLD_ML>
		<SIGNATURE_THRESHOLD_SAM>0</SIGNATURE_THRESHOLD_SAM>
	</signature>
	<signature ID="20211228_223054609999_653">
		<MACROCLASSID>1</MACROCLASSID>
		<MACROCLASSINFO>waterbody</MACROCLASSINFO>
		<CLASSID>14</CLASSID>
		<CLASSINFO>C 1</CLASSINFO>
		<VALUES>[0.0970255212827784, 0.004363200197092879, 0.08460765475498849, 0.006763639072310214, 0.07790534354013495, 0.008685954293427531, 0.04575304314494131, 0.012189300008081947, 0.0278822547588192, 0.011071236892364944, 0.021313417763983614, 0.009023338967476]</VALUES>
		<LCS_MIN>[0.08169618993997574, 0.056162673979997635, 0.04226047545671463, 0.02799825184047222, 0.011188223026692867, 0.009111196734011173]</LCS_MIN>
		<LCS_MAX>[0.11030369997024536, 0.10038939118385315, 0.09667844325304031, 0.07455123215913773, 0.05657806620001793, 0.05012545734643936]</LCS_MAX>
		<WAVELENGTH>[0.48, 0.56, 0.655, 0.865, 1.61, 2.2]</WAVELENGTH>
		<MEAN_VALUE>[0.0970255212827784, 0.08460765475498849, 0.07790534354013495, 0.04575304314494131, 0.0278822547588192, 0.021313417763983614]</MEAN_VALUE>
		<CHECKBOX>2</CHECKBOX>
		<SD>[0.004363200197092879, 0.006763639072310214, 0.008685954293427531, 0.012189300008081947, 0.011071236892364944, 0.009023338967476]</SD>
		<WAVELENGTH_UNIT>E-6m</WAVELENGTH_UNIT>
		<COLOR>#dbbea3</COLOR>
		<COVARIANCE_MATRIX>[[1.9194850802555255e-05, 2.8100705112620603e-05, 3.6442402144350766e-05, 4.776520236976494e-07, 1.143646035620441e-05, 1.7681752838071026e-05], [2.8100705112620603e-05, 4.6124886339328234e-05, 5.845525543179418e-05, -7.083086383373382e-06, 1.045634390567883e-05, 2.482989425560505e-05], [3.6442402144350766e-05, 5.845525543179418e-05, 7.60693210122023e-05, -6.323427618695618e-06, 1.5113503529768085e-05, 3.1874889002053105e-05], [4.776520236976494e-07, -7.083086383373382e-06, -6.323427618695618e-06, 0.0001498069605935309, 0.00011497854008692844, 7.482684348846345e-05], [1.143646035620441e-05, 1.045634390567883e-05, 1.5113503529768085e-05, 0.00011497854008692844, 0.00012358528042873747, 9.31155713672344e-05], [1.7681752838071026e-05, 2.482989425560505e-05, 3.1874889002053105e-05, 7.482684348846345e-05, 9.31155713672344e-05, 8.209354402380531e-05]]</COVARIANCE_MATRIX>
		<ROI_SIZE>122</ROI_SIZE>
		<MAX_VALUE>[0.11030369997024536, 0.10038939118385315, 0.09667844325304031, 0.07455123215913773, 0.05657806620001793, 0.05012545734643936]</MAX_VALUE>
		<MIN_VALUE>[0.08169618993997574, 0.056162673979997635, 0.04226047545671463, 0.02799825184047222, 0.011188223026692867, 0.009111196734011173]</MIN_VALUE>
		<SIGNATURE_THRESHOLD_MD>0</SIGNATURE_THRESHOLD_MD>
		<SIGNATURE_THRESHOLD_ML>0</SIGNATURE_THRESHOLD_ML>
		<SIGNATURE_THRESHOLD_SAM>0</SIGNATURE_THRESHOLD_SAM>
	</signature>
	<signature ID="20211228_223101791656_389">
		<MACROCLASSID>1</MACROCLASSID>
		<MACROCLASSINFO>waterbody</MACROCLASSINFO>
		<CLASSID>15</CLASSID>
		<CLASSINFO>C 1</CLASSINFO>
		<VALUES>[0.09711132864368723, 0.0019152305120345627, 0.08515003841396768, 0.0025625088325448827, 0.07827671680678715, 0.0035958770817919885, 0.04104450205010723, 0.0111053153899631, 0.025493450660971882, 0.010503675458296247, 0.020813227683992682, 0.008360844944616945]</VALUES>
		<LCS_MIN>[0.09393676370382309, 0.08083769679069519, 0.07344348728656769, 0.02486887201666832, 0.012323656119406223, 0.009914308786392212]</LCS_MIN>
		<LCS_MAX>[0.10706354677677155, 0.09545992314815521, 0.09260748326778412, 0.07014794647693634, 0.05646730586886406, 0.04940541461110115]</LCS_MAX>
		<WAVELENGTH>[0.48, 0.56, 0.655, 0.865, 1.61, 2.2]</WAVELENGTH>
		<MEAN_VALUE>[0.09711132864368723, 0.08515003841396768, 0.07827671680678715, 0.04104450205010723, 0.025493450660971882, 0.020813227683992682]</MEAN_VALUE>
		<CHECKBOX>2</CHECKBOX>
		<SD>[0.0019152305120345627, 0.0025625088325448827, 0.0035958770817919885, 0.0111053153899631, 0.010503675458296247, 0.008360844944616945]</SD>
		<WAVELENGTH_UNIT>E-6m</WAVELENGTH_UNIT>
		<COLOR>#4dab84</COLOR>
		<COVARIANCE_MATRIX>[[3.694308685044074e-06, 4.140276885324852e-06, 5.895615004841813e-06, 1.3089391988952141e-05, 1.4131746956782564e-05, 1.2109305965581957e-05], [4.140276885324852e-06, 6.613354741991051e-06, 8.853188849811387e-06, 1.5906748860600236e-05, 1.685577046612885e-05, 1.5615429410154108e-05], [5.895615004841813e-06, 8.853188849811387e-06, 1.3022691501552273e-05, 2.4920790824199575e-05, 2.4906855341791303e-05, 2.1339196773318566e-05], [1.3089391988952141e-05, 1.5906748860600236e-05, 2.4920790824199575e-05, 0.00012420894440991233, 0.00010877669874428959, 7.703343566789323e-05], [1.4131746956782564e-05, 1.685577046612885e-05, 2.4906855341791303e-05, 0.00010877669874428959, 0.00011111524954845212, 8.33729810455785e-05], [1.2109305965581957e-05, 1.5615429410154108e-05, 2.1339196773318566e-05, 7.703343566789323e-05, 8.33729810455785e-05, 7.040304053212618e-05]]</COVARIANCE_MATRIX>
		<ROI_SIZE>141</ROI_SIZE>
		<MAX_VALUE>[0.10706354677677155, 0.09545992314815521, 0.09260748326778412, 0.07014794647693634, 0.05646730586886406, 0.04940541461110115]</MAX_VALUE>
		<MIN_VALUE>[0.09393676370382309, 0.08083769679069519, 0.07344348728656769, 0.02486887201666832, 0.012323656119406223, 0.009914308786392212]</MIN_VALUE>
		<SIGNATURE_THRESHOLD_MD>0</SIGNATURE_THRESHOLD_MD>
		<SIGNATURE_THRESHOLD_ML>0</SIGNATURE_THRESHOLD_ML>
		<SIGNATURE_THRESHOLD_SAM>0</SIGNATURE_THRESHOLD_SAM>
	</signature>
	<signature ID="20211228_223305542171_295">
		<MACROCLASSID>1</MACROCLASSID>
		<MACROCLASSINFO>waterbody</MACROCLASSINFO>
		<CLASSID>16</CLASSID>
		<CLASSINFO>C 1</CLASSINFO>
		<VALUES>[0.0940169916070741, 0.003337400691701113, 0.07841783972649741, 0.004949262703227703, 0.0673403893308393, 0.007089161859223819, 0.039922934616434154, 0.013738159289878257, 0.030721202711093007, 0.0146045059522906, 0.02638800995231702, 0.012362976432146629]</VALUES>
		<LCS_MIN>[0.09011505544185638, 0.07211419939994812, 0.057824280112981796, 0.02101946249604225, 0.010302020236849785, 0.011022062040865421]</LCS_MIN>
