<?xml version="1.0" ?>
<signaturelist MCID_LIST="[['1', 'waterbody', '#0000ff'], ['2', 'vegetation', '#00ff00'], ['3', 'bareland', '#ffaa00'], ['4', 'built-up', '#ff0000']]">
	<signature ID="20200821_123905080581_710">
		<MACROCLASSID>1</MACROCLASSID>
		<MACROCLASSINFO>MC 1</MACROCLASSINFO>
		<CLASSID>1</CLASSID>
		<CLASSINFO>C 1</CLASSINFO>
		<VALUES>[0.09770378364388121, 0.00665701627640079, 0.06711782881981154, 0.007194189938227939, 0.04618105283955719, 0.007823124658914571, 0.03470177841934777, 0.008066798798913942, 0.021552921932212733, 0.008232029529981639, 0.015833381207118725, 0.006487682028501816]</VALUES>
		<LCS_MIN>[0.08020761609077454, 0.04626273363828659, 0.024239499121904373, 0.01234703790396452, 0.002143213292583823, 0.0]</LCS_MIN>
		<LCS_MAX>[0.11817511171102524, 0.08637291193008423, 0.06855331361293793, 0.12794312834739685, 0.11155928671360016, 0.05904373154044151]</LCS_MAX>
		<WAVELENGTH>[0.485, 0.56, 0.66, 0.835, 1.65, 2.22]</WAVELENGTH>
		<MEAN_VALUE>[0.09770378364388121, 0.06711782881981154, 0.04618105283955719, 0.03470177841934777, 0.021552921932212733, 0.015833381207118725]</MEAN_VALUE>
		<CHECKBOX>2</CHECKBOX>
		<SD>[0.00665701627640079, 0.007194189938227939, 0.007823124658914571, 0.008066798798913942, 0.008232029529981639, 0.006487682028501816]</SD>
		<WAVELENGTH_UNIT>E-6m</WAVELENGTH_UNIT>
		<COLOR>#d37768</COLOR>
		<COVARIANCE_MATRIX>[[3.587830360629596e-05, 3.618644404923543e-05, 3.857375850202516e-05, 3.8682439480908215e-05, 4.066497058374807e-05, 3.1344141461886466e-05], [3.618644404923543e-05, 4.150111635681242e-05, 4.306771734263748e-05, 4.3474679841892794e-05, 4.4931301090400666e-05, 3.459139770711772e-05], [3.857375850202516e-05, 4.306771734263748e-05, 4.945338150719181e-05, 4.793783227796666e-05, 4.91111095470842e-05, 3.7776160752400756e-05], [3.8682439480908215e-05, 4.3474679841892794e-05, 4.793783227796666e-05, 5.237691220827401e-05, 5.09104247612413e-05, 3.881027441821061e-05], [4.066497058374807e-05, 4.4931301090400666e-05, 4.91111095470842e-05, 5.09104247612413e-05, 5.4687727242708206e-05, 4.026482565677725e-05], [3.1344141461886466e-05, 3.459139770711772e-05, 3.7776160752400756e-05, 3.881027441821061e-05, 4.026482565677725e-05, 3.44612417393364e-05]]</COVARIANCE_MATRIX>
		<ROI_SIZE>10198</ROI_SIZE>
		<MAX_VALUE>[0.11817511171102524, 0.08637291193008423, 0.06855331361293793, 0.12794312834739685, 0.11155928671360016, 0.05904373154044151]</MAX_VALUE>
		<MIN_VALUE>[0.08020761609077454, 0.04626273363828659, 0.024239499121904373, 0.01234703790396452, 0.002143213292583823, 0.0]</MIN_VALUE>
		<SIGNATURE_THRESHOLD_MD>0.0</SIGNATURE_THRESHOLD_MD>
		<SIGNATURE_THRESHOLD_ML>0.0</SIGNATURE_THRESHOLD_ML>
		<SIGNATURE_THRESHOLD_SAM>0.0</SIGNATURE_THRESHOLD_SAM>
	</signature>
	<signature ID="20200821_123915940230_800">
		<MACROCLASSID>1</MACROCLASSID>
		<MACROCLASSINFO>MC 1</MACROCLASSINFO>
		<CLASSID>2</CLASSID>
		<CLASSINFO>C 1</CLASSINFO>
		<VALUES>[0.09866694169945278, 0.009658744369610601, 0.07584544170115684, 0.010825276051619159, 0.051783281970853225, 0.013673659928614057, 0.042248061022027966, 0.01910447957610934, 0.028557140217512805, 0.019012178230492935, 0.019620456124555923, 0.012643084695711819]</VALUES>
		<LCS_MIN>[0.08161382377147675, 0.057061631232500076, 0.02852793037891388, 0.015649784356355667, 0.002143213292583823, 0.0]</LCS_MIN>
		<LCS_MAX>[0.13364335894584656, 0.12339767813682556, 0.1257324367761612, 0.13124588131904602, 0.1155380830168724, 0.08187954127788544]</LCS_MAX>
		<WAVELENGTH>[0.485, 0.56, 0.66, 0.835, 1.65, 2.22]</WAVELENGTH>
		<MEAN_VALUE>[0.09866694169945278, 0.07584544170115684, 0.051783281970853225, 0.042248061022027966, 0.028557140217512805, 0.019620456124555923]</MEAN_VALUE>
		<CHECKBOX>2</CHECKBOX>
		<SD>[0.009658744369610601, 0.010825276051619159, 0.013673659928614057, 0.01910447957610934, 0.019012178230492935, 0.012643084695711819]</SD>
		<WAVELENGTH_UNIT>E-6m</WAVELENGTH_UNIT>
		<COLOR>#512174</COLOR>
		<COVARIANCE_MATRIX>[[9.3361537437886e-05, 0.00010152073082281277, 0.00012063792382832617, 0.0001215388547279872, 0.00012819166295230389, 9.47876469581388e-05], [0.00010152073082281277, 0.000117274779768195, 0.00013934285379946232, 0.00014514257782138884, 0.00015204020019154996, 0.00011095454101450741], [0.00012063792382832617, 0.00013934285379946232, 0.0001871096610557288, 0.00022394605912268162, 0.00022827903740108013, 0.0001578683004481718], [0.0001215388547279872, 0.00014514257782138884, 0.00022394605912268162, 0.00036525577888824046, 0.00035003371885977685, 0.00022197312500793487], [0.00012819166295230389, 0.00015204020019154996, 0.00022827903740108013, 0.00035003371885977685, 0.00036173491389490664, 0.000233411745284684], [9.47876469581388e-05, 0.00011095454101450741, 0.0001578683004481718, 0.00022197312500793487, 0.000233411745284684, 0.0001599678653292358]]</COVARIANCE_MATRIX>
		<ROI_SIZE>1330</ROI_SIZE>
		<MAX_VALUE>[0.13364335894584656, 0.12339767813682556, 0.1257324367761612, 0.13124588131904602, 0.1155380830168724, 0.08187954127788544]</MAX_VALUE>
		<MIN_VALUE>[0.08161382377147675, 0.057061631232500076, 0.02852793037891388, 0.015649784356355667, 0.002143213292583823, 0.0]</MIN_VALUE>
		<SIGNATURE_THRESHOLD_MD>0.0</SIGNATURE_THRESHOLD_MD>
		<SIGNATURE_THRESHOLD_ML>0.0</SIGNATURE_THRESHOLD_ML>
		<SIGNATURE_THRESHOLD_SAM>0.0</SIGNATURE_THRESHOLD_SAM>
	</signature>
	<signature ID="20200821_123922801584_960">
		<MACROCLASSID>1</MACROCLASSID>
		<MACROCLASSINFO>MC 1</MACROCLASSINFO>
		<CLASSID>3</CLASSID>
		<CLASSINFO>C 1</CLASSINFO>
		<VALUES>[0.09192357832012028, 0.004814273270585576, 0.06138955005326704, 0.005268316149098119, 0.03908984067560969, 0.0061122702056169145, 0.03090693216034584, 0.010159088653958781, 0.017361412098600076, 0.009578806634912533, 0.011488040375566746, 0.006627609247612727]</VALUES>
		<LCS_MIN>[0.08161382377147675, 0.05089084059000015, 0.025668976828455925, 0.015649784356355667, 0.00015383002755697817, 0.0]</LCS_MIN>
		<LCS_MAX>[0.1139565035700798, 0.0910010114312172, 0.08856601268053055, 0.10812666267156601, 0.09564424306154251, 0.06855865567922592]</LCS_MAX>
		<WAVELENGTH>[0.485, 0.56, 0.66, 0.835, 1.65, 2.22]</WAVELENGTH>
		<MEAN_VALUE>[0.09192357832012028, 0.06138955005326704, 0.03908984067560969, 0.03090693216034584, 0.017361412098600076, 0.011488040375566746]</MEAN_VALUE>
		<CHECKBOX>2</CHECKBOX>
		<SD>[0.004814273270585576, 0.005268316149098119, 0.0061122702056169145, 0.010159088653958781, 0.009578806634912533, 0.006627609247612727]</SD>
		<WAVELENGTH_UNIT>E-6m</WAVELENGTH_UNIT>
		<COLOR>#896cf4</COLOR>
		<COVARIANCE_MATRIX>[[1.8534707123762928e-05, 1.8347427612752654e-05, 2.0673920516856015e-05, 2.3420150682795793e-05, 2.3855076506151818e-05, 1.8069562429445796e-05], [1.8347427612752654e-05, 2.253566162835341e-05, 2.4440154447802342e-05, 3.0318109565996565e-05, 2.994604074046947e-05, 2.2048703613108955e-05], [2.0673920516856015e-05, 2.4440154447802342e-05, 3.371592174516991e-05, 4.7037668991833925e-05, 4.586302748066373e-05, 3.202113293809816e-05], [2.3420150682795793e-05, 3.0318109565996565e-05, 4.7037668991833925e-05, 0.00010522585216676816, 8.87358546606265e-05, 5.6105574913090095e-05], [2.3855076506151818e-05, 2.994604074046947e-05, 4.586302748066373e-05, 8.87358546606265e-05, 9.218166815117002e-05, 5.826686174259521e-05], [1.8069562429445796e-05, 2.2048703613108955e-05, 3.202113293809816e-05, 5.6105574913090095e-05, 5.826686174259521e-05, 4.2506682802923024e-05]]</COVARIANCE_MATRIX>
		<ROI_SIZE>7095</ROI_SIZE>
		<MAX_VALUE>[0.1139565035700798, 0.0910010114312172, 0.08856601268053055, 0.10812666267156601, 0.09564424306154251, 0.06855865567922592]</MAX_VALUE>
		<MIN_VALUE>[0.08161382377147675, 0.05089084059000015, 0.025668976828455925, 0.015649784356355667, 0.00015383002755697817, 0.0]</MIN_VALUE>
		<SIGNATURE_THRESHOLD_MD>0.0</SIGNATURE_THRESHOLD_MD>
		<SIGNATURE_THRESHOLD_ML>0.0</SIGNATURE_THRESHOLD_ML>
		<SIGNATURE_THRESHOLD_SAM>0.0</SIGNATURE_THRESHOLD_SAM>
	</signature>
	<signature ID="20200821_123949325771_370">
		<MACROCLASSID>1</MACROCLASSID>
		<MACROCLASSINFO>MC 1</MACROCLASSINFO>
		<CLASSID>4</CLASSID>
		<CLASSINFO>C 1</CLASSINFO>
		<VALUES>[0.1204957698840596, 0.022846489744657205, 0.1032580820394978, 0.02218260835618913, 0.08904707785039775, 0.023039666554202923, 0.09913017505886546, 0.0309872450195161, 0.07989901966358694, 0.030054155208414684, 0.05457162213712173, 0.018983596320623724]</VALUES>
		<LCS_MIN>[0.07880140841007233, 0.05397623032331467, 0.02995741181075573, 0.022255275398492813, 0.002143213292583823, 5.1239407184766605e-05]</LCS_MIN>
		<LCS_MAX>[0.17301705479621887, 0.15733705461025238, 0.1428861767053604, 0.1840898096561432, 0.16527265310287476, 0.1294541358947754]</LCS_MAX>
		<WAVELENGTH>[0.485, 0.56, 0.66, 0.835, 1.65, 2.22]</WAVELENGTH>
		<MEAN_VALUE>[0.1204957698840596, 0.1032580820394978, 0.08904707785039775, 0.09913017505886546, 0.07989901966358694, 0.05457162213712173]</MEAN_VALUE>
		<CHECKBOX>2</CHECKBOX>
		<SD>[0.022846489744657205, 0.02218260835618913, 0.023039666554202923, 0.0309872450195161, 0.030054155208414684, 0.018983596320623724]</SD>
		<WAVELENGTH_UNIT>E-6m</WAVELENGTH_UNIT>
		<COLOR>#64fb52</COLOR>
		<COVARIANCE_MATRIX>[[0.0004976924392394722, 0.0004698030825238675, 0.00043546693632379174, 1.4302080671768636e-05, 9.247634443454444e-05, 0.00018857899704016745], [0.0004698030825238675, 0.0004685898020397872, 0.00045950611820444465, 0.00012003465963061899, 0.0001957728818524629, 0.00023865734692662954], [0.00043546693632379174, 0.00045950611820444465, 0.0004980700323358178, 0.00024035744718275964, 0.0003335957007948309, 0.0003117235901299864], [1.4302080671768636e-05, 0.00012003465963061899, 0.00024035744718275964, 0.0008537149406038225, 0.0007454471779055893, 0.000395671435398981], [9.247634443454444e-05, 0.0001957728818524629, 0.0003335957007948309, 0.0007454471779055893, 0.0007983461837284267, 0.00047076199552975595], [0.00018857899704016745, 0.00023865734692662954, 0.0003117235901299864, 0.000395671435398981, 0.00047076199552975595, 0.0003301160177215934]]</COVARIANCE_MATRIX>
		<ROI_SIZE>5514</ROI_SIZE>
		<MAX_VALUE>[0.17301705479621887, 0.15733705461025238, 0.1428861767053604, 0.1840898096561432, 0.16527265310287476, 0.1294541358947754]</MAX_VALUE>
		<MIN_VALUE>[0.07880140841007233, 0.05397623032331467, 0.02995741181075573, 0.022255275398492813, 0.002143213292583823, 5.1239407184766605e-05]</MIN_VALUE>
		<SIGNATURE_THRESHOLD_MD>0.0</SIGNATURE_THRESHOLD_MD>
		<SIGNATURE_THRESHOLD_ML>0.0</SIGNATURE_THRESHOLD_ML>
		<SIGNATURE_THRESHOLD_SAM>0.0</SIGNATURE_THRESHOLD_SAM>
	</signature>
	<signature ID="20200821_124002099581_240">
		<MACROCLASSID>1</MACROCLASSID>
		<MACROCLASSINFO>MC 1</MACROCLASSINFO>
		<CLASSID>5</CLASSID>
		<CLASSINFO>C 1</CLASSINFO>
		<VALUES>[0.12541033305835506, 0.020701493309210398, 0.10619149247574734, 0.019814322510626675, 0.09056597083751997, 0.021420748233367107, 0.10018451028122297, 0.029826418899642264, 0.07617429899262676, 0.025294183259198758, 0.05298148760448769, 0.016629920479366397]</VALUES>
		<LCS_MIN>[0.0759890154004097, 0.05243353545665741, 0.02852793037891388, 0.015649784356355667, 0.002143213292583823, 5.1239407184766605e-05]</LCS_MIN>
		<LCS_MAX>[0.1744232475757599, 0.15425166487693787, 0.1400272101163864, 0.18739253282546997, 0.17323020100593567, 0.11042430251836777]</LCS_MAX>
		<WAVELENGTH>[0.485, 0.56, 0.66, 0.835, 1.65, 2.22]</WAVELENGTH>
		<MEAN_VALUE>[0.12541033305835506, 0.10619149247574734, 0.09056597083751997, 0.10018451028122297, 0.07617429899262676, 0.05298148760448769]</MEAN_VALUE>
		<CHECKBOX>2</CHECKBOX>
		<SD>[0.020701493309210398, 0.019814322510626675, 0.021420748233367107, 0.029826418899642264, 0.025294183259198758, 0.016629920479366397]</SD>
		<WAVELENGTH_UNIT>E-6m</WAVELENGTH_UNIT>
		<COLOR>#7dd60b</COLOR>
		<COVARIANCE_MATRIX>[[0.00040733820060268044, 0.000370777677744627, 0.0003665657131932676, -9.56475269049406e-05, 9.28768640733324e-05, 0.00019723600416909903], [0.000370777677744627, 0.00035903212847188115, 0.0003689826116897166, 1.0011689482780639e-05, 0.00016737107944209129, 0.00022045020887162536], [0.0003665657131932676, 0.0003689826116897166, 0.00040635536424815655, 7.696300599491224e-05, 0.00024297558411490172, 0.00025985590764321387], [-9.56475269049406e-05, 1.0011689482780639e-05, 7.696300599491224e-05, 0.000808154116384685, 0.000548768148291856, 0.00021490907238330692], [9.28768640733324e-05, 0.00016737107944209129, 0.00024297558411490172, 0.000548768148291856, 0.0005498492391780019, 0.0003055646666325629], [0.00019723600416909903, 0.00022045020887162536, 0.00025985590764321387, 0.00021490907238330692, 0.0003055646666325629, 0.00023454669280909002]]</COVARIANCE_MATRIX>
		<ROI_SIZE>5763</ROI_SIZE>
		<MAX_VALUE>[0.1744232475757599, 0.15425166487693787, 0.1400272101163864, 0.18739253282546997, 0.17323020100593567, 0.11042430251836777]</MAX_VALUE>
		<MIN_VALUE>[0.0759890154004097, 0.05243353545665741, 0.02852793037891388, 0.015649784356355667, 0.002143213292583823, 5.1239407184766605e-05]</MIN_VALUE>
		<SIGNATURE_THRESHOLD_MD>0.0</SIGNATURE_THRESHOLD_MD>
		<SIGNATURE_THRESHOLD_ML>0.0</SIGNATURE_THRESHOLD_ML>
		<SIGNATURE_THRESHOLD_SAM>0.0</SIGNATURE_THRESHOLD_SAM>
	</signature>
	<signature ID="20200821_124029247437_264">
		<MACROCLASSID>1</MACROCLASSID>
		<MACROCLASSINFO>MC 1</MACROCLASSINFO>
		<CLASSID>6</CLASSID>
		<CLASSINFO>C 1</CLASSINFO>
		<VALUES>[0.15063737424342533, 0.00862451542016654, 0.14591822717162775, 0.010803512653354386, 0.12820503423958418, 0.012118770083135536, 0.08284584943847358, 0.011377841607331785, 0.05471237954087691, 0.007212630246846374, 0.04163121298369941, 0.005935424510009132]</VALUES>
		<LCS_MIN>[0.10551927238702774, 0.09254370629787445, 0.07427123188972473, 0.045374494045972824, 0.016068898141384125, 0.011469143442809582]</LCS_MIN>
		<LCS_MAX>[0.18004807829856873, 0.17893484234809875, 0.16146939992904663, 0.17748431861400604, 0.08967608958482742, 0.07046163082122803]</LCS_MAX>
		<WAVELENGTH>[0.485, 0.56, 0.66, 0.835, 1.65, 2.22]</WAVELENGTH>
		<MEAN_VALUE>[0.15063737424342533, 0.14591822717162775, 0.12820503423958418, 0.08284584943847358, 0.05471237954087691, 0.04163121298369941]</MEAN_VALUE>
		<CHECKBOX>2</CHECKBOX>
		<SD>[0.00862451542016654, 0.010803512653354386, 0.012118770083135536, 0.011377841607331785, 0.007212630246846374, 0.005935424510009132]</SD>
		<WAVELENGTH_UNIT>E-6m</WAVELENGTH_UNIT>
		<COLOR>#a92b1b</COLOR>
		<COVARIANCE_MATRIX>[[7.520834333263338e-05, 8.747733954805881e-05, 0.00010242303687846288, 5.1418050134088844e-05, 5.096091263112612e-05, 4.3953110434813425e-05], [8.747733954805881e-05, 0.00011185086623299867, 0.00012468679051380605, 6.001816291245632e-05, 6.014280370436609e-05, 5.208693619351834e-05], [0.00010242303687846288, 0.00012468679051380605, 0.00015700102085247636, 8.354251622222364e-05, 7.094757165759802e-05, 6.05549466854427e-05], [5.1418050134088844e-05, 6.001816291245632e-05, 8.354251622222364e-05, 0.0001285552716581151, 6.0717946325894445e-05, 3.889869185513817e-05], [5.096091263112612e-05, 6.014280370436609e-05, 7.094757165759802e-05, 6.0717946325894445e-05, 5.0390910473652184e-05, 3.700096203829162e-05], [4.3953110434813425e-05, 5.208693619351834e-05, 6.05549466854427e-05, 3.889869185513817e-05, 3.700096203829162e-05, 3.4207543649245054e-05]]</COVARIANCE_MATRIX>
		<ROI_SIZE>9707</ROI_SIZE>
		<MAX_VALUE>[0.18004807829856873, 0.17893484234809875, 0.16146939992904663, 0.17748431861400604, 0.08967608958482742, 0.07046163082122803]</MAX_VALUE>
		<MIN_VALUE>[0.10551927238702774, 0.09254370629787445, 0.07427123188972473, 0.045374494045972824, 0.016068898141384125, 0.011469143442809582]</MIN_VALUE>
		<SIGNATURE_THRESHOLD_MD>0.0</SIGNATURE_THRESHOLD_MD>
		<SIGNATURE_THRESHOLD_ML>0.0</SIGNATURE_THRESHOLD_ML>
		<SIGNATURE_THRESHOLD_SAM>0.0</SIGNATURE_THRESHOLD_SAM>
	</signature>
	<signature ID="20200821_124035824182_742">
		<MACROCLASSID>1</MACROCLASSID>
		<MACROCLASSINFO>MC 1</MACROCLASSINFO>
		<CLASSID>7</CLASSID>
		<CLASSINFO>C 1</CLASSINFO>
		<VALUES>[0.14311361250484447, 0.009613767607782603, 0.13474606208127501, 0.012701505458672735, 0.11601868878765266, 0.014068947694535571, 0.07914891005020348, 0.012107259689793863, 0.053436856806407536, 0.005337293087882507, 0.040363303003678644, 0.004404066398842501]</VALUES>
		<LCS_MIN>[0.09286344796419144, 0.07557402551174164, 0.051399581134319305, 0.05197998881340027, 0.016068898141384125, 0.011469143442809582]</LCS_MIN>
		<LCS_MAX>[0.17864184081554413, 0.1743067502975464, 0.15861044824123383, 0.1708788126707077, 0.09763361513614655, 0.07236461341381073]</LCS_MAX>
		<WAVELENGTH>[0.485, 0.56, 0.66, 0.835, 1.65, 2.22]</WAVELENGTH>
		<MEAN_VALUE>[0.14311361250484447, 0.13474606208127501, 0.11601868878765266, 0.07914891005020348, 0.053436856806407536, 0.040363303003678644]</MEAN_VALUE>
		<CHECKBOX>2</CHECKBOX>
		<SD>[0.009613767607782603, 0.012701505458672735, 0.014068947694535571, 0.012107259689793863, 0.005337293087882507, 0.004404066398842501]</SD>
		<WAVELENGTH_UNIT>E-6m</WAVELENGTH_UNIT>
		<COLOR>#3042ee</COLOR>
		<COVARIANCE_MATRIX>[[8.929800969781354e-05, 0.00011344309314154088, 0.00012567805242724717, 1.867957143986132e-05, 1.702635745459702e-05, 1.827939377108123e-05], [0.00011344309314154088, 0.00015483189781662077, 0.00016783871978987008, 2.550760837038979e-05, 1.9606348359957337e-05, 2.128357664332725e-05], [0.00012567805242724717, 0.00016783871978987008, 0.000189823898836039, 2.9902857932029292e-05, 2.0167752154520713e-05, 2.2320351490634494e-05], [1.867957143986132e-05, 2.550760837038979e-05, 2.9902857932029292e-05, 0.0001277641422348097, 3.051779276574962e-05, 6.5358563006157055e-06], [1.702635745459702e-05, 1.9606348359957337e-05, 2.0167752154520713e-05, 3.051779276574962e-05, 2.8000820748275146e-05, 1.7810014469432645e-05], [1.827939377108123e-05, 2.128357664332725e-05, 2.2320351490634494e-05, 6.5358563006157055e-06, 1.7810014469432645e-05, 1.9598206563387066e-05]]</COVARIANCE_MATRIX>
		<ROI_SIZE>9048</ROI_SIZE>
		<MAX_VALUE>[0.17864184081554413, 0.1743067502975464, 0.15861044824123383, 0.1708788126707077, 0.09763361513614655, 0.07236461341381073]</MAX_VALUE>
		<MIN_VALUE>[0.09286344796419144, 0.07557402551174164, 0.051399581134319305, 0.05197998881340027, 0.016068898141384125, 0.011469143442809582]</MIN_VALUE>
		<SIGNATURE_THRESHOLD_MD>0.0</SIGNATURE_THRESHOLD_MD>
		<SIGNATURE_THRESHOLD_ML>0.0</SIGNATURE_THRESHOLD_ML>
		<SIGNATURE_THRESHOLD_SAM>0.0</SIGNATURE_THRESHOLD_SAM>
	</signature>
	<signature ID="20200821_124043684868_581">
		<MACROCLASSID>1</MACROCLASSID>
		<MACROCLASSINFO>MC 1</MACROCLASSINFO>
		<CLASSID>8</CLASSID>
		<CLASSINFO>C 1</CLASSINFO>
		<VALUES>[0.1507325888648171, 0.005289381517187408, 0.1433584083245499, 0.00563725773087359, 0.11802403273725728, 0.006934106265761526, 0.07399028434777971, 0.004385464055336215, 0.052758865594829424, 0.0032580856158287066, 0.04027532621698342, 0.003007720248660678]</VALUES>
		<LCS_MIN>[0.11114408820867538, 0.09871451556682587, 0.07570070028305054, 0.06188822165131569, 0.03994149714708328, 0.030498981475830078]</LCS_MIN>
		<LCS_MAX>[0.16457980871200562, 0.15887975692749023, 0.1357387751340866, 0.16097059845924377, 0.06978224217891693, 0.051431797444820404]</LCS_MAX>
		<WAVELENGTH>[0.485, 0.56, 0.66, 0.835, 1.65, 2.22]</WAVELENGTH>
		<MEAN_VALUE>[0.1507325888648171, 0.1433584083245499, 0.11802403273725728, 0.07399028434777971, 0.052758865594829424, 0.04027532621698342]</MEAN_VALUE>
		<CHECKBOX>2</CHECKBOX>
		<SD>[0.005289381517187408, 0.00563725773087359, 0.006934106265761526, 0.004385464055336215, 0.0032580856158287066, 0.003007720248660678]</SD>
		<WAVELENGTH_UNIT>E-6m</WAVELENGTH_UNIT>
		<COLOR>#87950b</COLOR>
		<COVARIANCE_MATRIX>[[2.468945604050532e-05, 2.388842767686583e-05, 2.8332544388831593e-05, 1.0216977898380719e-05, 7.199428637250094e-06, 5.691584192391019e-06], [2.388842767686583e-05, 2.823622889991384e-05, 3.143002686556429e-05, 1.1132428880955558e-05, 7.423177976306761e-06, 5.973638508294243e-06], [2.8332544388831593e-05, 3.143002686556429e-05, 4.2076248064404353e-05, 1.5204770534182899e-05, 9.742236215970479e-06, 7.790227755322121e-06], [1.0216977898380719e-05, 1.1132428880955558e-05, 1.5204770534182899e-05, 1.4693448974867351e-05, 7.752495548629668e-06, 5.600469194178004e-06], [7.199428637250094e-06, 7.423177976306761e-06, 9.742236215970479e-06, 7.752495548629668e-06, 8.778291885391809e-06, 5.112769940751605e-06], [5.691584192391019e-06, 5.973638508294243e-06, 7.790227755322121e-06, 5.600469194178004e-06, 5.112769940751605e-06, 8.075718142208643e-06]]</COVARIANCE_MATRIX>
		<ROI_SIZE>10190</ROI_SIZE>
		<MAX_VALUE>[0.16457980871200562, 0.15887975692749023, 0.1357387751340866, 0.16097059845924377, 0.06978224217891693, 0.051431797444820404]</MAX_VALUE>
		<MIN_VALUE>[0.11114408820867538, 0.09871451556682587, 0.07570070028305054, 0.06188822165131569, 0.03994149714708328, 0.030498981475830078]</MIN_VALUE>
		<SIGNATURE_THRESHOLD_MD>0.0</SIGNATURE_THRESHOLD_MD>
		<SIGNATURE_THRESHOLD_ML>0.0</SIGNATURE_THRESHOLD_ML>
		<SIGNATURE_THRESHOLD_SAM>0.0</SIGNATURE_THRESHOLD_SAM>
	</signature>
	<signature ID="20200821_124049920169_513">
		<MACROCLASSID>1</MACROCLASSID>
		<MACROCLASSINFO>MC 1</MACROCLASSINFO>
		<CLASSID>9</CLASSID>
		<CLASSINFO>C 1</CLASSINFO>
		<VALUES>[0.10361306692381829, 0.003908706252967532, 0.08877106864967847, 0.0058768213336207785, 0.05619798948918306, 0.005296134663886424, 0.040762058059002716, 0.009376829618518465, 0.014841449029883694, 0.007402319610653809, 0.010334260150597446, 0.00509495481272303]</VALUES>
		<LCS_MIN>[0.09145724773406982, 0.06168973445892334, 0.03853427618741989, 0.025558024644851685, 0.002143213292583823, 0.0]</LCS_MIN>
		<LCS_MAX>[0.11676891148090363, 0.10179991275072098, 0.08141862601041794, 0.134548619389534, 0.09365485608577728, 0.0495288148522377]</LCS_MAX>
		<WAVELENGTH>[0.485, 0.56, 0.66, 0.835, 1.65, 2.22]</WAVELENGTH>
		<MEAN_VALUE>[0.10361306692381829, 0.08877106864967847, 0.05619798948918306, 0.040762058059002716, 0.014841449029883694, 0.010334260150597446]</MEAN_VALUE>
		<CHECKBOX>2</CHECKBOX>
		<SD>[0.003908706252967532, 0.0058768213336207785, 0.005296134663886424, 0.009376829618518465, 0.007402319610653809, 0.00509495481272303]</SD>
		<WAVELENGTH_UNIT>E-6m</WAVELENGTH_UNIT>
		<COLOR>#5e6541</COLOR>
		<COVARIANCE_MATRIX>[[1.4017849025549367e-05, 1.4920343346602749e-05, 1.594858076714445e-05, 1.3698489055968821e-05, 1.571320171933621e-05, 1.2760810932377353e-05], [1.4920343346602749e-05, 2.7255526219960302e-05, 2.0596802642103285e-05, 2.001155553443823e-05, 1.7730670151649974e-05, 1.4676815226266626e-05], [1.594858076714445e-05, 2.0596802642103285e-05, 2.627158391987905e-05, 2.4734443286433816e-05, 2.6406276447232813e-05, 2.0019590010633692e-05], [1.3698489055968821e-05, 2.001155553443823e-05, 2.4734443286433816e-05, 6.11940267845057e-05, 4.162994082435034e-05, 2.5196750357281417e-05], [1.571320171933621e-05, 1.7730670151649974e-05, 2.6406276447232813e-05, 4.162994082435034e-05, 4.38101269537583e-05, 2.773397136479616e-05], [1.2760810932377353e-05, 1.4676815226266626e-05, 2.0019590010633692e-05, 2.5196750357281417e-05, 2.773397136479616e-05, 2.3267746655619703e-05]]</COVARIANCE_MATRIX>
		<ROI_SIZE>10047</ROI_SIZE>
		<MAX_VALUE>[0.11676891148090363, 0.10179991275072098, 0.08141862601041794, 0.134548619389534, 0.09365485608577728, 0.0495288148522377]</MAX_VALUE>
		<MIN_VALUE>[0.09145724773406982, 0.06168973445892334, 0.03853427618741989, 0.025558024644851685, 0.002143213292583823, 0.0]</MIN_VALUE>
		<SIGNATURE_THRESHOLD_MD>0.0</SIGNATURE_THRESHOLD_MD>
		<SIGNATURE_THRESHOLD_ML>0.0</SIGNATURE_THRESHOLD_ML>
		<SIGNATURE_THRESHOLD_SAM>0.0</SIGNATURE_THRESHOLD_SAM>
	</signature>
	<signature ID="20200821_124058335390_655">
		<MACROCLASSID>1</MACROCLASSID>
		<MACROCLASSINFO>MC 1</MACROCLASSINFO>
		<CLASSID>10</CLASSID>
		<CLASSINFO>C 1</CLASSINFO>
		<VALUES>[0.11171087554008968, 0.007216449923542383, 0.09440397564228843, 0.008067011449159387, 0.06825406260052536, 0.008569405761025517, 0.04134189403214183, 0.008531903642429657, 0.02528641853063319, 0.00846307448449323, 0.01894564747417063, 0.006681747049241411]</VALUES>
		<LCS_MIN>[0.09005103260278702, 0.07248862832784653, 0.0442521907389164, 0.01895252987742424, 0.00015383002755697817, 5.1239407184766605e-05]</LCS_MIN>
		<LCS_MAX>[0.15614260733127594, 0.1465381681919098, 0.1271619200706482, 0.13124588131904602, 0.07376101613044739, 0.05714075639843941]</LCS_MAX>
		<WAVELENGTH>[0.485, 0.56, 0.66, 0.835, 1.65, 2.22]</WAVELENGTH>
		<MEAN_VALUE>[0.11171087554008968, 0.09440397564228843, 0.06825406260052536, 0.04134189403214183, 0.02528641853063319, 0.01894564747417063]</MEAN_VALUE>
		<CHECKBOX>2</CHECKBOX>
		<SD>[0.007216449923542383, 0.008067011449159387, 0.008569405761025517, 0.008531903642429657, 0.00846307448449323, 0.006681747049241411]</SD>
		<WAVELENGTH_UNIT>E-6m</WAVELENGTH_UNIT>
		<COLOR>#e2fad8</COLOR>
		<COVARIANCE_MATRIX>[[5.8879209973383695e-05, 6.227145058801398e-05, 6.838978879386559e-05, 6.401551945600659e-05, 6.366713205352426e-05, 4.9183101509697735e-05], [6.227145058801398e-05, 7.166365685407072e-05, 7.487924449378625e-05, 6.672154268017039e-05, 6.567893433384597e-05, 5.0789320084732026e-05], [6.838978879386559e-05, 7.487924449378625e-05, 8.559234265703708e-05, 7.941614603623748e-05, 7.872522110119462e-05, 6.0829650465166196e-05], [6.401551945600659e-05, 6.672154268017039e-05, 7.941614603623748e-05, 8.998912380775437e-05, 8.730279660085216e-05, 6.675280747003853e-05], [6.366713205352426e-05, 6.567893433384597e-05, 7.872522110119462e-05, 8.730279660085216e-05, 9.096901339944452e-05, 6.832999497419223e-05], [4.9183101509697735e-05, 5.0789320084732026e-05, 6.0829650465166196e-05, 6.675280747003853e-05, 6.832999497419223e-05, 5.622790922643617e-05]]</COVARIANCE_MATRIX>
		<ROI_SIZE>10155</ROI_SIZE>
		<MAX_VALUE>[0.15614260733127594, 0.1465381681919098, 0.1271619200706482, 0.13124588131904602, 0.07376101613044739, 0.05714075639843941]</MAX_VALUE>
		<MIN_VALUE>[0.09005103260278702, 0.07248862832784653, 0.0442521907389164, 0.01895252987742424, 0.00015383002755697817, 5.1239407184766605e-05]</MIN_VALUE>
		<SIGNATURE_THRESHOLD_MD>0.0</SIGNATURE_THRESHOLD_MD>
		<SIGNATURE_THRESHOLD_ML>0.0</SIGNATURE_THRESHOLD_ML>
		<SIGNATURE_THRESHOLD_SAM>0.0</SIGNATURE_THRESHOLD_SAM>
	</signature>
	<signature ID="20200821_124104710165_178">
		<MACROCLASSID>1</MACROCLASSID>
		<MACROCLASSINFO>MC 1</MACROCLASSINFO>
		<CLASSID>11</CLASSID>
		<CLASSINFO>C 1</CLASSINFO>
		<VALUES>[0.11454460963537906, 0.018316260613392966, 0.0991049100540156, 0.022202178139324714, 0.07094354393139381, 0.022676309191260294, 0.04708798913994447, 0.02229224333166967, 0.030563632820496227, 0.021126957535514315, 0.02265207900253104, 0.01584228675030473]</VALUES>
		<LCS_MIN>[0.07739520072937012, 0.044720038771629333, 0.02281002141535282, 0.01234703790396452, 0.0, 0.0]</LCS_MIN>
		<LCS_MAX>[0.16739222407341003, 0.15425166487693787, 0.1314503401517868, 0.1213376373052597, 0.10360177606344223, 0.08187954127788544]</LCS_MAX>
		<WAVELENGTH>[0.485, 0.56, 0.66, 0.835, 1.65, 2.22]</WAVELENGTH>
		<MEAN_VALUE>[0.11454460963537906, 0.0991049100540156, 0.07094354393139381, 0.04708798913994447, 0.030563632820496227, 0.02265207900253104]</MEAN_VALUE>
		<CHECKBOX>2</CHECKBOX>
		<SD>[0.018316260613392966, 0.022202178139324714, 0.022676309191260294, 0.02229224333166967, 0.021126957535514315, 0.01584228675030473]</SD>
		<WAVELENGTH_UNIT>E-6m</WAVELENGTH_UNIT>
		<COLOR>#b062d6</COLOR>
		<COVARIANCE_MATRIX>[[0.00029285604250617325, 0.00034642984974198043, 0.0003595940361265093, 0.00033636746229603887, 0.00032612067298032343, 0.0002468072052579373], [0.00034642984974198043, 0.0004223309806548059, 0.00042980394209735096, 0.00039427506271749735, 0.0003794931690208614, 0.0002871704346034676], [0.0003595940361265093, 0.00042980394209735096, 0.0004490484425332397, 0.00041982028051279485, 0.000404522696044296, 0.00030561513267457485], [0.00033636746229603887, 0.00039427506271749735, 0.00041982028051279485, 0.00044117154902778566, 0.0004068303678650409, 0.00030124312615953386], [0.00032612067298032343, 0.0003794931690208614, 0.000404522696044296, 0.0004068303678650409, 0.0003966650110669434, 0.0002946582972072065], [0.0002468072052579373, 0.0002871704346034676, 0.00030561513267457485, 0.00030124312615953386, 0.0002946582972072065, 0.00022576181800104678]]</COVARIANCE_MATRIX>
		<ROI_SIZE>8631</ROI_SIZE>
		<MAX_VALUE>[0.16739222407341003, 0.15425166487693787, 0.1314503401517868, 0.1213376373052597, 0.10360177606344223, 0.08187954127788544]</MAX_VALUE>
		<MIN_VALUE>[0.07739520072937012, 0.044720038771629333, 0.02281002141535282, 0.01234703790396452, 0.0, 0.0]</MIN_VALUE>
		<SIGNATURE_THRESHOLD_MD>0.0</SIGNATURE_THRESHOLD_MD>
		<SIGNATURE_THRESHOLD_ML>0.0</SIGNATURE_THRESHOLD_ML>
		<SIGNATURE_THRESHOLD_SAM>0.0</SIGNATURE_THRESHOLD_SAM>
	</signature>
	<signature ID="20200821_124111274439_322">
		<MACROCLASSID>1</MACROCLASSID>
		<MACROCLASSINFO>MC 1</MACROCLASSINFO>
		<CLASSID>12</CLASSID>
		<CLASSINFO>C 1</CLASSINFO>
		<VALUES>[0.13397080994408475, 0.008522501625644168, 0.12054974783325999, 0.009293317673731857, 0.09568838797039461, 0.01085322976123325, 0.06452986847324521, 0.010683860534058898, 0.045286440430179965, 0.008196599554951264, 0.0343124779470173, 0.006699888103769925]</VALUES>
		<LCS_MIN>[0.0998944565653801, 0.08328751474618912, 0.05568801611661911, 0.025558024644851685, 0.008111364208161831, 0.0019542239606380463]</LCS_MIN>
		<LCS_MAX>[0.15895500779151917, 0.15116626024246216, 0.1343092918395996, 0.1576678305864334, 0.07376101613044739, 0.05904373154044151]</LCS_MAX>
		<WAVELENGTH>[0.485, 0.56, 0.66, 0.835, 1.65, 2.22]</WAVELENGTH>
		<MEAN_VALUE>[0.13397080994408475, 0.12054974783325999, 0.09568838797039461, 0.06452986847324521, 0.045286440430179965, 0.0343124779470173]</MEAN_VALUE>
		<CHECKBOX>2</CHECKBOX>
		<SD>[0.008522501625644168, 0.009293317673731857, 0.01085322976123325, 0.010683860534058898, 0.008196599554951264, 0.006699888103769925]</SD>
		<WAVELENGTH_UNIT>E-6m</WAVELENGTH_UNIT>
		<COLOR>#5fe21d</COLOR>
		<COVARIANCE_MATRIX>[[6.504007615149021e-05, 6.792603380745277e-05, 8.017093932721764e-05, 5.163880268810317e-05, 5.457410225062631e-05, 4.4329481170279905e-05], [6.792603380745277e-05, 7.64087017159909e-05, 8.708657696843147e-05, 5.639411756419577e-05, 6.002794543746859e-05, 4.8762085498310626e-05], [8.017093932721764e-05, 8.708657696843147e-05, 0.0001080179208656773, 7.153265323722735e-05, 6.931264215381816e-05, 5.534267984330654e-05], [5.163880268810317e-05, 5.639411756419577e-05, 7.153265323722735e-05, 0.0001235838426509872, 6.588857650058344e-05, 4.2344050598330796e-05], [5.457410225062631e-05, 6.002794543746859e-05, 6.931264215381816e-05, 6.588857650058344e-05, 6.219938222784549e-05, 4.6045730414334685e-05], [4.4329481170279905e-05, 4.8762085498310626e-05, 5.534267984330654e-05, 4.2344050598330796e-05, 4.6045730414334685e-05, 4.097061901120469e-05]]</COVARIANCE_MATRIX>
		<ROI_SIZE>8677</ROI_SIZE>
		<MAX_VALUE>[0.15895500779151917, 0.15116626024246216, 0.1343092918395996, 0.1576678305864334, 0.07376101613044739, 0.05904373154044151]</MAX_VALUE>
		<MIN_VALUE>[0.0998944565653801, 0.08328751474618912, 0.05568801611661911, 0.025558024644851685, 0.008111364208161831, 0.0019542239606380463]</MIN_VALUE>
		<SIGNATURE_THRESHOLD_MD>0.0</SIGNATURE_THRESHOLD_MD>
		<SIGNATURE_THRESHOLD_ML>0.0</SIGNATURE_THRESHOLD_ML>
		<SIGNATURE_THRESHOLD_SAM>0.0</SIGNATURE_THRESHOLD_SAM>
	</signature>
	<signature ID="20200821_124118524581_654">
		<MACROCLASSID>1</MACROCLASSID>
		<MACROCLASSINFO>MC 1</MACROCLASSINFO>
		<CLASSID>13</CLASSID>
		<CLASSINFO>C 1</CLASSINFO>
		<VALUES>[0.12115391731901161, 0.005443510125492829, 0.1063287746676955, 0.006649618742361239, 0.08196099803782825, 0.007703305951199155, 0.0431146633232255, 0.0061401001563543695, 0.020234468361026662, 0.005029722873190214, 0.014806708491463327, 0.004171053345234702]</VALUES>
		<LCS_MIN>[0.09286344796419144, 0.063232421875, 0.04139323532581329, 0.025558024644851685, 0.002143213292583823, 0.0]</LCS_MIN>
		<LCS_MAX>[0.139268159866333, 0.1218549832701683, 0.11143766343593597, 0.12464039027690887, 0.08370793610811234, 0.06665567308664322]</LCS_MAX>
		<WAVELENGTH>[0.485, 0.56, 0.66, 0.835, 1.65, 2.22]</WAVELENGTH>
		<MEAN_VALUE>[0.12115391731901161, 0.1063287746676955, 0.08196099803782825, 0.0431146633232255, 0.020234468361026662, 0.014806708491463327]</MEAN_VALUE>
		<CHECKBOX>2</CHECKBOX>
		<SD>[0.005443510125492829, 0.006649618742361239, 0.007703305951199155, 0.0061401001563543695, 0.005029722873190214, 0.004171053345234702]</SD>
		<WAVELENGTH_UNIT>E-6m</WAVELENGTH_UNIT>
		<COLOR>#7a76fe</COLOR>
		<COVARIANCE_MATRIX>[[2.489785765646957e-05, 2.7566065909923054e-05, 3.1424198823515326e-05, 1.799057463358622e-05, 1.709484240564052e-05, 1.378237811877625e-05], [2.7566065909923054e-05, 3.707253563334234e-05, 3.8937185308896005e-05, 1.931556107592769e-05, 1.9517170585459098e-05, 1.6242982383118942e-05], [3.1424198823515326e-05, 3.8937185308896005e-05, 4.917032492812723e-05, 2.6105803044629283e-05, 2.2412306861951947e-05, 1.8038843336398713e-05], [1.799057463358622e-05, 1.931556107592769e-05, 2.6105803044629283e-05, 3.8205220334930345e-05, 2.277390012750402e-05, 1.4796155483054463e-05], [1.709484240564052e-05, 1.9517170585459098e-05, 2.2412306861951947e-05, 2.277390012750402e-05, 2.211600076407194e-05, 1.486307883169502e-05], [1.378237811877625e-05, 1.6242982383118942e-05, 1.8038843336398713e-05, 1.4796155483054463e-05, 1.486307883169502e-05, 1.5236892068060115e-05]]</COVARIANCE_MATRIX>
		<ROI_SIZE>10091</ROI_SIZE>
		<MAX_VALUE>[0.139268159866333, 0.1218549832701683, 0.11143766343593597, 0.12464039027690887, 0.08370793610811234, 0.06665567308664322]</MAX_VALUE>
		<MIN_VALUE>[0.09286344796419144, 0.063232421875, 0.04139323532581329, 0.025558024644851685, 0.002143213292583823, 0.0]</MIN_VALUE>
		<SIGNATURE_THRESHOLD_MD>0.0</SIGNATURE_THRESHOLD_MD>
		<SIGNATURE_THRESHOLD_ML>0.0</SIGNATURE_THRESHOLD_ML>
		<SIGNATURE_THRESHOLD_SAM>0.0</SIGNATURE_THRESHOLD_SAM>
	</signature>
	<signature ID="20200821_124127218454_341">
		<MACROCLASSID>1</MACROCLASSID>
		<MACROCLASSINFO>MC 1</MACROCLASSINFO>
		<CLASSID>14</CLASSID>
		<CLASSINFO>C 1</CLASSINFO>
		<VALUES>[0.12211283707965326, 0.007021973452108815, 0.10873689187742065, 0.008259566454835627, 0.07973019765541625, 0.00860147320348254, 0.045311864004607516, 0.008489180119613443, 0.026706368572850466, 0.007743244558820084, 0.019817594617882087, 0.006039438185132126]</VALUES>
		<LCS_MIN>[0.09848825633525848, 0.07711672782897949, 0.049970101565122604, 0.025558024644851685, 0.002143213292583823, 0.0019542239606380463]</LCS_MIN>
		<LCS_MAX>[0.15614260733127594, 0.14345277845859528, 0.1243029534816742, 0.12464039027690887, 0.09962298721075058, 0.06855865567922592]</LCS_MAX>
		<WAVELENGTH>[0.485, 0.56, 0.66, 0.835, 1.65, 2.22]</WAVELENGTH>
		<MEAN_VALUE>[0.12211283707965326, 0.10873689187742065, 0.07973019765541625, 0.045311864004607516, 0.026706368572850466, 0.019817594617882087]</MEAN_VALUE>
		<CHECKBOX>2</CHECKBOX>
		<SD>[0.007021973452108815, 0.008259566454835627, 0.00860147320348254, 0.008489180119613443, 0.007743244558820084, 0.006039438185132126]</SD>
		<WAVELENGTH_UNIT>E-6m</WAVELENGTH_UNIT>
		<COLOR>#52207c</COLOR>
		<COVARIANCE_MATRIX>[[4.5996104745427147e-05, 5.185331974644214e-05, 5.4093776270747185e-05, 4.192367123323493e-05, 4.319324216339737e-05, 3.4128785046050325e-05], [5.185331974644214e-05, 6.367353489622474e-05, 6.421083526220173e-05, 4.935249307891354e-05, 5.096061067888513e-05, 4.02332516387105e-05], [5.4093776270747185e-05, 6.421083526220173e-05, 7.14039197191596e-05, 5.5714957852615044e-05, 5.498297105077654e-05, 4.280084613128565e-05], [4.192367123323493e-05, 4.935249307891354e-05, 5.5714957852615044e-05, 7.285538595169783e-05, 5.946419696556404e-05, 4.2606927308952436e-05], [4.319324216339737e-05, 5.096061067888513e-05, 5.498297105077654e-05, 5.946419696556404e-05, 6.0110207414254546e-05, 4.314756370149553e-05], [3.4128785046050325e-05, 4.02332516387105e-05, 4.280084613128565e-05, 4.2606927308952436e-05, 4.314756370149553e-05, 3.64098850695882e-05]]</COVARIANCE_MATRIX>
		<ROI_SIZE>9512</ROI_SIZE>
		<MAX_VALUE>[0.15614260733127594, 0.14345277845859528, 0.1243029534816742, 0.12464039027690887, 0.09962298721075058, 0.06855865567922592]</MAX_VALUE>
		<MIN_VALUE>[0.09848825633525848, 0.07711672782897949, 0.049970101565122604, 0.025558024644851685, 0.002143213292583823, 0.0019542239606380463]</MIN_VALUE>
		<SIGNATURE_THRESHOLD_MD>0.0</SIGNATURE_THRESHOLD_MD>
		<SIGNATURE_THRESHOLD_ML>0.0</SIGNATURE_THRESHOLD_ML>
		<SIGNATURE_THRESHOLD_SAM>0.0</SIGNATURE_THRESHOLD_SAM>
	</signature>
	<signature ID="20200821_124135349999_884">
		<MACROCLASSID>1</MACROCLASSID>
		<MACROCLASSINFO>MC 1</MACROCLASSINFO>
		<CLASSID>15</CLASSID>
		<CLASSINFO>C 1</CLASSINFO>
		<VALUES>[0.14449240111721526, 0.008568229902914545, 0.13520592815014537, 0.010091029869384751, 0.1151927902703334, 0.010647234705980006, 0.0757747706289882, 0.009590902163355222, 0.048441593478920214, 0.008598775837256547, 0.03632888311852256, 0.006580322232948841]</VALUES>
		<LCS_MIN>[0.09708204865455627, 0.07711672782897949, 0.058546971529722214, 0.03876899927854538, 0.008111364208161831, 0.0019542239606380463]</LCS_MIN>
		<LCS_MAX>[0.1617674082517624, 0.15579436719417572, 0.1343092918395996, 0.16427333652973175, 0.13344250619411469, 0.09710341691970825]</LCS_MAX>
		<WAVELENGTH>[0.485, 0.56, 0.66, 0.835, 1.65, 2.22]</WAVELENGTH>
		<MEAN_VALUE>[0.14449240111721526, 0.13520592815014537, 0.1151927902703334, 0.0757747706289882, 0.048441593478920214, 0.03632888311852256]</MEAN_VALUE>
		<CHECKBOX>2</CHECKBOX>
		<SD>[0.008568229902914545, 0.010091029869384751, 0.010647234705980006, 0.009590902163355222, 0.008598775837256547, 0.006580322232948841]</SD>
		<WAVELENGTH_UNIT>E-6m</WAVELENGTH_UNIT>
		<COLOR>#8fabb3</COLOR>
		<COVARIANCE_MATRIX>[[5.880572643945925e-05, 6.688319990644231e-05, 7.200948311947286e-05, 3.0922288715373725e-05, 3.814469528151676e-05, 3.362243660376407e-05], [6.688319990644231e-05, 8.207082282751799e-05, 8.610648364992812e-05, 3.485257184365764e-05, 4.3240084778517485e-05, 3.862954690703191e-05], [7.200948311947286e-05, 8.610648364992812e-05, 9.693633910501376e-05, 4.228127363603562e-05, 4.922410880681127e-05, 4.281479778001085e-05], [3.0922288715373725e-05, 3.485257184365764e-05, 4.228127363603562e-05, 7.09889573045075e-05, 5.1806255214614794e-05, 3.378010660526343e-05], [3.814469528151676e-05, 4.3240084778517485e-05, 4.922410880681127e-05, 5.1806255214614794e-05, 5.32814119651448e-05, 3.695781924761832e-05], [3.362243660376407e-05, 3.862954690703191e-05, 4.281479778001085e-05, 3.378010660526343e-05, 3.695781924761832e-05, 3.242280945414677e-05]]</COVARIANCE_MATRIX>
		<ROI_SIZE>9234</ROI_SIZE>
		<MAX_VALUE>[0.1617674082517624, 0.15579436719417572, 0.1343092918395996, 0.16427333652973175, 0.13344250619411469, 0.09710341691970825]</MAX_VALUE>
		<MIN_VALUE>[0.09708204865455627, 0.07711672782897949, 0.058546971529722214, 0.03876899927854538, 0.008111364208161831, 0.0019542239606380463]</MIN_VALUE>
		<SIGNATURE_THRESHOLD_MD>0.0</SIGNATURE_THRESHOLD_MD>
		<SIGNATURE_THRESHOLD_ML>0.0</SIGNATURE_THRESHOLD_ML>
		<SIGNATURE_THRESHOLD_SAM>0.0</SIGNATURE_THRESHOLD_SAM>
	</signature>
	<signature ID="20200821_124142618389_913">
		<MACROCLASSID>1</MACROCLASSID>
		<MACROCLASSINFO>MC 1</MACROCLASSINFO>
		<CLASSID>16</CLASSID>
		<CLASSINFO>C 1</CLASSINFO>
		<VALUES>[0.12618908028643902, 0.007266612810886587, 0.11147028072168497, 0.00835694600346383, 0.08420633646127806, 0.008869581776203204, 0.05733958961989226, 0.009428425449190578, 0.04194467121972436, 0.009440893060853613, 0.03190171515768631, 0.007469173240801133]</VALUES>
		<LCS_MIN>[0.09426964819431305, 0.07557402551174164, 0.0456816665828228, 0.01895252987742424, 0.00015383002755697817, 0.0]</LCS_MIN>
		<LCS_MAX>[0.1505177915096283, 0.1388246715068817, 0.11286713927984238, 0.09161293506622314, 0.07177163660526276, 0.055237770080566406]</LCS_MAX>
		<WAVELENGTH>[0.485, 0.56, 0.66, 0.835, 1.65, 2.22]</WAVELENGTH>
