<?xml version="1.0" ?>
<signaturelist MCID_LIST="[['1', 'waterbody', '#000000'], ['2', 'vegetation', '#000000'], ['3', 'bareland', '#000000'], ['4', 'built-up', '#000000']]">
	<signature ID="20210511_114634486930_405">
		<MACROCLASSID>1</MACROCLASSID>
		<MACROCLASSINFO>waterbody</MACROCLASSINFO>
		<CLASSID>1</CLASSID>
		<CLASSINFO>C 1</CLASSINFO>
		<VALUES>[0.1587371653507626, 0.0007598387241600926, 0.1359163713715379, 0.0012757749394833172, 0.12038283268847162, 0.0021855989569046197, 0.12957191561895703, 0.013580005342011113, 0.046616937056006426, 0.015443732952811387, 0.024705436513093974, 0.01018928834163718]</VALUES>
		<LCS_MIN>[0.1568593531847, 0.13231869041919708, 0.1136859580874443, 0.10746707767248154, 0.022794589400291443, 0.008969534188508987]</LCS_MIN>
		<LCS_MAX>[0.1604471504688263, 0.1383940577507019, 0.12468858808279037, 0.16551794111728668, 0.087112195789814, 0.052788734436035156]</LCS_MAX>
		<WAVELENGTH>[0.48, 0.56, 0.655, 0.865, 1.61, 2.2]</WAVELENGTH>
		<MEAN_VALUE>[0.1587371653507626, 0.1359163713715379, 0.12038283268847162, 0.12957191561895703, 0.046616937056006426, 0.024705436513093974]</MEAN_VALUE>
		<CHECKBOX>2</CHECKBOX>
		<SD>[0.0007598387241600926, 0.0012757749394833172, 0.0021855989569046197, 0.013580005342011113, 0.015443732952811387, 0.01018928834163718]</SD>
		<WAVELENGTH_UNIT>E-6m</WAVELENGTH_UNIT>
		<COLOR>#db501b</COLOR>
		<COVARIANCE_MATRIX>[[5.796551054055348e-07, 7.843904078705242e-07, 1.2016702413205317e-06, -2.439423210761383e-06, -2.2563823011399554e-06, -9.519548303575422e-07], [7.843904078705242e-07, 1.6340861651228677e-06, 2.6533959901315048e-06, -8.174105517742195e-06, -7.492061819818603e-06, -3.748798394526804e-06], [1.2016702413205317e-06, 2.6533959901315048e-06, 4.7958740466393525e-06, -1.550505642407066e-05, -1.2312877498258414e-05, -5.482747193054912e-06], [-2.439423210761383e-06, -8.174105517742195e-06, -1.550505642407066e-05, 0.00018515127236032151, 0.00018253222429380733, 0.0001071552613127585], [-2.2563823011399554e-06, -7.492061819818603e-06, -1.2312877498258414e-05, 0.00018253222429380733, 0.000239459122129377, 0.0001508269698034718], [-9.519548303575422e-07, -3.748798394526804e-06, -5.482747193054912e-06, 0.0001071552613127585, 0.0001508269698034718, 0.00010423522876921872]]</COVARIANCE_MATRIX>
		<ROI_SIZE>252</ROI_SIZE>
		<MAX_VALUE>[0.1604471504688263, 0.1383940577507019, 0.12468858808279037, 0.16551794111728668, 0.087112195789814, 0.052788734436035156]</MAX_VALUE>
		<MIN_VALUE>[0.1568593531847, 0.13231869041919708, 0.1136859580874443, 0.10746707767248154, 0.022794589400291443, 0.008969534188508987]</MIN_VALUE>
		<SIGNATURE_THRESHOLD_MD>0</SIGNATURE_THRESHOLD_MD>
		<SIGNATURE_THRESHOLD_ML>0</SIGNATURE_THRESHOLD_ML>
		<SIGNATURE_THRESHOLD_SAM>0</SIGNATURE_THRESHOLD_SAM>
	</signature>
	<signature ID="20210511_114701135131_554">
		<MACROCLASSID>1</MACROCLASSID>
		<MACROCLASSINFO>waterbody</MACROCLASSINFO>
		<CLASSID>2</CLASSID>
		<CLASSINFO>C 1</CLASSINFO>
		<VALUES>[0.15525645521325118, 0.0009470363524694567, 0.13492010239983945, 0.0013063745008496453, 0.12183181542745782, 0.002155262118378608, 0.12066821691016077, 0.009985360378366595, 0.04275498242760208, 0.01282111165260878, 0.023027715843800516, 0.008694867821558538]</VALUES>
		<LCS_MIN>[0.15298451483249664, 0.12983112037181854, 0.1140686646103859, 0.10364006459712982, 0.014494773000478745, 0.007008194457739592]</LCS_MIN>
		<LCS_MAX>[0.15681152045726776, 0.1367436647415161, 0.12483210116624832, 0.148942232131958, 0.06955581158399582, 0.04317338764667511]</LCS_MAX>
		<WAVELENGTH>[0.48, 0.56, 0.655, 0.865, 1.61, 2.2]</WAVELENGTH>
		<MEAN_VALUE>[0.15525645521325118, 0.13492010239983945, 0.12183181542745782, 0.12066821691016077, 0.04275498242760208, 0.023027715843800516]</MEAN_VALUE>
		<CHECKBOX>2</CHECKBOX>
		<SD>[0.0009470363524694567, 0.0013063745008496453, 0.002155262118378608, 0.009985360378366595, 0.01282111165260878, 0.008694867821558538]</SD>
		<WAVELENGTH_UNIT>E-6m</WAVELENGTH_UNIT>
		<COLOR>#f9b2ba</COLOR>
		<COVARIANCE_MATRIX>[[9.096903936543176e-07, 9.483006360856331e-07, 1.119776392816677e-06, -5.946710330031112e-08, -6.285921027522045e-07, -3.703879522247833e-07], [9.483006360856331e-07, 1.7309945412768648e-06, 2.5539108908924675e-06, -5.310404736564828e-06, -4.6190629976002566e-06, -2.122640060653607e-06], [1.119776392816677e-06, 2.5539108908924675e-06, 4.711514153188109e-06, -1.0698772897698647e-05, -6.518112213950133e-06, -1.4353677883232594e-06], [-5.946710330031112e-08, -5.310404736564828e-06, -1.0698772897698647e-05, 0.00010113181362707993, 0.00011181536391464282, 6.513660181542759e-05], [-6.285921027522045e-07, -4.6190629976002566e-06, -6.518112213950133e-06, 0.00011181536391464282, 0.0001667292026373557, 0.00010732561935683316], [-3.703879522247833e-07, -2.122640060653607e-06, -1.4353677883232594e-06, 6.513660181542759e-05, 0.00010732561935683316, 7.668073681200806e-05]]</COVARIANCE_MATRIX>
		<ROI_SIZE>71</ROI_SIZE>
		<MAX_VALUE>[0.15681152045726776, 0.1367436647415161, 0.12483210116624832, 0.148942232131958, 0.06955581158399582, 0.04317338764667511]</MAX_VALUE>
		<MIN_VALUE>[0.15298451483249664, 0.12983112037181854, 0.1140686646103859, 0.10364006459712982, 0.014494773000478745, 0.007008194457739592]</MIN_VALUE>
		<SIGNATURE_THRESHOLD_MD>0</SIGNATURE_THRESHOLD_MD>
		<SIGNATURE_THRESHOLD_ML>0</SIGNATURE_THRESHOLD_ML>
		<SIGNATURE_THRESHOLD_SAM>0</SIGNATURE_THRESHOLD_SAM>
	</signature>
	<signature ID="20210511_114711606361_371">
		<MACROCLASSID>1</MACROCLASSID>
		<MACROCLASSINFO>waterbody</MACROCLASSINFO>
		<CLASSID>3</CLASSID>
		<CLASSINFO>C 1</CLASSINFO>
		<VALUES>[0.1522134264931083, 0.00033544409867844005, 0.13024851344525806, 0.0007414817126276737, 0.11399779589846731, 0.0010520013405478867, 0.11384322037920357, 0.00953029496241602, 0.03854181997012348, 0.012727689847576636, 0.019973372283857316, 0.008479541437565562]</VALUES>
		<LCS_MIN>[0.1512862592935562, 0.12827640771865845, 0.11119839549064636, 0.09947819262742996, 0.019278530031442642, 0.007127790711820126]</LCS_MIN>
		<LCS_MAX>[0.1528409868478775, 0.13152936100959778, 0.11693891137838364, 0.1404510736465454, 0.07125403732061386, 0.04137948527932167]</LCS_MAX>
		<WAVELENGTH>[0.48, 0.56, 0.655, 0.865, 1.61, 2.2]</WAVELENGTH>
		<MEAN_VALUE>[0.1522134264931083, 0.13024851344525806, 0.11399779589846731, 0.11384322037920357, 0.03854181997012348, 0.019973372283857316]</MEAN_VALUE>
		<CHECKBOX>2</CHECKBOX>
		<SD>[0.00033544409867844005, 0.0007414817126276737, 0.0010520013405478867, 0.00953029496241602, 0.012727689847576636, 0.008479541437565562]</SD>
		<WAVELENGTH_UNIT>E-6m</WAVELENGTH_UNIT>
		<COLOR>#6f6216</COLOR>
		<COVARIANCE_MATRIX>[[1.1394708186146166e-07, 1.6710258851033388e-07, 2.14587751959003e-07, -1.2909968537930527e-06, -1.3280100131456804e-06, -8.359187498636606e-07], [1.6710258851033388e-07, 5.567545621886203e-07, 6.873532491168318e-07, -2.2565624250068013e-06, -2.284721964219611e-06, -1.1088673067420225e-06], [2.14587751959003e-07, 6.873532491168318e-07, 1.120715767609684e-06, -1.523645515351926e-06, -5.8381077849427986e-08, 6.273608930289979e-07], [-1.2909968537930527e-06, -2.2565624250068013e-06, -1.523645515351926e-06, 9.197622488167303e-05, 0.00010942542808659481, 7.148792949814039e-05], [-1.3280100131456804e-06, -2.284721964219611e-06, -5.8381077849427986e-08, 0.00010942542808659481, 0.00016404464694289142, 0.00010600480355252633], [-8.359187498636606e-07, -1.1088673067420225e-06, 6.273608930289979e-07, 7.148792949814039e-05, 0.00010600480355252633, 7.281278277609258e-05]]</COVARIANCE_MATRIX>
		<ROI_SIZE>80</ROI_SIZE>
		<MAX_VALUE>[0.1528409868478775, 0.13152936100959778, 0.11693891137838364, 0.1404510736465454, 0.07125403732061386, 0.04137948527932167]</MAX_VALUE>
		<MIN_VALUE>[0.1512862592935562, 0.12827640771865845, 0.11119839549064636, 0.09947819262742996, 0.019278530031442642, 0.007127790711820126]</MIN_VALUE>
		<SIGNATURE_THRESHOLD_MD>0</SIGNATURE_THRESHOLD_MD>
		<SIGNATURE_THRESHOLD_ML>0</SIGNATURE_THRESHOLD_ML>
		<SIGNATURE_THRESHOLD_SAM>0</SIGNATURE_THRESHOLD_SAM>
	</signature>
	<signature ID="20210511_114722697383_786">
		<MACROCLASSID>1</MACROCLASSID>
		<MACROCLASSINFO>waterbody</MACROCLASSINFO>
		<CLASSID>4</CLASSID>
		<CLASSINFO>C 1</CLASSINFO>
		<VALUES>[0.15813231080770498, 0.0006805614729348402, 0.13746648341417314, 0.001333288454222069, 0.12582425698637964, 0.002454394935927409, 0.13671878039836882, 0.020180309483764293, 0.06462710287421938, 0.02702793018134051, 0.03822316171601414, 0.01747880664528974]</VALUES>
		<LCS_MIN>[0.15604610741138458, 0.13344286382198334, 0.11823051422834396, 0.10550572723150253, 0.023009857162833214, 0.01241383794695139]</LCS_MIN>
		<LCS_MAX>[0.15972961485385895, 0.14095336198806763, 0.1318403035402298, 0.17448747158050537, 0.1153363510966301, 0.0753919929265976]</LCS_MAX>
		<WAVELENGTH>[0.48, 0.56, 0.655, 0.865, 1.61, 2.2]</WAVELENGTH>
		<MEAN_VALUE>[0.15813231080770498, 0.13746648341417314, 0.12582425698637964, 0.13671878039836882, 0.06462710287421938, 0.03822316171601414]</MEAN_VALUE>
		<CHECKBOX>2</CHECKBOX>
		<SD>[0.0006805614729348402, 0.001333288454222069, 0.002454394935927409, 0.020180309483764293, 0.02702793018134051, 0.01747880664528974]</SD>
		<WAVELENGTH_UNIT>E-6m</WAVELENGTH_UNIT>
		<COLOR>#010b13</COLOR>
		<COVARIANCE_MATRIX>[[4.7261624330942075e-07, 7.854541759449882e-07, 1.1053813784271359e-06, -1.8833632511882512e-06, 2.2855450009873681e-07, 9.184788520316841e-07], [7.854541759449882e-07, 1.8139368389406978e-06, 2.7515580519603537e-06, -9.445545591129541e-06, -6.274831160687216e-06, -1.8163957709246148e-06], [1.1053813784271359e-06, 2.7515580519603537e-06, 6.146994389291955e-06, -6.587635406169477e-06, 7.500768972383439e-06, 1.0295337529405086e-05], [-1.8833632511882512e-06, -9.445545591129541e-06, -6.587635406169477e-06, 0.0004155560110821501, 0.0005236787826005043, 0.0003155218409533465], [2.2855450009873681e-07, -6.274831160687216e-06, 7.500768972383439e-06, 0.0005236787826005043, 0.0007454173570279765, 0.0004720038991897483], [9.184788520316841e-07, -1.8163957709246148e-06, 1.0295337529405086e-05, 0.0003155218409533465, 0.0004720038991897483, 0.00031174355279941303]]</COVARIANCE_MATRIX>
		<ROI_SIZE>50</ROI_SIZE>
		<MAX_VALUE>[0.15972961485385895, 0.14095336198806763, 0.1318403035402298, 0.17448747158050537, 0.1153363510966301, 0.0753919929265976]</MAX_VALUE>
		<MIN_VALUE>[0.15604610741138458, 0.13344286382198334, 0.11823051422834396, 0.10550572723150253, 0.023009857162833214, 0.01241383794695139]</MIN_VALUE>
		<SIGNATURE_THRESHOLD_MD>0</SIGNATURE_THRESHOLD_MD>
		<SIGNATURE_THRESHOLD_ML>0</SIGNATURE_THRESHOLD_ML>
		<SIGNATURE_THRESHOLD_SAM>0</SIGNATURE_THRESHOLD_SAM>
	</signature>
	<signature ID="20210511_114739170473_314">
		<MACROCLASSID>1</MACROCLASSID>
		<MACROCLASSINFO>waterbody</MACROCLASSINFO>
		<CLASSID>5</CLASSID>
		<CLASSINFO>C 1</CLASSINFO>
		<VALUES>[0.15442385655992172, 0.0005493196649315307, 0.13066406854811832, 0.0009844471884873664, 0.11580206256578951, 0.002222533425016105, 0.12781702946214119, 0.015750694271585566, 0.05924611018203638, 0.020784545896246853, 0.03338639125885333, 0.013894907218298459]</VALUES>
		<LCS_MIN>[0.15327154099941254, 0.12818072736263275, 0.11141367256641388, 0.09636875241994858, 0.030592115595936775, 0.015786385163664818]</LCS_MIN>
		<LCS_MAX>[0.15571126341819763, 0.13327543437480927, 0.12174657732248306, 0.15456315875053406, 0.0960099846124649, 0.059198975563049316]</LCS_MAX>
		<WAVELENGTH>[0.48, 0.56, 0.655, 0.865, 1.61, 2.2]</WAVELENGTH>
		<MEAN_VALUE>[0.15442385655992172, 0.13066406854811832, 0.11580206256578951, 0.12781702946214119, 0.05924611018203638, 0.03338639125885333]</MEAN_VALUE>
		<CHECKBOX>2</CHECKBOX>
		<SD>[0.0005493196649315307, 0.0009844471884873664, 0.002222533425016105, 0.015750694271585566, 0.020784545896246853, 0.013894907218298459]</SD>
		<WAVELENGTH_UNIT>E-6m</WAVELENGTH_UNIT>
		<COLOR>#762023</COLOR>
		<COVARIANCE_MATRIX>[[3.1089609713747005e-07, 4.5276514684839923e-07, 1.0608167579086266e-06, -2.7162144262140126e-06, -1.7434908027026282e-06, 7.808175062372818e-07], [4.5276514684839923e-07, 9.985040325849547e-07, 1.94133435740684e-06, -3.889405940420551e-06, -3.4304732164062208e-06, 1.569225866943699e-06], [1.0608167579086266e-06, 1.94133435740684e-06, 5.089341335171813e-06, -3.459424309928125e-06, 2.627583605984178e-06, 1.00589814463552e-05], [-2.7162144262140126e-06, -3.889405940420551e-06, -3.459424309928125e-06, 0.00025560207821989644, 0.00031782748814960686, 0.00019102799907735128], [-1.7434908027026282e-06, -3.4304732164062208e-06, 2.627583605984178e-06, 0.00031782748814960686, 0.0004450881768438948, 0.00028152302615040806], [7.808175062372818e-07, 1.569225866943699e-06, 1.00589814463552e-05, 0.00019102799907735128, 0.00028152302615040806, 0.00019891900559315662]]</COVARIANCE_MATRIX>
		<ROI_SIZE>34</ROI_SIZE>
		<MAX_VALUE>[0.15571126341819763, 0.13327543437480927, 0.12174657732248306, 0.15456315875053406, 0.0960099846124649, 0.059198975563049316]</MAX_VALUE>
		<MIN_VALUE>[0.15327154099941254, 0.12818072736263275, 0.11141367256641388, 0.09636875241994858, 0.030592115595936775, 0.015786385163664818]</MIN_VALUE>
		<SIGNATURE_THRESHOLD_MD>0</SIGNATURE_THRESHOLD_MD>
		<SIGNATURE_THRESHOLD_ML>0</SIGNATURE_THRESHOLD_ML>
		<SIGNATURE_THRESHOLD_SAM>0</SIGNATURE_THRESHOLD_SAM>
	</signature>
	<signature ID="20210511_114822989589_198">
		<MACROCLASSID>1</MACROCLASSID>
		<MACROCLASSINFO>waterbody</MACROCLASSINFO>
		<CLASSID>6</CLASSID>
		<CLASSINFO>C 1</CLASSINFO>
		<VALUES>[0.158001739142546, 0.001267105621473445, 0.1295159023199509, 0.0012920749399058633, 0.10940913366737648, 0.0017361533309158714, 0.14549043374275097, 0.014902141918489424, 0.06335655813897721, 0.01912872491454252, 0.031611340217737115, 0.011081471578627981]</VALUES>
		<LCS_MIN>[0.15513721108436584, 0.12641075253486633, 0.10533830523490906, 0.11770430207252502, 0.024301478639245033, 0.010596019215881824]</LCS_MIN>
		<LCS_MAX>[0.15992094576358795, 0.13150544464588165, 0.1127052754163742, 0.17939086258411407, 0.09895198047161102, 0.053817249834537506]</LCS_MAX>
		<WAVELENGTH>[0.48, 0.56, 0.655, 0.865, 1.61, 2.2]</WAVELENGTH>
		<MEAN_VALUE>[0.158001739142546, 0.1295159023199509, 0.10940913366737648, 0.14549043374275097, 0.06335655813897721, 0.031611340217737115]</MEAN_VALUE>
		<CHECKBOX>2</CHECKBOX>
		<SD>[0.001267105621473445, 0.0012920749399058633, 0.0017361533309158714, 0.014902141918489424, 0.01912872491454252, 0.011081471578627981]</SD>
		<WAVELENGTH_UNIT>E-6m</WAVELENGTH_UNIT>
		<COLOR>#71078b</COLOR>
		<COVARIANCE_MATRIX>[[1.6298832719691355e-06, 1.4902098008240738e-06, 1.5088729399795426e-06, 6.868473119956617e-07, -2.323586737553207e-06, -1.4371931384211669e-06], [1.4902098008240738e-06, 1.6947524632166375e-06, 1.978065292090516e-06, 1.1518485185265408e-06, -1.3115363429115266e-06, -5.686513376155099e-07], [1.5088729399795426e-06, 1.978065292090516e-06, 3.0598985155479477e-06, -1.2838864164921657e-06, -2.5606002895626135e-06, -3.3639578633113105e-07], [6.868473119956617e-07, 1.1518485185265408e-06, -1.2838864164921657e-06, 0.00022543858881575126, 0.000256432270736131, 0.00013282542629120203], [-2.323586737553207e-06, -1.3115363429115266e-06, -2.5606002895626135e-06, 0.000256432270736131, 0.00037145217923284946, 0.00020705607579483002], [-1.4371931384211669e-06, -5.686513376155099e-07, -3.3639578633113105e-07, 0.00013282542629120203, 0.00020705607579483002, 0.0001246596034441206]]</COVARIANCE_MATRIX>
		<ROI_SIZE>67</ROI_SIZE>
		<MAX_VALUE>[0.15992094576358795, 0.13150544464588165, 0.1127052754163742, 0.17939086258411407, 0.09895198047161102, 0.053817249834537506]</MAX_VALUE>
		<MIN_VALUE>[0.15513721108436584, 0.12641075253486633, 0.10533830523490906, 0.11770430207252502, 0.024301478639245033, 0.010596019215881824]</MIN_VALUE>
		<SIGNATURE_THRESHOLD_MD>0</SIGNATURE_THRESHOLD_MD>
		<SIGNATURE_THRESHOLD_ML>0</SIGNATURE_THRESHOLD_ML>
		<SIGNATURE_THRESHOLD_SAM>0</SIGNATURE_THRESHOLD_SAM>
	</signature>
	<signature ID="20210511_114929611656_373">
		<MACROCLASSID>1</MACROCLASSID>
		<MACROCLASSINFO>waterbody</MACROCLASSINFO>
		<CLASSID>7</CLASSID>
		<CLASSINFO>C 1</CLASSINFO>
		<VALUES>[0.15290866719513402, 0.00039708710969525794, 0.12580285766502708, 0.0007819935854243804, 0.10708845261393526, 0.0023901328757220384, 0.14015296047053685, 0.01524075650476037, 0.06611850099047509, 0.02192965888904138, 0.03686700195710105, 0.015119018649179878]</VALUES>
		<LCS_MIN>[0.1519560068845749, 0.12478426843881607, 0.1046924889087677, 0.11177246272563934, 0.029037395492196083, 0.015427607111632824]</LCS_MIN>
		<LCS_MAX>[0.15384559333324432, 0.12839600443840027, 0.11519283801317215, 0.17204776406288147, 0.11562337726354599, 0.07264133542776108]</LCS_MAX>
		<WAVELENGTH>[0.48, 0.56, 0.655, 0.865, 1.61, 2.2]</WAVELENGTH>
		<MEAN_VALUE>[0.15290866719513402, 0.12580285766502708, 0.10708845261393526, 0.14015296047053685, 0.06611850099047509, 0.03686700195710105]</MEAN_VALUE>
		<CHECKBOX>2</CHECKBOX>
		<SD>[0.00039708710969525794, 0.0007819935854243804, 0.0023901328757220384, 0.01524075650476037, 0.02192965888904138, 0.015119018649179878]</SD>
		<WAVELENGTH_UNIT>E-6m</WAVELENGTH_UNIT>
		<COLOR>#ee28ac</COLOR>
		<COVARIANCE_MATRIX>[[1.616201270032838e-07, 1.5873382032811463e-07, 2.882642291163467e-07, 3.1952966088559157e-07, 1.264974454069544e-06, 1.3768417789723252e-06], [1.5873382032811463e-07, 6.268018168360101e-07, 1.5772172984427538e-06, 6.476283430943968e-06, 1.1287548417958096e-05, 8.801118530639279e-06], [2.882642291163467e-07, 1.5772172984427538e-06, 5.855553542697455e-06, 1.7824761377441845e-05, 3.331400578590411e-05, 2.7445990854663227e-05], [3.1952966088559157e-07, 6.476283430943968e-06, 1.7824761377441845e-05, 0.00023808767530833052, 0.00030152969966691293, 0.0001899008275145445], [1.264974454069544e-06, 1.1287548417958096e-05, 3.331400578590411e-05, 0.00030152969966691293, 0.0004929326874644542, 0.0003276296926825695], [1.3768417789723252e-06, 8.801118530639279e-06, 2.7445990854663227e-05, 0.0001899008275145445, 0.0003276296926825695, 0.0002342993430371051]]</COVARIANCE_MATRIX>
		<ROI_SIZE>41</ROI_SIZE>
		<MAX_VALUE>[0.15384559333324432, 0.12839600443840027, 0.11519283801317215, 0.17204776406288147, 0.11562337726354599, 0.07264133542776108]</MAX_VALUE>
		<MIN_VALUE>[0.1519560068845749, 0.12478426843881607, 0.1046924889087677, 0.11177246272563934, 0.029037395492196083, 0.015427607111632824]</MIN_VALUE>
		<SIGNATURE_THRESHOLD_MD>0</SIGNATURE_THRESHOLD_MD>
		<SIGNATURE_THRESHOLD_ML>0</SIGNATURE_THRESHOLD_ML>
		<SIGNATURE_THRESHOLD_SAM>0</SIGNATURE_THRESHOLD_SAM>
	</signature>
	<signature ID="20210511_115008675033_781">
		<MACROCLASSID>1</MACROCLASSID>
		<MACROCLASSINFO>waterbody</MACROCLASSINFO>
		<CLASSID>8</CLASSID>
		<CLASSINFO>C 1</CLASSINFO>
		<VALUES>[0.15474286312992516, 0.0010760712784253215, 0.12727375972915342, 0.001520263062477432, 0.1059879859959757, 0.002489270953267655, 0.1337538099772221, 0.017312044317294665, 0.054412631972416026, 0.021656372061194026, 0.027604852677197075, 0.01291035461191478]</VALUES>
		<LCS_MIN>[0.15351073443889618, 0.12554967403411865, 0.10294642299413681, 0.10875868052244186, 0.028606852516531944, 0.011433172971010208]</LCS_MIN>
		<LCS_MAX>[0.15827055275440216, 0.13313192129135132, 0.11629310250282288, 0.1675988882780075, 0.10055454075336456, 0.05496535822749138]</LCS_MAX>
		<WAVELENGTH>[0.48, 0.56, 0.655, 0.865, 1.61, 2.2]</WAVELENGTH>
		<MEAN_VALUE>[0.15474286312992516, 0.12727375972915342, 0.1059879859959757, 0.1337538099772221, 0.054412631972416026, 0.027604852677197075]</MEAN_VALUE>
		<CHECKBOX>2</CHECKBOX>
		<SD>[0.0010760712784253215, 0.001520263062477432, 0.002489270953267655, 0.017312044317294665, 0.021656372061194026, 0.01291035461191478]</SD>
		<WAVELENGTH_UNIT>E-6m</WAVELENGTH_UNIT>
		<COLOR>#b54c4f</COLOR>
		<COVARIANCE_MATRIX>[[1.190094101703335e-06, 1.5456476855875386e-06, 2.2795411807302028e-06, 1.6092366317905856e-06, 3.0438798987069044e-06, 3.878309198456861e-06], [1.5456476855875386e-06, 2.3753997729980616e-06, 3.6589534293751327e-06, 8.056275151652241e-06, 1.0980037879822964e-05, 9.394865527691006e-06], [2.2795411807302028e-06, 3.6589534293751327e-06, 6.368594042081548e-06, 1.6725765805437174e-05, 2.4156920448295308e-05, 1.914210853095702e-05], [1.6092366317905856e-06, 8.056275151652241e-06, 1.6725765805437174e-05, 0.0003080320695118624, 0.0003571323262444013, 0.00020403345214745487], [3.0438798987069044e-06, 1.0980037879822964e-05, 2.4156920448295308e-05, 0.0003571323262444013, 0.00048202618559877803, 0.0002817924644237985], [3.878309198456861e-06, 9.394865527691006e-06, 1.914210853095702e-05, 0.00020403345214745487, 0.0002817924644237985, 0.00017130717998887221]]</COVARIANCE_MATRIX>
		<ROI_SIZE>37</ROI_SIZE>
		<MAX_VALUE>[0.15827055275440216, 0.13313192129135132, 0.11629310250282288, 0.1675988882780075, 0.10055454075336456, 0.05496535822749138]</MAX_VALUE>
		<MIN_VALUE>[0.15351073443889618, 0.12554967403411865, 0.10294642299413681, 0.10875868052244186, 0.028606852516531944, 0.011433172971010208]</MIN_VALUE>
		<SIGNATURE_THRESHOLD_MD>0</SIGNATURE_THRESHOLD_MD>
		<SIGNATURE_THRESHOLD_ML>0</SIGNATURE_THRESHOLD_ML>
		<SIGNATURE_THRESHOLD_SAM>0</SIGNATURE_THRESHOLD_SAM>
	</signature>
	<signature ID="20210511_115016836024_183">
		<MACROCLASSID>1</MACROCLASSID>
		<MACROCLASSINFO>waterbody</MACROCLASSINFO>
		<CLASSID>9</CLASSID>
		<CLASSINFO>C 1</CLASSINFO>
		<VALUES>[0.15601601469459722, 0.0005221712377124366, 0.1332559797324632, 0.0012302890214137172, 0.1194095236191339, 0.002206090385831415, 0.12362426455226241, 0.012736532930355754, 0.046673773435884684, 0.01640771113649485, 0.025618724518290698, 0.010920641495771757]</VALUES>
		<LCS_MIN>[0.15422827005386353, 0.12786979973316193, 0.11081569641828537, 0.0992150828242302, 0.021909596398472786, 0.007390898186713457]</LCS_MIN>
		<LCS_MAX>[0.1571463793516159, 0.13581083714962006, 0.1255018264055252, 0.15910769999027252, 0.08460071682929993, 0.053386714309453964]</LCS_MAX>
		<WAVELENGTH>[0.48, 0.56, 0.655, 0.865, 1.61, 2.2]</WAVELENGTH>
		<MEAN_VALUE>[0.15601601469459722, 0.1332559797324632, 0.1194095236191339, 0.12362426455226241, 0.046673773435884684, 0.025618724518290698]</MEAN_VALUE>
		<CHECKBOX>2</CHECKBOX>
		<SD>[0.0005221712377124366, 0.0012302890214137172, 0.002206090385831415, 0.012736532930355754, 0.01640771113649485, 0.010920641495771757]</SD>
		<WAVELENGTH_UNIT>E-6m</WAVELENGTH_UNIT>
		<COLOR>#eeab22</COLOR>
		<COVARIANCE_MATRIX>[[3.314297269183399e-07, 6.210228375746681e-07, 9.882362492942137e-07, -1.9459214241665124e-06, -1.509005962365825e-06, -3.2072922645660104e-07], [6.210228375746681e-07, 1.6591061207758757e-06, 2.623439811712826e-06, -5.963383880105678e-06, -5.339486354401288e-06, -1.9347055204162722e-06], [9.882362492942137e-07, 2.623439811712826e-06, 4.915853467379372e-06, -8.963684547894586e-06, -4.968439935784254e-06, 3.566804310468558e-08], [-1.9459214241665124e-06, -5.963383880105678e-06, -8.963684547894586e-06, 0.00015511450546901352, 0.0001783384020432688, 0.00011077797124100562], [-1.509005962365825e-06, -5.339486354401288e-06, -4.968439935784254e-06, 0.0001783384020432688, 0.00026025210679920044, 0.00017074246820805272], [-3.2072922645660104e-07, -1.9347055204162722e-06, 3.566804310468558e-08, 0.00011077797124100562, 0.00017074246820805272, 0.00012241186825766697]]</COVARIANCE_MATRIX>
		<ROI_SIZE>302</ROI_SIZE>
		<MAX_VALUE>[0.1571463793516159, 0.13581083714962006, 0.1255018264055252, 0.15910769999027252, 0.08460071682929993, 0.053386714309453964]</MAX_VALUE>
		<MIN_VALUE>[0.15422827005386353, 0.12786979973316193, 0.11081569641828537, 0.0992150828242302, 0.021909596398472786, 0.007390898186713457]</MIN_VALUE>
		<SIGNATURE_THRESHOLD_MD>0</SIGNATURE_THRESHOLD_MD>
		<SIGNATURE_THRESHOLD_ML>0</SIGNATURE_THRESHOLD_ML>
		<SIGNATURE_THRESHOLD_SAM>0</SIGNATURE_THRESHOLD_SAM>
	</signature>
	<signature ID="20210511_115023118858_411">
		<MACROCLASSID>1</MACROCLASSID>
		<MACROCLASSINFO>waterbody</MACROCLASSINFO>
		<CLASSID>10</CLASSID>
		<CLASSINFO>C 1</CLASSINFO>
		<VALUES>[0.15444911066002734, 0.0006220175617272056, 0.13206122727609998, 0.0009356382217796791, 0.11703496006882097, 0.0013560720636187804, 0.11492718847131157, 0.00956702778236596, 0.03862618671099502, 0.01195022565330777, 0.020205054637484676, 0.008221159968358737]</VALUES>
		<LCS_MIN>[0.1524583101272583, 0.1288265436887741, 0.11213123053312302, 0.10407059639692307, 0.020307036116719246, 0.008921702392399311]</LCS_MIN>
		<LCS_MAX>[0.15602219104766846, 0.13382557034492493, 0.12016794830560684, 0.14655035734176636, 0.06919702142477036, 0.04291028156876564]</LCS_MAX>
		<WAVELENGTH>[0.48, 0.56, 0.655, 0.865, 1.61, 2.2]</WAVELENGTH>
		<MEAN_VALUE>[0.15444911066002734, 0.13206122727609998, 0.11703496006882097, 0.11492718847131157, 0.03862618671099502, 0.020205054637484676]</MEAN_VALUE>
		<CHECKBOX>2</CHECKBOX>
		<SD>[0.0006220175617272056, 0.0009356382217796791, 0.0013560720636187804, 0.00956702778236596, 0.01195022565330777, 0.008221159968358737]</SD>
		<WAVELENGTH_UNIT>E-6m</WAVELENGTH_UNIT>
		<COLOR>#af6339</COLOR>
		<COVARIANCE_MATRIX>[[3.8843511921995194e-07, 4.014432195346918e-07, 4.562167468053243e-07, -1.6805896177854773e-06, -2.353169500112951e-06, -1.5509638508348308e-06], [4.014432195346918e-07, 8.788790357390571e-07, 1.1443516614098556e-06, -4.5511634474776095e-06, -5.532379693095345e-06, -3.765262820213914e-06], [4.562167468053243e-07, 1.1443516614098556e-06, 1.8461999454495345e-06, -6.901136150032826e-06, -7.275439350774327e-06, -4.418727360562216e-06], [-1.6805896177854773e-06, -4.5511634474776095e-06, -6.901136150032826e-06, 9.188979142092797e-05, 0.00010459595609063048, 6.555710681464161e-05], [-2.353169500112951e-06, -5.532379693095345e-06, -7.275439350774327e-06, 0.00010459595609063048, 0.00014337235124072597, 9.56193413373515e-05], [-1.5509638508348308e-06, -3.765262820213914e-06, -4.418727360562216e-06, 6.555710681464161e-05, 9.56193413373515e-05, 6.785461538038512e-05]]</COVARIANCE_MATRIX>
		<ROI_SIZE>254</ROI_SIZE>
		<MAX_VALUE>[0.15602219104766846, 0.13382557034492493, 0.12016794830560684, 0.14655035734176636, 0.06919702142477036, 0.04291028156876564]</MAX_VALUE>
		<MIN_VALUE>[0.1524583101272583, 0.1288265436887741, 0.11213123053312302, 0.10407059639692307, 0.020307036116719246, 0.008921702392399311]</MIN_VALUE>
		<SIGNATURE_THRESHOLD_MD>0</SIGNATURE_THRESHOLD_MD>
		<SIGNATURE_THRESHOLD_ML>0</SIGNATURE_THRESHOLD_ML>
		<SIGNATURE_THRESHOLD_SAM>0</SIGNATURE_THRESHOLD_SAM>
	</signature>
	<signature ID="20210511_115030300651_535">
		<MACROCLASSID>1</MACROCLASSID>
		<MACROCLASSINFO>waterbody</MACROCLASSINFO>
		<CLASSID>11</CLASSID>
		<CLASSINFO>C 1</CLASSINFO>
		<VALUES>[0.15510233177478056, 0.0005941044267251452, 0.13201955517372457, 0.001038894962427817, 0.11536545557789055, 0.0016816025717968437, 0.12066850909985694, 0.010031413298530288, 0.048228611563702665, 0.012617050937916327, 0.028372278279927853, 0.009684062049861095]</VALUES>
		<LCS_MIN>[0.1535346508026123, 0.1289222240447998, 0.109476238489151, 0.1046924889087677, 0.023631751537322998, 0.00956750474870205]</LCS_MIN>
		<LCS_MAX>[0.1562613844871521, 0.1342800110578537, 0.11988092213869095, 0.14817683398723602, 0.0740286186337471, 0.049655377864837646]</LCS_MAX>
		<WAVELENGTH>[0.48, 0.56, 0.655, 0.865, 1.61, 2.2]</WAVELENGTH>
		<MEAN_VALUE>[0.15510233177478056, 0.13201955517372457, 0.11536545557789055, 0.12066850909985694, 0.048228611563702665, 0.028372278279927853]</MEAN_VALUE>
		<CHECKBOX>2</CHECKBOX>
		<SD>[0.0005941044267251452, 0.001038894962427817, 0.0016816025717968437, 0.010031413298530288, 0.012617050937916327, 0.009684062049861095]</SD>
		<WAVELENGTH_UNIT>E-6m</WAVELENGTH_UNIT>
		<COLOR>#8c6073</COLOR>
		<COVARIANCE_MATRIX>[[3.572644609502022e-07, 3.254921056370325e-07, 5.706036813708944e-07, -9.167568045419015e-07, -3.21224316971848e-07, 4.6395247349321267e-07], [3.254921056370325e-07, 1.092464971530541e-06, 1.4710004622564853e-06, -3.2790833633174137e-06, -1.7869694575070242e-06, -9.73760605218308e-08], [5.706036813708944e-07, 1.4710004622564853e-06, 2.862272419345404e-06, 2.421160391194566e-07, 5.67278467418397e-06, 6.971449395531278e-06], [-9.167568045419015e-07, -3.2790833633174137e-06, 2.421160391194566e-07, 0.00010185643877527101, 0.00011169362501266261, 7.6523462753972e-05], [-3.21224316971848e-07, -1.7869694575070242e-06, 5.67278467418397e-06, 0.00011169362501266261, 0.0001611313155208287, 0.00012026681065801592], [4.6395247349321267e-07, -9.73760605218308e-08, 6.971449395531278e-06, 7.6523462753972e-05, 0.00012026681065801592, 9.492472922196912e-05]]</COVARIANCE_MATRIX>
		<ROI_SIZE>83</ROI_SIZE>
		<MAX_VALUE>[0.1562613844871521, 0.1342800110578537, 0.11988092213869095, 0.14817683398723602, 0.0740286186337471, 0.049655377864837646]</MAX_VALUE>
		<MIN_VALUE>[0.1535346508026123, 0.1289222240447998, 0.109476238489151, 0.1046924889087677, 0.023631751537322998, 0.00956750474870205]</MIN_VALUE>
		<SIGNATURE_THRESHOLD_MD>0</SIGNATURE_THRESHOLD_MD>
		<SIGNATURE_THRESHOLD_ML>0</SIGNATURE_THRESHOLD_ML>
		<SIGNATURE_THRESHOLD_SAM>0</SIGNATURE_THRESHOLD_SAM>
	</signature>
	<signature ID="20210511_115036276101_166">
		<MACROCLASSID>1</MACROCLASSID>
		<MACROCLASSINFO>waterbody</MACROCLASSINFO>
		<CLASSID>12</CLASSID>
		<CLASSINFO>C 1</CLASSINFO>
		<VALUES>[0.1472182888537645, 0.0008704010350120539, 0.12544023972004653, 0.0010416887708395168, 0.10904032951220873, 0.0017414336314669498, 0.1115257895551622, 0.009285491823593542, 0.04210272806230934, 0.011009938254135621, 0.02438010810874403, 0.008383796422123743]</VALUES>
		<LCS_MIN>[0.14547400176525116, 0.12265549600124359, 0.10617545992136002, 0.09431174397468567, 0.02614322118461132, 0.011122224852442741]</LCS_MIN>
		<LCS_MAX>[0.14920534193515778, 0.12849166989326477, 0.1150493249297142, 0.1370067596435547, 0.06336084753274918, 0.04233623668551445]</LCS_MAX>
		<WAVELENGTH>[0.48, 0.56, 0.655, 0.865, 1.61, 2.2]</WAVELENGTH>
		<MEAN_VALUE>[0.1472182888537645, 0.12544023972004653, 0.10904032951220873, 0.1115257895551622, 0.04210272806230934, 0.02438010810874403]</MEAN_VALUE>
		<CHECKBOX>2</CHECKBOX>
		<SD>[0.0008704010350120539, 0.0010416887708395168, 0.0017414336314669498, 0.009285491823593542, 0.011009938254135621, 0.008383796422123743]</SD>
		<WAVELENGTH_UNIT>E-6m</WAVELENGTH_UNIT>
		<COLOR>#06950f</COLOR>
		<COVARIANCE_MATRIX>[[7.671878093671847e-07, 6.844268258321549e-07, 8.721020852790873e-07, 1.1618415884087172e-06, 9.197119519938684e-07, 8.411489839638096e-07], [6.844268258321549e-07, 1.0988511344740563e-06, 1.5095747600684547e-06, -2.971582474003098e-07, 6.18664014790288e-07, 1.508649333762448e-06], [8.721020852790873e-07, 1.5095747600684547e-06, 3.070978321827012e-06, 1.958275230534773e-06, 6.886244584770886e-06, 7.612654417051402e-06], [1.1618415884087172e-06, -2.971582474003098e-07, 1.958275230534773e-06, 8.731175534787091e-05, 8.406598355491601e-05, 5.283177156401335e-05], [9.197119519938684e-07, 6.18664014790288e-07, 6.886244584770886e-06, 8.406598355491601e-05, 0.00012275315479481411, 8.781297023175361e-05], [8.411489839638096e-07, 1.508649333762448e-06, 7.612654417051402e-06, 5.283177156401335e-05, 8.781297023175361e-05, 7.117776450391377e-05]]</COVARIANCE_MATRIX>
		<ROI_SIZE>80</ROI_SIZE>
		<MAX_VALUE>[0.14920534193515778, 0.12849166989326477, 0.1150493249297142, 0.1370067596435547, 0.06336084753274918, 0.04233623668551445]</MAX_VALUE>
		<MIN_VALUE>[0.14547400176525116, 0.12265549600124359, 0.10617545992136002, 0.09431174397468567, 0.02614322118461132, 0.011122224852442741]</MIN_VALUE>
		<SIGNATURE_THRESHOLD_MD>0</SIGNATURE_THRESHOLD_MD>
		<SIGNATURE_THRESHOLD_ML>0</SIGNATURE_THRESHOLD_ML>
		<SIGNATURE_THRESHOLD_SAM>0</SIGNATURE_THRESHOLD_SAM>
	</signature>
	<signature ID="20210511_115053729056_431">
		<MACROCLASSID>1</MACROCLASSID>
		<MACROCLASSINFO>waterbody</MACROCLASSINFO>
		<CLASSID>13</CLASSID>
		<CLASSINFO>C 1</CLASSINFO>
		<VALUES>[0.1568007636606023, 0.0007787792525594309, 0.13696483798911063, 0.0014259710357713796, 0.12644595142160905, 0.002506400041072895, 0.12603315183620775, 0.015468512434622122, 0.05298197371989822, 0.01736323304818122, 0.02988664384177896, 0.012631785230340446]</VALUES>
		<LCS_MIN>[0.1543239802122116, 0.1320316642522812, 0.11880458146333694, 0.103520467877388, 0.02432539500296116, 0.01088304165750742]</LCS_MIN>
		<LCS_MAX>[0.15819880366325378, 0.13932688534259796, 0.130189910531044, 0.168459951877594, 0.09194379299879074, 0.06371961534023285]</LCS_MAX>
		<WAVELENGTH>[0.48, 0.56, 0.655, 0.865, 1.61, 2.2]</WAVELENGTH>
		<MEAN_VALUE>[0.1568007636606023, 0.13696483798911063, 0.12644595142160905, 0.12603315183620775, 0.05298197371989822, 0.02988664384177896]</MEAN_VALUE>
		<CHECKBOX>2</CHECKBOX>
		<SD>[0.0007787792525594309, 0.0014259710357713796, 0.002506400041072895, 0.015468512434622122, 0.01736323304818122, 0.012631785230340446]</SD>
		<WAVELENGTH_UNIT>E-6m</WAVELENGTH_UNIT>
		<COLOR>#98f129</COLOR>
		<COVARIANCE_MATRIX>[[6.133891369922415e-07, 7.558497481177418e-07, 1.0192256234964077e-06, -5.276200663391242e-06, -6.15082216595645e-06, -3.429341738237984e-06], [7.558497481177418e-07, 2.0565001379822957e-06, 3.3092406475388533e-06, -1.7383550521702094e-05, -1.7341819998594412e-05, -9.236731982701278e-06], [1.0192256234964077e-06, 3.3092406475388533e-06, 6.353427997320762e-06, -3.040766557438609e-05, -2.7419692389660142e-05, -1.2163761804617605e-05], [-5.276200663391242e-06, -1.7383550521702094e-05, -3.040766557438609e-05, 0.00024199390963255987, 0.00024867649337878496, 0.0001566873187979061], [-6.15082216595645e-06, -1.7341819998594412e-05, -2.7419692389660142e-05, 0.00024867649337878496, 0.00030490779213415085, 0.00020327228764939633], [-3.429341738237984e-06, -9.236731982701278e-06, -1.2163761804617605e-05, 0.0001566873187979061, 0.00020327228764939633, 0.00016137520262937252]]</COVARIANCE_MATRIX>
		<ROI_SIZE>89</ROI_SIZE>
		<MAX_VALUE>[0.15819880366325378, 0.13932688534259796, 0.130189910531044, 0.168459951877594, 0.09194379299879074, 0.06371961534023285]</MAX_VALUE>
		<MIN_VALUE>[0.1543239802122116, 0.1320316642522812, 0.11880458146333694, 0.103520467877388, 0.02432539500296116, 0.01088304165750742]</MIN_VALUE>
		<SIGNATURE_THRESHOLD_MD>0</SIGNATURE_THRESHOLD_MD>
		<SIGNATURE_THRESHOLD_ML>0</SIGNATURE_THRESHOLD_ML>
		<SIGNATURE_THRESHOLD_SAM>0</SIGNATURE_THRESHOLD_SAM>
	</signature>
	<signature ID="20210511_115103102046_165">
		<MACROCLASSID>1</MACROCLASSID>
		<MACROCLASSINFO>waterbody</MACROCLASSINFO>
		<CLASSID>14</CLASSID>
		<CLASSINFO>C 1</CLASSINFO>
		<VALUES>[0.15717561022629808, 0.0005111460651670431, 0.133971735598549, 0.0014425686036886609, 0.1194260818144632, 0.0035778599397779743, 0.11747423275595617, 0.01221171600082417, 0.04458611916809802, 0.014784677304028352, 0.02605172215650479, 0.01077568797008359]</VALUES>
		<LCS_MIN>[0.15618963539600372, 0.1293049156665802, 0.11304014921188354, 0.10002832114696503, 0.027076056227087975, 0.011409256607294083]</LCS_MIN>
		<LCS_MAX>[0.15853366255760193, 0.13746123015880585, 0.1297832876443863, 0.14363227784633636, 0.07594212144613266, 0.053051840513944626]</LCS_MAX>
		<WAVELENGTH>[0.48, 0.56, 0.655, 0.865, 1.61, 2.2]</WAVELENGTH>
		<MEAN_VALUE>[0.15717561022629808, 0.133971735598549, 0.1194260818144632, 0.11747423275595617, 0.04458611916809802, 0.02605172215650479]</MEAN_VALUE>
		<CHECKBOX>2</CHECKBOX>
		<SD>[0.0005111460651670431, 0.0014425686036886609, 0.0035778599397779743, 0.01221171600082417, 0.014784677304028352, 0.01077568797008359]</SD>
		<WAVELENGTH_UNIT>E-6m</WAVELENGTH_UNIT>
		<COLOR>#083659</COLOR>
		<COVARIANCE_MATRIX>[[2.654843370314854e-07, 4.856493745205357e-07, 1.0311047581796899e-06, 2.463856787690461e-07, 1.5875133994838515e-06, 1.9647856365010283e-06], [4.856493745205357e-07, 2.1145687598377502e-06, 4.704850218874989e-06, 4.016625600592341e-07, -5.29853220658355e-07, 7.943793993415912e-07], [1.0311047581796899e-06, 4.704850218874989e-06, 1.3007550809130388e-05, 1.1847731319506848e-05, 7.635261887517823e-06, 7.189316718402547e-06], [2.463856787690461e-07, 4.016625600592341e-07, 1.1847731319506848e-05, 0.00015153126587324933, 0.00016214082458154293, 0.0001051101788940017], [1.5875133994838515e-06, -5.29853220658355e-07, 7.635261887517823e-06, 0.00016214082458154293, 0.00022211227464528747, 0.00015571791907615526], [1.9647856365010283e-06, 7.943793993415912e-07, 7.189316718402547e-06, 0.0001051101788940017, 0.00015571791907615526, 0.0001179882810871301]]</COVARIANCE_MATRIX>
		<ROI_SIZE>63</ROI_SIZE>
		<MAX_VALUE>[0.15853366255760193, 0.13746123015880585, 0.1297832876443863, 0.14363227784633636, 0.07594212144613266, 0.053051840513944626]</MAX_VALUE>
		<MIN_VALUE>[0.15618963539600372, 0.1293049156665802, 0.11304014921188354, 0.10002832114696503, 0.027076056227087975, 0.011409256607294083]</MIN_VALUE>
		<SIGNATURE_THRESHOLD_MD>0</SIGNATURE_THRESHOLD_MD>
		<SIGNATURE_THRESHOLD_ML>0</SIGNATURE_THRESHOLD_ML>
		<SIGNATURE_THRESHOLD_SAM>0</SIGNATURE_THRESHOLD_SAM>
	</signature>
	<signature ID="20210511_115142892228_712">
		<MACROCLASSID>1</MACROCLASSID>
		<MACROCLASSINFO>waterbody</MACROCLASSINFO>
		<CLASSID>15</CLASSID>
		<CLASSINFO>C 1</CLASSINFO>
		<VALUES>[0.14810507667475734, 0.0013476586164641706, 0.12277591536784993, 0.0024420066763560125, 0.10671816817645367, 0.004745179119732968, 0.14380217266493833, 0.014708072524753783, 0.07126393657306145, 0.021958340104844765, 0.04253006039251542, 0.016542243712705185]</VALUES>
		<LCS_MIN>[0.14525875449180603, 0.11736944317817688, 0.09670362621545792, 0.12083767354488373, 0.030448604375123978, 0.016934487968683243]</LCS_MIN>
		<LCS_MAX>[0.14992289245128632, 0.12523871660232544, 0.11225082725286484, 0.16987115144729614, 0.10308992862701416, 0.06833595782518387]</LCS_MAX>
		<WAVELENGTH>[0.48, 0.56, 0.655, 0.865, 1.61, 2.2]</WAVELENGTH>
		<MEAN_VALUE>[0.14810507667475734, 0.12277591536784993, 0.10671816817645367, 0.14380217266493833, 0.07126393657306145, 0.04253006039251542]</MEAN_VALUE>
		<CHECKBOX>2</CHECKBOX>
		<SD>[0.0013476586164641706, 0.0024420066763560125, 0.004745179119732968, 0.014708072524753783, 0.021958340104844765, 0.016542243712705185]</SD>
		<WAVELENGTH_UNIT>E-6m</WAVELENGTH_UNIT>
		<COLOR>#8f7cc9</COLOR>
		<COVARIANCE_MATRIX>[[1.8810474517633371e-06, 3.1461844595745836e-06, 5.596894838149003e-06, -7.245419620409441e-06, 7.706967112704826e-08, 4.169663248649715e-06], [3.1461844595745836e-06, 6.176375057630455e-06, 1.164692436353058e-05, -7.777020363647273e-06, 1.1932063532568583e-05, 1.728678259768053e-05], [5.596894838149003e-06, 1.164692436353058e-05, 2.3320893624005164e-05, -9.587706193239772e-06, 3.684703451870926e-05, 4.3864646829851866e-05], [-7.245419620409441e-06, -7.777020363647273e-06, -9.587706193239772e-06, 0.00022405337587175355, 0.000269819634532884, 0.000162241252254268], [7.706967112704826e-08, 1.1932063532568583e-05, 3.684703451870926e-05, 0.000269819634532884, 0.000499389010880035, 0.00036015315083668905], [4.169663248649715e-06, 1.728678259768053e-05, 4.3864646829851866e-05, 0.000162241252254268, 0.00036015315083668905, 0.000283418892302339]]</COVARIANCE_MATRIX>
		<ROI_SIZE>29</ROI_SIZE>
		<MAX_VALUE>[0.14992289245128632, 0.12523871660232544, 0.11225082725286484, 0.16987115144729614, 0.10308992862701416, 0.06833595782518387]</MAX_VALUE>
		<MIN_VALUE>[0.14525875449180603, 0.11736944317817688, 0.09670362621545792, 0.12083767354488373, 0.030448604375123978, 0.016934487968683243]</MIN_VALUE>
		<SIGNATURE_THRESHOLD_MD>0</SIGNATURE_THRESHOLD_MD>
		<SIGNATURE_THRESHOLD_ML>0</SIGNATURE_THRESHOLD_ML>
		<SIGNATURE_THRESHOLD_SAM>0</SIGNATURE_THRESHOLD_SAM>
	</signature>
	<signature ID="20210511_115155341081_501">
		<MACROCLASSID>1</MACROCLASSID>
		<MACROCLASSINFO>waterbody</MACROCLASSINFO>
		<CLASSID>16</CLASSID>
		<CLASSINFO>C 1</CLASSINFO>
		<VALUES>[0.15232966310448115, 0.0006368627228429297, 0.12202776273091633, 0.0010635813704275578, 0.10074642648299537, 0.001995881202086968, 0.16659960978560975, 0.015449243547227428, 0.08226677642928228, 0.016558596054771155, 0.042818330559465635, 0.010593565775518841]</VALUES>
		<LCS_MIN>[0.15066438913345337, 0.12019186466932297, 0.09627308696508408, 0.13822662830352783, 0.053697653114795685, 0.027291323989629745]</LCS_MIN>
