<?xml version="1.0" ?>
<signaturelist MCID_LIST="[[u'4', u'Built-up', u'#d50e74'], [u'2', u'Vegetation', u'#6a24b5'], [u'6', u'Shadow', u'#087503'], [u'1', u'water', u'#40a914'], [u'3', u'barren', u'#4c2af1']]">
	<signature ID="20180407_220544669000_702">
		<MACROCLASSID>1</MACROCLASSID>
		<MACROCLASSINFO>water</MACROCLASSINFO>
		<CLASSID>29</CLASSID>
		<CLASSINFO>C 1</CLASSINFO>
		<VALUES>[0.15177510407837955, 0.002072947070872585, 0.1363962468775836, 0.002568266108157363, 0.10919437015598471, 0.004622845998848277, 0.1271141855554147, 0.01948523154338123, 0.05977456813508814, 0.014903146477550075, 287.397216796875, 0.0, 0.03724761087108742, 0.0072347879310192915]</VALUES>
		<LCS_MIN>[0.1477740854024887, 0.12985850870609283, 0.10429587215185165, 0.1026197150349617, 0.04523645341396332, 287.397216796875, 0.025570062920451164]</LCS_MIN>
		<LCS_MAX>[0.15351468324661255, 0.13784907758235931, 0.11776671558618546, 0.1699795126914978, 0.0913148894906044, 287.397216796875, 0.04892515763640404]</LCS_MAX>
		<WAVELENGTH>[0.485, 0.56, 0.66, 0.83, 1.65, 2.215, 7.0]</WAVELENGTH>
		<MEAN_VALUE>[0.15177510407837955, 0.1363962468775836, 0.10919437015598471, 0.1271141855554147, 0.05977456813508814, 287.397216796875, 0.03724761087108742]</MEAN_VALUE>
		<CHECKBOX>2</CHECKBOX>
		<SD>[0.002072947070872585, 0.002568266108157363, 0.004622845998848277, 0.01948523154338123, 0.014903146477550075, 0.0, 0.0072347879310192915]</SD>
		<WAVELENGTH_UNIT>E-6m</WAVELENGTH_UNIT>
		<COLOR>#9bdd2e</COLOR>
		<COVARIANCE_MATRIX>No</COVARIANCE_MATRIX>
		<ROI_SIZE>11</ROI_SIZE>
		<MAX_VALUE>[0.15351468324661255, 0.13784907758235931, 0.11776671558618546, 0.1699795126914978, 0.0913148894906044, 287.397216796875, 0.04892515763640404]</MAX_VALUE>
		<MIN_VALUE>[0.1477740854024887, 0.12985850870609283, 0.10429587215185165, 0.1026197150349617, 0.04523645341396332, 287.397216796875, 0.025570062920451164]</MIN_VALUE>
		<SIGNATURE_THRESHOLD_MD>0.0</SIGNATURE_THRESHOLD_MD>
		<SIGNATURE_THRESHOLD_ML>0.0</SIGNATURE_THRESHOLD_ML>
		<SIGNATURE_THRESHOLD_SAM>0.0</SIGNATURE_THRESHOLD_SAM>
	</signature>
	<signature ID="20180512_205822866000_131">
		<MACROCLASSID>4</MACROCLASSID>
		<MACROCLASSINFO>Built-up</MACROCLASSINFO>
		<CLASSID>53</CLASSID>
		<CLASSINFO>C 1</CLASSINFO>
		<VALUES>[0.1578696082378256, 0.005195572392082358, 0.14005336627877993, 0.00746241618401678, 0.12543115610706396, 0.010347772927721216, 0.21614418821088194, 0.008669086179074236, 0.18104165381398696, 0.01375371282568389, 289.2530822753906, 0.0, 0.12999687061227602, 0.012054847830974042]</VALUES>
		<LCS_MIN>[0.14968760311603546, 0.12985850870609283, 0.11103130877017975, 0.19523942470550537, 0.15907728672027588, 289.2530822753906, 0.11509792506694794]</LCS_MIN>
		<LCS_MAX>[0.17073646187782288, 0.16182076930999756, 0.14807608723640442, 0.23312930762767792, 0.21057672798633575, 289.2530822753906, 0.1579156219959259]</LCS_MAX>
		<WAVELENGTH>[0.485, 0.56, 0.66, 0.83, 1.65, 2.215, 7.0]</WAVELENGTH>
		<MEAN_VALUE>[0.1578696082378256, 0.14005336627877993, 0.12543115610706396, 0.21614418821088194, 0.18104165381398696, 289.2530822753906, 0.12999687061227602]</MEAN_VALUE>
		<CHECKBOX>2</CHECKBOX>
		<SD>[0.005195572392082358, 0.00746241618401678, 0.010347772927721216, 0.008669086179074236, 0.01375371282568389, 0.0, 0.012054847830974042]</SD>
		<WAVELENGTH_UNIT>E-6m</WAVELENGTH_UNIT>
		<COLOR>#65a3b4</COLOR>
		<COVARIANCE_MATRIX>No</COVARIANCE_MATRIX>
		<ROI_SIZE>29</ROI_SIZE>
		<MAX_VALUE>[0.17073646187782288, 0.16182076930999756, 0.14807608723640442, 0.23312930762767792, 0.21057672798633575, 289.2530822753906, 0.1579156219959259]</MAX_VALUE>
		<MIN_VALUE>[0.14968760311603546, 0.12985850870609283, 0.11103130877017975, 0.19523942470550537, 0.15907728672027588, 289.2530822753906, 0.11509792506694794]</MIN_VALUE>
		<SIGNATURE_THRESHOLD_MD>0.0</SIGNATURE_THRESHOLD_MD>
		<SIGNATURE_THRESHOLD_ML>0.0</SIGNATURE_THRESHOLD_ML>
		<SIGNATURE_THRESHOLD_SAM>0.0</SIGNATURE_THRESHOLD_SAM>
	</signature>
	<signature ID="20180512_205650819000_874">
		<MACROCLASSID>2</MACROCLASSID>
		<MACROCLASSINFO>Vegetation</MACROCLASSINFO>
		<CLASSID>49</CLASSID>
		<CLASSINFO>C 1</CLASSINFO>
		<VALUES>[0.12236281993938854, 0.0026021020471334237, 0.09895197753770366, 0.0036094511568116124, 0.07154359267011211, 0.0030705745338968746, 0.32430934998655575, 0.027898640839360972, 0.17247528679321467, 0.01774752249804022, 287.13010576475494, 0.23202486522061677, 0.08020646980157783, 0.00863031818518384]</VALUES>
		<LCS_MIN>[0.11524409800767899, 0.08990566432476044, 0.06388335675001144, 0.27522918581962585, 0.13468283414840698, 286.9285583496094, 0.056710194796323776]</LCS_MIN>
		<LCS_MAX>[0.12672525644302368, 0.10988207906484604, 0.08408962190151215, 0.41415879130363464, 0.23226068913936615, 287.397216796875, 0.11120542138814926]</LCS_MAX>
		<WAVELENGTH>[0.485, 0.56, 0.66, 0.83, 1.65, 2.215, 7.0]</WAVELENGTH>
		<MEAN_VALUE>[0.12236281993938854, 0.09895197753770366, 0.07154359267011211, 0.32430934998655575, 0.17247528679321467, 287.13010576475494, 0.08020646980157783]</MEAN_VALUE>
		<CHECKBOX>2</CHECKBOX>
		<SD>[0.0026021020471334237, 0.0036094511568116124, 0.0030705745338968746, 0.027898640839360972, 0.01774752249804022, 0.23202486522061677, 0.00863031818518384]</SD>
		<WAVELENGTH_UNIT>E-6m</WAVELENGTH_UNIT>
		<COLOR>#dae906</COLOR>
		<COVARIANCE_MATRIX>[[6.806200350485946e-06, 3.0767252678203366e-06, 3.518437944043433e-06, 1.5043351644838588e-05, 1.6476203111297363e-05, 7.110237907976546e-05, 8.882212417687161e-06], [3.0767252678203366e-06, 1.3095992537020189e-05, 6.93734230481729e-06, 3.928546249739151e-05, 3.518962598681413e-05, 0.0001371876233913757, 1.7588828211483202e-05], [3.518437944043433e-06, 6.93734230481729e-06, 9.477534363883782e-06, 3.619263611067221e-05, 3.0665895686046916e-05, 0.00010034764346139104, 1.4957596909322615e-05], [1.5043351644838588e-05, 3.928546249739151e-05, 3.619263611067221e-05, 0.0007823879844372208, 0.00041812612679659563, 0.001442619698386076, 0.00017466235727759557], [1.6476203111297363e-05, 3.518962598681413e-05, 3.0665895686046916e-05, 0.00041812612679659563, 0.00031661504729145636, 0.0007789207487260766, 0.00013591651611466522], [7.110237907976546e-05, 0.0001371876233913757, 0.00010034764346139104, 0.001442619698386076, 0.0007789207487260766, 0.05411593150814942, 0.000370454540482242], [8.882212417687161e-06, 1.7588828211483202e-05, 1.4957596909322615e-05, 0.00017466235727759557, 0.00013591651611466522, 0.000370454540482242, 7.487032110239789e-05]]</COVARIANCE_MATRIX>
		<ROI_SIZE>193</ROI_SIZE>
		<MAX_VALUE>[0.12672525644302368, 0.10988207906484604, 0.08408962190151215, 0.41415879130363464, 0.23226068913936615, 287.397216796875, 0.11120542138814926]</MAX_VALUE>
		<MIN_VALUE>[0.11524409800767899, 0.08990566432476044, 0.06388335675001144, 0.27522918581962585, 0.13468283414840698, 286.9285583496094, 0.056710194796323776]</MIN_VALUE>
		<SIGNATURE_THRESHOLD_MD>0.0</SIGNATURE_THRESHOLD_MD>
		<SIGNATURE_THRESHOLD_ML>0.0</SIGNATURE_THRESHOLD_ML>
		<SIGNATURE_THRESHOLD_SAM>0.0</SIGNATURE_THRESHOLD_SAM>
	</signature>
	<signature ID="20180407_220650408000_359">
		<MACROCLASSID>6</MACROCLASSID>
		<MACROCLASSINFO>Shadow</MACROCLASSINFO>
		<CLASSID>31</CLASSID>
		<CLASSINFO>C 1</CLASSINFO>
		<VALUES>[0.11640661770618094, 0.003237253761715772, 0.08498673741855926, 0.002795453490367595, 0.06055186074026811, 0.0030240752526863963, 0.10415884900477623, 0.014310559975062356, 0.04465354848853361, 0.013507812753537103, 281.6407165527344, 0.0, 0.027558176187417845, 0.007639686147799892]</VALUES>
		<LCS_MIN>[0.1075899675488472, 0.07791982591152191, 0.05378023162484169, 0.08156978338956833, 0.028973473235964775, 281.6407165527344, 0.013892516493797302]</LCS_MIN>
		<LCS_MAX>[0.12481174618005753, 0.09390095621347427, 0.06725107133388519, 0.14050960540771484, 0.0831834003329277, 281.6407165527344, 0.04503264278173447]</LCS_MAX>
		<WAVELENGTH>[0.485, 0.56, 0.66, 0.83, 1.65, 2.215, 7.0]</WAVELENGTH>
		<MEAN_VALUE>[0.11640661770618094, 0.08498673741855926, 0.06055186074026811, 0.10415884900477623, 0.04465354848853361, 281.6407165527344, 0.027558176187417845]</MEAN_VALUE>
		<CHECKBOX>2</CHECKBOX>
		<SD>[0.003237253761715772, 0.002795453490367595, 0.0030240752526863963, 0.014310559975062356, 0.013507812753537103, 0.0, 0.007639686147799892]</SD>
		<WAVELENGTH_UNIT>E-6m</WAVELENGTH_UNIT>
		<COLOR>#48abea</COLOR>
		<COVARIANCE_MATRIX>No</COVARIANCE_MATRIX>
		<ROI_SIZE>186</ROI_SIZE>
		<MAX_VALUE>[0.12481174618005753, 0.09390095621347427, 0.06725107133388519, 0.14050960540771484, 0.0831834003329277, 281.6407165527344, 0.04503264278173447]</MAX_VALUE>
		<MIN_VALUE>[0.1075899675488472, 0.07791982591152191, 0.05378023162484169, 0.08156978338956833, 0.028973473235964775, 281.6407165527344, 0.013892516493797302]</MIN_VALUE>
		<SIGNATURE_THRESHOLD_MD>0.0</SIGNATURE_THRESHOLD_MD>
		<SIGNATURE_THRESHOLD_ML>0.0</SIGNATURE_THRESHOLD_ML>
		<SIGNATURE_THRESHOLD_SAM>0.0</SIGNATURE_THRESHOLD_SAM>
	</signature>
	<signature ID="20180512_210058971000_499">
		<MACROCLASSID>1</MACROCLASSID>
		<MACROCLASSINFO>water</MACROCLASSINFO>
		<CLASSID>59</CLASSID>
		<CLASSINFO>C 1</CLASSINFO>
		<VALUES>[0.12048751178825007, 0.0024022217180996596, 0.08954355287227748, 0.0024775125162633167, 0.06409701941326652, 0.002425297766534611, 0.06983014927709937, 0.005313160739983813, 0.02998069585427597, 0.0038772437492234253, 290.1700744628906, 0.0, 0.02238313892006513, 0.0036127108638246146]</VALUES>
		<LCS_MIN>[0.11524409800767899, 0.08191510289907455, 0.05714793875813484, 0.06472983211278915, 0.023552481085062027, 290.1700744628906, 0.013892516493797302]</LCS_MIN>
		<LCS_MAX>[0.12672525644302368, 0.10189151018857956, 0.07735420018434525, 0.1068297028541565, 0.05065744370222092, 290.1700744628906, 0.029462581500411034]</LCS_MAX>
		<WAVELENGTH>[0.485, 0.56, 0.66, 0.83, 1.65, 2.215, 7.0]</WAVELENGTH>
		<MEAN_VALUE>[0.12048751178825007, 0.08954355287227748, 0.06409701941326652, 0.06983014927709937, 0.02998069585427597, 290.1700744628906, 0.02238313892006513]</MEAN_VALUE>
		<CHECKBOX>2</CHECKBOX>
		<SD>[0.0024022217180996596, 0.0024775125162633167, 0.002425297766534611, 0.005313160739983813, 0.0038772437492234253, 0.0, 0.0036127108638246146]</SD>
		<WAVELENGTH_UNIT>E-6m</WAVELENGTH_UNIT>
		<COLOR>#c16ff8</COLOR>
		<COVARIANCE_MATRIX>No</COVARIANCE_MATRIX>
		<ROI_SIZE>331</ROI_SIZE>
		<MAX_VALUE>[0.12672525644302368, 0.10189151018857956, 0.07735420018434525, 0.1068297028541565, 0.05065744370222092, 290.1700744628906, 0.029462581500411034]</MAX_VALUE>
		<MIN_VALUE>[0.11524409800767899, 0.08191510289907455, 0.05714793875813484, 0.06472983211278915, 0.023552481085062027, 290.1700744628906, 0.013892516493797302]</MIN_VALUE>
		<SIGNATURE_THRESHOLD_MD>0.0</SIGNATURE_THRESHOLD_MD>
		<SIGNATURE_THRESHOLD_ML>0.0</SIGNATURE_THRESHOLD_ML>
		<SIGNATURE_THRESHOLD_SAM>0.0</SIGNATURE_THRESHOLD_SAM>
	</signature>
	<signature ID="20180512_205754259000_677">
		<MACROCLASSID>4</MACROCLASSID>
		<MACROCLASSINFO>Built-up</MACROCLASSINFO>
		<CLASSID>52</CLASSID>
		<CLASSINFO>C 1</CLASSINFO>
		<VALUES>[0.15551462288825746, 0.0036133326365722445, 0.13689535995644891, 0.0057241309329215855, 0.12048260997379977, 0.008329467179480741, 0.2160177486558114, 0.014102917884677603, 0.182300123668486, 0.014675873917640851, 289.8894986060358, 0.27174769551014666, 0.13802610554041403, 0.01598864754394855]</VALUES>
		<LCS_MIN>[0.14586055278778076, 0.12186793237924576, 0.09756046533584595, 0.19102944433689117, 0.15365630388259888, 289.71246337890625, 0.11120542138814926]</LCS_MIN>
		<LCS_MAX>[0.1630823314189911, 0.15383021533489227, 0.14134067296981812, 0.2499692738056183, 0.22955018281936646, 290.6258850097656, 0.18905575573444366]</LCS_MAX>
		<WAVELENGTH>[0.485, 0.56, 0.66, 0.83, 1.65, 2.215, 7.0]</WAVELENGTH>
		<MEAN_VALUE>[0.15551462288825746, 0.13689535995644891, 0.12048260997379977, 0.2160177486558114, 0.182300123668486, 289.8894986060358, 0.13802610554041403]</MEAN_VALUE>
		<CHECKBOX>2</CHECKBOX>
		<SD>[0.0036133326365722445, 0.0057241309329215855, 0.008329467179480741, 0.014102917884677603, 0.014675873917640851, 0.27174769551014666, 0.01598864754394855]</SD>
		<WAVELENGTH_UNIT>E-6m</WAVELENGTH_UNIT>
		<COLOR>#6c6f20</COLOR>
		<COVARIANCE_MATRIX>[[1.3140953085002018e-05, 1.4181695379120902e-05, 1.8636110781234354e-05, -1.1066367507823566e-05, 1.2226467630506676e-05, 0.00022314763987644484, 3.22008875331515e-05], [1.4181695379120902e-05, 3.297843906019883e-05, 4.1224440358358234e-05, -5.6125742347494876e-06, 3.895742235212838e-05, 8.692673300939538e-05, 6.321077451599344e-05], [1.8636110781234354e-05, 4.1224440358358234e-05, 6.983054312712509e-05, -1.3067288781531478e-05, 7.616873831465775e-05, 0.00014628268265995324, 0.00010927257161694838], [-1.1066367507823566e-05, -5.6125742347494876e-06, -1.3067288781531478e-05, 0.00020018380125716694, 6.88135278579986e-05, -0.0007512570059176407, -4.0340432655790335e-05], [1.2226467630506676e-05, 3.895742235212838e-05, 7.616873831465775e-05, 6.88135278579986e-05, 0.00021677985495588398, 0.0003539972487414293, 0.0001673478457037632], [0.00022314763987644484, 8.692673300939538e-05, 0.00014628268265995324, -0.0007512570059176407, 0.0003539972487414293, 0.07432633475542919, 0.0007234367711003957], [3.22008875331515e-05, 6.321077451599344e-05, 0.00010927257161694838, -4.0340432655790335e-05, 0.0001673478457037632, 0.0007234367711003957, 0.0002572968298319145]]</COVARIANCE_MATRIX>
		<ROI_SIZE>155</ROI_SIZE>
		<MAX_VALUE>[0.1630823314189911, 0.15383021533489227, 0.14134067296981812, 0.2499692738056183, 0.22955018281936646, 290.6258850097656, 0.18905575573444366]</MAX_VALUE>
		<MIN_VALUE>[0.14586055278778076, 0.12186793237924576, 0.09756046533584595, 0.19102944433689117, 0.15365630388259888, 289.71246337890625, 0.11120542138814926]</MIN_VALUE>
		<SIGNATURE_THRESHOLD_MD>0.0</SIGNATURE_THRESHOLD_MD>
		<SIGNATURE_THRESHOLD_ML>0.0</SIGNATURE_THRESHOLD_ML>
		<SIGNATURE_THRESHOLD_SAM>0.0</SIGNATURE_THRESHOLD_SAM>
	</signature>
	<signature ID="20180407_220235701000_147">
		<MACROCLASSID>4</MACROCLASSID>
		<MACROCLASSINFO>Built-up</MACROCLASSINFO>
		<CLASSID>22</CLASSID>
		<CLASSINFO>C 1</CLASSINFO>
		<VALUES>[0.1580622633114273, 0.00376763227955841, 0.13587609351969054, 0.006041994631202353, 0.12015737216045828, 0.008040138574867243, 0.19058765176637674, 0.01735574997813994, 0.16478272039949154, 0.013943731317997164, 289.71246337890625, 0.0, 0.13501703854144356, 0.016311602681558193]</VALUES>
		<LCS_MIN>[0.1477740854024887, 0.12186793237924576, 0.0941927507519722, 0.15734954178333282, 0.1129988580942154, 289.71246337890625, 0.08785033226013184]</LCS_MIN>
		<LCS_MAX>[0.16690939664840698, 0.14983491599559784, 0.14807608723640442, 0.2457592785358429, 0.22412919998168945, 289.71246337890625, 0.20073328912258148]</LCS_MAX>
		<WAVELENGTH>[0.485, 0.56, 0.66, 0.83, 1.65, 2.215, 7.0]</WAVELENGTH>
		<MEAN_VALUE>[0.1580622633114273, 0.13587609351969054, 0.12015737216045828, 0.19058765176637674, 0.16478272039949154, 289.71246337890625, 0.13501703854144356]</MEAN_VALUE>
		<CHECKBOX>2</CHECKBOX>
		<SD>[0.00376763227955841, 0.006041994631202353, 0.008040138574867243, 0.01735574997813994, 0.013943731317997164, 0.0, 0.016311602681558193]</SD>
		<WAVELENGTH_UNIT>E-6m</WAVELENGTH_UNIT>
		<COLOR>#23f1ea</COLOR>
		<COVARIANCE_MATRIX>No</COVARIANCE_MATRIX>
		<ROI_SIZE>162</ROI_SIZE>
		<MAX_VALUE>[0.16690939664840698, 0.14983491599559784, 0.14807608723640442, 0.2457592785358429, 0.22412919998168945, 289.71246337890625, 0.20073328912258148]</MAX_VALUE>
		<MIN_VALUE>[0.1477740854024887, 0.12186793237924576, 0.0941927507519722, 0.15734954178333282, 0.1129988580942154, 289.71246337890625, 0.08785033226013184]</MIN_VALUE>
		<SIGNATURE_THRESHOLD_MD>0.0</SIGNATURE_THRESHOLD_MD>
		<SIGNATURE_THRESHOLD_ML>0.0</SIGNATURE_THRESHOLD_ML>
		<SIGNATURE_THRESHOLD_SAM>0.0</SIGNATURE_THRESHOLD_SAM>
	</signature>
	<signature ID="20180512_210051324000_362">
		<MACROCLASSID>1</MACROCLASSID>
		<MACROCLASSINFO>water</MACROCLASSINFO>
		<CLASSID>58</CLASSID>
		<CLASSINFO>C 1</CLASSINFO>
		<VALUES>[0.12192968367675285, 0.0022117862121821233, 0.09160857520936462, 0.002408501418869671, 0.06460106678184914, 0.0022603437106910006, 0.06900883582038958, 0.004620735027179505, 0.02985105108943019, 0.004290663605024949, 290.1700744628906, 0.0, 0.02215613483558176, 0.0036224052452996413]</VALUES>
		<LCS_MIN>[0.11524409800767899, 0.0859103724360466, 0.06051564961671829, 0.06472983211278915, 0.020841985940933228, 290.1700744628906, 0.013892516493797302]</LCS_MIN>
		<LCS_MAX>[0.12863878905773163, 0.1058868020772934, 0.0874573364853859, 0.1068297028541565, 0.058788932859897614, 290.1700744628906, 0.0411401242017746]</LCS_MAX>
		<WAVELENGTH>[0.485, 0.56, 0.66, 0.83, 1.65, 2.215, 7.0]</WAVELENGTH>
		<MEAN_VALUE>[0.12192968367675285, 0.09160857520936462, 0.06460106678184914, 0.06900883582038958, 0.02985105108943019, 290.1700744628906, 0.02215613483558176]</MEAN_VALUE>
		<CHECKBOX>2</CHECKBOX>
		<SD>[0.0022117862121821233, 0.002408501418869671, 0.0022603437106910006, 0.004620735027179505, 0.004290663605024949, 0.0, 0.0036224052452996413]</SD>
		<WAVELENGTH_UNIT>E-6m</WAVELENGTH_UNIT>
		<COLOR>#f0d419</COLOR>
		<COVARIANCE_MATRIX>No</COVARIANCE_MATRIX>
		<ROI_SIZE>488</ROI_SIZE>
		<MAX_VALUE>[0.12863878905773163, 0.1058868020772934, 0.0874573364853859, 0.1068297028541565, 0.058788932859897614, 290.1700744628906, 0.0411401242017746]</MAX_VALUE>
		<MIN_VALUE>[0.11524409800767899, 0.0859103724360466, 0.06051564961671829, 0.06472983211278915, 0.020841985940933228, 290.1700744628906, 0.013892516493797302]</MIN_VALUE>
		<SIGNATURE_THRESHOLD_MD>0.0</SIGNATURE_THRESHOLD_MD>
		<SIGNATURE_THRESHOLD_ML>0.0</SIGNATURE_THRESHOLD_ML>
		<SIGNATURE_THRESHOLD_SAM>0.0</SIGNATURE_THRESHOLD_SAM>
	</signature>
	<signature ID="20180512_210516207000_103">
		<MACROCLASSID>2</MACROCLASSID>
		<MACROCLASSINFO>Vegetation</MACROCLASSINFO>
		<CLASSID>67</CLASSID>
		<CLASSINFO>C 1</CLASSINFO>
		<VALUES>[0.10963214627083612, 0.00245241573779147, 0.08426526332853218, 0.0027608158375322734, 0.06127975098475691, 0.0027762939495580047, 0.18161888057444278, 0.02172684126447304, 0.10771452767007486, 0.014961359118569629, 281.44168244690445, 0.2420672618787806, 0.056121407499333385, 0.007811787126946031]</VALUES>
		<LCS_MIN>[0.1037629097700119, 0.07791982591152191, 0.05378023162484169, 0.13629961013793945, 0.06692042946815491, 281.14727783203125, 0.037247613072395325]</LCS_MIN>
		<LCS_MAX>[0.11524409800767899, 0.08990566432476044, 0.06725107133388519, 0.22470934689044952, 0.14010381698608398, 281.6407165527344, 0.07617276906967163]</LCS_MAX>
		<WAVELENGTH>[0.485, 0.56, 0.66, 0.83, 1.65, 2.215, 7.0]</WAVELENGTH>
		<MEAN_VALUE>[0.10963214627083612, 0.08426526332853218, 0.06127975098475691, 0.18161888057444278, 0.10771452767007486, 281.44168244690445, 0.056121407499333385]</MEAN_VALUE>
		<CHECKBOX>2</CHECKBOX>
		<SD>[0.00245241573779147, 0.0027608158375322734, 0.0027762939495580047, 0.02172684126447304, 0.014961359118569629, 0.2420672618787806, 0.007811787126946031]</SD>
		<WAVELENGTH_UNIT>E-6m</WAVELENGTH_UNIT>
		<COLOR>#d6f4fa</COLOR>
		<COVARIANCE_MATRIX>[[6.0653119590263385e-06, 1.5739904876116478e-06, 2.2491922814526157e-06, 7.228670106100033e-06, 8.4654791229383e-06, 7.383165915249858e-05, 5.126190047635435e-06], [1.5739904876116478e-06, 7.686698191216183e-06, 3.7762335529744137e-06, 3.0571245821115405e-05, 2.096736082153485e-05, 0.00018770786785946814, 1.0357452498606272e-05], [2.2491922814526157e-06, 3.7762335529744137e-06, 7.773128501931643e-06, 2.863873116736618e-05, 2.294716475276522e-05, 0.00016745390809439314, 1.0896356261830224e-05], [7.228670106100033e-06, 3.0571245821115405e-05, 2.863873116736618e-05, 0.00047605610278357113, 0.0002728436951579539, 0.0008222495476955734, 0.0001194012237943014], [8.4654791229383e-06, 2.096736082153485e-05, 2.294716475276522e-05, 0.0002728436951579539, 0.00022573923503645772, 0.0006734937244710904, 9.816641928204938e-05], [7.383165915249858e-05, 0.00018770786785946814, 0.00016745390809439314, 0.0008222495476955734, 0.0006734937244710904, 0.05909314028427414, 0.00043524613163118173], [5.126190047635435e-06, 1.0357452498606272e-05, 1.0896356261830224e-05, 0.0001194012237943014, 9.816641928204938e-05, 0.00043524613163118173, 6.154117081262414e-05]]</COVARIANCE_MATRIX>
		<ROI_SIZE>119</ROI_SIZE>
		<MAX_VALUE>[0.11524409800767899, 0.08990566432476044, 0.06725107133388519, 0.22470934689044952, 0.14010381698608398, 281.6407165527344, 0.07617276906967163]</MAX_VALUE>
		<MIN_VALUE>[0.1037629097700119, 0.07791982591152191, 0.05378023162484169, 0.13629961013793945, 0.06692042946815491, 281.14727783203125, 0.037247613072395325]</MIN_VALUE>
		<SIGNATURE_THRESHOLD_MD>0.0</SIGNATURE_THRESHOLD_MD>
		<SIGNATURE_THRESHOLD_ML>0.0</SIGNATURE_THRESHOLD_ML>
		<SIGNATURE_THRESHOLD_SAM>0.0</SIGNATURE_THRESHOLD_SAM>
	</signature>
	<signature ID="20180407_220338683000_832">
		<MACROCLASSID>4</MACROCLASSID>
		<MACROCLASSINFO>Built-up</MACROCLASSINFO>
		<CLASSID>26</CLASSID>
		<CLASSINFO>C 1</CLASSINFO>
		<VALUES>[0.1565045677125454, 0.004223266753449681, 0.14359228778630495, 0.0042302706111362574, 0.13165852054953572, 0.006929938936261483, 0.20629064366221433, 0.012080807548886944, 0.18940096348524094, 0.015158764090039587, 288.7919006347656, 0.0, 0.14794104080647233, 0.018203957095152924]</VALUES>
		<LCS_MIN>[0.1477740854024887, 0.13784907758235931, 0.12113442271947861, 0.18681944906711578, 0.16720876097679138, 288.7919006347656, 0.11899043619632721]</LCS_MIN>
		<LCS_MAX>[0.16116879880428314, 0.14983491599559784, 0.14470839500427246, 0.22470934689044952, 0.22412919998168945, 288.7919006347656, 0.1968407928943634]</LCS_MAX>
		<WAVELENGTH>[0.485, 0.56, 0.66, 0.83, 1.65, 2.215, 7.0]</WAVELENGTH>
		<MEAN_VALUE>[0.1565045677125454, 0.14359228778630495, 0.13165852054953572, 0.20629064366221433, 0.18940096348524094, 288.7919006347656, 0.14794104080647233]</MEAN_VALUE>
		<CHECKBOX>2</CHECKBOX>
		<SD>[0.004223266753449681, 0.0042302706111362574, 0.006929938936261483, 0.012080807548886944, 0.015158764090039587, 0.0, 0.018203957095152924]</SD>
		<WAVELENGTH_UNIT>E-6m</WAVELENGTH_UNIT>
		<COLOR>#5fb7f8</COLOR>
		<COVARIANCE_MATRIX>No</COVARIANCE_MATRIX>
		<ROI_SIZE>16</ROI_SIZE>
		<MAX_VALUE>[0.16116879880428314, 0.14983491599559784, 0.14470839500427246, 0.22470934689044952, 0.22412919998168945, 288.7919006347656, 0.1968407928943634]</MAX_VALUE>
		<MIN_VALUE>[0.1477740854024887, 0.13784907758235931, 0.12113442271947861, 0.18681944906711578, 0.16720876097679138, 288.7919006347656, 0.11899043619632721]</MIN_VALUE>
		<SIGNATURE_THRESHOLD_MD>0.0</SIGNATURE_THRESHOLD_MD>
		<SIGNATURE_THRESHOLD_ML>0.0</SIGNATURE_THRESHOLD_ML>
		<SIGNATURE_THRESHOLD_SAM>0.0</SIGNATURE_THRESHOLD_SAM>
	</signature>
	<signature ID="20180407_215934008000_457">
		<MACROCLASSID>3</MACROCLASSID>
		<MACROCLASSINFO>barren</MACROCLASSINFO>
		<CLASSID>17</CLASSID>
		<CLASSINFO>C 1</CLASSINFO>
		<VALUES>[0.1439324207888305, 0.0037570032114325022, 0.12860807486390347, 0.005925636800410855, 0.11717543722564028, 0.010247607039830662, 0.25938548545801, 0.02027285746175829, 0.27225602753744776, 0.033569768323747036, 290.3823221221225, 0.2273667802868383, 0.17003886663276727, 0.02585871300131704]</VALUES>
		<LCS_MIN>[0.13437938690185547, 0.11387735605239868, 0.09082504361867905, 0.21207937598228455, 0.19702424108982086, 290.1700744628906, 0.11509792506694794]</LCS_MIN>
		<LCS_MAX>[0.15351468324661255, 0.13784907758235931, 0.14134067296981812, 0.3131190538406372, 0.3433910310268402, 290.6258850097656, 0.21630336344242096]</LCS_MAX>
		<WAVELENGTH>[0.485, 0.56, 0.66, 0.83, 1.65, 2.215, 7.0]</WAVELENGTH>
		<MEAN_VALUE>[0.1439324207888305, 0.12860807486390347, 0.11717543722564028, 0.25938548545801, 0.27225602753744776, 290.3823221221225, 0.17003886663276727]</MEAN_VALUE>
		<CHECKBOX>2</CHECKBOX>
		<SD>[0.0037570032114325022, 0.005925636800410855, 0.010247607039830662, 0.02027285746175829, 0.033569768323747036, 0.2273667802868383, 0.02585871300131704]</SD>
		<WAVELENGTH_UNIT>E-6m</WAVELENGTH_UNIT>
		<COLOR>#7350e3</COLOR>
		<COVARIANCE_MATRIX>[[1.4223650396161247e-05, 1.7800541172618978e-05, 3.156789898639545e-05, -3.6794728657696396e-05, 7.22038239473477e-05, 0.000318460282869637, 6.400584970833734e-05], [1.7800541172618978e-05, 3.538327291607857e-05, 5.452379264170304e-05, -4.713481030194089e-05, 0.0001367799413856119, 0.00044955231714993715, 0.00011420877126511186], [3.156789898639545e-05, 5.452379264170304e-05, 0.00010582124377833679, -9.734373452374712e-05, 0.00024276568728964776, 0.000905789143871516, 0.00020778895122930408], [-3.6794728657696396e-05, -4.713481030194089e-05, -9.734373452374712e-05, 0.0004141502140555531, 6.965828652027994e-05, -0.0005230651586316526, -4.280269058654085e-05], [7.22038239473477e-05, 0.0001367799413856119, 0.00024276568728964776, 6.965828652027994e-05, 0.0011355980532243848, 0.0033633445855230093, 0.0008355032186955214], [0.000318460282869637, 0.00044955231714993715, 0.000905789143871516, -0.0005230651586316526, 0.0033633445855230093, 0.05209331214427948, 0.002811712445691228], [6.400584970833734e-05, 0.00011420877126511186, 0.00020778895122930408, -4.280269058654085e-05, 0.0008355032186955214, 0.002811712445691228, 0.0006738166557624936]]</COVARIANCE_MATRIX>
		<ROI_SIZE>131</ROI_SIZE>
		<MAX_VALUE>[0.15351468324661255, 0.13784907758235931, 0.14134067296981812, 0.3131190538406372, 0.3433910310268402, 290.6258850097656, 0.21630336344242096]</MAX_VALUE>
		<MIN_VALUE>[0.13437938690185547, 0.11387735605239868, 0.09082504361867905, 0.21207937598228455, 0.19702424108982086, 290.1700744628906, 0.11509792506694794]</MIN_VALUE>
		<SIGNATURE_THRESHOLD_MD>0.0</SIGNATURE_THRESHOLD_MD>
		<SIGNATURE_THRESHOLD_ML>0.0</SIGNATURE_THRESHOLD_ML>
		<SIGNATURE_THRESHOLD_SAM>0.0</SIGNATURE_THRESHOLD_SAM>
	</signature>
	<signature ID="20180407_220705365000_633">
		<MACROCLASSID>6</MACROCLASSID>
		<MACROCLASSINFO>Shadow</MACROCLASSINFO>
		<CLASSID>32</CLASSID>
		<CLASSINFO>C 1</CLASSINFO>
		<VALUES>[0.12843998366749138, 0.0024591216540677677, 0.09540566753644447, 0.0021393415320111182, 0.06913174195336058, 0.002136383601513943, 0.12033446626616762, 0.01404246783216597, 0.04699651335741018, 0.009617997079713687, 284.3125075303116, 0.2402598873864318, 0.028299879718136474, 0.005507169786662438]</VALUES>
		<LCS_MIN>[0.12481174618005753, 0.08990566432476044, 0.06725107133388519, 0.1026197150349617, 0.031683966517448425, 284.0753479003906, 0.021677546203136444]</LCS_MIN>
		<LCS_MAX>[0.13437938690185547, 0.09789622575044632, 0.0739864856004715, 0.15734954178333282, 0.06963091343641281, 284.555908203125, 0.0411401242017746]</LCS_MAX>
		<WAVELENGTH>[0.485, 0.56, 0.66, 0.83, 1.65, 2.215, 7.0]</WAVELENGTH>
		<MEAN_VALUE>[0.12843998366749138, 0.09540566753644447, 0.06913174195336058, 0.12033446626616762, 0.04699651335741018, 284.3125075303116, 0.028299879718136474]</MEAN_VALUE>
		<CHECKBOX>2</CHECKBOX>
		<SD>[0.0024591216540677677, 0.0021393415320111182, 0.002136383601513943, 0.01404246783216597, 0.009617997079713687, 0.2402598873864318, 0.005507169786662438]</SD>
		<WAVELENGTH_UNIT>E-6m</WAVELENGTH_UNIT>
		<COLOR>#04dc74</COLOR>
		<COVARIANCE_MATRIX>[[6.126848802523455e-06, 1.2084243508070358e-06, 1.311530354541901e-06, 1.915004577313084e-05, 1.0591262253001332e-05, 0.00020506390137597919, 3.882049441017443e-06], [1.2084243508070358e-06, 4.637002803065116e-06, 2.0899724404443987e-06, 1.0617436601023655e-05, 5.723620233766269e-06, 1.7388634660164826e-05, 2.5910569547704654e-06], [1.311530354541901e-06, 2.0899724404443987e-06, 4.624189386959188e-06, 1.1578390513022896e-05, 6.6152697399957106e-06, 5.9182402765145525e-05, 2.215425411122851e-06], [1.915004577313084e-05, 1.0617436601023655e-05, 1.1578390513022896e-05, 0.00019978551426902413, 0.00012531402171589434, 0.0014402687083929777, 5.924904326093383e-05], [1.0591262253001332e-05, 5.723620233766269e-06, 6.6152697399957106e-06, 0.00012531402171589434, 9.372305066790432e-05, 0.0009310655295848846, 3.983357237302698e-05], [0.00020506390137597919, 1.7388634660164826e-05, 5.9182402765145525e-05, 0.0014402687083929777, 0.0009310655295848846, 0.05848434939980507, 0.00035321261384524405], [3.882049441017443e-06, 2.5910569547704654e-06, 2.215425411122851e-06, 5.924904326093383e-05, 3.983357237302698e-05, 0.00035321261384524405, 3.0727984267286956e-05]]</COVARIANCE_MATRIX>
		<ROI_SIZE>77</ROI_SIZE>
		<MAX_VALUE>[0.13437938690185547, 0.09789622575044632, 0.0739864856004715, 0.15734954178333282, 0.06963091343641281, 284.555908203125, 0.0411401242017746]</MAX_VALUE>
		<MIN_VALUE>[0.12481174618005753, 0.08990566432476044, 0.06725107133388519, 0.1026197150349617, 0.031683966517448425, 284.0753479003906, 0.021677546203136444]</MIN_VALUE>
		<SIGNATURE_THRESHOLD_MD>0.0</SIGNATURE_THRESHOLD_MD>
		<SIGNATURE_THRESHOLD_ML>0.0</SIGNATURE_THRESHOLD_ML>
		<SIGNATURE_THRESHOLD_SAM>0.0</SIGNATURE_THRESHOLD_SAM>
	</signature>
	<signature ID="20180512_210326309000_298">
		<MACROCLASSID>3</MACROCLASSID>
		<MACROCLASSINFO>barren</MACROCLASSINFO>
		<CLASSID>64</CLASSID>
		<CLASSINFO>C 1</CLASSINFO>
		<VALUES>[0.15181375965761498, 0.002689965314546724, 0.12823590170948884, 0.0041745721830349055, 0.11059259263605907, 0.006855540264341532, 0.1887712104681352, 0.01457661353926703, 0.13211771751614826, 0.019752846492975384, 288.328857421875, 0.0, 0.08395780458818, 0.01397040474177116]</VALUES>
		<LCS_MIN>[0.143947035074234, 0.11787265539169312, 0.0941927507519722, 0.16155953705310822, 0.0804729089140892, 288.328857421875, 0.05281767249107361]</LCS_MIN>
		<LCS_MAX>[0.1592552661895752, 0.1458396315574646, 0.14134067296981812, 0.22891931235790253, 0.16991926729679108, 288.328857421875, 0.12288296222686768]</LCS_MAX>
		<WAVELENGTH>[0.485, 0.56, 0.66, 0.83, 1.65, 2.215, 7.0]</WAVELENGTH>
		<MEAN_VALUE>[0.15181375965761498, 0.12823590170948884, 0.11059259263605907, 0.1887712104681352, 0.13211771751614826, 288.328857421875, 0.08395780458818]</MEAN_VALUE>
		<CHECKBOX>2</CHECKBOX>
		<SD>[0.002689965314546724, 0.0041745721830349055, 0.006855540264341532, 0.01457661353926703, 0.019752846492975384, 0.0, 0.01397040474177116]</SD>
		<WAVELENGTH_UNIT>E-6m</WAVELENGTH_UNIT>
		<COLOR>#4c5047</COLOR>
		<COVARIANCE_MATRIX>No</COVARIANCE_MATRIX>
		<ROI_SIZE>261</ROI_SIZE>
		<MAX_VALUE>[0.1592552661895752, 0.1458396315574646, 0.14134067296981812, 0.22891931235790253, 0.16991926729679108, 288.328857421875, 0.12288296222686768]</MAX_VALUE>
		<MIN_VALUE>[0.143947035074234, 0.11787265539169312, 0.0941927507519722, 0.16155953705310822, 0.0804729089140892, 288.328857421875, 0.05281767249107361]</MIN_VALUE>
		<SIGNATURE_THRESHOLD_MD>0.0</SIGNATURE_THRESHOLD_MD>
		<SIGNATURE_THRESHOLD_ML>0.0</SIGNATURE_THRESHOLD_ML>
		<SIGNATURE_THRESHOLD_SAM>0.0</SIGNATURE_THRESHOLD_SAM>
	</signature>
	<signature ID="20180512_210012295000_250">
		<MACROCLASSID>1</MACROCLASSID>
		<MACROCLASSINFO>water</MACROCLASSINFO>
		<CLASSID>57</CLASSID>
		<CLASSINFO>C 1</CLASSINFO>
		<VALUES>[0.13820644468069077, 0.0020668445510827462, 0.11820558893183869, 0.0038106805595652447, 0.09756046347320078, 0.0023813311851806564, 0.11875799857079983, 0.009228953746960618, 0.10351211950182915, 0.015862766188792093, 288.59896596272785, 0.22828338254030364, 0.07844341018547614, 0.009725882345356348]</VALUES>
		<LCS_MIN>[0.13629291951656342, 0.11387735605239868, 0.0941927507519722, 0.1026197150349617, 0.0804729089140892, 288.328857421875, 0.056710194796323776]</LCS_MIN>
		<LCS_MAX>[0.14203350245952606, 0.1258632242679596, 0.1009281724691391, 0.13208961486816406, 0.1265513151884079, 288.7919006347656, 0.09174282848834991]</LCS_MAX>
		<WAVELENGTH>[0.485, 0.56, 0.66, 0.83, 1.65, 2.215, 7.0]</WAVELENGTH>
		<MEAN_VALUE>[0.13820644468069077, 0.11820558893183869, 0.09756046347320078, 0.11875799857079983, 0.10351211950182915, 288.59896596272785, 0.07844341018547614]</MEAN_VALUE>
		<CHECKBOX>2</CHECKBOX>
		<SD>[0.0020668445510827462, 0.0038106805595652447, 0.0023813311851806564, 0.009228953746960618, 0.015862766188792093, 0.22828338254030364, 0.009725882345356348]</SD>
		<WAVELENGTH_UNIT>E-6m</WAVELENGTH_UNIT>
		<COLOR>#c560c7</COLOR>
		<COVARIANCE_MATRIX>[[4.660196070916844e-06, 3.475039029244741e-06, 5.858346827697874e-07, 2.1970795920316974e-06, -2.82903741274679e-06, -3.1363097977274185e-10, -4.062783218241908e-06], [3.475039029244741e-06, 1.5841403265871057e-05, 4.892728527977871e-06, 1.401679295513517e-05, 3.445707540474091e-06, 0.0005746192870856937, 6.244253875199638e-06], [5.858346827697874e-07, 4.892728527977871e-06, 6.186259869287902e-06, 6.444557596131536e-06, 1.244748093967069e-05, 0.00042528980278368846, 4.766864877383208e-06], [2.1970795920316974e-06, 1.401679295513517e-05, 6.444557596131536e-06, 9.291664065113287e-05, 0.00013900852544540795, 0.000915630199120766, 5.9838982135580754e-05], [-2.82903741274679e-06, 3.445707540474091e-06, 1.244748093967069e-05, 0.00013900852544540795, 0.00027450256490212983, 0.0009698315130063667, 0.00012133243141829555], [-3.1363097977274185e-10, 0.0005746192870856937, 0.00042528980278368846, 0.000915630199120766, 0.0009698315130063667, 0.05685087572077685, 0.0003140556230513966], [-4.062783218241908e-06, 6.244253875199638e-06, 4.766864877383208e-06, 5.9838982135580754e-05, 0.00012133243141829555, 0.0003140556230513966, 0.00010319213170441563]]</COVARIANCE_MATRIX>
		<ROI_SIZE>12</ROI_SIZE>
		<MAX_VALUE>[0.14203350245952606, 0.1258632242679596, 0.1009281724691391, 0.13208961486816406, 0.1265513151884079, 288.7919006347656, 0.09174282848834991]</MAX_VALUE>
		<MIN_VALUE>[0.13629291951656342, 0.11387735605239868, 0.0941927507519722, 0.1026197150349617, 0.0804729089140892, 288.328857421875, 0.056710194796323776]</MIN_VALUE>
		<SIGNATURE_THRESHOLD_MD>0.0</SIGNATURE_THRESHOLD_MD>
		<SIGNATURE_THRESHOLD_ML>0.0</SIGNATURE_THRESHOLD_ML>
		<SIGNATURE_THRESHOLD_SAM>0.0</SIGNATURE_THRESHOLD_SAM>
	</signature>
	<signature ID="20180407_215545316000_673">
		<MACROCLASSID>2</MACROCLASSID>
		<MACROCLASSINFO>Vegetation</MACROCLASSINFO>
		<CLASSID>8</CLASSID>
		<CLASSINFO>C 1</CLASSINFO>
		<VALUES>[0.12248873284446851, 0.0023893435635121965, 0.10106943676501151, 0.003299298384804458, 0.07459628014775462, 0.0026812550219795167, 0.31571783131532705, 0.024407307564645216, 0.17973506499710404, 0.01803075563780156, 284.555908203125, 0.0, 0.0854475334164046, 0.009584922656802707]</VALUES>
		<LCS_MIN>[0.11715763062238693, 0.08990566432476044, 0.06725107133388519, 0.27101919054985046, 0.1265513151884079, 284.555908203125, 0.06060270965099335]</LCS_MIN>
		<LCS_MAX>[0.12863878905773163, 0.10988207906484604, 0.0807219073176384, 0.3804788589477539, 0.21328721940517426, 284.555908203125, 0.11120542138814926]</LCS_MAX>
		<WAVELENGTH>[0.485, 0.56, 0.66, 0.83, 1.65, 2.215, 7.0]</WAVELENGTH>
		<MEAN_VALUE>[0.12248873284446851, 0.10106943676501151, 0.07459628014775462, 0.31571783131532705, 0.17973506499710404, 284.555908203125, 0.0854475334164046]</MEAN_VALUE>
		<CHECKBOX>2</CHECKBOX>
		<SD>[0.0023893435635121965, 0.003299298384804458, 0.0026812550219795167, 0.024407307564645216, 0.01803075563780156, 0.0, 0.009584922656802707]</SD>
		<WAVELENGTH_UNIT>E-6m</WAVELENGTH_UNIT>
		<COLOR>#68ef1e</COLOR>
		<COVARIANCE_MATRIX>No</COVARIANCE_MATRIX>
		<ROI_SIZE>243</ROI_SIZE>
		<MAX_VALUE>[0.12863878905773163, 0.10988207906484604, 0.0807219073176384, 0.3804788589477539, 0.21328721940517426, 284.555908203125, 0.11120542138814926]</MAX_VALUE>
		<MIN_VALUE>[0.11715763062238693, 0.08990566432476044, 0.06725107133388519, 0.27101919054985046, 0.1265513151884079, 284.555908203125, 0.06060270965099335]</MIN_VALUE>
		<SIGNATURE_THRESHOLD_MD>0.0</SIGNATURE_THRESHOLD_MD>
		<SIGNATURE_THRESHOLD_ML>0.0</SIGNATURE_THRESHOLD_ML>
		<SIGNATURE_THRESHOLD_SAM>0.0</SIGNATURE_THRESHOLD_SAM>
	</signature>
	<signature ID="20180407_220249679000_948">
		<MACROCLASSID>4</MACROCLASSID>
		<MACROCLASSINFO>Built-up</MACROCLASSINFO>
		<CLASSID>23</CLASSID>
		<CLASSINFO>C 1</CLASSINFO>
		<VALUES>[0.15248197671912964, 0.005410405983323918, 0.1288438302183908, 0.008361455332967371, 0.11049674238477436, 0.011837753453889786, 0.2168907894501611, 0.020839819313346792, 0.16901577890865394, 0.019013383322758978, 289.2530822753906, 0.0, 0.1232536778090492, 0.0253947101734209]</VALUES>
		<LCS_MIN>[0.14011996984481812, 0.11387735605239868, 0.0941927507519722, 0.174189493060112, 0.13468283414840698, 289.2530822753906, 0.0800652951002121]</LCS_MIN>
		<LCS_MAX>[0.17264996469020844, 0.1658160388469696, 0.14470839500427246, 0.2541792392730713, 0.21870821714401245, 289.2530822753906, 0.1968407928943634]</LCS_MAX>
		<WAVELENGTH>[0.485, 0.56, 0.66, 0.83, 1.65, 2.215, 7.0]</WAVELENGTH>
		<MEAN_VALUE>[0.15248197671912964, 0.1288438302183908, 0.11049674238477436, 0.2168907894501611, 0.16901577890865394, 289.2530822753906, 0.1232536778090492]</MEAN_VALUE>
		<CHECKBOX>2</CHECKBOX>
		<SD>[0.005410405983323918, 0.008361455332967371, 0.011837753453889786, 0.020839819313346792, 0.019013383322758978, 0.0, 0.0253947101734209]</SD>
		<WAVELENGTH_UNIT>E-6m</WAVELENGTH_UNIT>
		<COLOR>#fa47f5</COLOR>
		<COVARIANCE_MATRIX>No</COVARIANCE_MATRIX>
		<ROI_SIZE>63</ROI_SIZE>
		<MAX_VALUE>[0.17264996469020844, 0.1658160388469696, 0.14470839500427246, 0.2541792392730713, 0.21870821714401245, 289.2530822753906, 0.1968407928943634]</MAX_VALUE>
		<MIN_VALUE>[0.14011996984481812, 0.11387735605239868, 0.0941927507519722, 0.174189493060112, 0.13468283414840698, 289.2530822753906, 0.0800652951002121]</MIN_VALUE>
		<SIGNATURE_THRESHOLD_MD>0.0</SIGNATURE_THRESHOLD_MD>
		<SIGNATURE_THRESHOLD_ML>0.0</SIGNATURE_THRESHOLD_ML>
		<SIGNATURE_THRESHOLD_SAM>0.0</SIGNATURE_THRESHOLD_SAM>
	</signature>
	<signature ID="20180407_215525447000_779">
		<MACROCLASSID>2</MACROCLASSID>
		<MACROCLASSINFO>Vegetation</MACROCLASSINFO>
		<CLASSID>7</CLASSID>
		<CLASSINFO>C 1</CLASSINFO>
		<VALUES>[0.1335663829442751, 0.002165442492988699, 0.11255250029613321, 0.0034363580715013617, 0.08047761922518826, 0.0029389480906607175, 0.3478896454208255, 0.029175593375461502, 0.20641969051694628, 0.01608413994844189, 288.328857421875, 0.0, 0.09801523051576908, 0.00790439468372698]</VALUES>
		<LCS_MIN>[0.12863878905773163, 0.10189151018857956, 0.0739864856004715, 0.28785914182662964, 0.16720876097679138, 288.328857421875, 0.0800652951002121]</LCS_MIN>
		<LCS_MAX>[0.13820643723011017, 0.12186793237924576, 0.09082504361867905, 0.42257875204086304, 0.24310268461704254, 288.328857421875, 0.1345605105161667]</LCS_MAX>
		<WAVELENGTH>[0.485, 0.56, 0.66, 0.83, 1.65, 2.215, 7.0]</WAVELENGTH>
		<MEAN_VALUE>[0.1335663829442751, 0.11255250029613321, 0.08047761922518826, 0.3478896454208255, 0.20641969051694628, 288.328857421875, 0.09801523051576908]</MEAN_VALUE>
		<CHECKBOX>2</CHECKBOX>
		<SD>[0.002165442492988699, 0.0034363580715013617, 0.0029389480906607175, 0.029175593375461502, 0.01608413994844189, 0.0, 0.00790439468372698]</SD>
		<WAVELENGTH_UNIT>E-6m</WAVELENGTH_UNIT>
		<COLOR>#942d9c</COLOR>
		<COVARIANCE_MATRIX>No</COVARIANCE_MATRIX>
		<ROI_SIZE>193</ROI_SIZE>
		<MAX_VALUE>[0.13820643723011017, 0.12186793237924576, 0.09082504361867905, 0.42257875204086304, 0.24310268461704254, 288.328857421875, 0.1345605105161667]</MAX_VALUE>
		<MIN_VALUE>[0.12863878905773163, 0.10189151018857956, 0.0739864856004715, 0.28785914182662964, 0.16720876097679138, 288.328857421875, 0.0800652951002121]</MIN_VALUE>
		<SIGNATURE_THRESHOLD_MD>0.0</SIGNATURE_THRESHOLD_MD>
		<SIGNATURE_THRESHOLD_ML>0.0</SIGNATURE_THRESHOLD_ML>
		<SIGNATURE_THRESHOLD_SAM>0.0</SIGNATURE_THRESHOLD_SAM>
	</signature>
	<signature ID="20180407_215851529000_540">
		<MACROCLASSID>3</MACROCLASSID>
		<MACROCLASSINFO>barren</MACROCLASSINFO>
		<CLASSID>15</CLASSID>
		<CLASSINFO>C 1</CLASSINFO>
		<VALUES>[0.15191068785155523, 0.0033403913503777896, 0.12868342460954887, 0.003068747189479319, 0.10890171654960687, 0.006608030838995657, 0.21399863480645065, 0.035100477592394895, 0.14919195039307365, 0.03570783203426643, 288.7919006347656, 0.0, 0.08888069118427883, 0.019111578467388188]</VALUES>
		<LCS_MIN>[0.143947035074234, 0.12186793237924576, 0.0941927507519722, 0.16155953705310822, 0.1075778678059578, 288.7919006347656, 0.056710194796323776]</LCS_MIN>
