<?xml version="1.0" ?>
<signaturelist MCID_LIST="[['1', 'waterbody', '#9bf3a8'], ['2', 'vegetation', '#6037cf'], ['3', 'bareland', '#656eac'], ['4', 'built-up', '#ab0e29']]">
	<signature ID="20210512_150147962832_854">
		<MACROCLASSID>1</MACROCLASSID>
		<MACROCLASSINFO>waterbody</MACROCLASSINFO>
		<CLASSID>1</CLASSID>
		<CLASSINFO>C 1</CLASSINFO>
		<VALUES>[0.15839003, 0.0075013605, 0.14397548, 0.008575759, 0.116789356, 0.014564293, 0.074419074, 0.014890531, 0.019117385, 0.004758823, 0.010255522, 0.0038947535]</VALUES>
		<LCS_MIN>[0.13557512, 0.116693914, 0.08377138, 0.045066744, 0.0, 0.0]</LCS_MIN>
		<LCS_MAX>[0.18939438, 0.17495981, 0.16094983, 0.12839134, 0.056260012, 0.035324268]</LCS_MAX>
		<WAVELENGTH>[0.485, 0.56, 0.66, 0.83, 1.65, 2.215]</WAVELENGTH>
		<MEAN_VALUE>[0.15839003, 0.14397548, 0.116789356, 0.074419074, 0.019117385, 0.010255522]</MEAN_VALUE>
		<CHECKBOX>2</CHECKBOX>
		<SD>[0.0075013605, 0.008575759, 0.014564293, 0.014890531, 0.004758823, 0.0038947535]</SD>
		<WAVELENGTH_UNIT>E-6m</WAVELENGTH_UNIT>
		<COLOR>#9bf3a8</COLOR>
		<COVARIANCE_MATRIX>[[5.6270691857207566e-05, 5.865271668881178e-05, 9.636485629016533e-05, 7.60977272875607e-05, 1.0553675565461162e-05, 4.391884431242943e-06], [5.865271668881178e-05, 7.354398985626176e-05, 0.00011377231567166746, 9.029904322233051e-05, 1.2289260666875634e-05, 5.104880074213725e-06], [9.636485629016533e-05, 0.00011377231567166746, 0.00021211971761658788, 0.0001869873667601496, 2.8681666663032956e-05, 1.3060935089015402e-05], [7.60977272875607e-05, 9.029904322233051e-05, 0.0001869873667601496, 0.00022172900207806379, 4.3243722757324576e-05, 2.150596264982596e-05], [1.0553675565461162e-05, 1.2289260666875634e-05, 2.8681666663032956e-05, 4.3243722757324576e-05, 2.2646496290690266e-05, 9.555627912050113e-06], [4.391884431242943e-06, 5.104880074213725e-06, 1.3060935089015402e-05, 2.150596264982596e-05, 9.555627912050113e-06, 1.5169178368523717e-05]]</COVARIANCE_MATRIX>
		<ROI_SIZE>200085</ROI_SIZE>
		<MAX_VALUE>[0.18939438, 0.17495981, 0.16094983, 0.12839134, 0.056260012, 0.035324268]</MAX_VALUE>
		<MIN_VALUE>[0.13557512, 0.116693914, 0.08377138, 0.045066744, 0.0, 0.0]</MIN_VALUE>
		<SIGNATURE_THRESHOLD_MD>0.0</SIGNATURE_THRESHOLD_MD>
		<SIGNATURE_THRESHOLD_ML>0.0</SIGNATURE_THRESHOLD_ML>
		<SIGNATURE_THRESHOLD_SAM>0.0</SIGNATURE_THRESHOLD_SAM>
	</signature>
	<signature ID="20210512_151401681912_796">
		<MACROCLASSID>1</MACROCLASSID>
		<MACROCLASSINFO>waterbody</MACROCLASSINFO>
		<CLASSID>2</CLASSID>
		<CLASSINFO>C 1</CLASSINFO>
		<VALUES>[0.15844761, 0.0074109077, 0.14402232, 0.00847173, 0.11707243, 0.014371573, 0.075136855, 0.015088314, 0.019292839, 0.0049189064, 0.0103285415, 0.003951118]</VALUES>
		<LCS_MIN>[0.13557512, 0.116693914, 0.08377138, 0.045066744, 0.0, 0.0]</LCS_MIN>
		<LCS_MAX>[0.18939438, 0.17495981, 0.16094983, 0.15908986, 0.06755401, 0.035324268]</LCS_MAX>
		<WAVELENGTH>[0.485, 0.56, 0.66, 0.83, 1.65, 2.215]</WAVELENGTH>
		<MEAN_VALUE>[0.15844761, 0.14402232, 0.11707243, 0.075136855, 0.019292839, 0.0103285415]</MEAN_VALUE>
		<CHECKBOX>2</CHECKBOX>
		<SD>[0.0074109077, 0.00847173, 0.014371573, 0.015088314, 0.0049189064, 0.003951118]</SD>
		<WAVELENGTH_UNIT>E-6m</WAVELENGTH_UNIT>
		<COLOR>#d8090e</COLOR>
		<COVARIANCE_MATRIX>[[5.49218530068174e-05, 5.71069358556997e-05, 9.357665112474933e-05, 7.298137643374503e-05, 9.635133210394997e-06, 3.92315359931672e-06], [5.71069358556997e-05, 7.1770504291635e-05, 0.00011043332051485777, 8.635611447971314e-05, 1.1169090612384025e-05, 4.537394488579594e-06], [9.357665112474933e-05, 0.00011043332051485777, 0.0002065432199742645, 0.0001832164271036163, 2.79443684121361e-05, 1.2635828170459718e-05], [7.298137643374503e-05, 8.635611447971314e-05, 0.0001832164271036163, 0.00022765823814552277, 4.629125032806769e-05, 2.291966120537836e-05], [9.635133210394997e-06, 1.1169090612384025e-05, 2.79443684121361e-05, 4.629125032806769e-05, 2.4195762307499535e-05, 1.0343973372073378e-05], [3.92315359931672e-06, 4.537394488579594e-06, 1.2635828170459718e-05, 2.291966120537836e-05, 1.0343973372073378e-05, 1.561139833938796e-05]]</COVARIANCE_MATRIX>
		<ROI_SIZE>208697</ROI_SIZE>
		<MAX_VALUE>[0.18939438, 0.17495981, 0.16094983, 0.15908986, 0.06755401, 0.035324268]</MAX_VALUE>
		<MIN_VALUE>[0.13557512, 0.116693914, 0.08377138, 0.045066744, 0.0, 0.0]</MIN_VALUE>
		<SIGNATURE_THRESHOLD_MD>0.0</SIGNATURE_THRESHOLD_MD>
		<SIGNATURE_THRESHOLD_ML>0.0</SIGNATURE_THRESHOLD_ML>
		<SIGNATURE_THRESHOLD_SAM>0.0</SIGNATURE_THRESHOLD_SAM>
	</signature>
	<signature ID="20210512_155143846537_983">
		<MACROCLASSID>1</MACROCLASSID>
		<MACROCLASSINFO>waterbody</MACROCLASSINFO>
		<CLASSID>3</CLASSID>
		<CLASSINFO>C 1</CLASSINFO>
		<VALUES>[0.1585929, 0.0079032825, 0.14397538, 0.008998366, 0.11601221, 0.015205763, 0.0728506, 0.015173115, 0.018748198, 0.0045002117, 0.010073581, 0.0037232363]</VALUES>
		<LCS_MIN>[0.13557512, 0.116693914, 0.08377138, 0.045066744, 0.0, 0.0]</LCS_MIN>
		<LCS_MAX>[0.18939438, 0.17495981, 0.16094983, 0.12839134, 0.047789507, 0.035324268]</LCS_MAX>
		<WAVELENGTH>[0.485, 0.56, 0.66, 0.83, 1.65, 2.215]</WAVELENGTH>
		<MEAN_VALUE>[0.1585929, 0.14397538, 0.11601221, 0.0728506, 0.018748198, 0.010073581]</MEAN_VALUE>
		<CHECKBOX>2</CHECKBOX>
		<SD>[0.0079032825, 0.008998366, 0.015205763, 0.015173115, 0.0045002117, 0.0037232363]</SD>
		<WAVELENGTH_UNIT>E-6m</WAVELENGTH_UNIT>
		<COLOR>#cc5131</COLOR>
		<COVARIANCE_MATRIX>[[6.24622407485731e-05, 6.57074706396088e-05, 0.00010952813317999244, 8.998962584882975e-05, 1.4178449418977834e-05, 6.265831871132832e-06], [6.57074706396088e-05, 8.097107638604939e-05, 0.00012644793605431914, 0.00010309135541319847, 1.6127874914673157e-05, 7.138238743209513e-06], [0.00010952813317999244, 0.00012644793605431914, 0.00023121661797631532, 0.00020276122086215764, 3.309302337584086e-05, 1.5324958440032788e-05], [8.998962584882975e-05, 0.00010309135541319847, 0.00020276122086215764, 0.00023022467212285846, 4.317285856814124e-05, 2.1032386939623393e-05], [1.4178449418977834e-05, 1.6127874914673157e-05, 3.309302337584086e-05, 4.317285856814124e-05, 2.0252025933586992e-05, 7.858088793000206e-06], [6.265831871132832e-06, 7.138238743209513e-06, 1.5324958440032788e-05, 2.1032386939623393e-05, 7.858088793000206e-06, 1.3862563719158061e-05]]</COVARIANCE_MATRIX>
		<ROI_SIZE>81809</ROI_SIZE>
		<MAX_VALUE>[0.18939438, 0.17495981, 0.16094983, 0.12839134, 0.047789507, 0.035324268]</MAX_VALUE>
		<MIN_VALUE>[0.13557512, 0.116693914, 0.08377138, 0.045066744, 0.0, 0.0]</MIN_VALUE>
		<SIGNATURE_THRESHOLD_MD>0.0</SIGNATURE_THRESHOLD_MD>
		<SIGNATURE_THRESHOLD_ML>0.0</SIGNATURE_THRESHOLD_ML>
		<SIGNATURE_THRESHOLD_SAM>0.0</SIGNATURE_THRESHOLD_SAM>
	</signature>
	<signature ID="20210512_160220774956_726">
		<MACROCLASSID>1</MACROCLASSID>
		<MACROCLASSINFO>waterbody</MACROCLASSINFO>
		<CLASSID>4</CLASSID>
		<CLASSINFO>C 1</CLASSINFO>
		<VALUES>[0.15230131, 0.0027726425, 0.13652827, 0.0029619324, 0.10745077, 0.0033668124, 0.079419576, 0.005755706, 0.024929205, 0.0072909375, 0.013751875, 0.0063031586]</VALUES>
		<LCS_MIN>[0.13756843, 0.116693914, 0.0872795, 0.06699427, 0.011084024, 0.0]</LCS_MIN>
		<LCS_MAX>[0.16348141, 0.14582686, 0.12236061, 0.14593334, 0.13531798, 0.12047505]</LCS_MAX>
		<WAVELENGTH>[0.485, 0.56, 0.66, 0.83, 1.65, 2.215]</WAVELENGTH>
		<MEAN_VALUE>[0.15230131, 0.13652827, 0.10745077, 0.079419576, 0.024929205, 0.013751875]</MEAN_VALUE>
		<CHECKBOX>2</CHECKBOX>
		<SD>[0.0027726425, 0.0029619324, 0.0033668124, 0.005755706, 0.0072909375, 0.0063031586]</SD>
		<WAVELENGTH_UNIT>E-6m</WAVELENGTH_UNIT>
		<COLOR>#0f1bef</COLOR>
		<COVARIANCE_MATRIX>[[7.68856261856854e-06, 3.4952558962686453e-06, 3.2575553632341325e-06, -2.411002924418426e-06, -3.394424538782914e-06, -2.9501875360438135e-06], [3.4952558962686453e-06, 8.77420370670734e-06, 3.842154910671525e-06, -3.177710823365487e-06, -4.408172571856994e-06, -3.696501153171994e-06], [3.2575553632341325e-06, 3.842154910671525e-06, 1.1336921488691587e-05, 4.3307923078828026e-06, 3.3655351217021234e-06, 2.459490588080371e-06], [-2.411002924418426e-06, -3.177710823365487e-06, 4.3307923078828026e-06, 3.3132528187707067e-05, 3.3329059078823775e-05, 2.5403694962733425e-05], [-3.394424538782914e-06, -4.408172571856994e-06, 3.3655351217021234e-06, 3.3329059078823775e-05, 5.316477472661063e-05, 3.650326107162982e-05], [-2.9501875360438135e-06, -3.696501153171994e-06, 2.459490588080371e-06, 2.5403694962733425e-05, 3.650326107162982e-05, 3.9735059544909745e-05]]</COVARIANCE_MATRIX>
		<ROI_SIZE>7569</ROI_SIZE>
		<MAX_VALUE>[0.16348141, 0.14582686, 0.12236061, 0.14593334, 0.13531798, 0.12047505]</MAX_VALUE>
		<MIN_VALUE>[0.13756843, 0.116693914, 0.0872795, 0.06699427, 0.011084024, 0.0]</MIN_VALUE>
		<SIGNATURE_THRESHOLD_MD>0.0</SIGNATURE_THRESHOLD_MD>
		<SIGNATURE_THRESHOLD_ML>0.0</SIGNATURE_THRESHOLD_ML>
		<SIGNATURE_THRESHOLD_SAM>0.0</SIGNATURE_THRESHOLD_SAM>
	</signature>
	<signature ID="20210513_092940732129_750">
		<MACROCLASSID>1</MACROCLASSID>
		<MACROCLASSINFO>waterbody</MACROCLASSINFO>
		<CLASSID>5</CLASSID>
		<CLASSINFO>C 1</CLASSINFO>
		<VALUES>[0, 0, 0, 0, 0, 0, 0, 0, 0, 0, 0, 0]</VALUES>
		<LCS_MIN>[0, 0, 0, 0, 0, 0]</LCS_MIN>
		<LCS_MAX>[0, 0, 0, 0, 0, 0]</LCS_MAX>
		<WAVELENGTH>[0.485, 0.56, 0.66, 0.83, 1.65, 2.215]</WAVELENGTH>
		<MEAN_VALUE>[0, 0, 0, 0, 0, 0]</MEAN_VALUE>
		<CHECKBOX>2</CHECKBOX>
		<SD>[0, 0, 0, 0, 0, 0]</SD>
		<WAVELENGTH_UNIT>E-6m</WAVELENGTH_UNIT>
		<COLOR>#addb61</COLOR>
		<COVARIANCE_MATRIX>No</COVARIANCE_MATRIX>
		<ROI_SIZE>0</ROI_SIZE>
		<MAX_VALUE>[0, 0, 0, 0, 0, 0]</MAX_VALUE>
		<MIN_VALUE>[0, 0, 0, 0, 0, 0]</MIN_VALUE>
		<SIGNATURE_THRESHOLD_MD>0.0</SIGNATURE_THRESHOLD_MD>
		<SIGNATURE_THRESHOLD_ML>0.0</SIGNATURE_THRESHOLD_ML>
		<SIGNATURE_THRESHOLD_SAM>0.0</SIGNATURE_THRESHOLD_SAM>
	</signature>
	<signature ID="20210513_100740710678_575">
		<MACROCLASSID>2</MACROCLASSID>
		<MACROCLASSINFO>vegetation</MACROCLASSINFO>
		<CLASSID>6</CLASSID>
		<CLASSINFO>C 1</CLASSINFO>
		<VALUES>[0.11830244, 0.0025154443, 0.093740985, 0.003852141, 0.072063275, 0.0038318324, 0.19750978, 0.016711224, 0.1143727, 0.014303678, 0.048372008, 0.008048784]</VALUES>
		<LCS_MIN>[0.10966215, 0.08339912, 0.062722705, 0.16347536, 0.081671506, 0.02721467]</LCS_MIN>
		<LCS_MAX>[0.1295952, 0.108370215, 0.09429571, 0.26434198, 0.16919997, 0.07587226]</LCS_MAX>
		<WAVELENGTH>[0.485, 0.56, 0.66, 0.83, 1.65, 2.215]</WAVELENGTH>
		<MEAN_VALUE>[0.11830244, 0.093740985, 0.072063275, 0.19750978, 0.1143727, 0.048372008]</MEAN_VALUE>
		<CHECKBOX>2</CHECKBOX>
		<SD>[0.0025154443, 0.003852141, 0.0038318324, 0.016711224, 0.014303678, 0.008048784]</SD>
		<WAVELENGTH_UNIT>E-6m</WAVELENGTH_UNIT>
		<COLOR>#6037cf</COLOR>
		<COVARIANCE_MATRIX>[[6.3285574469773564e-06, 3.5038619898841716e-06, 3.801932052738266e-06, -4.1000939745572396e-06, 1.2609716577571817e-06, 2.499872834960115e-06], [3.5038619898841716e-06, 1.4841562915535178e-05, 9.339049938716926e-06, 8.911333679861855e-06, 1.9212448023608886e-05, 1.2755184798152186e-05], [3.801932052738266e-06, 9.339049938716926e-06, 1.4685489077237435e-05, 2.029447387030814e-06, 1.8851842469302937e-05, 1.4742871826456394e-05], [-4.1000939745572396e-06, 8.911333679861855e-06, 2.029447387030814e-06, 0.0002793134481180459, 0.00017105249571613967, 6.000761277391575e-05], [1.2609716577571817e-06, 1.9212448023608886e-05, 1.8851842469302937e-05, 0.00017105249571613967, 0.00020463067630771548, 9.313502960139886e-05], [2.499872834960115e-06, 1.2755184798152186e-05, 1.4742871826456394e-05, 6.000761277391575e-05, 9.313502960139886e-05, 6.479417061200365e-05]]</COVARIANCE_MATRIX>
		<ROI_SIZE>5770</ROI_SIZE>
		<MAX_VALUE>[0.1295952, 0.108370215, 0.09429571, 0.26434198, 0.16919997, 0.07587226]</MAX_VALUE>
		<MIN_VALUE>[0.10966215, 0.08339912, 0.062722705, 0.16347536, 0.081671506, 0.02721467]</MIN_VALUE>
		<SIGNATURE_THRESHOLD_MD>0.0</SIGNATURE_THRESHOLD_MD>
		<SIGNATURE_THRESHOLD_ML>0.0</SIGNATURE_THRESHOLD_ML>
		<SIGNATURE_THRESHOLD_SAM>0.0</SIGNATURE_THRESHOLD_SAM>
	</signature>
	<signature ID="20210513_101353925243_121">
		<MACROCLASSID>2</MACROCLASSID>
		<MACROCLASSINFO>vegetation</MACROCLASSINFO>
		<CLASSID>7</CLASSID>
		<CLASSINFO>C 1</CLASSINFO>
		<VALUES>[0.131723, 0.0026161575, 0.10267264, 0.0031472447, 0.07525388, 0.0031460049, 0.23192534, 0.013851735, 0.08338196, 0.0064325426, 0.03124401, 0.0043044477]</VALUES>
		<LCS_MIN>[0.12162199, 0.08756096, 0.06623081, 0.20294492, 0.059083503, 0.015050279]</LCS_MIN>
		<LCS_MAX>[0.14155503, 0.112532064, 0.0907876, 0.26872748, 0.1324945, 0.06776266]</LCS_MAX>
		<WAVELENGTH>[0.485, 0.56, 0.66, 0.83, 1.65, 2.215]</WAVELENGTH>
		<MEAN_VALUE>[0.131723, 0.10267264, 0.07525388, 0.23192534, 0.08338196, 0.03124401]</MEAN_VALUE>
		<CHECKBOX>2</CHECKBOX>
		<SD>[0.0026161575, 0.0031472447, 0.0031460049, 0.013851735, 0.0064325426, 0.0043044477]</SD>
		<WAVELENGTH_UNIT>E-6m</WAVELENGTH_UNIT>
		<COLOR>#83d02e</COLOR>
		<COVARIANCE_MATRIX>[[6.8449230639089365e-06, 3.650510734587442e-06, 3.629140110206208e-06, 9.96394555841107e-06, 2.7467126528790686e-06, 1.307704678765731e-06], [3.650510734587442e-06, 9.906078048516065e-06, 5.327506642061053e-06, 1.8014405213762075e-05, 4.050907136843307e-06, 1.722618549138133e-06], [3.629140110206208e-06, 5.327506642061053e-06, 9.898273674480151e-06, 1.0161061254621018e-05, 5.878160209249472e-06, 3.3756523407646455e-06], [9.96394555841107e-06, 1.8014405213762075e-05, 1.0161061254621018e-05, 0.00019188851001672447, 8.757204341236502e-06, -5.606241302302806e-06], [2.7467126528790686e-06, 4.050907136843307e-06, 5.878160209249472e-06, 8.757204341236502e-06, 4.1381485061720014e-05, 1.606917976459954e-05], [1.307704678765731e-06, 1.722618549138133e-06, 3.3756523407646455e-06, -5.606241302302806e-06, 1.606917976459954e-05, 1.8530006855144165e-05]]</COVARIANCE_MATRIX>
		<ROI_SIZE>10672</ROI_SIZE>
		<MAX_VALUE>[0.14155503, 0.112532064, 0.0907876, 0.26872748, 0.1324945, 0.06776266]</MAX_VALUE>
		<MIN_VALUE>[0.12162199, 0.08756096, 0.06623081, 0.20294492, 0.059083503, 0.015050279]</MIN_VALUE>
		<SIGNATURE_THRESHOLD_MD>0.0</SIGNATURE_THRESHOLD_MD>
		<SIGNATURE_THRESHOLD_ML>0.0</SIGNATURE_THRESHOLD_ML>
		<SIGNATURE_THRESHOLD_SAM>0.0</SIGNATURE_THRESHOLD_SAM>
	</signature>
	<signature ID="20210513_101828004393_641">
		<MACROCLASSID>2</MACROCLASSID>
		<MACROCLASSINFO>vegetation</MACROCLASSINFO>
		<CLASSID>8</CLASSID>
		<CLASSINFO>C 1</CLASSINFO>
		<VALUES>[0.15218814, 0.0026799166, 0.12111484, 0.003413987, 0.0981062, 0.0036557617, 0.20156942, 0.009312327, 0.11889977, 0.011839396, 0.056009244, 0.009139688]</VALUES>
		<LCS_MIN>[0.14554165, 0.108370215, 0.0872795, 0.17224637, 0.09296549, 0.035324268]</LCS_MIN>
		<LCS_MAX>[0.15949477, 0.13334133, 0.11183627, 0.22925796, 0.14943549, 0.08398185]</LCS_MAX>
		<WAVELENGTH>[0.485, 0.56, 0.66, 0.83, 1.65, 2.215]</WAVELENGTH>
		<MEAN_VALUE>[0.15218814, 0.12111484, 0.0981062, 0.20156942, 0.11889977, 0.056009244]</MEAN_VALUE>
		<CHECKBOX>2</CHECKBOX>
		<SD>[0.0026799166, 0.003413987, 0.0036557617, 0.009312327, 0.011839396, 0.009139688]</SD>
		<WAVELENGTH_UNIT>E-6m</WAVELENGTH_UNIT>
		<COLOR>#ec5d30</COLOR>
		<COVARIANCE_MATRIX>[[7.18768933438696e-06, 3.2263430966850137e-06, 4.249734502081992e-06, -5.277273658066406e-07, 8.322646863234695e-06, 6.801206382078817e-06], [3.2263430966850137e-06, 1.1664616977213882e-05, 7.011811248958111e-06, -1.9466972389636794e-06, 1.3877395758754574e-05, 1.277917453990085e-05], [4.249734502081992e-06, 7.011811248958111e-06, 1.3375268281379249e-05, -6.6248985604033805e-06, 1.86473462235881e-05, 1.8849459593184292e-05], [-5.277273658066406e-07, -1.9466972389636794e-06, -6.6248985604033805e-06, 8.678871381562203e-05, 2.9618693588417955e-05, -3.510547458063229e-06], [8.322646863234695e-06, 1.3877395758754574e-05, 1.86473462235881e-05, 2.9618693588417955e-05, 0.00014028328587301075, 8.715916192159057e-05], [6.801206382078817e-06, 1.277917453990085e-05, 1.8849459593184292e-05, -3.510547458063229e-06, 8.715916192159057e-05, 8.36006147437729e-05]]</COVARIANCE_MATRIX>
		<ROI_SIZE>1253</ROI_SIZE>
		<MAX_VALUE>[0.15949477, 0.13334133, 0.11183627, 0.22925796, 0.14943549, 0.08398185]</MAX_VALUE>
		<MIN_VALUE>[0.14554165, 0.108370215, 0.0872795, 0.17224637, 0.09296549, 0.035324268]</MIN_VALUE>
		<SIGNATURE_THRESHOLD_MD>0.0</SIGNATURE_THRESHOLD_MD>
		<SIGNATURE_THRESHOLD_ML>0.0</SIGNATURE_THRESHOLD_ML>
		<SIGNATURE_THRESHOLD_SAM>0.0</SIGNATURE_THRESHOLD_SAM>
	</signature>
	<signature ID="20210513_105337392580_339">
		<MACROCLASSID>2</MACROCLASSID>
		<MACROCLASSINFO>vegetation</MACROCLASSINFO>
		<CLASSID>9</CLASSID>
		<CLASSINFO>C 1</CLASSINFO>
		<VALUES>[0.13343914, 0.0025990566, 0.10779193, 0.0033230663, 0.085521735, 0.0038116341, 0.20401591, 0.009861198, 0.12407154, 0.011292411, 0.060395725, 0.008213639]</VALUES>
		<LCS_MIN>[0.12560858, 0.10004651, 0.07675514, 0.1897884, 0.1042595, 0.039379068]</LCS_MIN>
		<LCS_MAX>[0.14354832, 0.12085576, 0.101311944, 0.23364346, 0.14943549, 0.07992704]</LCS_MAX>
		<WAVELENGTH>[0.485, 0.56, 0.66, 0.83, 1.65, 2.215]</WAVELENGTH>
		<MEAN_VALUE>[0.13343914, 0.10779193, 0.085521735, 0.20401591, 0.12407154, 0.060395725]</MEAN_VALUE>
		<CHECKBOX>2</CHECKBOX>
		<SD>[0.0025990566, 0.0033230663, 0.0038116341, 0.009861198, 0.011292411, 0.008213639]</SD>
		<WAVELENGTH_UNIT>E-6m</WAVELENGTH_UNIT>
		<COLOR>#77eea1</COLOR>
		<COVARIANCE_MATRIX>[[6.76934587318101e-06, 3.802709215960931e-06, 5.472688371810364e-06, 1.4625239828092162e-06, 8.579549103160389e-06, 9.46749969443772e-06], [3.802709215960931e-06, 1.1066065781051293e-05, 8.68408187670866e-06, 6.011467121425085e-06, 1.5993038687156513e-05, 1.4137246580503415e-05], [5.472688371810364e-06, 8.68408187670866e-06, 1.4559204828401562e-05, 3.476905021670973e-06, 1.859846270235721e-05, 1.9194072592654265e-05], [1.4625239828092162e-06, 6.011467121425085e-06, 3.476905021670973e-06, 9.744838462211192e-05, 6.178293551784009e-05, 2.2425016140914522e-05], [8.579549103160389e-06, 1.5993038687156513e-05, 1.859846270235721e-05, 6.178293551784009e-05, 0.00012778757081832737, 7.102396193658933e-05], [9.46749969443772e-06, 1.4137246580503415e-05, 1.9194072592654265e-05, 2.2425016140914522e-05, 7.102396193658933e-05, 6.760619726264849e-05]]</COVARIANCE_MATRIX>
		<ROI_SIZE>475</ROI_SIZE>
		<MAX_VALUE>[0.14354832, 0.12085576, 0.101311944, 0.23364346, 0.14943549, 0.07992704]</MAX_VALUE>
		<MIN_VALUE>[0.12560858, 0.10004651, 0.07675514, 0.1897884, 0.1042595, 0.039379068]</MIN_VALUE>
		<SIGNATURE_THRESHOLD_MD>0.0</SIGNATURE_THRESHOLD_MD>
		<SIGNATURE_THRESHOLD_ML>0.0</SIGNATURE_THRESHOLD_ML>
		<SIGNATURE_THRESHOLD_SAM>0.0</SIGNATURE_THRESHOLD_SAM>
	</signature>
	<signature ID="20210513_120023753890_200">
		<MACROCLASSID>2</MACROCLASSID>
		<MACROCLASSINFO>vegetation</MACROCLASSINFO>
		<CLASSID>10</CLASSID>
		<CLASSINFO>C 1</CLASSINFO>
		<VALUES>[0.13684356, 0.0026343002, 0.1112709, 0.004284256, 0.09333896, 0.0069774585, 0.18739632, 0.011682593, 0.11144659, 0.020314107, 0.056826986, 0.015121828]</VALUES>
		<LCS_MIN>[0.13158852, 0.10420836, 0.08377138, 0.16347536, 0.078848, 0.031269472]</LCS_MIN>
		<LCS_MAX>[0.14155503, 0.12085576, 0.108328156, 0.20733045, 0.15508248, 0.08398185]</LCS_MAX>
		<WAVELENGTH>[0.485, 0.56, 0.66, 0.83, 1.65, 2.215]</WAVELENGTH>
		<MEAN_VALUE>[0.13684356, 0.1112709, 0.09333896, 0.18739632, 0.11144659, 0.056826986]</MEAN_VALUE>
		<CHECKBOX>2</CHECKBOX>
		<SD>[0.0026343002, 0.004284256, 0.0069774585, 0.011682593, 0.020314107, 0.015121828]</SD>
		<WAVELENGTH_UNIT>E-6m</WAVELENGTH_UNIT>
		<COLOR>#b67beb</COLOR>
		<COVARIANCE_MATRIX>[[7.15639725967776e-06, 8.130864443955943e-06, 1.0866558113775682e-05, -1.1349247870384715e-05, 2.52465015364578e-05, 2.2892632841831073e-05], [8.130864443955943e-06, 1.8928440113086253e-05, 2.795613181660883e-05, -9.955550922313705e-06, 7.58138412493281e-05, 6.118953024270013e-05], [1.0866558113775682e-05, 2.795613181660883e-05, 5.020633034291677e-05, -1.966813942999579e-05, 0.00012533388508018106, 0.00010122964158654213], [-1.1349247870384715e-05, -9.955550922313705e-06, -1.966813942999579e-05, 0.00014074810314923525, 8.055664693529252e-06, -2.6976640583598055e-05], [2.52465015364578e-05, 7.58138412493281e-05, 0.00012533388508018106, 8.055664693529252e-06, 0.0004255586245562881, 0.00029106411966495216], [2.2892632841831073e-05, 6.118953024270013e-05, 0.00010122964158654213, -2.6976640583598055e-05, 0.00029106411966495216, 0.00023581559071317315]]</COVARIANCE_MATRIX>
		<ROI_SIZE>33</ROI_SIZE>
		<MAX_VALUE>[0.14155503, 0.12085576, 0.108328156, 0.20733045, 0.15508248, 0.08398185]</MAX_VALUE>
		<MIN_VALUE>[0.13158852, 0.10420836, 0.08377138, 0.16347536, 0.078848, 0.031269472]</MIN_VALUE>
		<SIGNATURE_THRESHOLD_MD>0.0</SIGNATURE_THRESHOLD_MD>
		<SIGNATURE_THRESHOLD_ML>0.0</SIGNATURE_THRESHOLD_ML>
		<SIGNATURE_THRESHOLD_SAM>0.0</SIGNATURE_THRESHOLD_SAM>
	</signature>
	<signature ID="20210513_125045594299_672">
		<MACROCLASSID>3</MACROCLASSID>
		<MACROCLASSINFO>bareland</MACROCLASSINFO>
		<CLASSID>14</CLASSID>
		<CLASSINFO>C 1</CLASSINFO>
		<VALUES>[0.15076041, 0.0054374435, 0.13257207, 0.004481434, 0.12835789, 0.004948099, 0.19072963, 0.02269097, 0.18962018, 0.014255674, 0.12704726, 0.019827263]</VALUES>
		<LCS_MIN>[0.13956173, 0.116693914, 0.108328156, 0.14154786, 0.15508248, 0.08803666]</LCS_MIN>
		<LCS_MAX>[0.16547471, 0.14582686, 0.1469174, 0.22925796, 0.23978746, 0.17724219]</LCS_MAX>
		<WAVELENGTH>[0.485, 0.56, 0.66, 0.83, 1.65, 2.215]</WAVELENGTH>
		<MEAN_VALUE>[0.15076041, 0.13257207, 0.12835789, 0.19072963, 0.18962018, 0.12704726]</MEAN_VALUE>
		<CHECKBOX>2</CHECKBOX>
		<SD>[0.0054374435, 0.004481434, 0.004948099, 0.02269097, 0.014255674, 0.019827263]</SD>
		<WAVELENGTH_UNIT>E-6m</WAVELENGTH_UNIT>
		<COLOR>#db3afb</COLOR>
		<COVARIANCE_MATRIX>[[2.9585822630906478e-05, 1.504467218182981e-05, -1.0129707561645773e-06, -9.039518772624433e-05, 1.3029189176450018e-05, 9.084626071853563e-05], [1.504467218182981e-05, 2.0096858861506917e-05, 9.34481340664206e-06, -2.8619399017770775e-05, 3.115602521575056e-05, 6.085341374273412e-05], [-1.0129707561645773e-06, 9.34481340664206e-06, 2.4500277504557744e-05, 5.110639540362172e-05, 4.4530417653732e-05, 7.934863788250368e-06], [-9.039518772624433e-05, -2.8619399017770775e-05, 5.110639540362172e-05, 0.000515228952281177, 0.00010096736514242366, -0.0002934665826614946], [1.3029189176450018e-05, 3.115602521575056e-05, 4.4530417653732e-05, 0.00010096736514242366, 0.0002033619093708694, 0.0001234619558090344], [9.084626071853563e-05, 6.085341374273412e-05, 7.934863788250368e-06, -0.0002934665826614946, 0.0001234619558090344, 0.0003933867556042969]]</COVARIANCE_MATRIX>
		<ROI_SIZE>1477</ROI_SIZE>
		<MAX_VALUE>[0.16547471, 0.14582686, 0.1469174, 0.22925796, 0.23978746, 0.17724219]</MAX_VALUE>
		<MIN_VALUE>[0.13956173, 0.116693914, 0.108328156, 0.14154786, 0.15508248, 0.08803666]</MIN_VALUE>
		<SIGNATURE_THRESHOLD_MD>0.0</SIGNATURE_THRESHOLD_MD>
		<SIGNATURE_THRESHOLD_ML>0.0</SIGNATURE_THRESHOLD_ML>
		<SIGNATURE_THRESHOLD_SAM>0.0</SIGNATURE_THRESHOLD_SAM>
	</signature>
	<signature ID="20210524_114610841577_813">
		<MACROCLASSID>4</MACROCLASSID>
		<MACROCLASSINFO>built-up</MACROCLASSINFO>
		<CLASSID>38</CLASSID>
		<CLASSINFO>C 1</CLASSINFO>
		<VALUES>[0.17029503, 0.002540331, 0.1446949, 0.0029380529, 0.13012509, 0.0032256744, 0.13706048, 0.0055931727, 0.1180771, 0.009573429, 0.0954345, 0.0103670675]</VALUES>
		<LCS_MIN>[0.16148809, 0.12917946, 0.11534438, 0.12400584, 0.101436004, 0.07992704]</LCS_MIN>
		<LCS_MAX>[0.17942785, 0.15415058, 0.1434093, 0.15908986, 0.14661199, 0.12047505]</LCS_MAX>
		<WAVELENGTH>[1.0, 2.0, 3.0, 4.0, 5.0, 6.0]</WAVELENGTH>
		<MEAN_VALUE>[0.17029503, 0.1446949, 0.13012509, 0.13706048, 0.1180771, 0.0954345]</MEAN_VALUE>
		<CHECKBOX>2</CHECKBOX>
		<SD>[0.002540331, 0.0029380529, 0.0032256744, 0.0055931727, 0.009573429, 0.0103670675]</SD>
		<WAVELENGTH_UNIT>E-6m</WAVELENGTH_UNIT>
		<COLOR>#db18c4</COLOR>
		<COVARIANCE_MATRIX>[[6.454427420976572e-06, 2.3988873181224335e-06, 3.1297247460315702e-06, -9.63000502451905e-07, 1.6673144500600756e-06, 5.537012839340605e-06], [2.3988873181224335e-06, 8.633684046799317e-06, 4.627330781659111e-06, -7.497148999391356e-07, 3.821998234343482e-06, 9.30629266804317e-06], [3.1297247460315702e-06, 4.627330781659111e-06, 1.040682036546059e-05, -5.021587412556983e-07, 6.830792699474841e-06, 1.4686739632452372e-05], [-9.63000502451905e-07, -7.497148999391356e-07, -5.021587412556983e-07, 3.128912430838682e-05, 3.070931416004896e-05, 1.0579863555904012e-05], [1.6673144500600756e-06, 3.821998234343482e-06, 6.830792699474841e-06, 3.070931416004896e-05, 9.166679956251755e-05, 7.198920502560213e-05], [5.537012839340605e-06, 9.30629266804317e-06, 1.4686739632452372e-05, 1.0579863555904012e-05, 7.198920502560213e-05, 0.00010749514331109822]]</COVARIANCE_MATRIX>
		<ROI_SIZE>5640</ROI_SIZE>
		<MAX_VALUE>[0.17942785, 0.15415058, 0.1434093, 0.15908986, 0.14661199, 0.12047505]</MAX_VALUE>
		<MIN_VALUE>[0.16148809, 0.12917946, 0.11534438, 0.12400584, 0.101436004, 0.07992704]</MIN_VALUE>
		<SIGNATURE_THRESHOLD_MD>0.0</SIGNATURE_THRESHOLD_MD>
		<SIGNATURE_THRESHOLD_ML>0.0</SIGNATURE_THRESHOLD_ML>
		<SIGNATURE_THRESHOLD_SAM>0.0</SIGNATURE_THRESHOLD_SAM>
	</signature>
	<signature ID="20210524_132458339919_267">
		<MACROCLASSID>4</MACROCLASSID>
		<MACROCLASSINFO>built-up</MACROCLASSINFO>
		<CLASSID>39</CLASSID>
		<CLASSINFO>C 1</CLASSINFO>
		<VALUES>[0.1542836, 0.0034006708, 0.1276387, 0.004686042, 0.113269426, 0.0051188967, 0.14775206, 0.008237583, 0.14606228, 0.009139667, 0.11668839, 0.010440896]</VALUES>
		<LCS_MIN>[0.14354832, 0.116693914, 0.09780383, 0.11962033, 0.118377, 0.100201055]</LCS_MIN>
		<LCS_MAX>[0.167468, 0.14582686, 0.13639306, 0.16347536, 0.16355298, 0.14885862]</LCS_MAX>
		<WAVELENGTH>[1.0, 2.0, 3.0, 4.0, 5.0, 6.0]</WAVELENGTH>
		<MEAN_VALUE>[0.1542836, 0.1276387, 0.113269426, 0.14775206, 0.14606228, 0.11668839]</MEAN_VALUE>
		<CHECKBOX>2</CHECKBOX>
		<SD>[0.0034006708, 0.004686042, 0.0051188967, 0.008237583, 0.009139667, 0.010440896]</SD>
		<WAVELENGTH_UNIT>E-6m</WAVELENGTH_UNIT>
		<COLOR>#83de49</COLOR>
		<COVARIANCE_MATRIX>[[1.1571713002922479e-05, 9.578491699357983e-06, 1.0984589607687667e-05, -8.151206429829472e-07, 7.189075404312462e-06, 1.4469090274360497e-05], [9.578491699357983e-06, 2.197257344960235e-05, 1.824542232498061e-05, 3.5827602005156223e-06, 1.4108338291407563e-05, 2.346716428291984e-05], [1.0984589607687667e-05, 1.824542232498061e-05, 2.621930616442114e-05, 4.650350149404403e-07, 1.7492895494797267e-05, 3.133729478577152e-05], [-8.151206429829472e-07, 3.5827602005156223e-06, 4.650350149404403e-07, 6.789972394471988e-05, 2.5872475816868246e-05, -8.59285682963673e-06], [7.189075404312462e-06, 1.4108338291407563e-05, 1.7492895494797267e-05, 2.5872475816868246e-05, 8.358518243767321e-05, 6.593692523892969e-05], [1.4469090274360497e-05, 2.346716428291984e-05, 3.133729478577152e-05, -8.59285682963673e-06, 6.593692523892969e-05, 0.00010907973774010316]]</COVARIANCE_MATRIX>
		<ROI_SIZE>1618</ROI_SIZE>
		<MAX_VALUE>[0.167468, 0.14582686, 0.13639306, 0.16347536, 0.16355298, 0.14885862]</MAX_VALUE>
		<MIN_VALUE>[0.14354832, 0.116693914, 0.09780383, 0.11962033, 0.118377, 0.100201055]</MIN_VALUE>
		<SIGNATURE_THRESHOLD_MD>0.0</SIGNATURE_THRESHOLD_MD>
		<SIGNATURE_THRESHOLD_ML>0.0</SIGNATURE_THRESHOLD_ML>
		<SIGNATURE_THRESHOLD_SAM>0.0</SIGNATURE_THRESHOLD_SAM>
	</signature>
	<signature ID="20210524_132735979013_103">
		<MACROCLASSID>4</MACROCLASSID>
		<MACROCLASSINFO>built-up</MACROCLASSINFO>
		<CLASSID>40</CLASSID>
		<CLASSINFO>C 1</CLASSINFO>
		<VALUES>[0.16496469, 0.002354316, 0.13797055, 0.0021574232, 0.12128532, 0.0028699986, 0.1455424, 0.0059118634, 0.12021737, 0.009521499, 0.0852822, 0.010132518]</VALUES>
		<LCS_MIN>[0.15550816, 0.12917946, 0.11183627, 0.12400584, 0.095789, 0.07181746]</LCS_MIN>
		<LCS_MAX>[0.17344794, 0.14582686, 0.12937683, 0.16786088, 0.14096498, 0.11236543]</LCS_MAX>
		<WAVELENGTH>[1.0, 2.0, 3.0, 4.0, 5.0, 6.0]</WAVELENGTH>
		<MEAN_VALUE>[0.16496469, 0.13797055, 0.12128532, 0.1455424, 0.12021737, 0.0852822]</MEAN_VALUE>
		<CHECKBOX>2</CHECKBOX>
		<SD>[0.002354316, 0.0021574232, 0.0028699986, 0.0059118634, 0.009521499, 0.010132518]</SD>
		<WAVELENGTH_UNIT>E-6m</WAVELENGTH_UNIT>
		<COLOR>#804646</COLOR>
		<COVARIANCE_MATRIX>[[5.544408850255422e-06, 5.86697467497288e-07, 1.1257277492404683e-06, -2.312725655428949e-06, -2.424634431008599e-07, 4.606320999300806e-06], [5.86697467497288e-07, 4.655822067434201e-06, 1.5594703199894866e-06, -1.2334002121860976e-06, 1.5006731928224326e-06, 4.9716072680894285e-06], [1.1257277492404683e-06, 1.5594703199894866e-06, 8.239277121901978e-06, -3.3602809708099812e-06, 5.997198968543671e-06, 1.4087216186453588e-05], [-2.312725655428949e-06, -1.2334002121860976e-06, -3.3602809708099812e-06, 3.4960245102411136e-05, 2.640952152432874e-05, -8.717281161807477e-06], [-2.424634431008599e-07, 1.5006731928224326e-06, 5.997198968543671e-06, 2.640952152432874e-05, 9.068519284483045e-05, 5.567178959609009e-05], [4.606320999300806e-06, 4.9716072680894285e-06, 1.4087216186453588e-05, -8.717281161807477e-06, 5.567178959609009e-05, 0.00010269763879477978]]</COVARIANCE_MATRIX>
		<ROI_SIZE>3455</ROI_SIZE>
		<MAX_VALUE>[0.17344794, 0.14582686, 0.12937683, 0.16786088, 0.14096498, 0.11236543]</MAX_VALUE>
		<MIN_VALUE>[0.15550816, 0.12917946, 0.11183627, 0.12400584, 0.095789, 0.07181746]</MIN_VALUE>
		<SIGNATURE_THRESHOLD_MD>0.0</SIGNATURE_THRESHOLD_MD>
		<SIGNATURE_THRESHOLD_ML>0.0</SIGNATURE_THRESHOLD_ML>
		<SIGNATURE_THRESHOLD_SAM>0.0</SIGNATURE_THRESHOLD_SAM>
	</signature>
	<signature ID="20210524_133151376743_697">
		<MACROCLASSID>4</MACROCLASSID>
		<MACROCLASSINFO>built-up</MACROCLASSINFO>
		<CLASSID>41</CLASSID>
		<CLASSINFO>C 1</CLASSINFO>
		<VALUES>[0.15928985, 0.0031656236, 0.13458599, 0.0035631624, 0.1207213, 0.005083009, 0.15064675, 0.006477086, 0.1541589, 0.009500944, 0.13066888, 0.0099687]</VALUES>
		<LCS_MIN>[0.15152156, 0.12085576, 0.108328156, 0.13716236, 0.13814147, 0.11236543]</LCS_MIN>
		<LCS_MAX>[0.167468, 0.14166501, 0.13639306, 0.16347536, 0.17202348, 0.15291342]</LCS_MAX>
		<WAVELENGTH>[1.0, 2.0, 3.0, 4.0, 5.0, 6.0]</WAVELENGTH>
		<MEAN_VALUE>[0.15928985, 0.13458599, 0.1207213, 0.15064675, 0.1541589, 0.13066888]</MEAN_VALUE>
		<CHECKBOX>2</CHECKBOX>
		<SD>[0.0031656236, 0.0035631624, 0.005083009, 0.006477086, 0.009500944, 0.0099687]</SD>
		<WAVELENGTH_UNIT>E-6m</WAVELENGTH_UNIT>
		<COLOR>#89812e</COLOR>
		<COVARIANCE_MATRIX>[[1.0115712029801216e-05, 5.188012437429279e-06, 9.424368727195542e-06, 3.977007736466476e-07, 8.304216862597968e-06, 1.209732818097109e-05], [5.188012437429279e-06, 1.2815900845453143e-05, 1.2940952728968114e-05, 4.237077064317418e-06, 1.1913644812011626e-05, 1.4893620573275257e-05], [9.424368727195542e-06, 1.2940952728968114e-05, 2.6080724637722597e-05, -1.831284350828355e-07, 1.6973777746898122e-05, 2.7604068236541934e-05], [3.977007736466476e-07, 4.237077064317418e-06, -1.831284350828355e-07, 4.234842344885692e-05, 2.4603348720120266e-05, 1.9942629023717018e-06], [8.304216862597968e-06, 1.1913644812011626e-05, 1.6973777746898122e-05, 2.4603348720120266e-05, 9.111952385865152e-05, 7.063544762786478e-05], [1.209732818097109e-05, 1.4893620573275257e-05, 2.7604068236541934e-05, 1.9942629023717018e-06, 7.063544762786478e-05, 0.00010031246347352862]]</COVARIANCE_MATRIX>
		<ROI_SIZE>107</ROI_SIZE>
		<MAX_VALUE>[0.167468, 0.14166501, 0.13639306, 0.16347536, 0.17202348, 0.15291342]</MAX_VALUE>
		<MIN_VALUE>[0.15152156, 0.12085576, 0.108328156, 0.13716236, 0.13814147, 0.11236543]</MIN_VALUE>
		<SIGNATURE_THRESHOLD_MD>0.0</SIGNATURE_THRESHOLD_MD>
		<SIGNATURE_THRESHOLD_ML>0.0</SIGNATURE_THRESHOLD_ML>
		<SIGNATURE_THRESHOLD_SAM>0.0</SIGNATURE_THRESHOLD_SAM>
	</signature>
	<signature ID="20210524_134123849487_587">
		<MACROCLASSID>3</MACROCLASSID>
		<MACROCLASSINFO>bareland</MACROCLASSINFO>
		<CLASSID>42</CLASSID>
		<CLASSINFO>C 1</CLASSINFO>
		<VALUES>[0.16749151, 0.002524303, 0.14346343, 0.0032282365, 0.13112083, 0.0032903266, 0.16121693, 0.0068068826, 0.1710805, 0.0107379705, 0.13251022, 0.009750322]</VALUES>
		<LCS_MIN>[0.15550816, 0.13334133, 0.11885249, 0.14154786, 0.14943549, 0.11642024]</LCS_MIN>
		<LCS_MAX>[0.17743455, 0.15415058, 0.13990118, 0.17663188, 0.19461147, 0.15696822]</LCS_MAX>
		<WAVELENGTH>[1.0, 2.0, 3.0, 4.0, 5.0, 6.0]</WAVELENGTH>
		<MEAN_VALUE>[0.16749151, 0.14346343, 0.13112083, 0.16121693, 0.1710805, 0.13251022]</MEAN_VALUE>
		<CHECKBOX>2</CHECKBOX>
		<SD>[0.002524303, 0.0032282365, 0.0032903266, 0.0068068826, 0.0107379705, 0.009750322]</SD>
		<WAVELENGTH_UNIT>E-6m</WAVELENGTH_UNIT>
		<COLOR>#0f0f4a</COLOR>
		<COVARIANCE_MATRIX>[[6.374137228704058e-06, 2.871963488360052e-06, 2.680745865291101e-06, 8.249930942838546e-07, 2.3387531200569356e-07, 7.248115252878051e-06], [2.871963488360052e-06, 1.0424832908029202e-05, 5.184264409763273e-06, 9.618130434319028e-07, -9.931773092830554e-07, 1.2868869816884398e-05], [2.680745865291101e-06, 5.184264409763273e-06, 1.0829700840986334e-05, -1.4155551752992324e-06, 4.641543910111068e-06, 1.7361257050652057e-05], [8.249930942838546e-07, 9.618130434319028e-07, -1.4155551752992324e-06, 4.6348421165021136e-05, 3.1077775929588825e-05, 4.186268142802874e-06], [2.3387531200569356e-07, -9.931773092830554e-07, 4.641543910111068e-06, 3.1077775929588825e-05, 0.00011534077202668414, 5.4483069106936455e-05], [7.248115252878051e-06, 1.2868869816884398e-05, 1.7361257050652057e-05, 4.186268142802874e-06, 5.4483069106936455e-05, 9.50990870478563e-05]]</COVARIANCE_MATRIX>
		<ROI_SIZE>3138</ROI_SIZE>
		<MAX_VALUE>[0.17743455, 0.15415058, 0.13990118, 0.17663188, 0.19461147, 0.15696822]</MAX_VALUE>
		<MIN_VALUE>[0.15550816, 0.13334133, 0.11885249, 0.14154786, 0.14943549, 0.11642024]</MIN_VALUE>
		<SIGNATURE_THRESHOLD_MD>0.0</SIGNATURE_THRESHOLD_MD>
		<SIGNATURE_THRESHOLD_ML>0.0</SIGNATURE_THRESHOLD_ML>
		<SIGNATURE_THRESHOLD_SAM>0.0</SIGNATURE_THRESHOLD_SAM>
	</signature>
	<signature ID="20210524_135214386663_495">
		<MACROCLASSID>3</MACROCLASSID>
		<MACROCLASSINFO>bareland</MACROCLASSINFO>
		<CLASSID>43</CLASSID>
		<CLASSINFO>C 1</CLASSINFO>
		<VALUES>[0.1632863, 0.0025813673, 0.13816312, 0.0025216618, 0.12981069, 0.002916334, 0.16614062, 0.0052740737, 0.19330256, 0.008368394, 0.14172429, 0.0077306107]</VALUES>
		<LCS_MIN>[0.15550816, 0.12917946, 0.11885249, 0.15031883, 0.17202348, 0.12858462]</LCS_MIN>
		<LCS_MAX>[0.17145462, 0.14582686, 0.13990118, 0.18101738, 0.21719946, 0.16507784]</LCS_MAX>
		<WAVELENGTH>[1.0, 2.0, 3.0, 4.0, 5.0, 6.0]</WAVELENGTH>
		<MEAN_VALUE>[0.1632863, 0.13816312, 0.12981069, 0.16614062, 0.19330256, 0.14172429]</MEAN_VALUE>
		<CHECKBOX>2</CHECKBOX>
		<SD>[0.0025813673, 0.0025216618, 0.002916334, 0.0052740737, 0.008368394, 0.0077306107]</SD>
		<WAVELENGTH_UNIT>E-6m</WAVELENGTH_UNIT>
		<COLOR>#1f638f</COLOR>
		<COVARIANCE_MATRIX>[[6.6685165620583575e-06, 1.6406227132392814e-06, 2.2775764136895305e-06, -2.761328801170748e-07, 2.8298550205363426e-06, 5.192093340156134e-06], [1.6406227132392814e-06, 6.363605280057527e-06, 2.6401492050354136e-06, -2.7741330654862395e-07, 2.800670699798502e-06, 5.724220045522088e-06], [2.2775764136895305e-06, 2.6401492050354136e-06, 8.511462510796264e-06, 1.3543643717639497e-06, 8.337506187672261e-06, 9.35131811274914e-06], [-2.761328801170748e-07, -2.7741330654862395e-07, 1.3543643717639497e-06, 2.783697345876135e-05, 1.9211433027521707e-05, 1.0848535794139025e-06], [2.8298550205363426e-06, 2.800670699798502e-06, 8.337506187672261e-06, 1.9211433027521707e-05, 7.008319516899064e-05, 4.4090673327445984e-05], [5.192093340156134e-06, 5.724220045522088e-06, 9.35131811274914e-06, 1.0848535794139025e-06, 4.4090673327445984e-05, 5.9807716752402484e-05]]</COVARIANCE_MATRIX>
		<ROI_SIZE>1318</ROI_SIZE>
		<MAX_VALUE>[0.17145462, 0.14582686, 0.13990118, 0.18101738, 0.21719946, 0.16507784]</MAX_VALUE>
		<MIN_VALUE>[0.15550816, 0.12917946, 0.11885249, 0.15031883, 0.17202348, 0.12858462]</MIN_VALUE>
		<SIGNATURE_THRESHOLD_MD>0.0</SIGNATURE_THRESHOLD_MD>
		<SIGNATURE_THRESHOLD_ML>0.0</SIGNATURE_THRESHOLD_ML>
		<SIGNATURE_THRESHOLD_SAM>0.0</SIGNATURE_THRESHOLD_SAM>
	</signature>
	<signature ID="20210524_135405705751_842">
		<MACROCLASSID>3</MACROCLASSID>
		<MACROCLASSINFO>bareland</MACROCLASSINFO>
		<CLASSID>44</CLASSID>
		<CLASSINFO>C 1</CLASSINFO>
		<VALUES>[0.14704382, 0.0024219877, 0.12130779, 0.0032691746, 0.11412118, 0.0045681535, 0.16050802, 0.00772454, 0.07125879, 0.009548184, 0.041189115, 0.0067281295]</VALUES>
		<LCS_MIN>[0.13756843, 0.108370215, 0.09429571, 0.12839134, 0.044966012, 0.019105077]</LCS_MIN>
		<LCS_MAX>[0.15550816, 0.13334133, 0.12586872, 0.17224637, 0.0873185, 0.055598263]</LCS_MAX>
		<WAVELENGTH>[1.0, 2.0, 3.0, 4.0, 5.0, 6.0]</WAVELENGTH>
		<MEAN_VALUE>[0.14704382, 0.12130779, 0.11412118, 0.16050802, 0.07125879, 0.041189115]</MEAN_VALUE>
		<CHECKBOX>2</CHECKBOX>
		<SD>[0.0024219877, 0.0032691746, 0.0045681535, 0.00772454, 0.009548184, 0.0067281295]</SD>
		<WAVELENGTH_UNIT>E-6m</WAVELENGTH_UNIT>
		<COLOR>#71f716</COLOR>
		<COVARIANCE_MATRIX>[[5.868086645932635e-06, 2.173536131522269e-06, 4.0731342778599355e-06, 6.260198915697401e-06, 5.467411483550677e-06, 4.302472007111646e-06], [2.173536131522269e-06, 1.0691261195461266e-05, 8.09451739769429e-06, 1.2829388651880436e-05, 1.2087944014638197e-05, 8.91280342329992e-06], [4.0731342778599355e-06, 8.09451739769429e-06, 2.0875362679362297e-05, 2.308151488250587e-05, 1.903582233353518e-05, 1.5584262655465864e-05], [6.260198915697401e-06, 1.2829388651880436e-05, 2.308151488250587e-05, 5.9689493355108425e-05, 5.0482700316933915e-05, 3.359708352945745e-05], [5.467411483550677e-06, 1.2087944014638197e-05, 1.903582233353518e-05, 5.0482700316933915e-05, 9.119988681050017e-05, 5.188798240851611e-05], [4.302472007111646e-06, 8.91280342329992e-06, 1.5584262655465864e-05, 3.359708352945745e-05, 5.188798240851611e-05, 4.52836393378675e-05]]</COVARIANCE_MATRIX>
		<ROI_SIZE>2845</ROI_SIZE>
		<MAX_VALUE>[0.15550816, 0.13334133, 0.12586872, 0.17224637, 0.0873185, 0.055598263]</MAX_VALUE>
		<MIN_VALUE>[0.13756843, 0.108370215, 0.09429571, 0.12839134, 0.044966012, 0.019105077]</MIN_VALUE>
		<SIGNATURE_THRESHOLD_MD>0.0</SIGNATURE_THRESHOLD_MD>
		<SIGNATURE_THRESHOLD_ML>0.0</SIGNATURE_THRESHOLD_ML>
		<SIGNATURE_THRESHOLD_SAM>0.0</SIGNATURE_THRESHOLD_SAM>
	</signature>
	<signature ID="20210524_135604997052_191">
		<MACROCLASSID>3</MACROCLASSID>
		<MACROCLASSINFO>bareland</MACROCLASSINFO>
		<CLASSID>45</CLASSID>
		<CLASSINFO>C 1</CLASSINFO>
		<VALUES>[0.14259955, 0.002571497, 0.12728937, 0.003399273, 0.12418359, 0.0045259567, 0.17017809, 0.007695144, 0.19546223, 0.009459196, 0.14508712, 0.009826385]</VALUES>
		<LCS_MIN>[0.13557512, 0.12085576, 0.11534438, 0.15470436, 0.17767046, 0.12858462]</LCS_MIN>
		<LCS_MAX>[0.15152156, 0.13334133, 0.13990118, 0.1897884, 0.22284646, 0.16913263]</LCS_MAX>
		<WAVELENGTH>[1.0, 2.0, 3.0, 4.0, 5.0, 6.0]</WAVELENGTH>
		<MEAN_VALUE>[0.14259955, 0.12728937, 0.12418359, 0.17017809, 0.19546223, 0.14508712]</MEAN_VALUE>
		<CHECKBOX>2</CHECKBOX>
		<SD>[0.002571497, 0.003399273, 0.0045259567, 0.007695144, 0.009459196, 0.009826385]</SD>
		<WAVELENGTH_UNIT>E-6m</WAVELENGTH_UNIT>
		<COLOR>#c7cb7b</COLOR>
		<COVARIANCE_MATRIX>[[6.641600521106739e-06, 2.8561671570059843e-06, 3.7307486309146043e-06, 2.5915906007867306e-06, 9.080068593902979e-06, 1.0302146620233543e-05], [2.8561671570059843e-06, 1.16057353807264e-05, 9.992443665396422e-06, 1.280446485907305e-05, 1.5685316611779854e-05, 1.3268445400171913e-05], [3.7307486309146043e-06, 9.992443665396422e-06, 2.0574128939188085e-05, 2.119615783158224e-05, 2.702821439015679e-05, 2.1566986106336117e-05], [2.5915906007867306e-06, 1.280446485907305e-05, 2.119615783158224e-05, 5.9474950830917805e-05, 4.434562288224697e-05, 8.153812814271078e-06], [9.080068593902979e-06, 1.5685316611779854e-05, 2.702821439015679e-05, 4.434562288224697e-05, 8.986882312456146e-05, 6.192248110892251e-05], [1.0302146620233543e-05, 1.3268445400171913e-05, 2.1566986106336117e-05, 8.153812814271078e-06, 6.192248110892251e-05, 9.69813481788151e-05]]</COVARIANCE_MATRIX>
		<ROI_SIZE>229</ROI_SIZE>
