<?xml version="1.0" ?>
<signaturelist MCID_LIST="[['1', 'waterbody', '#9bf3a8'], ['2', 'vegetation', '#6037cf'], ['3', 'bareland', '#656eac'], ['4', 'built-up', '#8251ab']]">
	<signature ID="20210512_150147962832_854">
		<MACROCLASSID>1</MACROCLASSID>
		<MACROCLASSINFO>waterbody</MACROCLASSINFO>
		<CLASSID>1</CLASSID>
		<CLASSINFO>C 1</CLASSINFO>
		<VALUES>[0.15839003, 0.0075013605, 0.14397548, 0.008575759, 0.116789356, 0.014564293, 0.074419074, 0.014890531, 0.019117385, 0.004758823, 0.010255522, 0.0038947535]</VALUES>
		<LCS_MIN>[0.13557512, 0.116693914, 0.08377138, 0.045066744, 0.0, 0.0]</LCS_MIN>
		<LCS_MAX>[0.18939438, 0.17495981, 0.16094983, 0.12839134, 0.056260012, 0.035324268]</LCS_MAX>
		<WAVELENGTH>[0.485, 0.56, 0.66, 0.83, 1.65, 2.215]</WAVELENGTH>
		<MEAN_VALUE>[0.15839003, 0.14397548, 0.116789356, 0.074419074, 0.019117385, 0.010255522]</MEAN_VALUE>
		<CHECKBOX>2</CHECKBOX>
		<SD>[0.0075013605, 0.008575759, 0.014564293, 0.014890531, 0.004758823, 0.0038947535]</SD>
		<WAVELENGTH_UNIT>E-6m</WAVELENGTH_UNIT>
		<COLOR>#9bf3a8</COLOR>
		<COVARIANCE_MATRIX>[[5.6270691857207566e-05, 5.865271668881178e-05, 9.636485629016533e-05, 7.60977272875607e-05, 1.0553675565461162e-05, 4.391884431242943e-06], [5.865271668881178e-05, 7.354398985626176e-05, 0.00011377231567166746, 9.029904322233051e-05, 1.2289260666875634e-05, 5.104880074213725e-06], [9.636485629016533e-05, 0.00011377231567166746, 0.00021211971761658788, 0.0001869873667601496, 2.8681666663032956e-05, 1.3060935089015402e-05], [7.60977272875607e-05, 9.029904322233051e-05, 0.0001869873667601496, 0.00022172900207806379, 4.3243722757324576e-05, 2.150596264982596e-05], [1.0553675565461162e-05, 1.2289260666875634e-05, 2.8681666663032956e-05, 4.3243722757324576e-05, 2.2646496290690266e-05, 9.555627912050113e-06], [4.391884431242943e-06, 5.104880074213725e-06, 1.3060935089015402e-05, 2.150596264982596e-05, 9.555627912050113e-06, 1.5169178368523717e-05]]</COVARIANCE_MATRIX>
		<ROI_SIZE>200085</ROI_SIZE>
		<MAX_VALUE>[0.18939438, 0.17495981, 0.16094983, 0.12839134, 0.056260012, 0.035324268]</MAX_VALUE>
		<MIN_VALUE>[0.13557512, 0.116693914, 0.08377138, 0.045066744, 0.0, 0.0]</MIN_VALUE>
		<SIGNATURE_THRESHOLD_MD>0.0</SIGNATURE_THRESHOLD_MD>
		<SIGNATURE_THRESHOLD_ML>0.0</SIGNATURE_THRESHOLD_ML>
		<SIGNATURE_THRESHOLD_SAM>0.0</SIGNATURE_THRESHOLD_SAM>
	</signature>
	<signature ID="20210512_151401681912_796">
		<MACROCLASSID>1</MACROCLASSID>
		<MACROCLASSINFO>waterbody</MACROCLASSINFO>
		<CLASSID>2</CLASSID>
		<CLASSINFO>C 1</CLASSINFO>
		<VALUES>[0.15844761, 0.0074109077, 0.14402232, 0.00847173, 0.11707243, 0.014371573, 0.075136855, 0.015088314, 0.019292839, 0.0049189064, 0.0103285415, 0.003951118]</VALUES>
		<LCS_MIN>[0.13557512, 0.116693914, 0.08377138, 0.045066744, 0.0, 0.0]</LCS_MIN>
		<LCS_MAX>[0.18939438, 0.17495981, 0.16094983, 0.15908986, 0.06755401, 0.035324268]</LCS_MAX>
		<WAVELENGTH>[0.485, 0.56, 0.66, 0.83, 1.65, 2.215]</WAVELENGTH>
		<MEAN_VALUE>[0.15844761, 0.14402232, 0.11707243, 0.075136855, 0.019292839, 0.0103285415]</MEAN_VALUE>
		<CHECKBOX>2</CHECKBOX>
		<SD>[0.0074109077, 0.00847173, 0.014371573, 0.015088314, 0.0049189064, 0.003951118]</SD>
		<WAVELENGTH_UNIT>E-6m</WAVELENGTH_UNIT>
		<COLOR>#d8090e</COLOR>
		<COVARIANCE_MATRIX>[[5.49218530068174e-05, 5.71069358556997e-05, 9.357665112474933e-05, 7.298137643374503e-05, 9.635133210394997e-06, 3.92315359931672e-06], [5.71069358556997e-05, 7.1770504291635e-05, 0.00011043332051485777, 8.635611447971314e-05, 1.1169090612384025e-05, 4.537394488579594e-06], [9.357665112474933e-05, 0.00011043332051485777, 0.0002065432199742645, 0.0001832164271036163, 2.79443684121361e-05, 1.2635828170459718e-05], [7.298137643374503e-05, 8.635611447971314e-05, 0.0001832164271036163, 0.00022765823814552277, 4.629125032806769e-05, 2.291966120537836e-05], [9.635133210394997e-06, 1.1169090612384025e-05, 2.79443684121361e-05, 4.629125032806769e-05, 2.4195762307499535e-05, 1.0343973372073378e-05], [3.92315359931672e-06, 4.537394488579594e-06, 1.2635828170459718e-05, 2.291966120537836e-05, 1.0343973372073378e-05, 1.561139833938796e-05]]</COVARIANCE_MATRIX>
		<ROI_SIZE>208697</ROI_SIZE>
		<MAX_VALUE>[0.18939438, 0.17495981, 0.16094983, 0.15908986, 0.06755401, 0.035324268]</MAX_VALUE>
		<MIN_VALUE>[0.13557512, 0.116693914, 0.08377138, 0.045066744, 0.0, 0.0]</MIN_VALUE>
		<SIGNATURE_THRESHOLD_MD>0.0</SIGNATURE_THRESHOLD_MD>
		<SIGNATURE_THRESHOLD_ML>0.0</SIGNATURE_THRESHOLD_ML>
		<SIGNATURE_THRESHOLD_SAM>0.0</SIGNATURE_THRESHOLD_SAM>
	</signature>
	<signature ID="20210512_155143846537_983">
		<MACROCLASSID>1</MACROCLASSID>
		<MACROCLASSINFO>waterbody</MACROCLASSINFO>
		<CLASSID>3</CLASSID>
		<CLASSINFO>C 1</CLASSINFO>
		<VALUES>[0.1585929, 0.0079032825, 0.14397538, 0.008998366, 0.11601221, 0.015205763, 0.0728506, 0.015173115, 0.018748198, 0.0045002117, 0.010073581, 0.0037232363]</VALUES>
		<LCS_MIN>[0.13557512, 0.116693914, 0.08377138, 0.045066744, 0.0, 0.0]</LCS_MIN>
		<LCS_MAX>[0.18939438, 0.17495981, 0.16094983, 0.12839134, 0.047789507, 0.035324268]</LCS_MAX>
		<WAVELENGTH>[0.485, 0.56, 0.66, 0.83, 1.65, 2.215]</WAVELENGTH>
		<MEAN_VALUE>[0.1585929, 0.14397538, 0.11601221, 0.0728506, 0.018748198, 0.010073581]</MEAN_VALUE>
		<CHECKBOX>2</CHECKBOX>
		<SD>[0.0079032825, 0.008998366, 0.015205763, 0.015173115, 0.0045002117, 0.0037232363]</SD>
		<WAVELENGTH_UNIT>E-6m</WAVELENGTH_UNIT>
		<COLOR>#cc5131</COLOR>
		<COVARIANCE_MATRIX>[[6.24622407485731e-05, 6.57074706396088e-05, 0.00010952813317999244, 8.998962584882975e-05, 1.4178449418977834e-05, 6.265831871132832e-06], [6.57074706396088e-05, 8.097107638604939e-05, 0.00012644793605431914, 0.00010309135541319847, 1.6127874914673157e-05, 7.138238743209513e-06], [0.00010952813317999244, 0.00012644793605431914, 0.00023121661797631532, 0.00020276122086215764, 3.309302337584086e-05, 1.5324958440032788e-05], [8.998962584882975e-05, 0.00010309135541319847, 0.00020276122086215764, 0.00023022467212285846, 4.317285856814124e-05, 2.1032386939623393e-05], [1.4178449418977834e-05, 1.6127874914673157e-05, 3.309302337584086e-05, 4.317285856814124e-05, 2.0252025933586992e-05, 7.858088793000206e-06], [6.265831871132832e-06, 7.138238743209513e-06, 1.5324958440032788e-05, 2.1032386939623393e-05, 7.858088793000206e-06, 1.3862563719158061e-05]]</COVARIANCE_MATRIX>
		<ROI_SIZE>81809</ROI_SIZE>
		<MAX_VALUE>[0.18939438, 0.17495981, 0.16094983, 0.12839134, 0.047789507, 0.035324268]</MAX_VALUE>
		<MIN_VALUE>[0.13557512, 0.116693914, 0.08377138, 0.045066744, 0.0, 0.0]</MIN_VALUE>
		<SIGNATURE_THRESHOLD_MD>0.0</SIGNATURE_THRESHOLD_MD>
		<SIGNATURE_THRESHOLD_ML>0.0</SIGNATURE_THRESHOLD_ML>
		<SIGNATURE_THRESHOLD_SAM>0.0</SIGNATURE_THRESHOLD_SAM>
	</signature>
	<signature ID="20210512_160220774956_726">
		<MACROCLASSID>1</MACROCLASSID>
		<MACROCLASSINFO>waterbody</MACROCLASSINFO>
		<CLASSID>4</CLASSID>
		<CLASSINFO>C 1</CLASSINFO>
		<VALUES>[0.15230131, 0.0027726425, 0.13652827, 0.0029619324, 0.10745077, 0.0033668124, 0.079419576, 0.005755706, 0.024929205, 0.0072909375, 0.013751875, 0.0063031586]</VALUES>
		<LCS_MIN>[0.13756843, 0.116693914, 0.0872795, 0.06699427, 0.011084024, 0.0]</LCS_MIN>
		<LCS_MAX>[0.16348141, 0.14582686, 0.12236061, 0.14593334, 0.13531798, 0.12047505]</LCS_MAX>
		<WAVELENGTH>[0.485, 0.56, 0.66, 0.83, 1.65, 2.215]</WAVELENGTH>
		<MEAN_VALUE>[0.15230131, 0.13652827, 0.10745077, 0.079419576, 0.024929205, 0.013751875]</MEAN_VALUE>
		<CHECKBOX>2</CHECKBOX>
		<SD>[0.0027726425, 0.0029619324, 0.0033668124, 0.005755706, 0.0072909375, 0.0063031586]</SD>
		<WAVELENGTH_UNIT>E-6m</WAVELENGTH_UNIT>
		<COLOR>#0f1bef</COLOR>
		<COVARIANCE_MATRIX>[[7.68856261856854e-06, 3.4952558962686453e-06, 3.2575553632341325e-06, -2.411002924418426e-06, -3.394424538782914e-06, -2.9501875360438135e-06], [3.4952558962686453e-06, 8.77420370670734e-06, 3.842154910671525e-06, -3.177710823365487e-06, -4.408172571856994e-06, -3.696501153171994e-06], [3.2575553632341325e-06, 3.842154910671525e-06, 1.1336921488691587e-05, 4.3307923078828026e-06, 3.3655351217021234e-06, 2.459490588080371e-06], [-2.411002924418426e-06, -3.177710823365487e-06, 4.3307923078828026e-06, 3.3132528187707067e-05, 3.3329059078823775e-05, 2.5403694962733425e-05], [-3.394424538782914e-06, -4.408172571856994e-06, 3.3655351217021234e-06, 3.3329059078823775e-05, 5.316477472661063e-05, 3.650326107162982e-05], [-2.9501875360438135e-06, -3.696501153171994e-06, 2.459490588080371e-06, 2.5403694962733425e-05, 3.650326107162982e-05, 3.9735059544909745e-05]]</COVARIANCE_MATRIX>
		<ROI_SIZE>7569</ROI_SIZE>
		<MAX_VALUE>[0.16348141, 0.14582686, 0.12236061, 0.14593334, 0.13531798, 0.12047505]</MAX_VALUE>
		<MIN_VALUE>[0.13756843, 0.116693914, 0.0872795, 0.06699427, 0.011084024, 0.0]</MIN_VALUE>
		<SIGNATURE_THRESHOLD_MD>0.0</SIGNATURE_THRESHOLD_MD>
		<SIGNATURE_THRESHOLD_ML>0.0</SIGNATURE_THRESHOLD_ML>
		<SIGNATURE_THRESHOLD_SAM>0.0</SIGNATURE_THRESHOLD_SAM>
	</signature>
	<signature ID="20210513_092940732129_750">
		<MACROCLASSID>1</MACROCLASSID>
		<MACROCLASSINFO>waterbody</MACROCLASSINFO>
		<CLASSID>5</CLASSID>
		<CLASSINFO>C 1</CLASSINFO>
		<VALUES>[0, 0, 0, 0, 0, 0, 0, 0, 0, 0, 0, 0]</VALUES>
		<LCS_MIN>[0, 0, 0, 0, 0, 0]</LCS_MIN>
		<LCS_MAX>[0, 0, 0, 0, 0, 0]</LCS_MAX>
		<WAVELENGTH>[0.485, 0.56, 0.66, 0.83, 1.65, 2.215]</WAVELENGTH>
		<MEAN_VALUE>[0, 0, 0, 0, 0, 0]</MEAN_VALUE>
		<CHECKBOX>2</CHECKBOX>
		<SD>[0, 0, 0, 0, 0, 0]</SD>
		<WAVELENGTH_UNIT>E-6m</WAVELENGTH_UNIT>
		<COLOR>#addb61</COLOR>
		<COVARIANCE_MATRIX>No</COVARIANCE_MATRIX>
		<ROI_SIZE>0</ROI_SIZE>
		<MAX_VALUE>[0, 0, 0, 0, 0, 0]</MAX_VALUE>
		<MIN_VALUE>[0, 0, 0, 0, 0, 0]</MIN_VALUE>
		<SIGNATURE_THRESHOLD_MD>0.0</SIGNATURE_THRESHOLD_MD>
		<SIGNATURE_THRESHOLD_ML>0.0</SIGNATURE_THRESHOLD_ML>
		<SIGNATURE_THRESHOLD_SAM>0.0</SIGNATURE_THRESHOLD_SAM>
	</signature>
	<signature ID="20210513_100740710678_575">
		<MACROCLASSID>2</MACROCLASSID>
		<MACROCLASSINFO>vegetation</MACROCLASSINFO>
		<CLASSID>6</CLASSID>
		<CLASSINFO>C 1</CLASSINFO>
		<VALUES>[0.11830244, 0.0025154443, 0.093740985, 0.003852141, 0.072063275, 0.0038318324, 0.19750978, 0.016711224, 0.1143727, 0.014303678, 0.048372008, 0.008048784]</VALUES>
		<LCS_MIN>[0.10966215, 0.08339912, 0.062722705, 0.16347536, 0.081671506, 0.02721467]</LCS_MIN>
		<LCS_MAX>[0.1295952, 0.108370215, 0.09429571, 0.26434198, 0.16919997, 0.07587226]</LCS_MAX>
		<WAVELENGTH>[0.485, 0.56, 0.66, 0.83, 1.65, 2.215]</WAVELENGTH>
		<MEAN_VALUE>[0.11830244, 0.093740985, 0.072063275, 0.19750978, 0.1143727, 0.048372008]</MEAN_VALUE>
		<CHECKBOX>2</CHECKBOX>
		<SD>[0.0025154443, 0.003852141, 0.0038318324, 0.016711224, 0.014303678, 0.008048784]</SD>
		<WAVELENGTH_UNIT>E-6m</WAVELENGTH_UNIT>
		<COLOR>#6037cf</COLOR>
		<COVARIANCE_MATRIX>[[6.3285574469773564e-06, 3.5038619898841716e-06, 3.801932052738266e-06, -4.1000939745572396e-06, 1.2609716577571817e-06, 2.499872834960115e-06], [3.5038619898841716e-06, 1.4841562915535178e-05, 9.339049938716926e-06, 8.911333679861855e-06, 1.9212448023608886e-05, 1.2755184798152186e-05], [3.801932052738266e-06, 9.339049938716926e-06, 1.4685489077237435e-05, 2.029447387030814e-06, 1.8851842469302937e-05, 1.4742871826456394e-05], [-4.1000939745572396e-06, 8.911333679861855e-06, 2.029447387030814e-06, 0.0002793134481180459, 0.00017105249571613967, 6.000761277391575e-05], [1.2609716577571817e-06, 1.9212448023608886e-05, 1.8851842469302937e-05, 0.00017105249571613967, 0.00020463067630771548, 9.313502960139886e-05], [2.499872834960115e-06, 1.2755184798152186e-05, 1.4742871826456394e-05, 6.000761277391575e-05, 9.313502960139886e-05, 6.479417061200365e-05]]</COVARIANCE_MATRIX>
		<ROI_SIZE>5770</ROI_SIZE>
		<MAX_VALUE>[0.1295952, 0.108370215, 0.09429571, 0.26434198, 0.16919997, 0.07587226]</MAX_VALUE>
		<MIN_VALUE>[0.10966215, 0.08339912, 0.062722705, 0.16347536, 0.081671506, 0.02721467]</MIN_VALUE>
		<SIGNATURE_THRESHOLD_MD>0.0</SIGNATURE_THRESHOLD_MD>
		<SIGNATURE_THRESHOLD_ML>0.0</SIGNATURE_THRESHOLD_ML>
		<SIGNATURE_THRESHOLD_SAM>0.0</SIGNATURE_THRESHOLD_SAM>
	</signature>
	<signature ID="20210513_101353925243_121">
		<MACROCLASSID>2</MACROCLASSID>
		<MACROCLASSINFO>vegetation</MACROCLASSINFO>
		<CLASSID>7</CLASSID>
		<CLASSINFO>C 1</CLASSINFO>
		<VALUES>[0.131723, 0.0026161575, 0.10267264, 0.0031472447, 0.07525388, 0.0031460049, 0.23192534, 0.013851735, 0.08338196, 0.0064325426, 0.03124401, 0.0043044477]</VALUES>
		<LCS_MIN>[0.12162199, 0.08756096, 0.06623081, 0.20294492, 0.059083503, 0.015050279]</LCS_MIN>
		<LCS_MAX>[0.14155503, 0.112532064, 0.0907876, 0.26872748, 0.1324945, 0.06776266]</LCS_MAX>
		<WAVELENGTH>[0.485, 0.56, 0.66, 0.83, 1.65, 2.215]</WAVELENGTH>
		<MEAN_VALUE>[0.131723, 0.10267264, 0.07525388, 0.23192534, 0.08338196, 0.03124401]</MEAN_VALUE>
		<CHECKBOX>2</CHECKBOX>
		<SD>[0.0026161575, 0.0031472447, 0.0031460049, 0.013851735, 0.0064325426, 0.0043044477]</SD>
		<WAVELENGTH_UNIT>E-6m</WAVELENGTH_UNIT>
		<COLOR>#83d02e</COLOR>
		<COVARIANCE_MATRIX>[[6.8449230639089365e-06, 3.650510734587442e-06, 3.629140110206208e-06, 9.96394555841107e-06, 2.7467126528790686e-06, 1.307704678765731e-06], [3.650510734587442e-06, 9.906078048516065e-06, 5.327506642061053e-06, 1.8014405213762075e-05, 4.050907136843307e-06, 1.722618549138133e-06], [3.629140110206208e-06, 5.327506642061053e-06, 9.898273674480151e-06, 1.0161061254621018e-05, 5.878160209249472e-06, 3.3756523407646455e-06], [9.96394555841107e-06, 1.8014405213762075e-05, 1.0161061254621018e-05, 0.00019188851001672447, 8.757204341236502e-06, -5.606241302302806e-06], [2.7467126528790686e-06, 4.050907136843307e-06, 5.878160209249472e-06, 8.757204341236502e-06, 4.1381485061720014e-05, 1.606917976459954e-05], [1.307704678765731e-06, 1.722618549138133e-06, 3.3756523407646455e-06, -5.606241302302806e-06, 1.606917976459954e-05, 1.8530006855144165e-05]]</COVARIANCE_MATRIX>
		<ROI_SIZE>10672</ROI_SIZE>
		<MAX_VALUE>[0.14155503, 0.112532064, 0.0907876, 0.26872748, 0.1324945, 0.06776266]</MAX_VALUE>
		<MIN_VALUE>[0.12162199, 0.08756096, 0.06623081, 0.20294492, 0.059083503, 0.015050279]</MIN_VALUE>
		<SIGNATURE_THRESHOLD_MD>0.0</SIGNATURE_THRESHOLD_MD>
		<SIGNATURE_THRESHOLD_ML>0.0</SIGNATURE_THRESHOLD_ML>
		<SIGNATURE_THRESHOLD_SAM>0.0</SIGNATURE_THRESHOLD_SAM>
	</signature>
	<signature ID="20210513_101828004393_641">
		<MACROCLASSID>2</MACROCLASSID>
		<MACROCLASSINFO>vegetation</MACROCLASSINFO>
		<CLASSID>8</CLASSID>
		<CLASSINFO>C 1</CLASSINFO>
		<VALUES>[0.15218814, 0.0026799166, 0.12111484, 0.003413987, 0.0981062, 0.0036557617, 0.20156942, 0.009312327, 0.11889977, 0.011839396, 0.056009244, 0.009139688]</VALUES>
		<LCS_MIN>[0.14554165, 0.108370215, 0.0872795, 0.17224637, 0.09296549, 0.035324268]</LCS_MIN>
		<LCS_MAX>[0.15949477, 0.13334133, 0.11183627, 0.22925796, 0.14943549, 0.08398185]</LCS_MAX>
		<WAVELENGTH>[0.485, 0.56, 0.66, 0.83, 1.65, 2.215]</WAVELENGTH>
		<MEAN_VALUE>[0.15218814, 0.12111484, 0.0981062, 0.20156942, 0.11889977, 0.056009244]</MEAN_VALUE>
		<CHECKBOX>2</CHECKBOX>
		<SD>[0.0026799166, 0.003413987, 0.0036557617, 0.009312327, 0.011839396, 0.009139688]</SD>
		<WAVELENGTH_UNIT>E-6m</WAVELENGTH_UNIT>
		<COLOR>#ec5d30</COLOR>
		<COVARIANCE_MATRIX>[[7.18768933438696e-06, 3.2263430966850137e-06, 4.249734502081992e-06, -5.277273658066406e-07, 8.322646863234695e-06, 6.801206382078817e-06], [3.2263430966850137e-06, 1.1664616977213882e-05, 7.011811248958111e-06, -1.9466972389636794e-06, 1.3877395758754574e-05, 1.277917453990085e-05], [4.249734502081992e-06, 7.011811248958111e-06, 1.3375268281379249e-05, -6.6248985604033805e-06, 1.86473462235881e-05, 1.8849459593184292e-05], [-5.277273658066406e-07, -1.9466972389636794e-06, -6.6248985604033805e-06, 8.678871381562203e-05, 2.9618693588417955e-05, -3.510547458063229e-06], [8.322646863234695e-06, 1.3877395758754574e-05, 1.86473462235881e-05, 2.9618693588417955e-05, 0.00014028328587301075, 8.715916192159057e-05], [6.801206382078817e-06, 1.277917453990085e-05, 1.8849459593184292e-05, -3.510547458063229e-06, 8.715916192159057e-05, 8.36006147437729e-05]]</COVARIANCE_MATRIX>
		<ROI_SIZE>1253</ROI_SIZE>
		<MAX_VALUE>[0.15949477, 0.13334133, 0.11183627, 0.22925796, 0.14943549, 0.08398185]</MAX_VALUE>
		<MIN_VALUE>[0.14554165, 0.108370215, 0.0872795, 0.17224637, 0.09296549, 0.035324268]</MIN_VALUE>
		<SIGNATURE_THRESHOLD_MD>0.0</SIGNATURE_THRESHOLD_MD>
		<SIGNATURE_THRESHOLD_ML>0.0</SIGNATURE_THRESHOLD_ML>
		<SIGNATURE_THRESHOLD_SAM>0.0</SIGNATURE_THRESHOLD_SAM>
	</signature>
	<signature ID="20210513_105337392580_339">
		<MACROCLASSID>2</MACROCLASSID>
		<MACROCLASSINFO>vegetation</MACROCLASSINFO>
		<CLASSID>9</CLASSID>
		<CLASSINFO>C 1</CLASSINFO>
		<VALUES>[0.13343914, 0.0025990566, 0.10779193, 0.0033230663, 0.085521735, 0.0038116341, 0.20401591, 0.009861198, 0.12407154, 0.011292411, 0.060395725, 0.008213639]</VALUES>
		<LCS_MIN>[0.12560858, 0.10004651, 0.07675514, 0.1897884, 0.1042595, 0.039379068]</LCS_MIN>
		<LCS_MAX>[0.14354832, 0.12085576, 0.101311944, 0.23364346, 0.14943549, 0.07992704]</LCS_MAX>
		<WAVELENGTH>[0.485, 0.56, 0.66, 0.83, 1.65, 2.215]</WAVELENGTH>
		<MEAN_VALUE>[0.13343914, 0.10779193, 0.085521735, 0.20401591, 0.12407154, 0.060395725]</MEAN_VALUE>
		<CHECKBOX>2</CHECKBOX>
		<SD>[0.0025990566, 0.0033230663, 0.0038116341, 0.009861198, 0.011292411, 0.008213639]</SD>
		<WAVELENGTH_UNIT>E-6m</WAVELENGTH_UNIT>
		<COLOR>#77eea1</COLOR>
		<COVARIANCE_MATRIX>[[6.76934587318101e-06, 3.802709215960931e-06, 5.472688371810364e-06, 1.4625239828092162e-06, 8.579549103160389e-06, 9.46749969443772e-06], [3.802709215960931e-06, 1.1066065781051293e-05, 8.68408187670866e-06, 6.011467121425085e-06, 1.5993038687156513e-05, 1.4137246580503415e-05], [5.472688371810364e-06, 8.68408187670866e-06, 1.4559204828401562e-05, 3.476905021670973e-06, 1.859846270235721e-05, 1.9194072592654265e-05], [1.4625239828092162e-06, 6.011467121425085e-06, 3.476905021670973e-06, 9.744838462211192e-05, 6.178293551784009e-05, 2.2425016140914522e-05], [8.579549103160389e-06, 1.5993038687156513e-05, 1.859846270235721e-05, 6.178293551784009e-05, 0.00012778757081832737, 7.102396193658933e-05], [9.46749969443772e-06, 1.4137246580503415e-05, 1.9194072592654265e-05, 2.2425016140914522e-05, 7.102396193658933e-05, 6.760619726264849e-05]]</COVARIANCE_MATRIX>
		<ROI_SIZE>475</ROI_SIZE>
		<MAX_VALUE>[0.14354832, 0.12085576, 0.101311944, 0.23364346, 0.14943549, 0.07992704]</MAX_VALUE>
		<MIN_VALUE>[0.12560858, 0.10004651, 0.07675514, 0.1897884, 0.1042595, 0.039379068]</MIN_VALUE>
		<SIGNATURE_THRESHOLD_MD>0.0</SIGNATURE_THRESHOLD_MD>
		<SIGNATURE_THRESHOLD_ML>0.0</SIGNATURE_THRESHOLD_ML>
		<SIGNATURE_THRESHOLD_SAM>0.0</SIGNATURE_THRESHOLD_SAM>
	</signature>
	<signature ID="20210513_120023753890_200">
		<MACROCLASSID>2</MACROCLASSID>
		<MACROCLASSINFO>vegetation</MACROCLASSINFO>
		<CLASSID>10</CLASSID>
		<CLASSINFO>C 1</CLASSINFO>
		<VALUES>[0.13684356, 0.0026343002, 0.1112709, 0.004284256, 0.09333896, 0.0069774585, 0.18739632, 0.011682593, 0.11144659, 0.020314107, 0.056826986, 0.015121828]</VALUES>
		<LCS_MIN>[0.13158852, 0.10420836, 0.08377138, 0.16347536, 0.078848, 0.031269472]</LCS_MIN>
		<LCS_MAX>[0.14155503, 0.12085576, 0.108328156, 0.20733045, 0.15508248, 0.08398185]</LCS_MAX>
		<WAVELENGTH>[0.485, 0.56, 0.66, 0.83, 1.65, 2.215]</WAVELENGTH>
		<MEAN_VALUE>[0.13684356, 0.1112709, 0.09333896, 0.18739632, 0.11144659, 0.056826986]</MEAN_VALUE>
		<CHECKBOX>2</CHECKBOX>
		<SD>[0.0026343002, 0.004284256, 0.0069774585, 0.011682593, 0.020314107, 0.015121828]</SD>
		<WAVELENGTH_UNIT>E-6m</WAVELENGTH_UNIT>
		<COLOR>#b67beb</COLOR>
		<COVARIANCE_MATRIX>[[7.15639725967776e-06, 8.130864443955943e-06, 1.0866558113775682e-05, -1.1349247870384715e-05, 2.52465015364578e-05, 2.2892632841831073e-05], [8.130864443955943e-06, 1.8928440113086253e-05, 2.795613181660883e-05, -9.955550922313705e-06, 7.58138412493281e-05, 6.118953024270013e-05], [1.0866558113775682e-05, 2.795613181660883e-05, 5.020633034291677e-05, -1.966813942999579e-05, 0.00012533388508018106, 0.00010122964158654213], [-1.1349247870384715e-05, -9.955550922313705e-06, -1.966813942999579e-05, 0.00014074810314923525, 8.055664693529252e-06, -2.6976640583598055e-05], [2.52465015364578e-05, 7.58138412493281e-05, 0.00012533388508018106, 8.055664693529252e-06, 0.0004255586245562881, 0.00029106411966495216], [2.2892632841831073e-05, 6.118953024270013e-05, 0.00010122964158654213, -2.6976640583598055e-05, 0.00029106411966495216, 0.00023581559071317315]]</COVARIANCE_MATRIX>
		<ROI_SIZE>33</ROI_SIZE>
		<MAX_VALUE>[0.14155503, 0.12085576, 0.108328156, 0.20733045, 0.15508248, 0.08398185]</MAX_VALUE>
		<MIN_VALUE>[0.13158852, 0.10420836, 0.08377138, 0.16347536, 0.078848, 0.031269472]</MIN_VALUE>
		<SIGNATURE_THRESHOLD_MD>0.0</SIGNATURE_THRESHOLD_MD>
		<SIGNATURE_THRESHOLD_ML>0.0</SIGNATURE_THRESHOLD_ML>
		<SIGNATURE_THRESHOLD_SAM>0.0</SIGNATURE_THRESHOLD_SAM>
	</signature>
	<signature ID="20210607_123236577149_344">
		<MACROCLASSID>1</MACROCLASSID>
		<MACROCLASSINFO>waterbody</MACROCLASSINFO>
		<CLASSID>93</CLASSID>
		<CLASSINFO>C 1</CLASSINFO>
		<VALUES>[0.15720497, 0.0058836928, 0.13260293, 0.005488733, 0.10806881, 0.007164074, 0.091450505, 0.010610279, 0.03225847, 0.0074102664, 0.017339706, 0.0059543536]</VALUES>
		<LCS_MIN>[0.13557512, 0.112532064, 0.08377138, 0.058223255, 0.008260524, 0.0]</LCS_MIN>
		<LCS_MAX>[0.17145462, 0.14582686, 0.12937683, 0.13716236, 0.06755401, 0.047488667]</LCS_MAX>
		<WAVELENGTH>[1.0, 2.0, 3.0, 4.0, 5.0, 6.0]</WAVELENGTH>
		<MEAN_VALUE>[0.15720497, 0.13260293, 0.10806881, 0.091450505, 0.03225847, 0.017339706]</MEAN_VALUE>
		<CHECKBOX>2</CHECKBOX>
		<SD>[0.0058836928, 0.005488733, 0.007164074, 0.010610279, 0.0074102664, 0.0059543536]</SD>
		<WAVELENGTH_UNIT>E-6m</WAVELENGTH_UNIT>
		<COLOR>#19e33f</COLOR>
		<COVARIANCE_MATRIX>[[3.461856613284908e-05, 2.6273593903169967e-05, 3.5955163184553385e-05, 3.5632379876915365e-05, 2.369011599512305e-05, 1.526068263046909e-05], [2.6273593903169967e-05, 3.0126810088404454e-05, 3.191866198903881e-05, 2.765743738564197e-05, 1.8683851521927863e-05, 1.2013046216452494e-05], [3.5955163184553385e-05, 3.191866198903881e-05, 5.13250233780127e-05, 5.2810602937825024e-05, 3.5114884667564183e-05, 2.33390001085354e-05], [3.5632379876915365e-05, 2.765743738564197e-05, 5.2810602937825024e-05, 0.00011258034646743909, 6.598167237825692e-05, 4.278270716895349e-05], [2.369011599512305e-05, 1.8683851521927863e-05, 3.5114884667564183e-05, 6.598167237825692e-05, 5.491316915140487e-05, 3.333421773277223e-05], [1.526068263046909e-05, 1.2013046216452494e-05, 2.33390001085354e-05, 4.278270716895349e-05, 3.333421773277223e-05, 3.5455064789857715e-05]]</COVARIANCE_MATRIX>
		<ROI_SIZE>47951</ROI_SIZE>
		<MAX_VALUE>[0.17145462, 0.14582686, 0.12937683, 0.13716236, 0.06755401, 0.047488667]</MAX_VALUE>
		<MIN_VALUE>[0.13557512, 0.112532064, 0.08377138, 0.058223255, 0.008260524, 0.0]</MIN_VALUE>
		<SIGNATURE_THRESHOLD_MD>0.0</SIGNATURE_THRESHOLD_MD>
		<SIGNATURE_THRESHOLD_ML>0.0</SIGNATURE_THRESHOLD_ML>
		<SIGNATURE_THRESHOLD_SAM>0.0</SIGNATURE_THRESHOLD_SAM>
	</signature>
	<signature ID="20210607_123656734102_778">
		<MACROCLASSID>1</MACROCLASSID>
		<MACROCLASSINFO>waterbody</MACROCLASSINFO>
		<CLASSID>94</CLASSID>
		<CLASSINFO>C 1</CLASSINFO>
		<VALUES>[0.16008437, 0.004387297, 0.13536951, 0.003114503, 0.114488274, 0.0038095908, 0.10587531, 0.0065771304, 0.041868687, 0.007649295, 0.023779435, 0.006524306]</VALUES>
		<LCS_MIN>[0.14554165, 0.12085576, 0.101311944, 0.08892179, 0.02237802, 0.00694068]</LCS_MIN>
		<LCS_MAX>[0.17344794, 0.14582686, 0.12937683, 0.13277684, 0.0703775, 0.047488667]</LCS_MAX>
		<WAVELENGTH>[1.0, 2.0, 3.0, 4.0, 5.0, 6.0]</WAVELENGTH>
		<MEAN_VALUE>[0.16008437, 0.13536951, 0.114488274, 0.10587531, 0.041868687, 0.023779435]</MEAN_VALUE>
		<CHECKBOX>2</CHECKBOX>
		<SD>[0.004387297, 0.003114503, 0.0038095908, 0.0065771304, 0.007649295, 0.006524306]</SD>
		<WAVELENGTH_UNIT>E-6m</WAVELENGTH_UNIT>
		<COLOR>#4c9117</COLOR>
		<COVARIANCE_MATRIX>[[1.9250830519013107e-05, 6.720343208144186e-06, 1.1280922990408726e-05, 1.411463108524913e-05, 1.1881774298672099e-05, 7.051660304568941e-06], [6.720343208144186e-06, 9.701366252556909e-06, 6.394287538569188e-06, 6.4045343606267124e-06, 4.265235020284308e-06, 2.477124780853046e-06], [1.1280922990408726e-05, 6.394287538569188e-06, 1.4514831491396762e-05, 1.1376910151739139e-05, 1.1381308468116913e-05, 8.038065061555244e-06], [1.411463108524913e-05, 6.4045343606267124e-06, 1.1376910151739139e-05, 4.3264164560241625e-05, 3.483359978417866e-05, 2.1406111045507714e-05], [1.1881774298672099e-05, 4.265235020284308e-06, 1.1381308468116913e-05, 3.483359978417866e-05, 5.8519173762761056e-05, 3.741667387657799e-05], [7.051660304568941e-06, 2.477124780853046e-06, 8.038065061555244e-06, 2.1406111045507714e-05, 3.741667387657799e-05, 4.2571991798467934e-05]]</COVARIANCE_MATRIX>
		<ROI_SIZE>7847</ROI_SIZE>
		<MAX_VALUE>[0.17344794, 0.14582686, 0.12937683, 0.13277684, 0.0703775, 0.047488667]</MAX_VALUE>
		<MIN_VALUE>[0.14554165, 0.12085576, 0.101311944, 0.08892179, 0.02237802, 0.00694068]</MIN_VALUE>
		<SIGNATURE_THRESHOLD_MD>0.0</SIGNATURE_THRESHOLD_MD>
		<SIGNATURE_THRESHOLD_ML>0.0</SIGNATURE_THRESHOLD_ML>
		<SIGNATURE_THRESHOLD_SAM>0.0</SIGNATURE_THRESHOLD_SAM>
	</signature>
	<signature ID="20210607_135018752043_345">
		<MACROCLASSID>1</MACROCLASSID>
		<MACROCLASSINFO>waterbody</MACROCLASSINFO>
		<CLASSID>99</CLASSID>
		<CLASSINFO>C 1</CLASSINFO>
		<VALUES>[0.15537755, 0.002601122, 0.14052035, 0.002796284, 0.10551216, 0.003345086, 0.057486642, 0.0023361556, 0.014871653, 0.002957284, 0.008291022, 0.0031452025]</VALUES>
		<LCS_MIN>[0.14354832, 0.12501761, 0.09429571, 0.04945225, 0.0026135258, 0.0]</LCS_MIN>
		<LCS_MAX>[0.16547471, 0.15415058, 0.11534438, 0.07137978, 0.030848518, 0.02721467]</LCS_MAX>
		<WAVELENGTH>[1.0, 2.0, 3.0, 4.0, 5.0, 6.0]</WAVELENGTH>
		<MEAN_VALUE>[0.15537755, 0.14052035, 0.10551216, 0.057486642, 0.014871653, 0.008291022]</MEAN_VALUE>
		<CHECKBOX>2</CHECKBOX>
		<SD>[0.002601122, 0.002796284, 0.003345086, 0.0023361556, 0.002957284, 0.0031452025]</SD>
		<WAVELENGTH_UNIT>E-6m</WAVELENGTH_UNIT>
		<COLOR>#787866</COLOR>
		<COVARIANCE_MATRIX>[[6.766053502360592e-06, 2.206083763667266e-06, 2.9568359423137736e-06, 1.2674233857978834e-06, 3.533249071097089e-07, 2.061733397340504e-07], [2.206083763667266e-06, 7.819455277058296e-06, 3.2714187909732573e-06, 1.2461063079172163e-06, 5.089581804895715e-07, 2.6429572130837187e-07], [2.9568359423137736e-06, 3.2714187909732573e-06, 1.1189958058821503e-05, 2.8706729153782362e-06, 7.538145609942148e-07, 4.022813300252892e-07], [1.2674233857978834e-06, 1.2461063079172163e-06, 2.8706729153782362e-06, 5.4578013077843934e-06, 8.461345828436606e-07, 3.797702845531603e-07], [3.533249071097089e-07, 5.089581804895715e-07, 7.538145609942148e-07, 8.461345828436606e-07, 8.745811101107392e-06, 1.1859010555781424e-06], [2.061733397340504e-07, 2.6429572130837187e-07, 4.022813300252892e-07, 3.797702845531603e-07, 1.1859010555781424e-06, 9.892616617435124e-06]]</COVARIANCE_MATRIX>
		<ROI_SIZE>31066</ROI_SIZE>
		<MAX_VALUE>[0.16547471, 0.15415058, 0.11534438, 0.07137978, 0.030848518, 0.02721467]</MAX_VALUE>
		<MIN_VALUE>[0.14354832, 0.12501761, 0.09429571, 0.04945225, 0.0026135258, 0.0]</MIN_VALUE>
		<SIGNATURE_THRESHOLD_MD>0.0</SIGNATURE_THRESHOLD_MD>
		<SIGNATURE_THRESHOLD_ML>0.0</SIGNATURE_THRESHOLD_ML>
		<SIGNATURE_THRESHOLD_SAM>0.0</SIGNATURE_THRESHOLD_SAM>
	</signature>
	<signature ID="20210607_135903801938_422">
		<MACROCLASSID>1</MACROCLASSID>
		<MACROCLASSINFO>waterbody</MACROCLASSINFO>
		<CLASSID>100</CLASSID>
		<CLASSINFO>C 1</CLASSINFO>
		<VALUES>[0.16163774, 0.0055244006, 0.14119546, 0.0055327406, 0.114257924, 0.008102356, 0.08782301, 0.0061026798, 0.03032723, 0.0057022385, 0.017131614, 0.005439195]</VALUES>
		<LCS_MIN>[0.14753497, 0.12085576, 0.09429571, 0.07137978, 0.011084024, 0.0]</LCS_MIN>
		<LCS_MAX>[0.17544124, 0.15415058, 0.13288495, 0.11084932, 0.05343651, 0.043433864]</LCS_MAX>
		<WAVELENGTH>[1.0, 2.0, 3.0, 4.0, 5.0, 6.0]</WAVELENGTH>
		<MEAN_VALUE>[0.16163774, 0.14119546, 0.114257924, 0.08782301, 0.03032723, 0.017131614]</MEAN_VALUE>
		<CHECKBOX>2</CHECKBOX>
		<SD>[0.0055244006, 0.0055327406, 0.008102356, 0.0061026798, 0.0057022385, 0.005439195]</SD>
		<WAVELENGTH_UNIT>E-6m</WAVELENGTH_UNIT>
		<COLOR>#9d5075</COLOR>
		<COVARIANCE_MATRIX>[[3.0522038287017494e-05, 2.4232384021161124e-05, 3.799628029810265e-05, 1.9024206267204136e-05, 1.0402658517705277e-05, 7.460429969796678e-06], [2.4232384021161124e-05, 3.061427196371369e-05, 3.82666548830457e-05, 1.52655084093567e-05, 6.927954473212594e-06, 4.950709808326792e-06], [3.799628029810265e-05, 3.82666548830457e-05, 6.565470539499074e-05, 3.133324207738042e-05, 1.6818157746456563e-05, 1.2492006135289557e-05], [1.9024206267204136e-05, 1.52655084093567e-05, 3.133324207738042e-05, 3.724641283042729e-05, 2.4449849661323242e-05, 1.8481174265616573e-05], [1.0402658517705277e-05, 6.927954473212594e-06, 1.6818157746456563e-05, 2.4449849661323242e-05, 3.251875750720501e-05, 2.071274138870649e-05], [7.460429969796678e-06, 4.950709808326792e-06, 1.2492006135289557e-05, 1.8481174265616573e-05, 2.071274138870649e-05, 2.95877835014835e-05]]</COVARIANCE_MATRIX>
		<ROI_SIZE>10042</ROI_SIZE>
		<MAX_VALUE>[0.17544124, 0.15415058, 0.13288495, 0.11084932, 0.05343651, 0.043433864]</MAX_VALUE>
		<MIN_VALUE>[0.14753497, 0.12085576, 0.09429571, 0.07137978, 0.011084024, 0.0]</MIN_VALUE>
		<SIGNATURE_THRESHOLD_MD>0.0</SIGNATURE_THRESHOLD_MD>
		<SIGNATURE_THRESHOLD_ML>0.0</SIGNATURE_THRESHOLD_ML>
		<SIGNATURE_THRESHOLD_SAM>0.0</SIGNATURE_THRESHOLD_SAM>
	</signature>
	<signature ID="20210608_102732732806_981">
		<MACROCLASSID>2</MACROCLASSID>
		<MACROCLASSINFO>vegetation</MACROCLASSINFO>
		<CLASSID>118</CLASSID>
		<CLASSINFO>C 1</CLASSINFO>
		<VALUES>[0.124114074, 0.0029829803, 0.1029321, 0.0038136025, 0.08033319, 0.0057583605, 0.22443707, 0.025608411, 0.13588044, 0.022996623, 0.06039151, 0.022244226]</VALUES>
		<LCS_MIN>[0.11364876, 0.08756096, 0.06623081, 0.11962033, 0.044966012, 0.0]</LCS_MIN>
		<LCS_MAX>[0.13756843, 0.13750318, 0.15744174, 0.3345101, 0.29343393, 1.0]</LCS_MAX>
		<WAVELENGTH>[0.485, 0.56, 0.66, 0.83, 1.65, 2.215]</WAVELENGTH>
		<MEAN_VALUE>[0.124114074, 0.1029321, 0.08033319, 0.22443707, 0.13588044, 0.06039151]</MEAN_VALUE>
		<CHECKBOX>2</CHECKBOX>
		<SD>[0.0029829803, 0.0038136025, 0.0057583605, 0.025608411, 0.022996623, 0.022244226]</SD>
		<WAVELENGTH_UNIT>E-6m</WAVELENGTH_UNIT>
		<COLOR>#85148d</COLOR>
		<COVARIANCE_MATRIX>[[8.898512533050962e-06, 5.953980689810123e-06, 8.84576093085343e-06, 1.5309873560909182e-05, 1.984179652936291e-05, 1.3330748515727464e-05], [5.953980689810123e-06, 1.454412176826736e-05, 1.4939665561541915e-05, 3.6827404983341694e-05, 4.4802873162552714e-05, 2.754360502876807e-05], [8.84576093085343e-06, 1.4939665561541915e-05, 3.315998401376419e-05, 1.3276260688144248e-05, 7.676881068618968e-05, 5.5652686569374055e-05], [1.5309873560909182e-05, 3.6827404983341694e-05, 1.3276260688144248e-05, 0.000655815820209682, 0.00031358349951915443, 8.487253944622353e-05], [1.984179652936291e-05, 4.4802873162552714e-05, 7.676881068618968e-05, 0.00031358349951915443, 0.0005288649699650705, 0.0002807792916428298], [1.3330748515727464e-05, 2.754360502876807e-05, 5.5652686569374055e-05, 8.487253944622353e-05, 0.0002807792916428298, 0.0004948244895786047]]</COVARIANCE_MATRIX>
		<ROI_SIZE>26088</ROI_SIZE>
		<MAX_VALUE>[0.13756843, 0.13750318, 0.15744174, 0.3345101, 0.29343393, 1.0]</MAX_VALUE>
		<MIN_VALUE>[0.11364876, 0.08756096, 0.06623081, 0.11962033, 0.044966012, 0.0]</MIN_VALUE>
		<SIGNATURE_THRESHOLD_MD>0.0</SIGNATURE_THRESHOLD_MD>
		<SIGNATURE_THRESHOLD_ML>0.0</SIGNATURE_THRESHOLD_ML>
		<SIGNATURE_THRESHOLD_SAM>0.0</SIGNATURE_THRESHOLD_SAM>
	</signature>
	<signature ID="20210608_103244041695_462">
		<MACROCLASSID>2</MACROCLASSID>
		<MACROCLASSINFO>vegetation</MACROCLASSINFO>
		<CLASSID>119</CLASSID>
		<CLASSINFO>C 1</CLASSINFO>
		<VALUES>[0.12144174, 0.0039052803, 0.09957627, 0.00499653, 0.07897666, 0.0067287893, 0.21394299, 0.0193449, 0.14344041, 0.021904394, 0.066773534, 0.016394362]</VALUES>
		<LCS_MIN>[0.10966215, 0.08339912, 0.062722705, 0.14154786, 0.0760245, 0.02721467]</LCS_MIN>
		<LCS_MAX>[0.13756843, 0.12501761, 0.12586872, 0.30819702, 0.27931648, 0.20562583]</LCS_MAX>
		<WAVELENGTH>[0.485, 0.56, 0.66, 0.83, 1.65, 2.215]</WAVELENGTH>
		<MEAN_VALUE>[0.12144174, 0.09957627, 0.07897666, 0.21394299, 0.14344041, 0.066773534]</MEAN_VALUE>
		<CHECKBOX>2</CHECKBOX>
		<SD>[0.0039052803, 0.00499653, 0.0067287893, 0.0193449, 0.021904394, 0.016394362]</SD>
		<WAVELENGTH_UNIT>E-6m</WAVELENGTH_UNIT>
		<COLOR>#57129b</COLOR>
		<COVARIANCE_MATRIX>[[1.5253554920491297e-05, 1.3144237527740188e-05, 1.685749157331884e-05, -2.2292126686807023e-06, 2.5106846806011163e-05, 2.304896952409763e-05], [1.3144237527740188e-05, 2.496914385119453e-05, 2.6308836822863668e-05, 6.977232260396704e-06, 5.302153658703901e-05, 4.3753552745329216e-05], [1.685749157331884e-05, 2.6308836822863668e-05, 4.5283555664354935e-05, -6.053764991520438e-06, 9.463278547627851e-05, 8.177775453077629e-05], [-2.2292126686807023e-06, 6.977232260396704e-06, -6.053764991520438e-06, 0.0003742825356312096, 0.00014443132386077195, 2.5312294383184053e-05], [2.5106846806011163e-05, 5.302153658703901e-05, 9.463278547627851e-05, 0.00014443132386077195, 0.00047987609286792576, 0.00031985071836970747], [2.304896952409763e-05, 4.3753552745329216e-05, 8.177775453077629e-05, 2.5312294383184053e-05, 0.00031985071836970747, 0.00026881633675657213]]</COVARIANCE_MATRIX>
		<ROI_SIZE>6514</ROI_SIZE>
		<MAX_VALUE>[0.13756843, 0.12501761, 0.12586872, 0.30819702, 0.27931648, 0.20562583]</MAX_VALUE>
		<MIN_VALUE>[0.10966215, 0.08339912, 0.062722705, 0.14154786, 0.0760245, 0.02721467]</MIN_VALUE>
		<SIGNATURE_THRESHOLD_MD>0.0</SIGNATURE_THRESHOLD_MD>
		<SIGNATURE_THRESHOLD_ML>0.0</SIGNATURE_THRESHOLD_ML>
		<SIGNATURE_THRESHOLD_SAM>0.0</SIGNATURE_THRESHOLD_SAM>
	</signature>
	<signature ID="20210608_103549198909_970">
		<MACROCLASSID>2</MACROCLASSID>
		<MACROCLASSINFO>vegetation</MACROCLASSINFO>
		<CLASSID>120</CLASSID>
		<CLASSINFO>C 1</CLASSINFO>
		<VALUES>[0.1351221, 0.0023223837, 0.10680637, 0.0026061973, 0.082580745, 0.0034652662, 0.23316504, 0.011157597, 0.10919634, 0.01321976, 0.045399826, 0.008851098]</VALUES>
		<LCS_MIN>[0.1295952, 0.10004651, 0.073247045, 0.1985594, 0.08449499, 0.02721467]</LCS_MIN>
		<LCS_MAX>[0.14354832, 0.116693914, 0.09780383, 0.25557098, 0.14943549, 0.07992704]</LCS_MAX>
		<WAVELENGTH>[0.485, 0.56, 0.66, 0.83, 1.65, 2.215]</WAVELENGTH>
		<MEAN_VALUE>[0.1351221, 0.10680637, 0.082580745, 0.23316504, 0.10919634, 0.045399826]</MEAN_VALUE>
		<CHECKBOX>2</CHECKBOX>
		<SD>[0.0023223837, 0.0026061973, 0.0034652662, 0.011157597, 0.01321976, 0.008851098]</SD>
		<WAVELENGTH_UNIT>E-6m</WAVELENGTH_UNIT>
		<COLOR>#3b97b1</COLOR>
		<COVARIANCE_MATRIX>[[5.409860023064539e-06, 1.1553221384019707e-06, 2.2220672235562233e-06, -5.132916612637928e-06, 1.1142655012008618e-06, 1.5320674719987437e-06], [1.1553221384019707e-06, 6.812908850406529e-06, 4.078981419297634e-06, -2.747608959907666e-06, 8.922613233153243e-06, 6.828218374721473e-06], [2.2220672235562233e-06, 4.078981419297634e-06, 1.204456748382654e-05, -6.931052666914184e-06, 1.5078424439707305e-05, 1.2897476153739262e-05], [-5.132916612637928e-06, -2.747608959907666e-06, -6.931052666914184e-06, 0.00012487037747632712, 1.825174331315793e-05, -1.4244549674913287e-05], [1.1142655012008618e-06, 8.922613233153243e-06, 1.5078424439707305e-05, 1.825174331315793e-05, 0.0001752932439558208, 9.93582361843437e-05], [1.5320674719987437e-06, 6.828218374721473e-06, 1.2897476153739262e-05, -1.4244549674913287e-05, 9.93582361843437e-05, 7.858005119487643e-05]]</COVARIANCE_MATRIX>
		<ROI_SIZE>330</ROI_SIZE>
		<MAX_VALUE>[0.14354832, 0.116693914, 0.09780383, 0.25557098, 0.14943549, 0.07992704]</MAX_VALUE>
		<MIN_VALUE>[0.1295952, 0.10004651, 0.073247045, 0.1985594, 0.08449499, 0.02721467]</MIN_VALUE>
		<SIGNATURE_THRESHOLD_MD>0.0</SIGNATURE_THRESHOLD_MD>
		<SIGNATURE_THRESHOLD_ML>0.0</SIGNATURE_THRESHOLD_ML>
		<SIGNATURE_THRESHOLD_SAM>0.0</SIGNATURE_THRESHOLD_SAM>
	</signature>
	<signature ID="20210608_104111817798_635">
		<MACROCLASSID>1</MACROCLASSID>
		<MACROCLASSINFO>waterbody</MACROCLASSINFO>
		<CLASSID>121</CLASSID>
		<CLASSINFO>C 1</CLASSINFO>
		<VALUES>[0.1558373, 0.007700872, 0.13576272, 0.009033081, 0.110935695, 0.010900282, 0.08972329, 0.021726916, 0.02923027, 0.013504799, 0.01578452, 0.007195158]</VALUES>
		<LCS_MIN>[0.1295952, 0.10004651, 0.073247045, 0.07137978, 0.008260524, 0.0]</LCS_MIN>
		<LCS_MAX>[0.18341444, 0.15831241, 0.13639306, 0.25557098, 0.14943549, 0.09209144]</LCS_MAX>
		<WAVELENGTH>[0.485, 0.56, 0.66, 0.83, 1.65, 2.215]</WAVELENGTH>
		<MEAN_VALUE>[0.1558373, 0.13576272, 0.110935695, 0.08972329, 0.02923027, 0.01578452]</MEAN_VALUE>
		<CHECKBOX>2</CHECKBOX>
		<SD>[0.007700872, 0.009033081, 0.010900282, 0.021726916, 0.013504799, 0.007195158]</SD>
		<WAVELENGTH_UNIT>E-6m</WAVELENGTH_UNIT>
		<COLOR>#88228d</COLOR>
		<COVARIANCE_MATRIX>[[5.9307079936843365e-05, 6.164344085846096e-05, 6.869485514471307e-05, -4.2200023017358035e-05, -2.9557129892054945e-05, -8.08825370768318e-06], [6.164344085846096e-05, 8.160158176906407e-05, 8.649294613860548e-05, -6.778891111025587e-05, -4.8824080295162275e-05, -1.6397838408011012e-05], [6.869485514471307e-05, 8.649294613860548e-05, 0.0001188234964502044, -5.2493574912659824e-05, -5.083574433228932e-05, -1.736379817884881e-05], [-4.2200023017358035e-05, -6.778891111025587e-05, -5.2493574912659824e-05, 0.0004720879369415343, 0.0002617587160784751, 0.0001040538409142755], [-2.9557129892054945e-05, -4.8824080295162275e-05, -5.083574433228932e-05, 0.0002617587160784751, 0.0001823908678488806, 7.928397826617584e-05], [-8.08825370768318e-06, -1.6397838408011012e-05, -1.736379817884881e-05, 0.0001040538409142755, 7.928397826617584e-05, 5.177346974960528e-05]]</COVARIANCE_MATRIX>
		<ROI_SIZE>16251</ROI_SIZE>
		<MAX_VALUE>[0.18341444, 0.15831241, 0.13639306, 0.25557098, 0.14943549, 0.09209144]</MAX_VALUE>
		<MIN_VALUE>[0.1295952, 0.10004651, 0.073247045, 0.07137978, 0.008260524, 0.0]</MIN_VALUE>
		<SIGNATURE_THRESHOLD_MD>0.0</SIGNATURE_THRESHOLD_MD>
		<SIGNATURE_THRESHOLD_ML>0.0</SIGNATURE_THRESHOLD_ML>
		<SIGNATURE_THRESHOLD_SAM>0.0</SIGNATURE_THRESHOLD_SAM>
	</signature>
	<signature ID="20210608_104442133765_939">
		<MACROCLASSID>1</MACROCLASSID>
		<MACROCLASSINFO>waterbody</MACROCLASSINFO>
		<CLASSID>122</CLASSID>
		<CLASSINFO>C 1</CLASSINFO>
		<VALUES>[0.15682785, 0.0043949764, 0.14136578, 0.0048541697, 0.11739846, 0.006868123, 0.08400844, 0.006472261, 0.02208004, 0.004405685, 0.011440809, 0.0039317687]</VALUES>
		<LCS_MIN>[0.14155503, 0.12085576, 0.09429571, 0.06699427, 0.005437025, 0.0]</LCS_MIN>
		<LCS_MAX>[0.16946131, 0.15415058, 0.13288495, 0.11084932, 0.044966012, 0.035324268]</LCS_MAX>
		<WAVELENGTH>[0.485, 0.56, 0.66, 0.83, 1.65, 2.215]</WAVELENGTH>
		<MEAN_VALUE>[0.15682785, 0.14136578, 0.11739846, 0.08400844, 0.02208004, 0.011440809]</MEAN_VALUE>
		<CHECKBOX>2</CHECKBOX>
		<SD>[0.0043949764, 0.0048541697, 0.006868123, 0.006472261, 0.004405685, 0.0039317687]</SD>
		<WAVELENGTH_UNIT>E-6m</WAVELENGTH_UNIT>
		<COLOR>#57f723</COLOR>
		<COVARIANCE_MATRIX>[[1.9316650650580414e-05, 1.591446743987035e-05, 2.405357918178197e-05, 1.1553270269359928e-05, -3.298884166724747e-06, -2.286014250785229e-06], [1.591446743987035e-05, 2.356398181291297e-05, 2.718340874707792e-05, 1.1717651432263665e-05, -4.0058171180135105e-06, -2.6260477170581e-06], [2.405357918178197e-05, 2.718340874707792e-05, 4.717316915048286e-05, 2.4002893042052165e-05, -3.4666340980038512e-06, -2.3717382191534853e-06], [1.1553270269359928e-05, 1.1717651432263665e-05, 2.4002893042052165e-05, 4.1891977161867544e-05, 1.279962179978611e-05, 6.852459591755178e-06], [-3.298884166724747e-06, -4.0058171180135105e-06, -3.4666340980038512e-06, 1.279962179978611e-05, 1.9410894310567528e-05, 8.655356396047864e-06], [-2.286014250785229e-06, -2.6260477170581e-06, -2.3717382191534853e-06, 6.852459591755178e-06, 8.655356396047864e-06, 1.5459474525414407e-05]]</COVARIANCE_MATRIX>
		<ROI_SIZE>23130</ROI_SIZE>
