<?xml version="1.0" ?>
<signaturelist MCID_LIST="[['1', 'waterbody', '#0000ff'], ['2', 'vegetation', '#00ff00'], ['3', 'bareland', '#ffaa00'], ['4', 'built-up', '#ff0000']]">
	<signature ID="20210615_155854716418_353">
		<MACROCLASSID>1</MACROCLASSID>
		<MACROCLASSINFO>waterbody</MACROCLASSINFO>
		<CLASSID>1</CLASSID>
		<CLASSINFO>C 1</CLASSINFO>
		<VALUES>[0.12316182804956759, 0.0038564343590208093, 0.16454840166764825, 0.009171498088351939, 0.14781330545249122, 0.006756991311538123, 0.04657577437918835, 0.01074065911339185, 0.011044653475946882, 0.012737936580071217, 0.007665436314640028, 0.01052000653680916]</VALUES>
		<LCS_MIN>[0.09359104931354523, 0.09982333332300186, 0.0970487967133522, 0.03476842865347862, 0.0, 0.0]</LCS_MIN>
		<LCS_MAX>[0.1298701912164688, 0.1755710393190384, 0.17097961902618408, 0.11038579046726227, 0.07823481410741806, 0.06879542022943497]</LCS_MAX>
		<WAVELENGTH>[0.485, 0.56, 0.66, 0.83, 1.65, 2.215]</WAVELENGTH>
		<MEAN_VALUE>[0.12316182804956759, 0.16454840166764825, 0.14781330545249122, 0.04657577437918835, 0.011044653475946882, 0.007665436314640028]</MEAN_VALUE>
		<CHECKBOX>2</CHECKBOX>
		<SD>[0.0038564343590208093, 0.009171498088351939, 0.006756991311538123, 0.01074065911339185, 0.012737936580071217, 0.01052000653680916]</SD>
		<WAVELENGTH_UNIT>E-6m</WAVELENGTH_UNIT>
		<COLOR>#a66bfb</COLOR>
		<COVARIANCE_MATRIX>[[1.3777126696368214e-05, 2.3650947696296498e-05, 1.1265363355050795e-05, -2.3243417672347277e-05, -2.680302713997662e-05, -2.0908551960019395e-05], [2.3650947696296498e-05, 6.843202572781593e-05, 3.4564600355224684e-05, -6.152046262286603e-05, -6.995721196290106e-05, -5.5194330343510956e-05], [1.1265363355050795e-05, 3.4564600355224684e-05, 3.416142499190755e-05, -2.4139779270626605e-05, -2.8191483579576015e-05, -2.2040443582227454e-05], [-2.3243417672347277e-05, -6.152046262286603e-05, -2.4139779270626605e-05, 9.198622865369543e-05, 9.912992391036823e-05, 8.016599895199761e-05], [-2.680302713997662e-05, -6.995721196290106e-05, -2.8191483579576015e-05, 9.912992391036823e-05, 0.00013782893074676394, 0.0001052576772053726], [-2.0908551960019395e-05, -5.5194330343510956e-05, -2.2040443582227454e-05, 8.016599895199761e-05, 0.0001052576772053726, 9.531877003610134e-05]]</COVARIANCE_MATRIX>
		<ROI_SIZE>3261</ROI_SIZE>
		<MAX_VALUE>[0.1298701912164688, 0.1755710393190384, 0.17097961902618408, 0.11038579046726227, 0.07823481410741806, 0.06879542022943497]</MAX_VALUE>
		<MIN_VALUE>[0.09359104931354523, 0.09982333332300186, 0.0970487967133522, 0.03476842865347862, 0.0, 0.0]</MIN_VALUE>
		<SIGNATURE_THRESHOLD_MD>0.0</SIGNATURE_THRESHOLD_MD>
		<SIGNATURE_THRESHOLD_ML>0.0</SIGNATURE_THRESHOLD_ML>
		<SIGNATURE_THRESHOLD_SAM>0.0</SIGNATURE_THRESHOLD_SAM>
	</signature>
	<signature ID="20210615_155906762755_937">
		<MACROCLASSID>1</MACROCLASSID>
		<MACROCLASSINFO>waterbody</MACROCLASSINFO>
		<CLASSID>2</CLASSID>
		<CLASSINFO>C 1</CLASSINFO>
		<VALUES>[0.0864990596363284, 0.007077874027605822, 0.07337700935416701, 0.011989564455418315, 0.05990627528123797, 0.015235976812146028, 0.04999399561751393, 0.020132268694523257, 0.018012825959701002, 0.013202018640909476, 0.011148600871845046, 0.009257544481658416]</VALUES>
		<LCS_MIN>[0.07067791372537613, 0.05198267474770546, 0.03655990958213806, 0.022165531292557716, 0.0, 0.0]</LCS_MIN>
		<LCS_MAX>[0.10886648297309875, 0.11178350448608398, 0.107130266726017, 0.09358193725347519, 0.07012075185775757, 0.06102706119418144]</LCS_MAX>
		<WAVELENGTH>[0.485, 0.56, 0.66, 0.83, 1.65, 2.215]</WAVELENGTH>
		<MEAN_VALUE>[0.0864990596363284, 0.07337700935416701, 0.05990627528123797, 0.04999399561751393, 0.018012825959701002, 0.011148600871845046]</MEAN_VALUE>
		<CHECKBOX>2</CHECKBOX>
		<SD>[0.007077874027605822, 0.011989564455418315, 0.015235976812146028, 0.020132268694523257, 0.013202018640909476, 0.009257544481658416]</SD>
		<WAVELENGTH_UNIT>E-6m</WAVELENGTH_UNIT>
		<COLOR>#5f6206</COLOR>
		<COVARIANCE_MATRIX>[[4.027511749882251e-05, 6.539408059325069e-05, 8.318787149619311e-05, 7.652617205167189e-05, 4.1243998566642404e-05, 2.6898162104771473e-05], [6.539408059325069e-05, 0.00012825202429667115, 0.00015661967336200178, 0.00014702777843922377, 8.416162745561451e-05, 5.568571577896364e-05], [8.318787149619311e-05, 0.00015661967336200178, 0.0002150313084712252, 0.0002234389539808035, 0.00012759411765728146, 8.4028193668928e-05], [7.652617205167189e-05, 0.00014702777843922377, 0.0002234389539808035, 0.00038585715810768306, 0.00021059175196569413, 0.00013441518240142614], [4.1243998566642404e-05, 8.416162745561451e-05, 0.00012759411765728146, 0.00021059175196569413, 0.00017249492520932108, 0.00011041745165130123], [2.6898162104771473e-05, 5.568571577896364e-05, 8.4028193668928e-05, 0.00013441518240142614, 0.00011041745165130123, 8.45134345581755e-05]]</COVARIANCE_MATRIX>
		<ROI_SIZE>2919</ROI_SIZE>
		<MAX_VALUE>[0.10886648297309875, 0.11178350448608398, 0.107130266726017, 0.09358193725347519, 0.07012075185775757, 0.06102706119418144]</MAX_VALUE>
		<MIN_VALUE>[0.07067791372537613, 0.05198267474770546, 0.03655990958213806, 0.022165531292557716, 0.0, 0.0]</MIN_VALUE>
		<SIGNATURE_THRESHOLD_MD>0.0</SIGNATURE_THRESHOLD_MD>
		<SIGNATURE_THRESHOLD_ML>0.0</SIGNATURE_THRESHOLD_ML>
		<SIGNATURE_THRESHOLD_SAM>0.0</SIGNATURE_THRESHOLD_SAM>
	</signature>
	<signature ID="20210615_155926128279_121">
		<MACROCLASSID>1</MACROCLASSID>
		<MACROCLASSINFO>waterbody</MACROCLASSINFO>
		<CLASSID>3</CLASSID>
		<CLASSINFO>C 1</CLASSINFO>
		<VALUES>[0.08116526527484595, 0.0023646810625519155, 0.0882116746350667, 0.007150653291937286, 0.06513132877150314, 0.005227037363874277, 0.04154066327936879, 0.010440141653852524, 0.00730676614125782, 0.007811639820810978, 0.0044328383794753606, 0.0053407157123216]</VALUES>
		<LCS_MIN>[0.07067791372537613, 0.047995954751968384, 0.03319941833615303, 0.026366496458649635, 0.0, 0.0]</LCS_MIN>
		<LCS_MAX>[0.10695705562829971, 0.12374365329742432, 0.107130266726017, 0.10198386758565903, 0.07282543927431107, 0.05714288353919983]</LCS_MAX>
		<WAVELENGTH>[0.485, 0.56, 0.66, 0.83, 1.65, 2.215]</WAVELENGTH>
		<MEAN_VALUE>[0.08116526527484595, 0.0882116746350667, 0.06513132877150314, 0.04154066327936879, 0.00730676614125782, 0.0044328383794753606]</MEAN_VALUE>
		<CHECKBOX>2</CHECKBOX>
		<SD>[0.0023646810625519155, 0.007150653291937286, 0.005227037363874277, 0.010440141653852524, 0.007811639820810978, 0.0053407157123216]</SD>
		<WAVELENGTH_UNIT>E-6m</WAVELENGTH_UNIT>
		<COLOR>#b66780</COLOR>
		<COVARIANCE_MATRIX>[[7.960296898090746e-06, 9.2241780293989e-06, 1.1277688827249222e-05, 1.1681921932904515e-05, 8.788067134446464e-06, 5.743044312112033e-06], [9.2241780293989e-06, 8.01610221969895e-05, 5.544840678339824e-05, -1.951401645783335e-05, -1.681828871369362e-05, -7.992698556336109e-06], [1.1277688827249222e-05, 5.544840678339824e-05, 5.170923759578727e-05, 6.281225068960339e-06, 1.1940477406824357e-06, 2.2644956061412813e-06], [1.1681921932904515e-05, -1.951401645783335e-05, 6.281225068960339e-06, 0.00010703083535190672, 6.81994206388481e-05, 3.95489223592449e-05], [8.788067134446464e-06, -1.681828871369362e-05, 1.1940477406824357e-06, 6.81994206388481e-05, 6.226415280252695e-05, 3.4491407859604806e-05], [5.743044312112033e-06, -7.992698556336109e-06, 2.2644956061412813e-06, 3.95489223592449e-05, 3.4491407859604806e-05, 2.8406268029357307e-05]]</COVARIANCE_MATRIX>
		<ROI_SIZE>21113</ROI_SIZE>
		<MAX_VALUE>[0.10695705562829971, 0.12374365329742432, 0.107130266726017, 0.10198386758565903, 0.07282543927431107, 0.05714288353919983]</MAX_VALUE>
		<MIN_VALUE>[0.07067791372537613, 0.047995954751968384, 0.03319941833615303, 0.026366496458649635, 0.0, 0.0]</MIN_VALUE>
		<SIGNATURE_THRESHOLD_MD>0.0</SIGNATURE_THRESHOLD_MD>
		<SIGNATURE_THRESHOLD_ML>0.0</SIGNATURE_THRESHOLD_ML>
		<SIGNATURE_THRESHOLD_SAM>0.0</SIGNATURE_THRESHOLD_SAM>
	</signature>
	<signature ID="20210615_155934111365_901">
		<MACROCLASSID>1</MACROCLASSID>
		<MACROCLASSINFO>waterbody</MACROCLASSINFO>
		<CLASSID>4</CLASSID>
		<CLASSINFO>C 1</CLASSINFO>
		<VALUES>[0.12148122855874359, 0.008421369751901102, 0.14969003566953, 0.016675669418791304, 0.14497712095741366, 0.0186052724230565, 0.06231573999660913, 0.012987833565588297, 0.028397610548456177, 0.015955810283851717, 0.019893018566988035, 0.011195214749244594]</VALUES>
		<LCS_MIN>[0.09740991145372391, 0.09982333332300186, 0.09032779186964035, 0.04317035526037216, 0.010617612861096859, 0.0027644464280456305]</LCS_MIN>
		<LCS_MAX>[0.13177962601184845, 0.16361089050769806, 0.16761913895606995, 0.09358193725347519, 0.07282543927431107, 0.0493745394051075]</LCS_MAX>
		<WAVELENGTH>[0.485, 0.56, 0.66, 0.83, 1.65, 2.215]</WAVELENGTH>
		<MEAN_VALUE>[0.12148122855874359, 0.14969003566953, 0.14497712095741366, 0.06231573999660913, 0.028397610548456177, 0.019893018566988035]</MEAN_VALUE>
		<CHECKBOX>2</CHECKBOX>
		<SD>[0.008421369751901102, 0.016675669418791304, 0.0186052724230565, 0.012987833565588297, 0.015955810283851717, 0.011195214749244594]</SD>
		<WAVELENGTH_UNIT>E-6m</WAVELENGTH_UNIT>
		<COLOR>#49851e</COLOR>
		<COVARIANCE_MATRIX>[[7.210145849967375e-05, 0.0001370474201394245, 0.00015124990022741258, -5.6233355280710384e-05, -8.282240014523268e-05, -4.4890384742757306e-05], [0.0001370474201394245, 0.0002827125717885792, 0.00030677003087475896, -0.0001231761707458645, -0.00017212769307661802, -0.00010186757572228089], [0.00015124990022741258, 0.00030677003087475896, 0.0003519254387356341, -0.000128212952404283, -0.00018256643670611084, -0.00010127998393727466], [-5.6233355280710384e-05, -0.0001231761707458645, -0.000128212952404283, 0.0001714952231850475, 0.0001849198597483337, 0.00011478269880171865], [-8.282240014523268e-05, -0.00017212769307661802, -0.00018256643670611084, 0.0001849198597483337, 0.00025883101625368, 0.00016102373774629086], [-4.4890384742757306e-05, -0.00010186757572228089, -0.00010127998393727466, 0.00011478269880171865, 0.00016102373774629086, 0.00012742170656565577]]</COVARIANCE_MATRIX>
		<ROI_SIZE>61</ROI_SIZE>
		<MAX_VALUE>[0.13177962601184845, 0.16361089050769806, 0.16761913895606995, 0.09358193725347519, 0.07282543927431107, 0.0493745394051075]</MAX_VALUE>
		<MIN_VALUE>[0.09740991145372391, 0.09982333332300186, 0.09032779186964035, 0.04317035526037216, 0.010617612861096859, 0.0027644464280456305]</MIN_VALUE>
		<SIGNATURE_THRESHOLD_MD>0.0</SIGNATURE_THRESHOLD_MD>
		<SIGNATURE_THRESHOLD_ML>0.0</SIGNATURE_THRESHOLD_ML>
		<SIGNATURE_THRESHOLD_SAM>0.0</SIGNATURE_THRESHOLD_SAM>
	</signature>
	<signature ID="20210615_155947266950_854">
		<MACROCLASSID>1</MACROCLASSID>
		<MACROCLASSINFO>waterbody</MACROCLASSINFO>
		<CLASSID>5</CLASSID>
		<CLASSINFO>C 1</CLASSINFO>
		<VALUES>[0.09631838499122117, 0.006549122497444674, 0.09787604797097683, 0.01182959746099539, 0.0855796109075631, 0.011633112018965594, 0.043002060805382845, 0.014510425676321659, 0.013100357138220284, 0.014186978600300154, 0.00814218813221966, 0.009795487743968847]</VALUES>
		<LCS_MIN>[0.0649496391415596, 0.04002250358462334, 0.03319941833615303, 0.026366496458649635, 0.0, 0.0]</LCS_MIN>
		<LCS_MAX>[0.10504762083292007, 0.11178350448608398, 0.11049074679613113, 0.10618483275175095, 0.07012075185775757, 0.06102706119418144]</LCS_MAX>
		<WAVELENGTH>[0.485, 0.56, 0.66, 0.83, 1.65, 2.215]</WAVELENGTH>
		<MEAN_VALUE>[0.09631838499122117, 0.09787604797097683, 0.0855796109075631, 0.043002060805382845, 0.013100357138220284, 0.00814218813221966]</MEAN_VALUE>
		<CHECKBOX>2</CHECKBOX>
		<SD>[0.006549122497444674, 0.01182959746099539, 0.011633112018965594, 0.014510425676321659, 0.014186978600300154, 0.009795487743968847]</SD>
		<WAVELENGTH_UNIT>E-6m</WAVELENGTH_UNIT>
		<COLOR>#0772d2</COLOR>
		<COVARIANCE_MATRIX>[[4.295719554647803e-05, 7.252636714838445e-05, 6.964009662624449e-05, -5.8698406064650044e-05, -5.883395715500228e-05, -3.623218071879819e-05], [7.252636714838445e-05, 0.00014015533088240772, 0.00012959243031218648, -0.00010978520731441677, -0.00010987962741637602, -6.853295781183988e-05], [6.964009662624449e-05, 0.00012959243031218648, 0.00013553813914768398, -8.681135659571737e-05, -8.952540520112962e-05, -5.3090752771822736e-05], [-5.8698406064650044e-05, -0.00010978520731441677, -8.681135659571737e-05, 0.00021087737695779651, 0.00018563374760560691, 0.0001231356873176992], [-5.883395715500228e-05, -0.00010987962741637602, -8.952540520112962e-05, 0.00018563374760560691, 0.0002015809586737305, 0.0001289932115469128], [-3.623218071879819e-05, -6.853295781183988e-05, -5.3090752771822736e-05, 0.0001231356873176992, 0.0001289932115469128, 9.609965491108596e-05]]</COVARIANCE_MATRIX>
		<ROI_SIZE>649</ROI_SIZE>
		<MAX_VALUE>[0.10504762083292007, 0.11178350448608398, 0.11049074679613113, 0.10618483275175095, 0.07012075185775757, 0.06102706119418144]</MAX_VALUE>
		<MIN_VALUE>[0.0649496391415596, 0.04002250358462334, 0.03319941833615303, 0.026366496458649635, 0.0, 0.0]</MIN_VALUE>
		<SIGNATURE_THRESHOLD_MD>0.0</SIGNATURE_THRESHOLD_MD>
		<SIGNATURE_THRESHOLD_ML>0.0</SIGNATURE_THRESHOLD_ML>
		<SIGNATURE_THRESHOLD_SAM>0.0</SIGNATURE_THRESHOLD_SAM>
	</signature>
	<signature ID="20210615_160001123752_121">
		<MACROCLASSID>1</MACROCLASSID>
		<MACROCLASSINFO>waterbody</MACROCLASSINFO>
		<CLASSID>6</CLASSID>
		<CLASSINFO>C 1</CLASSINFO>
		<VALUES>[0.08613774014843856, 0.003522327067918148, 0.07849665021916463, 0.009169141216874436, 0.047370718059014924, 0.011626292423694812, 0.02559871910389439, 0.008513341575239463, 0.01030409380516495, 0.010067753927683902, 0.006866874489527059, 0.00779609726948361]</VALUES>
		<LCS_MIN>[0.07449677586555481, 0.05198267474770546, 0.029838927090168, 0.009562637656927109, 0.0, 0.0]</LCS_MIN>
		<LCS_MAX>[0.09740991145372391, 0.10779678076505661, 0.10040927678346634, 0.08518000692129135, 0.07012075185775757, 0.06102706119418144]</LCS_MAX>
		<WAVELENGTH>[0.485, 0.56, 0.66, 0.83, 1.65, 2.215]</WAVELENGTH>
		<MEAN_VALUE>[0.08613774014843856, 0.07849665021916463, 0.047370718059014924, 0.02559871910389439, 0.01030409380516495, 0.006866874489527059]</MEAN_VALUE>
		<CHECKBOX>2</CHECKBOX>
		<SD>[0.003522327067918148, 0.009169141216874436, 0.011626292423694812, 0.008513341575239463, 0.010067753927683902, 0.00779609726948361]</SD>
		<WAVELENGTH_UNIT>E-6m</WAVELENGTH_UNIT>
		<COLOR>#4a3409</COLOR>
		<COVARIANCE_MATRIX>[[1.281932600250002e-05, 2.1818124878336675e-05, 5.088244961370947e-06, -4.8635802158969454e-06, -6.727636900905054e-06, -4.627685939340154e-06], [2.1818124878336675e-05, 8.14700179034844e-05, 6.543233757838607e-05, 1.6123369277920574e-05, 9.80656568572158e-06, 6.668110017926665e-06], [5.088244961370947e-06, 6.543233757838607e-05, 0.00013226295413915068, 7.204797293525189e-05, 6.953971751499921e-05, 5.0571190513437614e-05], [-4.8635802158969454e-06, 1.6123369277920574e-05, 7.204797293525189e-05, 7.590901805087924e-05, 7.203034328995273e-05, 5.300535121932626e-05], [-6.727636900905054e-06, 9.80656568572158e-06, 6.953971751499921e-05, 7.203034328995273e-05, 9.456282714381814e-05, 6.503763142973185e-05], [-4.627685939340154e-06, 6.668110017926665e-06, 5.0571190513437614e-05, 5.300535121932626e-05, 6.503763142973185e-05, 5.9471636632224545e-05]]</COVARIANCE_MATRIX>
		<ROI_SIZE>3932</ROI_SIZE>
		<MAX_VALUE>[0.09740991145372391, 0.10779678076505661, 0.10040927678346634, 0.08518000692129135, 0.07012075185775757, 0.06102706119418144]</MAX_VALUE>
		<MIN_VALUE>[0.07449677586555481, 0.05198267474770546, 0.029838927090168, 0.009562637656927109, 0.0, 0.0]</MIN_VALUE>
		<SIGNATURE_THRESHOLD_MD>0.0</SIGNATURE_THRESHOLD_MD>
		<SIGNATURE_THRESHOLD_ML>0.0</SIGNATURE_THRESHOLD_ML>
		<SIGNATURE_THRESHOLD_SAM>0.0</SIGNATURE_THRESHOLD_SAM>
	</signature>
	<signature ID="20210615_160006545833_776">
		<MACROCLASSID>1</MACROCLASSID>
		<MACROCLASSINFO>waterbody</MACROCLASSINFO>
		<CLASSID>7</CLASSID>
		<CLASSINFO>C 1</CLASSINFO>
		<VALUES>[0.09694269136822416, 0.0034387942282434626, 0.09995204643263278, 0.010131102265570777, 0.06139386910233028, 0.015546981844685089, 0.03078875340483352, 0.011019690853210688, 0.014021561704789668, 0.012855081139253792, 0.009210863859830276, 0.010298483796901571]</VALUES>
		<LCS_MIN>[0.07640620321035385, 0.06792956590652466, 0.04664139077067375, 0.017964567989110947, 0.0, 0.0]</LCS_MIN>
		<LCS_MAX>[0.10695705562829971, 0.139690563082695, 0.11721174418926239, 0.09358193725347519, 0.07553011924028397, 0.06879542022943497]</LCS_MAX>
		<WAVELENGTH>[0.485, 0.56, 0.66, 0.83, 1.65, 2.215]</WAVELENGTH>
		<MEAN_VALUE>[0.09694269136822416, 0.09995204643263278, 0.06139386910233028, 0.03078875340483352, 0.014021561704789668, 0.009210863859830276]</MEAN_VALUE>
		<CHECKBOX>2</CHECKBOX>
		<SD>[0.0034387942282434626, 0.010131102265570777, 0.015546981844685089, 0.011019690853210688, 0.012855081139253792, 0.010298483796901571]</SD>
		<WAVELENGTH_UNIT>E-6m</WAVELENGTH_UNIT>
		<COLOR>#78ec9a</COLOR>
		<COVARIANCE_MATRIX>[[1.1835360965051223e-05, 2.4288978238473646e-05, 1.8373088096268475e-05, -6.976672466407763e-06, -1.404640352120623e-05, -8.845075171848293e-06], [2.4288978238473646e-05, 0.00010272650979459286, 0.0001258870615856722, 1.5010593415354379e-05, -9.012273949338123e-06, -3.514497393553029e-06], [1.8373088096268475e-05, 0.0001258870615856722, 0.00024191418197005987, 9.929923544405028e-05, 7.843999628676102e-05, 6.150295666884631e-05], [-6.976672466407763e-06, 1.5010593415354379e-05, 9.929923544405028e-05, 0.00012153684656368569, 0.0001199476100737229, 9.389678598381579e-05], [-1.404640352120623e-05, -9.012273949338123e-06, 7.843999628676102e-05, 0.0001199476100737229, 0.00016539363423362374, 0.00011789711425080895], [-8.845075171848293e-06, -3.514497393553029e-06, 6.150295666884631e-05, 9.389678598381579e-05, 0.00011789711425080895, 0.00010614895290927961]]</COVARIANCE_MATRIX>
		<ROI_SIZE>1177</ROI_SIZE>
		<MAX_VALUE>[0.10695705562829971, 0.139690563082695, 0.11721174418926239, 0.09358193725347519, 0.07553011924028397, 0.06879542022943497]</MAX_VALUE>
		<MIN_VALUE>[0.07640620321035385, 0.06792956590652466, 0.04664139077067375, 0.017964567989110947, 0.0, 0.0]</MIN_VALUE>
		<SIGNATURE_THRESHOLD_MD>0.0</SIGNATURE_THRESHOLD_MD>
		<SIGNATURE_THRESHOLD_ML>0.0</SIGNATURE_THRESHOLD_ML>
		<SIGNATURE_THRESHOLD_SAM>0.0</SIGNATURE_THRESHOLD_SAM>
	</signature>
	<signature ID="20210615_160013093012_634">
		<MACROCLASSID>1</MACROCLASSID>
		<MACROCLASSINFO>waterbody</MACROCLASSINFO>
		<CLASSID>8</CLASSID>
		<CLASSINFO>C 1</CLASSINFO>
		<VALUES>[0.12063725839687296, 0.0035225205986160395, 0.17582336068153387, 0.008682292410005841, 0.20250019638598715, 0.010935792979719583, 0.09453911900143082, 0.009592476330493297, 0.023216665899263147, 0.017971224736374736, 0.018132823958544972, 0.015672858958982322]</VALUES>
		<LCS_MIN>[0.10886648297309875, 0.139690563082695, 0.1642586588859558, 0.08518000692129135, 0.007912925444543362, 0.0]</LCS_MIN>
		<LCS_MAX>[0.12605133652687073, 0.18354447185993195, 0.21466602385044098, 0.1397925466299057, 0.07823481410741806, 0.06491123139858246]</LCS_MAX>
		<WAVELENGTH>[0.485, 0.56, 0.66, 0.83, 1.65, 2.215]</WAVELENGTH>
		<MEAN_VALUE>[0.12063725839687296, 0.17582336068153387, 0.20250019638598715, 0.09453911900143082, 0.023216665899263147, 0.018132823958544972]</MEAN_VALUE>
		<CHECKBOX>2</CHECKBOX>
		<SD>[0.0035225205986160395, 0.008682292410005841, 0.010935792979719583, 0.009592476330493297, 0.017971224736374736, 0.015672858958982322]</SD>
		<WAVELENGTH_UNIT>E-6m</WAVELENGTH_UNIT>
		<COLOR>#5f472b</COLOR>
		<COVARIANCE_MATRIX>[[1.2567230442073196e-05, 2.353750642214436e-05, 2.912676973210182e-05, -2.49859549512621e-05, -4.539095243671909e-05, -3.840061617665924e-05], [2.353750642214436e-05, 7.634863868588582e-05, 8.710010297363624e-05, -7.711395301157609e-05, -0.0001292959786951542, -0.00010633708734530956], [2.912676973210182e-05, 8.710010297363624e-05, 0.00012112479453207925, -9.06467903405428e-05, -0.0001532031164970249, -0.00013176463835407048], [-2.49859549512621e-05, -7.711395301157609e-05, -9.06467903405428e-05, 9.319528908235952e-05, 0.0001472950098104775, 0.00012612737191375345], [-4.539095243671909e-05, -0.0001292959786951542, -0.0001532031164970249, 0.0001472950098104775, 0.0003271054883953184, 0.00026513185002841055], [-3.840061617665924e-05, -0.00010633708734530956, -0.00013176463835407048, 0.00012612737191375345, 0.00026513185002841055, 0.00024878772092051804]]</COVARIANCE_MATRIX>
		<ROI_SIZE>79</ROI_SIZE>
		<MAX_VALUE>[0.12605133652687073, 0.18354447185993195, 0.21466602385044098, 0.1397925466299057, 0.07823481410741806, 0.06491123139858246]</MAX_VALUE>
		<MIN_VALUE>[0.10886648297309875, 0.139690563082695, 0.1642586588859558, 0.08518000692129135, 0.007912925444543362, 0.0]</MIN_VALUE>
		<SIGNATURE_THRESHOLD_MD>0.0</SIGNATURE_THRESHOLD_MD>
		<SIGNATURE_THRESHOLD_ML>0.0</SIGNATURE_THRESHOLD_ML>
		<SIGNATURE_THRESHOLD_SAM>0.0</SIGNATURE_THRESHOLD_SAM>
	</signature>
	<signature ID="20210615_160019860721_701">
		<MACROCLASSID>1</MACROCLASSID>
		<MACROCLASSINFO>waterbody</MACROCLASSINFO>
		<CLASSID>9</CLASSID>
		<CLASSINFO>C 1</CLASSINFO>
		<VALUES>[0.08400328544543145, 0.003984332744100444, 0.07286348098770101, 0.0038065098934203915, 0.04734447202149857, 0.009906486408811118, 0.03125272573018116, 0.015336688036320933, 0.014273245819738623, 0.013725891955183563, 0.010098364534424548, 0.010353614019282732]</VALUES>
		<LCS_MIN>[0.07640620321035385, 0.06394283473491669, 0.03655990958213806, 0.017964567989110947, 0.0, 0.0]</LCS_MIN>
		<LCS_MAX>[0.09168162196874619, 0.08786316215991974, 0.09032779186964035, 0.09358193725347519, 0.07553011924028397, 0.05714288353919983]</LCS_MAX>
		<WAVELENGTH>[0.485, 0.56, 0.66, 0.83, 1.65, 2.215]</WAVELENGTH>
		<MEAN_VALUE>[0.08400328544543145, 0.07286348098770101, 0.04734447202149857, 0.03125272573018116, 0.014273245819738623, 0.010098364534424548]</MEAN_VALUE>
		<CHECKBOX>2</CHECKBOX>
		<SD>[0.003984332744100444, 0.0038065098934203915, 0.009906486408811118, 0.015336688036320933, 0.013725891955183563, 0.010353614019282732]</SD>
		<WAVELENGTH_UNIT>E-6m</WAVELENGTH_UNIT>
		<COLOR>#e27589</COLOR>
		<COVARIANCE_MATRIX>[[1.5931402231217362e-05, 2.5580131932656514e-06, -1.303293538512662e-05, 1.2268703812878812e-06, 7.944336175569333e-06, 4.390464710013475e-06], [2.5580131932656514e-06, 1.4541081327479333e-05, 2.231219332315959e-05, 3.797054159804247e-05, 2.9561464543803595e-05, 2.1330377421691082e-05], [-1.303293538512662e-05, 2.231219332315959e-05, 9.848771878750995e-05, 0.00012601968774106354, 8.800836076261476e-05, 6.466549530159682e-05], [1.2268703812878812e-06, 3.797054159804247e-05, 0.00012601968774106354, 0.00023605105525348336, 0.00017583077715244144, 0.00012842848082073033], [7.944336175569333e-06, 2.9561464543803595e-05, 8.800836076261476e-05, 0.00017583077715244144, 0.0001890705752884969, 0.0001342857867712155], [4.390464710013475e-06, 2.1330377421691082e-05, 6.466549530159682e-05, 0.00012842848082073033, 0.0001342857867712155, 0.00010757880954770371]]</COVARIANCE_MATRIX>
		<ROI_SIZE>282</ROI_SIZE>
		<MAX_VALUE>[0.09168162196874619, 0.08786316215991974, 0.09032779186964035, 0.09358193725347519, 0.07553011924028397, 0.05714288353919983]</MAX_VALUE>
		<MIN_VALUE>[0.07640620321035385, 0.06394283473491669, 0.03655990958213806, 0.017964567989110947, 0.0, 0.0]</MIN_VALUE>
		<SIGNATURE_THRESHOLD_MD>0.0</SIGNATURE_THRESHOLD_MD>
		<SIGNATURE_THRESHOLD_ML>0.0</SIGNATURE_THRESHOLD_ML>
		<SIGNATURE_THRESHOLD_SAM>0.0</SIGNATURE_THRESHOLD_SAM>
	</signature>
	<signature ID="20210615_160025196658_375">
		<MACROCLASSID>1</MACROCLASSID>
		<MACROCLASSINFO>waterbody</MACROCLASSINFO>
		<CLASSID>10</CLASSID>
		<CLASSINFO>C 1</CLASSINFO>
		<VALUES>[0.075340855754752, 0.0026342442959730685, 0.07114631463593676, 0.005627837800401003, 0.054775802474548906, 0.009025694552780444, 0.04675830678430748, 0.019423659241670117, 0.021610486394098186, 0.016589786003973657, 0.014443550412762955, 0.012248473999410559]</VALUES>
		<LCS_MIN>[0.06876848638057709, 0.05995612218976021, 0.03655990958213806, 0.026366496458649635, 0.002503549912944436, 0.0]</LCS_MIN>
		<LCS_MAX>[0.08404391258955002, 0.08786316215991974, 0.08696729689836502, 0.10198386758565903, 0.07823481410741806, 0.05714288353919983]</LCS_MAX>
		<WAVELENGTH>[0.485, 0.56, 0.66, 0.83, 1.65, 2.215]</WAVELENGTH>
		<MEAN_VALUE>[0.075340855754752, 0.07114631463593676, 0.054775802474548906, 0.04675830678430748, 0.021610486394098186, 0.014443550412762955]</MEAN_VALUE>
		<CHECKBOX>2</CHECKBOX>
		<SD>[0.0026342442959730685, 0.005627837800401003, 0.009025694552780444, 0.019423659241670117, 0.016589786003973657, 0.012248473999410559]</SD>
		<WAVELENGTH_UNIT>E-6m</WAVELENGTH_UNIT>
		<COLOR>#d4c1ed</COLOR>
		<COVARIANCE_MATRIX>[[6.969153673708206e-06, 7.67445544624934e-06, 1.6087946278275922e-05, 3.353891588631086e-05, 2.5206931240973063e-05, 1.7546250091982074e-05], [7.67445544624934e-06, 3.1809078791411594e-05, 3.475961057120003e-05, 4.875954982708208e-05, 2.7835401851916686e-05, 2.185560151701793e-05], [1.6087946278275922e-05, 3.475961057120003e-05, 8.181429438991472e-05, 0.00014472074690274894, 0.00010854761785594746, 7.880788325564936e-05], [3.353891588631086e-05, 4.875954982708208e-05, 0.00014472074690274894, 0.00037890474777668715, 0.0002587464405223727, 0.0001810379617381841], [2.5206931240973063e-05, 2.7835401851916686e-05, 0.00010854761785594746, 0.0002587464405223727, 0.0002764072851277888, 0.00019007225637324154], [1.7546250091982074e-05, 2.185560151701793e-05, 7.880788325564936e-05, 0.0001810379617381841, 0.00019007225637324154, 0.00015067178173922002]]</COVARIANCE_MATRIX>
		<ROI_SIZE>233</ROI_SIZE>
		<MAX_VALUE>[0.08404391258955002, 0.08786316215991974, 0.08696729689836502, 0.10198386758565903, 0.07823481410741806, 0.05714288353919983]</MAX_VALUE>
		<MIN_VALUE>[0.06876848638057709, 0.05995612218976021, 0.03655990958213806, 0.026366496458649635, 0.002503549912944436, 0.0]</MIN_VALUE>
		<SIGNATURE_THRESHOLD_MD>0.0</SIGNATURE_THRESHOLD_MD>
		<SIGNATURE_THRESHOLD_ML>0.0</SIGNATURE_THRESHOLD_ML>
		<SIGNATURE_THRESHOLD_SAM>0.0</SIGNATURE_THRESHOLD_SAM>
	</signature>
	<signature ID="20210615_160034272916_122">
		<MACROCLASSID>1</MACROCLASSID>
		<MACROCLASSINFO>waterbody</MACROCLASSINFO>
		<CLASSID>11</CLASSID>
		<CLASSINFO>C 1</CLASSINFO>
		<VALUES>[0.08417186302315326, 0.0036480327383412985, 0.07851286850792845, 0.008195681046869602, 0.05916529027841139, 0.01335621565241441, 0.03699883655404921, 0.016304656932004124, 0.022677175069381435, 0.01753501613682541, 0.01655927181397517, 0.013483997791831001]</VALUES>
		<LCS_MIN>[0.07640620321035385, 0.06394283473491669, 0.03319941833615303, 0.017964567989110947, 0.002503549912944436, 0.0027644464280456305]</LCS_MIN>
		<LCS_MAX>[0.09359104931354523, 0.09583660960197449, 0.10040927678346634, 0.09358193725347519, 0.07282543927431107, 0.07267958670854568]</LCS_MAX>
		<WAVELENGTH>[0.485, 0.56, 0.66, 0.83, 1.65, 2.215]</WAVELENGTH>
		<MEAN_VALUE>[0.08417186302315326, 0.07851286850792845, 0.05916529027841139, 0.03699883655404921, 0.022677175069381435, 0.01655927181397517]</MEAN_VALUE>
		<CHECKBOX>2</CHECKBOX>
		<SD>[0.0036480327383412985, 0.008195681046869602, 0.01335621565241441, 0.016304656932004124, 0.01753501613682541, 0.013483997791831001]</SD>
		<WAVELENGTH_UNIT>E-6m</WAVELENGTH_UNIT>
		<COLOR>#f959e1</COLOR>
		<COVARIANCE_MATRIX>[[1.3377097275224514e-05, 2.183089054597076e-05, 1.950093064806424e-05, -2.614330696815159e-06, -6.849235887784744e-06, -4.041449756186921e-06], [2.183089054597076e-05, 6.751721230102703e-05, 8.14736558822915e-05, 3.189704511896707e-05, 2.1774485503556207e-05, 1.3796504390484188e-05], [1.950093064806424e-05, 8.14736558822915e-05, 0.00017931278853211552, 0.00015954313857946545, 0.00014690007083117962, 0.00010754862887552008], [-2.614330696815159e-06, 3.189704511896707e-05, 0.00015954313857946545, 0.00026721926406025887, 0.00025784457102417946, 0.0001926953118527308], [-6.849235887784744e-06, 2.1774485503556207e-05, 0.00014690007083117962, 0.00025784457102417946, 0.0003090699319727719, 0.00021832413040101528], [-4.041449756186921e-06, 1.3796504390484188e-05, 0.00010754862887552008, 0.0001926953118527308, 0.00021832413040101528, 0.00018276025366503745]]</COVARIANCE_MATRIX>
		<ROI_SIZE>194</ROI_SIZE>
		<MAX_VALUE>[0.09359104931354523, 0.09583660960197449, 0.10040927678346634, 0.09358193725347519, 0.07282543927431107, 0.07267958670854568]</MAX_VALUE>
		<MIN_VALUE>[0.07640620321035385, 0.06394283473491669, 0.03319941833615303, 0.017964567989110947, 0.002503549912944436, 0.0027644464280456305]</MIN_VALUE>
		<SIGNATURE_THRESHOLD_MD>0.0</SIGNATURE_THRESHOLD_MD>
		<SIGNATURE_THRESHOLD_ML>0.0</SIGNATURE_THRESHOLD_ML>
		<SIGNATURE_THRESHOLD_SAM>0.0</SIGNATURE_THRESHOLD_SAM>
	</signature>
	<signature ID="20210615_160051783442_291">
		<MACROCLASSID>1</MACROCLASSID>
		<MACROCLASSINFO>waterbody</MACROCLASSINFO>
		<CLASSID>12</CLASSID>
		<CLASSINFO>C 1</CLASSINFO>
		<VALUES>[0.0898454919252104, 0.004487812888461209, 0.08306026885901964, 0.007970908204079986, 0.05531384366909117, 0.01189674190379323, 0.03407584715957255, 0.013768036526630723, 0.01218095566187323, 0.011707182014826647, 0.007812893925501432, 0.009011448113586831]</VALUES>
		<LCS_MIN>[0.0783156231045723, 0.06394283473491669, 0.03655990958213806, 0.022165531292557716, 0.0, 0.0]</LCS_MIN>
		<LCS_MAX>[0.12032303959131241, 0.13570383191108704, 0.11721174418926239, 0.09778290241956711, 0.07282543927431107, 0.06491123139858246]</LCS_MAX>
		<WAVELENGTH>[0.485, 0.56, 0.66, 0.83, 1.65, 2.215]</WAVELENGTH>
		<MEAN_VALUE>[0.0898454919252104, 0.08306026885901964, 0.05531384366909117, 0.03407584715957255, 0.01218095566187323, 0.007812893925501432]</MEAN_VALUE>
		<CHECKBOX>2</CHECKBOX>
		<SD>[0.004487812888461209, 0.007970908204079986, 0.01189674190379323, 0.013768036526630723, 0.011707182014826647, 0.009011448113586831]</SD>
		<WAVELENGTH_UNIT>E-6m</WAVELENGTH_UNIT>
		<COLOR>#4cfc8e</COLOR>
		<COVARIANCE_MATRIX>[[2.84324269159697e-05, 4.5163680624682456e-05, 4.379482925287448e-05, 1.564523518027272e-05, 8.026840077945963e-06, 6.485228823294165e-06], [4.5163680624682456e-05, 9.80403128778562e-05, 9.569953544996679e-05, 5.0616308726603165e-05, 3.3774031180655584e-05, 2.5211309548467398e-05], [4.379482925287448e-05, 9.569953544996679e-05, 0.00016642504488117993, 0.00014034865307621658, 8.380203507840633e-05, 5.934357614023611e-05], [1.564523518027272e-05, 5.0616308726603165e-05, 0.00014034865307621658, 0.0002394006005488336, 0.00015651930880267173, 0.00010745155304903165], [8.026840077945963e-06, 3.3774031180655584e-05, 8.380203507840633e-05, 0.00015651930880267173, 0.0001599430979695171, 0.00010734025272540748], [6.485228823294165e-06, 2.5211309548467398e-05, 5.934357614023611e-05, 0.00010745155304903165, 0.00010734025272540748, 8.790173887973651e-05]]</COVARIANCE_MATRIX>
		<ROI_SIZE>5224</ROI_SIZE>
		<MAX_VALUE>[0.12032303959131241, 0.13570383191108704, 0.11721174418926239, 0.09778290241956711, 0.07282543927431107, 0.06491123139858246]</MAX_VALUE>
		<MIN_VALUE>[0.0783156231045723, 0.06394283473491669, 0.03655990958213806, 0.022165531292557716, 0.0, 0.0]</MIN_VALUE>
		<SIGNATURE_THRESHOLD_MD>0.0</SIGNATURE_THRESHOLD_MD>
		<SIGNATURE_THRESHOLD_ML>0.0</SIGNATURE_THRESHOLD_ML>
		<SIGNATURE_THRESHOLD_SAM>0.0</SIGNATURE_THRESHOLD_SAM>
	</signature>
	<signature ID="20210615_160057390903_722">
		<MACROCLASSID>1</MACROCLASSID>
		<MACROCLASSINFO>waterbody</MACROCLASSINFO>
		<CLASSID>13</CLASSID>
		<CLASSINFO>C 1</CLASSINFO>
		<VALUES>[0.08495369875694027, 0.0021741547612066357, 0.09854523684172066, 0.0026835883700048924, 0.07455324879025713, 0.004639957725373888, 0.04564151392482659, 0.01481828299288017, 0.01671907087062103, 0.015630261694627164, 0.011469976739574447, 0.011966554539187678]</VALUES>
		<LCS_MIN>[0.0783156231045723, 0.08786316215991974, 0.06680435687303543, 0.03476842865347862, 0.002503549912944436, 0.0]</LCS_MIN>
		<LCS_MAX>[0.09168162196874619, 0.10779678076505661, 0.10040927678346634, 0.10198386758565903, 0.07553011924028397, 0.06879542022943497]</LCS_MAX>
		<WAVELENGTH>[0.485, 0.56, 0.66, 0.83, 1.65, 2.215]</WAVELENGTH>
		<MEAN_VALUE>[0.08495369875694027, 0.09854523684172066, 0.07455324879025713, 0.04564151392482659, 0.01671907087062103, 0.011469976739574447]</MEAN_VALUE>
		<CHECKBOX>2</CHECKBOX>
		<SD>[0.0021741547612066357, 0.0026835883700048924, 0.004639957725373888, 0.01481828299288017, 0.015630261694627164, 0.011966554539187678]</SD>
		<WAVELENGTH_UNIT>E-6m</WAVELENGTH_UNIT>
		<COLOR>#993eb7</COLOR>
		<COVARIANCE_MATRIX>[[4.740892563859234e-06, 2.231005566954991e-07, 3.1126680823945208e-06, 1.2391965356073342e-05, 1.216525834024651e-05, 9.624286576581653e-06], [2.231005566954991e-07, 7.222890417324379e-06, -6.58358203509124e-07, -1.3036943528277334e-05, -1.0913532605627552e-05, -6.355827736115316e-06], [3.1126680823945208e-06, -6.58358203509124e-07, 2.1592715711449273e-05, 5.034024070482701e-05, 5.542969665839337e-05, 4.3103511416120455e-05], [1.2391965356073342e-05, -1.3036943528277334e-05, 5.034024070482701e-05, 0.0002202292380388826, 0.00021155404101591557, 0.00015349038585554808], [1.216525834024651e-05, -1.0913532605627552e-05, 5.542969665839337e-05, 0.00021155404101591557, 0.0002450257306918502, 0.00017557095270603895], [9.624286576581653e-06, -6.355827736115316e-06, 4.3103511416120455e-05, 0.00015349038585554808, 0.00017557095270603895, 0.00014362084039021283]]</COVARIANCE_MATRIX>
		<ROI_SIZE>340</ROI_SIZE>
		<MAX_VALUE>[0.09168162196874619, 0.10779678076505661, 0.10040927678346634, 0.10198386758565903, 0.07553011924028397, 0.06879542022943497]</MAX_VALUE>
		<MIN_VALUE>[0.0783156231045723, 0.08786316215991974, 0.06680435687303543, 0.03476842865347862, 0.002503549912944436, 0.0]</MIN_VALUE>
		<SIGNATURE_THRESHOLD_MD>0.0</SIGNATURE_THRESHOLD_MD>
		<SIGNATURE_THRESHOLD_ML>0.0</SIGNATURE_THRESHOLD_ML>
		<SIGNATURE_THRESHOLD_SAM>0.0</SIGNATURE_THRESHOLD_SAM>
	</signature>
	<signature ID="20210615_160103182311_167">
		<MACROCLASSID>1</MACROCLASSID>
		<MACROCLASSINFO>waterbody</MACROCLASSINFO>
		<CLASSID>14</CLASSID>
		<CLASSINFO>C 1</CLASSINFO>
		<VALUES>[0.09623535994538347, 0.007717358058457786, 0.09377768118620698, 0.013174762881241073, 0.07920722037210673, 0.014585698606700118, 0.052484339237899365, 0.01861916458288514, 0.020964823801094965, 0.014856164334712584, 0.014688967371751606, 0.011978638586430973]</VALUES>
		<LCS_MIN>[0.07449677586555481, 0.06792956590652466, 0.05336237698793411, 0.030567463487386703, 0.005208238027989864, 0.0]</LCS_MIN>
		<LCS_MAX>[0.11459477245807648, 0.12773039937019348, 0.11385124176740646, 0.10618483275175095, 0.07282543927431107, 0.06102706119418144]</LCS_MAX>
		<WAVELENGTH>[0.485, 0.56, 0.66, 0.83, 1.65, 2.215]</WAVELENGTH>
		<MEAN_VALUE>[0.09623535994538347, 0.09377768118620698, 0.07920722037210673, 0.052484339237899365, 0.020964823801094965, 0.014688967371751606]</MEAN_VALUE>
		<CHECKBOX>2</CHECKBOX>
		<SD>[0.007717358058457786, 0.013174762881241073, 0.014585698606700118, 0.01861916458288514, 0.014856164334712584, 0.011978638586430973]</SD>
		<WAVELENGTH_UNIT>E-6m</WAVELENGTH_UNIT>
		<COLOR>#351702</COLOR>
		<COVARIANCE_MATRIX>[[5.9754176618298516e-05, 9.359495743410662e-05, 8.970937778940424e-05, 8.67264679982327e-06, 6.9608286139555275e-06, 6.32776936981827e-06], [9.359495743410662e-05, 0.00017414723697584122, 0.00017290335381403565, 5.362067531677894e-05, 3.856298644677736e-05, 3.201370782335289e-05], [8.970937778940424e-05, 0.00017290335381403565, 0.0002134447277057916, 0.00015051047375891358, 0.00010482778452569619, 8.462437108391896e-05], [8.67264679982327e-06, 5.362067531677894e-05, 0.00015051047375891358, 0.0003478174330666661, 0.0002322523796465248, 0.00017964823928195983], [6.9608286139555275e-06, 3.856298644677736e-05, 0.00010482778452569619, 0.0002322523796465248, 0.00022143402020446956, 0.0001637977547943592], [6.32776936981827e-06, 3.201370782335289e-05, 8.462437108391896e-05, 0.00017964823928195983, 0.0001637977547943592, 0.0001439613406546414]]</COVARIANCE_MATRIX>
		<ROI_SIZE>304</ROI_SIZE>
		<MAX_VALUE>[0.11459477245807648, 0.12773039937019348, 0.11385124176740646, 0.10618483275175095, 0.07282543927431107, 0.06102706119418144]</MAX_VALUE>
		<MIN_VALUE>[0.07449677586555481, 0.06792956590652466, 0.05336237698793411, 0.030567463487386703, 0.005208238027989864, 0.0]</MIN_VALUE>
		<SIGNATURE_THRESHOLD_MD>0.0</SIGNATURE_THRESHOLD_MD>
		<SIGNATURE_THRESHOLD_ML>0.0</SIGNATURE_THRESHOLD_ML>
		<SIGNATURE_THRESHOLD_SAM>0.0</SIGNATURE_THRESHOLD_SAM>
	</signature>
	<signature ID="20210615_160118743745_449">
		<MACROCLASSID>1</MACROCLASSID>
		<MACROCLASSINFO>waterbody</MACROCLASSINFO>
		<CLASSID>15</CLASSID>
		<CLASSINFO>C 1</CLASSINFO>
		<VALUES>[0.09396432354149961, 0.0021165411065057404, 0.09529705316220459, 0.003014947065565903, 0.06773290988337957, 0.005405259317788212, 0.036095048927639005, 0.009833510286927201, 0.015152541211984807, 0.01349310048031863, 0.01007460044824722, 0.011513435703334188]</VALUES>
		<LCS_MIN>[0.0878627672791481, 0.08387644588947296, 0.06008336320519447, 0.017964567989110947, 0.002503549912944436, 0.0]</LCS_MIN>
		<LCS_MAX>[0.1012287586927414, 0.10779678076505661, 0.10376975685358047, 0.09358193725347519, 0.07823481410741806, 0.06491123139858246]</LCS_MAX>
		<WAVELENGTH>[0.485, 0.56, 0.66, 0.83, 1.65, 2.215]</WAVELENGTH>
		<MEAN_VALUE>[0.09396432354149961, 0.09529705316220459, 0.06773290988337957, 0.036095048927639005, 0.015152541211984807, 0.01007460044824722]</MEAN_VALUE>
		<CHECKBOX>2</CHECKBOX>
		<SD>[0.0021165411065057404, 0.003014947065565903, 0.005405259317788212, 0.009833510286927201, 0.01349310048031863, 0.011513435703334188]</SD>
		<WAVELENGTH_UNIT>E-6m</WAVELENGTH_UNIT>
		<COLOR>#1d4828</COLOR>
		<COVARIANCE_MATRIX>[[4.488182639761362e-06, 2.3521668026660336e-06, 5.126807536726119e-06, 7.842550985515118e-06, 1.0286256838298868e-05, 7.996980457392056e-06], [2.3521668026660336e-06, 9.107024197874125e-06, 9.43352461035829e-06, 1.0652443961589597e-05, 1.565080128784757e-05, 1.2270786100998521e-05], [5.126807536726119e-06, 9.43352461035829e-06, 2.9271850507939234e-05, 4.279269705875777e-05, 5.899389725527726e-05, 4.737634299090132e-05], [7.842550985515118e-06, 1.0652443961589597e-05, 4.279269705875777e-05, 9.688003046903759e-05, 0.00012039148714393377, 9.893652168102562e-05], [1.0286256838298868e-05, 1.565080128784757e-05, 5.899389725527726e-05, 0.00012039148714393377, 0.0001824066275730729, 0.0001426476810593158], [7.996980457392056e-06, 1.2270786100998521e-05, 4.737634299090132e-05, 9.893652168102562e-05, 0.0001426476810593158, 0.0001328088401351124]]</COVARIANCE_MATRIX>
		<ROI_SIZE>532</ROI_SIZE>
		<MAX_VALUE>[0.1012287586927414, 0.10779678076505661, 0.10376975685358047, 0.09358193725347519, 0.07823481410741806, 0.06491123139858246]</MAX_VALUE>
		<MIN_VALUE>[0.0878627672791481, 0.08387644588947296, 0.06008336320519447, 0.017964567989110947, 0.002503549912944436, 0.0]</MIN_VALUE>
		<SIGNATURE_THRESHOLD_MD>0.0</SIGNATURE_THRESHOLD_MD>
		<SIGNATURE_THRESHOLD_ML>0.0</SIGNATURE_THRESHOLD_ML>
		<SIGNATURE_THRESHOLD_SAM>0.0</SIGNATURE_THRESHOLD_SAM>
	</signature>
	<signature ID="20210615_160126756657_438">
		<MACROCLASSID>1</MACROCLASSID>
		<MACROCLASSINFO>waterbody</MACROCLASSINFO>
		<CLASSID>16</CLASSID>
		<CLASSINFO>C 1</CLASSINFO>
		<VALUES>[0.07065500379602115, 0.004140651401949661, 0.050887655859192214, 0.006796035710650951, 0.038222234614193454, 0.008438766972869192, 0.03441554677983125, 0.012507035641252624, 0.01332832111387204, 0.01470990610974047, 0.010113627083289108, 0.012604162547843809]</VALUES>
		<LCS_MIN>[0.0649496391415596, 0.04002250358462334, 0.02647843398153782, 0.017964567989110947, 0.0, 0.0]</LCS_MIN>
		<LCS_MAX>[0.09550048410892487, 0.08387644588947296, 0.07688581943511963, 0.09778290241956711, 0.07553011924028397, 0.06879542022943497]</LCS_MAX>
		<WAVELENGTH>[0.485, 0.56, 0.66, 0.83, 1.65, 2.215]</WAVELENGTH>
		<MEAN_VALUE>[0.07065500379602115, 0.050887655859192214, 0.038222234614193454, 0.03441554677983125, 0.01332832111387204, 0.010113627083289108]</MEAN_VALUE>
		<CHECKBOX>2</CHECKBOX>
		<SD>[0.004140651401949661, 0.006796035710650951, 0.008438766972869192, 0.012507035641252624, 0.01470990610974047, 0.012604162547843809]</SD>
		<WAVELENGTH_UNIT>E-6m</WAVELENGTH_UNIT>
