<?xml version="1.0" ?>
<signaturelist MCID_LIST="[['1', 'waterbody', '#000000'], ['2', 'vegetation', '#000000'], ['3', 'bareland', '#000000'], ['4', 'built-up', '#000000']]">
	<signature ID="20220209_134635326387_162">
		<MACROCLASSID>1</MACROCLASSID>
		<MACROCLASSINFO>waterbody</MACROCLASSINFO>
		<CLASSID>1</CLASSID>
		<CLASSINFO>C 1</CLASSINFO>
		<VALUES>[0.12290063479626318, 0.0016532733945348445, 0.14066976916180174, 0.002371722877051021, 0.11706342286255113, 0.0030898691684326162, 0.052476332479897324, 0.003172720160490043, 0.012811863409177037, 0.0019451818084073149, 0.009382291866786028, 0.002273885243014597]</VALUES>
		<LCS_MIN>[0.11748045682907104, 0.13351137936115265, 0.1098959669470787, 0.044617053121328354, 0.004166445694863796, 0.0]</LCS_MIN>
		<LCS_MAX>[0.13087069988250732, 0.1480703055858612, 0.1314023733139038, 0.06142032891511917, 0.02147584781050682, 0.01774763874709606]</LCS_MAX>
		<WAVELENGTH>[0.485, 0.56, 0.66, 0.83, 1.65, 2.215]</WAVELENGTH>
		<MEAN_VALUE>[0.12290063479626318, 0.14066976916180174, 0.11706342286255113, 0.052476332479897324, 0.012811863409177037, 0.009382291866786028]</MEAN_VALUE>
		<CHECKBOX>2</CHECKBOX>
		<SD>[0.0016532733945348445, 0.002371722877051021, 0.0030898691684326162, 0.003172720160490043, 0.0019451818084073149, 0.002273885243014597]</SD>
		<WAVELENGTH_UNIT>E-6m</WAVELENGTH_UNIT>
		<COLOR>#918fbd</COLOR>
		<COVARIANCE_MATRIX>[[2.7361336378817214e-06, 1.0201471241089166e-06, 1.6744469348850544e-06, 5.313710857990372e-07, 3.3974706070694083e-07, 2.6345551873419026e-07], [1.0201471241089166e-06, 5.796720415673917e-06, 3.214703383491724e-06, 1.7521809922982357e-06, 4.7597373509233876e-07, 2.4375802354370535e-07], [1.6744469348850544e-06, 3.214703383491724e-06, 1.039099970512325e-05, 4.685451131081209e-06, 7.582537477901496e-07, 3.6751302445736655e-07], [5.313710857990372e-07, 1.7521809922982357e-06, 4.685451131081209e-06, 8.93880678631831e-06, 8.191466918106016e-07, 3.5352914551367576e-07], [3.3974706070694083e-07, 4.7597373509233876e-07, 7.582537477901496e-07, 8.191466918106016e-07, 3.688729975692695e-06, 3.218759729861631e-07], [2.6345551873419026e-07, 2.4375802354370535e-07, 3.6751302445736655e-07, 3.5352914551367576e-07, 3.218759729861631e-07, 5.169056294107577e-06]]</COVARIANCE_MATRIX>
		<ROI_SIZE>10201</ROI_SIZE>
		<MAX_VALUE>[0.13087069988250732, 0.1480703055858612, 0.1314023733139038, 0.06142032891511917, 0.02147584781050682, 0.01774763874709606]</MAX_VALUE>
		<MIN_VALUE>[0.11748045682907104, 0.13351137936115265, 0.1098959669470787, 0.044617053121328354, 0.004166445694863796, 0.0]</MIN_VALUE>
		<SIGNATURE_THRESHOLD_MD>0.0</SIGNATURE_THRESHOLD_MD>
		<SIGNATURE_THRESHOLD_ML>0.0</SIGNATURE_THRESHOLD_ML>
		<SIGNATURE_THRESHOLD_SAM>0.0</SIGNATURE_THRESHOLD_SAM>
	</signature>
	<signature ID="20220209_134642429123_509">
		<MACROCLASSID>1</MACROCLASSID>
		<MACROCLASSINFO>waterbody</MACROCLASSINFO>
		<CLASSID>2</CLASSID>
		<CLASSINFO>C 1</CLASSINFO>
		<VALUES>[0.1172588558412014, 0.0017801506970951937, 0.13597188483268627, 0.0024613667238277564, 0.12129588773698458, 0.0033909974214302776, 0.05490647236859151, 0.0035897748296239754, 0.009300932815282296, 0.0020563080416648714, 0.007010934563042285, 0.0022921111015369463]</VALUES>
		<LCS_MIN>[0.10944632440805435, 0.11895245313644409, 0.11258425563573837, 0.047977712005376816, 0.00200277054682374, 0.0]</LCS_MIN>
		<LCS_MAX>[0.12417558580636978, 0.1451585441827774, 0.1314023733139038, 0.08158426731824875, 0.030130548402667046, 0.01774763874709606]</LCS_MAX>
		<WAVELENGTH>[0.485, 0.56, 0.66, 0.83, 1.65, 2.215]</WAVELENGTH>
		<MEAN_VALUE>[0.1172588558412014, 0.13597188483268627, 0.12129588773698458, 0.05490647236859151, 0.009300932815282296, 0.007010934563042285]</MEAN_VALUE>
		<CHECKBOX>2</CHECKBOX>
		<SD>[0.0017801506970951937, 0.0024613667238277564, 0.0033909974214302776, 0.0035897748296239754, 0.0020563080416648714, 0.0022921111015369463]</SD>
		<WAVELENGTH_UNIT>E-6m</WAVELENGTH_UNIT>
		<COLOR>#40c6fb</COLOR>
		<COVARIANCE_MATRIX>[[2.9297577839315636e-06, 1.3401981959759723e-06, 1.5568666640319861e-06, -1.6007796830308507e-06, -3.982807470492844e-07, -2.0177664339371404e-07], [1.3401981959759723e-06, 5.228987447480904e-06, 3.0194437385944184e-06, -3.2077609830594156e-06, -9.21342348192411e-07, -4.708985557044798e-07], [1.5568666640319861e-06, 3.0194437385944184e-06, 1.0391994692326989e-05, -2.419625161564909e-06, -7.287120524779311e-07, -4.2074088923982345e-07], [-1.6007796830308507e-06, -3.2077609830594156e-06, -2.419625161564909e-06, 1.0150389243790414e-05, 1.5186521977739176e-06, 7.410638431792904e-07], [-3.982807470492844e-07, -9.21342348192411e-07, -7.287120524779311e-07, 1.5186521977739176e-06, 4.010209067928372e-06, 3.123404326288437e-07], [-2.0177664339371404e-07, -4.708985557044798e-07, -4.2074088923982345e-07, 7.410638431792904e-07, 3.123404326288437e-07, 5.225720087764785e-06]]</COVARIANCE_MATRIX>
		<ROI_SIZE>10134</ROI_SIZE>
		<MAX_VALUE>[0.12417558580636978, 0.1451585441827774, 0.1314023733139038, 0.08158426731824875, 0.030130548402667046, 0.01774763874709606]</MAX_VALUE>
		<MIN_VALUE>[0.10944632440805435, 0.11895245313644409, 0.11258425563573837, 0.047977712005376816, 0.00200277054682374, 0.0]</MIN_VALUE>
		<SIGNATURE_THRESHOLD_MD>0.0</SIGNATURE_THRESHOLD_MD>
		<SIGNATURE_THRESHOLD_ML>0.0</SIGNATURE_THRESHOLD_ML>
		<SIGNATURE_THRESHOLD_SAM>0.0</SIGNATURE_THRESHOLD_SAM>
	</signature>
	<signature ID="20220209_134645965589_199">
		<MACROCLASSID>1</MACROCLASSID>
		<MACROCLASSINFO>waterbody</MACROCLASSINFO>
		<CLASSID>3</CLASSID>
		<CLASSINFO>C 1</CLASSINFO>
		<VALUES>[0.11933387313342975, 0.0032155079399256046, 0.1399363794196376, 0.0042900937350059615, 0.12335736622053642, 0.003366738194189011, 0.05244700756953985, 0.0072929037407308585, 0.009655210682376297, 0.002446106202789372, 0.006978472841070909, 0.0023718012661531175]</VALUES>
		<LCS_MIN>[0.10810729116201401, 0.12186423689126968, 0.11527255177497864, 0.04125640168786049, 0.004166445694863796, 0.0]</LCS_MIN>
		<LCS_MAX>[0.12819267809391022, 0.1509820967912674, 0.1314023733139038, 0.08494492620229721, 0.02580319717526436, 0.01774763874709606]</LCS_MAX>
		<WAVELENGTH>[0.485, 0.56, 0.66, 0.83, 1.65, 2.215]</WAVELENGTH>
		<MEAN_VALUE>[0.11933387313342975, 0.1399363794196376, 0.12335736622053642, 0.05244700756953985, 0.009655210682376297, 0.006978472841070909]</MEAN_VALUE>
		<CHECKBOX>2</CHECKBOX>
		<SD>[0.0032155079399256046, 0.0042900937350059615, 0.003366738194189011, 0.0072929037407308585, 0.002446106202789372, 0.0023718012661531175]</SD>
		<WAVELENGTH_UNIT>E-6m</WAVELENGTH_UNIT>
		<COLOR>#ededdc</COLOR>
		<COVARIANCE_MATRIX>[[8.1779862739495e-06, 8.492615052091423e-06, 3.401466301511391e-06, -1.4086420378589537e-05, -3.0133926429698477e-06, -1.1463582723081345e-06], [8.492615052091423e-06, 1.5594283468089998e-05, 4.483722932491219e-06, -1.9739345589186996e-05, -4.378277935757069e-06, -1.7173674677906092e-06], [3.401466301511391e-06, 4.483722932491219e-06, 1.201316172227962e-05, -3.077045221289154e-06, -4.530468515895336e-07, -5.353786036721431e-08], [-1.4086420378589537e-05, -1.9739345589186996e-05, -3.077045221289154e-06, 4.0824968891683966e-05, 8.480355973006226e-06, 3.624106966526597e-06], [-3.0133926429698477e-06, -4.378277935757069e-06, -4.530468515895336e-07, 8.480355973006226e-06, 5.404097009886755e-06, 9.758668966242112e-07], [-1.1463582723081345e-06, -1.7173674677906092e-06, -5.353786036721431e-08, 3.624106966526597e-06, 9.758668966242112e-07, 5.623245215247152e-06]]</COVARIANCE_MATRIX>
		<ROI_SIZE>9945</ROI_SIZE>
		<MAX_VALUE>[0.12819267809391022, 0.1509820967912674, 0.1314023733139038, 0.08494492620229721, 0.02580319717526436, 0.01774763874709606]</MAX_VALUE>
		<MIN_VALUE>[0.10810729116201401, 0.12186423689126968, 0.11527255177497864, 0.04125640168786049, 0.004166445694863796, 0.0]</MIN_VALUE>
		<SIGNATURE_THRESHOLD_MD>0.0</SIGNATURE_THRESHOLD_MD>
		<SIGNATURE_THRESHOLD_ML>0.0</SIGNATURE_THRESHOLD_ML>
		<SIGNATURE_THRESHOLD_SAM>0.0</SIGNATURE_THRESHOLD_SAM>
	</signature>
	<signature ID="20220209_134651038072_626">
		<MACROCLASSID>1</MACROCLASSID>
		<MACROCLASSINFO>waterbody</MACROCLASSINFO>
		<CLASSID>4</CLASSID>
		<CLASSINFO>C 1</CLASSINFO>
		<VALUES>[0.11781616646635854, 0.002204005368325748, 0.13824625585283373, 0.0034314008910106032, 0.11826696441220015, 0.005329869860444944, 0.05028938435096205, 0.0024024056461730255, 0.010396331878459945, 0.0023399243631276483, 0.0076802202236215585, 0.0023757938403162543]</VALUES>
		<LCS_MIN>[0.09873412549495697, 0.10439351946115494, 0.08838953822851181, 0.04125640168786049, 0.004166445694863796, 0.0]</LCS_MIN>
		<LCS_MAX>[0.12417558580636978, 0.1509820967912674, 0.13409067690372467, 0.08158426731824875, 0.04094892367720604, 0.01774763874709606]</LCS_MAX>
		<WAVELENGTH>[0.485, 0.56, 0.66, 0.83, 1.65, 2.215]</WAVELENGTH>
		<MEAN_VALUE>[0.11781616646635854, 0.13824625585283373, 0.11826696441220015, 0.05028938435096205, 0.010396331878459945, 0.0076802202236215585]</MEAN_VALUE>
		<CHECKBOX>2</CHECKBOX>
		<SD>[0.002204005368325748, 0.0034314008910106032, 0.005329869860444944, 0.0024024056461730255, 0.0023399243631276483, 0.0023757938403162543]</SD>
		<WAVELENGTH_UNIT>E-6m</WAVELENGTH_UNIT>
		<COLOR>#eeb26a</COLOR>
		<COVARIANCE_MATRIX>[[4.6845225369906984e-06, 4.075536253367318e-06, 5.8829414228966925e-06, -2.3841303686822357e-07, -9.110366931963654e-07, -1.2205251209707058e-07], [4.075536253367318e-06, 1.0783670404634904e-05, 1.1648927284113597e-05, 2.0327242111761734e-07, -1.7061370272131171e-06, -4.046383139666432e-07], [5.8829414228966925e-06, 1.1648927284113597e-05, 2.4815059077809565e-05, 1.6945534753176617e-06, -3.052110287171672e-06, -1.075300133379642e-06], [-2.3841303686822357e-07, 2.0327242111761734e-07, 1.6945534753176617e-06, 6.237552042875905e-06, 1.2318187145865522e-06, 5.200788564252434e-07], [-9.110366931963654e-07, -1.7061370272131171e-06, -3.052110287171672e-06, 1.2318187145865522e-06, 5.302113549987553e-06, 7.028460800029279e-07], [-1.2205251209707058e-07, -4.046383139666432e-07, -1.075300133379642e-06, 5.200788564252434e-07, 7.028460800029279e-07, 5.493181561178062e-06]]</COVARIANCE_MATRIX>
		<ROI_SIZE>10145</ROI_SIZE>
		<MAX_VALUE>[0.12417558580636978, 0.1509820967912674, 0.13409067690372467, 0.08158426731824875, 0.04094892367720604, 0.01774763874709606]</MAX_VALUE>
		<MIN_VALUE>[0.09873412549495697, 0.10439351946115494, 0.08838953822851181, 0.04125640168786049, 0.004166445694863796, 0.0]</MIN_VALUE>
		<SIGNATURE_THRESHOLD_MD>0.0</SIGNATURE_THRESHOLD_MD>
		<SIGNATURE_THRESHOLD_ML>0.0</SIGNATURE_THRESHOLD_ML>
		<SIGNATURE_THRESHOLD_SAM>0.0</SIGNATURE_THRESHOLD_SAM>
	</signature>
	<signature ID="20220209_134655410304_581">
		<MACROCLASSID>1</MACROCLASSID>
		<MACROCLASSINFO>waterbody</MACROCLASSINFO>
		<CLASSID>5</CLASSID>
		<CLASSINFO>C 1</CLASSINFO>
		<VALUES>[0.09529487711561334, 0.0020832353580249032, 0.10313700956950905, 0.004378568310046805, 0.09217798859355558, 0.005090558956252939, 0.07504490219578619, 0.008907785664048661, 0.017251857329504038, 0.005286215748887057, 0.009786595530351216, 0.003342219606015941]</VALUES>
		<LCS_MIN>[0.08802191913127899, 0.0810992419719696, 0.07494804263114929, 0.06142032891511917, 0.008493795990943909, 0.002211480401456356]</LCS_MIN>
		<LCS_MAX>[0.10141216218471527, 0.11021710187196732, 0.10720764845609665, 0.10510885715484619, 0.04094892367720604, 0.023962102830410004]</LCS_MAX>
		<WAVELENGTH>[0.485, 0.56, 0.66, 0.83, 1.65, 2.215]</WAVELENGTH>
		<MEAN_VALUE>[0.09529487711561334, 0.10313700956950905, 0.09217798859355558, 0.07504490219578619, 0.017251857329504038, 0.009786595530351216]</MEAN_VALUE>
		<CHECKBOX>2</CHECKBOX>
		<SD>[0.0020832353580249032, 0.004378568310046805, 0.005090558956252939, 0.008907785664048661, 0.005286215748887057, 0.003342219606015941]</SD>
		<WAVELENGTH_UNIT>E-6m</WAVELENGTH_UNIT>
		<COLOR>#970620</COLOR>
		<COVARIANCE_MATRIX>[[4.34679122918169e-06, 5.335060450306628e-06, 7.171251127147116e-06, -5.66032304050168e-06, -4.652849838748807e-06, -2.2805343178333715e-06], [5.335060450306628e-06, 1.9202438124921173e-05, 1.601634176040534e-05, -1.9404444174142554e-05, -1.3103257515467703e-05, -6.29622036285582e-06], [7.171251127147116e-06, 1.601634176040534e-05, 2.5955119781428948e-05, -1.3701728676096536e-05, -1.4038502740731928e-05, -6.628446953982348e-06], [-5.66032304050168e-06, -1.9404444174142554e-05, -1.3701728676096536e-05, 7.947519770823419e-05, 3.324157660244964e-05, 1.627324672881514e-05], [-4.652849838748807e-06, -1.3103257515467703e-05, -1.4038502740731928e-05, 3.324157660244964e-05, 2.798864443320781e-05, 1.1589610949158669e-05], [-2.2805343178333715e-06, -6.29622036285582e-06, -6.628446953982348e-06, 1.627324672881514e-05, 1.1589610949158669e-05, 1.1188247299287468e-05]]</COVARIANCE_MATRIX>
		<ROI_SIZE>628</ROI_SIZE>
		<MAX_VALUE>[0.10141216218471527, 0.11021710187196732, 0.10720764845609665, 0.10510885715484619, 0.04094892367720604, 0.023962102830410004]</MAX_VALUE>
		<MIN_VALUE>[0.08802191913127899, 0.0810992419719696, 0.07494804263114929, 0.06142032891511917, 0.008493795990943909, 0.002211480401456356]</MIN_VALUE>
		<SIGNATURE_THRESHOLD_MD>0.0</SIGNATURE_THRESHOLD_MD>
		<SIGNATURE_THRESHOLD_ML>0.0</SIGNATURE_THRESHOLD_ML>
		<SIGNATURE_THRESHOLD_SAM>0.0</SIGNATURE_THRESHOLD_SAM>
	</signature>
	<signature ID="20220209_134700692891_966">
		<MACROCLASSID>1</MACROCLASSID>
		<MACROCLASSINFO>waterbody</MACROCLASSINFO>
		<CLASSID>6</CLASSID>
		<CLASSINFO>C 1</CLASSINFO>
		<VALUES>[0.10952866458243474, 0.002494626726470102, 0.12681007930446672, 0.003972327531499024, 0.099900631624616, 0.0041248899475918996, 0.0406567060324256, 0.00345349329428036, 0.008911154667487995, 0.002192091634505906, 0.0066040108990970195, 0.0024239556384738526]</VALUES>
		<LCS_MIN>[0.09873412549495697, 0.10730531811714172, 0.09107783436775208, 0.034535087645053864, 0.00200277054682374, 0.0]</LCS_MIN>
		<LCS_MAX>[0.11748045682907104, 0.13642318546772003, 0.11527255177497864, 0.07486295700073242, 0.03878524899482727, 0.03639103099703789]</LCS_MAX>
		<WAVELENGTH>[0.485, 0.56, 0.66, 0.83, 1.65, 2.215]</WAVELENGTH>
		<MEAN_VALUE>[0.10952866458243474, 0.12681007930446672, 0.099900631624616, 0.0406567060324256, 0.008911154667487995, 0.0066040108990970195]</MEAN_VALUE>
		<CHECKBOX>2</CHECKBOX>
		<SD>[0.002494626726470102, 0.003972327531499024, 0.0041248899475918996, 0.00345349329428036, 0.002192091634505906, 0.0024239556384738526]</SD>
		<WAVELENGTH_UNIT>E-6m</WAVELENGTH_UNIT>
		<COLOR>#29c448</COLOR>
		<COVARIANCE_MATRIX>[[6.497700269392226e-06, 7.494817509723362e-06, 2.946051608887501e-06, -3.706545612658374e-06, -1.7170623323181644e-06, -6.380619197443593e-07], [7.494817509723362e-06, 1.600817995495163e-05, 6.027114068274386e-06, -5.0871608436864335e-06, -2.8275517252041027e-06, -1.1114071867268649e-06], [2.946051608887501e-06, 6.027114068274386e-06, 1.4252542314352468e-05, 4.776433343067765e-06, -1.7238049565548863e-07, -1.6006124781142717e-07], [-3.706545612658374e-06, -5.0871608436864335e-06, 4.776433343067765e-06, 1.2742115359287709e-05, 3.3476737826276803e-06, 1.4537947663484374e-06], [-1.7170623323181644e-06, -2.8275517252041027e-06, -1.7238049565548863e-07, 3.3476737826276803e-06, 5.115598014526768e-06, 9.859243164100917e-07], [-6.380619197443593e-07, -1.1114071867268649e-06, -1.6006124781142717e-07, 1.4537947663484374e-06, 9.859243164100917e-07, 5.828289431519806e-06]]</COVARIANCE_MATRIX>
		<ROI_SIZE>8784</ROI_SIZE>
		<MAX_VALUE>[0.11748045682907104, 0.13642318546772003, 0.11527255177497864, 0.07486295700073242, 0.03878524899482727, 0.03639103099703789]</MAX_VALUE>
		<MIN_VALUE>[0.09873412549495697, 0.10730531811714172, 0.09107783436775208, 0.034535087645053864, 0.00200277054682374, 0.0]</MIN_VALUE>
		<SIGNATURE_THRESHOLD_MD>0.0</SIGNATURE_THRESHOLD_MD>
		<SIGNATURE_THRESHOLD_ML>0.0</SIGNATURE_THRESHOLD_ML>
		<SIGNATURE_THRESHOLD_SAM>0.0</SIGNATURE_THRESHOLD_SAM>
	</signature>
	<signature ID="20220209_134719850328_110">
		<MACROCLASSID>1</MACROCLASSID>
		<MACROCLASSINFO>waterbody</MACROCLASSINFO>
		<CLASSID>7</CLASSID>
		<CLASSINFO>C 1</CLASSINFO>
		<VALUES>[0.09241095102495617, 0.006647423760435822, 0.08239337098267344, 0.00971673391024795, 0.07420128480427794, 0.011711369350129982, 0.11948498959342638, 0.02031291538708602, 0.08290018244749969, 0.012924603941499559, 0.05762378561000029, 0.010776219344538195]</VALUES>
		<LCS_MIN>[0.0826658234000206, 0.06945209205150604, 0.05881822481751442, 0.07822361588478088, 0.05609465017914772, 0.03328380361199379]</LCS_MIN>
		<LCS_MAX>[0.10676825791597366, 0.10148175060749054, 0.0964544415473938, 0.14879736304283142, 0.10369549691677094, 0.07678505778312683]</LCS_MAX>
		<WAVELENGTH>[0.485, 0.56, 0.66, 0.83, 1.65, 2.215]</WAVELENGTH>
		<MEAN_VALUE>[0.09241095102495617, 0.08239337098267344, 0.07420128480427794, 0.11948498959342638, 0.08290018244749969, 0.05762378561000029]</MEAN_VALUE>
		<CHECKBOX>2</CHECKBOX>
		<SD>[0.006647423760435822, 0.00971673391024795, 0.011711369350129982, 0.02031291538708602, 0.012924603941499559, 0.010776219344538195]</SD>
		<WAVELENGTH_UNIT>E-6m</WAVELENGTH_UNIT>
		<COLOR>#a4b269</COLOR>
		<COVARIANCE_MATRIX>[[4.6787550672888756e-05, 6.60018777125515e-05, 7.715827814536169e-05, 8.989703928818926e-05, 5.727204916183837e-05, 6.090063470765017e-05], [6.60018777125515e-05, 9.996873995987698e-05, 0.00011613735114224255, 0.00012938620056957006, 9.22376275411807e-05, 9.171780402539298e-05], [7.715827814536169e-05, 0.00011613735114224255, 0.00014522418496198952, 0.00015910678484942764, 9.817903628572822e-05, 9.78631796897389e-05], [8.989703928818926e-05, 0.00012938620056957006, 0.00015910678484942764, 0.00043688598088920116, 0.00016769289504736662, 0.00011599182471400127], [5.727204916183837e-05, 9.22376275411807e-05, 9.817903628572822e-05, 0.00016769289504736662, 0.00017687158833723515, 0.00012740821694023907], [6.090063470765017e-05, 9.171780402539298e-05, 9.78631796897389e-05, 0.00011599182471400127, 0.00012740821694023907, 0.000122957892017439]]</COVARIANCE_MATRIX>
		<ROI_SIZE>18</ROI_SIZE>
		<MAX_VALUE>[0.10676825791597366, 0.10148175060749054, 0.0964544415473938, 0.14879736304283142, 0.10369549691677094, 0.07678505778312683]</MAX_VALUE>
		<MIN_VALUE>[0.0826658234000206, 0.06945209205150604, 0.05881822481751442, 0.07822361588478088, 0.05609465017914772, 0.03328380361199379]</MIN_VALUE>
		<SIGNATURE_THRESHOLD_MD>0.0</SIGNATURE_THRESHOLD_MD>
		<SIGNATURE_THRESHOLD_ML>0.0</SIGNATURE_THRESHOLD_ML>
		<SIGNATURE_THRESHOLD_SAM>0.0</SIGNATURE_THRESHOLD_SAM>
	</signature>
	<signature ID="20220209_134733149000_839">
		<MACROCLASSID>1</MACROCLASSID>
		<MACROCLASSINFO>waterbody</MACROCLASSINFO>
		<CLASSID>8</CLASSID>
		<CLASSINFO>C 1</CLASSINFO>
		<VALUES>[0.09498939208560073, 0.005516973049403695, 0.08035895897675369, 0.0074399318009855785, 0.06866014559390182, 0.009819742599953468, 0.11410857396105588, 0.02042277502756156, 0.07358741507691854, 0.0179763156349752, 0.04539673816475829, 0.014491955289118291]</VALUES>
		<LCS_MIN>[0.08802191913127899, 0.06945209205150604, 0.05344163253903389, 0.06142032891511917, 0.03878524899482727, 0.01774763874709606]</LCS_MIN>
		<LCS_MAX>[0.1161414384841919, 0.10439351946115494, 0.10183104127645493, 0.14879736304283142, 0.10369549691677094, 0.07678505778312683]</LCS_MAX>
		<WAVELENGTH>[0.485, 0.56, 0.66, 0.83, 1.65, 2.215]</WAVELENGTH>
		<MEAN_VALUE>[0.09498939208560073, 0.08035895897675369, 0.06866014559390182, 0.11410857396105588, 0.07358741507691854, 0.04539673816475829]</MEAN_VALUE>
		<CHECKBOX>2</CHECKBOX>
		<SD>[0.005516973049403695, 0.0074399318009855785, 0.009819742599953468, 0.02042277502756156, 0.0179763156349752, 0.014491955289118291]</SD>
		<WAVELENGTH_UNIT>E-6m</WAVELENGTH_UNIT>
		<COLOR>#881020</COLOR>
		<COVARIANCE_MATRIX>[[3.0961768061388284e-05, 3.932906111003831e-05, 5.2075749408686534e-05, 3.211018702131696e-05, 5.289830005494878e-05, 6.242570816539228e-05], [3.932906111003831e-05, 5.630694067804143e-05, 7.165304123191163e-05, 5.4017622460378334e-05, 8.084531145868823e-05, 9.086197678698227e-05], [5.2075749408686534e-05, 7.165304123191163e-05, 9.808988397708163e-05, 7.080509385559708e-05, 0.00010697500692913309, 0.00011938794341403991], [3.211018702131696e-05, 5.4017622460378334e-05, 7.080509385559708e-05, 0.00042428093729540706, 0.00021909507631789893, 0.00011829867435153574], [5.289830005494878e-05, 8.084531145868823e-05, 0.00010697500692913309, 0.00021909507631789893, 0.00032871944131329656, 0.00022643996635451913], [6.242570816539228e-05, 9.086197678698227e-05, 0.00011938794341403991, 0.00011829867435153574, 0.00022643996635451913, 0.00021363774430938065]]</COVARIANCE_MATRIX>
		<ROI_SIZE>59</ROI_SIZE>
		<MAX_VALUE>[0.1161414384841919, 0.10439351946115494, 0.10183104127645493, 0.14879736304283142, 0.10369549691677094, 0.07678505778312683]</MAX_VALUE>
		<MIN_VALUE>[0.08802191913127899, 0.06945209205150604, 0.05344163253903389, 0.06142032891511917, 0.03878524899482727, 0.01774763874709606]</MIN_VALUE>
		<SIGNATURE_THRESHOLD_MD>0.0</SIGNATURE_THRESHOLD_MD>
		<SIGNATURE_THRESHOLD_ML>0.0</SIGNATURE_THRESHOLD_ML>
		<SIGNATURE_THRESHOLD_SAM>0.0</SIGNATURE_THRESHOLD_SAM>
	</signature>
	<signature ID="20220209_134746798436_763">
		<MACROCLASSID>1</MACROCLASSID>
		<MACROCLASSINFO>waterbody</MACROCLASSINFO>
		<CLASSID>9</CLASSID>
		<CLASSINFO>C 1</CLASSINFO>
		<VALUES>[0.10631955169299809, 0.003069470687433569, 0.09302517906465427, 0.0040753740520645294, 0.08278414813127921, 0.005506020237434523, 0.07554223739165575, 0.016857386862319797, 0.04348088363978141, 0.013488679206598244, 0.030027816795367507, 0.010110750379204605]</VALUES>
		<LCS_MIN>[0.10007314383983612, 0.0840110257267952, 0.06957142800092697, 0.05469902977347374, 0.02580319717526436, 0.01464040856808424]</LCS_MIN>
		<LCS_MAX>[0.11881949752569199, 0.10730531811714172, 0.10451935231685638, 0.11519081145524979, 0.08422242850065231, 0.06435611099004745]</LCS_MAX>
		<WAVELENGTH>[0.485, 0.56, 0.66, 0.83, 1.65, 2.215]</WAVELENGTH>
		<MEAN_VALUE>[0.10631955169299809, 0.09302517906465427, 0.08278414813127921, 0.07554223739165575, 0.04348088363978141, 0.030027816795367507]</MEAN_VALUE>
		<CHECKBOX>2</CHECKBOX>
		<SD>[0.003069470687433569, 0.0040753740520645294, 0.005506020237434523, 0.016857386862319797, 0.013488679206598244, 0.010110750379204605]</SD>
		<WAVELENGTH_UNIT>E-6m</WAVELENGTH_UNIT>
		<COLOR>#eda499</COLOR>
		<COVARIANCE_MATRIX>[[9.472033525526058e-06, 9.29976704355795e-06, 1.3621848665934522e-05, 1.6188774679903872e-05, 2.2569187422050163e-05, 2.104768282151781e-05], [9.29976704355795e-06, 1.669748962740414e-05, 1.8775384887703694e-05, 2.4456530809402466e-05, 2.9847793484805152e-05, 2.655548814800568e-05], [1.3621848665934522e-05, 1.8775384887703694e-05, 3.0478377084364183e-05, 3.155942613375373e-05, 4.45024597865995e-05, 4.0346902096644044e-05], [1.6188774679903872e-05, 2.4456530809402466e-05, 3.155942613375373e-05, 0.00028569111600518227, 0.0001890373241622001, 0.00011636331328190863], [2.2569187422050163e-05, 2.9847793484805152e-05, 4.45024597865995e-05, 0.0001890373241622001, 0.00018291742890141904, 0.00012268766295164824], [2.104768282151781e-05, 2.655548814800568e-05, 4.0346902096644044e-05, 0.00011636331328190863, 0.00012268766295164824, 0.00010277394176227972]]</COVARIANCE_MATRIX>
		<ROI_SIZE>188</ROI_SIZE>
		<MAX_VALUE>[0.11881949752569199, 0.10730531811714172, 0.10451935231685638, 0.11519081145524979, 0.08422242850065231, 0.06435611099004745]</MAX_VALUE>
		<MIN_VALUE>[0.10007314383983612, 0.0840110257267952, 0.06957142800092697, 0.05469902977347374, 0.02580319717526436, 0.01464040856808424]</MIN_VALUE>
		<SIGNATURE_THRESHOLD_MD>0.0</SIGNATURE_THRESHOLD_MD>
		<SIGNATURE_THRESHOLD_ML>0.0</SIGNATURE_THRESHOLD_ML>
		<SIGNATURE_THRESHOLD_SAM>0.0</SIGNATURE_THRESHOLD_SAM>
	</signature>
	<signature ID="20220209_134756807513_463">
		<MACROCLASSID>1</MACROCLASSID>
		<MACROCLASSINFO>waterbody</MACROCLASSINFO>
		<CLASSID>10</CLASSID>
		<CLASSINFO>C 1</CLASSINFO>
		<VALUES>[0.10722948718402124, 0.0029074683695089745, 0.09546405706140734, 0.0038039393357716463, 0.086418119404051, 0.004755244961572753, 0.0747882739951213, 0.011302307642360478, 0.044939701362616505, 0.011003877229404138, 0.03283497718059355, 0.009544156352314545]</VALUES>
		<LCS_MIN>[0.10275118798017502, 0.08692281693220139, 0.07763634622097015, 0.05133836343884468, 0.027966871857643127, 0.01774763874709606]</LCS_MIN>
		<LCS_MAX>[0.11881949752569199, 0.10730531811714172, 0.10451935231685638, 0.09838753938674927, 0.07556772977113724, 0.05814165994524956]</LCS_MAX>
		<WAVELENGTH>[0.485, 0.56, 0.66, 0.83, 1.65, 2.215]</WAVELENGTH>
		<MEAN_VALUE>[0.10722948718402124, 0.09546405706140734, 0.086418119404051, 0.0747882739951213, 0.044939701362616505, 0.03283497718059355]</MEAN_VALUE>
		<CHECKBOX>2</CHECKBOX>
		<SD>[0.0029074683695089745, 0.0038039393357716463, 0.004755244961572753, 0.011302307642360478, 0.011003877229404138, 0.009544156352314545]</SD>
		<WAVELENGTH_UNIT>E-6m</WAVELENGTH_UNIT>
		<COLOR>#82411e</COLOR>
		<COVARIANCE_MATRIX>[[8.548354344384279e-06, 8.80841525940923e-06, 1.1192773854418192e-05, 1.823707134462893e-05, 1.8061102309729904e-05, 1.816093390516471e-05], [8.80841525940923e-06, 1.4632538295700215e-05, 1.4740799997525755e-05, 1.955634797923267e-05, 2.2373817046172917e-05, 2.08535111596575e-05], [1.1192773854418192e-05, 1.4740799997525755e-05, 2.2866426661494188e-05, 3.142094283248298e-05, 3.494758493616246e-05, 3.345649383845739e-05], [1.823707134462893e-05, 1.955634797923267e-05, 3.142094283248298e-05, 0.00012917746789753437, 9.711677557788789e-05, 7.775564154144377e-05], [1.8061102309729904e-05, 2.2373817046172917e-05, 3.494758493616246e-05, 9.711677557788789e-05, 0.000122445824672468, 9.517845319351181e-05], [1.816093390516471e-05, 2.08535111596575e-05, 3.345649383845739e-05, 7.775564154144377e-05, 9.517845319351181e-05, 9.211441647494212e-05]]</COVARIANCE_MATRIX>
		<ROI_SIZE>90</ROI_SIZE>
		<MAX_VALUE>[0.11881949752569199, 0.10730531811714172, 0.10451935231685638, 0.09838753938674927, 0.07556772977113724, 0.05814165994524956]</MAX_VALUE>
		<MIN_VALUE>[0.10275118798017502, 0.08692281693220139, 0.07763634622097015, 0.05133836343884468, 0.027966871857643127, 0.01774763874709606]</MIN_VALUE>
		<SIGNATURE_THRESHOLD_MD>0.0</SIGNATURE_THRESHOLD_MD>
		<SIGNATURE_THRESHOLD_ML>0.0</SIGNATURE_THRESHOLD_ML>
		<SIGNATURE_THRESHOLD_SAM>0.0</SIGNATURE_THRESHOLD_SAM>
	</signature>
	<signature ID="20220209_134801547006_507">
		<MACROCLASSID>1</MACROCLASSID>
		<MACROCLASSINFO>waterbody</MACROCLASSINFO>
		<CLASSID>11</CLASSID>
		<CLASSINFO>C 1</CLASSINFO>
		<VALUES>[0.1066534943523861, 0.002991947762721587, 0.09557498175473442, 0.00388495269125252, 0.08626450243450351, 0.0053598721814745835, 0.07511900514364242, 0.013432177093514203, 0.04459626096345131, 0.012848503256352442, 0.03189294357739743, 0.010129867043518865]</VALUES>
		<LCS_MIN>[0.10141216218471527, 0.08692281693220139, 0.07763634622097015, 0.05133836343884468, 0.02363952435553074, 0.01774763874709606]</LCS_MIN>
		<LCS_MAX>[0.11748045682907104, 0.11021710187196732, 0.10451935231685638, 0.10510885715484619, 0.0777314081788063, 0.06124888360500336]</LCS_MAX>
		<WAVELENGTH>[0.485, 0.56, 0.66, 0.83, 1.65, 2.215]</WAVELENGTH>
		<MEAN_VALUE>[0.1066534943523861, 0.09557498175473442, 0.08626450243450351, 0.07511900514364242, 0.04459626096345131, 0.03189294357739743]</MEAN_VALUE>
		<CHECKBOX>2</CHECKBOX>
		<SD>[0.002991947762721587, 0.00388495269125252, 0.0053598721814745835, 0.013432177093514203, 0.012848503256352442, 0.010129867043518865]</SD>
		<WAVELENGTH_UNIT>E-6m</WAVELENGTH_UNIT>
		<COLOR>#3fb8bd</COLOR>
		<COVARIANCE_MATRIX>[[9.037826202984434e-06, 8.950442861532792e-06, 1.3183401279093232e-05, 2.1923879103269428e-05, 2.21517348109046e-05, 1.8841832570615225e-05], [8.950442861532792e-06, 1.5237980733218137e-05, 1.7810281860874966e-05, 3.069529338972643e-05, 3.301869583083317e-05, 2.728692561504431e-05], [1.3183401279093232e-05, 1.7810281860874966e-05, 2.90044627035968e-05, 4.415794319356792e-05, 4.8933023208519444e-05, 4.1271716327173635e-05], [2.1923879103269428e-05, 3.069529338972643e-05, 4.415794319356792e-05, 0.0001821582263801247, 0.00014679173182230443, 9.444099123356864e-05], [2.21517348109046e-05, 3.301869583083317e-05, 4.8933023208519444e-05, 0.00014679173182230443, 0.00016667137970216572, 0.000116181188786868], [1.8841832570615225e-05, 2.728692561504431e-05, 4.1271716327173635e-05, 9.444099123356864e-05, 0.000116181188786868, 0.00010360088344896212]]</COVARIANCE_MATRIX>
		<ROI_SIZE>105</ROI_SIZE>
		<MAX_VALUE>[0.11748045682907104, 0.11021710187196732, 0.10451935231685638, 0.10510885715484619, 0.0777314081788063, 0.06124888360500336]</MAX_VALUE>
		<MIN_VALUE>[0.10141216218471527, 0.08692281693220139, 0.07763634622097015, 0.05133836343884468, 0.02363952435553074, 0.01774763874709606]</MIN_VALUE>
		<SIGNATURE_THRESHOLD_MD>0.0</SIGNATURE_THRESHOLD_MD>
		<SIGNATURE_THRESHOLD_ML>0.0</SIGNATURE_THRESHOLD_ML>
		<SIGNATURE_THRESHOLD_SAM>0.0</SIGNATURE_THRESHOLD_SAM>
	</signature>
	<signature ID="20220209_134808319549_678">
		<MACROCLASSID>1</MACROCLASSID>
		<MACROCLASSINFO>waterbody</MACROCLASSINFO>
		<CLASSID>12</CLASSID>
		<CLASSINFO>C 1</CLASSINFO>
		<VALUES>[0.10302823396592306, 0.001969820795133536, 0.09083866970292455, 0.002988672977952309, 0.08004653839201764, 0.0029402114210550227, 0.07474707156933588, 0.012681827311405965, 0.04176962696786584, 0.006709047891145303, 0.026855043424614547, 0.00461101185555695]</VALUES>
		<LCS_MIN>[0.09873412549495697, 0.0840110257267952, 0.07225973159074783, 0.05133836343884468, 0.027966871857643127, 0.01774763874709606]</LCS_MIN>
		<LCS_MAX>[0.10676825791597366, 0.09565817564725876, 0.08301293849945068, 0.09838753938674927, 0.05609465017914772, 0.03949826583266258]</LCS_MAX>
		<WAVELENGTH>[0.485, 0.56, 0.66, 0.83, 1.65, 2.215]</WAVELENGTH>
		<MEAN_VALUE>[0.10302823396592306, 0.09083866970292455, 0.08004653839201764, 0.07474707156933588, 0.04176962696786584, 0.026855043424614547]</MEAN_VALUE>
		<CHECKBOX>2</CHECKBOX>
		<SD>[0.001969820795133536, 0.002988672977952309, 0.0029402114210550227, 0.012681827311405965, 0.006709047891145303, 0.00461101185555695]</SD>
		<WAVELENGTH_UNIT>E-6m</WAVELENGTH_UNIT>
		<COLOR>#71e56b</COLOR>
		<COVARIANCE_MATRIX>[[4.018772415292915e-06, 2.496872184565291e-06, 4.0651757444720715e-06, -1.0413191375846509e-05, -3.4431079711794155e-06, 9.530718898531632e-07], [2.496872184565291e-06, 9.25117183214752e-06, 4.482641543290811e-06, -4.4227745092939585e-06, -4.034659752960579e-07, 1.838486923588789e-06], [4.0651757444720715e-06, 4.482641543290811e-06, 8.953587894211523e-06, -2.2296821043710224e-05, -6.618889528908767e-06, -1.851688693932374e-06], [-1.0413191375846509e-05, -4.4227745092939585e-06, -2.2296821043710224e-05, 0.00016657263040542603, 4.632361378753558e-05, 2.6453060854692012e-05], [-3.4431079711794155e-06, -4.034659752960579e-07, -6.618889528908767e-06, 4.632361378753558e-05, 4.661887214751914e-05, 2.2512251234729774e-05], [9.530718898531632e-07, 1.838486923588789e-06, -1.851688693932374e-06, 2.6453060854692012e-05, 2.2512251234729774e-05, 2.2020767573849298e-05]]</COVARIANCE_MATRIX>
		<ROI_SIZE>29</ROI_SIZE>
		<MAX_VALUE>[0.10676825791597366, 0.09565817564725876, 0.08301293849945068, 0.09838753938674927, 0.05609465017914772, 0.03949826583266258]</MAX_VALUE>
		<MIN_VALUE>[0.09873412549495697, 0.0840110257267952, 0.07225973159074783, 0.05133836343884468, 0.027966871857643127, 0.01774763874709606]</MIN_VALUE>
		<SIGNATURE_THRESHOLD_MD>0.0</SIGNATURE_THRESHOLD_MD>
		<SIGNATURE_THRESHOLD_ML>0.0</SIGNATURE_THRESHOLD_ML>
		<SIGNATURE_THRESHOLD_SAM>0.0</SIGNATURE_THRESHOLD_SAM>
	</signature>
	<signature ID="20220209_134836541771_358">
		<MACROCLASSID>1</MACROCLASSID>
		<MACROCLASSINFO>waterbody</MACROCLASSINFO>
		<CLASSID>13</CLASSID>
		<CLASSINFO>C 1</CLASSINFO>
		<VALUES>[0.10329970852079158, 0.0022677983378680323, 0.09036083169371248, 0.003168642623436642, 0.07935296537646326, 0.003905276572530818, 0.0726765051753406, 0.01091078630811847, 0.03954123039112751, 0.008386160914847762, 0.025085199388664166, 0.006481604162910777]</VALUES>
		<LCS_MIN>[0.09873412549495697, 0.0840110257267952, 0.07225973159074783, 0.05133836343884468, 0.02147584781050682, 0.011533177457749844]</LCS_MIN>
		<LCS_MAX>[0.10944632440805435, 0.09856995940208435, 0.09107783436775208, 0.09838753938674927, 0.06691303104162216, 0.04260549694299698]</LCS_MAX>
		<WAVELENGTH>[0.485, 0.56, 0.66, 0.83, 1.65, 2.215]</WAVELENGTH>
		<MEAN_VALUE>[0.10329970852079158, 0.09036083169371248, 0.07935296537646326, 0.0726765051753406, 0.03954123039112751, 0.025085199388664166]</MEAN_VALUE>
		<CHECKBOX>2</CHECKBOX>
		<SD>[0.0022677983378680323, 0.003168642623436642, 0.003905276572530818, 0.01091078630811847, 0.008386160914847762, 0.006481604162910777]</SD>
		<WAVELENGTH_UNIT>E-6m</WAVELENGTH_UNIT>
		<COLOR>#757f84</COLOR>
		<COVARIANCE_MATRIX>[[5.205627530813217e-06, 3.8445309655799065e-06, 5.675633019563975e-06, 8.238325790443923e-06, 8.801902367849834e-06, 5.5667019296379294e-06], [3.8445309655799065e-06, 1.0162738362851087e-05, 9.299909834226128e-06, 1.2024123861920089e-05, 1.5347728549386375e-05, 1.0214768735750113e-05], [5.675633019563975e-06, 9.299909834226128e-06, 1.543717553431634e-05, 1.2943704859935679e-05, 1.8618949980009347e-05, 1.2004459676973056e-05], [8.238325790443923e-06, 1.2024123861920089e-05, 1.2943704859935679e-05, 0.00012049703218508512, 6.667200068477541e-05, 4.8839330702321604e-05], [8.801902367849834e-06, 1.5347728549386375e-05, 1.8618949980009347e-05, 6.667200068477541e-05, 7.118534995242953e-05, 4.595593782141805e-05], [5.5667019296379294e-06, 1.0214768735750113e-05, 1.2004459676973056e-05, 4.8839330702321604e-05, 4.595593782141805e-05, 4.252352300682105e-05]]</COVARIANCE_MATRIX>
		<ROI_SIZE>83</ROI_SIZE>
		<MAX_VALUE>[0.10944632440805435, 0.09856995940208435, 0.09107783436775208, 0.09838753938674927, 0.06691303104162216, 0.04260549694299698]</MAX_VALUE>
		<MIN_VALUE>[0.09873412549495697, 0.0840110257267952, 0.07225973159074783, 0.05133836343884468, 0.02147584781050682, 0.011533177457749844]</MIN_VALUE>
		<SIGNATURE_THRESHOLD_MD>0.0</SIGNATURE_THRESHOLD_MD>
		<SIGNATURE_THRESHOLD_ML>0.0</SIGNATURE_THRESHOLD_ML>
		<SIGNATURE_THRESHOLD_SAM>0.0</SIGNATURE_THRESHOLD_SAM>
	</signature>
	<signature ID="20220209_134842747087_519">
		<MACROCLASSID>1</MACROCLASSID>
		<MACROCLASSINFO>waterbody</MACROCLASSINFO>
		<CLASSID>14</CLASSID>
		<CLASSINFO>C 1</CLASSINFO>
		<VALUES>[0.10524600712876571, 0.004101280425411781, 0.09265443855210354, 0.00635771885519045, 0.08340910963321993, 0.008022043072805502, 0.09396562835103583, 0.013828537780275242, 0.06666249507351928, 0.014758016297007438, 0.0444698349621735, 0.010373345355525887]</VALUES>
		<LCS_MIN>[0.09739509224891663, 0.07818745821714401, 0.06419483572244644, 0.0681416466832161, 0.03878524899482727, 0.020854869857430458]</LCS_MIN>
		<LCS_MAX>[0.11748045682907104, 0.10730531811714172, 0.10720764845609665, 0.12191213667392731, 0.09504081308841705, 0.07367781549692154]</LCS_MAX>
		<WAVELENGTH>[0.485, 0.56, 0.66, 0.83, 1.65, 2.215]</WAVELENGTH>
		<MEAN_VALUE>[0.10524600712876571, 0.09265443855210354, 0.08340910963321993, 0.09396562835103583, 0.06666249507351928, 0.0444698349621735]</MEAN_VALUE>
		<CHECKBOX>2</CHECKBOX>
		<SD>[0.004101280425411781, 0.00635771885519045, 0.008022043072805502, 0.013828537780275242, 0.014758016297007438, 0.010373345355525887]</SD>
		<WAVELENGTH_UNIT>E-6m</WAVELENGTH_UNIT>
		<COLOR>#059694</COLOR>
		<COVARIANCE_MATRIX>[[1.699944186839275e-05, 2.3127819076762535e-05, 2.894755562010687e-05, 1.718113162496593e-05, 2.0295745343901217e-05, 2.1458381525008008e-05], [2.3127819076762535e-05, 4.085059481440112e-05, 4.542114038486034e-05, 1.8535463823354803e-05, 2.0016563212266192e-05, 2.924103864643257e-05], [2.894755562010687e-05, 4.542114038486034e-05, 6.503778422484174e-05, 3.963827111874707e-05, 4.063093729200773e-05, 4.475167952477932e-05], [1.718113162496593e-05, 1.8535463823354803e-05, 3.963827111874707e-05, 0.00019326280744280666, 0.00017424409452360123, 9.586953092366457e-05], [2.0295745343901217e-05, 2.0016563212266192e-05, 4.063093729200773e-05, 0.00017424409452360123, 0.00022011605324223638, 0.00012205896200612187], [2.1458381525008008e-05, 2.924103864643257e-05, 4.475167952477932e-05, 9.586953092366457e-05, 0.00012205896200612187, 0.0001087510390789248]]</COVARIANCE_MATRIX>
		<ROI_SIZE>95</ROI_SIZE>
		<MAX_VALUE>[0.11748045682907104, 0.10730531811714172, 0.10720764845609665, 0.12191213667392731, 0.09504081308841705, 0.07367781549692154]</MAX_VALUE>
		<MIN_VALUE>[0.09739509224891663, 0.07818745821714401, 0.06419483572244644, 0.0681416466832161, 0.03878524899482727, 0.020854869857430458]</MIN_VALUE>
		<SIGNATURE_THRESHOLD_MD>0.0</SIGNATURE_THRESHOLD_MD>
		<SIGNATURE_THRESHOLD_ML>0.0</SIGNATURE_THRESHOLD_ML>
		<SIGNATURE_THRESHOLD_SAM>0.0</SIGNATURE_THRESHOLD_SAM>
	</signature>
	<signature ID="20220209_134912553025_309">
		<MACROCLASSID>1</MACROCLASSID>
		<MACROCLASSINFO>waterbody</MACROCLASSINFO>
		<CLASSID>15</CLASSID>
		<CLASSINFO>C 1</CLASSINFO>
		<VALUES>[0.105875584607323, 0.0026807043394642153, 0.09520754235840978, 0.0039038308974217594, 0.0885175532173543, 0.0048712762617732185, 0.11451068697940738, 0.01776612297268648, 0.09339229057409937, 0.01972789978115588, 0.06409718420001725, 0.01385627383894705]</VALUES>
		<LCS_MIN>[0.09873412549495697, 0.0840110257267952, 0.07763634622097015, 0.08158426731824875, 0.05825832858681679, 0.03328380361199379]</LCS_MIN>
		<LCS_MAX>[0.113463394343853, 0.10439351946115494, 0.10183104127645493, 0.14543671905994415, 0.13182328641414642, 0.0954284518957138]</LCS_MAX>
		<WAVELENGTH>[0.485, 0.56, 0.66, 0.83, 1.65, 2.215]</WAVELENGTH>
		<MEAN_VALUE>[0.105875584607323, 0.09520754235840978, 0.0885175532173543, 0.11451068697940738, 0.09339229057409937, 0.06409718420001725]</MEAN_VALUE>
		<CHECKBOX>2</CHECKBOX>
		<SD>[0.0026807043394642153, 0.0039038308974217594, 0.0048712762617732185, 0.01776612297268648, 0.01972789978115588, 0.01385627383894705]</SD>
		<WAVELENGTH_UNIT>E-6m</WAVELENGTH_UNIT>
		<COLOR>#69b697</COLOR>
		<COVARIANCE_MATRIX>[[7.272756192833185e-06, 7.860536243242677e-06, 9.657024747866672e-06, -9.939902838596026e-07, 1.08674394141417e-05, 1.2398420039971825e-05], [7.860536243242677e-06, 1.54235094669275e-05, 1.6185436834348366e-05, 1.7138660041382536e-05, 3.1432093237526715e-05, 2.778773159661796e-05], [9.657024747866672e-06, 1.6185436834348366e-05, 2.401522760919761e-05, 2.8388811188051477e-05, 5.3404015488922596e-05, 4.5221197069622576e-05], [-9.939902838596026e-07, 1.7138660041382536e-05, 2.8388811188051477e-05, 0.00031943796784617007, 0.0002943631261587143, 0.00016740239516366273], [1.08674394141417e-05, 3.1432093237526715e-05, 5.3404015488922596e-05, 0.0002943631261587143, 0.00039387907600030303, 0.0002492925268597901], [1.2398420039971825e-05, 2.778773159661796e-05, 4.5221197069622576e-05, 0.00016740239516366273, 0.0002492925268597901, 0.0001943095267051831]]</COVARIANCE_MATRIX>
		<ROI_SIZE>84</ROI_SIZE>
		<MAX_VALUE>[0.113463394343853, 0.10439351946115494, 0.10183104127645493, 0.14543671905994415, 0.13182328641414642, 0.0954284518957138]</MAX_VALUE>
		<MIN_VALUE>[0.09873412549495697, 0.0840110257267952, 0.07763634622097015, 0.08158426731824875, 0.05825832858681679, 0.03328380361199379]</MIN_VALUE>
		<SIGNATURE_THRESHOLD_MD>0.0</SIGNATURE_THRESHOLD_MD>
		<SIGNATURE_THRESHOLD_ML>0.0</SIGNATURE_THRESHOLD_ML>
		<SIGNATURE_THRESHOLD_SAM>0.0</SIGNATURE_THRESHOLD_SAM>
	</signature>
	<signature ID="20220209_134921130106_639">
		<MACROCLASSID>1</MACROCLASSID>
		<MACROCLASSINFO>waterbody</MACROCLASSINFO>
		<CLASSID>16</CLASSID>
		<CLASSINFO>C 1</CLASSINFO>
		<VALUES>[0.10315209934989844, 0.0037316880451335934, 0.09000896216331129, 0.0051153341474304585, 0.08013146834637594, 0.006865322482044633, 0.09939372682285884, 0.02100987764728375, 0.060227658309622456, 0.01638735022518307, 0.03696782329861455, 0.012552154022746191]</VALUES>
		<LCS_MIN>[0.09605607390403748, 0.07818745821714401, 0.06957142800092697, 0.06142032891511917, 0.032294224947690964, 0.01464040856808424]</LCS_MIN>
