<?xml version="1.0" ?>
<signaturelist MCID_LIST="[['1', 'waterbody', '#0000ff'], ['2', 'vegetation', '#00ff00'], ['3', 'bareland', '#ffaa00'], ['4', 'built-up', '#ff0000']]">
	<signature ID="20220107_142101330668_698">
		<MACROCLASSID>1</MACROCLASSID>
		<MACROCLASSINFO>waterbody</MACROCLASSINFO>
		<CLASSID>1</CLASSID>
		<CLASSINFO>C 1</CLASSINFO>
		<VALUES>[0.10634682176122633, 0.0026161637538594357, 0.09338443174186455, 0.0036432599056681393, 0.08293796651273135, 0.004795801289765997, 0.07261359314638302, 0.014015441099704144, 0.041543718479365964, 0.012025939249714101, 0.029037661568458335, 0.009496016697228871]</VALUES>
		<LCS_MIN>[0.10007314383983612, 0.0840110257267952, 0.06957142800092697, 0.047977712005376816, 0.02580319717526436, 0.01464040856808424]</LCS_MIN>
		<LCS_MAX>[0.11881949752569199, 0.10730531811714172, 0.10451935231685638, 0.10510885715484619, 0.08205875009298325, 0.06746335327625275]</LCS_MAX>
		<WAVELENGTH>[0.485, 0.56, 0.66, 0.83, 1.65, 2.215]</WAVELENGTH>
		<MEAN_VALUE>[0.10634682176122633, 0.09338443174186455, 0.08293796651273135, 0.07261359314638302, 0.041543718479365964, 0.029037661568458335]</MEAN_VALUE>
		<CHECKBOX>2</CHECKBOX>
		<SD>[0.0026161637538594357, 0.0036432599056681393, 0.004795801289765997, 0.014015441099704144, 0.012025939249714101, 0.009496016697228871]</SD>
		<WAVELENGTH_UNIT>E-6m</WAVELENGTH_UNIT>
		<COLOR>#247dc2</COLOR>
		<COVARIANCE_MATRIX>[[6.871690038155942e-06, 6.274359984412661e-06, 9.068315574806352e-06, 1.38082171085651e-05, 1.8191220642661303e-05, 1.637708283235633e-05], [6.274359984412661e-06, 1.3326436111210017e-05, 1.3918803482481105e-05, 2.1285933290384937e-05, 2.4113992056593203e-05, 2.1104753143141412e-05], [9.068315574806352e-06, 1.3918803482481105e-05, 2.3091708850964877e-05, 2.5380111150575513e-05, 3.587507789140994e-05, 3.145584899188538e-05], [1.38082171085651e-05, 2.1285933290384937e-05, 2.5380111150575513e-05, 0.00019721831957615323, 0.0001308899292568865, 8.810918635228426e-05], [1.8191220642661303e-05, 2.4113992056593203e-05, 3.587507789140994e-05, 0.0001308899292568865, 0.00014520170769716557, 0.00010244007671840206], [1.637708283235633e-05, 2.1104753143141412e-05, 3.145584899188538e-05, 8.810918635228426e-05, 0.00010244007671840206, 9.053503044650574e-05]]</COVARIANCE_MATRIX>
		<ROI_SIZE>251</ROI_SIZE>
		<MAX_VALUE>[0.11881949752569199, 0.10730531811714172, 0.10451935231685638, 0.10510885715484619, 0.08205875009298325, 0.06746335327625275]</MAX_VALUE>
		<MIN_VALUE>[0.10007314383983612, 0.0840110257267952, 0.06957142800092697, 0.047977712005376816, 0.02580319717526436, 0.01464040856808424]</MIN_VALUE>
		<SIGNATURE_THRESHOLD_MD>0</SIGNATURE_THRESHOLD_MD>
		<SIGNATURE_THRESHOLD_ML>0</SIGNATURE_THRESHOLD_ML>
		<SIGNATURE_THRESHOLD_SAM>0</SIGNATURE_THRESHOLD_SAM>
	</signature>
	<signature ID="20220107_142113043956_724">
		<MACROCLASSID>1</MACROCLASSID>
		<MACROCLASSINFO>waterbody</MACROCLASSINFO>
		<CLASSID>2</CLASSID>
		<CLASSINFO>C 1</CLASSINFO>
		<VALUES>[0.10644660244940382, 0.0031469336360285495, 0.09518643410345697, 0.003979256881888391, 0.08592651609601917, 0.005773959694767672, 0.08045778956326692, 0.017550576090775198, 0.04828607849776748, 0.014877095891613618, 0.03383928255370544, 0.011330814798406155]</VALUES>
		<LCS_MIN>[0.10007314383983612, 0.0840110257267952, 0.07225973159074783, 0.05133836343884468, 0.02363952435553074, 0.01774763874709606]</LCS_MIN>
		<LCS_MAX>[0.11748045682907104, 0.11021710187196732, 0.10720764845609665, 0.12527278065681458, 0.08205875009298325, 0.07678505778312683]</LCS_MAX>
		<WAVELENGTH>[0.485, 0.56, 0.66, 0.83, 1.65, 2.215]</WAVELENGTH>
		<MEAN_VALUE>[0.10644660244940382, 0.09518643410345697, 0.08592651609601917, 0.08045778956326692, 0.04828607849776748, 0.03383928255370544]</MEAN_VALUE>
		<CHECKBOX>2</CHECKBOX>
		<SD>[0.0031469336360285495, 0.003979256881888391, 0.005773959694767672, 0.017550576090775198, 0.014877095891613618, 0.011330814798406155]</SD>
		<WAVELENGTH_UNIT>E-6m</WAVELENGTH_UNIT>
		<COLOR>#081059</COLOR>
		<COVARIANCE_MATRIX>[[9.958827215801387e-06, 9.397641237795281e-06, 1.4957019448887041e-05, 1.9405259772282564e-05, 2.348395241738934e-05, 2.1029717447511744e-05], [9.397641237795281e-06, 1.5923443114820478e-05, 1.998408176898635e-05, 2.9866642515434562e-05, 3.39904322451818e-05, 2.842286707028034e-05], [1.4957019448887041e-05, 1.998408176898635e-05, 3.3525906121727545e-05, 4.42600669506851e-05, 5.382435289140084e-05, 4.647360332619777e-05], [1.9405259772282564e-05, 2.9866642515434562e-05, 4.42600669506851e-05, 0.00030975318584347257, 0.00022910786502444564, 0.00013385703414475487], [2.348395241738934e-05, 3.39904322451818e-05, 5.382435289140084e-05, 0.00022910786502444564, 0.00022257139779842576, 0.00014384612743961164], [2.1029717447511744e-05, 2.842286707028034e-05, 4.647360332619777e-05, 0.00013385703414475487, 0.00014384612743961164, 0.00012910864132159884]]</COVARIANCE_MATRIX>
		<ROI_SIZE>179</ROI_SIZE>
		<MAX_VALUE>[0.11748045682907104, 0.11021710187196732, 0.10720764845609665, 0.12527278065681458, 0.08205875009298325, 0.07678505778312683]</MAX_VALUE>
		<MIN_VALUE>[0.10007314383983612, 0.0840110257267952, 0.07225973159074783, 0.05133836343884468, 0.02363952435553074, 0.01774763874709606]</MIN_VALUE>
		<SIGNATURE_THRESHOLD_MD>0</SIGNATURE_THRESHOLD_MD>
		<SIGNATURE_THRESHOLD_ML>0</SIGNATURE_THRESHOLD_ML>
		<SIGNATURE_THRESHOLD_SAM>0</SIGNATURE_THRESHOLD_SAM>
	</signature>
	<signature ID="20220107_142125434395_802">
		<MACROCLASSID>1</MACROCLASSID>
		<MACROCLASSINFO>waterbody</MACROCLASSINFO>
		<CLASSID>3</CLASSID>
		<CLASSINFO>C 1</CLASSINFO>
		<VALUES>[0.10406202795474147, 0.0029044256538276877, 0.09184220503819618, 0.0042808872846889084, 0.08107453380760395, 0.005440651097012554, 0.07900186814367773, 0.016578574982775728, 0.0455154163566859, 0.01402105767712864, 0.029604182907037032, 0.010727242891919847]</VALUES>
		<LCS_MIN>[0.09873412549495697, 0.0840110257267952, 0.07225973159074783, 0.047977712005376816, 0.02147584781050682, 0.011533177457749844]</LCS_MIN>
		<LCS_MAX>[0.11480241268873215, 0.10730531811714172, 0.10183104127645493, 0.11183016747236252, 0.08638609200716019, 0.07057058811187744]</LCS_MAX>
		<WAVELENGTH>[0.485, 0.56, 0.66, 0.83, 1.65, 2.215]</WAVELENGTH>
		<MEAN_VALUE>[0.10406202795474147, 0.09184220503819618, 0.08107453380760395, 0.07900186814367773, 0.0455154163566859, 0.029604182907037032]</MEAN_VALUE>
		<CHECKBOX>2</CHECKBOX>
		<SD>[0.0029044256538276877, 0.0042808872846889084, 0.005440651097012554, 0.016578574982775728, 0.01402105767712864, 0.010727242891919847]</SD>
		<WAVELENGTH_UNIT>E-6m</WAVELENGTH_UNIT>
		<COLOR>#17dedd</COLOR>
		<COVARIANCE_MATRIX>[[8.480321650456934e-06, 9.25759632713222e-06, 1.2210709998908753e-05, 1.8903019324702122e-05, 2.29698968341774e-05, 1.9290128222671247e-05], [9.25759632713222e-06, 1.8422958885714897e-05, 1.9194882577500926e-05, 2.6957425793505082e-05, 3.491824505524886e-05, 2.973410219079986e-05], [1.2210709998908753e-05, 1.9194882577500926e-05, 2.9757301736986918e-05, 2.9767135544331582e-05, 4.324422914230341e-05, 3.764509530690453e-05], [1.8903019324702122e-05, 2.6957425793505082e-05, 2.9767135544331582e-05, 0.00027630337675824487, 0.00019602439515009317, 0.00012829738378422237], [2.29698968341774e-05, 3.491824505524886e-05, 4.324422914230341e-05, 0.00019602439515009317, 0.00019763021742444397, 0.00013470515013617497], [1.9290128222671247e-05, 2.973410219079986e-05, 3.764509530690453e-05, 0.00012829738378422237, 0.00013470515013617497, 0.00011568259582976992]]</COVARIANCE_MATRIX>
		<ROI_SIZE>190</ROI_SIZE>
		<MAX_VALUE>[0.11480241268873215, 0.10730531811714172, 0.10183104127645493, 0.11183016747236252, 0.08638609200716019, 0.07057058811187744]</MAX_VALUE>
		<MIN_VALUE>[0.09873412549495697, 0.0840110257267952, 0.07225973159074783, 0.047977712005376816, 0.02147584781050682, 0.011533177457749844]</MIN_VALUE>
		<SIGNATURE_THRESHOLD_MD>0</SIGNATURE_THRESHOLD_MD>
		<SIGNATURE_THRESHOLD_ML>0</SIGNATURE_THRESHOLD_ML>
		<SIGNATURE_THRESHOLD_SAM>0</SIGNATURE_THRESHOLD_SAM>
	</signature>
	<signature ID="20220107_142134864160_713">
		<MACROCLASSID>1</MACROCLASSID>
		<MACROCLASSINFO>waterbody</MACROCLASSINFO>
		<CLASSID>4</CLASSID>
		<CLASSINFO>C 1</CLASSINFO>
		<VALUES>[0.10615841395193988, 0.003761581639639913, 0.09343829920681399, 0.00573860374856357, 0.08604725804364324, 0.007390474719878927, 0.0950934349900425, 0.016347774130941226, 0.06785561793511453, 0.015938764580137627, 0.04808160734574982, 0.012015564068598487]</VALUES>
		<LCS_MIN>[0.09739509224891663, 0.07818745821714401, 0.0668831393122673, 0.06478098779916763, 0.034457895904779434, 0.023962102830410004]</LCS_MIN>
		<LCS_MAX>[0.11480241268873215, 0.10439351946115494, 0.10183104127645493, 0.13535475730895996, 0.10153183341026306, 0.07989227026700974]</LCS_MAX>
		<WAVELENGTH>[0.485, 0.56, 0.66, 0.83, 1.65, 2.215]</WAVELENGTH>
		<MEAN_VALUE>[0.10615841395193988, 0.09343829920681399, 0.08604725804364324, 0.0950934349900425, 0.06785561793511453, 0.04808160734574982]</MEAN_VALUE>
		<CHECKBOX>2</CHECKBOX>
		<SD>[0.003761581639639913, 0.00573860374856357, 0.007390474719878927, 0.016347774130941226, 0.015938764580137627, 0.012015564068598487]</SD>
		<WAVELENGTH_UNIT>E-6m</WAVELENGTH_UNIT>
		<COLOR>#884fe1</COLOR>
		<COVARIANCE_MATRIX>[[1.4290991395992824e-05, 1.680178686025438e-05, 2.1955320967100733e-05, 2.470099023680822e-05, 2.668448982095183e-05, 2.1388671624195246e-05], [1.680178686025438e-05, 3.326088871285817e-05, 3.928835315287263e-05, 5.7100858019468625e-05, 5.5727706554592466e-05, 4.285870862803702e-05], [2.1955320967100733e-05, 3.928835315287263e-05, 5.516530775102128e-05, 8.065439211297545e-05, 7.959080397492722e-05, 6.056794224751478e-05], [2.470099023680822e-05, 5.7100858019468625e-05, 8.065439211297545e-05, 0.00026992221622663384, 0.00024403643706776015, 0.00016994642457673876], [2.668448982095183e-05, 5.5727706554592466e-05, 7.959080397492722e-05, 0.00024403643706776015, 0.00025658465850446024, 0.0001723421650139025], [2.1388671624195246e-05, 4.285870862803702e-05, 6.056794224751478e-05, 0.00016994642457673876, 0.0001723421650139025, 0.000145817517685461]]</COVARIANCE_MATRIX>
		<ROI_SIZE>101</ROI_SIZE>
		<MAX_VALUE>[0.11480241268873215, 0.10439351946115494, 0.10183104127645493, 0.13535475730895996, 0.10153183341026306, 0.07989227026700974]</MAX_VALUE>
		<MIN_VALUE>[0.09739509224891663, 0.07818745821714401, 0.0668831393122673, 0.06478098779916763, 0.034457895904779434, 0.023962102830410004]</MIN_VALUE>
		<SIGNATURE_THRESHOLD_MD>0</SIGNATURE_THRESHOLD_MD>
		<SIGNATURE_THRESHOLD_ML>0</SIGNATURE_THRESHOLD_ML>
		<SIGNATURE_THRESHOLD_SAM>0</SIGNATURE_THRESHOLD_SAM>
	</signature>
	<signature ID="20220107_142153133116_817">
		<MACROCLASSID>1</MACROCLASSID>
		<MACROCLASSINFO>waterbody</MACROCLASSINFO>
		<CLASSID>5</CLASSID>
		<CLASSINFO>C 1</CLASSINFO>
		<VALUES>[0.11031006911286592, 0.001914275838069667, 0.10494173269856859, 0.002363750708686831, 0.10253630997038174, 0.0035364809916400898, 0.09476757810715546, 0.018000219930888125, 0.047573508648776706, 0.015592648514288822, 0.03224805536403977, 0.012019391768400282]</VALUES>
		<LCS_MIN>[0.10542924702167511, 0.09565817564725876, 0.09107783436775208, 0.06478098779916763, 0.02580319717526436, 0.01464040856808424]</LCS_MIN>
		<LCS_MAX>[0.11748045682907104, 0.11021710187196732, 0.11258425563573837, 0.14207607507705688, 0.08854977041482925, 0.07678505778312683]</LCS_MAX>
		<WAVELENGTH>[0.485, 0.56, 0.66, 0.83, 1.65, 2.215]</WAVELENGTH>
		<MEAN_VALUE>[0.11031006911286592, 0.10494173269856859, 0.10253630997038174, 0.09476757810715546, 0.047573508648776706, 0.03224805536403977]</MEAN_VALUE>
		<CHECKBOX>2</CHECKBOX>
		<SD>[0.001914275838069667, 0.002363750708686831, 0.0035364809916400898, 0.018000219930888125, 0.015592648514288822, 0.012019391768400282]</SD>
		<WAVELENGTH_UNIT>E-6m</WAVELENGTH_UNIT>
		<COLOR>#a3bfb2</COLOR>
		<COVARIANCE_MATRIX>[[6.198963854140736e-06, 2.8970451995424832e-06, 3.4746095860077935e-06, 5.013302751762726e-06, 1.3296920694711376e-05, 1.4511311891625984e-05], [2.8970451995424832e-06, 6.876407661543038e-06, 6.45423492001477e-06, -4.33426697484217e-06, -1.904375623716818e-06, 6.733308475854062e-07], [3.4746095860077935e-06, 6.45423492001477e-06, 1.4168057566836469e-05, -1.6845599010410056e-05, -1.0396998069653346e-05, -4.724580598944673e-06], [5.013302751762726e-06, -4.33426697484217e-06, -1.6845599010410056e-05, 0.00029108597938495986, 0.0002260304929749463, 0.0001516195488357075], [1.3296920694711376e-05, -1.904375623716818e-06, -1.0396998069653346e-05, 0.0002260304929749463, 0.0002613917970487536, 0.00018816146937539915], [1.4511311891625984e-05, 6.733308475854062e-07, -4.724580598944673e-06, 0.0001516195488357075, 0.00018816146937539915, 0.00017149637340215605]]</COVARIANCE_MATRIX>
		<ROI_SIZE>1007</ROI_SIZE>
		<MAX_VALUE>[0.11748045682907104, 0.11021710187196732, 0.11258425563573837, 0.14207607507705688, 0.08854977041482925, 0.07678505778312683]</MAX_VALUE>
		<MIN_VALUE>[0.10542924702167511, 0.09565817564725876, 0.09107783436775208, 0.06478098779916763, 0.02580319717526436, 0.01464040856808424]</MIN_VALUE>
		<SIGNATURE_THRESHOLD_MD>0</SIGNATURE_THRESHOLD_MD>
		<SIGNATURE_THRESHOLD_ML>0</SIGNATURE_THRESHOLD_ML>
		<SIGNATURE_THRESHOLD_SAM>0</SIGNATURE_THRESHOLD_SAM>
	</signature>
	<signature ID="20220107_142205310445_810">
		<MACROCLASSID>1</MACROCLASSID>
		<MACROCLASSINFO>waterbody</MACROCLASSINFO>
		<CLASSID>6</CLASSID>
		<CLASSINFO>C 1</CLASSINFO>
		<VALUES>[0.09640097211707724, 0.00502268261080617, 0.08220219329902617, 0.006526031246910492, 0.06993801993402568, 0.009381507198942799, 0.12053731738617929, 0.021430860493337076, 0.07822314711908501, 0.015786857838924036, 0.04834916611964054, 0.011336234548680687]</VALUES>
		<LCS_MIN>[0.08802191913127899, 0.07236388325691223, 0.05612993240356445, 0.08494492620229721, 0.04527627304196358, 0.02706933580338955]</LCS_MIN>
		<LCS_MAX>[0.1107853353023529, 0.10148175060749054, 0.0964544415473938, 0.15551869571208954, 0.10585917532444, 0.06746335327625275]</LCS_MAX>
		<WAVELENGTH>[0.485, 0.56, 0.66, 0.83, 1.65, 2.215]</WAVELENGTH>
		<MEAN_VALUE>[0.09640097211707724, 0.08220219329902617, 0.06993801993402568, 0.12053731738617929, 0.07822314711908501, 0.04834916611964054]</MEAN_VALUE>
		<CHECKBOX>2</CHECKBOX>
		<SD>[0.00502268261080617, 0.006526031246910492, 0.009381507198942799, 0.021430860493337076, 0.015786857838924036, 0.011336234548680687]</SD>
		<WAVELENGTH_UNIT>E-6m</WAVELENGTH_UNIT>
		<COLOR>#7b5ba3</COLOR>
		<COVARIANCE_MATRIX>[[2.5615453541339204e-05, 3.026550113327733e-05, 4.323416143098614e-05, -6.954519462372828e-07, 2.144546052271981e-05, 3.517841513050281e-05], [3.026550113327733e-05, 4.324430051004677e-05, 5.799657520002249e-05, 2.3218340613268405e-05, 3.4148629277819766e-05, 4.78531278840339e-05], [4.323416143098614e-05, 5.799657520002249e-05, 8.936671851341281e-05, 3.400872226552385e-05, 5.8251546410389986e-05, 7.959467361366651e-05], [-6.954519462372828e-07, 2.3218340613268405e-05, 3.400872226552385e-05, 0.00046634765504618194, 0.00024634680391188714, 0.00010473006278289017], [2.144546052271981e-05, 3.4148629277819766e-05, 5.8251546410389986e-05, 0.00024634680391188714, 0.0002530591093560342, 0.00013707480444802279], [3.517841513050281e-05, 4.78531278840339e-05, 7.959467361366651e-05, 0.00010473006278289017, 0.00013707480444802279, 0.00013048729395412784]]</COVARIANCE_MATRIX>
		<ROI_SIZE>66</ROI_SIZE>
		<MAX_VALUE>[0.1107853353023529, 0.10148175060749054, 0.0964544415473938, 0.15551869571208954, 0.10585917532444, 0.06746335327625275]</MAX_VALUE>
		<MIN_VALUE>[0.08802191913127899, 0.07236388325691223, 0.05612993240356445, 0.08494492620229721, 0.04527627304196358, 0.02706933580338955]</MIN_VALUE>
		<SIGNATURE_THRESHOLD_MD>0</SIGNATURE_THRESHOLD_MD>
		<SIGNATURE_THRESHOLD_ML>0</SIGNATURE_THRESHOLD_ML>
		<SIGNATURE_THRESHOLD_SAM>0</SIGNATURE_THRESHOLD_SAM>
	</signature>
	<signature ID="20220107_142228553637_307">
		<MACROCLASSID>1</MACROCLASSID>
		<MACROCLASSINFO>waterbody</MACROCLASSINFO>
		<CLASSID>7</CLASSID>
		<CLASSINFO>C 1</CLASSINFO>
		<VALUES>[0.09187162263939777, 0.005827861447614441, 0.07988599905123313, 0.007791258879283314, 0.07013149792328477, 0.011536205769723844, 0.13283426128327852, 0.022777584425357253, 0.07863293557117382, 0.020855599629455743, 0.04869049096790452, 0.015261306794172737]</VALUES>
		<LCS_MIN>[0.08400486409664154, 0.06654030829668045, 0.05344163253903389, 0.08494492620229721, 0.04311259835958481, 0.023962102830410004]</LCS_MIN>
		<LCS_MAX>[0.10676825791597366, 0.09856995940208435, 0.09376614540815353, 0.17232196033000946, 0.12316858023405075, 0.07367781549692154]</LCS_MAX>
		<WAVELENGTH>[0.485, 0.56, 0.66, 0.83, 1.65, 2.215]</WAVELENGTH>
		<MEAN_VALUE>[0.09187162263939777, 0.07988599905123313, 0.07013149792328477, 0.13283426128327852, 0.07863293557117382, 0.04869049096790452]</MEAN_VALUE>
		<CHECKBOX>2</CHECKBOX>
		<SD>[0.005827861447614441, 0.007791258879283314, 0.011536205769723844, 0.022777584425357253, 0.020855599629455743, 0.015261306794172737]</SD>
		<WAVELENGTH_UNIT>E-6m</WAVELENGTH_UNIT>
		<COLOR>#e54b33</COLOR>
		<COVARIANCE_MATRIX>[[3.544066335922504e-05, 4.5049831066623134e-05, 6.817907200141014e-05, 5.942931779123931e-05, 9.324615945213347e-05, 8.083884288058195e-05], [4.5049831066623134e-05, 6.334300687722888e-05, 9.021777003612249e-05, 9.849329993071634e-05, 0.00012632280367695179, 0.00010722713391896669], [6.817907200141014e-05, 9.021777003612249e-05, 0.00013887030632494932, 0.00012834819572301876, 0.00018661630616470786, 0.00015769646834926118], [5.942931779123931e-05, 9.849329993071634e-05, 0.00012834819572301876, 0.0005413756719175068, 0.00036214572594071246, 0.0002234887262277884], [9.324615945213347e-05, 0.00012632280367695179, 0.00018661630616470786, 0.00036214572594071246, 0.00045386716789998753, 0.0003105509388274236], [8.083884288058195e-05, 0.00010722713391896669, 0.00015769646834926118, 0.0002234887262277884, 0.0003105509388274236, 0.00024303389746003094]]</COVARIANCE_MATRIX>
		<ROI_SIZE>24</ROI_SIZE>
		<MAX_VALUE>[0.10676825791597366, 0.09856995940208435, 0.09376614540815353, 0.17232196033000946, 0.12316858023405075, 0.07367781549692154]</MAX_VALUE>
		<MIN_VALUE>[0.08400486409664154, 0.06654030829668045, 0.05344163253903389, 0.08494492620229721, 0.04311259835958481, 0.023962102830410004]</MIN_VALUE>
		<SIGNATURE_THRESHOLD_MD>0</SIGNATURE_THRESHOLD_MD>
		<SIGNATURE_THRESHOLD_ML>0</SIGNATURE_THRESHOLD_ML>
		<SIGNATURE_THRESHOLD_SAM>0</SIGNATURE_THRESHOLD_SAM>
	</signature>
	<signature ID="20220107_142257406916_123">
		<MACROCLASSID>1</MACROCLASSID>
		<MACROCLASSINFO>waterbody</MACROCLASSINFO>
		<CLASSID>8</CLASSID>
		<CLASSINFO>C 1</CLASSINFO>
		<VALUES>[0.1039904479594791, 0.004209038046668169, 0.09026851668661717, 0.005266962338562188, 0.07967101297542163, 0.007324440709761876, 0.10240714944460819, 0.018795408516058387, 0.06726939662122268, 0.018598371486970453, 0.04624887721284349, 0.015142972654337974]</VALUES>
		<LCS_MIN>[0.09337802231311798, 0.07818745821714401, 0.06419483572244644, 0.06142032891511917, 0.02580319717526436, 0.011533177457749844]</LCS_MIN>
		<LCS_MAX>[0.11748045682907104, 0.10439351946115494, 0.09914273768663406, 0.14207607507705688, 0.10369549691677094, 0.07989227026700974]</LCS_MAX>
		<WAVELENGTH>[0.485, 0.56, 0.66, 0.83, 1.65, 2.215]</WAVELENGTH>
		<MEAN_VALUE>[0.1039904479594791, 0.09026851668661717, 0.07967101297542163, 0.10240714944460819, 0.06726939662122268, 0.04624887721284349]</MEAN_VALUE>
		<CHECKBOX>2</CHECKBOX>
		<SD>[0.004209038046668169, 0.005266962338562188, 0.007324440709761876, 0.018795408516058387, 0.018598371486970453, 0.015142972654337974]</SD>
		<WAVELENGTH_UNIT>E-6m</WAVELENGTH_UNIT>
		<COLOR>#116038</COLOR>
		<COVARIANCE_MATRIX>[[1.778574931482901e-05, 1.9246570018273517e-05, 2.7258233663535703e-05, 1.324708229706996e-05, 3.6604452955251686e-05, 4.026794071388776e-05], [1.9246570018273517e-05, 2.785010838715473e-05, 3.470837102922481e-05, 3.0225241057562664e-05, 5.5330815776491606e-05, 5.458632534806706e-05], [2.7258233663535703e-05, 3.470837102922481e-05, 5.385864207188322e-05, 4.083844962522444e-05, 8.381898573096376e-05, 8.454128619722749e-05], [1.324708229706996e-05, 3.0225241057562664e-05, 4.083844962522444e-05, 0.00035465819774727406, 0.00028231694869685465, 0.00017465720562681472], [3.6604452955251686e-05, 5.5330815776491606e-05, 8.381898573096376e-05, 0.00028231694869685465, 0.00034726123071525855, 0.0002522398400887786], [4.026794071388776e-05, 5.458632534806706e-05, 8.454128619722749e-05, 0.00017465720562681472, 0.0002522398400887786, 0.0002302124145927444]]</COVARIANCE_MATRIX>
		<ROI_SIZE>255</ROI_SIZE>
		<MAX_VALUE>[0.11748045682907104, 0.10439351946115494, 0.09914273768663406, 0.14207607507705688, 0.10369549691677094, 0.07989227026700974]</MAX_VALUE>
		<MIN_VALUE>[0.09337802231311798, 0.07818745821714401, 0.06419483572244644, 0.06142032891511917, 0.02580319717526436, 0.011533177457749844]</MIN_VALUE>
		<SIGNATURE_THRESHOLD_MD>0</SIGNATURE_THRESHOLD_MD>
		<SIGNATURE_THRESHOLD_ML>0</SIGNATURE_THRESHOLD_ML>
		<SIGNATURE_THRESHOLD_SAM>0</SIGNATURE_THRESHOLD_SAM>
	</signature>
	<signature ID="20220107_142306053577_129">
		<MACROCLASSID>1</MACROCLASSID>
		<MACROCLASSINFO>waterbody</MACROCLASSINFO>
		<CLASSID>9</CLASSID>
		<CLASSINFO>C 1</CLASSINFO>
		<VALUES>[0.10023823155932231, 0.005659101520344708, 0.08500821714940136, 0.006576961906520114, 0.07310673548546559, 0.009117846729686446, 0.09502688718781079, 0.020110151247451268, 0.05446448414395116, 0.018535924175304128, 0.036348466340401404, 0.015261254060978361]</VALUES>
		<LCS_MIN>[0.09203899651765823, 0.07818745821714401, 0.05881822481751442, 0.05133836343884468, 0.02363952435553074, 0.01464040856808424]</LCS_MIN>
		<LCS_MAX>[0.11480241268873215, 0.10148175060749054, 0.09914273768663406, 0.12863343954086304, 0.08854977041482925, 0.06746335327625275]</LCS_MAX>
		<WAVELENGTH>[0.485, 0.56, 0.66, 0.83, 1.65, 2.215]</WAVELENGTH>
		<MEAN_VALUE>[0.10023823155932231, 0.08500821714940136, 0.07310673548546559, 0.09502688718781079, 0.05446448414395116, 0.036348466340401404]</MEAN_VALUE>
		<CHECKBOX>2</CHECKBOX>
		<SD>[0.005659101520344708, 0.006576961906520114, 0.009117846729686446, 0.020110151247451268, 0.018535924175304128, 0.015261254060978361]</SD>
		<WAVELENGTH_UNIT>E-6m</WAVELENGTH_UNIT>
		<COLOR>#da8210</COLOR>
		<COVARIANCE_MATRIX>[[3.2470227656700585e-05, 3.541103113208974e-05, 4.95040820146621e-05, 4.0562492930561294e-05, 7.330677338222464e-05, 6.940920826680623e-05], [3.541103113208974e-05, 4.3857211640925255e-05, 5.774311627405609e-05, 5.952852718285165e-05, 9.317549891005991e-05, 8.561821479006877e-05], [4.95040820146621e-05, 5.774311627405609e-05, 8.428978355530455e-05, 7.32794516999828e-05, 0.00012427580790552533, 0.0001196493506273591], [4.0562492930561294e-05, 5.952852718285165e-05, 7.32794516999828e-05, 0.0004100351024064124, 0.00027762481721671945, 0.00016707735518198515], [7.330677338222464e-05, 9.317549891005991e-05, 0.00012427580790552533, 0.00027762481721671945, 0.00034835243621363245, 0.00026091436062191596], [6.940920826680623e-05, 8.561821479006877e-05, 0.0001196493506273591, 0.00016707735518198515, 0.00026091436062191596, 0.00023614067934030794]]</COVARIANCE_MATRIX>
		<ROI_SIZE>73</ROI_SIZE>
		<MAX_VALUE>[0.11480241268873215, 0.10148175060749054, 0.09914273768663406, 0.12863343954086304, 0.08854977041482925, 0.06746335327625275]</MAX_VALUE>
		<MIN_VALUE>[0.09203899651765823, 0.07818745821714401, 0.05881822481751442, 0.05133836343884468, 0.02363952435553074, 0.01464040856808424]</MIN_VALUE>
		<SIGNATURE_THRESHOLD_MD>0</SIGNATURE_THRESHOLD_MD>
		<SIGNATURE_THRESHOLD_ML>0</SIGNATURE_THRESHOLD_ML>
		<SIGNATURE_THRESHOLD_SAM>0</SIGNATURE_THRESHOLD_SAM>
	</signature>
	<signature ID="20220107_142314964271_418">
		<MACROCLASSID>1</MACROCLASSID>
		<MACROCLASSINFO>waterbody</MACROCLASSINFO>
		<CLASSID>10</CLASSID>
		<CLASSINFO>C 1</CLASSINFO>
		<VALUES>[0.0990252133620822, 0.004177957904901471, 0.08356793176220811, 0.006895018975373406, 0.06980519855152006, 0.008770872998236754, 0.09203152083184407, 0.01703874707671535, 0.05129693541675806, 0.014646389422685504, 0.033351348186640636, 0.010812195349078907]</VALUES>
		<LCS_MIN>[0.09337802231311798, 0.07527567446231842, 0.05881822481751442, 0.06142032891511917, 0.030130548402667046, 0.01774763874709606]</LCS_MIN>
		<LCS_MAX>[0.1107853353023529, 0.10439351946115494, 0.0964544415473938, 0.12191213667392731, 0.0777314081788063, 0.06124888360500336]</LCS_MAX>
		<WAVELENGTH>[0.485, 0.56, 0.66, 0.83, 1.65, 2.215]</WAVELENGTH>
		<MEAN_VALUE>[0.0990252133620822, 0.08356793176220811, 0.06980519855152006, 0.09203152083184407, 0.05129693541675806, 0.033351348186640636]</MEAN_VALUE>
		<CHECKBOX>2</CHECKBOX>
		<SD>[0.004177957904901471, 0.006895018975373406, 0.008770872998236754, 0.01703874707671535, 0.014646389422685504, 0.010812195349078907]</SD>
		<WAVELENGTH_UNIT>E-6m</WAVELENGTH_UNIT>
		<COLOR>#de20f3</COLOR>
		<COVARIANCE_MATRIX>[[1.784322852746487e-05, 2.612484906798953e-05, 3.4887516643016664e-05, 2.6591287187951178e-05, 3.651605700672944e-05, 3.5854003082110765e-05], [2.612484906798953e-05, 4.8597759707887334e-05, 5.7335486401935045e-05, 6.301017180003002e-05, 7.048873586679084e-05, 6.31626957561018e-05], [3.4887516643016664e-05, 5.7335486401935045e-05, 7.863772899900298e-05, 8.282890338731037e-05, 9.162707747226505e-05, 8.16593438863738e-05], [2.6591287187951178e-05, 6.301017180003002e-05, 8.282890338731037e-05, 0.00029677043309859287, 0.00017808175358651062, 0.00011344816196242436], [3.651605700672944e-05, 7.048873586679084e-05, 9.162707747226505e-05, 0.00017808175358651062, 0.00021928376141253046, 0.00014480197385197913], [3.5854003082110765e-05, 6.31626957561018e-05, 8.16593438863738e-05, 0.00011344816196242436, 0.00014480197385197913, 0.00011950142533923564]]</COVARIANCE_MATRIX>
		<ROI_SIZE>46</ROI_SIZE>
		<MAX_VALUE>[0.1107853353023529, 0.10439351946115494, 0.0964544415473938, 0.12191213667392731, 0.0777314081788063, 0.06124888360500336]</MAX_VALUE>
		<MIN_VALUE>[0.09337802231311798, 0.07527567446231842, 0.05881822481751442, 0.06142032891511917, 0.030130548402667046, 0.01774763874709606]</MIN_VALUE>
		<SIGNATURE_THRESHOLD_MD>0</SIGNATURE_THRESHOLD_MD>
		<SIGNATURE_THRESHOLD_ML>0</SIGNATURE_THRESHOLD_ML>
		<SIGNATURE_THRESHOLD_SAM>0</SIGNATURE_THRESHOLD_SAM>
	</signature>
	<signature ID="20220107_142330165155_190">
		<MACROCLASSID>1</MACROCLASSID>
		<MACROCLASSINFO>waterbody</MACROCLASSINFO>
		<CLASSID>11</CLASSID>
		<CLASSINFO>C 1</CLASSINFO>
		<VALUES>[0.09520186753622416, 0.004318927452769097, 0.07929192920183312, 0.0062784122096783595, 0.06590978165381939, 0.009160082571288752, 0.11519082019041324, 0.02603152561102445, 0.058668677020689515, 0.018618956067885484, 0.032640923665643785, 0.014977069309090082]</VALUES>
		<LCS_MIN>[0.08802191913127899, 0.07236388325691223, 0.05344163253903389, 0.07150229811668396, 0.02580319717526436, 0.01464040856808424]</LCS_MIN>
		<LCS_MAX>[0.10944632440805435, 0.10148175060749054, 0.0964544415473938, 0.158879354596138, 0.10153183341026306, 0.07367781549692154]</LCS_MAX>
		<WAVELENGTH>[0.485, 0.56, 0.66, 0.83, 1.65, 2.215]</WAVELENGTH>
		<MEAN_VALUE>[0.09520186753622416, 0.07929192920183312, 0.06590978165381939, 0.11519082019041324, 0.058668677020689515, 0.032640923665643785]</MEAN_VALUE>
		<CHECKBOX>2</CHECKBOX>
		<SD>[0.004318927452769097, 0.0062784122096783595, 0.009160082571288752, 0.02603152561102445, 0.018618956067885484, 0.014977069309090082]</SD>
		<WAVELENGTH_UNIT>E-6m</WAVELENGTH_UNIT>
		<COLOR>#18a9a9</COLOR>
		<COVARIANCE_MATRIX>[[1.8980382313199844e-05, 2.4900931331760182e-05, 3.818230747678778e-05, 2.352632087378584e-05, 5.459047689710449e-05, 5.579259391027004e-05], [2.4900931331760182e-05, 4.011001180226355e-05, 5.4652244902334365e-05, 3.948535676136611e-05, 8.331988624782184e-05, 8.294448956091895e-05], [3.818230747678778e-05, 5.4652244902334365e-05, 8.537916732182488e-05, 3.0273363252798012e-05, 0.00011296296081812953, 0.00011982487282713245], [2.352632087378584e-05, 3.948535676136611e-05, 3.0273363252798012e-05, 0.0006895287524029906, 0.00033154884062164486, 0.0001711077485299331], [5.459047689710449e-05, 8.331988624782184e-05, 0.00011296296081812953, 0.00033154884062164486, 0.0003527473763746544, 0.00025892859252230315], [5.579259391027004e-05, 8.294448956091895e-05, 0.00011982487282713245, 0.0001711077485299331, 0.00025892859252230315, 0.00022824791395050363]]</COVARIANCE_MATRIX>
		<ROI_SIZE>58</ROI_SIZE>
		<MAX_VALUE>[0.10944632440805435, 0.10148175060749054, 0.0964544415473938, 0.158879354596138, 0.10153183341026306, 0.07367781549692154]</MAX_VALUE>
		<MIN_VALUE>[0.08802191913127899, 0.07236388325691223, 0.05344163253903389, 0.07150229811668396, 0.02580319717526436, 0.01464040856808424]</MIN_VALUE>
		<SIGNATURE_THRESHOLD_MD>0</SIGNATURE_THRESHOLD_MD>
		<SIGNATURE_THRESHOLD_ML>0</SIGNATURE_THRESHOLD_ML>
		<SIGNATURE_THRESHOLD_SAM>0</SIGNATURE_THRESHOLD_SAM>
	</signature>
	<signature ID="20220107_142346160260_395">
		<MACROCLASSID>1</MACROCLASSID>
		<MACROCLASSINFO>waterbody</MACROCLASSINFO>
		<CLASSID>12</CLASSID>
		<CLASSINFO>C 1</CLASSINFO>
		<VALUES>[0.09029082871145672, 0.004753268095771107, 0.07584185111853813, 0.007026584043703847, 0.06180522942708598, 0.009329298256296751, 0.12984701163238951, 0.017820855968394732, 0.06811506911698316, 0.01337133075571874, 0.038030959769255586, 0.01111884826140739]</VALUES>
		<LCS_MIN>[0.08400486409664154, 0.06654030829668045, 0.05075332522392273, 0.0950268879532814, 0.04527627304196358, 0.023962102830410004]</LCS_MIN>
		<LCS_MAX>[0.10810729116201401, 0.10148175060749054, 0.0964544415473938, 0.16223999857902527, 0.09504081308841705, 0.07367781549692154]</LCS_MAX>
		<WAVELENGTH>[0.485, 0.56, 0.66, 0.83, 1.65, 2.215]</WAVELENGTH>
		<MEAN_VALUE>[0.09029082871145672, 0.07584185111853813, 0.06180522942708598, 0.12984701163238951, 0.06811506911698316, 0.038030959769255586]</MEAN_VALUE>
		<CHECKBOX>2</CHECKBOX>
		<SD>[0.004753268095771107, 0.007026584043703847, 0.009329298256296751, 0.017820855968394732, 0.01337133075571874, 0.01111884826140739]</SD>
		<WAVELENGTH_UNIT>E-6m</WAVELENGTH_UNIT>
		<COLOR>#82e575</COLOR>
		<COVARIANCE_MATRIX>[[2.3239087807140508e-05, 3.2321079094056585e-05, 4.2602159568089044e-05, 2.8796444773659238e-05, 4.214298106280739e-05, 4.4317638910038126e-05], [3.2321079094056585e-05, 5.078353713246878e-05, 6.44609714982012e-05, 4.2629102193049285e-05, 6.518166418234652e-05, 6.418766911415232e-05], [4.2602159568089044e-05, 6.44609714982012e-05, 8.952254326793995e-05, 4.583194767730564e-05, 7.291999103777523e-05, 7.920931332471653e-05], [2.8796444773659238e-05, 4.2629102193049285e-05, 4.583194767730564e-05, 0.0003266567048018778, 0.00017010383139454734, 9.044225038111645e-05], [4.214298106280739e-05, 6.518166418234652e-05, 7.291999103777523e-05, 0.00017010383139454734, 0.00018390084292679626, 0.00012609437163391867], [4.4317638910038126e-05, 6.418766911415232e-05, 7.920931332471653e-05, 9.044225038111645e-05, 0.00012609437163391867, 0.00012716103770763642]]</COVARIANCE_MATRIX>
		<ROI_SIZE>36</ROI_SIZE>
		<MAX_VALUE>[0.10810729116201401, 0.10148175060749054, 0.0964544415473938, 0.16223999857902527, 0.09504081308841705, 0.07367781549692154]</MAX_VALUE>
		<MIN_VALUE>[0.08400486409664154, 0.06654030829668045, 0.05075332522392273, 0.0950268879532814, 0.04527627304196358, 0.023962102830410004]</MIN_VALUE>
		<SIGNATURE_THRESHOLD_MD>0</SIGNATURE_THRESHOLD_MD>
		<SIGNATURE_THRESHOLD_ML>0</SIGNATURE_THRESHOLD_ML>
		<SIGNATURE_THRESHOLD_SAM>0</SIGNATURE_THRESHOLD_SAM>
	</signature>
	<signature ID="20220107_142359917117_322">
		<MACROCLASSID>1</MACROCLASSID>
		<MACROCLASSINFO>waterbody</MACROCLASSINFO>
		<CLASSID>13</CLASSID>
		<CLASSINFO>C 1</CLASSINFO>
		<VALUES>[0.12760489105602876, 0.00465736733687904, 0.1455844682566763, 0.006298098751510088, 0.12278391958247661, 0.007351406827166263, 0.05213950515081087, 0.007453781528958253, 0.013902369765845099, 0.004946812495584608, 0.010254546225521514, 0.004370604969278387]</VALUES>
		<LCS_MIN>[0.10141216218471527, 0.09565817564725876, 0.07494804263114929, 0.03117443434894085, 0.004166445694863796, 0.0]</LCS_MIN>
		<LCS_MAX>[0.16836337745189667, 0.18592354655265808, 0.16635026037693024, 0.0950268879532814, 0.0647493451833725, 0.05503442510962486]</LCS_MAX>
		<WAVELENGTH>[0.485, 0.56, 0.66, 0.83, 1.65, 2.215]</WAVELENGTH>
		<MEAN_VALUE>[0.12760489105602876, 0.1455844682566763, 0.12278391958247661, 0.05213950515081087, 0.013902369765845099, 0.010254546225521514]</MEAN_VALUE>
		<CHECKBOX>2</CHECKBOX>
		<SD>[0.00465736733687904, 0.006298098751510088, 0.007351406827166263, 0.007453781528958253, 0.004946812495584608, 0.004370604969278387]</SD>
		<WAVELENGTH_UNIT>E-6m</WAVELENGTH_UNIT>
		<COLOR>#2d21ae</COLOR>
		<COVARIANCE_MATRIX>[[2.0472701955574813e-05, 2.448071499076343e-05, 2.381346617690489e-05, 1.1431359402432299e-05, 1.2503277107826073e-05, 1.0649156028928079e-05], [2.448071499076343e-05, 4.016296098099883e-05, 3.2215860458068636e-05, 1.0230017504099241e-05, 1.292710456653016e-05, 1.1332482801767111e-05], [2.381346617690489e-05, 3.2215860458068636e-05, 5.629696548453265e-05, 4.0951059625220276e-05, 1.9040105307037894e-05, 1.4433027137659377e-05], [1.1431359402432299e-05, 1.0230017504099241e-05, 4.0951059625220276e-05, 5.854922119734492e-05, 2.352711434684693e-05, 1.6825049737936845e-05], [1.2503277107826073e-05, 1.292710456653016e-05, 1.9040105307037894e-05, 2.352711434684693e-05, 2.241566212507389e-05, 1.5212312145044858e-05], [1.0649156028928079e-05, 1.1332482801767111e-05, 1.4433027137659377e-05, 1.6825049737936845e-05, 1.5212312145044858e-05, 1.773780060476071e-05]]</COVARIANCE_MATRIX>
		<ROI_SIZE>52946</ROI_SIZE>
		<MAX_VALUE>[0.16836337745189667, 0.18592354655265808, 0.16635026037693024, 0.0950268879532814, 0.0647493451833725, 0.05503442510962486]</MAX_VALUE>
		<MIN_VALUE>[0.10141216218471527, 0.09565817564725876, 0.07494804263114929, 0.03117443434894085, 0.004166445694863796, 0.0]</MIN_VALUE>
		<SIGNATURE_THRESHOLD_MD>0</SIGNATURE_THRESHOLD_MD>
		<SIGNATURE_THRESHOLD_ML>0</SIGNATURE_THRESHOLD_ML>
		<SIGNATURE_THRESHOLD_SAM>0</SIGNATURE_THRESHOLD_SAM>
	</signature>
	<signature ID="20220107_142407476530_428">
		<MACROCLASSID>1</MACROCLASSID>
		<MACROCLASSINFO>waterbody</MACROCLASSINFO>
		<CLASSID>14</CLASSID>
		<CLASSINFO>C 1</CLASSINFO>
		<VALUES>[0.12495943926249466, 0.002372426450707263, 0.14471305611296048, 0.0034877607432787726, 0.1183759143843551, 0.0029597487302129052, 0.04716026463006117, 0.004761098961266321, 0.012562305828067838, 0.0028184285535665984, 0.009216825412096891, 0.00255036796676214]</VALUES>
		<LCS_MIN>[0.10676825791597366, 0.1160406842827797, 0.09376614540815353, 0.037895746529102325, 0.004166445694863796, 0.0]</LCS_MIN>
		<LCS_MAX>[0.13087069988250732, 0.15389388799667358, 0.12871406972408295, 0.08830557018518448, 0.06258567422628403, 0.051927193999290466]</LCS_MAX>
		<WAVELENGTH>[0.485, 0.56, 0.66, 0.83, 1.65, 2.215]</WAVELENGTH>
		<MEAN_VALUE>[0.12495943926249466, 0.14471305611296048, 0.1183759143843551, 0.04716026463006117, 0.012562305828067838, 0.009216825412096891]</MEAN_VALUE>
		<CHECKBOX>2</CHECKBOX>
		<SD>[0.002372426450707263, 0.0034877607432787726, 0.0029597487302129052, 0.004761098961266321, 0.0028184285535665984, 0.00255036796676214]</SD>
		<WAVELENGTH_UNIT>E-6m</WAVELENGTH_UNIT>
		<COLOR>#4b2057</COLOR>
		<COVARIANCE_MATRIX>[[4.851650979802311e-06, 3.8977605698470005e-06, 2.345528926492662e-06, -3.486573305726471e-06, -8.667109331484652e-07, -5.2580821678770135e-08], [3.8977605698470005e-06, 1.0266792601276202e-05, 3.887106411695504e-06, -4.906383781688543e-06, -1.3123871799980525e-06, -1.2926622569056654e-07], [2.345528926492662e-06, 3.887106411695504e-06, 7.762812629093366e-06, 1.425626993629122e-06, 8.800444599207129e-07, 7.850283052040594e-07], [-3.486573305726471e-06, -4.906383781688543e-06, 1.425626993629122e-06, 2.191271970997996e-05, 7.89685119039912e-06, 3.997770500106616e-06], [-8.667109331484652e-07, -1.3123871799980525e-06, 8.800444599207129e-07, 7.89685119039912e-06, 7.801948234885403e-06, 2.4632650718672332e-06], [-5.2580821678770135e-08, -1.2926622569056654e-07, 7.850283052040594e-07, 3.997770500106616e-06, 2.4632650718672332e-06, 6.508068588946514e-06]]</COVARIANCE_MATRIX>
		<ROI_SIZE>48966</ROI_SIZE>
		<MAX_VALUE>[0.13087069988250732, 0.15389388799667358, 0.12871406972408295, 0.08830557018518448, 0.06258567422628403, 0.051927193999290466]</MAX_VALUE>
		<MIN_VALUE>[0.10676825791597366, 0.1160406842827797, 0.09376614540815353, 0.037895746529102325, 0.004166445694863796, 0.0]</MIN_VALUE>
		<SIGNATURE_THRESHOLD_MD>0</SIGNATURE_THRESHOLD_MD>
		<SIGNATURE_THRESHOLD_ML>0</SIGNATURE_THRESHOLD_ML>
		<SIGNATURE_THRESHOLD_SAM>0</SIGNATURE_THRESHOLD_SAM>
	</signature>
	<signature ID="20220107_142413634119_537">
		<MACROCLASSID>1</MACROCLASSID>
		<MACROCLASSINFO>waterbody</MACROCLASSINFO>
		<CLASSID>15</CLASSID>
		<CLASSINFO>C 1</CLASSINFO>
		<VALUES>[0.12149657615329384, 0.0018317765143149424, 0.14196633282170046, 0.0044476021569260695, 0.11499852215947748, 0.00817511415995259, 0.040276409791141, 0.002778365674798629, 0.009512655067891625, 0.002251996333371611, 0.007447396667829901, 0.0024698236317160244]</VALUES>
		<LCS_MIN>[0.11480241268873215, 0.13059961795806885, 0.09914273768663406, 0.03117443434894085, 0.0, 0.0]</LCS_MIN>
		<LCS_MAX>[0.12819267809391022, 0.15389388799667358, 0.13677896559238434, 0.05133836343884468, 0.017148496583104134, 0.01774763874709606]</LCS_MAX>
		<WAVELENGTH>[0.485, 0.56, 0.66, 0.83, 1.65, 2.215]</WAVELENGTH>
		<MEAN_VALUE>[0.12149657615329384, 0.14196633282170046, 0.11499852215947748, 0.040276409791141, 0.009512655067891625, 0.007447396667829901]</MEAN_VALUE>
		<CHECKBOX>2</CHECKBOX>
		<SD>[0.0018317765143149424, 0.0044476021569260695, 0.00817511415995259, 0.002778365674798629, 0.002251996333371611, 0.0024698236317160244]</SD>
		<WAVELENGTH_UNIT>E-6m</WAVELENGTH_UNIT>
		<COLOR>#444c4c</COLOR>
		<COVARIANCE_MATRIX>[[3.409650651568644e-06, 4.165979343108126e-06, 7.5294951772696405e-06, 2.4700737947996536e-06, 4.891618501700203e-07, 3.696155323121616e-07], [4.165979343108126e-06, 1.8788939293337978e-05, 2.9018880489821037e-05, 8.176074034071065e-06, 2.4975658193232913e-07, 1.8149879720292806e-07], [7.5294951772696405e-06, 2.9018880489821037e-05, 6.008241918464e-05, 1.5377685688086977e-05, -7.126924117200338e-07, -6.527243765029626e-07], [2.4700737947996536e-06, 8.176074034071065e-06, 1.5377685688086977e-05, 7.242505270381908e-06, 7.150958000174457e-07, 5.200707568158012e-07], [4.891618501700203e-07, 2.4975658193232913e-07, -7.126924117200338e-07, 7.150958000174457e-07, 5.004966625589228e-06, 1.2838427800243188e-06], [3.696155323121616e-07, 1.8149879720292806e-07, -6.527243765029626e-07, 5.200707568158012e-07, 1.2838427800243188e-06, 6.000799214497416e-06]]</COVARIANCE_MATRIX>
		<ROI_SIZE>71184</ROI_SIZE>
		<MAX_VALUE>[0.12819267809391022, 0.15389388799667358, 0.13677896559238434, 0.05133836343884468, 0.017148496583104134, 0.01774763874709606]</MAX_VALUE>
		<MIN_VALUE>[0.11480241268873215, 0.13059961795806885, 0.09914273768663406, 0.03117443434894085, 0.0, 0.0]</MIN_VALUE>
		<SIGNATURE_THRESHOLD_MD>0</SIGNATURE_THRESHOLD_MD>
		<SIGNATURE_THRESHOLD_ML>0</SIGNATURE_THRESHOLD_ML>
		<SIGNATURE_THRESHOLD_SAM>0</SIGNATURE_THRESHOLD_SAM>
	</signature>
	<signature ID="20220107_142420214019_894">
		<MACROCLASSID>1</MACROCLASSID>
		<MACROCLASSINFO>waterbody</MACROCLASSINFO>
		<CLASSID>16</CLASSID>
		<CLASSINFO>C 1</CLASSINFO>
		<VALUES>[0.11791462048658477, 0.003957867776957209, 0.13748722552447348, 0.006135252566029977, 0.12523020628255116, 0.004303524026387031, 0.0551410805319132, 0.009158384488106667, 0.009038426004004674, 0.0027161996344378923, 0.006706672217233253, 0.0024977504152320635]</VALUES>
		<LCS_MIN>[0.10007314383983612, 0.11021710187196732, 0.09914273768663406, 0.044617053121328354, 0.0, 0.0]</LCS_MIN>
		<LCS_MAX>[0.12685362994670868, 0.1509820967912674, 0.13409067690372467, 0.10846950858831406, 0.04527627304196358, 0.023962102830410004]</LCS_MAX>
		<WAVELENGTH>[0.485, 0.56, 0.66, 0.83, 1.65, 2.215]</WAVELENGTH>
