<?xml version="1.0" ?>
<signaturelist MCID_LIST="[['1', 'waterbody', '#000000'], ['2', 'vegetation', '#000000'], ['3', 'bareland', '#000000'], ['4', 'built-up', '#000000']]">
	<signature ID="20220209_134635326387_162">
		<MACROCLASSID>1</MACROCLASSID>
		<MACROCLASSINFO>waterbody</MACROCLASSINFO>
		<CLASSID>1</CLASSID>
		<CLASSINFO>C 1</CLASSINFO>
		<VALUES>[0.12290063479626318, 0.0016532733945348445, 0.14066976916180174, 0.002371722877051021, 0.11706342286255113, 0.0030898691684326162, 0.052476332479897324, 0.003172720160490043, 0.012811863409177037, 0.0019451818084073149, 0.009382291866786028, 0.002273885243014597]</VALUES>
		<LCS_MIN>[0.11748045682907104, 0.13351137936115265, 0.1098959669470787, 0.044617053121328354, 0.004166445694863796, 0.0]</LCS_MIN>
		<LCS_MAX>[0.13087069988250732, 0.1480703055858612, 0.1314023733139038, 0.06142032891511917, 0.02147584781050682, 0.01774763874709606]</LCS_MAX>
		<WAVELENGTH>[0.485, 0.56, 0.66, 0.83, 1.65, 2.215]</WAVELENGTH>
		<MEAN_VALUE>[0.12290063479626318, 0.14066976916180174, 0.11706342286255113, 0.052476332479897324, 0.012811863409177037, 0.009382291866786028]</MEAN_VALUE>
		<CHECKBOX>2</CHECKBOX>
		<SD>[0.0016532733945348445, 0.002371722877051021, 0.0030898691684326162, 0.003172720160490043, 0.0019451818084073149, 0.002273885243014597]</SD>
		<WAVELENGTH_UNIT>E-6m</WAVELENGTH_UNIT>
		<COLOR>#918fbd</COLOR>
		<COVARIANCE_MATRIX>[[2.7361337053891525e-06, 1.0201471108573553e-06, 1.6744469237463068e-06, 5.313710690341206e-07, 3.397470543117708e-07, 2.6345552608457256e-07], [1.0201471108573553e-06, 5.796720248610162e-06, 3.2147032782510594e-06, 1.7521809768496424e-06, 4.75973729572196e-07, 2.4375801849798895e-07], [1.6744469237463068e-06, 3.2147032782510594e-06, 1.0390999357158633e-05, 4.68545133071656e-06, 7.582537456227734e-07, 3.675130191277585e-07], [5.313710690341206e-07, 1.7521809768496424e-06, 4.68545133071656e-06, 8.938807214769296e-06, 8.191466920215688e-07, 3.5352915795718506e-07], [3.397470543117708e-07, 4.75973729572196e-07, 7.582537456227734e-07, 8.191466920215688e-07, 3.688729881747107e-06, 3.218759656054274e-07], [2.6345552608457256e-07, 2.4375801849798895e-07, 3.675130191277585e-07, 3.5352915795718506e-07, 3.218759656054274e-07, 5.16905624022506e-06]]</COVARIANCE_MATRIX>
		<ROI_SIZE>10201</ROI_SIZE>
		<MAX_VALUE>[0.13087069988250732, 0.1480703055858612, 0.1314023733139038, 0.06142032891511917, 0.02147584781050682, 0.01774763874709606]</MAX_VALUE>
		<MIN_VALUE>[0.11748045682907104, 0.13351137936115265, 0.1098959669470787, 0.044617053121328354, 0.004166445694863796, 0.0]</MIN_VALUE>
		<SIGNATURE_THRESHOLD_MD>0</SIGNATURE_THRESHOLD_MD>
		<SIGNATURE_THRESHOLD_ML>0</SIGNATURE_THRESHOLD_ML>
		<SIGNATURE_THRESHOLD_SAM>0</SIGNATURE_THRESHOLD_SAM>
	</signature>
	<signature ID="20220209_134642429123_509">
		<MACROCLASSID>1</MACROCLASSID>
		<MACROCLASSINFO>waterbody</MACROCLASSINFO>
		<CLASSID>2</CLASSID>
		<CLASSINFO>C 1</CLASSINFO>
		<VALUES>[0.1172588558412014, 0.0017801506970951937, 0.13597188483268627, 0.0024613667238277564, 0.12129588773698458, 0.0033909974214302776, 0.05490647236859151, 0.0035897748296239754, 0.009300932815282296, 0.0020563080416648714, 0.007010934563042285, 0.0022921111015369463]</VALUES>
		<LCS_MIN>[0.10944632440805435, 0.11895245313644409, 0.11258425563573837, 0.047977712005376816, 0.00200277054682374, 0.0]</LCS_MIN>
		<LCS_MAX>[0.12417558580636978, 0.1451585441827774, 0.1314023733139038, 0.08158426731824875, 0.030130548402667046, 0.01774763874709606]</LCS_MAX>
		<WAVELENGTH>[0.485, 0.56, 0.66, 0.83, 1.65, 2.215]</WAVELENGTH>
		<MEAN_VALUE>[0.1172588558412014, 0.13597188483268627, 0.12129588773698458, 0.05490647236859151, 0.009300932815282296, 0.007010934563042285]</MEAN_VALUE>
		<CHECKBOX>2</CHECKBOX>
		<SD>[0.0017801506970951937, 0.0024613667238277564, 0.0033909974214302776, 0.0035897748296239754, 0.0020563080416648714, 0.0022921111015369463]</SD>
		<WAVELENGTH_UNIT>E-6m</WAVELENGTH_UNIT>
		<COLOR>#40c6fb</COLOR>
		<COVARIANCE_MATRIX>[[2.9297578370427812e-06, 1.340198213795112e-06, 1.556866655962613e-06, -1.600779692046761e-06, -3.982807368955104e-07, -2.017766452133078e-07], [1.340198213795112e-06, 5.228987302223567e-06, 3.0194437071784797e-06, -3.2077610526604678e-06, -9.21342360805519e-07, -4.70898552826292e-07], [1.556866655962613e-06, 3.0194437071784797e-06, 1.0391994981451606e-05, -2.4196252136565187e-06, -7.287120418741174e-07, -4.207408827696827e-07], [-1.600779692046761e-06, -3.2077610526604678e-06, -2.4196252136565187e-06, 1.0150388938997988e-05, 1.518652199145252e-06, 7.410638446354532e-07], [-3.982807368955104e-07, -9.21342360805519e-07, -7.287120418741174e-07, 1.518652199145252e-06, 4.01020888164449e-06, 3.1234043745648003e-07], [-2.017766452133078e-07, -4.70898552826292e-07, -4.207408827696827e-07, 7.410638446354532e-07, 3.1234043745648003e-07, 5.225720078550564e-06]]</COVARIANCE_MATRIX>
		<ROI_SIZE>10134</ROI_SIZE>
		<MAX_VALUE>[0.12417558580636978, 0.1451585441827774, 0.1314023733139038, 0.08158426731824875, 0.030130548402667046, 0.01774763874709606]</MAX_VALUE>
		<MIN_VALUE>[0.10944632440805435, 0.11895245313644409, 0.11258425563573837, 0.047977712005376816, 0.00200277054682374, 0.0]</MIN_VALUE>
		<SIGNATURE_THRESHOLD_MD>0</SIGNATURE_THRESHOLD_MD>
		<SIGNATURE_THRESHOLD_ML>0</SIGNATURE_THRESHOLD_ML>
		<SIGNATURE_THRESHOLD_SAM>0</SIGNATURE_THRESHOLD_SAM>
	</signature>
	<signature ID="20220209_134645965589_199">
		<MACROCLASSID>1</MACROCLASSID>
		<MACROCLASSINFO>waterbody</MACROCLASSINFO>
		<CLASSID>3</CLASSID>
		<CLASSINFO>C 1</CLASSINFO>
		<VALUES>[0.11933387313342975, 0.0032155079399256046, 0.1399363794196376, 0.0042900937350059615, 0.12335736622053642, 0.003366738194189011, 0.05244700756953985, 0.0072929037407308585, 0.009655210682376297, 0.002446106202789372, 0.006978472841070909, 0.0023718012661531175]</VALUES>
		<LCS_MIN>[0.10810729116201401, 0.12186423689126968, 0.11527255177497864, 0.04125640168786049, 0.004166445694863796, 0.0]</LCS_MIN>
		<LCS_MAX>[0.12819267809391022, 0.1509820967912674, 0.1314023733139038, 0.08494492620229721, 0.02580319717526436, 0.01774763874709606]</LCS_MAX>
		<WAVELENGTH>[0.485, 0.56, 0.66, 0.83, 1.65, 2.215]</WAVELENGTH>
		<MEAN_VALUE>[0.11933387313342975, 0.1399363794196376, 0.12335736622053642, 0.05244700756953985, 0.009655210682376297, 0.006978472841070909]</MEAN_VALUE>
		<CHECKBOX>2</CHECKBOX>
		<SD>[0.0032155079399256046, 0.0042900937350059615, 0.003366738194189011, 0.0072929037407308585, 0.002446106202789372, 0.0023718012661531175]</SD>
		<WAVELENGTH_UNIT>E-6m</WAVELENGTH_UNIT>
		<COLOR>#ededdc</COLOR>
		<COVARIANCE_MATRIX>[[8.177986544365868e-06, 8.492614859096459e-06, 3.401466234850736e-06, -1.4086420499618414e-05, -3.0133925471706826e-06, -1.1463582990816224e-06], [8.492614859096459e-06, 1.559428375271009e-05, 4.48372280748449e-06, -1.973934518185271e-05, -4.378277990718239e-06, -1.717367505950057e-06], [3.401466234850736e-06, 4.48372280748449e-06, 1.201316190976839e-05, -3.0770451672372933e-06, -4.5304683826231024e-07, -5.353785912425911e-08], [-1.4086420499618414e-05, -1.973934518185271e-05, -3.0770451672372933e-06, 4.0824968350025376e-05, 8.480355861280471e-06, 3.624106881606409e-06], [-3.0133925471706826e-06, -4.378277990718239e-06, -4.5304683826231024e-07, 8.480355861280471e-06, 5.40409693837171e-06, 9.758668888091456e-07], [-1.1463582990816224e-06, -1.717367505950057e-06, -5.353785912425911e-08, 3.624106881606409e-06, 9.758668888091456e-07, 5.623245154522201e-06]]</COVARIANCE_MATRIX>
		<ROI_SIZE>9945</ROI_SIZE>
		<MAX_VALUE>[0.12819267809391022, 0.1509820967912674, 0.1314023733139038, 0.08494492620229721, 0.02580319717526436, 0.01774763874709606]</MAX_VALUE>
		<MIN_VALUE>[0.10810729116201401, 0.12186423689126968, 0.11527255177497864, 0.04125640168786049, 0.004166445694863796, 0.0]</MIN_VALUE>
		<SIGNATURE_THRESHOLD_MD>0</SIGNATURE_THRESHOLD_MD>
		<SIGNATURE_THRESHOLD_ML>0</SIGNATURE_THRESHOLD_ML>
		<SIGNATURE_THRESHOLD_SAM>0</SIGNATURE_THRESHOLD_SAM>
	</signature>
	<signature ID="20220209_134651038072_626">
		<MACROCLASSID>1</MACROCLASSID>
		<MACROCLASSINFO>waterbody</MACROCLASSINFO>
		<CLASSID>4</CLASSID>
		<CLASSINFO>C 1</CLASSINFO>
		<VALUES>[0.11781616646635854, 0.002204005368325748, 0.13824625585283373, 0.0034314008910106032, 0.11826696441220015, 0.005329869860444944, 0.05028938435096205, 0.0024024056461730255, 0.010396331878459945, 0.0023399243631276483, 0.0076802202236215585, 0.0023757938403162543]</VALUES>
		<LCS_MIN>[0.09873412549495697, 0.10439351946115494, 0.08838953822851181, 0.04125640168786049, 0.004166445694863796, 0.0]</LCS_MIN>
		<LCS_MAX>[0.12417558580636978, 0.1509820967912674, 0.13409067690372467, 0.08158426731824875, 0.04094892367720604, 0.01774763874709606]</LCS_MAX>
		<WAVELENGTH>[0.485, 0.56, 0.66, 0.83, 1.65, 2.215]</WAVELENGTH>
		<MEAN_VALUE>[0.11781616646635854, 0.13824625585283373, 0.11826696441220015, 0.05028938435096205, 0.010396331878459945, 0.0076802202236215585]</MEAN_VALUE>
		<CHECKBOX>2</CHECKBOX>
		<SD>[0.002204005368325748, 0.0034314008910106032, 0.005329869860444944, 0.0024024056461730255, 0.0023399243631276483, 0.0023757938403162543]</SD>
		<WAVELENGTH_UNIT>E-6m</WAVELENGTH_UNIT>
		<COLOR>#eeb26a</COLOR>
		<COVARIANCE_MATRIX>[[4.684522452314492e-06, 4.075536100540339e-06, 5.882941445725694e-06, -2.3841303431180717e-07, -9.11036716381578e-07, -1.220525164682483e-07], [4.075536100540339e-06, 1.0783670348223879e-05, 1.1648927305854468e-05, 2.0327242619779527e-07, -1.7061369729668493e-06, -4.046383123354209e-07], [5.882941445725694e-06, 1.1648927305854468e-05, 2.4815058893500942e-05, 1.6945535292134863e-06, -3.052110301445869e-06, -1.0753001598874505e-06], [-2.3841303431180717e-07, 2.0327242619779527e-07, 1.6945535292134863e-06, 6.237552090952854e-06, 1.2318186699410306e-06, 5.200788793433446e-07], [-9.11036716381578e-07, -1.7061369729668493e-06, -3.052110301445869e-06, 1.2318186699410306e-06, 5.302113370771294e-06, 7.028460951294749e-07], [-1.220525164682483e-07, -4.046383123354209e-07, -1.0753001598874505e-06, 5.200788793433446e-07, 7.028460951294749e-07, 5.4931816071669045e-06]]</COVARIANCE_MATRIX>
		<ROI_SIZE>10145</ROI_SIZE>
		<MAX_VALUE>[0.12417558580636978, 0.1509820967912674, 0.13409067690372467, 0.08158426731824875, 0.04094892367720604, 0.01774763874709606]</MAX_VALUE>
		<MIN_VALUE>[0.09873412549495697, 0.10439351946115494, 0.08838953822851181, 0.04125640168786049, 0.004166445694863796, 0.0]</MIN_VALUE>
		<SIGNATURE_THRESHOLD_MD>0</SIGNATURE_THRESHOLD_MD>
		<SIGNATURE_THRESHOLD_ML>0</SIGNATURE_THRESHOLD_ML>
		<SIGNATURE_THRESHOLD_SAM>0</SIGNATURE_THRESHOLD_SAM>
	</signature>
	<signature ID="20220209_134655410304_581">
		<MACROCLASSID>1</MACROCLASSID>
		<MACROCLASSINFO>waterbody</MACROCLASSINFO>
		<CLASSID>5</CLASSID>
		<CLASSINFO>C 1</CLASSINFO>
		<VALUES>[0.09529487711561334, 0.0020832353580249032, 0.10313700956950905, 0.004378568310046805, 0.09217798859355558, 0.005090558956252939, 0.07504490219578619, 0.008907785664048661, 0.017251857329504038, 0.005286215748887057, 0.009786595530351216, 0.003342219606015941]</VALUES>
		<LCS_MIN>[0.08802191913127899, 0.0810992419719696, 0.07494804263114929, 0.06142032891511917, 0.008493795990943909, 0.002211480401456356]</LCS_MIN>
		<LCS_MAX>[0.10141216218471527, 0.11021710187196732, 0.10720764845609665, 0.10510885715484619, 0.04094892367720604, 0.023962102830410004]</LCS_MAX>
		<WAVELENGTH>[0.485, 0.56, 0.66, 0.83, 1.65, 2.215]</WAVELENGTH>
		<MEAN_VALUE>[0.09529487711561334, 0.10313700956950905, 0.09217798859355558, 0.07504490219578619, 0.017251857329504038, 0.009786595530351216]</MEAN_VALUE>
		<CHECKBOX>2</CHECKBOX>
		<SD>[0.0020832353580249032, 0.004378568310046805, 0.005090558956252939, 0.008907785664048661, 0.005286215748887057, 0.003342219606015941]</SD>
		<WAVELENGTH_UNIT>E-6m</WAVELENGTH_UNIT>
		<COLOR>#970620</COLOR>
		<COVARIANCE_MATRIX>[[4.346791198961691e-06, 5.335060231216269e-06, 7.171251208353555e-06, -5.660323260253096e-06, -4.652849839250144e-06, -2.2805343682711155e-06], [5.335060231216269e-06, 1.920243757564366e-05, 1.601634134118838e-05, -1.940444421842129e-05, -1.3103257202679786e-05, -6.296220548320134e-06], [7.171251208353555e-06, 1.601634134118838e-05, 2.5955120296476344e-05, -1.3701728713697249e-05, -1.4038503094545268e-05, -6.628446862590927e-06], [-5.660323260253096e-06, -1.940444421842129e-05, -1.3701728713697249e-05, 7.947519830016633e-05, 3.324157830644303e-05, 1.6273245952643236e-05], [-4.652849839250144e-06, -1.3103257202679786e-05, -1.4038503094545268e-05, 3.324157830644303e-05, 2.7988644849592995e-05, 1.15896110027387e-05], [-2.2805343682711155e-06, -6.296220548320134e-06, -6.628446862590927e-06, 1.6273245952643236e-05, 1.15896110027387e-05, 1.1188247575690365e-05]]</COVARIANCE_MATRIX>
		<ROI_SIZE>628</ROI_SIZE>
		<MAX_VALUE>[0.10141216218471527, 0.11021710187196732, 0.10720764845609665, 0.10510885715484619, 0.04094892367720604, 0.023962102830410004]</MAX_VALUE>
		<MIN_VALUE>[0.08802191913127899, 0.0810992419719696, 0.07494804263114929, 0.06142032891511917, 0.008493795990943909, 0.002211480401456356]</MIN_VALUE>
		<SIGNATURE_THRESHOLD_MD>0</SIGNATURE_THRESHOLD_MD>
		<SIGNATURE_THRESHOLD_ML>0</SIGNATURE_THRESHOLD_ML>
		<SIGNATURE_THRESHOLD_SAM>0</SIGNATURE_THRESHOLD_SAM>
	</signature>
	<signature ID="20220209_134700692891_966">
		<MACROCLASSID>1</MACROCLASSID>
		<MACROCLASSINFO>waterbody</MACROCLASSINFO>
		<CLASSID>6</CLASSID>
		<CLASSINFO>C 1</CLASSINFO>
		<VALUES>[0.10952866458243474, 0.002494626726470102, 0.12681007930446672, 0.003972327531499024, 0.099900631624616, 0.0041248899475918996, 0.0406567060324256, 0.00345349329428036, 0.008911154667487995, 0.002192091634505906, 0.0066040108990970195, 0.0024239556384738526]</VALUES>
		<LCS_MIN>[0.09873412549495697, 0.10730531811714172, 0.09107783436775208, 0.034535087645053864, 0.00200277054682374, 0.0]</LCS_MIN>
		<LCS_MAX>[0.11748045682907104, 0.13642318546772003, 0.11527255177497864, 0.07486295700073242, 0.03878524899482727, 0.03639103099703789]</LCS_MAX>
		<WAVELENGTH>[0.485, 0.56, 0.66, 0.83, 1.65, 2.215]</WAVELENGTH>
		<MEAN_VALUE>[0.10952866458243474, 0.12681007930446672, 0.099900631624616, 0.0406567060324256, 0.008911154667487995, 0.0066040108990970195]</MEAN_VALUE>
		<CHECKBOX>2</CHECKBOX>
		<SD>[0.002494626726470102, 0.003972327531499024, 0.0041248899475918996, 0.00345349329428036, 0.002192091634505906, 0.0024239556384738526]</SD>
		<WAVELENGTH_UNIT>E-6m</WAVELENGTH_UNIT>
		<COLOR>#29c448</COLOR>
		<COVARIANCE_MATRIX>[[6.497700365107784e-06, 7.494817389895185e-06, 2.946051534359809e-06, -3.7065455148468417e-06, -1.717062343161257e-06, -6.380619375150823e-07], [7.494817389895185e-06, 1.6008180562535382e-05, 6.027114017808031e-06, -5.08716098350565e-06, -2.827551656778651e-06, -1.111407213937119e-06], [2.946051534359809e-06, 6.027114017808031e-06, 1.4252541980886335e-05, 4.776433471684616e-06, -1.7238049510608252e-07, -1.6006125399166828e-07], [-3.7065455148468417e-06, -5.08716098350565e-06, 4.776433471684616e-06, 1.2742115080067831e-05, 3.347673861210404e-06, 1.4537947787809577e-06], [-1.717062343161257e-06, -2.827551656778651e-06, -1.7238049510608252e-07, 3.347673861210404e-06, 5.1155981263154435e-06, 9.859243320812696e-07], [-6.380619375150823e-07, -1.111407213937119e-06, -1.6006125399166828e-07, 1.4537947787809577e-06, 9.859243320812696e-07, 5.8282895916227985e-06]]</COVARIANCE_MATRIX>
		<ROI_SIZE>8784</ROI_SIZE>
		<MAX_VALUE>[0.11748045682907104, 0.13642318546772003, 0.11527255177497864, 0.07486295700073242, 0.03878524899482727, 0.03639103099703789]</MAX_VALUE>
		<MIN_VALUE>[0.09873412549495697, 0.10730531811714172, 0.09107783436775208, 0.034535087645053864, 0.00200277054682374, 0.0]</MIN_VALUE>
		<SIGNATURE_THRESHOLD_MD>0</SIGNATURE_THRESHOLD_MD>
		<SIGNATURE_THRESHOLD_ML>0</SIGNATURE_THRESHOLD_ML>
		<SIGNATURE_THRESHOLD_SAM>0</SIGNATURE_THRESHOLD_SAM>
	</signature>
	<signature ID="20220209_134719850328_110">
		<MACROCLASSID>1</MACROCLASSID>
		<MACROCLASSINFO>waterbody</MACROCLASSINFO>
		<CLASSID>7</CLASSID>
		<CLASSINFO>C 1</CLASSINFO>
		<VALUES>[0.09241095102495617, 0.006647423760435822, 0.08239337098267344, 0.00971673391024795, 0.07420128480427794, 0.011711369350129982, 0.11948498959342638, 0.02031291538708602, 0.08290018244749969, 0.012924603941499559, 0.05762378561000029, 0.010776219344538195]</VALUES>
		<LCS_MIN>[0.0826658234000206, 0.06945209205150604, 0.05881822481751442, 0.07822361588478088, 0.05609465017914772, 0.03328380361199379]</LCS_MIN>
		<LCS_MAX>[0.10676825791597366, 0.10148175060749054, 0.0964544415473938, 0.14879736304283142, 0.10369549691677094, 0.07678505778312683]</LCS_MAX>
		<WAVELENGTH>[0.485, 0.56, 0.66, 0.83, 1.65, 2.215]</WAVELENGTH>
		<MEAN_VALUE>[0.09241095102495617, 0.08239337098267344, 0.07420128480427794, 0.11948498959342638, 0.08290018244749969, 0.05762378561000029]</MEAN_VALUE>
		<CHECKBOX>2</CHECKBOX>
		<SD>[0.006647423760435822, 0.00971673391024795, 0.011711369350129982, 0.02031291538708602, 0.012924603941499559, 0.010776219344538195]</SD>
		<WAVELENGTH_UNIT>E-6m</WAVELENGTH_UNIT>
		<COLOR>#a4b269</COLOR>
		<COVARIANCE_MATRIX>[[4.678755104203066e-05, 6.600187565425063e-05, 7.7158274995565e-05, 8.989703778739848e-05, 5.727204835220097e-05, 6.090063605420919e-05], [6.600187565425063e-05, 9.996873658153669e-05, 0.00011613734753041812, 0.00012938620668480637, 9.223762804299942e-05, 9.17178015101057e-05], [7.7158274995565e-05, 0.00011613734753041812, 0.00014522418217605596, 0.0001591067814820121, 9.817903746385396e-05, 9.786318144685202e-05], [8.989703778739848e-05, 0.00012938620668480637, 0.0001591067814820121, 0.0004368859745536759, 0.00016769289814765593, 0.0001159918274447899], [5.727204835220097e-05, 9.223762804299942e-05, 9.817903746385396e-05, 0.00016769289814765593, 0.0001768715862825451, 0.0001274082164132955], [6.090063605420919e-05, 9.17178015101057e-05, 9.786318144685202e-05, 0.0001159918274447899, 0.0001274082164132955, 0.0001229578976769874]]</COVARIANCE_MATRIX>
		<ROI_SIZE>18</ROI_SIZE>
		<MAX_VALUE>[0.10676825791597366, 0.10148175060749054, 0.0964544415473938, 0.14879736304283142, 0.10369549691677094, 0.07678505778312683]</MAX_VALUE>
		<MIN_VALUE>[0.0826658234000206, 0.06945209205150604, 0.05881822481751442, 0.07822361588478088, 0.05609465017914772, 0.03328380361199379]</MIN_VALUE>
		<SIGNATURE_THRESHOLD_MD>0</SIGNATURE_THRESHOLD_MD>
		<SIGNATURE_THRESHOLD_ML>0</SIGNATURE_THRESHOLD_ML>
		<SIGNATURE_THRESHOLD_SAM>0</SIGNATURE_THRESHOLD_SAM>
	</signature>
	<signature ID="20220209_134733149000_839">
		<MACROCLASSID>1</MACROCLASSID>
		<MACROCLASSINFO>waterbody</MACROCLASSINFO>
		<CLASSID>8</CLASSID>
		<CLASSINFO>C 1</CLASSINFO>
		<VALUES>[0.09498939208560073, 0.005516973049403695, 0.08035895897675369, 0.0074399318009855785, 0.06866014559390182, 0.009819742599953468, 0.11410857396105588, 0.02042277502756156, 0.07358741507691854, 0.0179763156349752, 0.04539673816475829, 0.014491955289118291]</VALUES>
		<LCS_MIN>[0.08802191913127899, 0.06945209205150604, 0.05344163253903389, 0.06142032891511917, 0.03878524899482727, 0.01774763874709606]</LCS_MIN>
		<LCS_MAX>[0.1161414384841919, 0.10439351946115494, 0.10183104127645493, 0.14879736304283142, 0.10369549691677094, 0.07678505778312683]</LCS_MAX>
		<WAVELENGTH>[0.485, 0.56, 0.66, 0.83, 1.65, 2.215]</WAVELENGTH>
		<MEAN_VALUE>[0.09498939208560073, 0.08035895897675369, 0.06866014559390182, 0.11410857396105588, 0.07358741507691854, 0.04539673816475829]</MEAN_VALUE>
		<CHECKBOX>2</CHECKBOX>
		<SD>[0.005516973049403695, 0.0074399318009855785, 0.009819742599953468, 0.02042277502756156, 0.0179763156349752, 0.014491955289118291]</SD>
		<WAVELENGTH_UNIT>E-6m</WAVELENGTH_UNIT>
		<COLOR>#881020</COLOR>
		<COVARIANCE_MATRIX>[[3.096176734556818e-05, 3.9329062866243944e-05, 5.207574960864041e-05, 3.211018829059142e-05, 5.289829994262607e-05, 6.242570630288284e-05], [3.9329062866243944e-05, 5.630694012061513e-05, 7.165303903237748e-05, 5.4017624130190375e-05, 8.084531300388704e-05, 9.086197794552088e-05], [5.207574960864041e-05, 7.165303903237748e-05, 9.808988515570899e-05, 7.08050963461117e-05, 0.00010697500823401766, 0.00011938794167164696], [3.211018829059142e-05, 5.4017624130190375e-05, 7.08050963461117e-05, 0.00042428094223719205, 0.00021909507196698257, 0.00011829867407219429], [5.289829994262607e-05, 8.084531300388704e-05, 0.00010697500823401766, 0.00021909507196698257, 0.00032871943973598243, 0.00022643996050357164], [6.242570630288284e-05, 9.086197794552088e-05, 0.00011938794167164696, 0.00011829867407219429, 0.00022643996050357164, 0.0002136377468621795]]</COVARIANCE_MATRIX>
		<ROI_SIZE>59</ROI_SIZE>
		<MAX_VALUE>[0.1161414384841919, 0.10439351946115494, 0.10183104127645493, 0.14879736304283142, 0.10369549691677094, 0.07678505778312683]</MAX_VALUE>
		<MIN_VALUE>[0.08802191913127899, 0.06945209205150604, 0.05344163253903389, 0.06142032891511917, 0.03878524899482727, 0.01774763874709606]</MIN_VALUE>
		<SIGNATURE_THRESHOLD_MD>0</SIGNATURE_THRESHOLD_MD>
		<SIGNATURE_THRESHOLD_ML>0</SIGNATURE_THRESHOLD_ML>
		<SIGNATURE_THRESHOLD_SAM>0</SIGNATURE_THRESHOLD_SAM>
	</signature>
	<signature ID="20220209_134746798436_763">
		<MACROCLASSID>1</MACROCLASSID>
		<MACROCLASSINFO>waterbody</MACROCLASSINFO>
		<CLASSID>9</CLASSID>
		<CLASSINFO>C 1</CLASSINFO>
		<VALUES>[0.10631955169299809, 0.003069470687433569, 0.09302517906465427, 0.0040753740520645294, 0.08278414813127921, 0.005506020237434523, 0.07554223739165575, 0.016857386862319797, 0.04348088363978141, 0.013488679206598244, 0.030027816795367507, 0.010110750379204605]</VALUES>
		<LCS_MIN>[0.10007314383983612, 0.0840110257267952, 0.06957142800092697, 0.05469902977347374, 0.02580319717526436, 0.01464040856808424]</LCS_MIN>
		<LCS_MAX>[0.11881949752569199, 0.10730531811714172, 0.10451935231685638, 0.11519081145524979, 0.08422242850065231, 0.06435611099004745]</LCS_MAX>
		<WAVELENGTH>[0.485, 0.56, 0.66, 0.83, 1.65, 2.215]</WAVELENGTH>
		<MEAN_VALUE>[0.10631955169299809, 0.09302517906465427, 0.08278414813127921, 0.07554223739165575, 0.04348088363978141, 0.030027816795367507]</MEAN_VALUE>
		<CHECKBOX>2</CHECKBOX>
		<SD>[0.003069470687433569, 0.0040753740520645294, 0.005506020237434523, 0.016857386862319797, 0.013488679206598244, 0.010110750379204605]</SD>
		<WAVELENGTH_UNIT>E-6m</WAVELENGTH_UNIT>
		<COLOR>#eda499</COLOR>
		<COVARIANCE_MATRIX>[[9.472033457703762e-06, 9.299767268492751e-06, 1.3621848476615709e-05, 1.6188773918603965e-05, 2.25691870191804e-05, 2.1047682644977394e-05], [9.299767268492751e-06, 1.6697490100948055e-05, 1.8775385589640294e-05, 2.4456530395098702e-05, 2.984779419673096e-05, 2.6555488192348206e-05], [1.3621848476615709e-05, 1.8775385589640294e-05, 3.047837788634882e-05, 3.1559427027034875e-05, 4.450245966843057e-05, 4.034690153513895e-05], [1.6188773918603965e-05, 2.4456530395098702e-05, 3.1559427027034875e-05, 0.00028569112547204007, 0.0001890373259845359, 0.00011636331007340472], [2.25691870191804e-05, 2.984779419673096e-05, 4.450245966843057e-05, 0.0001890373259845359, 0.00018291743180128854, 0.00012268765796610677], [2.1047682644977394e-05, 2.6555488192348206e-05, 4.034690153513895e-05, 0.00011636331007340472, 0.00012268765796610677, 0.00010277394314091014]]</COVARIANCE_MATRIX>
		<ROI_SIZE>188</ROI_SIZE>
		<MAX_VALUE>[0.11881949752569199, 0.10730531811714172, 0.10451935231685638, 0.11519081145524979, 0.08422242850065231, 0.06435611099004745]</MAX_VALUE>
		<MIN_VALUE>[0.10007314383983612, 0.0840110257267952, 0.06957142800092697, 0.05469902977347374, 0.02580319717526436, 0.01464040856808424]</MIN_VALUE>
		<SIGNATURE_THRESHOLD_MD>0</SIGNATURE_THRESHOLD_MD>
		<SIGNATURE_THRESHOLD_ML>0</SIGNATURE_THRESHOLD_ML>
		<SIGNATURE_THRESHOLD_SAM>0</SIGNATURE_THRESHOLD_SAM>
	</signature>
	<signature ID="20220209_134756807513_463">
		<MACROCLASSID>1</MACROCLASSID>
		<MACROCLASSINFO>waterbody</MACROCLASSINFO>
		<CLASSID>10</CLASSID>
		<CLASSINFO>C 1</CLASSINFO>
		<VALUES>[0.10722948718402124, 0.0029074683695089745, 0.09546405706140734, 0.0038039393357716463, 0.086418119404051, 0.004755244961572753, 0.0747882739951213, 0.011302307642360478, 0.044939701362616505, 0.011003877229404138, 0.03283497718059355, 0.009544156352314545]</VALUES>
		<LCS_MIN>[0.10275118798017502, 0.08692281693220139, 0.07763634622097015, 0.05133836343884468, 0.027966871857643127, 0.01774763874709606]</LCS_MIN>
		<LCS_MAX>[0.11881949752569199, 0.10730531811714172, 0.10451935231685638, 0.09838753938674927, 0.07556772977113724, 0.05814165994524956]</LCS_MAX>
		<WAVELENGTH>[0.485, 0.56, 0.66, 0.83, 1.65, 2.215]</WAVELENGTH>
		<MEAN_VALUE>[0.10722948718402124, 0.09546405706140734, 0.086418119404051, 0.0747882739951213, 0.044939701362616505, 0.03283497718059355]</MEAN_VALUE>
		<CHECKBOX>2</CHECKBOX>
		<SD>[0.0029074683695089745, 0.0038039393357716463, 0.004755244961572753, 0.011302307642360478, 0.011003877229404138, 0.009544156352314545]</SD>
		<WAVELENGTH_UNIT>E-6m</WAVELENGTH_UNIT>
		<COLOR>#82411e</COLOR>
		<COVARIANCE_MATRIX>[[8.548354031152383e-06, 8.808415696026905e-06, 1.1192774253812582e-05, 1.823707181480039e-05, 1.8061102405177764e-05, 1.8160933802772543e-05], [8.808415696026905e-06, 1.46325382283233e-05, 1.4740800059677679e-05, 1.9556347803882625e-05, 2.2373817022218202e-05, 2.0853511684938634e-05], [1.1192774253812582e-05, 1.4740800059677679e-05, 2.286642604506383e-05, 3.142094387910078e-05, 3.494758431269623e-05, 3.3456493936667005e-05], [1.823707181480039e-05, 1.9556347803882625e-05, 3.142094387910078e-05, 0.0001291774631891057, 9.711677598313488e-05, 7.775564285446198e-05], [1.8061102405177764e-05, 2.2373817022218202e-05, 3.494758431269623e-05, 9.711677598313488e-05, 0.00012244582322676288, 9.517845569294596e-05], [1.8160933802772543e-05, 2.0853511684938634e-05, 3.3456493936667005e-05, 7.775564285446198e-05, 9.517845569294596e-05, 9.211441396593643e-05]]</COVARIANCE_MATRIX>
		<ROI_SIZE>90</ROI_SIZE>
		<MAX_VALUE>[0.11881949752569199, 0.10730531811714172, 0.10451935231685638, 0.09838753938674927, 0.07556772977113724, 0.05814165994524956]</MAX_VALUE>
		<MIN_VALUE>[0.10275118798017502, 0.08692281693220139, 0.07763634622097015, 0.05133836343884468, 0.027966871857643127, 0.01774763874709606]</MIN_VALUE>
		<SIGNATURE_THRESHOLD_MD>0</SIGNATURE_THRESHOLD_MD>
		<SIGNATURE_THRESHOLD_ML>0</SIGNATURE_THRESHOLD_ML>
		<SIGNATURE_THRESHOLD_SAM>0</SIGNATURE_THRESHOLD_SAM>
	</signature>
	<signature ID="20220209_134801547006_507">
		<MACROCLASSID>1</MACROCLASSID>
		<MACROCLASSINFO>waterbody</MACROCLASSINFO>
		<CLASSID>11</CLASSID>
		<CLASSINFO>C 1</CLASSINFO>
		<VALUES>[0.1066534943523861, 0.002991947762721587, 0.09557498175473442, 0.00388495269125252, 0.08626450243450351, 0.0053598721814745835, 0.07511900514364242, 0.013432177093514203, 0.04459626096345131, 0.012848503256352442, 0.03189294357739743, 0.010129867043518865]</VALUES>
		<LCS_MIN>[0.10141216218471527, 0.08692281693220139, 0.07763634622097015, 0.05133836343884468, 0.02363952435553074, 0.01774763874709606]</LCS_MIN>
		<LCS_MAX>[0.11748045682907104, 0.11021710187196732, 0.10451935231685638, 0.10510885715484619, 0.0777314081788063, 0.06124888360500336]</LCS_MAX>
		<WAVELENGTH>[0.485, 0.56, 0.66, 0.83, 1.65, 2.215]</WAVELENGTH>
		<MEAN_VALUE>[0.1066534943523861, 0.09557498175473442, 0.08626450243450351, 0.07511900514364242, 0.04459626096345131, 0.03189294357739743]</MEAN_VALUE>
		<CHECKBOX>2</CHECKBOX>
		<SD>[0.002991947762721587, 0.00388495269125252, 0.0053598721814745835, 0.013432177093514203, 0.012848503256352442, 0.010129867043518865]</SD>
		<WAVELENGTH_UNIT>E-6m</WAVELENGTH_UNIT>
		<COLOR>#3fb8bd</COLOR>
		<COVARIANCE_MATRIX>[[9.03782594768984e-06, 8.950442685869869e-06, 1.3183401664109383e-05, 2.1923879471141773e-05, 2.2151734598187132e-05, 1.884183178869524e-05], [8.950442685869869e-06, 1.5237981042243939e-05, 1.7810281939486362e-05, 3.069529394885716e-05, 3.3018694737861425e-05, 2.7286925123589005e-05], [1.3183401664109383e-05, 1.7810281939486362e-05, 2.900446278060796e-05, 4.415794290784776e-05, 4.893302412973164e-05, 4.1271714668010106e-05], [2.1923879471141773e-05, 3.069529394885716e-05, 4.415794290784776e-05, 0.00018215822167798467, 0.00014679173377481845, 9.44409904690619e-05], [2.2151734598187132e-05, 3.3018694737861425e-05, 4.893302412973164e-05, 0.00014679173377481845, 0.00016667138242781177, 0.00011618118589366875], [1.884183178869524e-05, 2.7286925123589005e-05, 4.1271714668010106e-05, 9.44409904690619e-05, 0.00011618118589366875, 0.00010360088138013288]]</COVARIANCE_MATRIX>
		<ROI_SIZE>105</ROI_SIZE>
		<MAX_VALUE>[0.11748045682907104, 0.11021710187196732, 0.10451935231685638, 0.10510885715484619, 0.0777314081788063, 0.06124888360500336]</MAX_VALUE>
		<MIN_VALUE>[0.10141216218471527, 0.08692281693220139, 0.07763634622097015, 0.05133836343884468, 0.02363952435553074, 0.01774763874709606]</MIN_VALUE>
		<SIGNATURE_THRESHOLD_MD>0</SIGNATURE_THRESHOLD_MD>
		<SIGNATURE_THRESHOLD_ML>0</SIGNATURE_THRESHOLD_ML>
		<SIGNATURE_THRESHOLD_SAM>0</SIGNATURE_THRESHOLD_SAM>
	</signature>
	<signature ID="20220209_134808319549_678">
		<MACROCLASSID>1</MACROCLASSID>
		<MACROCLASSINFO>waterbody</MACROCLASSINFO>
		<CLASSID>12</CLASSID>
		<CLASSINFO>C 1</CLASSINFO>
		<VALUES>[0.10302823396592306, 0.001969820795133536, 0.09083866970292455, 0.002988672977952309, 0.08004653839201764, 0.0029402114210550227, 0.07474707156933588, 0.012681827311405965, 0.04176962696786584, 0.006709047891145303, 0.026855043424614547, 0.00461101185555695]</VALUES>
		<LCS_MIN>[0.09873412549495697, 0.0840110257267952, 0.07225973159074783, 0.05133836343884468, 0.027966871857643127, 0.01774763874709606]</LCS_MIN>
		<LCS_MAX>[0.10676825791597366, 0.09565817564725876, 0.08301293849945068, 0.09838753938674927, 0.05609465017914772, 0.03949826583266258]</LCS_MAX>
		<WAVELENGTH>[0.485, 0.56, 0.66, 0.83, 1.65, 2.215]</WAVELENGTH>
		<MEAN_VALUE>[0.10302823396592306, 0.09083866970292455, 0.08004653839201764, 0.07474707156933588, 0.04176962696786584, 0.026855043424614547]</MEAN_VALUE>
		<CHECKBOX>2</CHECKBOX>
		<SD>[0.001969820795133536, 0.002988672977952309, 0.0029402114210550227, 0.012681827311405965, 0.006709047891145303, 0.00461101185555695]</SD>
		<WAVELENGTH_UNIT>E-6m</WAVELENGTH_UNIT>
		<COLOR>#71e56b</COLOR>
		<COVARIANCE_MATRIX>[[4.018772320831255e-06, 2.496872288002254e-06, 4.065175858769053e-06, -1.041319159078606e-05, -3.4431079225556806e-06, 9.530719171328436e-07], [2.496872288002254e-06, 9.25117210375456e-06, 4.482641450165044e-06, -4.42277447798967e-06, -4.0346598143851656e-07, 1.838486876470042e-06], [4.065175858769053e-06, 4.482641450165044e-06, 8.953587600520343e-06, -2.2296821145965356e-05, -6.6188896614276914e-06, -1.8516886422276163e-06], [-1.041319159078606e-05, -4.42277447798967e-06, -2.2296821145965356e-05, 0.00016657262766904803, 4.632361445058652e-05, 2.64530599842267e-05], [-3.4431079225556806e-06, -4.0346598143851656e-07, -6.6188896614276914e-06, 4.632361445058652e-05, 4.661887087731271e-05, 2.2512251512055463e-05], [9.530719171328436e-07, 1.838486876470042e-06, -1.8516886422276163e-06, 2.64530599842267e-05, 2.2512251512055463e-05, 2.2020767129661277e-05]]</COVARIANCE_MATRIX>
		<ROI_SIZE>29</ROI_SIZE>
		<MAX_VALUE>[0.10676825791597366, 0.09565817564725876, 0.08301293849945068, 0.09838753938674927, 0.05609465017914772, 0.03949826583266258]</MAX_VALUE>
		<MIN_VALUE>[0.09873412549495697, 0.0840110257267952, 0.07225973159074783, 0.05133836343884468, 0.027966871857643127, 0.01774763874709606]</MIN_VALUE>
		<SIGNATURE_THRESHOLD_MD>0</SIGNATURE_THRESHOLD_MD>
		<SIGNATURE_THRESHOLD_ML>0</SIGNATURE_THRESHOLD_ML>
		<SIGNATURE_THRESHOLD_SAM>0</SIGNATURE_THRESHOLD_SAM>
	</signature>
	<signature ID="20220209_134836541771_358">
		<MACROCLASSID>1</MACROCLASSID>
		<MACROCLASSINFO>waterbody</MACROCLASSINFO>
		<CLASSID>13</CLASSID>
		<CLASSINFO>C 1</CLASSINFO>
		<VALUES>[0.10329970852079158, 0.0022677983378680323, 0.09036083169371248, 0.003168642623436642, 0.07935296537646326, 0.003905276572530818, 0.0726765051753406, 0.01091078630811847, 0.03954123039112751, 0.008386160914847762, 0.025085199388664166, 0.006481604162910777]</VALUES>
		<LCS_MIN>[0.09873412549495697, 0.0840110257267952, 0.07225973159074783, 0.05133836343884468, 0.02147584781050682, 0.011533177457749844]</LCS_MIN>
		<LCS_MAX>[0.10944632440805435, 0.09856995940208435, 0.09107783436775208, 0.09838753938674927, 0.06691303104162216, 0.04260549694299698]</LCS_MAX>
		<WAVELENGTH>[0.485, 0.56, 0.66, 0.83, 1.65, 2.215]</WAVELENGTH>
		<MEAN_VALUE>[0.10329970852079158, 0.09036083169371248, 0.07935296537646326, 0.0726765051753406, 0.03954123039112751, 0.025085199388664166]</MEAN_VALUE>
		<CHECKBOX>2</CHECKBOX>
		<SD>[0.0022677983378680323, 0.003168642623436642, 0.003905276572530818, 0.01091078630811847, 0.008386160914847762, 0.006481604162910777]</SD>
		<WAVELENGTH_UNIT>E-6m</WAVELENGTH_UNIT>
		<COLOR>#757f84</COLOR>
		<COVARIANCE_MATRIX>[[5.2056277073497115e-06, 3.844531155679906e-06, 5.675632885061916e-06, 8.238325539224114e-06, 8.801902179497567e-06, 5.566701925009164e-06], [3.844531155679906e-06, 1.016273871012118e-05, 9.299909673824752e-06, 1.2024124298330647e-05, 1.5347728113426076e-05, 1.0214768721157207e-05], [5.675632885061916e-06, 9.299909673824752e-06, 1.5437175170250268e-05, 1.2943704769015714e-05, 1.8618949851712377e-05, 1.200446004820415e-05], [8.238325539224114e-06, 1.2024124298330647e-05, 1.2943704769015714e-05, 0.00012049702929875995, 6.667200375812792e-05, 4.8839331604877635e-05], [8.801902179497567e-06, 1.5347728113426076e-05, 1.8618949851712377e-05, 6.667200375812792e-05, 7.11853497054486e-05, 4.595593761378566e-05], [5.566701925009164e-06, 1.0214768721157207e-05, 1.200446004820415e-05, 4.8839331604877635e-05, 4.595593761378566e-05, 4.252352414081675e-05]]</COVARIANCE_MATRIX>
		<ROI_SIZE>83</ROI_SIZE>
		<MAX_VALUE>[0.10944632440805435, 0.09856995940208435, 0.09107783436775208, 0.09838753938674927, 0.06691303104162216, 0.04260549694299698]</MAX_VALUE>
		<MIN_VALUE>[0.09873412549495697, 0.0840110257267952, 0.07225973159074783, 0.05133836343884468, 0.02147584781050682, 0.011533177457749844]</MIN_VALUE>
		<SIGNATURE_THRESHOLD_MD>0</SIGNATURE_THRESHOLD_MD>
		<SIGNATURE_THRESHOLD_ML>0</SIGNATURE_THRESHOLD_ML>
		<SIGNATURE_THRESHOLD_SAM>0</SIGNATURE_THRESHOLD_SAM>
	</signature>
	<signature ID="20220209_134842747087_519">
		<MACROCLASSID>1</MACROCLASSID>
		<MACROCLASSINFO>waterbody</MACROCLASSINFO>
		<CLASSID>14</CLASSID>
		<CLASSINFO>C 1</CLASSINFO>
		<VALUES>[0.10524600712876571, 0.004101280425411781, 0.09265443855210354, 0.00635771885519045, 0.08340910963321993, 0.008022043072805502, 0.09396562835103583, 0.013828537780275242, 0.06666249507351928, 0.014758016297007438, 0.0444698349621735, 0.010373345355525887]</VALUES>
		<LCS_MIN>[0.09739509224891663, 0.07818745821714401, 0.06419483572244644, 0.0681416466832161, 0.03878524899482727, 0.020854869857430458]</LCS_MIN>
		<LCS_MAX>[0.11748045682907104, 0.10730531811714172, 0.10720764845609665, 0.12191213667392731, 0.09504081308841705, 0.07367781549692154]</LCS_MAX>
		<WAVELENGTH>[0.485, 0.56, 0.66, 0.83, 1.65, 2.215]</WAVELENGTH>
		<MEAN_VALUE>[0.10524600712876571, 0.09265443855210354, 0.08340910963321993, 0.09396562835103583, 0.06666249507351928, 0.0444698349621735]</MEAN_VALUE>
		<CHECKBOX>2</CHECKBOX>
		<SD>[0.004101280425411781, 0.00635771885519045, 0.008022043072805502, 0.013828537780275242, 0.014758016297007438, 0.010373345355525887]</SD>
		<WAVELENGTH_UNIT>E-6m</WAVELENGTH_UNIT>
		<COLOR>#059694</COLOR>
		<COVARIANCE_MATRIX>[[1.6999442629226136e-05, 2.3127819433070837e-05, 2.8947556467626175e-05, 1.7181130874966917e-05, 2.0295745745026883e-05, 2.1458381795012526e-05], [2.3127819433070837e-05, 4.08505953080446e-05, 4.542114163641937e-05, 1.8535463050346525e-05, 2.001656241358333e-05, 2.924103833409721e-05], [2.8947556467626175e-05, 4.542114163641937e-05, 6.50377833072864e-05, 3.963827121687152e-05, 4.063093679629709e-05, 4.475167924183937e-05], [1.7181130874966917e-05, 1.8535463050346525e-05, 3.963827121687152e-05, 0.0001932628024292284, 0.00017424410133928526, 9.586953043838062e-05], [2.0295745745026883e-05, 2.001656241358333e-05, 4.063093679629709e-05, 0.00017424410133928526, 0.00022011605614000033, 0.00012205895960820524], [2.1458381795012526e-05, 2.924103833409721e-05, 4.475167924183937e-05, 9.586953043838062e-05, 0.00012205895960820524, 0.00010875104167208508]]</COVARIANCE_MATRIX>
		<ROI_SIZE>95</ROI_SIZE>
		<MAX_VALUE>[0.11748045682907104, 0.10730531811714172, 0.10720764845609665, 0.12191213667392731, 0.09504081308841705, 0.07367781549692154]</MAX_VALUE>
		<MIN_VALUE>[0.09739509224891663, 0.07818745821714401, 0.06419483572244644, 0.0681416466832161, 0.03878524899482727, 0.020854869857430458]</MIN_VALUE>
		<SIGNATURE_THRESHOLD_MD>0</SIGNATURE_THRESHOLD_MD>
		<SIGNATURE_THRESHOLD_ML>0</SIGNATURE_THRESHOLD_ML>
		<SIGNATURE_THRESHOLD_SAM>0</SIGNATURE_THRESHOLD_SAM>
	</signature>
	<signature ID="20220209_134912553025_309">
		<MACROCLASSID>1</MACROCLASSID>
		<MACROCLASSINFO>waterbody</MACROCLASSINFO>
		<CLASSID>15</CLASSID>
		<CLASSINFO>C 1</CLASSINFO>
		<VALUES>[0.105875584607323, 0.0026807043394642153, 0.09520754235840978, 0.0039038308974217594, 0.0885175532173543, 0.0048712762617732185, 0.11451068697940738, 0.01776612297268648, 0.09339229057409937, 0.01972789978115588, 0.06409718420001725, 0.01385627383894705]</VALUES>
		<LCS_MIN>[0.09873412549495697, 0.0840110257267952, 0.07763634622097015, 0.08158426731824875, 0.05825832858681679, 0.03328380361199379]</LCS_MIN>
		<LCS_MAX>[0.113463394343853, 0.10439351946115494, 0.10183104127645493, 0.14543671905994415, 0.13182328641414642, 0.0954284518957138]</LCS_MAX>
		<WAVELENGTH>[0.485, 0.56, 0.66, 0.83, 1.65, 2.215]</WAVELENGTH>
		<MEAN_VALUE>[0.105875584607323, 0.09520754235840978, 0.0885175532173543, 0.11451068697940738, 0.09339229057409937, 0.06409718420001725]</MEAN_VALUE>
		<CHECKBOX>2</CHECKBOX>
		<SD>[0.0026807043394642153, 0.0039038308974217594, 0.0048712762617732185, 0.01776612297268648, 0.01972789978115588, 0.01385627383894705]</SD>
		<WAVELENGTH_UNIT>E-6m</WAVELENGTH_UNIT>
		<COLOR>#69b697</COLOR>
		<COVARIANCE_MATRIX>[[7.2727561864128965e-06, 7.860536101502757e-06, 9.657024894392143e-06, -9.939903244471705e-07, 1.0867439546830158e-05, 1.2398419791354292e-05], [7.860536101502757e-06, 1.542350887657641e-05, 1.6185436178634083e-05, 1.7138660156750446e-05, 3.143209383266001e-05, 2.778773072774513e-05], [9.657024894392143e-06, 1.6185436178634083e-05, 2.4015227989822747e-05, 2.8388811161635782e-05, 5.340401564735277e-05, 4.522119693711131e-05], [-9.939903244471705e-07, 1.7138660156750446e-05, 2.8388811161635782e-05, 0.0003194379583177339, 0.0002943631324919499, 0.0001674023930036455], [1.0867439546830158e-05, 3.143209383266001e-05, 5.340401564735277e-05, 0.0002943631324919499, 0.0003938790662786476, 0.0002492925229266024], [1.2398419791354292e-05, 2.778773072774513e-05, 4.522119693711131e-05, 0.0001674023930036455, 0.0002492925229266024, 0.00019430953343121238]]</COVARIANCE_MATRIX>
		<ROI_SIZE>84</ROI_SIZE>
		<MAX_VALUE>[0.113463394343853, 0.10439351946115494, 0.10183104127645493, 0.14543671905994415, 0.13182328641414642, 0.0954284518957138]</MAX_VALUE>
		<MIN_VALUE>[0.09873412549495697, 0.0840110257267952, 0.07763634622097015, 0.08158426731824875, 0.05825832858681679, 0.03328380361199379]</MIN_VALUE>
		<SIGNATURE_THRESHOLD_MD>0</SIGNATURE_THRESHOLD_MD>
		<SIGNATURE_THRESHOLD_ML>0</SIGNATURE_THRESHOLD_ML>
		<SIGNATURE_THRESHOLD_SAM>0</SIGNATURE_THRESHOLD_SAM>
	</signature>
	<signature ID="20220209_134921130106_639">
		<MACROCLASSID>1</MACROCLASSID>
		<MACROCLASSINFO>waterbody</MACROCLASSINFO>
		<CLASSID>16</CLASSID>
		<CLASSINFO>C 1</CLASSINFO>
		<VALUES>[0.10315209934989844, 0.0037316880451335934, 0.09000896216331129, 0.0051153341474304585, 0.08013146834637594, 0.006865322482044633, 0.09939372682285884, 0.02100987764728375, 0.060227658309622456, 0.01638735022518307, 0.03696782329861455, 0.012552154022746191]</VALUES>
		<LCS_MIN>[0.09605607390403748, 0.07818745821714401, 0.06957142800092697, 0.06142032891511917, 0.032294224947690964, 0.01464040856808424]</LCS_MIN>
		<LCS_MAX>[0.1161414384841919, 0.10730531811714172, 0.10451935231685638, 0.14207607507705688, 0.09287713468074799, 0.07367781549692154]</LCS_MAX>
