<?xml version="1.0" ?>
<signaturelist MCID_LIST="[['1', 'waterbody', '#a0b17c'], ['2', 'vegetation', '#b99507'], ['3', 'bareland', '#bb3ef0'], ['4', 'built-up', '#41f6ab']]">
	<signature ID="20210610_120222636040_725">
		<MACROCLASSID>1</MACROCLASSID>
		<MACROCLASSINFO>waterbody</MACROCLASSINFO>
		<CLASSID>32</CLASSID>
		<CLASSINFO>C 1</CLASSINFO>
		<VALUES>[0.1386071, 0.0033390282, 0.12792274, 0.0032003566, 0.11451179, 0.0035154666, 0.07462145, 0.004255669, 0.008145714, 0.007981254, 0.00473963, 0.005492756]</VALUES>
		<LCS_MIN>[0.12023878, 0.1047171, 0.08192233, 0.048768893, 0.0, 0.0]</LCS_MIN>
		<LCS_MAX>[0.20538992, 0.21278445, 0.21121462, 0.23243797, 0.59344304, 0.26393816]</LCS_MAX>
		<WAVELENGTH>[0.485, 0.56, 0.66, 0.83, 1.65, 2.215]</WAVELENGTH>
		<MEAN_VALUE>[0.1386071, 0.12792274, 0.11451179, 0.07462145, 0.008145714, 0.00473963]</MEAN_VALUE>
		<CHECKBOX>2</CHECKBOX>
		<SD>[0.0033390282, 0.0032003566, 0.0035154666, 0.004255669, 0.007981254, 0.005492756]</SD>
		<WAVELENGTH_UNIT>E-6m</WAVELENGTH_UNIT>
		<COLOR>#a0b17c</COLOR>
		<COVARIANCE_MATRIX>[[1.1165221621922683e-05, 5.638855782308383e-06, 5.066479388915468e-06, -3.615797595557524e-06, -9.973408623409341e-07, -5.708119488190277e-07], [5.638855782308383e-06, 1.0246614692732692e-05, 7.076489964674693e-06, -2.934358917627833e-06, -9.502657576376805e-07, -2.9284976221788384e-07], [5.066479388915468e-06, 7.076489964674693e-06, 1.230447378475219e-05, -8.801143849268556e-07, -1.1000421409335104e-06, -1.723527134345204e-07], [-3.615797595557524e-06, -2.934358917627833e-06, -8.801143849268556e-07, 1.8058999557979405e-05, 1.699874337646179e-05, 1.3357986972550862e-05], [-9.973408623409341e-07, -9.502657576376805e-07, -1.1000421409335104e-06, 1.699874337646179e-05, 6.370093615259975e-05, 3.021939301106613e-05], [-5.708119488190277e-07, -2.9284976221788384e-07, -1.723527134345204e-07, 1.3357986972550862e-05, 3.021939301106613e-05, 3.023360295628663e-05]]</COVARIANCE_MATRIX>
		<ROI_SIZE>118186</ROI_SIZE>
		<MAX_VALUE>[0.20538992, 0.21278445, 0.21121462, 0.23243797, 0.59344304, 0.26393816]</MAX_VALUE>
		<MIN_VALUE>[0.12023878, 0.1047171, 0.08192233, 0.048768893, 0.0, 0.0]</MIN_VALUE>
		<SIGNATURE_THRESHOLD_MD>0.0</SIGNATURE_THRESHOLD_MD>
		<SIGNATURE_THRESHOLD_ML>0.0</SIGNATURE_THRESHOLD_ML>
		<SIGNATURE_THRESHOLD_SAM>0.0</SIGNATURE_THRESHOLD_SAM>
	</signature>
	<signature ID="20210610_121111776074_133">
		<MACROCLASSID>1</MACROCLASSID>
		<MACROCLASSINFO>waterbody</MACROCLASSINFO>
		<CLASSID>33</CLASSID>
		<CLASSINFO>C 1</CLASSINFO>
		<VALUES>[0.12396445, 0.003630238, 0.118016616, 0.0059305537, 0.0966313, 0.006612009, 0.046404034, 0.0039510992, 0.0064291162, 0.0030517732, 0.0038986376, 0.0029321904]</VALUES>
		<LCS_MIN>[0.110221006, 0.097745016, 0.07310694, 0.03774875, 0.0, 0.0]</LCS_MIN>
		<LCS_MAX>[0.13693509, 0.12911941, 0.11130692, 0.11488975, 0.06131454, 0.046570145]</LCS_MAX>
		<WAVELENGTH>[0.485, 0.56, 0.66, 0.83, 1.65, 2.215]</WAVELENGTH>
		<MEAN_VALUE>[0.12396445, 0.118016616, 0.0966313, 0.046404034, 0.0064291162, 0.0038986376]</MEAN_VALUE>
		<CHECKBOX>2</CHECKBOX>
		<SD>[0.003630238, 0.0059305537, 0.006612009, 0.0039510992, 0.0030517732, 0.0029321904]</SD>
		<WAVELENGTH_UNIT>E-6m</WAVELENGTH_UNIT>
		<COLOR>#5885cd</COLOR>
		<COVARIANCE_MATRIX>[[1.3179230336390901e-05, 1.6691454220563173e-05, 1.724651883705519e-05, -2.776643214019714e-06, -3.381227770660189e-06, -1.9867459286615485e-06], [1.6691454220563173e-05, 3.517308141454123e-05, 3.3665815863059834e-05, -3.1875163131189765e-06, -6.282105459831655e-06, -3.6347653349366738e-06], [1.724651883705519e-05, 3.3665815863059834e-05, 4.372066541691311e-05, 1.4569338873116067e-06, -7.136643489502603e-06, -4.180215000815224e-06], [-2.776643214019714e-06, -3.1875163131189765e-06, 1.4569338873116067e-06, 1.5611898561473936e-05, 4.173746219748864e-06, 2.193408818129683e-06], [-3.381227770660189e-06, -6.282105459831655e-06, -7.136643489502603e-06, 4.173746219748864e-06, 9.313746886618901e-06, 3.761385187317501e-06], [-1.9867459286615485e-06, -3.6347653349366738e-06, -4.180215000815224e-06, 2.193408818129683e-06, 3.761385187317501e-06, 8.59813553688582e-06]]</COVARIANCE_MATRIX>
		<ROI_SIZE>21863</ROI_SIZE>
		<MAX_VALUE>[0.13693509, 0.12911941, 0.11130692, 0.11488975, 0.06131454, 0.046570145]</MAX_VALUE>
		<MIN_VALUE>[0.110221006, 0.097745016, 0.07310694, 0.03774875, 0.0, 0.0]</MIN_VALUE>
		<SIGNATURE_THRESHOLD_MD>0.0</SIGNATURE_THRESHOLD_MD>
		<SIGNATURE_THRESHOLD_ML>0.0</SIGNATURE_THRESHOLD_ML>
		<SIGNATURE_THRESHOLD_SAM>0.0</SIGNATURE_THRESHOLD_SAM>
	</signature>
	<signature ID="20210610_122123030164_450">
		<MACROCLASSID>1</MACROCLASSID>
		<MACROCLASSINFO>waterbody</MACROCLASSINFO>
		<CLASSID>34</CLASSID>
		<CLASSINFO>C 1</CLASSINFO>
		<VALUES>[0.12057626, 0.0062049986, 0.11917778, 0.009432563, 0.09205176, 0.012190524, 0.038598884, 0.0069122147, 0.004967254, 0.0028710251, 0.003083805, 0.002772114]</VALUES>
		<LCS_MIN>[0.08851581, 0.07682875, 0.04666079, 0.023055226, 0.0, 0.0]</LCS_MIN>
		<LCS_MAX>[0.14194398, 0.15003568, 0.13481459, 0.11488975, 0.09915479, 0.0805339]</LCS_MAX>
		<WAVELENGTH>[0.485, 0.56, 0.66, 0.83, 1.65, 2.215]</WAVELENGTH>
		<MEAN_VALUE>[0.12057626, 0.11917778, 0.09205176, 0.038598884, 0.004967254, 0.003083805]</MEAN_VALUE>
		<CHECKBOX>2</CHECKBOX>
		<SD>[0.0062049986, 0.009432563, 0.012190524, 0.0069122147, 0.0028710251, 0.002772114]</SD>
		<WAVELENGTH_UNIT>E-6m</WAVELENGTH_UNIT>
		<COLOR>#486a36</COLOR>
		<COVARIANCE_MATRIX>[[3.8502421375596896e-05, 4.9262245738646016e-05, 6.533513078466058e-05, 2.3039061488816515e-05, 1.7910953147293185e-06, 1.3860296803613892e-06], [4.9262245738646016e-05, 8.897409861674532e-05, 0.00010311376536265016, 2.2573580281459726e-05, -7.987094363670622e-07, 2.1295124952303013e-07], [6.533513078466058e-05, 0.00010311376536265016, 0.00014861035742796957, 5.1811908633681014e-05, 2.5556385025993222e-06, 2.265923512823065e-06], [2.3039061488816515e-05, 2.2573580281459726e-05, 5.1811908633681014e-05, 4.777920912601985e-05, 8.31060424388852e-06, 5.074979071650887e-06], [1.7910953147293185e-06, -7.987094363670622e-07, 2.5556385025993222e-06, 8.31060424388852e-06, 8.242868716479279e-06, 3.2803491194499657e-06], [1.3860296803613892e-06, 2.1295124952303013e-07, 2.265923512823065e-06, 5.074979071650887e-06, 3.2803491194499657e-06, 7.684697266086005e-06]]</COVARIANCE_MATRIX>
		<ROI_SIZE>95796</ROI_SIZE>
		<MAX_VALUE>[0.14194398, 0.15003568, 0.13481459, 0.11488975, 0.09915479, 0.0805339]</MAX_VALUE>
		<MIN_VALUE>[0.08851581, 0.07682875, 0.04666079, 0.023055226, 0.0, 0.0]</MIN_VALUE>
		<SIGNATURE_THRESHOLD_MD>0.0</SIGNATURE_THRESHOLD_MD>
		<SIGNATURE_THRESHOLD_ML>0.0</SIGNATURE_THRESHOLD_ML>
		<SIGNATURE_THRESHOLD_SAM>0.0</SIGNATURE_THRESHOLD_SAM>
	</signature>
	<signature ID="20210610_123815570970_305">
		<MACROCLASSID>1</MACROCLASSID>
		<MACROCLASSINFO>waterbody</MACROCLASSINFO>
		<CLASSID>35</CLASSID>
		<CLASSINFO>C 1</CLASSINFO>
		<VALUES>[0.13078345, 0.0023439825, 0.13842477, 0.0034834307, 0.122536704, 0.00247692, 0.06084341, 0.0030784956, 0.009066986, 0.003136666, 0.005824595, 0.0031586797]</VALUES>
		<LCS_MIN>[0.12190842, 0.12911941, 0.11130692, 0.05244228, 0.0, 0.0]</LCS_MIN>
		<LCS_MAX>[0.13860473, 0.14654963, 0.12893769, 0.07080918, 0.028204314, 0.022795515]</LCS_MAX>
		<WAVELENGTH>[0.485, 0.56, 0.66, 0.83, 1.65, 2.215]</WAVELENGTH>
		<MEAN_VALUE>[0.13078345, 0.13842477, 0.122536704, 0.06084341, 0.009066986, 0.005824595]</MEAN_VALUE>
		<CHECKBOX>2</CHECKBOX>
		<SD>[0.0023439825, 0.0034834307, 0.00247692, 0.0030784956, 0.003136666, 0.0031586797]</SD>
		<WAVELENGTH_UNIT>E-6m</WAVELENGTH_UNIT>
		<COLOR>#9b4137</COLOR>
		<COVARIANCE_MATRIX>[[5.4965607887424994e-06, 2.9558182177424897e-06, 1.8683628013604903e-06, 1.548780801385874e-07, 1.8883804386859993e-07, 1.939004334872152e-07], [2.9558182177424897e-06, 1.2139385944465175e-05, 4.973274826625129e-06, -3.203099595339154e-06, -1.3303729247127194e-06, -6.4021747903098e-07], [1.8683628013604903e-06, 4.973274826625129e-06, 6.137708624009974e-06, -1.7628088926358032e-06, -8.174276899808319e-07, -4.780857807418215e-07], [1.548780801385874e-07, -3.203099595339154e-06, -1.7628088926358032e-06, 9.481117558607366e-06, 2.800102720357245e-06, 1.3586927707365248e-06], [1.8883804386859993e-07, -1.3303729247127194e-06, -8.174276899808319e-07, 2.800102720357245e-06, 9.842804502113722e-06, 3.9970732359506655e-06], [1.939004334872152e-07, -6.4021747903098e-07, -4.780857807418215e-07, 1.3586927707365248e-06, 3.9970732359506655e-06, 9.981447874451987e-06]]</COVARIANCE_MATRIX>
		<ROI_SIZE>2383</ROI_SIZE>
		<MAX_VALUE>[0.13860473, 0.14654963, 0.12893769, 0.07080918, 0.028204314, 0.022795515]</MAX_VALUE>
		<MIN_VALUE>[0.12190842, 0.12911941, 0.11130692, 0.05244228, 0.0, 0.0]</MIN_VALUE>
		<SIGNATURE_THRESHOLD_MD>0.0</SIGNATURE_THRESHOLD_MD>
		<SIGNATURE_THRESHOLD_ML>0.0</SIGNATURE_THRESHOLD_ML>
		<SIGNATURE_THRESHOLD_SAM>0.0</SIGNATURE_THRESHOLD_SAM>
	</signature>
	<signature ID="20210610_125625004951_815">
		<MACROCLASSID>2</MACROCLASSID>
		<MACROCLASSINFO>vegetation</MACROCLASSINFO>
		<CLASSID>36</CLASSID>
		<CLASSINFO>C 1</CLASSINFO>
		<VALUES>[0.08699497, 0.0024614232, 0.06901673, 0.0045081135, 0.042969674, 0.0037557068, 0.28292462, 0.03903571, 0.15235719, 0.021931874, 0.063403524, 0.01012037]</VALUES>
		<LCS_MIN>[0.07849804, 0.052426446, 0.031968486, 0.12223652, 0.056584507, 0.022795515]</LCS_MIN>
		<LCS_MAX>[0.11356027, 0.10820314, 0.11130692, 0.4491675, 0.25997585, 0.15185776]</LCS_MAX>
		<WAVELENGTH>[0.485, 0.56, 0.66, 0.83, 1.65, 2.215]</WAVELENGTH>
		<MEAN_VALUE>[0.08699497, 0.06901673, 0.042969674, 0.28292462, 0.15235719, 0.063403524]</MEAN_VALUE>
		<CHECKBOX>2</CHECKBOX>
		<SD>[0.0024614232, 0.0045081135, 0.0037557068, 0.03903571, 0.021931874, 0.01012037]</SD>
		<WAVELENGTH_UNIT>E-6m</WAVELENGTH_UNIT>
		<COLOR>#b99507</COLOR>
		<COVARIANCE_MATRIX>[[6.059040970285423e-06, 6.8308841036923695e-06, 5.455652626551455e-06, 5.022648110752925e-05, 2.1384765204857104e-05, 9.174362276098691e-06], [6.8308841036923695e-06, 2.0324554498074576e-05, 1.2606534255610313e-05, 0.00012697138299699873, 5.623762626782991e-05, 2.3514161512139253e-05], [5.455652626551455e-06, 1.2606534255610313e-05, 1.410635195497889e-05, 8.238202281063423e-05, 4.022435678052716e-05, 1.879378942248877e-05], [5.022648110752925e-05, 0.00012697138299699873, 8.238202281063423e-05, 0.0015238964697346091, 0.0006850372301414609, 0.00025326109607703984], [2.1384765204857104e-05, 5.623762626782991e-05, 4.022435678052716e-05, 0.0006850372301414609, 0.0004810417885892093, 0.00020294473506510258], [9.174362276098691e-06, 2.3514161512139253e-05, 1.879378942248877e-05, 0.00025326109607703984, 0.00020294473506510258, 0.00010242929420201108]]</COVARIANCE_MATRIX>
		<ROI_SIZE>13883</ROI_SIZE>
		<MAX_VALUE>[0.11356027, 0.10820314, 0.11130692, 0.4491675, 0.25997585, 0.15185776]</MAX_VALUE>
		<MIN_VALUE>[0.07849804, 0.052426446, 0.031968486, 0.12223652, 0.056584507, 0.022795515]</MIN_VALUE>
		<SIGNATURE_THRESHOLD_MD>0.0</SIGNATURE_THRESHOLD_MD>
		<SIGNATURE_THRESHOLD_ML>0.0</SIGNATURE_THRESHOLD_ML>
		<SIGNATURE_THRESHOLD_SAM>0.0</SIGNATURE_THRESHOLD_SAM>
	</signature>
	<signature ID="20210610_130414519584_736">
		<MACROCLASSID>2</MACROCLASSID>
		<MACROCLASSINFO>vegetation</MACROCLASSINFO>
		<CLASSID>37</CLASSID>
		<CLASSINFO>C 1</CLASSINFO>
		<VALUES>[0.08736662, 0.0021336724, 0.068651885, 0.00357332, 0.043050203, 0.003252282, 0.2771987, 0.033674628, 0.15547688, 0.025112549, 0.06531409, 0.012149291]</VALUES>
		<LCS_MIN>[0.07849804, 0.05939854, 0.031968486, 0.15162356, 0.07077459, 0.026191894]</LCS_MIN>
		<LCS_MAX>[0.1152299, 0.1047171, 0.10543001, 0.41978037, 0.25524583, 0.15865053]</LCS_MAX>
		<WAVELENGTH>[0.485, 0.56, 0.66, 0.83, 1.65, 2.215]</WAVELENGTH>
		<MEAN_VALUE>[0.08736662, 0.068651885, 0.043050203, 0.2771987, 0.15547688, 0.06531409]</MEAN_VALUE>
		<CHECKBOX>2</CHECKBOX>
		<SD>[0.0021336724, 0.00357332, 0.003252282, 0.033674628, 0.025112549, 0.012149291]</SD>
		<WAVELENGTH_UNIT>E-6m</WAVELENGTH_UNIT>
		<COLOR>#74ad1c</COLOR>
		<COVARIANCE_MATRIX>[[4.553292910713935e-06, 3.3954163427551975e-06, 3.1704448701930232e-06, 2.224987474619411e-05, 1.2669657735386863e-05, 5.980306013952941e-06], [3.3954163427551975e-06, 1.2770678040396888e-05, 7.447508323821239e-06, 6.906705675646663e-05, 4.534806794254109e-05, 2.0901965399389155e-05], [3.1704448701930232e-06, 7.447508323821239e-06, 1.0579045920167118e-05, 3.860943979816511e-05, 2.566337388998363e-05, 1.322058687946992e-05], [2.224987474619411e-05, 6.906705675646663e-05, 3.860943979816511e-05, 0.0011341637000441551, 0.0007283404120244086, 0.00030759599758312106], [1.2669657735386863e-05, 4.534806794254109e-05, 2.566337388998363e-05, 0.0007283404120244086, 0.0006307419389486313, 0.00028838939033448696], [5.980306013952941e-06, 2.0901965399389155e-05, 1.322058687946992e-05, 0.00030759599758312106, 0.00028838939033448696, 0.00014762910723220557]]</COVARIANCE_MATRIX>
		<ROI_SIZE>6195</ROI_SIZE>
		<MAX_VALUE>[0.1152299, 0.1047171, 0.10543001, 0.41978037, 0.25524583, 0.15865053]</MAX_VALUE>
		<MIN_VALUE>[0.07849804, 0.05939854, 0.031968486, 0.15162356, 0.07077459, 0.026191894]</MIN_VALUE>
		<SIGNATURE_THRESHOLD_MD>0.0</SIGNATURE_THRESHOLD_MD>
		<SIGNATURE_THRESHOLD_ML>0.0</SIGNATURE_THRESHOLD_ML>
		<SIGNATURE_THRESHOLD_SAM>0.0</SIGNATURE_THRESHOLD_SAM>
	</signature>
	<signature ID="20210610_130746629952_400">
		<MACROCLASSID>2</MACROCLASSID>
		<MACROCLASSINFO>vegetation</MACROCLASSINFO>
		<CLASSID>38</CLASSID>
		<CLASSINFO>C 1</CLASSINFO>
		<VALUES>[0.08653134, 0.0029571669, 0.06747985, 0.0053244866, 0.04492109, 0.0053292974, 0.21044996, 0.037099443, 0.10425876, 0.02117006, 0.04378893, 0.0112587]</VALUES>
		<LCS_MIN>[0.075158775, 0.04545436, 0.026091564, 0.056115657, 0.009284185, 0.0]</LCS_MIN>
		<LCS_MAX>[0.09686397, 0.08031479, 0.06429155, 0.36835307, 0.16774024, 0.09072302]</LCS_MAX>
		<WAVELENGTH>[0.485, 0.56, 0.66, 0.83, 1.65, 2.215]</WAVELENGTH>
		<MEAN_VALUE>[0.08653134, 0.06747985, 0.04492109, 0.21044996, 0.10425876, 0.04378893]</MEAN_VALUE>
		<CHECKBOX>2</CHECKBOX>
		<SD>[0.0029571669, 0.0053244866, 0.0053292974, 0.037099443, 0.02117006, 0.0112587]</SD>
		<WAVELENGTH_UNIT>E-6m</WAVELENGTH_UNIT>
		<COLOR>#60458a</COLOR>
		<COVARIANCE_MATRIX>[[8.74562010722002e-06, 1.1203727808606345e-05, 1.146967497334117e-05, 3.973217462771572e-05, 4.2539919377304614e-05, 2.3406459149555303e-05], [1.1203727808606345e-05, 2.8352696972433478e-05, 2.4755476260907017e-05, 0.00010717048280639574, 9.5876217528712e-05, 4.933402669848874e-05], [1.146967497334117e-05, 2.4755476260907017e-05, 2.84039560938254e-05, 7.97324682935141e-05, 9.156261512544006e-05, 5.121682625031099e-05], [3.973217462771572e-05, 0.00010717048280639574, 7.97324682935141e-05, 0.0013764919713139534, 0.0005861867102794349, 0.00019373865507077426], [4.2539919377304614e-05, 9.5876217528712e-05, 9.156261512544006e-05, 0.0005861867102794349, 0.00044821162009611726, 0.00021161076438147575], [2.3406459149555303e-05, 4.933402669848874e-05, 5.121682625031099e-05, 0.00019373865507077426, 0.00021161076438147575, 0.00012676967890001833]]</COVARIANCE_MATRIX>
		<ROI_SIZE>11163</ROI_SIZE>
		<MAX_VALUE>[0.09686397, 0.08031479, 0.06429155, 0.36835307, 0.16774024, 0.09072302]</MAX_VALUE>
		<MIN_VALUE>[0.075158775, 0.04545436, 0.026091564, 0.056115657, 0.009284185, 0.0]</MIN_VALUE>
		<SIGNATURE_THRESHOLD_MD>0.0</SIGNATURE_THRESHOLD_MD>
		<SIGNATURE_THRESHOLD_ML>0.0</SIGNATURE_THRESHOLD_ML>
		<SIGNATURE_THRESHOLD_SAM>0.0</SIGNATURE_THRESHOLD_SAM>
	</signature>
	<signature ID="20210610_130942682801_351">
		<MACROCLASSID>2</MACROCLASSID>
		<MACROCLASSINFO>vegetation</MACROCLASSINFO>
		<CLASSID>39</CLASSID>
		<CLASSINFO>C 1</CLASSINFO>
		<VALUES>[0.08580806, 0.0031410095, 0.06654298, 0.0055221384, 0.043696508, 0.005466419, 0.21592705, 0.041026805, 0.106933236, 0.023088725, 0.04411401, 0.011514431]</VALUES>
		<LCS_MIN>[0.071819514, 0.04545436, 0.026091564, 0.056115657, 0.009284185, 0.0]</LCS_MIN>
		<LCS_MAX>[0.103542484, 0.097745016, 0.08486079, 0.38672003, 0.19848545, 0.11789402]</LCS_MAX>
		<WAVELENGTH>[0.485, 0.56, 0.66, 0.83, 1.65, 2.215]</WAVELENGTH>
		<MEAN_VALUE>[0.08580806, 0.06654298, 0.043696508, 0.21592705, 0.106933236, 0.04411401]</MEAN_VALUE>
		<CHECKBOX>2</CHECKBOX>
		<SD>[0.0031410095, 0.0055221384, 0.005466419, 0.041026805, 0.023088725, 0.011514431]</SD>
		<WAVELENGTH_UNIT>E-6m</WAVELENGTH_UNIT>
		<COLOR>#183a6b</COLOR>
		<COVARIANCE_MATRIX>[[9.866525942925364e-06, 1.2723600775643717e-05, 1.2928197065775748e-05, 4.8028432502178475e-05, 4.275472747394815e-05, 2.3678849174757488e-05], [1.2723600775643717e-05, 3.049582301173359e-05, 2.6158899345318787e-05, 0.0001284403697354719, 9.861563012236729e-05, 5.0534388719825074e-05], [1.2928197065775748e-05, 2.6158899345318787e-05, 2.9883511160733178e-05, 9.078397852135822e-05, 8.795121539151296e-05, 4.9681922973832116e-05], [4.8028432502178475e-05, 0.0001284403697354719, 9.078397852135822e-05, 0.0016832987312227488, 0.000776835426222533, 0.00027597692678682506], [4.275472747394815e-05, 9.861563012236729e-05, 8.795121539151296e-05, 0.000776835426222533, 0.0005331210559234023, 0.00023846453404985368], [2.3678849174757488e-05, 5.0534388719825074e-05, 4.9681922973832116e-05, 0.00027597692678682506, 0.00023846453404985368, 0.000132589993881993]]</COVARIANCE_MATRIX>
		<ROI_SIZE>16847</ROI_SIZE>
		<MAX_VALUE>[0.103542484, 0.097745016, 0.08486079, 0.38672003, 0.19848545, 0.11789402]</MAX_VALUE>
		<MIN_VALUE>[0.071819514, 0.04545436, 0.026091564, 0.056115657, 0.009284185, 0.0]</MIN_VALUE>
		<SIGNATURE_THRESHOLD_MD>0.0</SIGNATURE_THRESHOLD_MD>
		<SIGNATURE_THRESHOLD_ML>0.0</SIGNATURE_THRESHOLD_ML>
		<SIGNATURE_THRESHOLD_SAM>0.0</SIGNATURE_THRESHOLD_SAM>
	</signature>
	<signature ID="20210610_131530824149_350">
		<MACROCLASSID>2</MACROCLASSID>
		<MACROCLASSINFO>vegetation</MACROCLASSINFO>
		<CLASSID>40</CLASSID>
		<CLASSINFO>C 1</CLASSINFO>
		<VALUES>[0.090580285, 0.0028152373, 0.071799316, 0.004892422, 0.047661167, 0.0064686695, 0.22276135, 0.013545869, 0.10301255, 0.008944238, 0.039947484, 0.0066770306]</VALUES>
		<LCS_MIN>[0.0818373, 0.05939854, 0.03490695, 0.15162356, 0.06131454, 0.022795515]</LCS_MIN>
		<LCS_MAX>[0.13025656, 0.15003568, 0.16713767, 0.27651852, 0.18193035, 0.11110127]</LCS_MAX>
		<WAVELENGTH>[0.485, 0.56, 0.66, 0.83, 1.65, 2.215]</WAVELENGTH>
		<MEAN_VALUE>[0.090580285, 0.071799316, 0.047661167, 0.22276135, 0.10301255, 0.039947484]</MEAN_VALUE>
		<CHECKBOX>2</CHECKBOX>
		<SD>[0.0028152373, 0.004892422, 0.0064686695, 0.013545869, 0.008944238, 0.0066770306]</SD>
		<WAVELENGTH_UNIT>E-6m</WAVELENGTH_UNIT>
		<COLOR>#37fd43</COLOR>
		<COVARIANCE_MATRIX>[[7.926296348159667e-06, 9.693099855212495e-06, 1.3555762961914297e-05, -2.922053852216777e-07, 1.1012009053956717e-05, 1.0500029020477086e-05], [9.693099855212495e-06, 2.3938009690027684e-05, 2.775166831270326e-05, 5.553775736188982e-06, 2.3666376364417374e-05, 2.0444849724299274e-05], [1.3555762961914297e-05, 2.775166831270326e-05, 4.184757199254818e-05, -5.123441951582208e-06, 2.7804433557321317e-05, 2.801518712658435e-05], [-2.922053852216777e-07, 5.553775736188982e-06, -5.123441951582208e-06, 0.00018350758182350546, 5.968086770735681e-05, 1.591111322341021e-05], [1.1012009053956717e-05, 2.3666376364417374e-05, 2.7804433557321317e-05, 5.968086770735681e-05, 8.000680099939927e-05, 4.632134732673876e-05], [1.0500029020477086e-05, 2.0444849724299274e-05, 2.801518712658435e-05, 1.591111322341021e-05, 4.632134732673876e-05, 4.458687180886045e-05]]</COVARIANCE_MATRIX>
		<ROI_SIZE>10783</ROI_SIZE>
		<MAX_VALUE>[0.13025656, 0.15003568, 0.16713767, 0.27651852, 0.18193035, 0.11110127]</MAX_VALUE>
		<MIN_VALUE>[0.0818373, 0.05939854, 0.03490695, 0.15162356, 0.06131454, 0.022795515]</MIN_VALUE>
		<SIGNATURE_THRESHOLD_MD>0.0</SIGNATURE_THRESHOLD_MD>
		<SIGNATURE_THRESHOLD_ML>0.0</SIGNATURE_THRESHOLD_ML>
		<SIGNATURE_THRESHOLD_SAM>0.0</SIGNATURE_THRESHOLD_SAM>
	</signature>
	<signature ID="20210611_084436918431_121">
		<MACROCLASSID>3</MACROCLASSID>
		<MACROCLASSINFO>bareland</MACROCLASSINFO>
		<CLASSID>41</CLASSID>
		<CLASSINFO>C 1</CLASSINFO>
		<VALUES>[0.094673626, 0.005253637, 0.082269125, 0.0084926495, 0.059617266, 0.011160681, 0.23572573, 0.033835977, 0.12593031, 0.020602692, 0.061976317, 0.014282804]</VALUES>
		<LCS_MIN>[0.08350693, 0.06288457, 0.04078387, 0.06346242, 0.011649202, 0.0058136433]</LCS_MIN>
		<LCS_MAX>[0.15864028, 0.15700774, 0.16713767, 0.36835307, 0.2954511, 0.26393816]</LCS_MAX>
		<WAVELENGTH>[0.485, 0.56, 0.66, 0.83, 1.65, 2.215]</WAVELENGTH>
		<MEAN_VALUE>[0.094673626, 0.082269125, 0.059617266, 0.23572573, 0.12593031, 0.061976317]</MEAN_VALUE>
		<CHECKBOX>2</CHECKBOX>
		<SD>[0.005253637, 0.0084926495, 0.011160681, 0.033835977, 0.020602692, 0.014282804]</SD>
		<WAVELENGTH_UNIT>E-6m</WAVELENGTH_UNIT>
		<COLOR>#bb3ef0</COLOR>
		<COVARIANCE_MATRIX>[[2.7601956463464794e-05, 3.845631284979941e-05, 5.038225363854576e-05, -7.695921421927134e-06, 4.633604813066749e-05, 4.542724332191622e-05], [3.845631284979941e-05, 7.212840461682632e-05, 8.485827410139468e-05, 1.9075820502315524e-05, 8.844319009447481e-05, 7.857150644694012e-05], [5.038225363854576e-05, 8.485827410139468e-05, 0.00012456644734261133, -7.617731969197603e-05, 9.634888626596365e-05, 0.00010410221417198128], [-7.695921421927134e-06, 1.9075820502315524e-05, -7.617731969197603e-05, 0.001144925621139724, 0.0004042939416762919, 0.00013192175800580863], [4.633604813066749e-05, 8.844319009447481e-05, 9.634888626596365e-05, 0.0004042939416762919, 0.0004244902487504504, 0.00026244761364948893], [4.542724332191622e-05, 7.857150644694012e-05, 0.00010410221417198128, 0.00013192175800580863, 0.00026244761364948893, 0.000204007858215601]]</COVARIANCE_MATRIX>
		<ROI_SIZE>21990</ROI_SIZE>
		<MAX_VALUE>[0.15864028, 0.15700774, 0.16713767, 0.36835307, 0.2954511, 0.26393816]</MAX_VALUE>
		<MIN_VALUE>[0.08350693, 0.06288457, 0.04078387, 0.06346242, 0.011649202, 0.0058136433]</MIN_VALUE>
		<SIGNATURE_THRESHOLD_MD>0</SIGNATURE_THRESHOLD_MD>
		<SIGNATURE_THRESHOLD_ML>0</SIGNATURE_THRESHOLD_ML>
		<SIGNATURE_THRESHOLD_SAM>0</SIGNATURE_THRESHOLD_SAM>
	</signature>
	<signature ID="20210611_084759243599_442">
		<MACROCLASSID>3</MACROCLASSID>
		<MACROCLASSINFO>bareland</MACROCLASSINFO>
		<CLASSID>42</CLASSID>
		<CLASSINFO>C 1</CLASSINFO>
		<VALUES>[0.09208102, 0.004916327, 0.08003997, 0.0080861505, 0.058216657, 0.01028592, 0.22408247, 0.03177022, 0.12299177, 0.023588613, 0.05950789, 0.016281018]</VALUES>
		<LCS_MIN>[0.0818373, 0.066370614, 0.04372233, 0.030401988, 0.009284185, 0.0024172692]</LCS_MIN>
		<LCS_MAX>[0.14695288, 0.16049379, 0.17889154, 0.34263942, 0.28835607, 0.23676714]</LCS_MAX>
		<WAVELENGTH>[0.485, 0.56, 0.66, 0.83, 1.65, 2.215]</WAVELENGTH>
		<MEAN_VALUE>[0.09208102, 0.08003997, 0.058216657, 0.22408247, 0.12299177, 0.05950789]</MEAN_VALUE>
		<CHECKBOX>2</CHECKBOX>
		<SD>[0.004916327, 0.0080861505, 0.01028592, 0.03177022, 0.023588613, 0.016281018]</SD>
		<WAVELENGTH_UNIT>E-6m</WAVELENGTH_UNIT>
		<COLOR>#4f33ed</COLOR>
		<COVARIANCE_MATRIX>[[2.4172073486539975e-05, 3.455640794894461e-05, 4.4763622424124785e-05, -2.2602539927487036e-05, 5.462139151972458e-05, 4.9860766969209294e-05], [3.455640794894461e-05, 6.539072251640074e-05, 7.638520063230602e-05, -1.0824305302097016e-05, 0.00010738515898511457, 8.931326090287906e-05], [4.4763622424124785e-05, 7.638520063230602e-05, 0.00010580800355697816, -7.202877855705725e-05, 0.00012938825913547474, 0.00011851565473087389], [-2.2602539927487036e-05, -1.0824305302097016e-05, -7.202877855705725e-05, 0.0010094218953217657, 0.00035716289590796983, 0.00011595307517912817], [5.462139151972458e-05, 0.00010738515898511457, 0.00012938825913547474, 0.00035716289590796983, 0.0005564639290551432, 0.0003525682526797787], [4.9860766969209294e-05, 8.931326090287906e-05, 0.00011851565473087389, 0.00011595307517912817, 0.0003525682526797787, 0.00026509124912016386]]</COVARIANCE_MATRIX>
		<ROI_SIZE>13433</ROI_SIZE>
		<MAX_VALUE>[0.14695288, 0.16049379, 0.17889154, 0.34263942, 0.28835607, 0.23676714]</MAX_VALUE>
		<MIN_VALUE>[0.0818373, 0.066370614, 0.04372233, 0.030401988, 0.009284185, 0.0024172692]</MIN_VALUE>
		<SIGNATURE_THRESHOLD_MD>0</SIGNATURE_THRESHOLD_MD>
		<SIGNATURE_THRESHOLD_ML>0</SIGNATURE_THRESHOLD_ML>
		<SIGNATURE_THRESHOLD_SAM>0</SIGNATURE_THRESHOLD_SAM>
	</signature>
	<signature ID="20210611_091155736569_721">
		<MACROCLASSID>3</MACROCLASSID>
		<MACROCLASSINFO>bareland</MACROCLASSINFO>
		<CLASSID>43</CLASSID>
		<CLASSINFO>C 1</CLASSINFO>
		<VALUES>[0.09208106, 0.0049163275, 0.08003997, 0.008086152, 0.058216665, 0.01028592, 0.22408238, 0.03177022, 0.12299173, 0.023588613, 0.05950787, 0.016281016]</VALUES>
		<LCS_MIN>[0.0818373, 0.066370614, 0.04372233, 0.030401988, 0.009284185, 0.0024172692]</LCS_MIN>
		<LCS_MAX>[0.14695288, 0.16049379, 0.17889154, 0.34263942, 0.28835607, 0.23676714]</LCS_MAX>
		<WAVELENGTH>[0.485, 0.56, 0.66, 0.83, 1.65, 2.215]</WAVELENGTH>
		<MEAN_VALUE>[0.09208106, 0.08003997, 0.058216665, 0.22408238, 0.12299173, 0.05950787]</MEAN_VALUE>
		<CHECKBOX>2</CHECKBOX>
		<SD>[0.0049163275, 0.008086152, 0.01028592, 0.03177022, 0.023588613, 0.016281016]</SD>
		<WAVELENGTH_UNIT>E-6m</WAVELENGTH_UNIT>
		<COLOR>#b8f965</COLOR>
		<COVARIANCE_MATRIX>[[2.4172073486539975e-05, 3.455640794894461e-05, 4.4763622424124785e-05, -2.2602539927487036e-05, 5.462139151972458e-05, 4.9860766969209294e-05], [3.455640794894461e-05, 6.539072251640074e-05, 7.638520063230602e-05, -1.0824305302097016e-05, 0.00010738515898511457, 8.931326090287906e-05], [4.4763622424124785e-05, 7.638520063230602e-05, 0.00010580800355697816, -7.202877855705725e-05, 0.00012938825913547474, 0.00011851565473087389], [-2.2602539927487036e-05, -1.0824305302097016e-05, -7.202877855705725e-05, 0.0010094218953217657, 0.00035716289590796983, 0.00011595307517912817], [5.462139151972458e-05, 0.00010738515898511457, 0.00012938825913547474, 0.00035716289590796983, 0.0005564639290551432, 0.0003525682526797787], [4.9860766969209294e-05, 8.931326090287906e-05, 0.00011851565473087389, 0.00011595307517912817, 0.0003525682526797787, 0.00026509124912016386]]</COVARIANCE_MATRIX>
		<ROI_SIZE>13433</ROI_SIZE>
		<MAX_VALUE>[0.14695288, 0.16049379, 0.17889154, 0.34263942, 0.28835607, 0.23676714]</MAX_VALUE>
		<MIN_VALUE>[0.0818373, 0.066370614, 0.04372233, 0.030401988, 0.009284185, 0.0024172692]</MIN_VALUE>
		<SIGNATURE_THRESHOLD_MD>0</SIGNATURE_THRESHOLD_MD>
		<SIGNATURE_THRESHOLD_ML>0</SIGNATURE_THRESHOLD_ML>
		<SIGNATURE_THRESHOLD_SAM>0</SIGNATURE_THRESHOLD_SAM>
	</signature>
	<signature ID="20210611_094220604966_503">
		<MACROCLASSID>3</MACROCLASSID>
		<MACROCLASSINFO>bareland</MACROCLASSINFO>
		<CLASSID>44</CLASSID>
		<CLASSINFO>C 1</CLASSINFO>
		<VALUES>[0.09208106, 0.0049163275, 0.08003997, 0.008086152, 0.058216665, 0.01028592, 0.22408238, 0.03177022, 0.12299173, 0.023588613, 0.05950787, 0.016281016]</VALUES>
		<LCS_MIN>[0.0818373, 0.066370614, 0.04372233, 0.030401988, 0.009284185, 0.0024172692]</LCS_MIN>
		<LCS_MAX>[0.14695288, 0.16049379, 0.17889154, 0.34263942, 0.28835607, 0.23676714]</LCS_MAX>
		<WAVELENGTH>[0.485, 0.56, 0.66, 0.83, 1.65, 2.215]</WAVELENGTH>
		<MEAN_VALUE>[0.09208106, 0.08003997, 0.058216665, 0.22408238, 0.12299173, 0.05950787]</MEAN_VALUE>
		<CHECKBOX>2</CHECKBOX>
		<SD>[0.0049163275, 0.008086152, 0.01028592, 0.03177022, 0.023588613, 0.016281016]</SD>
		<WAVELENGTH_UNIT>E-6m</WAVELENGTH_UNIT>
		<COLOR>#138a39</COLOR>
		<COVARIANCE_MATRIX>[[2.4172073486539975e-05, 3.455640794894461e-05, 4.4763622424124785e-05, -2.2602539927487036e-05, 5.462139151972458e-05, 4.9860766969209294e-05], [3.455640794894461e-05, 6.539072251640074e-05, 7.638520063230602e-05, -1.0824305302097016e-05, 0.00010738515898511457, 8.931326090287906e-05], [4.4763622424124785e-05, 7.638520063230602e-05, 0.00010580800355697816, -7.202877855705725e-05, 0.00012938825913547474, 0.00011851565473087389], [-2.2602539927487036e-05, -1.0824305302097016e-05, -7.202877855705725e-05, 0.0010094218953217657, 0.00035716289590796983, 0.00011595307517912817], [5.462139151972458e-05, 0.00010738515898511457, 0.00012938825913547474, 0.00035716289590796983, 0.0005564639290551432, 0.0003525682526797787], [4.9860766969209294e-05, 8.931326090287906e-05, 0.00011851565473087389, 0.00011595307517912817, 0.0003525682526797787, 0.00026509124912016386]]</COVARIANCE_MATRIX>
		<ROI_SIZE>13433</ROI_SIZE>
		<MAX_VALUE>[0.14695288, 0.16049379, 0.17889154, 0.34263942, 0.28835607, 0.23676714]</MAX_VALUE>
		<MIN_VALUE>[0.0818373, 0.066370614, 0.04372233, 0.030401988, 0.009284185, 0.0024172692]</MIN_VALUE>
		<SIGNATURE_THRESHOLD_MD>0</SIGNATURE_THRESHOLD_MD>
		<SIGNATURE_THRESHOLD_ML>0</SIGNATURE_THRESHOLD_ML>
		<SIGNATURE_THRESHOLD_SAM>0</SIGNATURE_THRESHOLD_SAM>
	</signature>
	<signature ID="20210611_095410329850_877">
		<MACROCLASSID>3</MACROCLASSID>
		<MACROCLASSINFO>bareland</MACROCLASSINFO>
		<CLASSID>45</CLASSID>
		<CLASSINFO>C 1</CLASSINFO>
		<VALUES>[0.10555542, 0.010975216, 0.10573945, 0.02309877, 0.084156655, 0.027104769, 0.297409, 0.035256848, 0.15010741, 0.028912392, 0.074686274, 0.01961955]</VALUES>
		<LCS_MIN>[0.08517656, 0.066370614, 0.04078387, 0.12223652, 0.044759426, 0.022795515]</LCS_MIN>
		<LCS_MAX>[0.20705958, 0.21627048, 0.20239922, 0.37937322, 0.26234087, 0.15865053]</LCS_MAX>
		<WAVELENGTH>[0.485, 0.56, 0.66, 0.83, 1.65, 2.215]</WAVELENGTH>
		<MEAN_VALUE>[0.10555542, 0.10573945, 0.084156655, 0.297409, 0.15010741, 0.074686274]</MEAN_VALUE>
		<CHECKBOX>2</CHECKBOX>
		<SD>[0.010975216, 0.02309877, 0.027104769, 0.035256848, 0.028912392, 0.01961955]</SD>
		<WAVELENGTH_UNIT>E-6m</WAVELENGTH_UNIT>
		<COLOR>#781097</COLOR>
		<COVARIANCE_MATRIX>[[0.00012046804936677744, 0.0002456298828560198, 0.00028919582103488115, 0.0002982502706130313, 0.0002919087555733336, 0.00020068971743592115], [0.0002456298828560198, 0.0005336095387259126, 0.0006184617830943321, 0.0006808839675389919, 0.0006248193487812488, 0.0004261658564435839], [0.00028919582103488115, 0.0006184617830943321, 0.0007347460624028939, 0.000751314155903753, 0.0007341836821391621, 0.0005055193974039267], [0.0002982502706130313, 0.0006808839675389919, 0.000751314155903753, 0.001243176881017252, 0.0008564343336038199, 0.0005448735056025186], [0.0002919087555733336, 0.0006248193487812488, 0.0007341836821391621, 0.0008564343336038199, 0.0008360145134180271, 0.0005554881382786193], [0.00020068971743592115, 0.0004261658564435839, 0.0005055193974039267, 0.0005448735056025186, 0.0005554881382786193, 0.000384967478397493]]</COVARIANCE_MATRIX>
		<ROI_SIZE>9469</ROI_SIZE>
		<MAX_VALUE>[0.20705958, 0.21627048, 0.20239922, 0.37937322, 0.26234087, 0.15865053]</MAX_VALUE>
		<MIN_VALUE>[0.08517656, 0.066370614, 0.04078387, 0.12223652, 0.044759426, 0.022795515]</MIN_VALUE>
		<SIGNATURE_THRESHOLD_MD>0</SIGNATURE_THRESHOLD_MD>
		<SIGNATURE_THRESHOLD_ML>0</SIGNATURE_THRESHOLD_ML>
		<SIGNATURE_THRESHOLD_SAM>0</SIGNATURE_THRESHOLD_SAM>
	</signature>
	<signature ID="20210611_095513591712_616">
		<MACROCLASSID>3</MACROCLASSID>
		<MACROCLASSINFO>bareland</MACROCLASSINFO>
		<CLASSID>46</CLASSID>
		<CLASSINFO>C 1</CLASSINFO>
		<VALUES>[0.10498789, 0.010831763, 0.10402635, 0.023205984, 0.082244754, 0.027113045, 0.29658952, 0.038113594, 0.14932132, 0.029528286, 0.073524274, 0.019885147]</VALUES>
		<LCS_MIN>[0.08517656, 0.066370614, 0.04078387, 0.12223652, 0.044759426, 0.022795515]</LCS_MIN>
		<LCS_MAX>[0.20705958, 0.21627048, 0.20239922, 0.41610706, 0.26234087, 0.1620469]</LCS_MAX>
		<WAVELENGTH>[0.485, 0.56, 0.66, 0.83, 1.65, 2.215]</WAVELENGTH>
		<MEAN_VALUE>[0.10498789, 0.10402635, 0.082244754, 0.29658952, 0.14932132, 0.073524274]</MEAN_VALUE>
		<CHECKBOX>2</CHECKBOX>
		<SD>[0.010831763, 0.023205984, 0.027113045, 0.038113594, 0.029528286, 0.019885147]</SD>
		<WAVELENGTH_UNIT>E-6m</WAVELENGTH_UNIT>
		<COLOR>#634699</COLOR>
		<COVARIANCE_MATRIX>[[0.00011733865837364923, 0.00024247952550002832, 0.0002847582330598207, 0.0002845425896776802, 0.00027928769275911, 0.00019717582248511537], [0.00024247952550002832, 0.0005385706494954111, 0.0006213556743368855, 0.0006707948464013509, 0.0006116887110561537, 0.00042919648368291774], [0.0002847582330598207, 0.0006213556743368855, 0.0007351894069671981, 0.000724733077845903, 0.0007102591740907471, 0.0005050423839247866], [0.0002845425896776802, 0.0006707948464013509, 0.000724733077845903, 0.0014527884655670498, 0.0009434959934003216, 0.0005673237943452146], [0.00027928769275911, 0.0006116887110561537, 0.0007102591740907471, 0.0009434959934003216, 0.0008720052953990435, 0.0005656938858060224], [0.00019717582248511537, 0.00042919648368291774, 0.0005050423839247866, 0.0005673237943452146, 0.0005656938858060224, 0.00039545794669679994]]</COVARIANCE_MATRIX>
		<ROI_SIZE>10179</ROI_SIZE>
		<MAX_VALUE>[0.20705958, 0.21627048, 0.20239922, 0.41610706, 0.26234087, 0.1620469]</MAX_VALUE>
		<MIN_VALUE>[0.08517656, 0.066370614, 0.04078387, 0.12223652, 0.044759426, 0.022795515]</MIN_VALUE>
		<SIGNATURE_THRESHOLD_MD>0</SIGNATURE_THRESHOLD_MD>
		<SIGNATURE_THRESHOLD_ML>0</SIGNATURE_THRESHOLD_ML>
		<SIGNATURE_THRESHOLD_SAM>0</SIGNATURE_THRESHOLD_SAM>
	</signature>
	<signature ID="20210611_095723266104_525">
		<MACROCLASSID>3</MACROCLASSID>
		<MACROCLASSINFO>bareland</MACROCLASSINFO>
		<CLASSID>47</CLASSID>
		<CLASSINFO>C 1</CLASSINFO>
		<VALUES>[0.108537994, 0.0103480825, 0.112170465, 0.022422366, 0.091094054, 0.025983933, 0.31818306, 0.04420325, 0.16171658, 0.03013453, 0.08098108, 0.019930582]</VALUES>
		<LCS_MIN>[0.08517656, 0.066370614, 0.04078387, 0.12223652, 0.044759426, 0.022795515]</LCS_MIN>
		<LCS_MAX>[0.20705958, 0.21627048, 0.20239922, 0.41610706, 0.27416596, 0.16544327]</LCS_MAX>
		<WAVELENGTH>[0.485, 0.56, 0.66, 0.83, 1.65, 2.215]</WAVELENGTH>
		<MEAN_VALUE>[0.108537994, 0.112170465, 0.091094054, 0.31818306, 0.16171658, 0.08098108]</MEAN_VALUE>
		<CHECKBOX>2</CHECKBOX>
		<SD>[0.0103480825, 0.022422366, 0.025983933, 0.04420325, 0.03013453, 0.019930582]</SD>
		<WAVELENGTH_UNIT>E-6m</WAVELENGTH_UNIT>
		<COLOR>#8b2b3d</COLOR>
		<COVARIANCE_MATRIX>[[0.0001070896154440947, 0.00022404958313825986, 0.0002606815918809995, 0.0003266882551109306, 0.0002770690234175492, 0.00018843768631397357], [0.00022404958313825986, 0.0005027942861742199, 0.0005724271880600602, 0.0007700309736830339, 0.0006106696434512399, 0.00041189654519956537], [0.0002606815918809995, 0.0005724271880600602, 0.0006752074064783242, 0.0008102418417803417, 0.0007066514184846783, 0.0004855589500800288], [0.0003266882551109306, 0.0007700309736830339, 0.0008102418417803417, 0.0019540509225789145, 0.0011021203282214776, 0.0006459896866878559], [0.0002770690234175492, 0.0006106696434512399, 0.0007066514184846783, 0.0011021203282214776, 0.0009081471557179779, 0.0005806247138296812], [0.00018843768631397357, 0.00041189654519956537, 0.0004855589500800288, 0.0006459896866878559, 0.0005806247138296812, 0.00039725330568546503]]</COVARIANCE_MATRIX>
		<ROI_SIZE>15783</ROI_SIZE>
		<MAX_VALUE>[0.20705958, 0.21627048, 0.20239922, 0.41610706, 0.27416596, 0.16544327]</MAX_VALUE>
		<MIN_VALUE>[0.08517656, 0.066370614, 0.04078387, 0.12223652, 0.044759426, 0.022795515]</MIN_VALUE>
		<SIGNATURE_THRESHOLD_MD>0</SIGNATURE_THRESHOLD_MD>
		<SIGNATURE_THRESHOLD_ML>0</SIGNATURE_THRESHOLD_ML>
		<SIGNATURE_THRESHOLD_SAM>0</SIGNATURE_THRESHOLD_SAM>
	</signature>
	<signature ID="20210611_101108591481_938">
		<MACROCLASSID>4</MACROCLASSID>
		<MACROCLASSINFO>built-up</MACROCLASSINFO>
		<CLASSID>48</CLASSID>
		<CLASSINFO>C 1</CLASSINFO>
		<VALUES>[0.10982745, 0.011662302, 0.1125247, 0.022024225, 0.09218223, 0.02590888, 0.3092831, 0.057887055, 0.16099556, 0.029784644, 0.08355253, 0.022757208]</VALUES>
		<LCS_MIN>[0.08517656, 0.066370614, 0.04078387, 0.10019622, 0.044759426, 0.022795515]</LCS_MIN>
		<LCS_MAX>[0.20705958, 0.21627048, 0.20239922, 0.41610706, 0.27416596, 0.19261426]</LCS_MAX>
		<WAVELENGTH>[0.485, 0.56, 0.66, 0.83, 1.65, 2.215]</WAVELENGTH>
		<MEAN_VALUE>[0.10982745, 0.1125247, 0.09218223, 0.3092831, 0.16099556, 0.08355253]</MEAN_VALUE>
		<CHECKBOX>2</CHECKBOX>
		<SD>[0.011662302, 0.022024225, 0.02590888, 0.057887055, 0.029784644, 0.022757208]</SD>
		<WAVELENGTH_UNIT>E-6m</WAVELENGTH_UNIT>
		<COLOR>#41f6ab</COLOR>
		<COVARIANCE_MATRIX>[[0.00013601743612517956, 0.00022502233546507514, 0.00027832581352187275, 9.81407609395821e-05, 0.00024972171946310807, 0.00024569731383442434], [0.00022502233546507514, 0.0004850955920326599, 0.0005568293422740899, 0.0006768449705784826, 0.0005809799407901279, 0.0004144390772204705], [0.00027832581352187275, 0.0005568293422740899, 0.0006713101701268337, 0.0005937483702520096, 0.0006637061754030894, 0.0005215040211701836], [9.81407609395821e-05, 0.0006768449705784826, 0.0005937483702520096, 0.0033511132923403075, 0.0011750259543286759, 0.00019016414225545087], [0.00024972171946310807, 0.0005809799407901279, 0.0006637061754030894, 0.0011750259543286759, 0.000887178549337539, 0.0005308563641472835], [0.00024569731383442434, 0.0004144390772204705, 0.0005215040211701836, 0.00019016414225545087, 0.0005308563641472835, 0.000517921772854628]]</COVARIANCE_MATRIX>
		<ROI_SIZE>16626</ROI_SIZE>
		<MAX_VALUE>[0.20705958, 0.21627048, 0.20239922, 0.41610706, 0.27416596, 0.19261426]</MAX_VALUE>
		<MIN_VALUE>[0.08517656, 0.066370614, 0.04078387, 0.10019622, 0.044759426, 0.022795515]</MIN_VALUE>
		<SIGNATURE_THRESHOLD_MD>0</SIGNATURE_THRESHOLD_MD>
		<SIGNATURE_THRESHOLD_ML>0</SIGNATURE_THRESHOLD_ML>
		<SIGNATURE_THRESHOLD_SAM>0</SIGNATURE_THRESHOLD_SAM>
	</signature>
	<signature ID="20210611_101554950901_331">
		<MACROCLASSID>4</MACROCLASSID>
		<MACROCLASSINFO>built-up</MACROCLASSINFO>
		<CLASSID>49</CLASSID>
		<CLASSINFO>C 1</CLASSINFO>
		<VALUES>[0.13386124, 0.010988299, 0.122433364, 0.013211368, 0.11608381, 0.015735244, 0.16311465, 0.020143643, 0.15728568, 0.022280972, 0.13386568, 0.025811931]</VALUES>
		<LCS_MIN>[0.1152299, 0.09425897, 0.07898386, 0.11121637, 0.115709886, 0.08393028]</LCS_MIN>
		<LCS_MAX>[0.17533658, 0.17095192, 0.17595308, 0.21407104, 0.26234087, 0.2299744]</LCS_MAX>
		<WAVELENGTH>[0.485, 0.56, 0.66, 0.83, 1.65, 2.215]</WAVELENGTH>
		<MEAN_VALUE>[0.13386124, 0.122433364, 0.11608381, 0.16311465, 0.15728568, 0.13386568]</MEAN_VALUE>
		<CHECKBOX>2</CHECKBOX>
		<SD>[0.010988299, 0.013211368, 0.015735244, 0.020143643, 0.022280972, 0.025811931]</SD>
		<WAVELENGTH_UNIT>E-6m</WAVELENGTH_UNIT>
		<COLOR>#af4a6e</COLOR>
		<COVARIANCE_MATRIX>[[0.00012136510628232929, 0.00013610315712786085, 0.00016035012788778437, -4.7340704035022135e-07, 0.00017549411305202916, 0.00024422618575196394], [0.00013610315712786085, 0.0001754399380532262, 0.00019568395638231803, 3.128443275933961e-05, 0.00022038136449618374, 0.00028371593538635776], [0.00016035012788778437, 0.00019568395638231803, 0.0002488741608322563, 3.401573993968043e-05, 0.00026742355005961356, 0.0003467980707138587], [-4.7340704035022135e-07, 3.128443275933961e-05, 3.401573993968043e-05, 0.0004078579791867251, 0.00019043375305181605, 2.4015725670554032e-05], [0.00017549411305202916, 0.00022038136449618374, 0.00026742355005961356, 0.00019043375305181605, 0.0004990007436478004, 0.0005105846654470219], [0.00024422618575196394, 0.00028371593538635776, 0.0003467980707138587, 2.4015725670554032e-05, 0.0005105846654470219, 0.0006696901995891343]]</COVARIANCE_MATRIX>
		<ROI_SIZE>195</ROI_SIZE>
		<MAX_VALUE>[0.17533658, 0.17095192, 0.17595308, 0.21407104, 0.26234087, 0.2299744]</MAX_VALUE>
		<MIN_VALUE>[0.1152299, 0.09425897, 0.07898386, 0.11121637, 0.115709886, 0.08393028]</MIN_VALUE>
		<SIGNATURE_THRESHOLD_MD>0</SIGNATURE_THRESHOLD_MD>
		<SIGNATURE_THRESHOLD_ML>0</SIGNATURE_THRESHOLD_ML>
		<SIGNATURE_THRESHOLD_SAM>0</SIGNATURE_THRESHOLD_SAM>
	</signature>
	<signature ID="20210611_101707289484_261">
		<MACROCLASSID>4</MACROCLASSID>
		<MACROCLASSINFO>built-up</MACROCLASSINFO>
		<CLASSID>50</CLASSID>
		<CLASSINFO>C 1</CLASSINFO>
		<VALUES>[0.123834915, 0.006956756, 0.119733915, 0.00941228, 0.11401936, 0.012438112, 0.1654694, 0.018062245, 0.15500554, 0.018425617, 0.13696598, 0.022785071]</VALUES>
		<LCS_MIN>[0.11189064, 0.10820314, 0.093676165, 0.14060342, 0.12753499, 0.10430852]</LCS_MIN>
