<?xml version="1.0" ?>
<signaturelist MCID_LIST="[['1', 'waterbody', '#0000ff'], ['2', 'vegetation', '#00ff00'], ['3', 'bareland', '#ffaa00'], ['4', 'built-up', '#ff0000']]">
	<signature ID="20210203_160634064410_702">
		<MACROCLASSID>1</MACROCLASSID>
		<MACROCLASSINFO>waterbody</MACROCLASSINFO>
		<CLASSID>1</CLASSID>
		<CLASSINFO>C 1</CLASSINFO>
		<VALUES>[0.11741319405181067, 0.0022695053879082734, 0.11874963182520552, 0.003666049064255001, 0.13523328120445263, 0.007523360680066514, 0.20746790097131368, 0.007580119338715065, 0.06692766095330188, 0.01159039138044869, 0.0289833888411522, 0.008599289908509751]</VALUES>
		<LCS_MIN>[0.10962606966495514, 0.10491439700126648, 0.1048189178109169, 0.19476857781410217, 0.048498380929231644, 0.01735219545662403]</LCS_MIN>
		<LCS_MAX>[0.12402715533971786, 0.1276896744966507, 0.1468733549118042, 0.24405525624752045, 0.10138501226902008, 0.06596016883850098]</LCS_MAX>
		<WAVELENGTH>[0.485, 0.56, 0.66, 0.83, 1.65, 2.215]</WAVELENGTH>
		<MEAN_VALUE>[0.11741319405181067, 0.11874963182520552, 0.13523328120445263, 0.20746790097131368, 0.06692766095330188, 0.0289833888411522]</MEAN_VALUE>
		<CHECKBOX>2</CHECKBOX>
		<SD>[0.0022695053879082734, 0.003666049064255001, 0.007523360680066514, 0.007580119338715065, 0.01159039138044869, 0.008599289908509751]</SD>
		<WAVELENGTH_UNIT>E-6m</WAVELENGTH_UNIT>
		<COLOR>#cff74b</COLOR>
		<COVARIANCE_MATRIX>[[5.281476660456974e-06, 5.074188266007695e-06, 1.0154783922189381e-05, -7.604875008837553e-06, -4.47340244136285e-06, -9.885368399409344e-07], [5.074188266007695e-06, 1.27603216242278e-05, 2.1816958906129003e-05, -1.4603043382521719e-05, -1.9977742340415716e-05, -1.0471910172782373e-05], [1.0154783922189381e-05, 2.1816958906129003e-05, 5.3723259043181315e-05, -3.493658732622862e-05, -5.419404260464944e-05, -3.14541430270765e-05], [-7.604875008837553e-06, -1.4603043382521719e-05, -3.493658732622862e-05, 5.49334981769789e-05, 4.329951116233133e-05, 2.0855724869761616e-05], [-4.47340244136285e-06, -1.9977742340415716e-05, -5.419404260464944e-05, 4.329951116233133e-05, 0.00011835435725515708, 7.698795525357127e-05], [-9.885368399409344e-07, -1.0471910172782373e-05, -3.14541430270765e-05, 2.0855724869761616e-05, 7.698795525357127e-05, 6.451935041695833e-05]]</COVARIANCE_MATRIX>
		<ROI_SIZE>685</ROI_SIZE>
		<MAX_VALUE>[0.12402715533971786, 0.1276896744966507, 0.1468733549118042, 0.24405525624752045, 0.10138501226902008, 0.06596016883850098]</MAX_VALUE>
		<MIN_VALUE>[0.10962606966495514, 0.10491439700126648, 0.1048189178109169, 0.19476857781410217, 0.048498380929231644, 0.01735219545662403]</MIN_VALUE>
		<SIGNATURE_THRESHOLD_MD>0.0</SIGNATURE_THRESHOLD_MD>
		<SIGNATURE_THRESHOLD_ML>0.0</SIGNATURE_THRESHOLD_ML>
		<SIGNATURE_THRESHOLD_SAM>0.0</SIGNATURE_THRESHOLD_SAM>
	</signature>
	<signature ID="20210203_160656009675_380">
		<MACROCLASSID>1</MACROCLASSID>
		<MACROCLASSINFO>waterbody</MACROCLASSINFO>
		<CLASSID>2</CLASSID>
		<CLASSINFO>C 1</CLASSINFO>
		<VALUES>[0.11635452954363253, 0.0020457273956158884, 0.11872151937465573, 0.0031116293844701535, 0.13707145059795858, 0.00549057603105265, 0.2079909773838105, 0.007028663758906076, 0.05909839778858918, 0.007474050714697805, 0.023884299278618824, 0.004712731681149749]</VALUES>
		<LCS_MIN>[0.10962606966495514, 0.1020674929022789, 0.1048189178109169, 0.19148282706737518, 0.04215199127793312, 0.011276201345026493]</LCS_MIN>
		<LCS_MAX>[0.12140876799821854, 0.12484275549650192, 0.1442449390888214, 0.24734102189540863, 0.08023037016391754, 0.04773217439651489]</LCS_MAX>
		<WAVELENGTH>[0.485, 0.56, 0.66, 0.83, 1.65, 2.215]</WAVELENGTH>
		<MEAN_VALUE>[0.11635452954363253, 0.11872151937465573, 0.13707145059795858, 0.2079909773838105, 0.05909839778858918, 0.023884299278618824]</MEAN_VALUE>
		<CHECKBOX>2</CHECKBOX>
		<SD>[0.0020457273956158884, 0.0031116293844701535, 0.00549057603105265, 0.007028663758906076, 0.007474050714697805, 0.004712731681149749]</SD>
		<WAVELENGTH_UNIT>E-6m</WAVELENGTH_UNIT>
		<COLOR>#a9e618</COLOR>
		<COVARIANCE_MATRIX>[[3.971321348217316e-06, 3.429471462368383e-06, 6.626886261074105e-06, -4.84298607261735e-06, -4.4378184611559846e-06, -2.5499107323412318e-06], [3.429471462368383e-06, 9.465684343012981e-06, 1.367812274111202e-05, -9.050958396983333e-06, -1.299341965932399e-05, -7.157019354053773e-06], [6.626886261074105e-06, 1.367812274111202e-05, 3.3472526411060244e-05, -2.1377487428253517e-05, -2.9967937734909356e-05, -1.684040944383014e-05], [-4.84298607261735e-06, -9.050958396983333e-06, -2.1377487428253517e-05, 5.164961112313904e-05, 2.1383832063293085e-05, 1.1304900908726268e-05], [-4.4378184611559846e-06, -1.299341965932399e-05, -2.9967937734909356e-05, 2.1383832063293085e-05, 6.127911183284596e-05, 2.938679972430691e-05], [-2.5499107323412318e-06, -7.157019354053773e-06, -1.684040944383014e-05, 1.1304900908726268e-05, 2.938679972430691e-05, 2.3351232812274247e-05]]</COVARIANCE_MATRIX>
		<ROI_SIZE>652</ROI_SIZE>
		<MAX_VALUE>[0.12140876799821854, 0.12484275549650192, 0.1442449390888214, 0.24734102189540863, 0.08023037016391754, 0.04773217439651489]</MAX_VALUE>
		<MIN_VALUE>[0.10962606966495514, 0.1020674929022789, 0.1048189178109169, 0.19148282706737518, 0.04215199127793312, 0.011276201345026493]</MIN_VALUE>
		<SIGNATURE_THRESHOLD_MD>0.0</SIGNATURE_THRESHOLD_MD>
		<SIGNATURE_THRESHOLD_ML>0.0</SIGNATURE_THRESHOLD_ML>
		<SIGNATURE_THRESHOLD_SAM>0.0</SIGNATURE_THRESHOLD_SAM>
	</signature>
	<signature ID="20210203_160705853952_521">
		<MACROCLASSID>1</MACROCLASSID>
		<MACROCLASSINFO>waterbody</MACROCLASSINFO>
		<CLASSID>3</CLASSID>
		<CLASSINFO>C 1</CLASSINFO>
		<VALUES>[0.12189783910967383, 0.003343278190626472, 0.12271575676812518, 0.004781713695701012, 0.13685319270096505, 0.010112972781491947, 0.22294317125931545, 0.008478457272580836, 0.07600349058679004, 0.010645594996424536, 0.03619127713457837, 0.007439025351496945]</VALUES>
		<LCS_MIN>[0.107007697224617, 0.10491439700126648, 0.1021905168890953, 0.19476857781410217, 0.048498380929231644, 0.020390193909406662]</LCS_MIN>
		<LCS_MAX>[0.13188229501247406, 0.13338348269462585, 0.1495017409324646, 0.26048409938812256, 0.1077314168214798, 0.06899816542863846]</LCS_MAX>
		<WAVELENGTH>[0.485, 0.56, 0.66, 0.83, 1.65, 2.215]</WAVELENGTH>
		<MEAN_VALUE>[0.12189783910967383, 0.12271575676812518, 0.13685319270096505, 0.22294317125931545, 0.07600349058679004, 0.03619127713457837]</MEAN_VALUE>
		<CHECKBOX>2</CHECKBOX>
		<SD>[0.003343278190626472, 0.004781713695701012, 0.010112972781491947, 0.008478457272580836, 0.010645594996424536, 0.007439025351496945]</SD>
		<WAVELENGTH_UNIT>E-6m</WAVELENGTH_UNIT>
		<COLOR>#ead7b1</COLOR>
		<COVARIANCE_MATRIX>[[1.1198962965863757e-05, 1.1737215572793502e-05, 2.2082282157498412e-05, -1.0024132279795595e-05, -7.53981112211477e-06, -9.10144535737345e-07], [1.1737215572793502e-05, 2.290867269039154e-05, 4.2041920096380636e-05, -1.9693641661433503e-05, -2.5988831112044863e-05, -1.1031940630346071e-05], [2.2082282157498412e-05, 4.2041920096380636e-05, 0.00010246851888950914, -5.159133070264943e-05, -7.597843068651855e-05, -4.018153413198888e-05], [-1.0024132279795595e-05, -1.9693641661433503e-05, -5.159133070264943e-05, 7.202220876934007e-05, 6.085647692088969e-05, 2.8541286155814305e-05], [-7.53981112211477e-06, -2.5988831112044863e-05, -7.597843068651855e-05, 6.085647692088969e-05, 0.0001135462152888067, 6.701612437609583e-05], [-9.10144535737345e-07, -1.1031940630346071e-05, -4.018153413198888e-05, 2.8541286155814305e-05, 6.701612437609583e-05, 5.544531450141221e-05]]</COVARIANCE_MATRIX>
		<ROI_SIZE>522</ROI_SIZE>
		<MAX_VALUE>[0.13188229501247406, 0.13338348269462585, 0.1495017409324646, 0.26048409938812256, 0.1077314168214798, 0.06899816542863846]</MAX_VALUE>
		<MIN_VALUE>[0.107007697224617, 0.10491439700126648, 0.1021905168890953, 0.19476857781410217, 0.048498380929231644, 0.020390193909406662]</MIN_VALUE>
		<SIGNATURE_THRESHOLD_MD>0.0</SIGNATURE_THRESHOLD_MD>
		<SIGNATURE_THRESHOLD_ML>0.0</SIGNATURE_THRESHOLD_ML>
		<SIGNATURE_THRESHOLD_SAM>0.0</SIGNATURE_THRESHOLD_SAM>
	</signature>
	<signature ID="20210203_160714565945_409">
		<MACROCLASSID>1</MACROCLASSID>
		<MACROCLASSINFO>waterbody</MACROCLASSINFO>
		<CLASSID>4</CLASSID>
		<CLASSINFO>C 1</CLASSINFO>
		<VALUES>[0.11815705116499559, 0.002790121733785713, 0.12023039556459177, 0.004318022641150644, 0.13886866742720852, 0.01019446927533542, 0.22151352571589608, 0.009769807588882531, 0.06577926572992819, 0.01214956673629659, 0.028912370873300695, 0.008331259262380713]</VALUES>
		<LCS_MIN>[0.10831688344478607, 0.10491439700126648, 0.1048189178109169, 0.19805435836315155, 0.048498380929231644, 0.01735219545662403]</LCS_MIN>
		<LCS_MAX>[0.12533636391162872, 0.13053655624389648, 0.15475855767726898, 0.26048409938812256, 0.10350047796964645, 0.06899816542863846]</LCS_MAX>
		<WAVELENGTH>[0.485, 0.56, 0.66, 0.83, 1.65, 2.215]</WAVELENGTH>
		<MEAN_VALUE>[0.11815705116499559, 0.12023039556459177, 0.13886866742720852, 0.22151352571589608, 0.06577926572992819, 0.028912370873300695]</MEAN_VALUE>
		<CHECKBOX>2</CHECKBOX>
		<SD>[0.002790121733785713, 0.004318022641150644, 0.01019446927533542, 0.009769807588882531, 0.01214956673629659, 0.008331259262380713]</SD>
		<WAVELENGTH_UNIT>E-6m</WAVELENGTH_UNIT>
		<COLOR>#157ec3</COLOR>
		<COVARIANCE_MATRIX>[[6.399832273018546e-06, 7.2671396083023865e-06, 1.6095520550152287e-05, -8.430251909885556e-06, -9.28033023228636e-06, -3.6052701943845022e-06], [7.2671396083023865e-06, 1.6176483768504113e-05, 3.426697730901651e-05, -1.6998350474750623e-05, -2.6225157853332348e-05, -1.3647848390974104e-05], [1.6095520550152287e-05, 3.426697730901651e-05, 9.77802264969796e-05, -5.43027235835325e-05, -8.48011186462827e-05, -4.593013727571815e-05], [-8.430251909885556e-06, -1.6998350474750623e-05, -5.43027235835325e-05, 8.613825048087165e-05, 6.881446461193264e-05, 3.124680370092392e-05], [-9.28033023228636e-06, -2.6225157853332348e-05, -8.48011186462827e-05, 6.881446461193264e-05, 0.00013933208538219333, 8.283024362754077e-05], [-3.6052701943845022e-06, -1.3647848390974104e-05, -4.593013727571815e-05, 3.124680370092392e-05, 8.283024362754077e-05, 6.701188249280676e-05]]</COVARIANCE_MATRIX>
		<ROI_SIZE>664</ROI_SIZE>
		<MAX_VALUE>[0.12533636391162872, 0.13053655624389648, 0.15475855767726898, 0.26048409938812256, 0.10350047796964645, 0.06899816542863846]</MAX_VALUE>
		<MIN_VALUE>[0.10831688344478607, 0.10491439700126648, 0.1048189178109169, 0.19805435836315155, 0.048498380929231644, 0.01735219545662403]</MIN_VALUE>
		<SIGNATURE_THRESHOLD_MD>0.0</SIGNATURE_THRESHOLD_MD>
		<SIGNATURE_THRESHOLD_ML>0.0</SIGNATURE_THRESHOLD_ML>
		<SIGNATURE_THRESHOLD_SAM>0.0</SIGNATURE_THRESHOLD_SAM>
	</signature>
	<signature ID="20210203_160723539151_987">
		<MACROCLASSID>1</MACROCLASSID>
		<MACROCLASSINFO>waterbody</MACROCLASSINFO>
		<CLASSID>5</CLASSID>
		<CLASSINFO>C 1</CLASSINFO>
		<VALUES>[0.10925513617694375, 0.004968549340906914, 0.11530561385055382, 0.008894401103576057, 0.10214670511583487, 0.01282713770773198, 0.21880952318509425, 0.030207057551354072, 0.11376049133638541, 0.018678593675369226, 0.05806137137115002, 0.009956109714798045]</VALUES>
		<LCS_MIN>[0.09522499144077301, 0.09067987650632858, 0.0653928890824318, 0.155339315533638, 0.07388398051261902, 0.03861818462610245]</LCS_MIN>
		<LCS_MAX>[0.12533636391162872, 0.13907727599143982, 0.13373133540153503, 0.26048409938812256, 0.1479252576828003, 0.08115015923976898]</LCS_MAX>
		<WAVELENGTH>[0.485, 0.56, 0.66, 0.83, 1.65, 2.215]</WAVELENGTH>
		<MEAN_VALUE>[0.10925513617694375, 0.11530561385055382, 0.10214670511583487, 0.21880952318509425, 0.11376049133638541, 0.05806137137115002]</MEAN_VALUE>
		<CHECKBOX>2</CHECKBOX>
		<SD>[0.004968549340906914, 0.008894401103576057, 0.01282713770773198, 0.030207057551354072, 0.018678593675369226, 0.009956109714798045]</SD>
		<WAVELENGTH_UNIT>E-6m</WAVELENGTH_UNIT>
		<COLOR>#784e4d</COLOR>
		<COVARIANCE_MATRIX>[[2.510489684937056e-05, 3.891701635438949e-05, 5.7256955187767744e-05, -7.703811570536345e-05, -5.386762131820433e-05, -1.8956279745907523e-05], [3.891701635438949e-05, 8.045122376643121e-05, 0.00011131005885545164, -0.0001356135617243126, -8.402457024203613e-05, -4.186652950011194e-05], [5.7256955187767744e-05, 0.00011131005885545164, 0.0001673241931712255, -0.0002451378386467695, -0.00013770211080554873, -6.342048436636105e-05], [-7.703811570536345e-05, -0.0001356135617243126, -0.0002451378386467695, 0.0009279318619519472, 0.00041350466199219227, 0.00021020106214564294], [-5.386762131820433e-05, -8.402457024203613e-05, -0.00013770211080554873, 0.00041350466199219227, 0.0003548032545950264, 0.00015714023902546614], [-1.8956279745907523e-05, -4.186652950011194e-05, -6.342048436636105e-05, 0.00021020106214564294, 0.00015714023902546614, 0.00010080418724101037]]</COVARIANCE_MATRIX>
		<ROI_SIZE>60</ROI_SIZE>
		<MAX_VALUE>[0.12533636391162872, 0.13907727599143982, 0.13373133540153503, 0.26048409938812256, 0.1479252576828003, 0.08115015923976898]</MAX_VALUE>
		<MIN_VALUE>[0.09522499144077301, 0.09067987650632858, 0.0653928890824318, 0.155339315533638, 0.07388398051261902, 0.03861818462610245]</MIN_VALUE>
		<SIGNATURE_THRESHOLD_MD>0.0</SIGNATURE_THRESHOLD_MD>
		<SIGNATURE_THRESHOLD_ML>0.0</SIGNATURE_THRESHOLD_ML>
		<SIGNATURE_THRESHOLD_SAM>0.0</SIGNATURE_THRESHOLD_SAM>
	</signature>
	<signature ID="20210203_160735402316_989">
		<MACROCLASSID>1</MACROCLASSID>
		<MACROCLASSINFO>waterbody</MACROCLASSINFO>
		<CLASSID>6</CLASSID>
		<CLASSINFO>C 1</CLASSINFO>
		<VALUES>[0.11816211306869093, 0.002401628998678028, 0.12157381971801944, 0.004209736517924767, 0.1442977772585711, 0.009813234143070384, 0.220749335971909, 0.010058314008713824, 0.057720325288161525, 0.013946255253910772, 0.02675625054287402, 0.009693946417540025]</VALUES>
		<LCS_MIN>[0.107007697224617, 0.1020674929022789, 0.1021905168890953, 0.19148282706737518, 0.03369012475013733, 0.01431419886648655]</LCS_MIN>
		<LCS_MAX>[0.12402715533971786, 0.13053655624389648, 0.16527216136455536, 0.26376989483833313, 0.10561595112085342, 0.06899816542863846]</LCS_MAX>
		<WAVELENGTH>[0.485, 0.56, 0.66, 0.83, 1.65, 2.215]</WAVELENGTH>
		<MEAN_VALUE>[0.11816211306869093, 0.12157381971801944, 0.1442977772585711, 0.220749335971909, 0.057720325288161525, 0.02675625054287402]</MEAN_VALUE>
		<CHECKBOX>2</CHECKBOX>
		<SD>[0.002401628998678028, 0.004209736517924767, 0.009813234143070384, 0.010058314008713824, 0.013946255253910772, 0.009693946417540025]</SD>
		<WAVELENGTH_UNIT>E-6m</WAVELENGTH_UNIT>
		<COLOR>#7875d6</COLOR>
		<COVARIANCE_MATRIX>[[5.275598596199416e-06, 6.356697667797562e-06, 1.504551892139716e-05, -4.8474303184775636e-06, -1.3169546036806423e-05, -6.735480383213144e-06], [6.356697667797562e-06, 1.6718186088837683e-05, 3.421309156692587e-05, -7.238497801154153e-06, -3.641267539933324e-05, -2.1667638065991923e-05], [1.504551892139716e-05, 3.421309156692587e-05, 9.216470789397135e-05, -3.0439467082032934e-05, -0.00010800654126796871, -6.525612843688577e-05], [-4.8474303184775636e-06, -7.238497801154153e-06, -3.0439467082032934e-05, 8.409548900090158e-05, 5.480855543282814e-05, 2.1309655494405888e-05], [-1.3169546036806423e-05, -3.641267539933324e-05, -0.00010800654126796871, 5.480855543282814e-05, 0.00019702127610798925, 0.00012700150546152145], [-6.735480383213144e-06, -2.1667638065991923e-05, -6.525612843688577e-05, 2.1309655494405888e-05, 0.00012700150546152145, 9.996291919378564e-05]]</COVARIANCE_MATRIX>
		<ROI_SIZE>918</ROI_SIZE>
		<MAX_VALUE>[0.12402715533971786, 0.13053655624389648, 0.16527216136455536, 0.26376989483833313, 0.10561595112085342, 0.06899816542863846]</MAX_VALUE>
		<MIN_VALUE>[0.107007697224617, 0.1020674929022789, 0.1021905168890953, 0.19148282706737518, 0.03369012475013733, 0.01431419886648655]</MIN_VALUE>
		<SIGNATURE_THRESHOLD_MD>0.0</SIGNATURE_THRESHOLD_MD>
		<SIGNATURE_THRESHOLD_ML>0.0</SIGNATURE_THRESHOLD_ML>
		<SIGNATURE_THRESHOLD_SAM>0.0</SIGNATURE_THRESHOLD_SAM>
	</signature>
	<signature ID="20210203_160740636320_855">
		<MACROCLASSID>1</MACROCLASSID>
		<MACROCLASSINFO>waterbody</MACROCLASSINFO>
		<CLASSID>7</CLASSID>
		<CLASSINFO>C 1</CLASSINFO>
		<VALUES>[0.11815653153067267, 0.002315294066898911, 0.12169312296342531, 0.0037867471060498625, 0.1468436136100088, 0.007949311712563922, 0.21717431531098094, 0.007533552383341504, 0.04844095160114282, 0.009793862215093317, 0.02137307587345196, 0.006008147919016858]</VALUES>
		<LCS_MIN>[0.10831688344478607, 0.10491439700126648, 0.11270411312580109, 0.19148282706737518, 0.031574662774801254, 0.011276201345026493]</LCS_MIN>
		<LCS_MAX>[0.1227179542183876, 0.13053655624389648, 0.15738695859909058, 0.26048409938812256, 0.08657675981521606, 0.05988416448235512]</LCS_MAX>
		<WAVELENGTH>[0.485, 0.56, 0.66, 0.83, 1.65, 2.215]</WAVELENGTH>
		<MEAN_VALUE>[0.11815653153067267, 0.12169312296342531, 0.1468436136100088, 0.21717431531098094, 0.04844095160114282, 0.02137307587345196]</MEAN_VALUE>
		<CHECKBOX>2</CHECKBOX>
		<SD>[0.002315294066898911, 0.0037867471060498625, 0.007949311712563922, 0.007533552383341504, 0.009793862215093317, 0.006008147919016858]</SD>
		<WAVELENGTH_UNIT>E-6m</WAVELENGTH_UNIT>
		<COLOR>#174800</COLOR>
		<COVARIANCE_MATRIX>[[4.498584075918188e-06, 4.788049409398809e-06, 1.0463815669936594e-05, -2.562284635132528e-06, -7.727921911282465e-06, -3.3025999073288403e-06], [4.788049409398809e-06, 1.2419777704053558e-05, 2.2863050617161207e-05, -4.2742212826851755e-06, -2.0858828065684065e-05, -1.0491341527085751e-05], [1.0463815669936594e-05, 2.2863050617161207e-05, 5.903805504203774e-05, -1.4221527635527309e-05, -5.7088695029960945e-05, -2.987373954965733e-05], [-2.562284635132528e-06, -4.2742212826851755e-06, -1.4221527635527309e-05, 5.655160566675477e-05, 3.373708022991195e-05, 1.4131432180874981e-05], [-7.727921911282465e-06, -2.0858828065684065e-05, -5.7088695029960945e-05, 3.373708022991195e-05, 0.00010445307270856574, 5.592036177404225e-05], [-3.3025999073288403e-06, -1.0491341527085751e-05, -2.987373954965733e-05, 1.4131432180874981e-05, 5.592036177404225e-05, 4.3284315324854106e-05]]</COVARIANCE_MATRIX>
		<ROI_SIZE>839</ROI_SIZE>
		<MAX_VALUE>[0.1227179542183876, 0.13053655624389648, 0.15738695859909058, 0.26048409938812256, 0.08657675981521606, 0.05988416448235512]</MAX_VALUE>
		<MIN_VALUE>[0.10831688344478607, 0.10491439700126648, 0.11270411312580109, 0.19148282706737518, 0.031574662774801254, 0.011276201345026493]</MIN_VALUE>
		<SIGNATURE_THRESHOLD_MD>0.0</SIGNATURE_THRESHOLD_MD>
		<SIGNATURE_THRESHOLD_ML>0.0</SIGNATURE_THRESHOLD_ML>
		<SIGNATURE_THRESHOLD_SAM>0.0</SIGNATURE_THRESHOLD_SAM>
	</signature>
	<signature ID="20210203_160746599712_700">
		<MACROCLASSID>1</MACROCLASSID>
		<MACROCLASSINFO>waterbody</MACROCLASSINFO>
		<CLASSID>8</CLASSID>
		<CLASSINFO>C 1</CLASSINFO>
		<VALUES>[0.11636741648414238, 0.0031362972350969243, 0.12080609620507084, 0.0052089380975382, 0.11556790012921861, 0.007848917585127665, 0.13381009737947094, 0.015320246165327194, 0.045214676923716245, 0.01176583675135102, 0.02388162499488291, 0.006081746352855054]</VALUES>
		<LCS_MIN>[0.107007697224617, 0.10776131600141525, 0.09167690575122833, 0.1093384250998497, 0.018881870433688164, 0.01431419886648655]</LCS_MIN>
		<LCS_MAX>[0.12140876799821854, 0.13053655624389648, 0.13110293447971344, 0.1717681586742401, 0.06542211025953293, 0.03861818462610245]</LCS_MAX>
		<WAVELENGTH>[0.485, 0.56, 0.66, 0.83, 1.65, 2.215]</WAVELENGTH>
		<MEAN_VALUE>[0.11636741648414238, 0.12080609620507084, 0.11556790012921861, 0.13381009737947094, 0.045214676923716245, 0.02388162499488291]</MEAN_VALUE>
		<CHECKBOX>2</CHECKBOX>
		<SD>[0.0031362972350969243, 0.0052089380975382, 0.007848917585127665, 0.015320246165327194, 0.01176583675135102, 0.006081746352855054]</SD>
		<WAVELENGTH_UNIT>E-6m</WAVELENGTH_UNIT>
		<COLOR>#6a1993</COLOR>
		<COVARIANCE_MATRIX>[[9.985395990952384e-06, 1.41845366670168e-05, 2.0912579202558845e-05, -2.375566509726923e-05, -1.8399743566988036e-05, -5.272503585729282e-06], [1.41845366670168e-05, 2.754414344963152e-05, 3.815188028966077e-05, -5.278982644085772e-05, -3.526493310346268e-05, -1.137735671363771e-05], [2.0912579202558845e-05, 3.815188028966077e-05, 6.253892206586897e-05, -8.082652493612841e-05, -5.574501847149804e-05, -1.9708082618308254e-05], [-2.375566509726923e-05, -5.278982644085772e-05, -8.082652493612841e-05, 0.00023826614778954536, 0.0001483465457567945, 6.5416912548244e-05], [-1.8399743566988036e-05, -3.526493310346268e-05, -5.574501847149804e-05, 0.0001483465457567945, 0.0001405324146617204, 5.8768266171682626e-05], [-5.272503585729282e-06, -1.137735671363771e-05, -1.9708082618308254e-05, 6.5416912548244e-05, 5.8768266171682626e-05, 3.75480558432173e-05]]</COVARIANCE_MATRIX>
		<ROI_SIZE>67</ROI_SIZE>
		<MAX_VALUE>[0.12140876799821854, 0.13053655624389648, 0.13110293447971344, 0.1717681586742401, 0.06542211025953293, 0.03861818462610245]</MAX_VALUE>
		<MIN_VALUE>[0.107007697224617, 0.10776131600141525, 0.09167690575122833, 0.1093384250998497, 0.018881870433688164, 0.01431419886648655]</MIN_VALUE>
		<SIGNATURE_THRESHOLD_MD>0.0</SIGNATURE_THRESHOLD_MD>
		<SIGNATURE_THRESHOLD_ML>0.0</SIGNATURE_THRESHOLD_ML>
		<SIGNATURE_THRESHOLD_SAM>0.0</SIGNATURE_THRESHOLD_SAM>
	</signature>
	<signature ID="20210203_160753001710_448">
		<MACROCLASSID>1</MACROCLASSID>
		<MACROCLASSINFO>waterbody</MACROCLASSINFO>
		<CLASSID>9</CLASSID>
		<CLASSINFO>C 1</CLASSINFO>
		<VALUES>[0.11907619053894254, 0.002016026032863094, 0.12255769749526267, 0.0029678128966937833, 0.15013349372503396, 0.006792640854410446, 0.22126491182168495, 0.005916014145849268, 0.0452400555437823, 0.009028677901702822, 0.021666354360623637, 0.006623241785791]</VALUES>
		<LCS_MIN>[0.10962606966495514, 0.10491439700126648, 0.11533252894878387, 0.2046259045600891, 0.02945919707417488, 0.005200203042477369]</LCS_MIN>
		<LCS_MAX>[0.13188229501247406, 0.13623037934303284, 0.1889277994632721, 0.2571983337402344, 0.07811490446329117, 0.05684617534279823]</LCS_MAX>
		<WAVELENGTH>[0.485, 0.56, 0.66, 0.83, 1.65, 2.215]</WAVELENGTH>
		<MEAN_VALUE>[0.11907619053894254, 0.12255769749526267, 0.15013349372503396, 0.22126491182168495, 0.0452400555437823, 0.021666354360623637]</MEAN_VALUE>
		<CHECKBOX>2</CHECKBOX>
		<SD>[0.002016026032863094, 0.0029678128966937833, 0.006792640854410446, 0.005916014145849268, 0.009028677901702822, 0.006623241785791]</SD>
		<WAVELENGTH_UNIT>E-6m</WAVELENGTH_UNIT>
		<COLOR>#6edfe5</COLOR>
		<COVARIANCE_MATRIX>[[4.068846919835778e-06, 3.3730370887496974e-06, 6.674810720141977e-06, -1.0097224958371953e-06, -3.081441491303849e-06, -5.802329496873426e-07], [3.3730370887496974e-06, 8.817634807201102e-06, 1.504804731666809e-05, -2.668424940566183e-06, -1.1874217307195067e-05, -5.48138177691726e-06], [6.674810720141977e-06, 1.504804731666809e-05, 4.6190896682674065e-05, -1.2391537893563509e-05, -4.1396742744836956e-05, -2.1245734387775883e-05], [-1.0097224958371953e-06, -2.668424940566183e-06, -1.2391537893563509e-05, 3.5037854104302824e-05, 2.2159667423693463e-05, 1.1608819477260113e-05], [-3.081441491303849e-06, -1.1874217307195067e-05, -4.1396742744836956e-05, 2.2159667423693463e-05, 8.160700235748664e-05, 5.167551717022434e-05], [-5.802329496873426e-07, -5.48138177691726e-06, -2.1245734387775883e-05, 1.1608819477260113e-05, 5.167551717022434e-05, 4.39157520304434e-05]]</COVARIANCE_MATRIX>
		<ROI_SIZE>907</ROI_SIZE>
		<MAX_VALUE>[0.13188229501247406, 0.13623037934303284, 0.1889277994632721, 0.2571983337402344, 0.07811490446329117, 0.05684617534279823]</MAX_VALUE>
		<MIN_VALUE>[0.10962606966495514, 0.10491439700126648, 0.11533252894878387, 0.2046259045600891, 0.02945919707417488, 0.005200203042477369]</MIN_VALUE>
		<SIGNATURE_THRESHOLD_MD>0.0</SIGNATURE_THRESHOLD_MD>
		<SIGNATURE_THRESHOLD_ML>0.0</SIGNATURE_THRESHOLD_ML>
		<SIGNATURE_THRESHOLD_SAM>0.0</SIGNATURE_THRESHOLD_SAM>
	</signature>
	<signature ID="20210203_160803049153_321">
		<MACROCLASSID>1</MACROCLASSID>
		<MACROCLASSINFO>waterbody</MACROCLASSINFO>
		<CLASSID>10</CLASSID>
		<CLASSINFO>C 1</CLASSINFO>
		<VALUES>[0.11527625441943347, 0.003997064584725198, 0.12278249389246888, 0.007498132279544682, 0.1215922722690984, 0.010953709671032255, 0.14176384300777786, 0.013728239894300477, 0.050001479366696196, 0.01321916931817039, 0.028904583807544477, 0.00874711004627103]</VALUES>
		<LCS_MIN>[0.10438931733369827, 0.09922058135271072, 0.08904849737882614, 0.11919575184583664, 0.020997334271669388, 0.008238201960921288]</LCS_MIN>
		<LCS_MAX>[0.1227179542183876, 0.13623037934303284, 0.14161653816699982, 0.17833973467350006, 0.08023037016391754, 0.05684617534279823]</LCS_MAX>
		<WAVELENGTH>[0.485, 0.56, 0.66, 0.83, 1.65, 2.215]</WAVELENGTH>
		<MEAN_VALUE>[0.11527625441943347, 0.12278249389246888, 0.1215922722690984, 0.14176384300777786, 0.050001479366696196, 0.028904583807544477]</MEAN_VALUE>
		<CHECKBOX>2</CHECKBOX>
		<SD>[0.003997064584725198, 0.007498132279544682, 0.010953709671032255, 0.013728239894300477, 0.01321916931817039, 0.00874711004627103]</SD>
		<WAVELENGTH_UNIT>E-6m</WAVELENGTH_UNIT>
		<COLOR>#bc62dc</COLOR>
		<COVARIANCE_MATRIX>[[1.6189545931410976e-05, 2.695309740374796e-05, 3.8899845094420016e-05, -2.0811166905332357e-05, -7.239685601234669e-06, 7.092174200806767e-06], [2.695309740374796e-05, 5.697161395801231e-05, 7.931655272841454e-05, -4.991911555407569e-05, -3.042751814064104e-05, 6.013268375681946e-06], [3.8899845094420016e-05, 7.931655272841454e-05, 0.0001215835363836959, -8.638458530185744e-05, -5.3942643717164174e-05, 1.461140868741495e-06], [-2.0811166905332357e-05, -4.991911555407569e-05, -8.638458530185744e-05, 0.00019097742915619165, 0.000138657953357324, 6.708374712616205e-05], [-7.239685601234669e-06, -3.042751814064104e-05, -5.3942643717164174e-05, 0.000138657953357324, 0.0001770763919921592, 8.626092312624678e-05], [7.092174200806767e-06, 6.013268375681946e-06, 1.461140868741495e-06, 6.708374712616205e-05, 8.626092312624678e-05, 7.75320950197056e-05]]</COVARIANCE_MATRIX>
		<ROI_SIZE>76</ROI_SIZE>
		<MAX_VALUE>[0.1227179542183876, 0.13623037934303284, 0.14161653816699982, 0.17833973467350006, 0.08023037016391754, 0.05684617534279823]</MAX_VALUE>
		<MIN_VALUE>[0.10438931733369827, 0.09922058135271072, 0.08904849737882614, 0.11919575184583664, 0.020997334271669388, 0.008238201960921288]</MIN_VALUE>
		<SIGNATURE_THRESHOLD_MD>0.0</SIGNATURE_THRESHOLD_MD>
		<SIGNATURE_THRESHOLD_ML>0.0</SIGNATURE_THRESHOLD_ML>
		<SIGNATURE_THRESHOLD_SAM>0.0</SIGNATURE_THRESHOLD_SAM>
	</signature>
	<signature ID="20210204_092212714566_710">
		<MACROCLASSID>1</MACROCLASSID>
		<MACROCLASSINFO>waterbody</MACROCLASSINFO>
		<CLASSID>11</CLASSID>
		<CLASSINFO>C 1</CLASSINFO>
		<VALUES>[0.09218429848551747, 0.0069843062286301955, 0.09093700852845943, 0.017738792569502886, 0.06374801352259624, 0.017180279984787557, 0.0453559061332095, 0.013119584635615586, 0.013620502180269656, 0.006091573980848303, 0.007530041045749622, 0.0047207005810079835]</VALUES>
		<LCS_MIN>[0.07951471954584122, 0.06790460646152496, 0.04173726215958595, 0.030479824170470238, 0.004073611460626125, 0.0]</LCS_MIN>
		<LCS_MAX>[0.10438931733369827, 0.11630202829837799, 0.09167690575122833, 0.08633799850940704, 0.050613850355148315, 0.035580188035964966]</LCS_MAX>
		<WAVELENGTH>[0.485, 0.56, 0.66, 0.83, 1.65, 2.215]</WAVELENGTH>
		<MEAN_VALUE>[0.09218429848551747, 0.09093700852845943, 0.06374801352259624, 0.0453559061332095, 0.013620502180269656, 0.007530041045749622]</MEAN_VALUE>
		<CHECKBOX>2</CHECKBOX>
		<SD>[0.0069843062286301955, 0.017738792569502886, 0.017180279984787557, 0.013119584635615586, 0.006091573980848303, 0.0047207005810079835]</SD>
		<WAVELENGTH_UNIT>E-6m</WAVELENGTH_UNIT>
		<COLOR>#21a9a1</COLOR>
		<COVARIANCE_MATRIX>[[4.885933958576061e-05, 0.00012033461825922132, 0.00011118083784822375, -1.1421508133935276e-05, 6.961013809814176e-07, -1.0644663461789605e-06], [0.00012033461825922132, 0.0003151730925310403, 0.0002932205970864743, -1.5286272173398174e-05, 6.034963917045388e-06, -3.4063606335621444e-07], [0.00011118083784822375, 0.0002932205970864743, 0.00029563886346295476, 3.426126568228938e-05, 1.9708109903149307e-05, 9.566984772391152e-06], [-1.1421508133935276e-05, -1.5286272173398174e-05, 3.426126568228938e-05, 0.0001724015746731311, 4.887311297352426e-05, 3.1832569220568985e-05], [6.961013809814176e-07, 6.034963917045388e-06, 1.9708109903149307e-05, 4.887311297352426e-05, 3.7167221307754517e-05, 2.092751492455136e-05], [-1.0644663461789605e-06, -3.4063606335621444e-07, 9.566984772391152e-06, 3.1832569220568985e-05, 2.092751492455136e-05, 2.2321015421766788e-05]]</COVARIANCE_MATRIX>
		<ROI_SIZE>620</ROI_SIZE>
		<MAX_VALUE>[0.10438931733369827, 0.11630202829837799, 0.09167690575122833, 0.08633799850940704, 0.050613850355148315, 0.035580188035964966]</MAX_VALUE>
		<MIN_VALUE>[0.07951471954584122, 0.06790460646152496, 0.04173726215958595, 0.030479824170470238, 0.004073611460626125, 0.0]</MIN_VALUE>
		<SIGNATURE_THRESHOLD_MD>0.0</SIGNATURE_THRESHOLD_MD>
		<SIGNATURE_THRESHOLD_ML>0.0</SIGNATURE_THRESHOLD_ML>
		<SIGNATURE_THRESHOLD_SAM>0.0</SIGNATURE_THRESHOLD_SAM>
	</signature>
	<signature ID="20210204_092218223457_923">
		<MACROCLASSID>1</MACROCLASSID>
		<MACROCLASSINFO>waterbody</MACROCLASSINFO>
		<CLASSID>12</CLASSID>
		<CLASSINFO>C 1</CLASSINFO>
		<VALUES>[0.10512374038618755, 0.001962159483924544, 0.13454075333306473, 0.005443393621072522, 0.10471207266900598, 0.0025831030859945338, 0.0483779486541341, 0.009143163696087305, 0.019673018716275706, 0.009049435456849709, 0.012115971991656028, 0.007633682650096936]</VALUES>
		<LCS_MIN>[0.09784336388111115, 0.11060822010040283, 0.09430529922246933, 0.037051375955343246, 0.008304541930556297, 0.002162205521017313]</LCS_MIN>
		<LCS_MAX>[0.10962606966495514, 0.1419242024421692, 0.11270411312580109, 0.07976645231246948, 0.048498380929231644, 0.03861818462610245]</LCS_MAX>
		<WAVELENGTH>[0.485, 0.56, 0.66, 0.83, 1.65, 2.215]</WAVELENGTH>
		<MEAN_VALUE>[0.10512374038618755, 0.13454075333306473, 0.10471207266900598, 0.0483779486541341, 0.019673018716275706, 0.012115971991656028]</MEAN_VALUE>
		<CHECKBOX>2</CHECKBOX>
		<SD>[0.001962159483924544, 0.005443393621072522, 0.0025831030859945338, 0.009143163696087305, 0.009049435456849709, 0.007633682650096936]</SD>
		<WAVELENGTH_UNIT>E-6m</WAVELENGTH_UNIT>
		<COLOR>#357637</COLOR>
		<COVARIANCE_MATRIX>[[3.8816278902231716e-06, 6.505721557914512e-06, 8.406649953940359e-07, -9.444474926567636e-06, -8.281496775452979e-06, -6.652972842857707e-06], [6.505721557914512e-06, 2.987340667459648e-05, 5.583445272350218e-06, -3.6217803426552564e-05, -2.94560468319105e-05, -2.614667209854815e-05], [8.406649953940359e-07, 5.583445272350218e-06, 6.727113486704184e-06, 1.857213646871969e-06, 9.055914347300131e-07, 5.486181748892704e-07], [-9.444474926567636e-06, -3.6217803426552564e-05, 1.857213646871969e-06, 8.428267028648406e-05, 6.315279460977763e-05, 5.5949036322999746e-05], [-8.281496775452979e-06, -2.94560468319105e-05, 9.055914347300131e-07, 6.315279460977763e-05, 8.256352884927765e-05, 6.170153938001022e-05], [-6.652972842857707e-06, -2.614667209854815e-05, 5.486181748892704e-07, 5.5949036322999746e-05, 6.170153938001022e-05, 5.87507602176629e-05]]</COVARIANCE_MATRIX>
		<ROI_SIZE>123</ROI_SIZE>
		<MAX_VALUE>[0.10962606966495514, 0.1419242024421692, 0.11270411312580109, 0.07976645231246948, 0.048498380929231644, 0.03861818462610245]</MAX_VALUE>
		<MIN_VALUE>[0.09784336388111115, 0.11060822010040283, 0.09430529922246933, 0.037051375955343246, 0.008304541930556297, 0.002162205521017313]</MIN_VALUE>
		<SIGNATURE_THRESHOLD_MD>0.0</SIGNATURE_THRESHOLD_MD>
		<SIGNATURE_THRESHOLD_ML>0.0</SIGNATURE_THRESHOLD_ML>
		<SIGNATURE_THRESHOLD_SAM>0.0</SIGNATURE_THRESHOLD_SAM>
	</signature>
	<signature ID="20210204_092227936937_988">
		<MACROCLASSID>1</MACROCLASSID>
		<MACROCLASSINFO>waterbody</MACROCLASSINFO>
		<CLASSID>13</CLASSID>
		<CLASSINFO>C 1</CLASSINFO>
		<VALUES>[0.10950346641849454, 0.007619281858363048, 0.12043452196927154, 0.017453880129131228, 0.07672755349477649, 0.014135873767454236, 0.04541439916926599, 0.007802308548354935, 0.01423978652208304, 0.006687566770652774, 0.008173508433394506, 0.004972339881813723]</VALUES>
		<LCS_MIN>[0.08998823165893555, 0.08498605340719223, 0.04699407145380974, 0.030479824170470238, 0.0019581459928303957, 0.0]</LCS_MIN>
		<LCS_MAX>[0.14104661345481873, 0.1646994650363922, 0.11796092242002487, 0.07976645231246948, 0.048498380929231644, 0.03861818462610245]</LCS_MAX>
		<WAVELENGTH>[0.485, 0.56, 0.66, 0.83, 1.65, 2.215]</WAVELENGTH>
		<MEAN_VALUE>[0.10950346641849454, 0.12043452196927154, 0.07672755349477649, 0.04541439916926599, 0.01423978652208304, 0.008173508433394506]</MEAN_VALUE>
		<CHECKBOX>2</CHECKBOX>
		<SD>[0.007619281858363048, 0.017453880129131228, 0.014135873767454236, 0.007802308548354935, 0.006687566770652774, 0.004972339881813723]</SD>
		<WAVELENGTH_UNIT>E-6m</WAVELENGTH_UNIT>
		<COLOR>#a066b6</COLOR>
		<COVARIANCE_MATRIX>[[5.8090718084713444e-05, 0.00012704552500508726, 9.524490451440215e-05, 5.799850441690069e-06, 1.1232161341467872e-05, 6.632189979427494e-06], [0.00012704552500508726, 0.0003048334619961679, 0.00023046442947816104, 1.8571487089502625e-05, 2.7591649995883927e-05, 1.642514871491585e-05], [9.524490451440215e-05, 0.00023046442947816104, 0.0001999511878238991, 3.9126698538893834e-05, 3.452396049397066e-05, 2.1855250452063046e-05], [5.799850441690069e-06, 1.8571487089502625e-05, 3.9126698538893834e-05, 6.091509203542955e-05, 3.408194243093021e-05, 2.263888018205762e-05], [1.1232161341467872e-05, 2.7591649995883927e-05, 3.452396049397066e-05, 3.408194243093021e-05, 4.475225432543084e-05, 2.621921339596156e-05], [6.632189979427494e-06, 1.642514871491585e-05, 2.1855250452063046e-05, 2.263888018205762e-05, 2.621921339596156e-05, 2.4740033040870912e-05]]</COVARIANCE_MATRIX>
		<ROI_SIZE>1559</ROI_SIZE>
		<MAX_VALUE>[0.14104661345481873, 0.1646994650363922, 0.11796092242002487, 0.07976645231246948, 0.048498380929231644, 0.03861818462610245]</MAX_VALUE>
		<MIN_VALUE>[0.08998823165893555, 0.08498605340719223, 0.04699407145380974, 0.030479824170470238, 0.0019581459928303957, 0.0]</MIN_VALUE>
		<SIGNATURE_THRESHOLD_MD>0.0</SIGNATURE_THRESHOLD_MD>
		<SIGNATURE_THRESHOLD_ML>0.0</SIGNATURE_THRESHOLD_ML>
		<SIGNATURE_THRESHOLD_SAM>0.0</SIGNATURE_THRESHOLD_SAM>
	</signature>
	<signature ID="20210204_092235696345_918">
		<MACROCLASSID>1</MACROCLASSID>
		<MACROCLASSINFO>waterbody</MACROCLASSINFO>
		<CLASSID>14</CLASSID>
		<CLASSINFO>C 1</CLASSINFO>
		<VALUES>[0.11619993615277577, 0.0021297834002456757, 0.1403658177650655, 0.0046514962781076825, 0.11203145062753933, 0.006756314851167318, 0.0511677512342896, 0.00838470763518052, 0.016174875530833587, 0.006350576132357691, 0.009785024314606785, 0.005821695828840121]</VALUES>
		<LCS_MIN>[0.10831688344478607, 0.12199585139751434, 0.09956210851669312, 0.04033714905381203, 0.006189076229929924, 0.0]</LCS_MIN>
		<LCS_MAX>[0.1227179542183876, 0.14761801064014435, 0.1442449390888214, 0.08633799850940704, 0.04638291522860527, 0.03861818462610245]</LCS_MAX>
		<WAVELENGTH>[0.485, 0.56, 0.66, 0.83, 1.65, 2.215]</WAVELENGTH>
		<MEAN_VALUE>[0.11619993615277577, 0.1403658177650655, 0.11203145062753933, 0.0511677512342896, 0.016174875530833587, 0.009785024314606785]</MEAN_VALUE>
		<CHECKBOX>2</CHECKBOX>
		<SD>[0.0021297834002456757, 0.0046514962781076825, 0.006756314851167318, 0.00838470763518052, 0.006350576132357691, 0.005821695828840121]</SD>
		<WAVELENGTH_UNIT>E-6m</WAVELENGTH_UNIT>
		<COLOR>#bf1e9f</COLOR>
		<COVARIANCE_MATRIX>[[4.546751824818784e-06, 4.895091933576623e-06, 2.086738277284894e-06, -4.083715793967713e-06, -3.4568890896480298e-06, -3.2026916869654087e-06], [4.895091933576623e-06, 2.1687810658477247e-05, 4.600147462952009e-07, -1.854362926678732e-05, -7.275571078935172e-06, -6.898736501170788e-06], [2.086738277284894e-06, 4.600147462952009e-07, 4.575621642288752e-05, 3.856587136397138e-05, 1.780087040970102e-05, 1.4393131095857825e-05], [-4.083715793967713e-06, -1.854362926678732e-05, 3.856587136397138e-05, 7.047031249385327e-05, 2.927243258454837e-05, 2.5395682314410806e-05], [-3.4568890896480298e-06, -7.275571078935172e-06, 1.780087040970102e-05, 2.927243258454837e-05, 4.042561340611428e-05, 3.0196137231541798e-05], [-3.2026916869654087e-06, -6.898736501170788e-06, 1.4393131095857825e-05, 2.5395682314410806e-05, 3.0196137231541798e-05, 3.3972646633628756e-05]]</COVARIANCE_MATRIX>
		<ROI_SIZE>422</ROI_SIZE>
		<MAX_VALUE>[0.1227179542183876, 0.14761801064014435, 0.1442449390888214, 0.08633799850940704, 0.04638291522860527, 0.03861818462610245]</MAX_VALUE>
		<MIN_VALUE>[0.10831688344478607, 0.12199585139751434, 0.09956210851669312, 0.04033714905381203, 0.006189076229929924, 0.0]</MIN_VALUE>
		<SIGNATURE_THRESHOLD_MD>0.0</SIGNATURE_THRESHOLD_MD>
		<SIGNATURE_THRESHOLD_ML>0.0</SIGNATURE_THRESHOLD_ML>
		<SIGNATURE_THRESHOLD_SAM>0.0</SIGNATURE_THRESHOLD_SAM>
	</signature>
	<signature ID="20210204_092303411672_370">
		<MACROCLASSID>1</MACROCLASSID>
		<MACROCLASSINFO>waterbody</MACROCLASSINFO>
		<CLASSID>15</CLASSID>
		<CLASSINFO>C 1</CLASSINFO>
		<VALUES>[0.09082570874997076, 0.0025639270001670033, 0.08732255045697412, 0.0075219311630727705, 0.050722786561757036, 0.006921442755148537, 0.04138093427621196, 0.008787972259115245, 0.014936314608814196, 0.007892208176933058, 0.008151091041904208, 0.005455688742824239]</VALUES>
		<LCS_MIN>[0.07820553332567215, 0.06505770236253738, 0.03910886123776436, 0.023908274248242378, 0.004073611460626125, 0.0]</LCS_MIN>
		<LCS_MAX>[0.10569850355386734, 0.1276896744966507, 0.09430529922246933, 0.07319490611553192, 0.044267456978559494, 0.04165618121623993]</LCS_MAX>
		<WAVELENGTH>[0.485, 0.56, 0.66, 0.83, 1.65, 2.215]</WAVELENGTH>
		<MEAN_VALUE>[0.09082570874997076, 0.08732255045697412, 0.050722786561757036, 0.04138093427621196, 0.014936314608814196, 0.008151091041904208]</MEAN_VALUE>
		<CHECKBOX>2</CHECKBOX>
		<SD>[0.0025639270001670033, 0.0075219311630727705, 0.006921442755148537, 0.008787972259115245, 0.007892208176933058, 0.005455688742824239]</SD>
		<WAVELENGTH_UNIT>E-6m</WAVELENGTH_UNIT>
		<COLOR>#73cff3</COLOR>
		<COVARIANCE_MATRIX>[[6.579447926924331e-06, 1.3768264579994138e-05, 8.912357770896051e-06, -2.4299570213770494e-06, -2.446635107844486e-06, -1.250788500328781e-06], [1.3768264579994138e-05, 5.662873445544392e-05, 4.037484904984012e-05, 1.3887985232940991e-06, -4.418330263433745e-06, -2.183106062147999e-06], [8.912357770896051e-06, 4.037484904984012e-05, 4.7948098654160276e-05, 2.5481722332187928e-05, 1.6158333892235532e-05, 1.0903814654739108e-05], [-2.4299570213770494e-06, 1.3887985232940991e-06, 2.5481722332187928e-05, 7.729572826065123e-05, 5.093177605886012e-05, 3.0236908060032874e-05], [-2.446635107844486e-06, -4.418330263433745e-06, 1.6158333892235532e-05, 5.093177605886012e-05, 6.234120519366115e-05, 3.4947614039992914e-05], [-1.250788500328781e-06, -2.183106062147999e-06, 1.0903814654739108e-05, 3.0236908060032874e-05, 3.4947614039992914e-05, 2.9790466214763e-05]]</COVARIANCE_MATRIX>
		<ROI_SIZE>1149</ROI_SIZE>
		<MAX_VALUE>[0.10569850355386734, 0.1276896744966507, 0.09430529922246933, 0.07319490611553192, 0.044267456978559494, 0.04165618121623993]</MAX_VALUE>
		<MIN_VALUE>[0.07820553332567215, 0.06505770236253738, 0.03910886123776436, 0.023908274248242378, 0.004073611460626125, 0.0]</MIN_VALUE>
		<SIGNATURE_THRESHOLD_MD>0.0</SIGNATURE_THRESHOLD_MD>
		<SIGNATURE_THRESHOLD_ML>0.0</SIGNATURE_THRESHOLD_ML>
		<SIGNATURE_THRESHOLD_SAM>0.0</SIGNATURE_THRESHOLD_SAM>
	</signature>
	<signature ID="20210204_092310871625_726">
		<MACROCLASSID>1</MACROCLASSID>
		<MACROCLASSINFO>waterbody</MACROCLASSINFO>
		<CLASSID>16</CLASSID>
		<CLASSINFO>C 1</CLASSINFO>
		<VALUES>[0.08673377040235755, 0.003019031503904668, 0.08231748525562693, 0.008077169417957344, 0.05828274590958621, 0.009872657472985666, 0.044067219978325016, 0.008774588001162988, 0.014576718425684145, 0.007175286730874608, 0.00843233756067883, 0.0054781212784723275]</VALUES>
		<LCS_MIN>[0.07951471954584122, 0.06790460646152496, 0.044365670531988144, 0.01733672060072422, 0.0, 0.0]</LCS_MIN>
