<?xml version="1.0" ?>
<signaturelist MCID_LIST="[['1', 'waterbody', '#000000'], ['2', 'vegetation', '#000000'], ['3', 'bareland', '#000000'], ['4', 'built-up', '#000000']]">
	<signature ID="20220227_222343009353_914">
		<MACROCLASSID>1</MACROCLASSID>
		<MACROCLASSINFO>waterbody</MACROCLASSINFO>
		<CLASSID>1</CLASSID>
		<CLASSINFO>C 1</CLASSINFO>
		<VALUES>[0.10288997716628585, 0.0038742721184158693, 0.10216447688066042, 0.005576914989207869, 0.09923903804558974, 0.007136807371162549, 0.0885903759644582, 0.013076092249348765, 0.060803057711858025, 0.01664622211259564, 0.05139794558859789, 0.014568436347990993]</VALUES>
		<LCS_MIN>[0.09449351578950882, 0.09223034977912903, 0.08522675931453705, 0.052707478404045105, 0.03315546363592148, 0.024601133540272713]</LCS_MIN>
		<LCS_MAX>[0.11236506700515747, 0.11614585667848587, 0.1183466836810112, 0.11481249332427979, 0.09091125428676605, 0.08202286809682846]</LCS_MAX>
		<WAVELENGTH>[1.0, 2.0, 3.0, 4.0, 5.0, 6.0]</WAVELENGTH>
		<MEAN_VALUE>[0.10288997716628585, 0.10216447688066042, 0.09923903804558974, 0.0885903759644582, 0.060803057711858025, 0.05139794558859789]</MEAN_VALUE>
		<CHECKBOX>2</CHECKBOX>
		<SD>[0.0038742721184158693, 0.005576914989207869, 0.007136807371162549, 0.013076092249348765, 0.01664622211259564, 0.014568436347990993]</SD>
		<WAVELENGTH_UNIT>band number</WAVELENGTH_UNIT>
		<COLOR>#4aa150</COLOR>
		<COVARIANCE_MATRIX>[[1.5244515452650376e-05, 1.8669405108084902e-05, 2.457144728396088e-05, 3.796052260440774e-05, 3.601942444220185e-05, 3.180879866704345e-05], [1.8669405108084902e-05, 3.158794788760133e-05, 3.666265183710493e-05, 4.9573569413041696e-05, 5.3087052947375923e-05, 5.030556349083781e-05], [2.457144728396088e-05, 3.666265183710493e-05, 5.172986493562348e-05, 7.528923742938787e-05, 7.901015487732366e-05, 7.29134917492047e-05], [3.796052260440774e-05, 4.9573569413041696e-05, 7.528923742938787e-05, 0.00017365581879857928, 0.00016638867964502424, 0.00014147079491522163], [3.601942444220185e-05, 5.3087052947375923e-05, 7.901015487732366e-05, 0.00016638867964502424, 0.00028142635710537434, 0.0002301310742041096], [3.180879866704345e-05, 5.030556349083781e-05, 7.29134917492047e-05, 0.00014147079491522163, 0.0002301310742041096, 0.00021555557032115757]]</COVARIANCE_MATRIX>
		<ROI_SIZE>65</ROI_SIZE>
		<MAX_VALUE>[0.11236506700515747, 0.11614585667848587, 0.1183466836810112, 0.11481249332427979, 0.09091125428676605, 0.08202286809682846]</MAX_VALUE>
		<MIN_VALUE>[0.09449351578950882, 0.09223034977912903, 0.08522675931453705, 0.052707478404045105, 0.03315546363592148, 0.024601133540272713]</MIN_VALUE>
		<SIGNATURE_THRESHOLD_MD>0.0</SIGNATURE_THRESHOLD_MD>
		<SIGNATURE_THRESHOLD_ML>0.0</SIGNATURE_THRESHOLD_ML>
		<SIGNATURE_THRESHOLD_SAM>0.0</SIGNATURE_THRESHOLD_SAM>
	</signature>
	<signature ID="20220227_222347326227_272">
		<MACROCLASSID>1</MACROCLASSID>
		<MACROCLASSINFO>waterbody</MACROCLASSINFO>
		<CLASSID>2</CLASSID>
		<CLASSINFO>C 1</CLASSINFO>
		<VALUES>[0.10601510178475154, 0.005046209890628428, 0.1079604842123531, 0.0066545834039662905, 0.1047438627907208, 0.009161646223319985, 0.09788969868705386, 0.01773440131351826, 0.07366914200108676, 0.023552830242591673, 0.06212274659247626, 0.02114707223241601]</VALUES>
		<LCS_MIN>[0.09724300354719162, 0.09223034977912903, 0.08798675239086151, 0.06650858372449875, 0.030934082344174385, 0.02141103520989418]</LCS_MIN>
		<LCS_MAX>[0.1206134632229805, 0.1281036138534546, 0.12662667036056519, 0.13206389546394348, 0.11756778508424759, 0.10116344690322876]</LCS_MAX>
		<WAVELENGTH>[1.0, 2.0, 3.0, 4.0, 5.0, 6.0]</WAVELENGTH>
		<MEAN_VALUE>[0.10601510178475154, 0.1079604842123531, 0.1047438627907208, 0.09788969868705386, 0.07366914200108676, 0.06212274659247626]</MEAN_VALUE>
		<CHECKBOX>2</CHECKBOX>
		<SD>[0.005046209890628428, 0.0066545834039662905, 0.009161646223319985, 0.01773440131351826, 0.023552830242591673, 0.02114707223241601]</SD>
		<WAVELENGTH_UNIT>band number</WAVELENGTH_UNIT>
		<COLOR>#97418f</COLOR>
		<COVARIANCE_MATRIX>[[2.6085313947987743e-05, 2.9650782380485907e-05, 4.320426523918286e-05, 5.697363303625025e-05, 7.218812243081629e-05, 6.96132774464786e-05], [2.9650782380485907e-05, 4.53635657322593e-05, 5.6390268582617864e-05, 5.633983892039396e-05, 9.643236262490973e-05, 9.690552542451769e-05], [4.320426523918286e-05, 5.6390268582617864e-05, 8.598297426942736e-05, 0.00011467118747532368, 0.0001685700990492478, 0.00015412735228892416], [5.697363303625025e-05, 5.633983892039396e-05, 0.00011467118747532368, 0.0003221799270249903, 0.0003394844534341246, 0.0002692492853384465], [7.218812243081629e-05, 9.643236262490973e-05, 0.0001685700990492478, 0.0003394844534341246, 0.0005682659684680402, 0.00047468231059610844], [6.96132774464786e-05, 9.690552542451769e-05, 0.00015412735228892416, 0.0002692492853384465, 0.00047468231059610844, 0.00045810596202500165]]</COVARIANCE_MATRIX>
		<ROI_SIZE>42</ROI_SIZE>
		<MAX_VALUE>[0.1206134632229805, 0.1281036138534546, 0.12662667036056519, 0.13206389546394348, 0.11756778508424759, 0.10116344690322876]</MAX_VALUE>
		<MIN_VALUE>[0.09724300354719162, 0.09223034977912903, 0.08798675239086151, 0.06650858372449875, 0.030934082344174385, 0.02141103520989418]</MIN_VALUE>
		<SIGNATURE_THRESHOLD_MD>0.0</SIGNATURE_THRESHOLD_MD>
		<SIGNATURE_THRESHOLD_ML>0.0</SIGNATURE_THRESHOLD_ML>
		<SIGNATURE_THRESHOLD_SAM>0.0</SIGNATURE_THRESHOLD_SAM>
	</signature>
	<signature ID="20220227_222353052433_814">
		<MACROCLASSID>1</MACROCLASSID>
		<MACROCLASSINFO>waterbody</MACROCLASSINFO>
		<CLASSID>3</CLASSID>
		<CLASSINFO>C 1</CLASSINFO>
		<VALUES>[0.10262736755733687, 0.004132144784174151, 0.09933026181533931, 0.005306603744340187, 0.09661173556620875, 0.006751769467837664, 0.0958359617119034, 0.01922324581212315, 0.06337544003811975, 0.023573210425148282, 0.048393937797906496, 0.018348353195498608]</VALUES>
		<LCS_MIN>[0.09586826711893082, 0.09223034977912903, 0.08522675931453705, 0.06650858372449875, 0.026491327211260796, 0.015030844137072563]</LCS_MIN>
		<LCS_MAX>[0.11511452496051788, 0.11614585667848587, 0.11558670550584793, 0.13206389546394348, 0.10646089166402817, 0.08202286809682846]</LCS_MAX>
		<WAVELENGTH>[1.0, 2.0, 3.0, 4.0, 5.0, 6.0]</WAVELENGTH>
		<MEAN_VALUE>[0.10262736755733687, 0.09933026181533931, 0.09661173556620875, 0.0958359617119034, 0.06337544003811975, 0.048393937797906496]</MEAN_VALUE>
		<CHECKBOX>2</CHECKBOX>
		<SD>[0.004132144784174151, 0.005306603744340187, 0.006751769467837664, 0.01922324581212315, 0.023573210425148282, 0.018348353195498608]</SD>
		<WAVELENGTH_UNIT>band number</WAVELENGTH_UNIT>
		<COLOR>#9ba585</COLOR>
		<COVARIANCE_MATRIX>[[1.7437911083106883e-05, 1.9280510969110765e-05, 2.474338180036284e-05, 5.671668623108417e-05, 6.877004489069805e-05, 5.289072942105122e-05], [1.9280510969110765e-05, 2.8759193810401484e-05, 3.418829510337673e-05, 7.417589222313836e-05, 9.298705117544159e-05, 7.340138108702376e-05], [2.474338180036284e-05, 3.418829510337673e-05, 4.655631346395239e-05, 9.826668974710628e-05, 0.00012606028758455068, 0.00010083196684718132], [5.671668623108417e-05, 7.417589222313836e-05, 9.826668974710628e-05, 0.0003773955977521837, 0.00043189540156163275, 0.0003238786885049194], [6.877004489069805e-05, 9.298705117544159e-05, 0.00012606028758455068, 0.00043189540156163275, 0.0005675195716321468, 0.000426497426815331], [5.289072942105122e-05, 7.340138108702376e-05, 0.00010083196684718132, 0.0003238786885049194, 0.000426497426815331, 0.0003438250860199332]]</COVARIANCE_MATRIX>
		<ROI_SIZE>48</ROI_SIZE>
		<MAX_VALUE>[0.11511452496051788, 0.11614585667848587, 0.11558670550584793, 0.13206389546394348, 0.10646089166402817, 0.08202286809682846]</MAX_VALUE>
		<MIN_VALUE>[0.09586826711893082, 0.09223034977912903, 0.08522675931453705, 0.06650858372449875, 0.026491327211260796, 0.015030844137072563]</MIN_VALUE>
		<SIGNATURE_THRESHOLD_MD>0.0</SIGNATURE_THRESHOLD_MD>
		<SIGNATURE_THRESHOLD_ML>0.0</SIGNATURE_THRESHOLD_ML>
		<SIGNATURE_THRESHOLD_SAM>0.0</SIGNATURE_THRESHOLD_SAM>
	</signature>
	<signature ID="20220227_222356829182_654">
		<MACROCLASSID>1</MACROCLASSID>
		<MACROCLASSINFO>waterbody</MACROCLASSINFO>
		<CLASSID>4</CLASSID>
		<CLASSINFO>C 1</CLASSINFO>
		<VALUES>[0.09891163840376099, 0.0034027651595462806, 0.09464251445285209, 0.005653520067810496, 0.09093709356825926, 0.006888783941497189, 0.087757550128575, 0.014376135493024897, 0.05186098399090357, 0.01613430321775788, 0.03995759848119886, 0.012962220239124194]</VALUES>
		<LCS_MIN>[0.088994599878788, 0.07429371774196625, 0.06866680830717087, 0.06650858372449875, 0.01982719637453556, 0.015030844137072563]</LCS_MIN>
		<LCS_MAX>[0.11099032312631607, 0.10717753320932388, 0.11282669752836227, 0.12516333162784576, 0.08202575147151947, 0.06926248967647552]</LCS_MAX>
		<WAVELENGTH>[1.0, 2.0, 3.0, 4.0, 5.0, 6.0]</WAVELENGTH>
		<MEAN_VALUE>[0.09891163840376099, 0.09464251445285209, 0.09093709356825926, 0.087757550128575, 0.05186098399090357, 0.03995759848119886]</MEAN_VALUE>
		<CHECKBOX>2</CHECKBOX>
		<SD>[0.0034027651595462806, 0.005653520067810496, 0.006888783941497189, 0.014376135493024897, 0.01613430321775788, 0.012962220239124194]</SD>
		<WAVELENGTH_UNIT>band number</WAVELENGTH_UNIT>
		<COLOR>#cbc914</COLOR>
		<COVARIANCE_MATRIX>[[1.165921912615886e-05, 1.621001138119027e-05, 2.012699405895546e-05, 2.497046625649091e-05, 2.822556962200906e-05, 2.4600776669103652e-05], [1.621001138119027e-05, 3.2184248993871734e-05, 3.4775588574120775e-05, 3.820920392172411e-05, 4.518326386460103e-05, 4.170844113104977e-05], [2.012699405895546e-05, 3.4775588574120775e-05, 4.7784895286895335e-05, 5.828807479701936e-05, 6.496263085864484e-05, 5.789434362668544e-05], [2.497046625649091e-05, 3.820920392172411e-05, 5.828807479701936e-05, 0.00020810849673580378, 0.00018816691590473056, 0.00014509634638670832], [2.822556962200906e-05, 4.518326386460103e-05, 6.496263085864484e-05, 0.00018816691590473056, 0.00026212347438558936, 0.00019641939434222877], [2.4600776669103652e-05, 4.170844113104977e-05, 5.789434362668544e-05, 0.00014509634638670832, 0.00019641939434222877, 0.00016918595065362751]]</COVARIANCE_MATRIX>
		<ROI_SIZE>145</ROI_SIZE>
		<MAX_VALUE>[0.11099032312631607, 0.10717753320932388, 0.11282669752836227, 0.12516333162784576, 0.08202575147151947, 0.06926248967647552]</MAX_VALUE>
		<MIN_VALUE>[0.088994599878788, 0.07429371774196625, 0.06866680830717087, 0.06650858372449875, 0.01982719637453556, 0.015030844137072563]</MIN_VALUE>
		<SIGNATURE_THRESHOLD_MD>0.0</SIGNATURE_THRESHOLD_MD>
		<SIGNATURE_THRESHOLD_ML>0.0</SIGNATURE_THRESHOLD_ML>
		<SIGNATURE_THRESHOLD_SAM>0.0</SIGNATURE_THRESHOLD_SAM>
	</signature>
	<signature ID="20220227_222404118111_849">
		<MACROCLASSID>1</MACROCLASSID>
		<MACROCLASSINFO>waterbody</MACROCLASSINFO>
		<CLASSID>5</CLASSID>
		<CLASSINFO>C 1</CLASSINFO>
		<VALUES>[0.09626973288512859, 0.0032904361787198257, 0.09014038530598699, 0.005636883086043313, 0.08561755987131496, 0.006799026182163288, 0.08892013712794385, 0.015148464608425661, 0.049707665528475706, 0.015743583308542232, 0.034312577909930086, 0.01225925302710484]</VALUES>
		<LCS_MIN>[0.088994599878788, 0.07728315144777298, 0.07142679393291473, 0.056157760322093964, 0.024269949644804, 0.011840748600661755]</LCS_MIN>
		<LCS_MAX>[0.10961558669805527, 0.11016695946455002, 0.11282669752836227, 0.12516333162784576, 0.08424712717533112, 0.0724525898694992]</LCS_MAX>
		<WAVELENGTH>[1.0, 2.0, 3.0, 4.0, 5.0, 6.0]</WAVELENGTH>
		<MEAN_VALUE>[0.09626973288512859, 0.09014038530598699, 0.08561755987131496, 0.08892013712794385, 0.049707665528475706, 0.034312577909930086]</MEAN_VALUE>
		<CHECKBOX>2</CHECKBOX>
		<SD>[0.0032904361787198257, 0.005636883086043313, 0.006799026182163288, 0.015148464608425661, 0.015743583308542232, 0.01225925302710484]</SD>
		<WAVELENGTH_UNIT>band number</WAVELENGTH_UNIT>
		<COLOR>#f6f525</COLOR>
		<COVARIANCE_MATRIX>[[1.0923639820248354e-05, 1.5193745639408007e-05, 1.9930937924073078e-05, 1.0911347999353893e-05, 1.4481186553894076e-05, 1.7915675925905816e-05], [1.5193745639408007e-05, 3.205815301043913e-05, 3.360633854754269e-05, 1.4873077134325285e-06, 5.849384251632728e-06, 2.0051997125847265e-05], [1.9930937924073078e-05, 3.360633854754269e-05, 4.6639495849376544e-05, 2.160224539693445e-05, 2.626354034873657e-05, 3.7757148675154895e-05], [1.0911347999353893e-05, 1.4873077134325285e-06, 2.160224539693445e-05, 0.00023152487119659781, 0.0001961069938261062, 0.00014038702647667378], [1.4481186553894076e-05, 5.849384251632728e-06, 2.626354034873657e-05, 0.0001961069938261062, 0.00025007344083860517, 0.00017904209380503744], [1.7915675925905816e-05, 2.0051997125847265e-05, 3.7757148675154895e-05, 0.00014038702647667378, 0.00017904209380503744, 0.0001516311604063958]]</COVARIANCE_MATRIX>
		<ROI_SIZE>113</ROI_SIZE>
		<MAX_VALUE>[0.10961558669805527, 0.11016695946455002, 0.11282669752836227, 0.12516333162784576, 0.08424712717533112, 0.0724525898694992]</MAX_VALUE>
		<MIN_VALUE>[0.088994599878788, 0.07728315144777298, 0.07142679393291473, 0.056157760322093964, 0.024269949644804, 0.011840748600661755]</MIN_VALUE>
		<SIGNATURE_THRESHOLD_MD>0.0</SIGNATURE_THRESHOLD_MD>
		<SIGNATURE_THRESHOLD_ML>0.0</SIGNATURE_THRESHOLD_ML>
		<SIGNATURE_THRESHOLD_SAM>0.0</SIGNATURE_THRESHOLD_SAM>
	</signature>
	<signature ID="20220227_222421090642_961">
		<MACROCLASSID>1</MACROCLASSID>
		<MACROCLASSINFO>waterbody</MACROCLASSINFO>
		<CLASSID>6</CLASSID>
		<CLASSINFO>C 1</CLASSINFO>
		<VALUES>[0.09897831351053518, 0.007341818973748182, 0.09482772599478236, 0.011603014902817262, 0.0889821650429827, 0.014372075236922972, 0.10140731393313798, 0.016051240690715285, 0.06254318240480344, 0.018621870937684224, 0.045101426816621756, 0.017217600628349834]</VALUES>
		<LCS_MIN>[0.087619848549366, 0.07429371774196625, 0.060386817902326584, 0.07340914756059647, 0.03537683188915253, 0.02141103520989418]</LCS_MIN>
		<LCS_MAX>[0.11648926138877869, 0.12212473899126053, 0.12386666238307953, 0.13206389546394348, 0.11090365797281265, 0.09797335416078568]</LCS_MAX>
		<WAVELENGTH>[1.0, 2.0, 3.0, 4.0, 5.0, 6.0]</WAVELENGTH>
		<MEAN_VALUE>[0.09897831351053518, 0.09482772599478236, 0.0889821650429827, 0.10140731393313798, 0.06254318240480344, 0.045101426816621756]</MEAN_VALUE>
		<CHECKBOX>2</CHECKBOX>
		<SD>[0.007341818973748182, 0.011603014902817262, 0.014372075236922972, 0.016051240690715285, 0.018621870937684224, 0.017217600628349834]</SD>
		<WAVELENGTH_UNIT>band number</WAVELENGTH_UNIT>
		<COLOR>#af1a7c</COLOR>
		<COVARIANCE_MATRIX>[[5.480067920871079e-05, 8.069347677519545e-05, 0.00010151084279641509, 2.7839798349305056e-05, 8.109509508358315e-05, 9.517923172097653e-05], [8.069347677519545e-05, 0.00013687378668691963, 0.00016500083438586444, 1.9755139874177985e-05, 0.00010944221867248416, 0.0001421604392817244], [0.00010151084279641509, 0.00016500083438586444, 0.00020999915432184935, 2.9437243938446045e-05, 0.00014080328401178122, 0.00018278780044056475], [2.7839798349305056e-05, 1.9755139874177985e-05, 2.9437243938446045e-05, 0.000261936365859583, 0.00024671523715369403, 0.0001709741191007197], [8.109509508358315e-05, 0.00010944221867248416, 0.00014080328401178122, 0.00024671523715369403, 0.0003525536449160427, 0.0002845231501851231], [9.517923172097653e-05, 0.0001421604392817244, 0.00018278780044056475, 0.0001709741191007197, 0.0002845231501851231, 0.0003013865207321942]]</COVARIANCE_MATRIX>
		<ROI_SIZE>61</ROI_SIZE>
		<MAX_VALUE>[0.11648926138877869, 0.12212473899126053, 0.12386666238307953, 0.13206389546394348, 0.11090365797281265, 0.09797335416078568]</MAX_VALUE>
		<MIN_VALUE>[0.087619848549366, 0.07429371774196625, 0.060386817902326584, 0.07340914756059647, 0.03537683188915253, 0.02141103520989418]</MIN_VALUE>
		<SIGNATURE_THRESHOLD_MD>0.0</SIGNATURE_THRESHOLD_MD>
		<SIGNATURE_THRESHOLD_ML>0.0</SIGNATURE_THRESHOLD_ML>
		<SIGNATURE_THRESHOLD_SAM>0.0</SIGNATURE_THRESHOLD_SAM>
	</signature>
	<signature ID="20220227_222430681195_139">
		<MACROCLASSID>1</MACROCLASSID>
		<MACROCLASSINFO>waterbody</MACROCLASSINFO>
		<CLASSID>7</CLASSID>
		<CLASSINFO>C 1</CLASSINFO>
		<VALUES>[0.10245581723863097, 0.003998374579716589, 0.09811817291121791, 0.004865367602546564, 0.09060664792653866, 0.006713201254992376, 0.09342777161731335, 0.01784756932454992, 0.05542560761350063, 0.015390861822045774, 0.04045445624228362, 0.01327977908434127]</VALUES>
		<LCS_MIN>[0.09449351578950882, 0.0892409086227417, 0.07970678806304932, 0.06305830925703049, 0.028712701052427292, 0.018220940604805946]</LCS_MIN>
		<LCS_MAX>[0.11511452496051788, 0.11315641552209854, 0.11006670445203781, 0.13896444439888, 0.0931326374411583, 0.07564268261194229]</LCS_MAX>
		<WAVELENGTH>[1.0, 2.0, 3.0, 4.0, 5.0, 6.0]</WAVELENGTH>
		<MEAN_VALUE>[0.10245581723863097, 0.09811817291121791, 0.09060664792653866, 0.09342777161731335, 0.05542560761350063, 0.04045445624228362]</MEAN_VALUE>
		<CHECKBOX>2</CHECKBOX>
		<SD>[0.003998374579716589, 0.004865367602546564, 0.006713201254992376, 0.01784756932454992, 0.015390861822045774, 0.01327977908434127]</SD>
		<WAVELENGTH_UNIT>band number</WAVELENGTH_UNIT>
		<COLOR>#90388e</COLOR>
		<COVARIANCE_MATRIX>[[1.606856494618114e-05, 1.6454465367132798e-05, 2.3402775696013123e-05, 3.2812447898322716e-05, 4.0245340642286465e-05, 3.816643948084675e-05], [1.6454465367132798e-05, 2.3792576030245982e-05, 2.9075565180392005e-05, 3.672200909932144e-05, 4.896315294899978e-05, 4.631171395885758e-05], [2.3402775696013123e-05, 2.9075565180392005e-05, 4.529700527200475e-05, 5.597142444457859e-05, 7.40177056286484e-05, 7.08277802914381e-05], [3.2812447898322716e-05, 3.672200909932144e-05, 5.597142444457859e-05, 0.00032016090699471533, 0.00021186469530221075, 0.0001489733112975955], [4.0245340642286465e-05, 4.896315294899978e-05, 7.40177056286484e-05, 0.00021186469530221075, 0.0002380871883360669, 0.0001921700604725629], [3.816643948084675e-05, 4.631171395885758e-05, 7.08277802914381e-05, 0.0001489733112975955, 0.0001921700604725629, 0.00017725229554343969]]</COVARIANCE_MATRIX>
		<ROI_SIZE>197</ROI_SIZE>
		<MAX_VALUE>[0.11511452496051788, 0.11315641552209854, 0.11006670445203781, 0.13896444439888, 0.0931326374411583, 0.07564268261194229]</MAX_VALUE>
		<MIN_VALUE>[0.09449351578950882, 0.0892409086227417, 0.07970678806304932, 0.06305830925703049, 0.028712701052427292, 0.018220940604805946]</MIN_VALUE>
		<SIGNATURE_THRESHOLD_MD>0.0</SIGNATURE_THRESHOLD_MD>
		<SIGNATURE_THRESHOLD_ML>0.0</SIGNATURE_THRESHOLD_ML>
		<SIGNATURE_THRESHOLD_SAM>0.0</SIGNATURE_THRESHOLD_SAM>
	</signature>
	<signature ID="20220227_222437125524_949">
		<MACROCLASSID>1</MACROCLASSID>
		<MACROCLASSINFO>waterbody</MACROCLASSINFO>
		<CLASSID>8</CLASSID>
		<CLASSINFO>C 1</CLASSINFO>
		<VALUES>[0.1018293914224567, 0.0038501989931897457, 0.09697221168156331, 0.004760318465207159, 0.08941433816377455, 0.005619996789728847, 0.08795385878404668, 0.014303605956767535, 0.05247760784073636, 0.01564297457984761, 0.03912157387119429, 0.013601323880372055]</VALUES>
		<LCS_MIN>[0.09586826711893082, 0.0892409086227417, 0.08246677368879318, 0.06305830925703049, 0.026491327211260796, 0.015030844137072563]</LCS_MIN>
		<LCS_MAX>[0.11786399036645889, 0.11614585667848587, 0.11282669752836227, 0.12516333162784576, 0.08646850287914276, 0.0724525898694992]</LCS_MAX>
		<WAVELENGTH>[1.0, 2.0, 3.0, 4.0, 5.0, 6.0]</WAVELENGTH>
		<MEAN_VALUE>[0.1018293914224567, 0.09697221168156331, 0.08941433816377455, 0.08795385878404668, 0.05247760784073636, 0.03912157387119429]</MEAN_VALUE>
		<CHECKBOX>2</CHECKBOX>
		<SD>[0.0038501989931897457, 0.004760318465207159, 0.005619996789728847, 0.014303605956767535, 0.01564297457984761, 0.013601323880372055]</SD>
		<WAVELENGTH_UNIT>band number</WAVELENGTH_UNIT>
		<COLOR>#affd5c</COLOR>
		<COVARIANCE_MATRIX>[[1.4952936908230186e-05, 1.4049304809304886e-05, 1.8998571249539964e-05, 3.512429611873813e-05, 4.094128598808311e-05, 3.8191585190361366e-05], [1.4049304809304886e-05, 2.285768096044194e-05, 2.1942007151665166e-05, 3.671428203233518e-05, 4.7727189667057246e-05, 4.3825442844536155e-05], [1.8998571249539964e-05, 2.1942007151665166e-05, 3.185901005053893e-05, 5.126294126966968e-05, 6.371446943376213e-05, 5.7260567700723186e-05], [3.512429611873813e-05, 3.671428203233518e-05, 5.126294126966968e-05, 0.00020637222041841596, 0.00016751936345826834, 0.00012769780005328357], [4.094128598808311e-05, 4.7727189667057246e-05, 6.371446943376213e-05, 0.00016751936345826834, 0.0002468304883223027, 0.00020114985818509012], [3.8191585190361366e-05, 4.3825442844536155e-05, 5.7260567700723186e-05, 0.00012769780005328357, 0.00020114985818509012, 0.00018660466594155878]]</COVARIANCE_MATRIX>
		<ROI_SIZE>116</ROI_SIZE>
		<MAX_VALUE>[0.11786399036645889, 0.11614585667848587, 0.11282669752836227, 0.12516333162784576, 0.08646850287914276, 0.0724525898694992]</MAX_VALUE>
		<MIN_VALUE>[0.09586826711893082, 0.0892409086227417, 0.08246677368879318, 0.06305830925703049, 0.026491327211260796, 0.015030844137072563]</MIN_VALUE>
		<SIGNATURE_THRESHOLD_MD>0.0</SIGNATURE_THRESHOLD_MD>
		<SIGNATURE_THRESHOLD_ML>0.0</SIGNATURE_THRESHOLD_ML>
		<SIGNATURE_THRESHOLD_SAM>0.0</SIGNATURE_THRESHOLD_SAM>
	</signature>
	<signature ID="20220227_222440318831_596">
		<MACROCLASSID>1</MACROCLASSID>
		<MACROCLASSINFO>waterbody</MACROCLASSINFO>
		<CLASSID>9</CLASSID>
		<CLASSINFO>C 1</CLASSINFO>
		<VALUES>[0.09960853046662099, 0.0026879103750368817, 0.09284977950491344, 0.003111298863943836, 0.08517703366977673, 0.003435301447974583, 0.07776085267195831, 0.008611221757296355, 0.04007974980180866, 0.010691831745147496, 0.02767627141732084, 0.009660186147377844]</VALUES>
		<LCS_MIN>[0.09449351578950882, 0.08625147491693497, 0.07694678753614426, 0.056157760322093964, 0.024269949644804, 0.008650650270283222]</LCS_MIN>
		<LCS_MAX>[0.10961558669805527, 0.10119867324829102, 0.09350673854351044, 0.09756109863519669, 0.068697489798069, 0.05969219654798508]</LCS_MAX>
		<WAVELENGTH>[1.0, 2.0, 3.0, 4.0, 5.0, 6.0]</WAVELENGTH>
		<MEAN_VALUE>[0.09960853046662099, 0.09284977950491344, 0.08517703366977673, 0.07776085267195831, 0.04007974980180866, 0.02767627141732084]</MEAN_VALUE>
		<CHECKBOX>2</CHECKBOX>
		<SD>[0.0026879103750368817, 0.003111298863943836, 0.003435301447974583, 0.008611221757296355, 0.010691831745147496, 0.009660186147377844]</SD>
		<WAVELENGTH_UNIT>band number</WAVELENGTH_UNIT>
		<COLOR>#3ea93f</COLOR>
		<COVARIANCE_MATRIX>[[7.2905427259684075e-06, 4.53645907327882e-06, 5.8445743889024016e-06, 1.4492623449768871e-05, 2.1588428353425115e-05, 1.873349719971884e-05], [4.53645907327882e-06, 9.768182280822657e-06, 6.481719083240023e-06, 1.3689154002349824e-05, 1.8250124412588775e-05, 1.689092823653482e-05], [5.8445743889024016e-06, 6.481719083240023e-06, 1.1908580745512154e-05, 1.8831004126695916e-05, 2.509434307285119e-05, 2.104532359226141e-05], [1.4492623449768871e-05, 1.3689154002349824e-05, 1.8831004126695916e-05, 7.48272577766329e-05, 8.212049579015002e-05, 6.474406109191477e-05], [2.1588428353425115e-05, 1.8250124412588775e-05, 2.509434307285119e-05, 8.212049579015002e-05, 0.00011535449448274449, 9.131598199019209e-05], [1.873349719971884e-05, 1.689092823653482e-05, 2.104532359226141e-05, 6.474406109191477e-05, 9.131598199019209e-05, 9.416755347047001e-05]]</COVARIANCE_MATRIX>
		<ROI_SIZE>111</ROI_SIZE>
		<MAX_VALUE>[0.10961558669805527, 0.10119867324829102, 0.09350673854351044, 0.09756109863519669, 0.068697489798069, 0.05969219654798508]</MAX_VALUE>
		<MIN_VALUE>[0.09449351578950882, 0.08625147491693497, 0.07694678753614426, 0.056157760322093964, 0.024269949644804, 0.008650650270283222]</MIN_VALUE>
		<SIGNATURE_THRESHOLD_MD>0.0</SIGNATURE_THRESHOLD_MD>
		<SIGNATURE_THRESHOLD_ML>0.0</SIGNATURE_THRESHOLD_ML>
		<SIGNATURE_THRESHOLD_SAM>0.0</SIGNATURE_THRESHOLD_SAM>
	</signature>
	<signature ID="20220227_222446136857_160">
		<MACROCLASSID>1</MACROCLASSID>
		<MACROCLASSINFO>waterbody</MACROCLASSINFO>
		<CLASSID>10</CLASSID>
		<CLASSINFO>C 1</CLASSINFO>
		<VALUES>[0.10199252645138791, 0.004997578655860024, 0.09669831473151702, 0.0069082692838600655, 0.09121505197957967, 0.009069392630969845, 0.10195802638999826, 0.01774039097079846, 0.05942704957583754, 0.02123789716736763, 0.043845363068881905, 0.017985455541777173]</VALUES>
		<LCS_MIN>[0.09449351578950882, 0.08027258515357971, 0.0741867870092392, 0.0699588730931282, 0.026491327211260796, 0.015030844137072563]</LCS_MIN>
		<LCS_MAX>[0.11923874169588089, 0.12212473899126053, 0.12110668420791626, 0.14241471886634827, 0.10646089166402817, 0.0915931686758995]</LCS_MAX>
		<WAVELENGTH>[1.0, 2.0, 3.0, 4.0, 5.0, 6.0]</WAVELENGTH>
		<MEAN_VALUE>[0.10199252645138791, 0.09669831473151702, 0.09121505197957967, 0.10195802638999826, 0.05942704957583754, 0.043845363068881905]</MEAN_VALUE>
		<CHECKBOX>2</CHECKBOX>
		<SD>[0.004997578655860024, 0.0069082692838600655, 0.009069392630969845, 0.01774039097079846, 0.02123789716736763, 0.017985455541777173]</SD>
		<WAVELENGTH_UNIT>band number</WAVELENGTH_UNIT>
		<COLOR>#03ad06</COLOR>
		<COVARIANCE_MATRIX>[[2.5066285161301494e-05, 3.081786053371616e-05, 4.206151425023563e-05, 4.6580200432799757e-05, 6.684980326099321e-05, 6.404949090210721e-05], [3.081786053371616e-05, 4.789709782926366e-05, 5.816698831040412e-05, 5.162472734809853e-05, 7.852686394471675e-05, 7.717555126873776e-05], [4.206151425023563e-05, 5.816698831040412e-05, 8.255190186901018e-05, 7.90493213571608e-05, 0.00011782477668020874, 0.00011492211342556402], [4.6580200432799757e-05, 5.162472734809853e-05, 7.90493213571608e-05, 0.000315861776471138, 0.0003343211719766259, 0.00025644589914008975], [6.684980326099321e-05, 7.852686394471675e-05, 0.00011782477668020874, 0.0003343211719766259, 0.00045268252142705023, 0.0003578522882889956], [6.404949090210721e-05, 7.717555126873776e-05, 0.00011492211342556402, 0.00025644589914008975, 0.0003578522882889956, 0.0003246486303396523]]</COVARIANCE_MATRIX>
		<ROI_SIZE>277</ROI_SIZE>
		<MAX_VALUE>[0.11923874169588089, 0.12212473899126053, 0.12110668420791626, 0.14241471886634827, 0.10646089166402817, 0.0915931686758995]</MAX_VALUE>
		<MIN_VALUE>[0.09449351578950882, 0.08027258515357971, 0.0741867870092392, 0.0699588730931282, 0.026491327211260796, 0.015030844137072563]</MIN_VALUE>
		<SIGNATURE_THRESHOLD_MD>0.0</SIGNATURE_THRESHOLD_MD>
		<SIGNATURE_THRESHOLD_ML>0.0</SIGNATURE_THRESHOLD_ML>
		<SIGNATURE_THRESHOLD_SAM>0.0</SIGNATURE_THRESHOLD_SAM>
	</signature>
	<signature ID="20220227_222450969445_919">
		<MACROCLASSID>1</MACROCLASSID>
		<MACROCLASSINFO>waterbody</MACROCLASSINFO>
		<CLASSID>11</CLASSID>
		<CLASSINFO>C 1</CLASSINFO>
		<VALUES>[0.10185375918498202, 0.003365346101235446, 0.09505183781298365, 0.00450057434504788, 0.08725799456908466, 0.005341057775210511, 0.08015463727243824, 0.012720953214882685, 0.047257457681921085, 0.01339300354922934, 0.0359815343419153, 0.011669077779071847]</VALUES>
		<LCS_MIN>[0.09724300354719162, 0.08625147491693497, 0.07694678753614426, 0.05960804224014282, 0.01982719637453556, 0.018220940604805946]</LCS_MIN>
		<LCS_MAX>[0.11373978853225708, 0.11016695946455002, 0.10454671829938889, 0.11136221885681152, 0.07758300006389618, 0.06288228929042816]</LCS_MAX>
		<WAVELENGTH>[1.0, 2.0, 3.0, 4.0, 5.0, 6.0]</WAVELENGTH>
		<MEAN_VALUE>[0.10185375918498202, 0.09505183781298365, 0.08725799456908466, 0.08015463727243824, 0.047257457681921085, 0.0359815343419153]</MEAN_VALUE>
		<CHECKBOX>2</CHECKBOX>
		<SD>[0.003365346101235446, 0.00450057434504788, 0.005341057775210511, 0.012720953214882685, 0.01339300354922934, 0.011669077779071847]</SD>
		<WAVELENGTH_UNIT>band number</WAVELENGTH_UNIT>
		<COLOR>#ac3191</COLOR>
		<COVARIANCE_MATRIX>[[1.138954030466266e-05, 1.064660227712011e-05, 1.4225975064618979e-05, 2.7891996069229208e-05, 3.1556894100503996e-05, 2.802905328280758e-05], [1.064660227712011e-05, 2.0369605408632196e-05, 1.9874682038789615e-05, 3.4238575608469546e-05, 3.91868052247446e-05, 3.705123526742682e-05], [1.4225975064618979e-05, 1.9874682038789615e-05, 2.8688067686744034e-05, 5.029772364650853e-05, 5.643868280458264e-05, 5.102059367345646e-05], [2.7891996069229208e-05, 3.4238575608469546e-05, 5.029772364650853e-05, 0.00016273690562229604, 0.0001488614216214046, 0.00012123186752432957], [3.1556894100503996e-05, 3.91868052247446e-05, 5.643868280458264e-05, 0.0001488614216214046, 0.0001803859486244619, 0.00014600482245441526], [2.802905328280758e-05, 3.705123526742682e-05, 5.102059367345646e-05, 0.00012123186752432957, 0.00014600482245441526, 0.00013693668006453663]]</COVARIANCE_MATRIX>
		<ROI_SIZE>178</ROI_SIZE>
		<MAX_VALUE>[0.11373978853225708, 0.11016695946455002, 0.10454671829938889, 0.11136221885681152, 0.07758300006389618, 0.06288228929042816]</MAX_VALUE>
		<MIN_VALUE>[0.09724300354719162, 0.08625147491693497, 0.07694678753614426, 0.05960804224014282, 0.01982719637453556, 0.018220940604805946]</MIN_VALUE>
		<SIGNATURE_THRESHOLD_MD>0.0</SIGNATURE_THRESHOLD_MD>
		<SIGNATURE_THRESHOLD_ML>0.0</SIGNATURE_THRESHOLD_ML>
		<SIGNATURE_THRESHOLD_SAM>0.0</SIGNATURE_THRESHOLD_SAM>
	</signature>
	<signature ID="20220227_222502174408_352">
		<MACROCLASSID>1</MACROCLASSID>
		<MACROCLASSINFO>waterbody</MACROCLASSINFO>
		<CLASSID>12</CLASSID>
		<CLASSINFO>C 1</CLASSINFO>
		<VALUES>[0.10156799794247978, 0.0074916998191589465, 0.09726872320255539, 0.009956234770298628, 0.0924213542864564, 0.013518733036790308, 0.09934439074792219, 0.017925281568584445, 0.0626323814137598, 0.02187362637689287, 0.04994268882810399, 0.020896219550444222]</VALUES>
		<LCS_MIN>[0.088994599878788, 0.08027258515357971, 0.0659068152308464, 0.06305830925703049, 0.030934082344174385, 0.02141103520989418]</LCS_MIN>
		<LCS_MAX>[0.11923874169588089, 0.12212473899126053, 0.12386666238307953, 0.13896444439888, 0.10646089166402817, 0.0915931686758995]</LCS_MAX>
		<WAVELENGTH>[1.0, 2.0, 3.0, 4.0, 5.0, 6.0]</WAVELENGTH>
		<MEAN_VALUE>[0.10156799794247978, 0.09726872320255539, 0.0924213542864564, 0.09934439074792219, 0.0626323814137598, 0.04994268882810399]</MEAN_VALUE>
		<CHECKBOX>2</CHECKBOX>
		<SD>[0.0074916998191589465, 0.009956234770298628, 0.013518733036790308, 0.017925281568584445, 0.02187362637689287, 0.020896219550444222]</SD>
		<WAVELENGTH_UNIT>band number</WAVELENGTH_UNIT>
		<COLOR>#44ca12</COLOR>
		<COVARIANCE_MATRIX>[[5.676335786120035e-05, 7.178349915193394e-05, 9.76206865743734e-05, 7.342713070102036e-05, 0.00012574353604577482, 0.0001330974482698366], [7.178349915193394e-05, 0.0001002530480036512, 0.00013323109305929393, 9.476018749410287e-05, 0.0001644735602894798, 0.00017571471107658], [9.76206865743734e-05, 0.00013323109305929393, 0.0001848329120548442, 0.00012467114720493555, 0.00021977064898237586, 0.0002368283603573218], [7.342713070102036e-05, 9.476018749410287e-05, 0.00012467114720493555, 0.00032496702624484897, 0.00032430695137009025, 0.00026823687949217856], [0.00012574353604577482, 0.0001644735602894798, 0.00021977064898237586, 0.00032430695137009025, 0.00048389253788627684, 0.0004333457909524441], [0.0001330974482698366, 0.00017571471107658, 0.0002368283603573218, 0.00026823687949217856, 0.0004333457909524441, 0.00044161395635455847]]</COVARIANCE_MATRIX>
		<ROI_SIZE>89</ROI_SIZE>
		<MAX_VALUE>[0.11923874169588089, 0.12212473899126053, 0.12386666238307953, 0.13896444439888, 0.10646089166402817, 0.0915931686758995]</MAX_VALUE>
		<MIN_VALUE>[0.088994599878788, 0.08027258515357971, 0.0659068152308464, 0.06305830925703049, 0.030934082344174385, 0.02141103520989418]</MIN_VALUE>
		<SIGNATURE_THRESHOLD_MD>0.0</SIGNATURE_THRESHOLD_MD>
		<SIGNATURE_THRESHOLD_ML>0.0</SIGNATURE_THRESHOLD_ML>
		<SIGNATURE_THRESHOLD_SAM>0.0</SIGNATURE_THRESHOLD_SAM>
	</signature>
	<signature ID="20220227_222559869693_837">
		<MACROCLASSID>1</MACROCLASSID>
		<MACROCLASSINFO>waterbody</MACROCLASSINFO>
		<CLASSID>13</CLASSID>
		<CLASSINFO>C 1</CLASSINFO>
		<VALUES>[0.11981153612335524, 0.006311269111222535, 0.13109305128455162, 0.012505720829398619, 0.1413466390222311, 0.014618998469596868, 0.16972943395376208, 0.012634679921020445, 0.15755256886283556, 0.024535910712621796, 0.13519115621844927, 0.018341131369279614]</VALUES>
		<LCS_MIN>[0.10411666333675385, 0.10418809950351715, 0.11282669752836227, 0.14586500823497772, 0.12201053649187088, 0.09797335416078568]</LCS_MIN>
		<LCS_MAX>[0.12611240148544312, 0.1490296870470047, 0.16526658833026886, 0.18381808698177338, 0.19309459626674652, 0.16177530586719513]</LCS_MAX>
		<WAVELENGTH>[1.0, 2.0, 3.0, 4.0, 5.0, 6.0]</WAVELENGTH>
		<MEAN_VALUE>[0.11981153612335524, 0.13109305128455162, 0.1413466390222311, 0.16972943395376208, 0.15755256886283556, 0.13519115621844927]</MEAN_VALUE>
		<CHECKBOX>2</CHECKBOX>
		<SD>[0.006311269111222535, 0.012505720829398619, 0.014618998469596868, 0.012634679921020445, 0.024535910712621796, 0.018341131369279614]</SD>
		<WAVELENGTH_UNIT>band number</WAVELENGTH_UNIT>
		<COLOR>#d1c040</COLOR>
		<COVARIANCE_MATRIX>[[4.345321940490976e-05, 7.88311954238452e-05, 8.77278289408423e-05, -2.0949220925103873e-05, 4.8860805691219866e-05, 7.521853694925085e-05], [7.88311954238452e-05, 0.00017061059770639986, 0.0001972699537873268, -8.439073098998051e-06, 2.6562718630884774e-05, 9.016428521135822e-05], [8.77278289408423e-05, 0.0001972699537873268, 0.0002331437572138384, -6.637037586187944e-06, 5.573373869083298e-07, 8.271041588159278e-05], [-2.0949220925103873e-05, -8.439073098998051e-06, -6.637037586187944e-06, 0.0001741474261507392, 5.0166774599347264e-05, -2.5348857889184728e-05], [4.8860805691219866e-05, 2.6562718630884774e-05, 5.573373869083298e-07, 5.0166774599347264e-05, 0.0006567391683347523, 0.0003878196293953806], [7.521853694925085e-05, 9.016428521135822e-05, 8.271041588159278e-05, -2.5348857889184728e-05, 0.0003878196293953806, 0.0003669786674436182]]</COVARIANCE_MATRIX>
		<ROI_SIZE>12</ROI_SIZE>
		<MAX_VALUE>[0.12611240148544312, 0.1490296870470047, 0.16526658833026886, 0.18381808698177338, 0.19309459626674652, 0.16177530586719513]</MAX_VALUE>
		<MIN_VALUE>[0.10411666333675385, 0.10418809950351715, 0.11282669752836227, 0.14586500823497772, 0.12201053649187088, 0.09797335416078568]</MIN_VALUE>
		<SIGNATURE_THRESHOLD_MD>0.0</SIGNATURE_THRESHOLD_MD>
		<SIGNATURE_THRESHOLD_ML>0.0</SIGNATURE_THRESHOLD_ML>
		<SIGNATURE_THRESHOLD_SAM>0.0</SIGNATURE_THRESHOLD_SAM>
	</signature>
	<signature ID="20220227_222605441541_280">
		<MACROCLASSID>1</MACROCLASSID>
		<MACROCLASSINFO>waterbody</MACROCLASSINFO>
		<CLASSID>14</CLASSID>
		<CLASSINFO>C 1</CLASSINFO>
		<VALUES>[0.11679475671715206, 0.006036940510615509, 0.12810360557503173, 0.01153508218993403, 0.13705331666602028, 0.0142393497627283, 0.15889939500225914, 0.019838872953997628, 0.14200292113754484, 0.027961520108300345, 0.11817730300956303, 0.023872498312285075]</VALUES>
		<LCS_MIN>[0.10961558669805527, 0.11315641552209854, 0.1183466836810112, 0.12516333162784576, 0.10423951596021652, 0.09478326886892319]</LCS_MIN>
		<LCS_MAX>[0.12748713791370392, 0.14604023098945618, 0.15974661707878113, 0.18381808698177338, 0.1775449514389038, 0.16177530586719513]</LCS_MAX>
		<WAVELENGTH>[1.0, 2.0, 3.0, 4.0, 5.0, 6.0]</WAVELENGTH>
		<MEAN_VALUE>[0.11679475671715206, 0.12810360557503173, 0.13705331666602028, 0.15889939500225914, 0.14200292113754484, 0.11817730300956303]</MEAN_VALUE>
		<CHECKBOX>2</CHECKBOX>
		<SD>[0.006036940510615509, 0.01153508218993403, 0.0142393497627283, 0.019838872953997628, 0.027961520108300345, 0.023872498312285075]</SD>
		<WAVELENGTH_UNIT>band number</WAVELENGTH_UNIT>
		<COLOR>#d167d8</COLOR>
		<COVARIANCE_MATRIX>[[4.1000232158694416e-05, 7.39743045414798e-05, 9.364446304971352e-05, 9.927820792654529e-05, 0.00010421100887469947, 0.00013065242092125118], [7.39743045414798e-05, 0.00014969038602430373, 0.00018254968745168298, 0.00017405541439075023, 0.00023740391770843416, 0.0002503356372471899], [9.364446304971352e-05, 0.00018254968745168298, 0.00022810396330896765, 0.0002137329283868894, 0.00029275467386469245, 0.00031770116765983403], [9.927820792654529e-05, 0.00017405541439075023, 0.0002137329283868894, 0.00044277848792262375, 0.0003975892614107579, 0.0004384345083963126], [0.00010421100887469947, 0.00023740391770843416, 0.00029275467386469245, 0.0003975892614107579, 0.0008795774192549288, 0.0006519494927488267], [0.00013065242092125118, 0.0002503356372471899, 0.00031770116765983403, 0.0004384345083963126, 0.0006519494927488267, 0.0006411331705749035]]</COVARIANCE_MATRIX>
		<ROI_SIZE>9</ROI_SIZE>
		<MAX_VALUE>[0.12748713791370392, 0.14604023098945618, 0.15974661707878113, 0.18381808698177338, 0.1775449514389038, 0.16177530586719513]</MAX_VALUE>
		<MIN_VALUE>[0.10961558669805527, 0.11315641552209854, 0.1183466836810112, 0.12516333162784576, 0.10423951596021652, 0.09478326886892319]</MIN_VALUE>
		<SIGNATURE_THRESHOLD_MD>0.0</SIGNATURE_THRESHOLD_MD>
		<SIGNATURE_THRESHOLD_ML>0.0</SIGNATURE_THRESHOLD_ML>
		<SIGNATURE_THRESHOLD_SAM>0.0</SIGNATURE_THRESHOLD_SAM>
	</signature>
	<signature ID="20220227_222613213022_775">
		<MACROCLASSID>1</MACROCLASSID>
		<MACROCLASSINFO>waterbody</MACROCLASSINFO>
		<CLASSID>15</CLASSID>
		<CLASSINFO>C 1</CLASSINFO>
		<VALUES>[0.11992610080374612, 0.005943948298077295, 0.13192344788048002, 0.008733025610248545, 0.14655996445152494, 0.010349697833687572, 0.17768424252669016, 0.020202247028098443, 0.1698935520317819, 0.029740491225762063, 0.14635648868150186, 0.026397399516968675]</VALUES>
		<LCS_MIN>[0.10824085772037506, 0.11315641552209854, 0.12386666238307953, 0.13551415503025055, 0.11534639447927475, 0.10116344690322876]</LCS_MIN>
		<LCS_MAX>[0.13023661077022552, 0.1490296870470047, 0.16802658140659332, 0.21142031252384186, 0.2264152467250824, 0.1841059774160385]</LCS_MAX>
		<WAVELENGTH>[1.0, 2.0, 3.0, 4.0, 5.0, 6.0]</WAVELENGTH>
		<MEAN_VALUE>[0.11992610080374612, 0.13192344788048002, 0.14655996445152494, 0.17768424252669016, 0.1698935520317819, 0.14635648868150186]</MEAN_VALUE>
		<CHECKBOX>2</CHECKBOX>
		<SD>[0.005943948298077295, 0.008733025610248545, 0.010349697833687572, 0.020202247028098443, 0.029740491225762063, 0.026397399516968675]</SD>
		<WAVELENGTH_UNIT>band number</WAVELENGTH_UNIT>
		<COLOR>#787b06</COLOR>
		<COVARIANCE_MATRIX>[[3.7408786738524213e-05, 4.363518382888287e-05, 4.887901377514936e-05, 3.655068940133788e-05, 0.00010221255797659978, 9.815859812078997e-05], [4.363518382888287e-05, 8.075195364654064e-05, 9.264664549846202e-05, 7.516697951359674e-05, 0.00013055642193648964, 0.00015099617303349078], [4.887901377514936e-05, 9.264664549846202e-05, 0.000113417198008392, 0.00010537266643950716, 0.00017303017375525087, 0.0001871420390671119], [3.655068940133788e-05, 7.516697951359674e-05, 0.00010537266643950716, 0.0004321384767536074, 0.0005503820721060038, 0.00045084417797625065], [0.00010221255797659978, 0.00013055642193648964, 0.00017303017375525087, 0.0005503820721060038, 0.0009365260484628379, 0.0007913156878203154], [9.815859812078997e-05, 0.00015099617303349078, 0.0001871420390671119, 0.00045084417797625065, 0.0007913156878203154, 0.0007378122536465526]]</COVARIANCE_MATRIX>
		<ROI_SIZE>18</ROI_SIZE>
		<MAX_VALUE>[0.13023661077022552, 0.1490296870470047, 0.16802658140659332, 0.21142031252384186, 0.2264152467250824, 0.1841059774160385]</MAX_VALUE>
		<MIN_VALUE>[0.10824085772037506, 0.11315641552209854, 0.12386666238307953, 0.13551415503025055, 0.11534639447927475, 0.10116344690322876]</MIN_VALUE>
		<SIGNATURE_THRESHOLD_MD>0.0</SIGNATURE_THRESHOLD_MD>
		<SIGNATURE_THRESHOLD_ML>0.0</SIGNATURE_THRESHOLD_ML>
		<SIGNATURE_THRESHOLD_SAM>0.0</SIGNATURE_THRESHOLD_SAM>
	</signature>
	<signature ID="20220227_222620621169_487">
		<MACROCLASSID>1</MACROCLASSID>
		<MACROCLASSINFO>waterbody</MACROCLASSINFO>
		<CLASSID>16</CLASSID>
		<CLASSINFO>C 1</CLASSINFO>
		<VALUES>[0.10628729235184821, 0.0060058476123199395, 0.11048164885295064, 0.009093044728390237, 0.11486037781364039, 0.011496892340937257, 0.15694221187579005, 0.019664165228532118, 0.12996072557411698, 0.02465539679516534, 0.09562276029273083, 0.021706529423365598]</VALUES>
		<LCS_MIN>[0.09724300354719162, 0.09521978348493576, 0.09902672469615936, 0.11136221885681152, 0.07091886550188065, 0.046931806951761246]</LCS_MIN>
