<?xml version="1.0" ?>
<signaturelist MCID_LIST="[['1', 'waterbody', '#0000ff'], ['2', 'vegetation', '#00ff00'], ['3', 'bareland', '#ffaa00'], ['4', 'built-up', '#ff0000']]">
	<signature ID="20220105_164408387248_604">
		<MACROCLASSID>1</MACROCLASSID>
		<MACROCLASSINFO>waterbody</MACROCLASSINFO>
		<CLASSID>1</CLASSID>
		<CLASSINFO>C 1</CLASSINFO>
		<VALUES>[0.0947326040108286, 0.0029229695925912518, 0.06745546547062792, 0.0056102942250726255, 0.05027864245908692, 0.006106761228033465, 0.03852701710454792, 0.004497883301792918, 0.019755150562534064, 0.0036798385106360555, 0.016330630427290608, 0.004024468089600083]</VALUES>
		<LCS_MIN>[0.087619848549366, 0.0593465194106102, 0.04106685891747475, 0.028555525466799736, 0.010941688902676105, 0.005460552871227264]</LCS_MIN>
		<LCS_MAX>[0.12473765760660172, 0.1191352903842926, 0.10178671777248383, 0.0872102677822113, 0.07314024120569229, 0.06288228929042816]</LCS_MAX>
		<WAVELENGTH>[0.485, 0.56, 0.66, 0.83, 1.65, 2.215]</WAVELENGTH>
		<MEAN_VALUE>[0.0947326040108286, 0.06745546547062792, 0.05027864245908692, 0.03852701710454792, 0.019755150562534064, 0.016330630427290608]</MEAN_VALUE>
		<CHECKBOX>2</CHECKBOX>
		<SD>[0.0029229695925912518, 0.0056102942250726255, 0.006106761228033465, 0.004497883301792918, 0.0036798385106360555, 0.004024468089600083]</SD>
		<WAVELENGTH_UNIT>E-6m</WAVELENGTH_UNIT>
		<COLOR>#7ffd40</COLOR>
		<COVARIANCE_MATRIX>[[8.064646863203961e-06, 1.1766434909077361e-05, 1.2223656085552648e-05, 7.452034424204612e-06, 5.05166008224478e-06, 4.552992322714999e-06], [1.1766434909077361e-05, 2.7807860533357598e-05, 2.5763512894627638e-05, 1.5353278286056593e-05, 9.808165486901999e-06, 8.662424988870043e-06], [1.2223656085552648e-05, 2.5763512894627638e-05, 3.113503407803364e-05, 1.7289148672716692e-05, 1.0944610039587133e-05, 9.629139640310314e-06], [7.452034424204612e-06, 1.5353278286056593e-05, 1.7289148672716692e-05, 1.6387333744205534e-05, 9.662904631113634e-06, 8.77227466844488e-06], [5.05166008224478e-06, 9.808165486901999e-06, 1.0944610039587133e-05, 9.662904631113634e-06, 1.1470913705124985e-05, 7.611611181346234e-06], [4.552992322714999e-06, 8.662424988870043e-06, 9.629139640310314e-06, 8.77227466844488e-06, 7.611611181346234e-06, 1.4861831004964188e-05]]</COVARIANCE_MATRIX>
		<ROI_SIZE>60989</ROI_SIZE>
		<MAX_VALUE>[0.12473765760660172, 0.1191352903842926, 0.10178671777248383, 0.0872102677822113, 0.07314024120569229, 0.06288228929042816]</MAX_VALUE>
		<MIN_VALUE>[0.087619848549366, 0.0593465194106102, 0.04106685891747475, 0.028555525466799736, 0.010941688902676105, 0.005460552871227264]</MIN_VALUE>
		<SIGNATURE_THRESHOLD_MD>0.0</SIGNATURE_THRESHOLD_MD>
		<SIGNATURE_THRESHOLD_ML>0.0</SIGNATURE_THRESHOLD_ML>
		<SIGNATURE_THRESHOLD_SAM>0.0</SIGNATURE_THRESHOLD_SAM>
	</signature>
	<signature ID="20220105_164414367295_967">
		<MACROCLASSID>1</MACROCLASSID>
		<MACROCLASSINFO>waterbody</MACROCLASSINFO>
		<CLASSID>2</CLASSID>
		<CLASSINFO>C 1</CLASSINFO>
		<VALUES>[0.09827542675425223, 0.004383541106787152, 0.0709053176936854, 0.006861130460449357, 0.05048291910017428, 0.006573899551390969, 0.037223029775608936, 0.0054448300662205285, 0.018207660170903757, 0.0037648156757884763, 0.014456722207014017, 0.0038783026012206]</VALUES>
		<LCS_MIN>[0.087619848549366, 0.0593465194106102, 0.04106685891747475, 0.028555525466799736, 0.008720312267541885, 0.005460552871227264]</LCS_MIN>
		<LCS_MAX>[0.11786399036645889, 0.10717753320932388, 0.0962667465209961, 0.08375998586416245, 0.06647610664367676, 0.05331199988722801]</LCS_MAX>
		<WAVELENGTH>[0.485, 0.56, 0.66, 0.83, 1.65, 2.215]</WAVELENGTH>
		<MEAN_VALUE>[0.09827542675425223, 0.0709053176936854, 0.05048291910017428, 0.037223029775608936, 0.018207660170903757, 0.014456722207014017]</MEAN_VALUE>
		<CHECKBOX>2</CHECKBOX>
		<SD>[0.004383541106787152, 0.006861130460449357, 0.006573899551390969, 0.0054448300662205285, 0.0037648156757884763, 0.0038783026012206]</SD>
		<WAVELENGTH_UNIT>E-6m</WAVELENGTH_UNIT>
		<COLOR>#043730</COLOR>
		<COVARIANCE_MATRIX>[[1.8935894331661984e-05, 2.668333036126569e-05, 2.1400977857410908e-05, 1.5934481780277565e-05, 9.330216926173307e-06, 7.802608706697356e-06], [2.668333036126569e-05, 4.705346145783551e-05, 3.786606612266041e-05, 2.846010283974465e-05, 1.639579022594262e-05, 1.3592375580628868e-05], [2.1400977857410908e-05, 3.786606612266041e-05, 4.1864168451866135e-05, 2.9866216209484264e-05, 1.6660054825479165e-05, 1.3395469068200327e-05], [1.5934481780277565e-05, 2.846010283974465e-05, 2.9866216209484264e-05, 2.7453193979454227e-05, 1.3985196346766315e-05, 1.1364196325303055e-05], [9.330216926173307e-06, 1.639579022594262e-05, 1.6660054825479165e-05, 1.3985196346766315e-05, 1.1937248018512037e-05, 7.39646611691569e-06], [7.802608706697356e-06, 1.3592375580628868e-05, 1.3395469068200327e-05, 1.1364196325303055e-05, 7.39646611691569e-06, 1.3578755897469819e-05]]</COVARIANCE_MATRIX>
		<ROI_SIZE>44959</ROI_SIZE>
		<MAX_VALUE>[0.11786399036645889, 0.10717753320932388, 0.0962667465209961, 0.08375998586416245, 0.06647610664367676, 0.05331199988722801]</MAX_VALUE>
		<MIN_VALUE>[0.087619848549366, 0.0593465194106102, 0.04106685891747475, 0.028555525466799736, 0.008720312267541885, 0.005460552871227264]</MIN_VALUE>
		<SIGNATURE_THRESHOLD_MD>0.0</SIGNATURE_THRESHOLD_MD>
		<SIGNATURE_THRESHOLD_ML>0.0</SIGNATURE_THRESHOLD_ML>
		<SIGNATURE_THRESHOLD_SAM>0.0</SIGNATURE_THRESHOLD_SAM>
	</signature>
	<signature ID="20220105_164503646418_216">
		<MACROCLASSID>1</MACROCLASSID>
		<MACROCLASSINFO>waterbody</MACROCLASSINFO>
		<CLASSID>3</CLASSID>
		<CLASSINFO>C 1</CLASSINFO>
		<VALUES>[0.1017513130152343, 0.0036283678760823273, 0.0957326777279377, 0.004684800678826677, 0.08801381571181859, 0.0062972529727390765, 0.08709187192075389, 0.016803747382674677, 0.05281028795220394, 0.017149182552606772, 0.03850307422416174, 0.013999837594940091]</VALUES>
		<LCS_MIN>[0.09586826711893082, 0.08625147491693497, 0.07694678753614426, 0.05960804224014282, 0.024269949644804, 0.018220940604805946]</LCS_MIN>
		<LCS_MAX>[0.11099032312631607, 0.11016695946455002, 0.11006670445203781, 0.12861360609531403, 0.09757539629936218, 0.07564268261194229]</LCS_MAX>
		<WAVELENGTH>[0.485, 0.56, 0.66, 0.83, 1.65, 2.215]</WAVELENGTH>
		<MEAN_VALUE>[0.1017513130152343, 0.0957326777279377, 0.08801381571181859, 0.08709187192075389, 0.05281028795220394, 0.03850307422416174]</MEAN_VALUE>
		<CHECKBOX>2</CHECKBOX>
		<SD>[0.0036283678760823273, 0.004684800678826677, 0.0062972529727390765, 0.016803747382674677, 0.017149182552606772, 0.013999837594940091]</SD>
		<WAVELENGTH_UNIT>E-6m</WAVELENGTH_UNIT>
		<COLOR>#8d714a</COLOR>
		<COVARIANCE_MATRIX>[[1.2216383765917271e-05, 1.2067940588167403e-05, 1.7823536836658604e-05, 3.2629232009639964e-05, 4.009506665170193e-05, 3.5762437619268894e-05], [1.2067940588167403e-05, 2.1747378923464566e-05, 2.3686086933594197e-05, 4.3910629756283015e-05, 5.1365146646276116e-05, 4.486101170186885e-05], [1.7823536836658604e-05, 2.3686086933594197e-05, 3.823244696832262e-05, 6.702311657136306e-05, 8.02309878054075e-05, 7.014704897301272e-05], [3.2629232009639964e-05, 4.3910629756283015e-05, 6.702311657136306e-05, 0.0002725307713262737, 0.00023466869606636465, 0.00017602059233468026], [4.009506665170193e-05, 5.1365146646276116e-05, 8.02309878054075e-05, 0.00023466869606636465, 0.000283921166555956, 0.00021968359942547977], [3.5762437619268894e-05, 4.486101170186885e-05, 7.014704897301272e-05, 0.00017602059233468026, 0.00021968359942547977, 0.00019524336676113307]]</COVARIANCE_MATRIX>
		<ROI_SIZE>825</ROI_SIZE>
		<MAX_VALUE>[0.11099032312631607, 0.11016695946455002, 0.11006670445203781, 0.12861360609531403, 0.09757539629936218, 0.07564268261194229]</MAX_VALUE>
		<MIN_VALUE>[0.09586826711893082, 0.08625147491693497, 0.07694678753614426, 0.05960804224014282, 0.024269949644804, 0.018220940604805946]</MIN_VALUE>
		<SIGNATURE_THRESHOLD_MD>0.0</SIGNATURE_THRESHOLD_MD>
		<SIGNATURE_THRESHOLD_ML>0.0</SIGNATURE_THRESHOLD_ML>
		<SIGNATURE_THRESHOLD_SAM>0.0</SIGNATURE_THRESHOLD_SAM>
	</signature>
	<signature ID="20220105_164514917834_875">
		<MACROCLASSID>1</MACROCLASSID>
		<MACROCLASSINFO>waterbody</MACROCLASSINFO>
		<CLASSID>4</CLASSID>
		<CLASSINFO>C 1</CLASSINFO>
		<VALUES>[0.10086674605937383, 0.003474949302448031, 0.09443309001232451, 0.004635490165529782, 0.08776886274286531, 0.005764480559918307, 0.0862871638515539, 0.014991918013596096, 0.04924095531500744, 0.016222465689194516, 0.0351928136221607, 0.013975152791768022]</VALUES>
		<LCS_MIN>[0.09449351578950882, 0.08625147491693497, 0.07694678753614426, 0.056157760322093964, 0.024269949644804, 0.008650650270283222]</LCS_MIN>
		<LCS_MAX>[0.11373978853225708, 0.11016695946455002, 0.10730671882629395, 0.12516333162784576, 0.08646850287914276, 0.0724525898694992]</LCS_MAX>
		<WAVELENGTH>[0.485, 0.56, 0.66, 0.83, 1.65, 2.215]</WAVELENGTH>
		<MEAN_VALUE>[0.10086674605937383, 0.09443309001232451, 0.08776886274286531, 0.0862871638515539, 0.04924095531500744, 0.0351928136221607]</MEAN_VALUE>
		<CHECKBOX>2</CHECKBOX>
		<SD>[0.003474949302448031, 0.004635490165529782, 0.005764480559918307, 0.014991918013596096, 0.016222465689194516, 0.013975152791768022]</SD>
		<WAVELENGTH_UNIT>E-6m</WAVELENGTH_UNIT>
		<COLOR>#f3c522</COLOR>
		<COVARIANCE_MATRIX>[[1.2128467460570391e-05, 1.1752548743970692e-05, 1.6237516319961287e-05, 2.9353446734603494e-05, 4.023779183626175e-05, 3.509532689349726e-05], [1.1752548743970692e-05, 2.158242932637222e-05, 2.174522160203196e-05, 3.8528902223333716e-05, 4.799047746928409e-05, 4.1306066123070195e-05], [1.6237516319961287e-05, 2.174522160203196e-05, 3.337562156957574e-05, 5.890612374059856e-05, 7.34460263629444e-05, 6.173968722578138e-05], [2.9353446734603494e-05, 3.8528902223333716e-05, 5.890612374059856e-05, 0.00022574773174710572, 0.00021780030510853976, 0.00016614481864962727], [4.023779183626175e-05, 4.799047746928409e-05, 7.34460263629444e-05, 0.00021780030510853976, 0.000264327711192891, 0.00020601747382897884], [3.509532689349726e-05, 4.1306066123070195e-05, 6.173968722578138e-05, 0.00016614481864962727, 0.00020601747382897884, 0.0001961652742465958]]</COVARIANCE_MATRIX>
		<ROI_SIZE>228</ROI_SIZE>
		<MAX_VALUE>[0.11373978853225708, 0.11016695946455002, 0.10730671882629395, 0.12516333162784576, 0.08646850287914276, 0.0724525898694992]</MAX_VALUE>
		<MIN_VALUE>[0.09449351578950882, 0.08625147491693497, 0.07694678753614426, 0.056157760322093964, 0.024269949644804, 0.008650650270283222]</MIN_VALUE>
		<SIGNATURE_THRESHOLD_MD>0.0</SIGNATURE_THRESHOLD_MD>
		<SIGNATURE_THRESHOLD_ML>0.0</SIGNATURE_THRESHOLD_ML>
		<SIGNATURE_THRESHOLD_SAM>0.0</SIGNATURE_THRESHOLD_SAM>
	</signature>
	<signature ID="20220105_164542731127_107">
		<MACROCLASSID>1</MACROCLASSID>
		<MACROCLASSINFO>waterbody</MACROCLASSINFO>
		<CLASSID>5</CLASSID>
		<CLASSINFO>C 1</CLASSINFO>
		<VALUES>[0.10057568504954828, 0.003645539298060854, 0.09580861393249396, 0.004602467427003808, 0.09003584177205054, 0.005791616297739828, 0.09886802507169315, 0.013992752767422819, 0.05607602968247551, 0.015017197588075876, 0.041276638678303286, 0.012660856705418834]</VALUES>
		<LCS_MIN>[0.09586826711893082, 0.0892409086227417, 0.08246677368879318, 0.07685942202806473, 0.026491327211260796, 0.018220940604805946]</LCS_MIN>
		<LCS_MAX>[0.11373978853225708, 0.11315641552209854, 0.11006670445203781, 0.13206389546394348, 0.08646850287914276, 0.06607238948345184]</LCS_MAX>
		<WAVELENGTH>[0.485, 0.56, 0.66, 0.83, 1.65, 2.215]</WAVELENGTH>
		<MEAN_VALUE>[0.10057568504954828, 0.09580861393249396, 0.09003584177205054, 0.09886802507169315, 0.05607602968247551, 0.041276638678303286]</MEAN_VALUE>
		<CHECKBOX>2</CHECKBOX>
		<SD>[0.003645539298060854, 0.004602467427003808, 0.005791616297739828, 0.013992752767422819, 0.015017197588075876, 0.012660856705418834]</SD>
		<WAVELENGTH_UNIT>E-6m</WAVELENGTH_UNIT>
		<COLOR>#c0a20f</COLOR>
		<COVARIANCE_MATRIX>[[1.3494417544279713e-05, 1.3750654034083709e-05, 1.857502866187133e-05, 3.0093387977103703e-05, 3.566323721315712e-05, 3.242836828576401e-05], [1.3750654034083709e-05, 2.150859472749289e-05, 2.3654312826693058e-05, 2.5242601623176597e-05, 3.8093279727036133e-05, 3.8006328395567834e-05], [1.857502866187133e-05, 2.3654312826693058e-05, 3.405886309337802e-05, 3.962040500482544e-05, 5.521747516468167e-05, 5.186121416045353e-05], [3.0093387977103703e-05, 2.5242601623176597e-05, 3.962040500482544e-05, 0.00019880938634742051, 0.00016732444055378437, 0.00011384644312784076], [3.566323721315712e-05, 3.8093279727036133e-05, 5.521747516468167e-05, 0.00016732444055378437, 0.00022898570750840008, 0.000179474416654557], [3.242836828576401e-05, 3.8006328395567834e-05, 5.186121416045353e-05, 0.00011384644312784076, 0.000179474416654557, 0.0001627634046599269]]</COVARIANCE_MATRIX>
		<ROI_SIZE>66</ROI_SIZE>
		<MAX_VALUE>[0.11373978853225708, 0.11315641552209854, 0.11006670445203781, 0.13206389546394348, 0.08646850287914276, 0.06607238948345184]</MAX_VALUE>
		<MIN_VALUE>[0.09586826711893082, 0.0892409086227417, 0.08246677368879318, 0.07685942202806473, 0.026491327211260796, 0.018220940604805946]</MIN_VALUE>
		<SIGNATURE_THRESHOLD_MD>0.0</SIGNATURE_THRESHOLD_MD>
		<SIGNATURE_THRESHOLD_ML>0.0</SIGNATURE_THRESHOLD_ML>
		<SIGNATURE_THRESHOLD_SAM>0.0</SIGNATURE_THRESHOLD_SAM>
	</signature>
	<signature ID="20220105_164601874507_639">
		<MACROCLASSID>1</MACROCLASSID>
		<MACROCLASSINFO>waterbody</MACROCLASSINFO>
		<CLASSID>6</CLASSID>
		<CLASSINFO>C 1</CLASSINFO>
		<VALUES>[0.09928935635408374, 0.003519748498412304, 0.09535670456767993, 0.004506730429493839, 0.08941942419259606, 0.00594942403869741, 0.08931730437369748, 0.014510927498390069, 0.049688607127270606, 0.014740470180151313, 0.03792161312494571, 0.011795363604570933]</VALUES>
		<LCS_MIN>[0.09311879426240921, 0.08326202630996704, 0.07970678806304932, 0.06305830925703049, 0.022048573940992355, 0.018220940604805946]</LCS_MIN>
		<LCS_MAX>[0.11373978853225708, 0.11315641552209854, 0.11558670550584793, 0.1217130497097969, 0.08202575147151947, 0.06926248967647552]</LCS_MAX>
		<WAVELENGTH>[0.485, 0.56, 0.66, 0.83, 1.65, 2.215]</WAVELENGTH>
		<MEAN_VALUE>[0.09928935635408374, 0.09535670456767993, 0.08941942419259606, 0.08931730437369748, 0.049688607127270606, 0.03792161312494571]</MEAN_VALUE>
		<CHECKBOX>2</CHECKBOX>
		<SD>[0.003519748498412304, 0.004506730429493839, 0.00594942403869741, 0.014510927498390069, 0.014740470180151313, 0.011795363604570933]</SD>
		<WAVELENGTH_UNIT>E-6m</WAVELENGTH_UNIT>
		<COLOR>#f37ee5</COLOR>
		<COVARIANCE_MATRIX>[[1.2483927093853708e-05, 1.2584106116264593e-05, 1.8205955711891875e-05, 2.7689995476976037e-05, 2.4892324290703982e-05, 2.242568734800443e-05], [1.2584106116264593e-05, 2.046685403911397e-05, 2.3095049982657656e-05, 3.18425809382461e-05, 2.5098834157688543e-05, 2.3910919480840676e-05], [1.8205955711891875e-05, 2.3095049982657656e-05, 3.5667919291881844e-05, 4.764841287396848e-05, 4.451536733540706e-05, 4.1589169995859265e-05], [2.7689995476976037e-05, 3.18425809382461e-05, 4.764841287396848e-05, 0.00021218675829004496, 0.0001682966249063611, 0.00011827606795122847], [2.4892324290703982e-05, 2.5098834157688543e-05, 4.451536733540706e-05, 0.0001682966249063611, 0.0002189528604503721, 0.00016036085435189307], [2.242568734800443e-05, 2.3910919480840676e-05, 4.1589169995859265e-05, 0.00011827606795122847, 0.00016036085435189307, 0.00014020083472132683]]</COVARIANCE_MATRIX>
		<ROI_SIZE>131</ROI_SIZE>
		<MAX_VALUE>[0.11373978853225708, 0.11315641552209854, 0.11558670550584793, 0.1217130497097969, 0.08202575147151947, 0.06926248967647552]</MAX_VALUE>
		<MIN_VALUE>[0.09311879426240921, 0.08326202630996704, 0.07970678806304932, 0.06305830925703049, 0.022048573940992355, 0.018220940604805946]</MIN_VALUE>
		<SIGNATURE_THRESHOLD_MD>0.0</SIGNATURE_THRESHOLD_MD>
		<SIGNATURE_THRESHOLD_ML>0.0</SIGNATURE_THRESHOLD_ML>
		<SIGNATURE_THRESHOLD_SAM>0.0</SIGNATURE_THRESHOLD_SAM>
	</signature>
	<signature ID="20220105_164610495300_751">
		<MACROCLASSID>1</MACROCLASSID>
		<MACROCLASSINFO>waterbody</MACROCLASSINFO>
		<CLASSID>7</CLASSID>
		<CLASSINFO>C 1</CLASSINFO>
		<VALUES>[0.10103189654466581, 0.0028284745074682567, 0.09842796205747417, 0.0040909408722035545, 0.09485308099083783, 0.005104558999773813, 0.09369005644466818, 0.013657201882497728, 0.061003940815969215, 0.01882407497090237, 0.04848795606777437, 0.016176423566782252]</VALUES>
		<LCS_MIN>[0.09586826711893082, 0.0892409086227417, 0.08798675239086151, 0.0699588730931282, 0.030934082344174385, 0.024601133540272713]</LCS_MIN>
		<LCS_MAX>[0.10686612874269485, 0.11016695946455002, 0.10730671882629395, 0.12516333162784576, 0.10423951596021652, 0.08521297574043274]</LCS_MAX>
		<WAVELENGTH>[0.485, 0.56, 0.66, 0.83, 1.65, 2.215]</WAVELENGTH>
		<MEAN_VALUE>[0.10103189654466581, 0.09842796205747417, 0.09485308099083783, 0.09369005644466818, 0.061003940815969215, 0.04848795606777437]</MEAN_VALUE>
		<CHECKBOX>2</CHECKBOX>
		<SD>[0.0028284745074682567, 0.0040909408722035545, 0.005104558999773813, 0.013657201882497728, 0.01882407497090237, 0.016176423566782252]</SD>
		<WAVELENGTH_UNIT>E-6m</WAVELENGTH_UNIT>
		<COLOR>#bd0097</COLOR>
		<COVARIANCE_MATRIX>[[8.200274351111148e-06, 9.938408766174689e-06, 1.1750617886718828e-05, 2.3808599507901818e-05, 2.7130388843943365e-05, 2.246245821879711e-05], [9.938408766174689e-06, 1.7154192391899414e-05, 1.7643704268266447e-05, 3.490543531370349e-05, 3.6588495277101174e-05, 3.255240881117061e-05], [1.1750617886718828e-05, 1.7643704268266447e-05, 2.6707935830927454e-05, 5.057509406469762e-05, 5.9051872085547075e-05, 5.222122490522452e-05], [2.3808599507901818e-05, 3.490543531370349e-05, 5.057509406469762e-05, 0.0001911821454996243, 0.00024443265283480287, 0.00018503377214074135], [2.7130388843943365e-05, 3.6588495277101174e-05, 5.9051872085547075e-05, 0.00024443265283480287, 0.0003632044536061585, 0.00027925200993195176], [2.246245821879711e-05, 3.255240881117061e-05, 5.222122490522452e-05, 0.00018503377214074135, 0.00027925200993195176, 0.00026821860228665173]]</COVARIANCE_MATRIX>
		<ROI_SIZE>41</ROI_SIZE>
		<MAX_VALUE>[0.10686612874269485, 0.11016695946455002, 0.10730671882629395, 0.12516333162784576, 0.10423951596021652, 0.08521297574043274]</MAX_VALUE>
		<MIN_VALUE>[0.09586826711893082, 0.0892409086227417, 0.08798675239086151, 0.0699588730931282, 0.030934082344174385, 0.024601133540272713]</MIN_VALUE>
		<SIGNATURE_THRESHOLD_MD>0.0</SIGNATURE_THRESHOLD_MD>
		<SIGNATURE_THRESHOLD_ML>0.0</SIGNATURE_THRESHOLD_ML>
		<SIGNATURE_THRESHOLD_SAM>0.0</SIGNATURE_THRESHOLD_SAM>
	</signature>
	<signature ID="20220105_164624118229_887">
		<MACROCLASSID>1</MACROCLASSID>
		<MACROCLASSINFO>waterbody</MACROCLASSINFO>
		<CLASSID>8</CLASSID>
		<CLASSINFO>C 1</CLASSINFO>
		<VALUES>[0.10249711379204712, 0.0038437484353870165, 0.10250909851021964, 0.005420122579632229, 0.0983839926041969, 0.007732849117934439, 0.08891177080469587, 0.018204593017451552, 0.06206378884205261, 0.018764520703595456, 0.05130180604245565, 0.015933054123528616]</VALUES>
		<LCS_MIN>[0.09449351578950882, 0.0892409086227417, 0.08522675931453705, 0.049257200211286545, 0.026491327211260796, 0.024601133540272713]</LCS_MIN>
		<LCS_MAX>[0.11373978853225708, 0.12212473899126053, 0.12386666238307953, 0.13551415503025055, 0.09757539629936218, 0.08521297574043274]</LCS_MAX>
		<WAVELENGTH>[0.485, 0.56, 0.66, 0.83, 1.65, 2.215]</WAVELENGTH>
		<MEAN_VALUE>[0.10249711379204712, 0.10250909851021964, 0.0983839926041969, 0.08891177080469587, 0.06206378884205261, 0.05130180604245565]</MEAN_VALUE>
		<CHECKBOX>2</CHECKBOX>
		<SD>[0.0038437484353870165, 0.005420122579632229, 0.007732849117934439, 0.018204593017451552, 0.018764520703595456, 0.015933054123528616]</SD>
		<WAVELENGTH_UNIT>E-6m</WAVELENGTH_UNIT>
		<COLOR>#b55a16</COLOR>
		<COVARIANCE_MATRIX>[[1.4979602383391466e-05, 1.7563092114869505e-05, 2.6979909307556227e-05, 4.7920329961925745e-05, 4.246385651640594e-05, 3.860535070998594e-05], [1.7563092114869505e-05, 2.9785753213218413e-05, 3.683676914079115e-05, 5.3179217502474785e-05, 5.1978178817080334e-05, 4.6247801947174594e-05], [2.6979909307556227e-05, 3.683676914079115e-05, 6.0627469792962074e-05, 0.00010797521099448204, 9.649772982811555e-05, 8.783707744441926e-05], [4.7920329961925745e-05, 5.3179217502474785e-05, 0.00010797521099448204, 0.00033601009636186063, 0.0002890645992010832, 0.000245310046011582], [4.246385651640594e-05, 5.1978178817080334e-05, 9.649772982811555e-05, 0.0002890645992010832, 0.0003569976252038032, 0.0002893252531066537], [3.860535070998594e-05, 4.6247801947174594e-05, 8.783707744441926e-05, 0.000245310046011582, 0.0002893252531066537, 0.0002573880774434656]]</COVARIANCE_MATRIX>
		<ROI_SIZE>73</ROI_SIZE>
		<MAX_VALUE>[0.11373978853225708, 0.12212473899126053, 0.12386666238307953, 0.13551415503025055, 0.09757539629936218, 0.08521297574043274]</MAX_VALUE>
		<MIN_VALUE>[0.09449351578950882, 0.0892409086227417, 0.08522675931453705, 0.049257200211286545, 0.026491327211260796, 0.024601133540272713]</MIN_VALUE>
		<SIGNATURE_THRESHOLD_MD>0.0</SIGNATURE_THRESHOLD_MD>
		<SIGNATURE_THRESHOLD_ML>0.0</SIGNATURE_THRESHOLD_ML>
		<SIGNATURE_THRESHOLD_SAM>0.0</SIGNATURE_THRESHOLD_SAM>
	</signature>
	<signature ID="20220105_164802607119_226">
		<MACROCLASSID>1</MACROCLASSID>
		<MACROCLASSINFO>waterbody</MACROCLASSINFO>
		<CLASSID>9</CLASSID>
		<CLASSINFO>C 1</CLASSINFO>
		<VALUES>[0.11576005486042604, 0.0030569619230105707, 0.14758694103878484, 0.007947116696690482, 0.17135057818630475, 0.011410841263878547, 0.13195888150645343, 0.004520345467421983, 0.022753618880296537, 0.010925599572451296, 0.01733326166260825, 0.008875099762401814]</VALUES>
		<LCS_MIN>[0.10549139231443405, 0.11614585667848587, 0.12938666343688965, 0.1217130497097969, 0.010941688902676105, 0.0022704568691551685]</LCS_MIN>
		<LCS_MAX>[0.1219882071018219, 0.15500853955745697, 0.1845865547657013, 0.15966612100601196, 0.06425473093986511, 0.05331199988722801]</LCS_MAX>
		<WAVELENGTH>[0.485, 0.56, 0.66, 0.83, 1.65, 2.215]</WAVELENGTH>
		<MEAN_VALUE>[0.11576005486042604, 0.14758694103878484, 0.17135057818630475, 0.13195888150645343, 0.022753618880296537, 0.01733326166260825]</MEAN_VALUE>
		<CHECKBOX>2</CHECKBOX>
		<SD>[0.0030569619230105707, 0.007947116696690482, 0.011410841263878547, 0.004520345467421983, 0.010925599572451296, 0.008875099762401814]</SD>
		<WAVELENGTH_UNIT>E-6m</WAVELENGTH_UNIT>
		<COLOR>#1a2c8f</COLOR>
		<COVARIANCE_MATRIX>[[9.385824341734406e-06, 1.9922470528399572e-05, 2.9242806704132818e-05, -3.8673329072480556e-06, -2.4034068701439537e-05, -1.767519279383123e-05], [1.9922470528399572e-05, 6.3432460592594e-05, 8.703660569153726e-05, -9.250426955986768e-06, -7.083674427121878e-05, -5.325860547600314e-05], [2.9242806704132818e-05, 8.703660569153726e-05, 0.00013077589392196387, -1.2083040019206237e-05, -9.881645382847637e-05, -7.381762407021597e-05], [-3.8673329072480556e-06, -9.250426955986768e-06, -1.2083040019206237e-05, 2.0522753402474336e-05, 2.581189437478315e-05, 1.9228205928811803e-05], [-2.4034068701439537e-05, -7.083674427121878e-05, -9.881645382847637e-05, 2.581189437478315e-05, 0.00011988998448941857, 8.758405601838604e-05], [-1.767519279383123e-05, -5.325860547600314e-05, -7.381762407021597e-05, 1.9228205928811803e-05, 8.758405601838604e-05, 7.911135617177933e-05]]</COVARIANCE_MATRIX>
		<ROI_SIZE>230</ROI_SIZE>
		<MAX_VALUE>[0.1219882071018219, 0.15500853955745697, 0.1845865547657013, 0.15966612100601196, 0.06425473093986511, 0.05331199988722801]</MAX_VALUE>
		<MIN_VALUE>[0.10549139231443405, 0.11614585667848587, 0.12938666343688965, 0.1217130497097969, 0.010941688902676105, 0.0022704568691551685]</MIN_VALUE>
		<SIGNATURE_THRESHOLD_MD>0.0</SIGNATURE_THRESHOLD_MD>
		<SIGNATURE_THRESHOLD_ML>0.0</SIGNATURE_THRESHOLD_ML>
		<SIGNATURE_THRESHOLD_SAM>0.0</SIGNATURE_THRESHOLD_SAM>
	</signature>
	<signature ID="20220105_164809184593_672">
		<MACROCLASSID>1</MACROCLASSID>
		<MACROCLASSINFO>waterbody</MACROCLASSINFO>
		<CLASSID>10</CLASSID>
		<CLASSINFO>C 1</CLASSINFO>
		<VALUES>[0.12034860889025786, 0.0029706050533511107, 0.15950642389441852, 0.0065121704780965245, 0.18833406365245853, 0.0093578996211937, 0.12886683984633981, 0.004224584056596894, 0.02459602404830106, 0.010885914775801829, 0.018367275228262484, 0.009391906066961497]</VALUES>
		<LCS_MIN>[0.10961558669805527, 0.13408249616622925, 0.14870662987232208, 0.12516333162784576, 0.01538444310426712, 0.008650650270283222]</LCS_MIN>
		<LCS_MAX>[0.12611240148544312, 0.1669663041830063, 0.1983865201473236, 0.14586500823497772, 0.062033362686634064, 0.05331199988722801]</LCS_MAX>
		<WAVELENGTH>[0.485, 0.56, 0.66, 0.83, 1.65, 2.215]</WAVELENGTH>
		<MEAN_VALUE>[0.12034860889025786, 0.15950642389441852, 0.18833406365245853, 0.12886683984633981, 0.02459602404830106, 0.018367275228262484]</MEAN_VALUE>
		<CHECKBOX>2</CHECKBOX>
		<SD>[0.0029706050533511107, 0.0065121704780965245, 0.0093578996211937, 0.004224584056596894, 0.010885914775801829, 0.009391906066961497]</SD>
		<WAVELENGTH_UNIT>E-6m</WAVELENGTH_UNIT>
		<COLOR>#e8dc98</COLOR>
		<COVARIANCE_MATRIX>[[8.906202310754452e-06, 1.4749069123354275e-05, 2.102701000694651e-05, -7.66199991630856e-06, -2.273154677823186e-05, -1.868063372967299e-05], [1.4749069123354275e-05, 4.280103530618362e-05, 5.778036211268045e-05, -1.9581753804231994e-05, -6.136923184385523e-05, -5.4528401960851625e-05], [2.102701000694651e-05, 5.778036211268045e-05, 8.83811226231046e-05, -2.5293673388659954e-05, -8.786185208009556e-05, -7.808326336089522e-05], [-7.66199991630856e-06, -1.9581753804231994e-05, -2.5293673388659954e-05, 1.801236066967249e-05, 3.52579154423438e-05, 2.951767783088144e-05], [-2.273154677823186e-05, -6.136923184385523e-05, -8.786185208009556e-05, 3.52579154423438e-05, 0.00011960039410041645, 9.417480760021135e-05], [-1.868063372967299e-05, -5.4528401960851625e-05, -7.808326336089522e-05, 2.951767783088144e-05, 9.417480760021135e-05, 8.902463741833344e-05]]</COVARIANCE_MATRIX>
		<ROI_SIZE>109</ROI_SIZE>
		<MAX_VALUE>[0.12611240148544312, 0.1669663041830063, 0.1983865201473236, 0.14586500823497772, 0.062033362686634064, 0.05331199988722801]</MAX_VALUE>
		<MIN_VALUE>[0.10961558669805527, 0.13408249616622925, 0.14870662987232208, 0.12516333162784576, 0.01538444310426712, 0.008650650270283222]</MIN_VALUE>
		<SIGNATURE_THRESHOLD_MD>0.0</SIGNATURE_THRESHOLD_MD>
		<SIGNATURE_THRESHOLD_ML>0.0</SIGNATURE_THRESHOLD_ML>
		<SIGNATURE_THRESHOLD_SAM>0.0</SIGNATURE_THRESHOLD_SAM>
	</signature>
	<signature ID="20220105_164814312609_788">
		<MACROCLASSID>1</MACROCLASSID>
		<MACROCLASSINFO>waterbody</MACROCLASSINFO>
		<CLASSID>11</CLASSID>
		<CLASSINFO>C 1</CLASSINFO>
		<VALUES>[0.1218609084133749, 0.0029373973680156557, 0.15918822876281205, 0.006659038006310332, 0.18862431799923937, 0.010046009826718372, 0.13315008842834716, 0.0038901955143498517, 0.02616223422120565, 0.011815734786708963, 0.01934338214427785, 0.009394548297057282]</VALUES>
		<LCS_MIN>[0.10961558669805527, 0.1281036138534546, 0.14318662881851196, 0.12861360609531403, 0.01538444310426712, 0.008650650270283222]</LCS_MIN>
		<LCS_MAX>[0.12748713791370392, 0.1669663041830063, 0.1983865201473236, 0.15276555716991425, 0.06425473093986511, 0.056502100080251694]</LCS_MAX>
		<WAVELENGTH>[0.485, 0.56, 0.66, 0.83, 1.65, 2.215]</WAVELENGTH>
		<MEAN_VALUE>[0.1218609084133749, 0.15918822876281205, 0.18862431799923937, 0.13315008842834716, 0.02616223422120565, 0.01934338214427785]</MEAN_VALUE>
		<CHECKBOX>2</CHECKBOX>
		<SD>[0.0029373973680156557, 0.006659038006310332, 0.010046009826718372, 0.0038901955143498517, 0.011815734786708963, 0.009394548297057282]</SD>
		<WAVELENGTH_UNIT>E-6m</WAVELENGTH_UNIT>
		<COLOR>#6b63a2</COLOR>
		<COVARIANCE_MATRIX>[[8.708942004886921e-06, 1.6207572116400115e-05, 2.5447398002143018e-05, -2.6088450795214158e-06, -2.607094393169973e-05, -1.8832439309335314e-05], [1.6207572116400115e-05, 4.475720561458729e-05, 6.38547062408179e-05, -6.703106919303536e-06, -6.216348992893472e-05, -4.519900176092051e-05], [2.5447398002143018e-05, 6.38547062408179e-05, 0.00010186550935031846, -9.232674528902862e-06, -9.171224519377574e-05, -6.464360194513574e-05], [-2.6088450795214158e-06, -6.703106919303536e-06, -9.232674528902862e-06, 1.527505628473591e-05, 2.3712038455414586e-05, 1.985703784157522e-05], [-2.607094393169973e-05, -6.216348992893472e-05, -9.171224519377574e-05, 2.3712038455414586e-05, 0.00014091636694502085, 0.0001046158722601831], [-1.8832439309335314e-05, -4.519900176092051e-05, -6.464360194513574e-05, 1.985703784157522e-05, 0.0001046158722601831, 8.908237214200199e-05]]</COVARIANCE_MATRIX>
		<ROI_SIZE>108</ROI_SIZE>
		<MAX_VALUE>[0.12748713791370392, 0.1669663041830063, 0.1983865201473236, 0.15276555716991425, 0.06425473093986511, 0.056502100080251694]</MAX_VALUE>
		<MIN_VALUE>[0.10961558669805527, 0.1281036138534546, 0.14318662881851196, 0.12861360609531403, 0.01538444310426712, 0.008650650270283222]</MIN_VALUE>
		<SIGNATURE_THRESHOLD_MD>0.0</SIGNATURE_THRESHOLD_MD>
		<SIGNATURE_THRESHOLD_ML>0.0</SIGNATURE_THRESHOLD_ML>
		<SIGNATURE_THRESHOLD_SAM>0.0</SIGNATURE_THRESHOLD_SAM>
	</signature>
	<signature ID="20220105_164819838526_521">
		<MACROCLASSID>1</MACROCLASSID>
		<MACROCLASSINFO>waterbody</MACROCLASSINFO>
		<CLASSID>12</CLASSID>
		<CLASSINFO>C 1</CLASSINFO>
		<VALUES>[0.11875571632707442, 0.0037711841113854056, 0.15016081244558907, 0.010080364242810726, 0.18637681450392754, 0.015010726801300478, 0.1657274212386157, 0.012096748512224541, 0.06983819608954159, 0.039412407970169344, 0.054174192199433174, 0.030396753458300275]</VALUES>
		<LCS_MIN>[0.11099032312631607, 0.1281036138534546, 0.154226616024971, 0.15276555716991425, 0.01982719637453556, 0.015030844137072563]</LCS_MIN>
		<LCS_MAX>[0.12473765760660172, 0.16397687792778015, 0.206666499376297, 0.20451973378658295, 0.1619953215122223, 0.12349412590265274]</LCS_MAX>
		<WAVELENGTH>[0.485, 0.56, 0.66, 0.83, 1.65, 2.215]</WAVELENGTH>
		<MEAN_VALUE>[0.11875571632707442, 0.15016081244558907, 0.18637681450392754, 0.1657274212386157, 0.06983819608954159, 0.054174192199433174]</MEAN_VALUE>
		<CHECKBOX>2</CHECKBOX>
		<SD>[0.0037711841113854056, 0.010080364242810726, 0.015010726801300478, 0.012096748512224541, 0.039412407970169344, 0.030396753458300275]</SD>
		<WAVELENGTH_UNIT>E-6m</WAVELENGTH_UNIT>
		<COLOR>#b6c4d6</COLOR>
		<COVARIANCE_MATRIX>[[1.4616880434914492e-05, 3.537966404110193e-05, 5.200582745601423e-05, -3.401441063033417e-05, -0.00012014375533908606, -9.008454799186438e-05], [3.537966404110193e-05, 0.00010443634528201073, 0.00015216335305012763, -0.00010589285375317559, -0.00036398033262230456, -0.0002767688420135528], [5.200582745601423e-05, 0.00015216335305012763, 0.00023158086696639657, -0.00015901985170785338, -0.0005314074223861098, -0.0004058665072079748], [-3.401441063033417e-05, -0.00010589285375317559, -0.00015901985170785338, 0.00015039608115330338, 0.00041187924216501415, 0.0003116835723631084], [-0.00012014375533908606, -0.00036398033262230456, -0.0005314074223861098, 0.00041187924216501415, 0.0015964861959218979, 0.0012178511824458838], [-9.008454799186438e-05, -0.0002767688420135528, -0.0004058665072079748, 0.0003116835723631084, 0.0012178511824458838, 0.000949628243688494]]</COVARIANCE_MATRIX>
		<ROI_SIZE>37</ROI_SIZE>
		<MAX_VALUE>[0.12473765760660172, 0.16397687792778015, 0.206666499376297, 0.20451973378658295, 0.1619953215122223, 0.12349412590265274]</MAX_VALUE>
		<MIN_VALUE>[0.11099032312631607, 0.1281036138534546, 0.154226616024971, 0.15276555716991425, 0.01982719637453556, 0.015030844137072563]</MIN_VALUE>
		<SIGNATURE_THRESHOLD_MD>0.0</SIGNATURE_THRESHOLD_MD>
		<SIGNATURE_THRESHOLD_ML>0.0</SIGNATURE_THRESHOLD_ML>
		<SIGNATURE_THRESHOLD_SAM>0.0</SIGNATURE_THRESHOLD_SAM>
	</signature>
	<signature ID="20220105_164938599980_383">
		<MACROCLASSID>2</MACROCLASSID>
		<MACROCLASSINFO>vegetation</MACROCLASSINFO>
		<CLASSID>13</CLASSID>
		<CLASSINFO>C 1</CLASSINFO>
		<VALUES>[0.10820561012205406, 0.004037960406766365, 0.11426787035396464, 0.006643481391382007, 0.1169136144125309, 0.01384050127471342, 0.289715099793214, 0.02476846838696098, 0.20685005016051802, 0.016466711770989295, 0.12717500902139217, 0.017232861536830294]</VALUES>
		<LCS_MIN>[0.09999246150255203, 0.10119867324829102, 0.09350673854351044, 0.2424728125333786, 0.17310220003128052, 0.08840307593345642]</LCS_MIN>
		<LCS_MAX>[0.11786399036645889, 0.13109304010868073, 0.14594663679599762, 0.3390806019306183, 0.23974351584911346, 0.16177530586719513]</LCS_MAX>
		<WAVELENGTH>[0.485, 0.56, 0.66, 0.83, 1.65, 2.215]</WAVELENGTH>
		<MEAN_VALUE>[0.10820561012205406, 0.11426787035396464, 0.1169136144125309, 0.289715099793214, 0.20685005016051802, 0.12717500902139217]</MEAN_VALUE>
		<CHECKBOX>2</CHECKBOX>
		<SD>[0.004037960406766365, 0.006643481391382007, 0.01384050127471342, 0.02476846838696098, 0.016466711770989295, 0.017232861536830294]</SD>
		<WAVELENGTH_UNIT>E-6m</WAVELENGTH_UNIT>
		<COLOR>#58e630</COLOR>
		<COVARIANCE_MATRIX>[[1.641031849430874e-05, 2.371649861743208e-05, 5.0424994697095826e-05, -3.761615516850725e-05, 5.035359936300665e-05, 5.442629844765179e-05], [2.371649861743208e-05, 4.442059071152471e-05, 8.283388888230547e-05, -4.479473136598244e-05, 8.537959365639836e-05, 8.552653162041679e-05], [5.0424994697095826e-05, 8.283388888230547e-05, 0.0001927953417180106, -0.00018645684758666903, 0.0001850995176937431, 0.00020798634795937687], [-3.761615516850725e-05, -4.479473136598244e-05, -0.00018645684758666903, 0.0006174349691718817, -0.00011589362111408263, -0.00025071296840906143], [5.035359936300665e-05, 8.537959365639836e-05, 0.0001850995176937431, -0.00011589362111408263, 0.00027290196157991886, 0.0002511507482267916], [5.442629844765179e-05, 8.552653162041679e-05, 0.00020798634795937687, -0.00025071296840906143, 0.0002511507482267916, 0.00029888746212236583]]</COVARIANCE_MATRIX>
		<ROI_SIZE>156</ROI_SIZE>
		<MAX_VALUE>[0.11786399036645889, 0.13109304010868073, 0.14594663679599762, 0.3390806019306183, 0.23974351584911346, 0.16177530586719513]</MAX_VALUE>
		<MIN_VALUE>[0.09999246150255203, 0.10119867324829102, 0.09350673854351044, 0.2424728125333786, 0.17310220003128052, 0.08840307593345642]</MIN_VALUE>
		<SIGNATURE_THRESHOLD_MD>0.0</SIGNATURE_THRESHOLD_MD>
		<SIGNATURE_THRESHOLD_ML>0.0</SIGNATURE_THRESHOLD_ML>
		<SIGNATURE_THRESHOLD_SAM>0.0</SIGNATURE_THRESHOLD_SAM>
	</signature>
	<signature ID="20220105_164944594840_431">
		<MACROCLASSID>2</MACROCLASSID>
		<MACROCLASSINFO>vegetation</MACROCLASSINFO>
		<CLASSID>14</CLASSID>
		<CLASSINFO>C 1</CLASSINFO>
		<VALUES>[0.12520104571183527, 0.0048258183042486896, 0.1408154956301057, 0.007981496235632992, 0.17067765170733143, 0.011428211200512723, 0.2937154412746429, 0.013694617697465288, 0.23788229808807343, 0.016429197542142955, 0.14595921837091472, 0.013527549673989772]</VALUES>
		<LCS_MIN>[0.11236506700515747, 0.12212473899126053, 0.12662667036056519, 0.27352532744407654, 0.17976634204387665, 0.10754363983869553]</LCS_MIN>
		<LCS_MAX>[0.14398394525051117, 0.17294518649578094, 0.21770648658275604, 0.3425309360027313, 0.2708427906036377, 0.17453567683696747]</LCS_MAX>
		<WAVELENGTH>[0.485, 0.56, 0.66, 0.83, 1.65, 2.215]</WAVELENGTH>
		<MEAN_VALUE>[0.12520104571183527, 0.1408154956301057, 0.17067765170733143, 0.2937154412746429, 0.23788229808807343, 0.14595921837091472]</MEAN_VALUE>
		<CHECKBOX>2</CHECKBOX>
		<SD>[0.0048258183042486896, 0.007981496235632992, 0.011428211200512723, 0.013694617697465288, 0.016429197542142955, 0.013527549673989772]</SD>
		<WAVELENGTH_UNIT>E-6m</WAVELENGTH_UNIT>
		<COLOR>#8ad565</COLOR>
		<COVARIANCE_MATRIX>[[2.3300948669202626e-05, 3.4977409086422995e-05, 4.838782479055226e-05, 1.9402401449042372e-05, 4.923652159050107e-05, 4.51995110779535e-05], [3.4977409086422995e-05, 6.373827636707574e-05, 8.198729483410716e-05, 3.812654904322699e-05, 8.26479954412207e-05, 7.677655958104879e-05], [4.838782479055226e-05, 8.198729483410716e-05, 0.00013067371037323028, 5.795984179712832e-05, 0.00014425812696572393, 0.0001224011357408017], [1.9402401449042372e-05, 3.812654904322699e-05, 5.795984179712832e-05, 0.00018764262495096773, 7.197749800980091e-05, 1.7753558495314792e-05], [4.923652159050107e-05, 8.26479954412207e-05, 0.00014425812696572393, 7.197749800980091e-05, 0.00027006256277672946, 0.00020083268464077264], [4.51995110779535e-05, 7.677655958104879e-05, 0.0001224011357408017, 1.7753558495314792e-05, 0.00020083268464077264, 0.00018309225561097264]]</COVARIANCE_MATRIX>
		<ROI_SIZE>1875</ROI_SIZE>
		<MAX_VALUE>[0.14398394525051117, 0.17294518649578094, 0.21770648658275604, 0.3425309360027313, 0.2708427906036377, 0.17453567683696747]</MAX_VALUE>
		<MIN_VALUE>[0.11236506700515747, 0.12212473899126053, 0.12662667036056519, 0.27352532744407654, 0.17976634204387665, 0.10754363983869553]</MIN_VALUE>
		<SIGNATURE_THRESHOLD_MD>0.0</SIGNATURE_THRESHOLD_MD>
		<SIGNATURE_THRESHOLD_ML>0.0</SIGNATURE_THRESHOLD_ML>
		<SIGNATURE_THRESHOLD_SAM>0.0</SIGNATURE_THRESHOLD_SAM>
	</signature>
	<signature ID="20220105_164954177568_130">
		<MACROCLASSID>2</MACROCLASSID>
		<MACROCLASSINFO>vegetation</MACROCLASSINFO>
		<CLASSID>15</CLASSID>
		<CLASSINFO>C 1</CLASSINFO>
		<VALUES>[0.10615908513610993, 0.004863649947006635, 0.10886271774686283, 0.007872895418091571, 0.12185656933917122, 0.012532741450649088, 0.19212040323368554, 0.01959142881923388, 0.16525252206235524, 0.01864601433773896, 0.1218173400492908, 0.015233472813839823]</VALUES>
		<LCS_MIN>[0.0903693288564682, 0.08027258515357971, 0.07970678806304932, 0.13896444439888, 0.11090365797281265, 0.0724525898694992]</LCS_MIN>
		<LCS_MAX>[0.1219882071018219, 0.13109304010868073, 0.154226616024971, 0.23557224869728088, 0.20864425599575043, 0.1522049903869629]</LCS_MAX>
		<WAVELENGTH>[0.485, 0.56, 0.66, 0.83, 1.65, 2.215]</WAVELENGTH>
		<MEAN_VALUE>[0.10615908513610993, 0.10886271774686283, 0.12185656933917122, 0.19212040323368554, 0.16525252206235524, 0.1218173400492908]</MEAN_VALUE>
		<CHECKBOX>2</CHECKBOX>
		<SD>[0.004863649947006635, 0.007872895418091571, 0.012532741450649088, 0.01959142881923388, 0.01864601433773896, 0.015233472813839823]</SD>
		<WAVELENGTH_UNIT>E-6m</WAVELENGTH_UNIT>
		<COLOR>#da5b80</COLOR>
		<COVARIANCE_MATRIX>[[2.608583599794656e-05, 3.959087189286947e-05, 6.165792001411319e-05, 5.258327291812748e-05, 7.353491673711687e-05, 6.180220952956006e-05], [3.959087189286947e-05, 7.314535469049588e-05, 0.0001088755889213644, 0.00010182935511693358, 0.0001247293985215947, 0.00010538029164308682], [6.165792001411319e-05, 0.0001088755889213644, 0.00018247035040985793, 0.00013763876631855965, 0.00020277861040085554, 0.00017582837608642876], [5.258327291812748e-05, 0.00010182935511693358, 0.00013763876631855965, 0.00041696077096275985, 0.0002642072213348001, 0.00011416729830671102], [7.353491673711687e-05, 0.0001247293985215947, 0.00020277861040085554, 0.0002642072213348001, 0.00039469613693654537, 0.00027068331837654114], [6.180220952956006e-05, 0.00010538029164308682, 0.00017582837608642876, 0.00011416729830671102, 0.00027068331837654114, 0.00025453424314036965]]</COVARIANCE_MATRIX>
		<ROI_SIZE>21486</ROI_SIZE>
		<MAX_VALUE>[0.1219882071018219, 0.13109304010868073, 0.154226616024971, 0.23557224869728088, 0.20864425599575043, 0.1522049903869629]</MAX_VALUE>
		<MIN_VALUE>[0.0903693288564682, 0.08027258515357971, 0.07970678806304932, 0.13896444439888, 0.11090365797281265, 0.0724525898694992]</MIN_VALUE>
		<SIGNATURE_THRESHOLD_MD>0.0</SIGNATURE_THRESHOLD_MD>
		<SIGNATURE_THRESHOLD_ML>0.0</SIGNATURE_THRESHOLD_ML>
		<SIGNATURE_THRESHOLD_SAM>0.0</SIGNATURE_THRESHOLD_SAM>
	</signature>
	<signature ID="20220105_165012300637_970">
		<MACROCLASSID>2</MACROCLASSID>
		<MACROCLASSINFO>vegetation</MACROCLASSINFO>
		<CLASSID>16</CLASSID>
		<CLASSINFO>C 1</CLASSINFO>
		<VALUES>[0.10336277577825774, 0.003453884606351544, 0.10293446200829683, 0.005602554555081992, 0.08368354418905834, 0.008249875518231347, 0.3864941443166425, 0.020433455100229123, 0.1731499795631695, 0.014724062698958401, 0.0861391306564372, 0.01247050265293074]</VALUES>
