<?xml version="1.0" ?>
<signaturelist MCID_LIST="[['1', 'waterbody', '#000000'], ['2', 'vegetation', '#000000'], ['3', 'bareland', '#000000'], ['4', 'built-up', '#000000']]">
	<signature ID="20220227_222343009353_914">
		<MACROCLASSID>1</MACROCLASSID>
		<MACROCLASSINFO>waterbody</MACROCLASSINFO>
		<CLASSID>1</CLASSID>
		<CLASSINFO>C 1</CLASSINFO>
		<VALUES>[0.10288997716628585, 0.0038742721184158693, 0.10216447688066042, 0.005576914989207869, 0.09923903804558974, 0.007136807371162549, 0.0885903759644582, 0.013076092249348765, 0.060803057711858025, 0.01664622211259564, 0.05139794558859789, 0.014568436347990993]</VALUES>
		<LCS_MIN>[0.09449351578950882, 0.09223034977912903, 0.08522675931453705, 0.052707478404045105, 0.03315546363592148, 0.024601133540272713]</LCS_MIN>
		<LCS_MAX>[0.11236506700515747, 0.11614585667848587, 0.1183466836810112, 0.11481249332427979, 0.09091125428676605, 0.08202286809682846]</LCS_MAX>
		<WAVELENGTH>[1.0, 2.0, 3.0, 4.0, 5.0, 6.0]</WAVELENGTH>
		<MEAN_VALUE>[0.10288997716628585, 0.10216447688066042, 0.09923903804558974, 0.0885903759644582, 0.060803057711858025, 0.05139794558859789]</MEAN_VALUE>
		<CHECKBOX>2</CHECKBOX>
		<SD>[0.0038742721184158693, 0.005576914989207869, 0.007136807371162549, 0.013076092249348765, 0.01664622211259564, 0.014568436347990993]</SD>
		<WAVELENGTH_UNIT>band number</WAVELENGTH_UNIT>
		<COLOR>#4aa150</COLOR>
		<COVARIANCE_MATRIX>[[1.524451545452729e-05, 1.8669404429828786e-05, 2.45714469036821e-05, 3.7960524161086973e-05, 3.601942364776444e-05, 3.180880033817151e-05], [1.8669404429828786e-05, 3.158794924680222e-05, 3.666265107654963e-05, 4.957357056347731e-05, 5.308705467722138e-05, 5.0305564044367006e-05], [2.45714469036821e-05, 3.666265107654963e-05, 5.172986350703446e-05, 7.528923947518301e-05, 7.901015727959372e-05, 7.291349349750173e-05], [3.7960524161086973e-05, 4.957357056347731e-05, 7.528923947518301e-05, 0.00017365581645900199, 0.00016638868688082715, 0.00014147080100949076], [3.601942364776444e-05, 5.308705467722138e-05, 7.901015727959372e-05, 0.00016638868688082715, 0.00028142634672533473, 0.00023013107696797088], [3.180880033817151e-05, 5.0305564044367006e-05, 7.291349349750173e-05, 0.00014147080100949076, 0.00023013107696797088, 0.0002155555772758631]]</COVARIANCE_MATRIX>
		<ROI_SIZE>65</ROI_SIZE>
		<MAX_VALUE>[0.11236506700515747, 0.11614585667848587, 0.1183466836810112, 0.11481249332427979, 0.09091125428676605, 0.08202286809682846]</MAX_VALUE>
		<MIN_VALUE>[0.09449351578950882, 0.09223034977912903, 0.08522675931453705, 0.052707478404045105, 0.03315546363592148, 0.024601133540272713]</MIN_VALUE>
		<SIGNATURE_THRESHOLD_MD>0</SIGNATURE_THRESHOLD_MD>
		<SIGNATURE_THRESHOLD_ML>0</SIGNATURE_THRESHOLD_ML>
		<SIGNATURE_THRESHOLD_SAM>0</SIGNATURE_THRESHOLD_SAM>
	</signature>
	<signature ID="20220227_222347326227_272">
		<MACROCLASSID>1</MACROCLASSID>
		<MACROCLASSINFO>waterbody</MACROCLASSINFO>
		<CLASSID>2</CLASSID>
		<CLASSINFO>C 1</CLASSINFO>
		<VALUES>[0.10601510178475154, 0.005046209890628428, 0.1079604842123531, 0.0066545834039662905, 0.1047438627907208, 0.009161646223319985, 0.09788969868705386, 0.01773440131351826, 0.07366914200108676, 0.023552830242591673, 0.06212274659247626, 0.02114707223241601]</VALUES>
		<LCS_MIN>[0.09724300354719162, 0.09223034977912903, 0.08798675239086151, 0.06650858372449875, 0.030934082344174385, 0.02141103520989418]</LCS_MIN>
		<LCS_MAX>[0.1206134632229805, 0.1281036138534546, 0.12662667036056519, 0.13206389546394348, 0.11756778508424759, 0.10116344690322876]</LCS_MAX>
		<WAVELENGTH>[1.0, 2.0, 3.0, 4.0, 5.0, 6.0]</WAVELENGTH>
		<MEAN_VALUE>[0.10601510178475154, 0.1079604842123531, 0.1047438627907208, 0.09788969868705386, 0.07366914200108676, 0.06212274659247626]</MEAN_VALUE>
		<CHECKBOX>2</CHECKBOX>
		<SD>[0.005046209890628428, 0.0066545834039662905, 0.009161646223319985, 0.01773440131351826, 0.023552830242591673, 0.02114707223241601]</SD>
		<WAVELENGTH_UNIT>band number</WAVELENGTH_UNIT>
		<COLOR>#97418f</COLOR>
		<COVARIANCE_MATRIX>[[2.6085313144673175e-05, 2.9650782313539974e-05, 4.320426349072356e-05, 5.6973631619496266e-05, 7.218812402526314e-05, 6.961327813512103e-05], [2.9650782313539974e-05, 4.536356516523e-05, 5.639026847242842e-05, 5.633983787688423e-05, 9.643236509058538e-05, 9.690552643448535e-05], [4.320426349072356e-05, 5.639026847242842e-05, 8.59829752169141e-05, 0.00011467118474314679, 0.00016857009799009558, 0.00015412735461865963], [5.6973631619496266e-05, 5.633983787688423e-05, 0.00011467118474314679, 0.0003221799409232818, 0.0003394844493706375, 0.0002692492738614717], [7.218812402526314e-05, 9.643236509058538e-05, 0.00016857009799009558, 0.0003394844493706375, 0.0005682659542030808, 0.00047468232487468616], [6.961327813512103e-05, 9.690552643448535e-05, 0.00015412735461865963, 0.0002692492738614717, 0.00047468232487468616, 0.000458105948490899]]</COVARIANCE_MATRIX>
		<ROI_SIZE>42</ROI_SIZE>
		<MAX_VALUE>[0.1206134632229805, 0.1281036138534546, 0.12662667036056519, 0.13206389546394348, 0.11756778508424759, 0.10116344690322876]</MAX_VALUE>
		<MIN_VALUE>[0.09724300354719162, 0.09223034977912903, 0.08798675239086151, 0.06650858372449875, 0.030934082344174385, 0.02141103520989418]</MIN_VALUE>
		<SIGNATURE_THRESHOLD_MD>0</SIGNATURE_THRESHOLD_MD>
		<SIGNATURE_THRESHOLD_ML>0</SIGNATURE_THRESHOLD_ML>
		<SIGNATURE_THRESHOLD_SAM>0</SIGNATURE_THRESHOLD_SAM>
	</signature>
	<signature ID="20220227_222353052433_814">
		<MACROCLASSID>1</MACROCLASSID>
		<MACROCLASSINFO>waterbody</MACROCLASSINFO>
		<CLASSID>3</CLASSID>
		<CLASSINFO>C 1</CLASSINFO>
		<VALUES>[0.10262736755733687, 0.004132144784174151, 0.09933026181533931, 0.005306603744340187, 0.09661173556620875, 0.006751769467837664, 0.0958359617119034, 0.01922324581212315, 0.06337544003811975, 0.023573210425148282, 0.048393937797906496, 0.018348353195498608]</VALUES>
		<LCS_MIN>[0.09586826711893082, 0.09223034977912903, 0.08522675931453705, 0.06650858372449875, 0.026491327211260796, 0.015030844137072563]</LCS_MIN>
		<LCS_MAX>[0.11511452496051788, 0.11614585667848587, 0.11558670550584793, 0.13206389546394348, 0.10646089166402817, 0.08202286809682846]</LCS_MAX>
		<WAVELENGTH>[1.0, 2.0, 3.0, 4.0, 5.0, 6.0]</WAVELENGTH>
		<MEAN_VALUE>[0.10262736755733687, 0.09933026181533931, 0.09661173556620875, 0.0958359617119034, 0.06337544003811975, 0.048393937797906496]</MEAN_VALUE>
		<CHECKBOX>2</CHECKBOX>
		<SD>[0.004132144784174151, 0.005306603744340187, 0.006751769467837664, 0.01922324581212315, 0.023573210425148282, 0.018348353195498608]</SD>
		<WAVELENGTH_UNIT>band number</WAVELENGTH_UNIT>
		<COLOR>#9ba585</COLOR>
		<COVARIANCE_MATRIX>[[1.7437910315619725e-05, 1.9280511233318677e-05, 2.4743382662000757e-05, 5.671668744556869e-05, 6.877004260353338e-05, 5.289072958343149e-05], [1.9280511233318677e-05, 2.875919315688029e-05, 3.4188293764793875e-05, 7.4175894977572e-05, 9.298705172240542e-05, 7.340138112597496e-05], [2.4743382662000757e-05, 3.4188293764793875e-05, 4.655631415845945e-05, 9.826669153038273e-05, 0.00012606028717420566, 0.00010083196614010833], [5.671668744556869e-05, 7.4175894977572e-05, 9.826669153038273e-05, 0.00037739558762891264, 0.0004318954098355278, 0.00032387869740161686], [6.877004260353338e-05, 9.298705172240542e-05, 0.00012606028717420566, 0.0004318954098355278, 0.0005675195742110497, 0.0004264974341131404], [5.289072958343149e-05, 7.340138112597496e-05, 0.00010083196614010833, 0.00032387869740161686, 0.0004264974341131404, 0.00034382508764605694]]</COVARIANCE_MATRIX>
		<ROI_SIZE>48</ROI_SIZE>
		<MAX_VALUE>[0.11511452496051788, 0.11614585667848587, 0.11558670550584793, 0.13206389546394348, 0.10646089166402817, 0.08202286809682846]</MAX_VALUE>
		<MIN_VALUE>[0.09586826711893082, 0.09223034977912903, 0.08522675931453705, 0.06650858372449875, 0.026491327211260796, 0.015030844137072563]</MIN_VALUE>
		<SIGNATURE_THRESHOLD_MD>0</SIGNATURE_THRESHOLD_MD>
		<SIGNATURE_THRESHOLD_ML>0</SIGNATURE_THRESHOLD_ML>
		<SIGNATURE_THRESHOLD_SAM>0</SIGNATURE_THRESHOLD_SAM>
	</signature>
	<signature ID="20220227_222356829182_654">
		<MACROCLASSID>1</MACROCLASSID>
		<MACROCLASSINFO>waterbody</MACROCLASSINFO>
		<CLASSID>4</CLASSID>
		<CLASSINFO>C 1</CLASSINFO>
		<VALUES>[0.09891163840376099, 0.0034027651595462806, 0.09464251445285209, 0.005653520067810496, 0.09093709356825926, 0.006888783941497189, 0.087757550128575, 0.014376135493024897, 0.05186098399090357, 0.01613430321775788, 0.03995759848119886, 0.012962220239124194]</VALUES>
		<LCS_MIN>[0.088994599878788, 0.07429371774196625, 0.06866680830717087, 0.06650858372449875, 0.01982719637453556, 0.015030844137072563]</LCS_MIN>
		<LCS_MAX>[0.11099032312631607, 0.10717753320932388, 0.11282669752836227, 0.12516333162784576, 0.08202575147151947, 0.06926248967647552]</LCS_MAX>
		<WAVELENGTH>[1.0, 2.0, 3.0, 4.0, 5.0, 6.0]</WAVELENGTH>
		<MEAN_VALUE>[0.09891163840376099, 0.09464251445285209, 0.09093709356825926, 0.087757550128575, 0.05186098399090357, 0.03995759848119886]</MEAN_VALUE>
		<CHECKBOX>2</CHECKBOX>
		<SD>[0.0034027651595462806, 0.005653520067810496, 0.006888783941497189, 0.014376135493024897, 0.01613430321775788, 0.012962220239124194]</SD>
		<WAVELENGTH_UNIT>band number</WAVELENGTH_UNIT>
		<COLOR>#cbc914</COLOR>
		<COVARIANCE_MATRIX>[[1.1659219138876366e-05, 1.6210011464803786e-05, 2.0126994648085317e-05, 2.497046560513014e-05, 2.8225570046671245e-05, 2.4600776557605022e-05], [1.6210011464803786e-05, 3.218424949850512e-05, 3.477558796383835e-05, 3.820920554936012e-05, 4.51832654221378e-05, 4.170844026581886e-05], [2.0126994648085317e-05, 3.477558796383835e-05, 4.778489519396727e-05, 5.828807420553191e-05, 6.496263023352317e-05, 5.7894344702466445e-05], [2.497046560513014e-05, 3.820920554936012e-05, 5.828807420553191e-05, 0.00020810850276737833, 0.00018816691460146054, 0.0001450963409288074], [2.8225570046671245e-05, 4.51832654221378e-05, 6.496263023352317e-05, 0.00018816691460146054, 0.00026212348851923663, 0.00019641939759429275], [2.4600776557605022e-05, 4.170844026581886e-05, 5.7894344702466445e-05, 0.0001450963409288074, 0.00019641939759429275, 0.0001691859532048357]]</COVARIANCE_MATRIX>
		<ROI_SIZE>145</ROI_SIZE>
		<MAX_VALUE>[0.11099032312631607, 0.10717753320932388, 0.11282669752836227, 0.12516333162784576, 0.08202575147151947, 0.06926248967647552]</MAX_VALUE>
		<MIN_VALUE>[0.088994599878788, 0.07429371774196625, 0.06866680830717087, 0.06650858372449875, 0.01982719637453556, 0.015030844137072563]</MIN_VALUE>
		<SIGNATURE_THRESHOLD_MD>0</SIGNATURE_THRESHOLD_MD>
		<SIGNATURE_THRESHOLD_ML>0</SIGNATURE_THRESHOLD_ML>
		<SIGNATURE_THRESHOLD_SAM>0</SIGNATURE_THRESHOLD_SAM>
	</signature>
	<signature ID="20220227_222404118111_849">
		<MACROCLASSID>1</MACROCLASSID>
		<MACROCLASSINFO>waterbody</MACROCLASSINFO>
		<CLASSID>5</CLASSID>
		<CLASSINFO>C 1</CLASSINFO>
		<VALUES>[0.09626973288512859, 0.0032904361787198257, 0.09014038530598699, 0.005636883086043313, 0.08561755987131496, 0.006799026182163288, 0.08892013712794385, 0.015148464608425661, 0.049707665528475706, 0.015743583308542232, 0.034312577909930086, 0.01225925302710484]</VALUES>
		<LCS_MIN>[0.088994599878788, 0.07728315144777298, 0.07142679393291473, 0.056157760322093964, 0.024269949644804, 0.011840748600661755]</LCS_MIN>
		<LCS_MAX>[0.10961558669805527, 0.11016695946455002, 0.11282669752836227, 0.12516333162784576, 0.08424712717533112, 0.0724525898694992]</LCS_MAX>
		<WAVELENGTH>[1.0, 2.0, 3.0, 4.0, 5.0, 6.0]</WAVELENGTH>
		<MEAN_VALUE>[0.09626973288512859, 0.09014038530598699, 0.08561755987131496, 0.08892013712794385, 0.049707665528475706, 0.034312577909930086]</MEAN_VALUE>
		<CHECKBOX>2</CHECKBOX>
		<SD>[0.0032904361787198257, 0.005636883086043313, 0.006799026182163288, 0.015148464608425661, 0.015743583308542232, 0.01225925302710484]</SD>
		<WAVELENGTH_UNIT>band number</WAVELENGTH_UNIT>
		<COLOR>#f6f525</COLOR>
		<COVARIANCE_MATRIX>[[1.0923639623426849e-05, 1.5193745694930727e-05, 1.993093729770917e-05, 1.0911348298006164e-05, 1.4481186890975568e-05, 1.791567613289053e-05], [1.5193745694930727e-05, 3.205815138041506e-05, 3.3606339542297365e-05, 1.4873076691251787e-06, 5.849384295223259e-06, 2.0051996826082576e-05], [1.993093729770917e-05, 3.3606339542297365e-05, 4.6639495927757355e-05, 2.1602245668411264e-05, 2.6263540534082245e-05, 3.775714755233318e-05], [1.0911348298006164e-05, 1.4873076691251787e-06, 2.1602245668411264e-05, 0.00023152487267123152, 0.00019610699776945206, 0.0001403870305499461], [1.4481186890975568e-05, 5.849384295223259e-06, 2.6263540534082245e-05, 0.00019610699776945206, 0.0002500734548161613, 0.00017904209981527922], [1.791567613289053e-05, 2.0051996826082576e-05, 3.775714755233318e-05, 0.0001403870305499461, 0.00017904209981527922, 0.00015163115339670918]]</COVARIANCE_MATRIX>
		<ROI_SIZE>113</ROI_SIZE>
		<MAX_VALUE>[0.10961558669805527, 0.11016695946455002, 0.11282669752836227, 0.12516333162784576, 0.08424712717533112, 0.0724525898694992]</MAX_VALUE>
		<MIN_VALUE>[0.088994599878788, 0.07728315144777298, 0.07142679393291473, 0.056157760322093964, 0.024269949644804, 0.011840748600661755]</MIN_VALUE>
		<SIGNATURE_THRESHOLD_MD>0</SIGNATURE_THRESHOLD_MD>
		<SIGNATURE_THRESHOLD_ML>0</SIGNATURE_THRESHOLD_ML>
		<SIGNATURE_THRESHOLD_SAM>0</SIGNATURE_THRESHOLD_SAM>
	</signature>
	<signature ID="20220227_222421090642_961">
		<MACROCLASSID>1</MACROCLASSID>
		<MACROCLASSINFO>waterbody</MACROCLASSINFO>
		<CLASSID>6</CLASSID>
		<CLASSINFO>C 1</CLASSINFO>
		<VALUES>[0.09897831351053518, 0.007341818973748182, 0.09482772599478236, 0.011603014902817262, 0.0889821650429827, 0.014372075236922972, 0.10140731393313798, 0.016051240690715285, 0.06254318240480344, 0.018621870937684224, 0.045101426816621756, 0.017217600628349834]</VALUES>
		<LCS_MIN>[0.087619848549366, 0.07429371774196625, 0.060386817902326584, 0.07340914756059647, 0.03537683188915253, 0.02141103520989418]</LCS_MIN>
		<LCS_MAX>[0.11648926138877869, 0.12212473899126053, 0.12386666238307953, 0.13206389546394348, 0.11090365797281265, 0.09797335416078568]</LCS_MAX>
		<WAVELENGTH>[1.0, 2.0, 3.0, 4.0, 5.0, 6.0]</WAVELENGTH>
		<MEAN_VALUE>[0.09897831351053518, 0.09482772599478236, 0.0889821650429827, 0.10140731393313798, 0.06254318240480344, 0.045101426816621756]</MEAN_VALUE>
		<CHECKBOX>2</CHECKBOX>
		<SD>[0.007341818973748182, 0.011603014902817262, 0.014372075236922972, 0.016051240690715285, 0.018621870937684224, 0.017217600628349834]</SD>
		<WAVELENGTH_UNIT>band number</WAVELENGTH_UNIT>
		<COLOR>#af1a7c</COLOR>
		<COVARIANCE_MATRIX>[[5.4800677607343646e-05, 8.069347947855377e-05, 0.00010151084579826707, 2.783979900611286e-05, 8.109509762367941e-05, 9.517923338757644e-05], [8.069347947855377e-05, 0.00013687378741558285, 0.00016500082796536155, 1.975513918746352e-05, 0.00010944222156570539, 0.00014216044451992766], [0.00010151084579826707, 0.00016500082796536155, 0.00020999915572603745, 2.9437244688623827e-05, 0.00014080328219663759, 0.00018278780679499072], [2.783979900611286e-05, 1.975513918746352e-05, 2.9437244688623827e-05, 0.00026193636650646216, 0.0002467152481445468, 0.00017097411461073248], [8.109509762367941e-05, 0.00010944222156570539, 0.00014080328219663759, 0.0002467152481445468, 0.0003525536451734311, 0.0002845231382186435], [9.517923338757644e-05, 0.00014216044451992766, 0.00018278780679499072, 0.00017097411461073248, 0.0002845231382186435, 0.000301386534253975]]</COVARIANCE_MATRIX>
		<ROI_SIZE>61</ROI_SIZE>
		<MAX_VALUE>[0.11648926138877869, 0.12212473899126053, 0.12386666238307953, 0.13206389546394348, 0.11090365797281265, 0.09797335416078568]</MAX_VALUE>
		<MIN_VALUE>[0.087619848549366, 0.07429371774196625, 0.060386817902326584, 0.07340914756059647, 0.03537683188915253, 0.02141103520989418]</MIN_VALUE>
		<SIGNATURE_THRESHOLD_MD>0</SIGNATURE_THRESHOLD_MD>
		<SIGNATURE_THRESHOLD_ML>0</SIGNATURE_THRESHOLD_ML>
		<SIGNATURE_THRESHOLD_SAM>0</SIGNATURE_THRESHOLD_SAM>
	</signature>
	<signature ID="20220227_222430681195_139">
		<MACROCLASSID>1</MACROCLASSID>
		<MACROCLASSINFO>waterbody</MACROCLASSINFO>
		<CLASSID>7</CLASSID>
		<CLASSINFO>C 1</CLASSINFO>
		<VALUES>[0.10245581723863097, 0.003998374579716589, 0.09811817291121791, 0.004865367602546564, 0.09060664792653866, 0.006713201254992376, 0.09342777161731335, 0.01784756932454992, 0.05542560761350063, 0.015390861822045774, 0.04045445624228362, 0.01327977908434127]</VALUES>
		<LCS_MIN>[0.09449351578950882, 0.0892409086227417, 0.07970678806304932, 0.06305830925703049, 0.028712701052427292, 0.018220940604805946]</LCS_MIN>
		<LCS_MAX>[0.11511452496051788, 0.11315641552209854, 0.11006670445203781, 0.13896444439888, 0.0931326374411583, 0.07564268261194229]</LCS_MAX>
		<WAVELENGTH>[1.0, 2.0, 3.0, 4.0, 5.0, 6.0]</WAVELENGTH>
		<MEAN_VALUE>[0.10245581723863097, 0.09811817291121791, 0.09060664792653866, 0.09342777161731335, 0.05542560761350063, 0.04045445624228362]</MEAN_VALUE>
		<CHECKBOX>2</CHECKBOX>
		<SD>[0.003998374579716589, 0.004865367602546564, 0.006713201254992376, 0.01784756932454992, 0.015390861822045774, 0.01327977908434127]</SD>
		<WAVELENGTH_UNIT>band number</WAVELENGTH_UNIT>
		<COLOR>#90388e</COLOR>
		<COVARIANCE_MATRIX>[[1.606856560257956e-05, 1.645446582810802e-05, 2.3402775586709992e-05, 3.281244935308774e-05, 4.0245339983343065e-05, 3.816643930156488e-05], [1.645446582810802e-05, 2.3792576407439796e-05, 2.9075564708318534e-05, 3.6722007448846775e-05, 4.89631516622757e-05, 4.631171551641911e-05], [2.3402775586709992e-05, 2.9075564708318534e-05, 4.529700512620478e-05, 5.597142435614902e-05, 7.40177031474899e-05, 7.082778168631448e-05], [3.281244935308774e-05, 3.6722007448846775e-05, 5.597142435614902e-05, 0.00032016091309458773, 0.00021186468959901272, 0.0001489733042214022], [4.0245339983343065e-05, 4.89631516622757e-05, 7.40177031474899e-05, 0.00021186468959901272, 0.00023808719205196577, 0.00019217006628964776], [3.816643930156488e-05, 4.631171551641911e-05, 7.082778168631448e-05, 0.0001489733042214022, 0.00019217006628964776, 0.00017725229034793287]]</COVARIANCE_MATRIX>
		<ROI_SIZE>197</ROI_SIZE>
		<MAX_VALUE>[0.11511452496051788, 0.11315641552209854, 0.11006670445203781, 0.13896444439888, 0.0931326374411583, 0.07564268261194229]</MAX_VALUE>
		<MIN_VALUE>[0.09449351578950882, 0.0892409086227417, 0.07970678806304932, 0.06305830925703049, 0.028712701052427292, 0.018220940604805946]</MIN_VALUE>
		<SIGNATURE_THRESHOLD_MD>0</SIGNATURE_THRESHOLD_MD>
		<SIGNATURE_THRESHOLD_ML>0</SIGNATURE_THRESHOLD_ML>
		<SIGNATURE_THRESHOLD_SAM>0</SIGNATURE_THRESHOLD_SAM>
	</signature>
	<signature ID="20220227_222437125524_949">
		<MACROCLASSID>1</MACROCLASSID>
		<MACROCLASSINFO>waterbody</MACROCLASSINFO>
		<CLASSID>8</CLASSID>
		<CLASSINFO>C 1</CLASSINFO>
		<VALUES>[0.1018293914224567, 0.0038501989931897457, 0.09697221168156331, 0.004760318465207159, 0.08941433816377455, 0.005619996789728847, 0.08795385878404668, 0.014303605956767535, 0.05247760784073636, 0.01564297457984761, 0.03912157387119429, 0.013601323880372055]</VALUES>
		<LCS_MIN>[0.09586826711893082, 0.0892409086227417, 0.08246677368879318, 0.06305830925703049, 0.026491327211260796, 0.015030844137072563]</LCS_MIN>
		<LCS_MAX>[0.11786399036645889, 0.11614585667848587, 0.11282669752836227, 0.12516333162784576, 0.08646850287914276, 0.0724525898694992]</LCS_MAX>
		<WAVELENGTH>[1.0, 2.0, 3.0, 4.0, 5.0, 6.0]</WAVELENGTH>
		<MEAN_VALUE>[0.1018293914224567, 0.09697221168156331, 0.08941433816377455, 0.08795385878404668, 0.05247760784073636, 0.03912157387119429]</MEAN_VALUE>
		<CHECKBOX>2</CHECKBOX>
		<SD>[0.0038501989931897457, 0.004760318465207159, 0.005619996789728847, 0.014303605956767535, 0.01564297457984761, 0.013601323880372055]</SD>
		<WAVELENGTH_UNIT>band number</WAVELENGTH_UNIT>
		<COLOR>#affd5c</COLOR>
		<COVARIANCE_MATRIX>[[1.4952936915743293e-05, 1.4049304889869655e-05, 1.899857166362238e-05, 3.512429496263627e-05, 4.0941285569284914e-05, 3.819158636897608e-05], [1.4049304889869655e-05, 2.285768086315043e-05, 2.1942006383641138e-05, 3.6714282090837066e-05, 4.772718837573324e-05, 4.38254444084678e-05], [1.899857166362238e-05, 2.1942006383641138e-05, 3.185901055931515e-05, 5.126294087431563e-05, 6.371447085852873e-05, 5.726056751472344e-05], [3.512429496263627e-05, 3.6714282090837066e-05, 5.126294087431563e-05, 0.00020637221417835812, 0.0001675193630521463, 0.00012769780003899907], [4.0941285569284914e-05, 4.772718837573324e-05, 6.371447085852873e-05, 0.0001675193630521463, 0.0002468305028684173, 0.00020114986186157416], [3.819158636897608e-05, 4.38254444084678e-05, 5.726056751472344e-05, 0.00012769780003899907, 0.00020114986186157416, 0.00018660467226659443]]</COVARIANCE_MATRIX>
		<ROI_SIZE>116</ROI_SIZE>
		<MAX_VALUE>[0.11786399036645889, 0.11614585667848587, 0.11282669752836227, 0.12516333162784576, 0.08646850287914276, 0.0724525898694992]</MAX_VALUE>
		<MIN_VALUE>[0.09586826711893082, 0.0892409086227417, 0.08246677368879318, 0.06305830925703049, 0.026491327211260796, 0.015030844137072563]</MIN_VALUE>
		<SIGNATURE_THRESHOLD_MD>0</SIGNATURE_THRESHOLD_MD>
		<SIGNATURE_THRESHOLD_ML>0</SIGNATURE_THRESHOLD_ML>
		<SIGNATURE_THRESHOLD_SAM>0</SIGNATURE_THRESHOLD_SAM>
	</signature>
	<signature ID="20220227_222440318831_596">
		<MACROCLASSID>1</MACROCLASSID>
		<MACROCLASSINFO>waterbody</MACROCLASSINFO>
		<CLASSID>9</CLASSID>
		<CLASSINFO>C 1</CLASSINFO>
		<VALUES>[0.09960853046662099, 0.0026879103750368817, 0.09284977950491344, 0.003111298863943836, 0.08517703366977673, 0.003435301447974583, 0.07776085267195831, 0.008611221757296355, 0.04007974980180866, 0.010691831745147496, 0.02767627141732084, 0.009660186147377844]</VALUES>
		<LCS_MIN>[0.09449351578950882, 0.08625147491693497, 0.07694678753614426, 0.056157760322093964, 0.024269949644804, 0.008650650270283222]</LCS_MIN>
		<LCS_MAX>[0.10961558669805527, 0.10119867324829102, 0.09350673854351044, 0.09756109863519669, 0.068697489798069, 0.05969219654798508]</LCS_MAX>
		<WAVELENGTH>[1.0, 2.0, 3.0, 4.0, 5.0, 6.0]</WAVELENGTH>
		<MEAN_VALUE>[0.09960853046662099, 0.09284977950491344, 0.08517703366977673, 0.07776085267195831, 0.04007974980180866, 0.02767627141732084]</MEAN_VALUE>
		<CHECKBOX>2</CHECKBOX>
		<SD>[0.0026879103750368817, 0.003111298863943836, 0.003435301447974583, 0.008611221757296355, 0.010691831745147496, 0.009660186147377844]</SD>
		<WAVELENGTH_UNIT>band number</WAVELENGTH_UNIT>
		<COLOR>#3ea93f</COLOR>
		<COVARIANCE_MATRIX>[[7.290542749542113e-06, 4.536458865228861e-06, 5.8445744040375395e-06, 1.4492623352819118e-05, 2.1588428598076925e-05, 1.8733496488294242e-05], [4.536458865228861e-06, 9.768182262785316e-06, 6.481719046497261e-06, 1.3689153791925898e-05, 1.825012395748761e-05, 1.6890928549420658e-05], [5.8445744040375395e-06, 6.481719046497261e-06, 1.1908580547896774e-05, 1.883100443537972e-05, 2.5094342849472784e-05, 2.104532280283912e-05], [1.4492623352819118e-05, 1.3689153791925898e-05, 1.883100443537972e-05, 7.482725960927343e-05, 8.212049483351213e-05, 6.474405748475424e-05], [2.1588428598076925e-05, 1.825012395748761e-05, 2.5094342849472784e-05, 8.212049483351213e-05, 0.00011535449575805773, 9.131598433844427e-05], [1.8733496488294242e-05, 1.6890928549420658e-05, 2.104532280283912e-05, 6.474405748475424e-05, 9.131598433844427e-05, 9.416755273291801e-05]]</COVARIANCE_MATRIX>
		<ROI_SIZE>111</ROI_SIZE>
		<MAX_VALUE>[0.10961558669805527, 0.10119867324829102, 0.09350673854351044, 0.09756109863519669, 0.068697489798069, 0.05969219654798508]</MAX_VALUE>
		<MIN_VALUE>[0.09449351578950882, 0.08625147491693497, 0.07694678753614426, 0.056157760322093964, 0.024269949644804, 0.008650650270283222]</MIN_VALUE>
		<SIGNATURE_THRESHOLD_MD>0</SIGNATURE_THRESHOLD_MD>
		<SIGNATURE_THRESHOLD_ML>0</SIGNATURE_THRESHOLD_ML>
		<SIGNATURE_THRESHOLD_SAM>0</SIGNATURE_THRESHOLD_SAM>
	</signature>
	<signature ID="20220227_222446136857_160">
		<MACROCLASSID>1</MACROCLASSID>
		<MACROCLASSINFO>waterbody</MACROCLASSINFO>
		<CLASSID>10</CLASSID>
		<CLASSINFO>C 1</CLASSINFO>
		<VALUES>[0.10199252645138791, 0.004997578655860024, 0.09669831473151702, 0.0069082692838600655, 0.09121505197957967, 0.009069392630969845, 0.10195802638999826, 0.01774039097079846, 0.05942704957583754, 0.02123789716736763, 0.043845363068881905, 0.017985455541777173]</VALUES>
		<LCS_MIN>[0.09449351578950882, 0.08027258515357971, 0.0741867870092392, 0.0699588730931282, 0.026491327211260796, 0.015030844137072563]</LCS_MIN>
		<LCS_MAX>[0.11923874169588089, 0.12212473899126053, 0.12110668420791626, 0.14241471886634827, 0.10646089166402817, 0.0915931686758995]</LCS_MAX>
		<WAVELENGTH>[1.0, 2.0, 3.0, 4.0, 5.0, 6.0]</WAVELENGTH>
		<MEAN_VALUE>[0.10199252645138791, 0.09669831473151702, 0.09121505197957967, 0.10195802638999826, 0.05942704957583754, 0.043845363068881905]</MEAN_VALUE>
		<CHECKBOX>2</CHECKBOX>
		<SD>[0.004997578655860024, 0.0069082692838600655, 0.009069392630969845, 0.01774039097079846, 0.02123789716736763, 0.017985455541777173]</SD>
		<WAVELENGTH_UNIT>band number</WAVELENGTH_UNIT>
		<COLOR>#03ad06</COLOR>
		<COVARIANCE_MATRIX>[[2.506628442303488e-05, 3.08178608670773e-05, 4.2061512641636954e-05, 4.6580201397618686e-05, 6.684980143807301e-05, 6.404948762367231e-05], [3.08178608670773e-05, 4.789709821027489e-05, 5.816698653826954e-05, 5.16247260086736e-05, 7.852686554864826e-05, 7.717555337892595e-05], [4.2061512641636954e-05, 5.816698653826954e-05, 8.255190400880132e-05, 7.904932110853349e-05, 0.0001178247757337322, 0.00011492211162253998], [4.6580201397618686e-05, 5.16247260086736e-05, 7.904932110853349e-05, 0.0003158617669844573, 0.00033432118388311506, 0.0002564459055153561], [6.684980143807301e-05, 7.852686554864826e-05, 0.0001178247757337322, 0.00033432118388311506, 0.0004526825089760721, 0.0003578522783656337], [6.404948762367231e-05, 7.717555337892595e-05, 0.00011492211162253998, 0.0002564459055153561, 0.0003578522783656337, 0.0003246486277519288]]</COVARIANCE_MATRIX>
		<ROI_SIZE>277</ROI_SIZE>
		<MAX_VALUE>[0.11923874169588089, 0.12212473899126053, 0.12110668420791626, 0.14241471886634827, 0.10646089166402817, 0.0915931686758995]</MAX_VALUE>
		<MIN_VALUE>[0.09449351578950882, 0.08027258515357971, 0.0741867870092392, 0.0699588730931282, 0.026491327211260796, 0.015030844137072563]</MIN_VALUE>
		<SIGNATURE_THRESHOLD_MD>0</SIGNATURE_THRESHOLD_MD>
		<SIGNATURE_THRESHOLD_ML>0</SIGNATURE_THRESHOLD_ML>
		<SIGNATURE_THRESHOLD_SAM>0</SIGNATURE_THRESHOLD_SAM>
	</signature>
	<signature ID="20220227_222450969445_919">
		<MACROCLASSID>1</MACROCLASSID>
		<MACROCLASSINFO>waterbody</MACROCLASSINFO>
		<CLASSID>11</CLASSID>
		<CLASSINFO>C 1</CLASSINFO>
		<VALUES>[0.10185375918498202, 0.003365346101235446, 0.09505183781298365, 0.00450057434504788, 0.08725799456908466, 0.005341057775210511, 0.08015463727243824, 0.012720953214882685, 0.047257457681921085, 0.01339300354922934, 0.0359815343419153, 0.011669077779071847]</VALUES>
		<LCS_MIN>[0.09724300354719162, 0.08625147491693497, 0.07694678753614426, 0.05960804224014282, 0.01982719637453556, 0.018220940604805946]</LCS_MIN>
		<LCS_MAX>[0.11373978853225708, 0.11016695946455002, 0.10454671829938889, 0.11136221885681152, 0.07758300006389618, 0.06288228929042816]</LCS_MAX>
		<WAVELENGTH>[1.0, 2.0, 3.0, 4.0, 5.0, 6.0]</WAVELENGTH>
		<MEAN_VALUE>[0.10185375918498202, 0.09505183781298365, 0.08725799456908466, 0.08015463727243824, 0.047257457681921085, 0.0359815343419153]</MEAN_VALUE>
		<CHECKBOX>2</CHECKBOX>
		<SD>[0.003365346101235446, 0.00450057434504788, 0.005341057775210511, 0.012720953214882685, 0.01339300354922934, 0.011669077779071847]</SD>
		<WAVELENGTH_UNIT>band number</WAVELENGTH_UNIT>
		<COLOR>#ac3191</COLOR>
		<COVARIANCE_MATRIX>[[1.1389540564044699e-05, 1.0646602229645673e-05, 1.4225975354121457e-05, 2.789199650160529e-05, 3.15568959073641e-05, 2.802905367354202e-05], [1.0646602229645673e-05, 2.0369605420813425e-05, 1.987468117450541e-05, 3.423857600661761e-05, 3.918680699436997e-05, 3.705123640458312e-05], [1.4225975354121457e-05, 1.987468117450541e-05, 2.8688067074284302e-05, 5.029772529572878e-05, 5.6438682143295996e-05, 5.102059464303331e-05], [2.789199650160529e-05, 3.423857600661761e-05, 5.029772529572878e-05, 0.00016273690295904897, 0.0001488614169150952, 0.00012123186838117685], [3.15568959073641e-05, 3.918680699436997e-05, 5.6438682143295996e-05, 0.0001488614169150952, 0.00018038594827345312, 0.00014600481906588186], [2.802905367354202e-05, 3.705123640458312e-05, 5.102059464303331e-05, 0.00012123186838117685, 0.00014600481906588186, 0.00013693668342427696]]</COVARIANCE_MATRIX>
		<ROI_SIZE>178</ROI_SIZE>
		<MAX_VALUE>[0.11373978853225708, 0.11016695946455002, 0.10454671829938889, 0.11136221885681152, 0.07758300006389618, 0.06288228929042816]</MAX_VALUE>
		<MIN_VALUE>[0.09724300354719162, 0.08625147491693497, 0.07694678753614426, 0.05960804224014282, 0.01982719637453556, 0.018220940604805946]</MIN_VALUE>
		<SIGNATURE_THRESHOLD_MD>0</SIGNATURE_THRESHOLD_MD>
		<SIGNATURE_THRESHOLD_ML>0</SIGNATURE_THRESHOLD_ML>
		<SIGNATURE_THRESHOLD_SAM>0</SIGNATURE_THRESHOLD_SAM>
	</signature>
	<signature ID="20220227_222502174408_352">
		<MACROCLASSID>1</MACROCLASSID>
		<MACROCLASSINFO>waterbody</MACROCLASSINFO>
		<CLASSID>12</CLASSID>
		<CLASSINFO>C 1</CLASSINFO>
		<VALUES>[0.10156799794247978, 0.0074916998191589465, 0.09726872320255539, 0.009956234770298628, 0.0924213542864564, 0.013518733036790308, 0.09934439074792219, 0.017925281568584445, 0.0626323814137598, 0.02187362637689287, 0.04994268882810399, 0.020896219550444222]</VALUES>
		<LCS_MIN>[0.088994599878788, 0.08027258515357971, 0.0659068152308464, 0.06305830925703049, 0.030934082344174385, 0.02141103520989418]</LCS_MIN>
		<LCS_MAX>[0.11923874169588089, 0.12212473899126053, 0.12386666238307953, 0.13896444439888, 0.10646089166402817, 0.0915931686758995]</LCS_MAX>
		<WAVELENGTH>[1.0, 2.0, 3.0, 4.0, 5.0, 6.0]</WAVELENGTH>
		<MEAN_VALUE>[0.10156799794247978, 0.09726872320255539, 0.0924213542864564, 0.09934439074792219, 0.0626323814137598, 0.04994268882810399]</MEAN_VALUE>
		<CHECKBOX>2</CHECKBOX>
		<SD>[0.0074916998191589465, 0.009956234770298628, 0.013518733036790308, 0.017925281568584445, 0.02187362637689287, 0.020896219550444222]</SD>
		<WAVELENGTH_UNIT>band number</WAVELENGTH_UNIT>
		<COLOR>#44ca12</COLOR>
		<COVARIANCE_MATRIX>[[5.676335670516325e-05, 7.178349773224523e-05, 9.762068860950071e-05, 7.342713259317594e-05, 0.00012574353396173978, 0.00013309744194656205], [7.178349773224523e-05, 0.00010025304956040904, 0.00013323108757731878, 9.476018886124024e-05, 0.00016447356580405454, 0.0001757147141530812], [9.762068860950071e-05, 0.00013323108757731878, 0.00018483291727136957, 0.0001246711489019247, 0.0002197706462315439, 0.000236828355389165], [7.342713259317594e-05, 9.476018886124024e-05, 0.0001246711489019247, 0.00032496703430522696, 0.0003243069624277191, 0.0002682368713772996], [0.00012574353396173978, 0.00016447356580405454, 0.0002197706462315439, 0.0003243069624277191, 0.0004838925255449475, 0.00043334578174672624], [0.00013309744194656205, 0.0001757147141530812, 0.000236828355389165, 0.0002682368713772996, 0.00043334578174672624, 0.00044161394594923495]]</COVARIANCE_MATRIX>
		<ROI_SIZE>89</ROI_SIZE>
		<MAX_VALUE>[0.11923874169588089, 0.12212473899126053, 0.12386666238307953, 0.13896444439888, 0.10646089166402817, 0.0915931686758995]</MAX_VALUE>
		<MIN_VALUE>[0.088994599878788, 0.08027258515357971, 0.0659068152308464, 0.06305830925703049, 0.030934082344174385, 0.02141103520989418]</MIN_VALUE>
		<SIGNATURE_THRESHOLD_MD>0</SIGNATURE_THRESHOLD_MD>
		<SIGNATURE_THRESHOLD_ML>0</SIGNATURE_THRESHOLD_ML>
		<SIGNATURE_THRESHOLD_SAM>0</SIGNATURE_THRESHOLD_SAM>
	</signature>
	<signature ID="20220227_222559869693_837">
		<MACROCLASSID>1</MACROCLASSID>
		<MACROCLASSINFO>waterbody</MACROCLASSINFO>
		<CLASSID>13</CLASSID>
		<CLASSINFO>C 1</CLASSINFO>
		<VALUES>[0.11981153612335524, 0.006311269111222535, 0.13109305128455162, 0.012505720829398619, 0.1413466390222311, 0.014618998469596868, 0.16972943395376208, 0.012634679921020445, 0.15755256886283556, 0.024535910712621796, 0.13519115621844927, 0.018341131369279614]</VALUES>
		<LCS_MIN>[0.10411666333675385, 0.10418809950351715, 0.11282669752836227, 0.14586500823497772, 0.12201053649187088, 0.09797335416078568]</LCS_MIN>
		<LCS_MAX>[0.12611240148544312, 0.1490296870470047, 0.16526658833026886, 0.18381808698177338, 0.19309459626674652, 0.16177530586719513]</LCS_MAX>
		<WAVELENGTH>[1.0, 2.0, 3.0, 4.0, 5.0, 6.0]</WAVELENGTH>
		<MEAN_VALUE>[0.11981153612335524, 0.13109305128455162, 0.1413466390222311, 0.16972943395376208, 0.15755256886283556, 0.13519115621844927]</MEAN_VALUE>
		<CHECKBOX>2</CHECKBOX>
		<SD>[0.006311269111222535, 0.012505720829398619, 0.014618998469596868, 0.012634679921020445, 0.024535910712621796, 0.018341131369279614]</SD>
		<WAVELENGTH_UNIT>band number</WAVELENGTH_UNIT>
		<COLOR>#d1c040</COLOR>
		<COVARIANCE_MATRIX>[[4.345321941193276e-05, 7.883119501199285e-05, 8.77278297555164e-05, -2.0949220608417804e-05, 4.886080696178097e-05, 7.521853891975206e-05], [7.883119501199285e-05, 0.0001706106037776595, 0.0001972699580985373, -8.439073406317878e-06, 2.6562717846905813e-05, 9.016428571018145e-05], [8.77278297555164e-05, 0.0001972699580985373, 0.00023314376318626424, -6.637037578401244e-06, 5.573373994715052e-07, 8.271041347967827e-05], [-2.0949220608417804e-05, -8.439073406317878e-06, -6.637037578401244e-06, 0.00017414742186178616, 5.0166772856398054e-05, -2.5348857843100386e-05], [4.886080696178097e-05, 2.6562717846905813e-05, 5.573373994715052e-07, 5.0166772856398054e-05, 0.00065673917945209, 0.00038781964115323117], [7.521853891975206e-05, 9.016428571018145e-05, 8.271041347967827e-05, -2.5348857843100386e-05, 0.00038781964115323117, 0.00036697865444200656]]</COVARIANCE_MATRIX>
		<ROI_SIZE>12</ROI_SIZE>
		<MAX_VALUE>[0.12611240148544312, 0.1490296870470047, 0.16526658833026886, 0.18381808698177338, 0.19309459626674652, 0.16177530586719513]</MAX_VALUE>
		<MIN_VALUE>[0.10411666333675385, 0.10418809950351715, 0.11282669752836227, 0.14586500823497772, 0.12201053649187088, 0.09797335416078568]</MIN_VALUE>
		<SIGNATURE_THRESHOLD_MD>0</SIGNATURE_THRESHOLD_MD>
		<SIGNATURE_THRESHOLD_ML>0</SIGNATURE_THRESHOLD_ML>
		<SIGNATURE_THRESHOLD_SAM>0</SIGNATURE_THRESHOLD_SAM>
	</signature>
	<signature ID="20220227_222605441541_280">
		<MACROCLASSID>1</MACROCLASSID>
		<MACROCLASSINFO>waterbody</MACROCLASSINFO>
		<CLASSID>14</CLASSID>
		<CLASSINFO>C 1</CLASSINFO>
		<VALUES>[0.11679475671715206, 0.006036940510615509, 0.12810360557503173, 0.01153508218993403, 0.13705331666602028, 0.0142393497627283, 0.15889939500225914, 0.019838872953997628, 0.14200292113754484, 0.027961520108300345, 0.11817730300956303, 0.023872498312285075]</VALUES>
		<LCS_MIN>[0.10961558669805527, 0.11315641552209854, 0.1183466836810112, 0.12516333162784576, 0.10423951596021652, 0.09478326886892319]</LCS_MIN>
		<LCS_MAX>[0.12748713791370392, 0.14604023098945618, 0.15974661707878113, 0.18381808698177338, 0.1775449514389038, 0.16177530586719513]</LCS_MAX>
		<WAVELENGTH>[1.0, 2.0, 3.0, 4.0, 5.0, 6.0]</WAVELENGTH>
		<MEAN_VALUE>[0.11679475671715206, 0.12810360557503173, 0.13705331666602028, 0.15889939500225914, 0.14200292113754484, 0.11817730300956303]</MEAN_VALUE>
		<CHECKBOX>2</CHECKBOX>
		<SD>[0.006036940510615509, 0.01153508218993403, 0.0142393497627283, 0.019838872953997628, 0.027961520108300345, 0.023872498312285075]</SD>
		<WAVELENGTH_UNIT>band number</WAVELENGTH_UNIT>
		<COLOR>#d167d8</COLOR>
		<COVARIANCE_MATRIX>[[4.100023206979948e-05, 7.397430267570067e-05, 9.36444606824736e-05, 9.92782064577603e-05, 0.00010421100948674769, 0.00013065242137237022], [7.397430267570067e-05, 0.00014969038626959981, 0.00018254968749552834, 0.00017405541111292623, 0.00023740392265755468, 0.0002503356427307279], [9.36444606824736e-05, 0.00018254968749552834, 0.00022810396687347436, 0.00021373292730014453, 0.00029275468397420214, 0.00031770117377572806], [9.92782064577603e-05, 0.00017405541111292623, 0.00021373292730014453, 0.0004427784900954659, 0.0003975892730147874, 0.0004384345027193969], [0.00010421100948674769, 0.00023740392265755468, 0.00029275468397420214, 0.0003975892730147874, 0.0008795774326127452, 0.000651949497432813], [0.00013065242137237022, 0.0002503356427307279, 0.00031770117377572806, 0.0004384345027193969, 0.000651949497432813, 0.0006411331976288106]]</COVARIANCE_MATRIX>
		<ROI_SIZE>9</ROI_SIZE>
		<MAX_VALUE>[0.12748713791370392, 0.14604023098945618, 0.15974661707878113, 0.18381808698177338, 0.1775449514389038, 0.16177530586719513]</MAX_VALUE>
		<MIN_VALUE>[0.10961558669805527, 0.11315641552209854, 0.1183466836810112, 0.12516333162784576, 0.10423951596021652, 0.09478326886892319]</MIN_VALUE>
		<SIGNATURE_THRESHOLD_MD>0</SIGNATURE_THRESHOLD_MD>
		<SIGNATURE_THRESHOLD_ML>0</SIGNATURE_THRESHOLD_ML>
		<SIGNATURE_THRESHOLD_SAM>0</SIGNATURE_THRESHOLD_SAM>
	</signature>
	<signature ID="20220227_222613213022_775">
		<MACROCLASSID>1</MACROCLASSID>
		<MACROCLASSINFO>waterbody</MACROCLASSINFO>
		<CLASSID>15</CLASSID>
		<CLASSINFO>C 1</CLASSINFO>
		<VALUES>[0.11992610080374612, 0.005943948298077295, 0.13192344788048002, 0.008733025610248545, 0.14655996445152494, 0.010349697833687572, 0.17768424252669016, 0.020202247028098443, 0.1698935520317819, 0.029740491225762063, 0.14635648868150186, 0.026397399516968675]</VALUES>
		<LCS_MIN>[0.10824085772037506, 0.11315641552209854, 0.12386666238307953, 0.13551415503025055, 0.11534639447927475, 0.10116344690322876]</LCS_MIN>
		<LCS_MAX>[0.13023661077022552, 0.1490296870470047, 0.16802658140659332, 0.21142031252384186, 0.2264152467250824, 0.1841059774160385]</LCS_MAX>
		<WAVELENGTH>[1.0, 2.0, 3.0, 4.0, 5.0, 6.0]</WAVELENGTH>
		<MEAN_VALUE>[0.11992610080374612, 0.13192344788048002, 0.14655996445152494, 0.17768424252669016, 0.1698935520317819, 0.14635648868150186]</MEAN_VALUE>
		<CHECKBOX>2</CHECKBOX>
		<SD>[0.005943948298077295, 0.008733025610248545, 0.010349697833687572, 0.020202247028098443, 0.029740491225762063, 0.026397399516968675]</SD>
		<WAVELENGTH_UNIT>band number</WAVELENGTH_UNIT>
		<COLOR>#787b06</COLOR>
		<COVARIANCE_MATRIX>[[3.7408787333169816e-05, 4.3635184436245984e-05, 4.8879013985059154e-05, 3.655069011852018e-05, 0.00010221256102560601, 9.815859587507185e-05], [4.3635184436245984e-05, 8.075195609215444e-05, 9.264664471906079e-05, 7.516697737494582e-05, 0.00013055642882689474, 0.00015099617989468503], [4.8879013985059154e-05, 9.264664471906079e-05, 0.00011341720085149829, 0.00010537266597360971, 0.00017303016774858368, 0.00018714203722435032], [3.655069011852018e-05, 7.516697737494582e-05, 0.00010537266597360971, 0.00043213847821868377, 0.0005503820579469334, 0.0004508441749959832], [0.00010221256102560601, 0.00013055642882689474, 0.00017303016774858368, 0.0005503820579469334, 0.0009365260429584322, 0.000791315677681932], [9.815859587507185e-05, 0.00015099617989468503, 0.00018714203722435032, 0.0004508441749959832, 0.000791315677681932, 0.0007378122719207199]]</COVARIANCE_MATRIX>
		<ROI_SIZE>18</ROI_SIZE>
		<MAX_VALUE>[0.13023661077022552, 0.1490296870470047, 0.16802658140659332, 0.21142031252384186, 0.2264152467250824, 0.1841059774160385]</MAX_VALUE>
		<MIN_VALUE>[0.10824085772037506, 0.11315641552209854, 0.12386666238307953, 0.13551415503025055, 0.11534639447927475, 0.10116344690322876]</MIN_VALUE>
		<SIGNATURE_THRESHOLD_MD>0</SIGNATURE_THRESHOLD_MD>
		<SIGNATURE_THRESHOLD_ML>0</SIGNATURE_THRESHOLD_ML>
		<SIGNATURE_THRESHOLD_SAM>0</SIGNATURE_THRESHOLD_SAM>
	</signature>
	<signature ID="20220227_222620621169_487">
		<MACROCLASSID>1</MACROCLASSID>
		<MACROCLASSINFO>waterbody</MACROCLASSINFO>
		<CLASSID>16</CLASSID>
		<CLASSINFO>C 1</CLASSINFO>
		<VALUES>[0.10628729235184821, 0.0060058476123199395, 0.11048164885295064, 0.009093044728390237, 0.11486037781364039, 0.011496892340937257, 0.15694221187579005, 0.019664165228532118, 0.12996072557411698, 0.02465539679516534, 0.09562276029273083, 0.021706529423365598]</VALUES>
		<LCS_MIN>[0.09724300354719162, 0.09521978348493576, 0.09902672469615936, 0.11136221885681152, 0.07091886550188065, 0.046931806951761246]</LCS_MIN>
		<LCS_MAX>[0.11786399036645889, 0.12511415779590607, 0.13490664958953857, 0.1907186359167099, 0.1619953215122223, 0.12349412590265274]</LCS_MAX>
		<WAVELENGTH>[1.0, 2.0, 3.0, 4.0, 5.0, 6.0]</WAVELENGTH>
