<?xml version="1.0" ?>
<signaturelist MCID_LIST="[['1', 'waterbody', '#0000ff'], ['2', 'vegetation', '#00ff00'], ['3', 'bareland', '#ffaa00'], ['4', 'built-up', '#ff0000']]">
	<signature ID="20220209_114103410662_925">
		<MACROCLASSID>1</MACROCLASSID>
		<MACROCLASSINFO>waterbody</MACROCLASSINFO>
		<CLASSID>1</CLASSID>
		<CLASSINFO>C 1</CLASSINFO>
		<VALUES>[0.09696400434386686, 0.004417966100472419, 0.06943488400252762, 0.006786766463411744, 0.049854848861863775, 0.006332388044060041, 0.036901993486867735, 0.005099678917747174, 0.018107631345998746, 0.003436109413504388, 0.014424907594505654, 0.0036623657136037316]</VALUES>
		<LCS_MIN>[0.087619848549366, 0.0593465194106102, 0.04106685891747475, 0.028555525466799736, 0.008720312267541885, 0.005460552871227264]</LCS_MIN>
		<LCS_MAX>[0.11923874169588089, 0.11315641552209854, 0.09902672469615936, 0.08375998586416245, 0.057590603828430176, 0.05331199988722801]</LCS_MAX>
		<WAVELENGTH>[1.0, 2.0, 3.0, 4.0, 5.0, 6.0]</WAVELENGTH>
		<MEAN_VALUE>[0.09696400434386686, 0.06943488400252762, 0.049854848861863775, 0.036901993486867735, 0.018107631345998746, 0.014424907594505654]</MEAN_VALUE>
		<CHECKBOX>2</CHECKBOX>
		<SD>[0.004417966100472419, 0.006786766463411744, 0.006332388044060041, 0.005099678917747174, 0.003436109413504388, 0.0036623657136037316]</SD>
		<WAVELENGTH_UNIT>E-6m</WAVELENGTH_UNIT>
		<COLOR>#71b05f</COLOR>
		<COVARIANCE_MATRIX>[[1.9046636406342125e-05, 2.568500152317149e-05, 1.938043582285893e-05, 1.4178012505635481e-05, 8.295858649157043e-06, 6.856854063992547e-06], [2.568500152317149e-05, 4.3632759596775546e-05, 3.317987274393005e-05, 2.4622683807483492e-05, 1.425129095511525e-05, 1.1769528720791707e-05], [1.938043582285893e-05, 3.317987274393005e-05, 3.5424073298600023e-05, 2.4815745507953648e-05, 1.4060523441348518e-05, 1.1310934266996877e-05], [1.4178012505635481e-05, 2.4622683807483492e-05, 2.4815745507953648e-05, 2.3149237539561332e-05, 1.1794101750764753e-05, 9.647199729141193e-06], [8.295858649157043e-06, 1.425129095511525e-05, 1.4060523441348518e-05, 1.1794101750764753e-05, 1.062143921567404e-05, 6.405445240909735e-06], [6.856854063992547e-06, 1.1769528720791707e-05, 1.1310934266996877e-05, 9.647199729141193e-06, 6.405445240909735e-06, 1.2797430102226617e-05]]</COVARIANCE_MATRIX>
		<ROI_SIZE>63028</ROI_SIZE>
		<MAX_VALUE>[0.11923874169588089, 0.11315641552209854, 0.09902672469615936, 0.08375998586416245, 0.057590603828430176, 0.05331199988722801]</MAX_VALUE>
		<MIN_VALUE>[0.087619848549366, 0.0593465194106102, 0.04106685891747475, 0.028555525466799736, 0.008720312267541885, 0.005460552871227264]</MIN_VALUE>
		<SIGNATURE_THRESHOLD_MD>0</SIGNATURE_THRESHOLD_MD>
		<SIGNATURE_THRESHOLD_ML>0</SIGNATURE_THRESHOLD_ML>
		<SIGNATURE_THRESHOLD_SAM>0</SIGNATURE_THRESHOLD_SAM>
	</signature>
	<signature ID="20220209_114110109397_531">
		<MACROCLASSID>1</MACROCLASSID>
		<MACROCLASSINFO>waterbody</MACROCLASSINFO>
		<CLASSID>2</CLASSID>
		<CLASSINFO>C 1</CLASSINFO>
		<VALUES>[0.09508201378395169, 0.0027372452702435403, 0.06794190693735148, 0.005043461241486694, 0.050840880027468484, 0.005616335225881319, 0.03941325460051952, 0.004505589229365891, 0.020570859418184276, 0.004018427721208731, 0.017168461108644027, 0.004337504218322591]</VALUES>
		<LCS_MIN>[0.087619848549366, 0.0593465194106102, 0.04106685891747475, 0.028555525466799736, 0.010941688902676105, 0.005460552871227264]</LCS_MIN>
		<LCS_MAX>[0.11786399036645889, 0.10717753320932388, 0.10178671777248383, 0.09066054224967957, 0.07091886550188065, 0.06607238948345184]</LCS_MAX>
		<WAVELENGTH>[1.0, 2.0, 3.0, 4.0, 5.0, 6.0]</WAVELENGTH>
		<MEAN_VALUE>[0.09508201378395169, 0.06794190693735148, 0.050840880027468484, 0.03941325460051952, 0.020570859418184276, 0.017168461108644027]</MEAN_VALUE>
		<CHECKBOX>2</CHECKBOX>
		<SD>[0.0027372452702435403, 0.005043461241486694, 0.005616335225881319, 0.004505589229365891, 0.004018427721208731, 0.004337504218322591]</SD>
		<WAVELENGTH_UNIT>E-6m</WAVELENGTH_UNIT>
		<COLOR>#6857dd</COLOR>
		<COVARIANCE_MATRIX>[[8.298047366232665e-06, 1.267540273103371e-05, 1.3769827190164631e-05, 8.812701716580878e-06, 6.338041807802142e-06, 5.564699460969017e-06], [1.267540273103371e-05, 3.094447146338602e-05, 3.0034774190110414e-05, 1.8847861904976675e-05, 1.290774809403479e-05, 1.1182306824947039e-05], [1.3769827190164631e-05, 3.0034774190110414e-05, 3.7099520760426065e-05, 2.1929418638740813e-05, 1.4733262695104167e-05, 1.2688308750541548e-05], [8.812701716580878e-06, 1.8847861904976675e-05, 2.1929418638740813e-05, 2.0627192928810247e-05, 1.323475741464362e-05, 1.1623770093452723e-05], [6.338041807802142e-06, 1.290774809403479e-05, 1.4733262695104167e-05, 1.323475741464362e-05, 1.509515615191283e-05, 1.0476042652645534e-05], [5.564699460969017e-06, 1.1182306824947039e-05, 1.2688308750541548e-05, 1.1623770093452723e-05, 1.0476042652645534e-05, 1.7304209210910473e-05]]</COVARIANCE_MATRIX>
		<ROI_SIZE>43854</ROI_SIZE>
		<MAX_VALUE>[0.11786399036645889, 0.10717753320932388, 0.10178671777248383, 0.09066054224967957, 0.07091886550188065, 0.06607238948345184]</MAX_VALUE>
		<MIN_VALUE>[0.087619848549366, 0.0593465194106102, 0.04106685891747475, 0.028555525466799736, 0.010941688902676105, 0.005460552871227264]</MIN_VALUE>
		<SIGNATURE_THRESHOLD_MD>0</SIGNATURE_THRESHOLD_MD>
		<SIGNATURE_THRESHOLD_ML>0</SIGNATURE_THRESHOLD_ML>
		<SIGNATURE_THRESHOLD_SAM>0</SIGNATURE_THRESHOLD_SAM>
	</signature>
	<signature ID="20220209_114124082095_514">
		<MACROCLASSID>1</MACROCLASSID>
		<MACROCLASSINFO>waterbody</MACROCLASSINFO>
		<CLASSID>3</CLASSID>
		<CLASSINFO>C 1</CLASSINFO>
		<VALUES>[0.10369660441055245, 0.0018736202178422465, 0.12379830341754305, 0.0031612001575789164, 0.10804978922073147, 0.004311545167711758, 0.050436782360108755, 0.010126368961493302, 0.03446550083219304, 0.01281658555658285, 0.025630416645087386, 0.010379374555179214]</VALUES>
		<LCS_MIN>[0.09861773252487183, 0.11016695946455002, 0.0962667465209961, 0.028555525466799736, 0.013163064606487751, 0.008650650270283222]</LCS_MIN>
		<LCS_MAX>[0.11373978853225708, 0.1400613635778427, 0.13490664958953857, 0.09411082416772842, 0.07758300006389618, 0.06926248967647552]</LCS_MAX>
		<WAVELENGTH>[1.0, 2.0, 3.0, 4.0, 5.0, 6.0]</WAVELENGTH>
		<MEAN_VALUE>[0.10369660441055245, 0.12379830341754305, 0.10804978922073147, 0.050436782360108755, 0.03446550083219304, 0.025630416645087386]</MEAN_VALUE>
		<CHECKBOX>2</CHECKBOX>
		<SD>[0.0018736202178422465, 0.0031612001575789164, 0.004311545167711758, 0.010126368961493302, 0.01281658555658285, 0.010379374555179214]</SD>
		<WAVELENGTH_UNIT>E-6m</WAVELENGTH_UNIT>
		<COLOR>#eeb5d0</COLOR>
		<COVARIANCE_MATRIX>[[3.5179697500877507e-06, 1.8661252146942729e-06, 3.0020914308189475e-06, 5.595250129140381e-06, 5.325074773086004e-06, 4.0393715002915455e-06], [1.8661252146942729e-06, 1.0014585122435993e-05, 5.1671360373236905e-06, 4.205877681006746e-06, 1.428922860677303e-06, 1.9086681331346714e-06], [3.0020914308189475e-06, 5.1671360373236905e-06, 1.862922777547396e-05, 2.7791804242343873e-05, 2.639727233684744e-05, 2.240464259589009e-05], [5.595250129140381e-06, 4.205877681006746e-06, 2.7791804242343873e-05, 0.00010276292724867239, 9.930267151116187e-05, 7.974278625424595e-05], [5.325074773086004e-06, 1.428922860677303e-06, 2.639727233684744e-05, 9.930267151116187e-05, 0.0001646166102228467, 0.00011523300375990722], [4.0393715002915455e-06, 1.9086681331346714e-06, 2.240464259589009e-05, 7.974278625424595e-05, 0.00011523300375990722, 0.00010796210441399657]]</COVARIANCE_MATRIX>
		<ROI_SIZE>468</ROI_SIZE>
		<MAX_VALUE>[0.11373978853225708, 0.1400613635778427, 0.13490664958953857, 0.09411082416772842, 0.07758300006389618, 0.06926248967647552]</MAX_VALUE>
		<MIN_VALUE>[0.09861773252487183, 0.11016695946455002, 0.0962667465209961, 0.028555525466799736, 0.013163064606487751, 0.008650650270283222]</MIN_VALUE>
		<SIGNATURE_THRESHOLD_MD>0</SIGNATURE_THRESHOLD_MD>
		<SIGNATURE_THRESHOLD_ML>0</SIGNATURE_THRESHOLD_ML>
		<SIGNATURE_THRESHOLD_SAM>0</SIGNATURE_THRESHOLD_SAM>
	</signature>
	<signature ID="20220209_114132873103_163">
		<MACROCLASSID>1</MACROCLASSID>
		<MACROCLASSINFO>waterbody</MACROCLASSINFO>
		<CLASSID>4</CLASSID>
		<CLASSINFO>C 1</CLASSINFO>
		<VALUES>[0.11691886729871233, 0.007419939840399163, 0.14971475054820374, 0.008613346860618048, 0.16451909486204386, 0.017848964842627348, 0.1289011317615708, 0.06105317595478055, 0.12839699152391404, 0.0996835125492765, 0.10707842446087548, 0.0799594764896242]</VALUES>
		<LCS_MIN>[0.10824085772037506, 0.1400613635778427, 0.14594663679599762, 0.06650858372449875, 0.026491327211260796, 0.02141103520989418]</LCS_MIN>
		<LCS_MAX>[0.13161134719848633, 0.16995574533939362, 0.20390650629997253, 0.2597241997718811, 0.37302613258361816, 0.2829989492893219]</LCS_MAX>
		<WAVELENGTH>[1.0, 2.0, 3.0, 4.0, 5.0, 6.0]</WAVELENGTH>
		<MEAN_VALUE>[0.11691886729871233, 0.14971475054820374, 0.16451909486204386, 0.1289011317615708, 0.12839699152391404, 0.10707842446087548]</MEAN_VALUE>
		<CHECKBOX>2</CHECKBOX>
		<SD>[0.007419939840399163, 0.008613346860618048, 0.017848964842627348, 0.06105317595478055, 0.0996835125492765, 0.0799594764896242]</SD>
		<WAVELENGTH_UNIT>E-6m</WAVELENGTH_UNIT>
		<COLOR>#2b9fa2</COLOR>
		<COVARIANCE_MATRIX>[[5.6226901006103284e-05, 5.959590994811741e-05, 0.00012917131700780133, 0.0004291855461894971, 0.0006863180487988897, 0.0005673379745710212], [5.959590994811741e-05, 7.576824933581489e-05, 0.00014780917690175683, 0.00042225029410193746, 0.0006639788642527039, 0.000572318654702723], [0.00012917131700780133, 0.00014780917690175683, 0.00032536396182469477, 0.001024016240592713, 0.0016282823937066413, 0.0013342045764532674], [0.0004291855461894971, 0.00042225029410193746, 0.001024016240592713, 0.003806798598296571, 0.006101409035628549, 0.0048566776130353415], [0.0006863180487988897, 0.0006639788642527039, 0.0016282823937066413, 0.006101409035628549, 0.010148224007654576, 0.007988057866890538], [0.0005673379745710212, 0.000572318654702723, 0.0013342045764532674, 0.0048566776130353415, 0.007988057866890538, 0.006529550175824438]]</COVARIANCE_MATRIX>
		<ROI_SIZE>48</ROI_SIZE>
		<MAX_VALUE>[0.13161134719848633, 0.16995574533939362, 0.20390650629997253, 0.2597241997718811, 0.37302613258361816, 0.2829989492893219]</MAX_VALUE>
		<MIN_VALUE>[0.10824085772037506, 0.1400613635778427, 0.14594663679599762, 0.06650858372449875, 0.026491327211260796, 0.02141103520989418]</MIN_VALUE>
		<SIGNATURE_THRESHOLD_MD>0</SIGNATURE_THRESHOLD_MD>
		<SIGNATURE_THRESHOLD_ML>0</SIGNATURE_THRESHOLD_ML>
		<SIGNATURE_THRESHOLD_SAM>0</SIGNATURE_THRESHOLD_SAM>
	</signature>
	<signature ID="20220209_114148436765_409">
		<MACROCLASSID>1</MACROCLASSID>
		<MACROCLASSINFO>waterbody</MACROCLASSINFO>
		<CLASSID>5</CLASSID>
		<CLASSINFO>C 1</CLASSINFO>
		<VALUES>[0.11842248192988336, 0.006689563118540558, 0.1462270773481578, 0.01638980877980626, 0.17199407750740647, 0.021544508405809036, 0.16376332403160634, 0.03394228014473428, 0.13443636521697044, 0.06873910152239661, 0.09259007149375975, 0.048165691410816835]</VALUES>
		<LCS_MIN>[0.10274192690849304, 0.11614585667848587, 0.12938666343688965, 0.11136221885681152, 0.039819590747356415, 0.027791228145360947]</LCS_MIN>
		<LCS_MAX>[0.12886187434196472, 0.1669663041830063, 0.21218650043010712, 0.22177113592624664, 0.25307178497314453, 0.17453567683696747]</LCS_MAX>
		<WAVELENGTH>[1.0, 2.0, 3.0, 4.0, 5.0, 6.0]</WAVELENGTH>
		<MEAN_VALUE>[0.11842248192988336, 0.1462270773481578, 0.17199407750740647, 0.16376332403160634, 0.13443636521697044, 0.09259007149375975]</MEAN_VALUE>
		<CHECKBOX>2</CHECKBOX>
		<SD>[0.006689563118540558, 0.01638980877980626, 0.021544508405809036, 0.03394228014473428, 0.06873910152239661, 0.048165691410816835]</SD>
		<WAVELENGTH_UNIT>E-6m</WAVELENGTH_UNIT>
		<COLOR>#279f6e</COLOR>
		<COVARIANCE_MATRIX>[[4.619381132071028e-05, 0.0001052857767553383, 0.00014018103488533626, -3.464659418012142e-05, -0.0001604448208276135, -8.517314358192424e-05], [0.0001052857767553383, 0.0002772911812527636, 0.0003497621003742582, -0.000166153261648744, -0.0005169412994583573, -0.00030228706838062905], [0.00014018103488533626, 0.0003497621003742582, 0.0004791389341398465, -5.9478856984047835e-05, -0.0003578347167505652, -0.00016256653424732452], [-3.464659418012142e-05, -0.000166153261648744, -5.9478856984047835e-05, 0.0011892422001792238, 0.00220176022817143, 0.0014806261558944558], [-0.0001604448208276135, -0.0005169412994583573, -0.0003578347167505652, 0.00220176022817143, 0.004877485499980743, 0.0032794209892552505], [-8.517314358192424e-05, -0.00030228706838062905, -0.00016256653424732452, 0.0014806261558944558, 0.0032794209892552505, 0.0023947704042137138]]</COVARIANCE_MATRIX>
		<ROI_SIZE>32</ROI_SIZE>
		<MAX_VALUE>[0.12886187434196472, 0.1669663041830063, 0.21218650043010712, 0.22177113592624664, 0.25307178497314453, 0.17453567683696747]</MAX_VALUE>
		<MIN_VALUE>[0.10274192690849304, 0.11614585667848587, 0.12938666343688965, 0.11136221885681152, 0.039819590747356415, 0.027791228145360947]</MIN_VALUE>
		<SIGNATURE_THRESHOLD_MD>0</SIGNATURE_THRESHOLD_MD>
		<SIGNATURE_THRESHOLD_ML>0</SIGNATURE_THRESHOLD_ML>
		<SIGNATURE_THRESHOLD_SAM>0</SIGNATURE_THRESHOLD_SAM>
	</signature>
	<signature ID="20220209_114157055192_222">
		<MACROCLASSID>1</MACROCLASSID>
		<MACROCLASSINFO>waterbody</MACROCLASSINFO>
		<CLASSID>6</CLASSID>
		<CLASSINFO>C 1</CLASSINFO>
		<VALUES>[0.08167148696688506, 0.006966740207528498, 0.07251154975249217, 0.011947108135580338, 0.06489834891488919, 0.016657238820884202, 0.06285925990400405, 0.03900853913609211, 0.05613816633390691, 0.03865472102203126, 0.04116509697185112, 0.03165486075580898]</VALUES>
		<LCS_MIN>[0.07387251406908035, 0.06233596056699753, 0.04658684879541397, 0.025105250999331474, 0.01982719637453556, 0.015030844137072563]</LCS_MIN>
		<LCS_MAX>[0.10411666333675385, 0.10717753320932388, 0.11558670550584793, 0.16311639547348022, 0.16865944862365723, 0.12668421864509583]</LCS_MAX>
		<WAVELENGTH>[1.0, 2.0, 3.0, 4.0, 5.0, 6.0]</WAVELENGTH>
		<MEAN_VALUE>[0.08167148696688506, 0.07251154975249217, 0.06489834891488919, 0.06285925990400405, 0.05613816633390691, 0.04116509697185112]</MEAN_VALUE>
		<CHECKBOX>2</CHECKBOX>
		<SD>[0.006966740207528498, 0.011947108135580338, 0.016657238820884202, 0.03900853913609211, 0.03865472102203126, 0.03165486075580898]</SD>
		<WAVELENGTH_UNIT>E-6m</WAVELENGTH_UNIT>
		<COLOR>#3b34a3</COLOR>
		<COVARIANCE_MATRIX>[[4.9487144984276425e-05, 8.024884898656343e-05, 0.00011358879608236916, 0.00023865063016516167, 0.0002560335050803043, 0.0002076051309509504], [8.024884898656343e-05, 0.00014553208677978426, 0.00019715815468091072, 0.00042192179140932736, 0.00043486374024064505, 0.00035770872406565377], [0.00011358879608236916, 0.00019715815468091072, 0.00028290406798177516, 0.0006099980079694286, 0.0006110040923485733, 0.0004943815294844396], [0.00023865063016516167, 0.00042192179140932736, 0.0006099980079694286, 0.0015515027162287362, 0.0013299993381556492, 0.001110292729609442], [0.0002560335050803043, 0.00043486374024064505, 0.0006110040923485733, 0.0013299993381556492, 0.0015234852505712827, 0.0012143515542804794], [0.0002076051309509504, 0.00035770872406565377, 0.0004943815294844396, 0.001110292729609442, 0.0012143515542804794, 0.0010216778606357273]]</COVARIANCE_MATRIX>
		<ROI_SIZE>52</ROI_SIZE>
		<MAX_VALUE>[0.10411666333675385, 0.10717753320932388, 0.11558670550584793, 0.16311639547348022, 0.16865944862365723, 0.12668421864509583]</MAX_VALUE>
		<MIN_VALUE>[0.07387251406908035, 0.06233596056699753, 0.04658684879541397, 0.025105250999331474, 0.01982719637453556, 0.015030844137072563]</MIN_VALUE>
		<SIGNATURE_THRESHOLD_MD>0</SIGNATURE_THRESHOLD_MD>
		<SIGNATURE_THRESHOLD_ML>0</SIGNATURE_THRESHOLD_ML>
		<SIGNATURE_THRESHOLD_SAM>0</SIGNATURE_THRESHOLD_SAM>
	</signature>
	<signature ID="20220209_114230941359_385">
		<MACROCLASSID>1</MACROCLASSID>
		<MACROCLASSINFO>waterbody</MACROCLASSINFO>
		<CLASSID>7</CLASSID>
		<CLASSINFO>C 1</CLASSINFO>
		<VALUES>[0.11438788005283901, 0.0017189503982346576, 0.1331002441900117, 0.0036340522108272485, 0.15107233737196243, 0.00425754707963564, 0.0932236084980624, 0.011527467163486979, 0.0385184966426875, 0.019199149270897633, 0.03089018094220332, 0.01491394075369279]</VALUES>
		<LCS_MIN>[0.10961558669805527, 0.1191352903842926, 0.13490664958953857, 0.07685942202806473, 0.008720312267541885, 0.011840748600661755]</LCS_MIN>
		<LCS_MAX>[0.11786399036645889, 0.13707192242145538, 0.15698660910129547, 0.1217130497097969, 0.07980438321828842, 0.06607238948345184]</LCS_MAX>
		<WAVELENGTH>[1.0, 2.0, 3.0, 4.0, 5.0, 6.0]</WAVELENGTH>
		<MEAN_VALUE>[0.11438788005283901, 0.1331002441900117, 0.15107233737196243, 0.0932236084980624, 0.0385184966426875, 0.03089018094220332]</MEAN_VALUE>
		<CHECKBOX>2</CHECKBOX>
		<SD>[0.0017189503982346576, 0.0036340522108272485, 0.00425754707963564, 0.011527467163486979, 0.019199149270897633, 0.01491394075369279]</SD>
		<WAVELENGTH_UNIT>E-6m</WAVELENGTH_UNIT>
		<COLOR>#9ff0ea</COLOR>
		<COVARIANCE_MATRIX>[[2.997613521903998e-06, 3.623845429346877e-06, 4.713366592028034e-06, -8.00945587313047e-06, -1.715756617398111e-05, -1.322379681238359e-05], [3.623845429346877e-06, 1.3397731637265084e-05, 1.2880196902018172e-05, -2.584794680922046e-05, -4.893617320634763e-05, -3.464377677985507e-05], [4.713366592028034e-06, 1.2880196902018172e-05, 1.8389413035825702e-05, -2.6024904616866235e-05, -4.9834908941780875e-05, -3.6148283683827385e-05], [-8.00945587313047e-06, -2.584794680922046e-05, -2.6024904616866235e-05, 0.0001348083325270861, 0.00018888306676736002, 0.00014523859420079928], [-1.715756617398111e-05, -4.893617320634763e-05, -4.9834908941780875e-05, 0.00018888306676736002, 0.0003739494679831105, 0.00027337393385827016], [-1.322379681238359e-05, -3.464377677985507e-05, -3.6148283683827385e-05, 0.00014523859420079928, 0.00027337393385827016, 0.0002256491886424071]]</COVARIANCE_MATRIX>
		<ROI_SIZE>70</ROI_SIZE>
		<MAX_VALUE>[0.11786399036645889, 0.13707192242145538, 0.15698660910129547, 0.1217130497097969, 0.07980438321828842, 0.06607238948345184]</MAX_VALUE>
		<MIN_VALUE>[0.10961558669805527, 0.1191352903842926, 0.13490664958953857, 0.07685942202806473, 0.008720312267541885, 0.011840748600661755]</MIN_VALUE>
		<SIGNATURE_THRESHOLD_MD>0</SIGNATURE_THRESHOLD_MD>
		<SIGNATURE_THRESHOLD_ML>0</SIGNATURE_THRESHOLD_ML>
		<SIGNATURE_THRESHOLD_SAM>0</SIGNATURE_THRESHOLD_SAM>
	</signature>
	<signature ID="20220209_114239149468_275">
		<MACROCLASSID>1</MACROCLASSID>
		<MACROCLASSINFO>waterbody</MACROCLASSINFO>
		<CLASSID>8</CLASSID>
		<CLASSINFO>C 1</CLASSINFO>
		<VALUES>[0.1032918224732081, 0.002693913910101004, 0.13786910126606625, 0.009292405190158164, 0.1759385665257772, 0.014495148666132877, 0.11159223566452663, 0.022553553891916208, 0.09846393999954065, 0.048517640251975726, 0.07968346799413362, 0.038729867421884265]</VALUES>
		<LCS_MIN>[0.09861773252487183, 0.11315641552209854, 0.13766665756702423, 0.08030971139669418, 0.030934082344174385, 0.024601133540272713]</LCS_MIN>
		<LCS_MAX>[0.10961558669805527, 0.1490296870470047, 0.19010652601718903, 0.14931528270244598, 0.19531598687171936, 0.15539509057998657]</LCS_MAX>
		<WAVELENGTH>[1.0, 2.0, 3.0, 4.0, 5.0, 6.0]</WAVELENGTH>
		<MEAN_VALUE>[0.1032918224732081, 0.13786910126606625, 0.1759385665257772, 0.11159223566452663, 0.09846393999954065, 0.07968346799413362]</MEAN_VALUE>
		<CHECKBOX>2</CHECKBOX>
		<SD>[0.002693913910101004, 0.009292405190158164, 0.014495148666132877, 0.022553553891916208, 0.048517640251975726, 0.038729867421884265]</SD>
		<WAVELENGTH_UNIT>E-6m</WAVELENGTH_UNIT>
		<COLOR>#c073ea</COLOR>
		<COVARIANCE_MATRIX>[[7.775541594681084e-06, -2.5245240819715156e-06, -5.2035412655309926e-06, 3.0017752531975795e-05, 6.993202772153916e-05, 4.64866226294578e-05], [-2.5245240819715156e-06, 9.251656523365527e-05, 0.00014116778302058512, -0.00015859607332450676, -0.0003607780430591031, -0.00027388189218540364], [-5.2035412655309926e-06, 0.00014116778302058512, 0.00022511714448567166, -0.00026858681067630047, -0.0006026759343822141, -0.0004681974875451182], [3.0017752531975795e-05, -0.00015859607332450676, -0.00026858681067630047, 0.0005449958498095379, 0.0011154942678443531, 0.0009235688091069133], [6.993202772153916e-05, -0.0003607780430591031, -0.0006026759343822141, 0.0011154942678443531, 0.002522101516735858, 0.0019059397525591725], [4.64866226294578e-05, -0.00027388189218540364, -0.0004681974875451182, 0.0009235688091069133, 0.0019059397525591725, 0.0016071456755536416]]</COVARIANCE_MATRIX>
		<ROI_SIZE>15</ROI_SIZE>
		<MAX_VALUE>[0.10961558669805527, 0.1490296870470047, 0.19010652601718903, 0.14931528270244598, 0.19531598687171936, 0.15539509057998657]</MAX_VALUE>
		<MIN_VALUE>[0.09861773252487183, 0.11315641552209854, 0.13766665756702423, 0.08030971139669418, 0.030934082344174385, 0.024601133540272713]</MIN_VALUE>
		<SIGNATURE_THRESHOLD_MD>0</SIGNATURE_THRESHOLD_MD>
		<SIGNATURE_THRESHOLD_ML>0</SIGNATURE_THRESHOLD_ML>
		<SIGNATURE_THRESHOLD_SAM>0</SIGNATURE_THRESHOLD_SAM>
	</signature>
	<signature ID="20220209_114249303905_430">
		<MACROCLASSID>1</MACROCLASSID>
		<MACROCLASSINFO>waterbody</MACROCLASSINFO>
		<CLASSID>9</CLASSID>
		<CLASSINFO>C 1</CLASSINFO>
		<VALUES>[0.11247962061315774, 0.005411122823897598, 0.1567523920287689, 0.004640585181266578, 0.22552646261950332, 0.01602751960822816, 0.21328920188049474, 0.011528746008387422, 0.10257348557934165, 0.07428407948751319, 0.08627633928942183, 0.05649614639300131]</VALUES>
		<LCS_MIN>[0.10686612874269485, 0.1490296870470047, 0.19562652707099915, 0.1907186359167099, 0.024269949644804, 0.02141103520989418]</LCS_MIN>
		<LCS_MAX>[0.13023661077022552, 0.16397687792778015, 0.24530643224716187, 0.24592307209968567, 0.25973591208457947, 0.19686634838581085]</LCS_MAX>
		<WAVELENGTH>[1.0, 2.0, 3.0, 4.0, 5.0, 6.0]</WAVELENGTH>
		<MEAN_VALUE>[0.11247962061315774, 0.1567523920287689, 0.22552646261950332, 0.21328920188049474, 0.10257348557934165, 0.08627633928942183]</MEAN_VALUE>
		<CHECKBOX>2</CHECKBOX>
		<SD>[0.005411122823897598, 0.004640585181266578, 0.01602751960822816, 0.011528746008387422, 0.07428407948751319, 0.05649614639300131]</SD>
		<WAVELENGTH_UNIT>E-6m</WAVELENGTH_UNIT>
		<COLOR>#4d05bf</COLOR>
		<COVARIANCE_MATRIX>[[3.055330457249272e-05, -8.785189677366492e-06, -6.296272078631019e-05, 4.019703861471012e-05, 0.0003577597398865975, 0.00026109833742741525], [-8.785189677366492e-06, 2.2471336512616636e-05, 6.72023841290282e-05, -2.268418907784222e-05, -0.00024122940806460517, -0.00017691069423115204], [-6.296272078631019e-05, 6.72023841290282e-05, 0.0002680501406526657, -0.00011420396649205622, -0.0011134407422777467, -0.0008137283226635257], [4.019703861471012e-05, -2.268418907784222e-05, -0.00011420396649205622, 0.00013869076646181802, 0.0007263653413631654, 0.0004640368344317181], [0.0003577597398865975, -0.00024122940806460517, -0.0011134407422777467, 0.0007263653413631654, 0.00575804292032053, 0.004050344007927724], [0.00026109833742741525, -0.00017691069423115204, -0.0008137283226635257, 0.0004640368344317181, 0.004050344007927724, 0.003330589103227237]]</COVARIANCE_MATRIX>
		<ROI_SIZE>24</ROI_SIZE>
		<MAX_VALUE>[0.13023661077022552, 0.16397687792778015, 0.24530643224716187, 0.24592307209968567, 0.25973591208457947, 0.19686634838581085]</MAX_VALUE>
		<MIN_VALUE>[0.10686612874269485, 0.1490296870470047, 0.19562652707099915, 0.1907186359167099, 0.024269949644804, 0.02141103520989418]</MIN_VALUE>
		<SIGNATURE_THRESHOLD_MD>0</SIGNATURE_THRESHOLD_MD>
		<SIGNATURE_THRESHOLD_ML>0</SIGNATURE_THRESHOLD_ML>
		<SIGNATURE_THRESHOLD_SAM>0</SIGNATURE_THRESHOLD_SAM>
	</signature>
	<signature ID="20220209_114257552931_293">
		<MACROCLASSID>1</MACROCLASSID>
		<MACROCLASSINFO>waterbody</MACROCLASSINFO>
		<CLASSID>10</CLASSID>
		<CLASSINFO>C 1</CLASSINFO>
		<VALUES>[0.11378561680515607, 0.004552333046260587, 0.1396627681950728, 0.009381735131713403, 0.16057460357745493, 0.013617527143674424, 0.1318338684737682, 0.04586780417387761, 0.09520592167973521, 0.0638504096868263, 0.07170822725941735, 0.04704127692018063]</VALUES>
		<LCS_MIN>[0.10549139231443405, 0.11614585667848587, 0.13490664958953857, 0.08030971139669418, 0.022048573940992355, 0.02141103520989418]</LCS_MIN>
		<LCS_MAX>[0.13161134719848633, 0.16098742187023163, 0.21218650043010712, 0.21142031252384186, 0.23530077934265137, 0.1681554913520813]</LCS_MAX>
		<WAVELENGTH>[1.0, 2.0, 3.0, 4.0, 5.0, 6.0]</WAVELENGTH>
		<MEAN_VALUE>[0.11378561680515607, 0.1396627681950728, 0.16057460357745493, 0.1318338684737682, 0.09520592167973521, 0.07170822725941735]</MEAN_VALUE>
		<CHECKBOX>2</CHECKBOX>
		<SD>[0.004552333046260587, 0.009381735131713403, 0.013617527143674424, 0.04586780417387761, 0.0638504096868263, 0.04704127692018063]</SD>
		<WAVELENGTH_UNIT>E-6m</WAVELENGTH_UNIT>
		<COLOR>#bcbdc4</COLOR>
		<COVARIANCE_MATRIX>[[2.1438347755940903e-05, 3.7006028891197124e-05, 5.700547008600627e-05, 2.464359235234963e-06, -2.9267304792789165e-05, -8.282055372219349e-06], [3.7006028891197124e-05, 9.105202146375056e-05, 9.024707268038763e-05, -2.676997456532791e-05, -0.00017752712783975804, -0.00012066527169611203], [5.700547008600627e-05, 9.024707268038763e-05, 0.00019183142638832073, -4.643162640596006e-05, 3.3819874026580474e-07, 4.617884548644673e-05], [2.464359235234963e-06, -2.676997456532791e-05, -4.643162640596006e-05, 0.0021764021997239835, 0.0026108717872959024, 0.0018679292094810106], [-2.9267304792789165e-05, -0.00017752712783975804, 3.3819874026580474e-07, 0.0026108717872959024, 0.004217456707422996, 0.003044597405515365], [-8.282055372219349e-06, -0.00012066527169611203, 4.617884548644673e-05, 0.0018679292094810106, 0.003044597405515365, 0.0022891880009804676]]</COVARIANCE_MATRIX>
		<ROI_SIZE>30</ROI_SIZE>
		<MAX_VALUE>[0.13161134719848633, 0.16098742187023163, 0.21218650043010712, 0.21142031252384186, 0.23530077934265137, 0.1681554913520813]</MAX_VALUE>
		<MIN_VALUE>[0.10549139231443405, 0.11614585667848587, 0.13490664958953857, 0.08030971139669418, 0.022048573940992355, 0.02141103520989418]</MIN_VALUE>
		<SIGNATURE_THRESHOLD_MD>0</SIGNATURE_THRESHOLD_MD>
		<SIGNATURE_THRESHOLD_ML>0</SIGNATURE_THRESHOLD_ML>
		<SIGNATURE_THRESHOLD_SAM>0</SIGNATURE_THRESHOLD_SAM>
	</signature>
	<signature ID="20220209_114339216551_408">
		<MACROCLASSID>1</MACROCLASSID>
		<MACROCLASSINFO>waterbody</MACROCLASSINFO>
		<CLASSID>11</CLASSID>
		<CLASSINFO>C 1</CLASSINFO>
		<VALUES>[0.10128913612959889, 0.00335406810798186, 0.09475769415168729, 0.004285408963371999, 0.08693325808653701, 0.005569421731832585, 0.08657898269711224, 0.015828241635364143, 0.04966512388235386, 0.015117576580874727, 0.03601302477393053, 0.01246172754402813]</VALUES>
		<LCS_MIN>[0.09449351578950882, 0.08625147491693497, 0.07694678753614426, 0.05960804224014282, 0.024269949644804, 0.018220940604805946]</LCS_MIN>
		<LCS_MAX>[0.11373978853225708, 0.11016695946455002, 0.10730671882629395, 0.12861360609531403, 0.08646850287914276, 0.06926248967647552]</LCS_MAX>
		<WAVELENGTH>[1.0, 2.0, 3.0, 4.0, 5.0, 6.0]</WAVELENGTH>
		<MEAN_VALUE>[0.10128913612959889, 0.09475769415168729, 0.08693325808653701, 0.08657898269711224, 0.04966512388235386, 0.03601302477393053]</MEAN_VALUE>
		<CHECKBOX>2</CHECKBOX>
		<SD>[0.00335406810798186, 0.004285408963371999, 0.005569421731832585, 0.015828241635364143, 0.015117576580874727, 0.01246172754402813]</SD>
		<WAVELENGTH_UNIT>E-6m</WAVELENGTH_UNIT>
		<COLOR>#66bdde</COLOR>
		<COVARIANCE_MATRIX>[[1.1089427721783308e-05, 1.0711184854554538e-05, 1.5523946348181138e-05, 2.7767301167166056e-05, 3.2943649515812966e-05, 2.9936633784155815e-05], [1.0711184854554538e-05, 2.0110132333242016e-05, 2.0831208582092066e-05, 3.84542783899314e-05, 4.342261695115934e-05, 3.840785999048704e-05], [1.5523946348181138e-05, 2.0831208582092066e-05, 3.3458175994138226e-05, 5.7306028980133265e-05, 6.613779466173032e-05, 5.860010100608368e-05], [2.7767301167166056e-05, 3.84542783899314e-05, 5.7306028980133265e-05, 0.0002515474562192674, 0.00020179281964418565, 0.00014996721859803012], [3.2943649515812966e-05, 4.342261695115934e-05, 6.613779466173032e-05, 0.00020179281964418565, 0.00023542283661469077, 0.0001807825316332189], [2.9936633784155815e-05, 3.840785999048704e-05, 5.860010100608368e-05, 0.00014996721859803012, 0.0001807825316332189, 0.00016389200743261405]]</COVARIANCE_MATRIX>
		<ROI_SIZE>787</ROI_SIZE>
		<MAX_VALUE>[0.11373978853225708, 0.11016695946455002, 0.10730671882629395, 0.12861360609531403, 0.08646850287914276, 0.06926248967647552]</MAX_VALUE>
		<MIN_VALUE>[0.09449351578950882, 0.08625147491693497, 0.07694678753614426, 0.05960804224014282, 0.024269949644804, 0.018220940604805946]</MIN_VALUE>
		<SIGNATURE_THRESHOLD_MD>0</SIGNATURE_THRESHOLD_MD>
		<SIGNATURE_THRESHOLD_ML>0</SIGNATURE_THRESHOLD_ML>
		<SIGNATURE_THRESHOLD_SAM>0</SIGNATURE_THRESHOLD_SAM>
	</signature>
	<signature ID="20220209_114351345208_746">
		<MACROCLASSID>1</MACROCLASSID>
		<MACROCLASSINFO>waterbody</MACROCLASSINFO>
		<CLASSID>12</CLASSID>
		<CLASSINFO>C 1</CLASSINFO>
		<VALUES>[0.10069267862589557, 0.003369334717904423, 0.09418605355041054, 0.004562222018696226, 0.08736769301451253, 0.005549677853924962, 0.08455000309465088, 0.013609905450954543, 0.04733490164034834, 0.014730706410331027, 0.03375402715701228, 0.012982681787691852]</VALUES>
		<LCS_MIN>[0.09449351578950882, 0.08625147491693497, 0.07694678753614426, 0.056157760322093964, 0.024269949644804, 0.008650650270283222]</LCS_MIN>
		<LCS_MAX>[0.11373978853225708, 0.11016695946455002, 0.10730671882629395, 0.11826276779174805, 0.07536163181066513, 0.0724525898694992]</LCS_MAX>
		<WAVELENGTH>[1.0, 2.0, 3.0, 4.0, 5.0, 6.0]</WAVELENGTH>
		<MEAN_VALUE>[0.10069267862589557, 0.09418605355041054, 0.08736769301451253, 0.08455000309465088, 0.04733490164034834, 0.03375402715701228]</MEAN_VALUE>
		<CHECKBOX>2</CHECKBOX>
		<SD>[0.003369334717904423, 0.004562222018696226, 0.005549677853924962, 0.013609905450954543, 0.014730706410331027, 0.012982681787691852]</SD>
		<WAVELENGTH_UNIT>E-6m</WAVELENGTH_UNIT>
		<COLOR>#86b0b5</COLOR>
		<COVARIANCE_MATRIX>[[1.1405714171047326e-05, 1.0895302709900835e-05, 1.4864358549865437e-05, 2.723542342521104e-05, 3.6075450726442595e-05, 3.181591092635044e-05], [1.0895302709900835e-05, 2.091158744622349e-05, 2.0235901936131208e-05, 3.520180895008883e-05, 4.1943924469874095e-05, 3.7041278131661684e-05], [1.4864358549865437e-05, 2.0235901936131208e-05, 3.094352017099469e-05, 5.338061331015541e-05, 6.347995225308211e-05, 5.397369372454889e-05], [2.723542342521104e-05, 3.520180895008883e-05, 5.338061331015541e-05, 0.000186099148573518, 0.00017977893849689984, 0.00013887131517950616], [3.6075450726442595e-05, 4.1943924469874095e-05, 6.347995225308211e-05, 0.00017977893849689984, 0.00021801246116589983, 0.00017076341219823333], [3.181591092635044e-05, 3.7041278131661684e-05, 5.397369372454889e-05, 0.00013887131517950616, 0.00017076341219823333, 0.00016934134107840225]]</COVARIANCE_MATRIX>
		<ROI_SIZE>214</ROI_SIZE>
		<MAX_VALUE>[0.11373978853225708, 0.11016695946455002, 0.10730671882629395, 0.11826276779174805, 0.07536163181066513, 0.0724525898694992]</MAX_VALUE>
		<MIN_VALUE>[0.09449351578950882, 0.08625147491693497, 0.07694678753614426, 0.056157760322093964, 0.024269949644804, 0.008650650270283222]</MIN_VALUE>
		<SIGNATURE_THRESHOLD_MD>0</SIGNATURE_THRESHOLD_MD>
		<SIGNATURE_THRESHOLD_ML>0</SIGNATURE_THRESHOLD_ML>
		<SIGNATURE_THRESHOLD_SAM>0</SIGNATURE_THRESHOLD_SAM>
	</signature>
	<signature ID="20220209_114359664668_508">
		<MACROCLASSID>1</MACROCLASSID>
		<MACROCLASSINFO>waterbody</MACROCLASSINFO>
		<CLASSID>13</CLASSID>
		<CLASSINFO>C 1</CLASSINFO>
		<VALUES>[0.10288513087046647, 0.00562101216990996, 0.09665222268085924, 0.00669125618939295, 0.09030112631929416, 0.009053614627911401, 0.09614145507415138, 0.019400620380868393, 0.05695427267346529, 0.018050286165300373, 0.042080204895076634, 0.015212162507182806]</VALUES>
		<LCS_MIN>[0.09449351578950882, 0.08027258515357971, 0.06866680830717087, 0.06305830925703049, 0.022048573940992355, 0.015030844137072563]</LCS_MIN>
		<LCS_MAX>[0.12473765760660172, 0.1191352903842926, 0.12110668420791626, 0.14586500823497772, 0.0931326374411583, 0.08521297574043274]</LCS_MAX>
		<WAVELENGTH>[1.0, 2.0, 3.0, 4.0, 5.0, 6.0]</WAVELENGTH>
		<MEAN_VALUE>[0.10288513087046647, 0.09665222268085924, 0.09030112631929416, 0.09614145507415138, 0.05695427267346529, 0.042080204895076634]</MEAN_VALUE>
		<CHECKBOX>2</CHECKBOX>
		<SD>[0.00562101216990996, 0.00669125618939295, 0.009053614627911401, 0.019400620380868393, 0.018050286165300373, 0.015212162507182806]</SD>
		<WAVELENGTH_UNIT>E-6m</WAVELENGTH_UNIT>
		<COLOR>#78effb</COLOR>
		<COVARIANCE_MATRIX>[[2.4498681266921536e-05, 2.471624211995456e-05, 3.4092649373356836e-05, 4.273234749385771e-05, 6.309623401011483e-05, 5.5909341368777494e-05], [2.471624211995456e-05, 3.9823805970828856e-05, 4.8552321653289736e-05, 5.589873970055963e-05, 6.702387056463065e-05, 6.098488030627772e-05], [3.4092649373356836e-05, 4.8552321653289736e-05, 6.989735095846288e-05, 7.76995446240858e-05, 9.63402058202456e-05, 8.893074569421211e-05], [4.273234749385771e-05, 5.589873970055963e-05, 7.76995446240858e-05, 0.00030684888020376065, 0.00026776050939128693, 0.0002006921373397205], [6.309623401011483e-05, 6.702387056463065e-05, 9.63402058202456e-05, 0.00026776050939128693, 0.00034126385631963143, 0.00026672848853618697], [5.5909341368777494e-05, 6.098488030627772e-05, 8.893074569421211e-05, 0.0002006921373397205, 0.00026672848853618697, 0.0002464207377507092]]</COVARIANCE_MATRIX>
		<ROI_SIZE>427</ROI_SIZE>
		<MAX_VALUE>[0.12473765760660172, 0.1191352903842926, 0.12110668420791626, 0.14586500823497772, 0.0931326374411583, 0.08521297574043274]</MAX_VALUE>
		<MIN_VALUE>[0.09449351578950882, 0.08027258515357971, 0.06866680830717087, 0.06305830925703049, 0.022048573940992355, 0.015030844137072563]</MIN_VALUE>
		<SIGNATURE_THRESHOLD_MD>0</SIGNATURE_THRESHOLD_MD>
		<SIGNATURE_THRESHOLD_ML>0</SIGNATURE_THRESHOLD_ML>
		<SIGNATURE_THRESHOLD_SAM>0</SIGNATURE_THRESHOLD_SAM>
	</signature>
	<signature ID="20220209_114409146309_143">
		<MACROCLASSID>1</MACROCLASSID>
		<MACROCLASSINFO>waterbody</MACROCLASSINFO>
		<CLASSID>14</CLASSID>
		<CLASSINFO>C 1</CLASSINFO>
		<VALUES>[0.0993420146119869, 0.004409915320019724, 0.09346129175494695, 0.006282179183828831, 0.08817028589641952, 0.008363407301372366, 0.1008878400563584, 0.018161434255861482, 0.054221610717303935, 0.018742128694437435, 0.03815292508896353, 0.015292305687808639]</VALUES>
		<LCS_MIN>[0.088994599878788, 0.08027258515357971, 0.06866680830717087, 0.0699588730931282, 0.024269949644804, 0.015030844137072563]</LCS_MIN>
		<LCS_MAX>[0.11923874169588089, 0.11614585667848587, 0.12110668420791626, 0.14241471886634827, 0.09757539629936218, 0.08521297574043274]</LCS_MAX>
		<WAVELENGTH>[1.0, 2.0, 3.0, 4.0, 5.0, 6.0]</WAVELENGTH>
		<MEAN_VALUE>[0.0993420146119869, 0.09346129175494695, 0.08817028589641952, 0.1008878400563584, 0.054221610717303935, 0.03815292508896353]</MEAN_VALUE>
		<CHECKBOX>2</CHECKBOX>
		<SD>[0.004409915320019724, 0.006282179183828831, 0.008363407301372366, 0.018161434255861482, 0.018742128694437435, 0.015292305687808639]</SD>
		<WAVELENGTH_UNIT>E-6m</WAVELENGTH_UNIT>
		<COLOR>#25415d</COLOR>
		<COVARIANCE_MATRIX>[[1.9497218137769587e-05, 2.47336938748189e-05, 3.397609878149486e-05, 3.257460245984357e-05, 4.5825967076254935e-05, 4.654166121322402e-05], [2.47336938748189e-05, 3.956696959336751e-05, 4.864379549721482e-05, 4.220343482787817e-05, 6.128444100688877e-05, 6.433677088348613e-05], [3.397609878149486e-05, 4.864379549721482e-05, 7.01259318981067e-05, 5.7623152457725305e-05, 8.562051924642126e-05, 8.950373723746734e-05], [3.257460245984357e-05, 4.220343482787817e-05, 5.7623152457725305e-05, 0.0003306834319074917, 0.0002793125626886433, 0.00019184076644911618], [4.5825967076254935e-05, 6.128444100688877e-05, 8.562051924642126e-05, 0.0002793125626886433, 0.00035216807360910886, 0.0002668688892955316], [4.654166121322402e-05, 6.433677088348613e-05, 8.950373723746734e-05, 0.00019184076644911618, 0.0002668688892955316, 0.00023445424046284445]]</COVARIANCE_MATRIX>
		<ROI_SIZE>391</ROI_SIZE>
		<MAX_VALUE>[0.11923874169588089, 0.11614585667848587, 0.12110668420791626, 0.14241471886634827, 0.09757539629936218, 0.08521297574043274]</MAX_VALUE>
		<MIN_VALUE>[0.088994599878788, 0.08027258515357971, 0.06866680830717087, 0.0699588730931282, 0.024269949644804, 0.015030844137072563]</MIN_VALUE>
		<SIGNATURE_THRESHOLD_MD>0</SIGNATURE_THRESHOLD_MD>
		<SIGNATURE_THRESHOLD_ML>0</SIGNATURE_THRESHOLD_ML>
		<SIGNATURE_THRESHOLD_SAM>0</SIGNATURE_THRESHOLD_SAM>
	</signature>
	<signature ID="20220209_114429919411_216">
		<MACROCLASSID>1</MACROCLASSID>
		<MACROCLASSINFO>waterbody</MACROCLASSINFO>
		<CLASSID>15</CLASSID>
		<CLASSINFO>C 1</CLASSINFO>
		<VALUES>[0.09845816184367455, 0.004502667403156929, 0.0949261786549219, 0.007642091463286481, 0.08995818020775916, 0.009740110418013948, 0.09987155560936246, 0.01722295666811252, 0.05947480826372544, 0.01800551558631165, 0.043485365791379356, 0.01545362517393034]</VALUES>
		<LCS_MIN>[0.08624511957168579, 0.07429371774196625, 0.06314681470394135, 0.0699588730931282, 0.028712701052427292, 0.015030844137072563]</LCS_MIN>
		<LCS_MAX>[0.11236506700515747, 0.1191352903842926, 0.12110668420791626, 0.13896444439888, 0.09757539629936218, 0.08840307593345642]</LCS_MAX>
		<WAVELENGTH>[1.0, 2.0, 3.0, 4.0, 5.0, 6.0]</WAVELENGTH>
		<MEAN_VALUE>[0.09845816184367455, 0.0949261786549219, 0.08995818020775916, 0.09987155560936246, 0.05947480826372544, 0.043485365791379356]</MEAN_VALUE>
		<CHECKBOX>2</CHECKBOX>
		<SD>[0.004502667403156929, 0.007642091463286481, 0.009740110418013948, 0.01722295666811252, 0.01800551558631165, 0.01545362517393034]</SD>
		<WAVELENGTH_UNIT>E-6m</WAVELENGTH_UNIT>
		<COLOR>#d7373d</COLOR>
		<COVARIANCE_MATRIX>[[2.7819970253721827e-05, 4.0770068134393815e-05, 5.266886518600331e-05, 1.4365291835494966e-05, 3.93787381669373e-05, 5.0506355083346394e-05], [4.0770068134393815e-05, 7.427403116596952e-05, 8.900835487298831e-05, 1.5488629904345735e-06, 3.827326559011132e-05, 6.411503490806082e-05], [5.266886518600331e-05, 8.900835487298831e-05, 0.0001199351157521811, 1.7018530308544333e-05, 7.119631048764766e-05, 9.859912153541464e-05], [1.4365291835494966e-05, 1.5488629904345735e-06, 1.7018530308544333e-05, 0.000366118225602614, 0.00031456008312972914, 0.00020872370668440296], [3.93787381669373e-05, 3.827326559011132e-05, 7.119631048764766e-05, 0.00031456008312972914, 0.0003924502940186399, 0.0002925435304672152], [5.0506355083346394e-05, 6.411503490806082e-05, 9.859912153541464e-05, 0.00020872370668440296, 0.0002925435304672152, 0.0002693013133317985]]</COVARIANCE_MATRIX>
		<ROI_SIZE>429</ROI_SIZE>
		<MAX_VALUE>[0.11236506700515747, 0.1191352903842926, 0.12110668420791626, 0.13896444439888, 0.09757539629936218, 0.08840307593345642]</MAX_VALUE>
		<MIN_VALUE>[0.08624511957168579, 0.07429371774196625, 0.06314681470394135, 0.0699588730931282, 0.028712701052427292, 0.015030844137072563]</MIN_VALUE>
		<SIGNATURE_THRESHOLD_MD>0</SIGNATURE_THRESHOLD_MD>
		<SIGNATURE_THRESHOLD_ML>0</SIGNATURE_THRESHOLD_ML>
		<SIGNATURE_THRESHOLD_SAM>0</SIGNATURE_THRESHOLD_SAM>
	</signature>
	<signature ID="20220209_114440093450_931">
		<MACROCLASSID>1</MACROCLASSID>
		<MACROCLASSINFO>waterbody</MACROCLASSINFO>
		<CLASSID>16</CLASSID>
		<CLASSINFO>C 1</CLASSINFO>
		<VALUES>[0.10311425296175812, 0.00506204078378356, 0.10009838014634119, 0.007371140940344533, 0.09793423276601566, 0.009562110126049236, 0.09384725905126994, 0.01762158500010424, 0.06385365394978888, 0.02047113538618739, 0.051318193747041115, 0.01640426693952828]</VALUES>
		<LCS_MIN>[0.09174405038356781, 0.08027258515357971, 0.0741867870092392, 0.05960804224014282, 0.026491327211260796, 0.018220940604805946]</LCS_MIN>
		<LCS_MAX>[0.1219882071018219, 0.1281036138534546, 0.12938666343688965, 0.13206389546394348, 0.10423951596021652, 0.08840307593345642]</LCS_MAX>
		<WAVELENGTH>[1.0, 2.0, 3.0, 4.0, 5.0, 6.0]</WAVELENGTH>
