<?xml version="1.0" ?>
<signaturelist MCID_LIST="[['1', 'waterbody', '#000000'], ['2', 'vegetation', '#000000'], ['3', 'bareland', '#000000'], ['4', 'built-up', '#000000']]">
	<signature ID="20220215_122442329892_856">
		<MACROCLASSID>3</MACROCLASSID>
		<MACROCLASSINFO>bareland</MACROCLASSINFO>
		<CLASSID>1</CLASSID>
		<CLASSINFO>C 1</CLASSINFO>
		<VALUES>[0.14751146132012027, 0.004555910646542616, 0.19796555065376395, 0.008703682377086326, 0.25545418634635514, 0.012687312282408495, 0.33075896022543083, 0.015256082840431971, 0.41111612890182014, 0.018482752775368955, 0.33573032685997256, 0.020078018506180965]</VALUES>
		<LCS_MIN>[0.12748713791370392, 0.1579979956150055, 0.20390650629997253, 0.28042587637901306, 0.37746888399124146, 0.29894939064979553]</LCS_MIN>
		<LCS_MAX>[0.16048075258731842, 0.22077620029449463, 0.2811863422393799, 0.35633203387260437, 0.45521703362464905, 0.3755117654800415]</LCS_MAX>
		<WAVELENGTH>[0.485, 0.56, 0.66, 0.83, 1.65, 2.215]</WAVELENGTH>
		<MEAN_VALUE>[0.14751146132012027, 0.19796555065376395, 0.25545418634635514, 0.33075896022543083, 0.41111612890182014, 0.33573032685997256]</MEAN_VALUE>
		<CHECKBOX>2</CHECKBOX>
		<SD>[0.004555910646542616, 0.008703682377086326, 0.012687312282408495, 0.015256082840431971, 0.018482752775368955, 0.020078018506180965]</SD>
		<WAVELENGTH_UNIT>E-6m</WAVELENGTH_UNIT>
		<COLOR>#3fe633</COLOR>
		<COVARIANCE_MATRIX>[[2.0777246390935034e-05, 3.255966294091195e-05, 3.269360604463145e-05, 2.5607034331187606e-05, 1.3075223250780255e-05, 3.440803311605123e-06], [3.255966294091195e-05, 7.583045226056129e-05, 9.323470294475555e-05, 8.354620513273403e-05, 5.4317199101205915e-05, 4.703500962932594e-05], [3.269360604463145e-05, 9.323470294475555e-05, 0.0001611301559023559, 0.00016710677300579846, 0.00014713869313709438, 0.0001524218823760748], [2.5607034331187606e-05, 8.354620513273403e-05, 0.00016710677300579846, 0.0002329826820641756, 0.00020982083515264094, 0.00021158701565582305], [1.3075223250780255e-05, 5.4317199101205915e-05, 0.00014713869313709438, 0.00020982083515264094, 0.0003419565036892891, 0.00033456593519076705], [3.440803311605123e-06, 4.703500962932594e-05, 0.0001524218823760748, 0.00021158701565582305, 0.00033456593519076705, 0.00040353319491259754]]</COVARIANCE_MATRIX>
		<ROI_SIZE>993</ROI_SIZE>
		<MAX_VALUE>[0.16048075258731842, 0.22077620029449463, 0.2811863422393799, 0.35633203387260437, 0.45521703362464905, 0.3755117654800415]</MAX_VALUE>
		<MIN_VALUE>[0.12748713791370392, 0.1579979956150055, 0.20390650629997253, 0.28042587637901306, 0.37746888399124146, 0.29894939064979553]</MIN_VALUE>
		<SIGNATURE_THRESHOLD_MD>0.0</SIGNATURE_THRESHOLD_MD>
		<SIGNATURE_THRESHOLD_ML>0.0</SIGNATURE_THRESHOLD_ML>
		<SIGNATURE_THRESHOLD_SAM>0.0</SIGNATURE_THRESHOLD_SAM>
	</signature>
	<signature ID="20220215_122507907463_138">
		<MACROCLASSID>3</MACROCLASSID>
		<MACROCLASSINFO>bareland</MACROCLASSINFO>
		<CLASSID>2</CLASSID>
		<CLASSINFO>C 1</CLASSINFO>
		<VALUES>[0.14806646739479395, 0.00639870735446054, 0.19575958474341018, 0.010651048029166563, 0.24819348406952327, 0.013937089408779918, 0.3242682597062885, 0.015966815967052076, 0.40189029700564655, 0.020540324278827776, 0.33691356580020415, 0.019311976191621942]</VALUES>
		<LCS_MIN>[0.12748713791370392, 0.1669663041830063, 0.21770648658275604, 0.29077669978141785, 0.36191922426223755, 0.3053296208381653]</LCS_MIN>
		<LCS_MAX>[0.17422810196876526, 0.23273396492004395, 0.2949863374233246, 0.36668291687965393, 0.4418887794017792, 0.38189199566841125]</LCS_MAX>
		<WAVELENGTH>[0.485, 0.56, 0.66, 0.83, 1.65, 2.215]</WAVELENGTH>
		<MEAN_VALUE>[0.14806646739479395, 0.19575958474341018, 0.24819348406952327, 0.3242682597062885, 0.40189029700564655, 0.33691356580020415]</MEAN_VALUE>
		<CHECKBOX>2</CHECKBOX>
		<SD>[0.00639870735446054, 0.010651048029166563, 0.013937089408779918, 0.015966815967052076, 0.020540324278827776, 0.019311976191621942]</SD>
		<WAVELENGTH_UNIT>E-6m</WAVELENGTH_UNIT>
		<COLOR>#7b5029</COLOR>
		<COVARIANCE_MATRIX>[[4.115895353606902e-05, 5.5459360737586394e-05, 5.318913099472411e-05, 3.8862544897710904e-05, 3.967825978179462e-05, 4.251231803209521e-05], [5.5459360737586394e-05, 0.00011137114051962271, 0.00012799787509720773, 9.415118984179571e-05, 6.649679562542588e-05, 7.944447861518711e-05], [5.318913099472411e-05, 0.00012799787509720773, 0.0001865237281890586, 0.00016230119217652828, 0.00011530801566550508, 0.00012331901234574616], [3.8862544897710904e-05, 9.415118984179571e-05, 0.00016230119217652828, 0.0002715170558076352, 0.00022412743419408798, 0.00017526264127809554], [3.967825978179462e-05, 6.649679562542588e-05, 0.00011530801566550508, 0.00022412743419408798, 0.0004056911275256425, 0.0003305606951471418], [4.251231803209521e-05, 7.944447861518711e-05, 0.00012331901234574616, 0.00017526264127809554, 0.0003305606951471418, 0.0003725994029082358]]</COVARIANCE_MATRIX>
		<ROI_SIZE>3542</ROI_SIZE>
		<MAX_VALUE>[0.17422810196876526, 0.23273396492004395, 0.2949863374233246, 0.36668291687965393, 0.4418887794017792, 0.38189199566841125]</MAX_VALUE>
		<MIN_VALUE>[0.12748713791370392, 0.1669663041830063, 0.21770648658275604, 0.29077669978141785, 0.36191922426223755, 0.3053296208381653]</MIN_VALUE>
		<SIGNATURE_THRESHOLD_MD>0.0</SIGNATURE_THRESHOLD_MD>
		<SIGNATURE_THRESHOLD_ML>0.0</SIGNATURE_THRESHOLD_ML>
		<SIGNATURE_THRESHOLD_SAM>0.0</SIGNATURE_THRESHOLD_SAM>
	</signature>
	<signature ID="20220215_122555258855_609">
		<MACROCLASSID>3</MACROCLASSID>
		<MACROCLASSINFO>bareland</MACROCLASSINFO>
		<CLASSID>3</CLASSID>
		<CLASSINFO>C 1</CLASSINFO>
		<VALUES>[0.13103858535287216, 0.006724734645664003, 0.1537464846743705, 0.010927292846786304, 0.180873210057775, 0.014201273620798201, 0.23978909940989007, 0.014657922068554794, 0.25646020486664894, 0.020103950476341243, 0.2068338702800177, 0.01853487857020036]</VALUES>
		<LCS_MIN>[0.11099032312631607, 0.1191352903842926, 0.14318662881851196, 0.1907186359167099, 0.21752974390983582, 0.1713455766439438]</LCS_MIN>
		<LCS_MAX>[0.1522323489189148, 0.18490292131900787, 0.21770648658275604, 0.26317450404167175, 0.29749929904937744, 0.24790792167186737]</LCS_MAX>
		<WAVELENGTH>[0.485, 0.56, 0.66, 0.83, 1.65, 2.215]</WAVELENGTH>
		<MEAN_VALUE>[0.13103858535287216, 0.1537464846743705, 0.180873210057775, 0.23978909940989007, 0.25646020486664894, 0.2068338702800177]</MEAN_VALUE>
		<CHECKBOX>2</CHECKBOX>
		<SD>[0.006724734645664003, 0.010927292846786304, 0.014201273620798201, 0.014657922068554794, 0.020103950476341243, 0.01853487857020036]</SD>
		<WAVELENGTH_UNIT>E-6m</WAVELENGTH_UNIT>
		<COLOR>#46bbe5</COLOR>
		<COVARIANCE_MATRIX>[[4.5467251766240224e-05, 6.938332808203995e-05, 8.547600009478629e-05, 5.301913188304752e-05, 2.6179732230957597e-05, 4.4155007344670594e-05], [6.938332808203995e-05, 0.00012267818965483457, 0.0001510046422481537, 0.00010405623470433056, 6.464937177952379e-05, 9.080354357138276e-05], [8.547600009478629e-05, 0.0001510046422481537, 0.0002031337353400886, 0.00014179387653712183, 0.00011274688586127013, 0.00014095328515395522], [5.301913188304752e-05, 0.00010405623470433056, 0.00014179387653712183, 0.00021822414419148117, 0.00016982659872155637, 0.00012938138388562948], [2.6179732230957597e-05, 6.464937177952379e-05, 0.00011274688586127013, 0.00016982659872155637, 0.0004060902283526957, 0.0003358422836754471], [4.4155007344670594e-05, 9.080354357138276e-05, 0.00014095328515395522, 0.00012938138388562948, 0.0003358422836754471, 0.00034363273880444467]]</COVARIANCE_MATRIX>
		<ROI_SIZE>4313</ROI_SIZE>
		<MAX_VALUE>[0.1522323489189148, 0.18490292131900787, 0.21770648658275604, 0.26317450404167175, 0.29749929904937744, 0.24790792167186737]</MAX_VALUE>
		<MIN_VALUE>[0.11099032312631607, 0.1191352903842926, 0.14318662881851196, 0.1907186359167099, 0.21752974390983582, 0.1713455766439438]</MIN_VALUE>
		<SIGNATURE_THRESHOLD_MD>0.0</SIGNATURE_THRESHOLD_MD>
		<SIGNATURE_THRESHOLD_ML>0.0</SIGNATURE_THRESHOLD_ML>
		<SIGNATURE_THRESHOLD_SAM>0.0</SIGNATURE_THRESHOLD_SAM>
	</signature>
	<signature ID="20220215_122601810738_659">
		<MACROCLASSID>3</MACROCLASSID>
		<MACROCLASSINFO>bareland</MACROCLASSINFO>
		<CLASSID>4</CLASSID>
		<CLASSINFO>C 1</CLASSINFO>
		<VALUES>[0.12901870302189752, 0.005297139846296449, 0.14992527521281412, 0.008703861002029648, 0.1762739467489144, 0.010849113354719433, 0.24577593251312363, 0.015550858144235452, 0.23750159220974829, 0.01727141955718783, 0.18527807264693102, 0.015449557559254893]</VALUES>
		<LCS_MIN>[0.11511452496051788, 0.13109304010868073, 0.15698660910129547, 0.21832086145877838, 0.18865184485912323, 0.13625450432300568]</LCS_MIN>
		<LCS_MAX>[0.1536071002483368, 0.1789240688085556, 0.20942647755146027, 0.2942270040512085, 0.26862144470214844, 0.21281681954860687]</LCS_MAX>
		<WAVELENGTH>[0.485, 0.56, 0.66, 0.83, 1.65, 2.215]</WAVELENGTH>
		<MEAN_VALUE>[0.12901870302189752, 0.14992527521281412, 0.1762739467489144, 0.24577593251312363, 0.23750159220974829, 0.18527807264693102]</MEAN_VALUE>
		<CHECKBOX>2</CHECKBOX>
		<SD>[0.005297139846296449, 0.008703861002029648, 0.010849113354719433, 0.015550858144235452, 0.01727141955718783, 0.015449557559254893]</SD>
		<WAVELENGTH_UNIT>E-6m</WAVELENGTH_UNIT>
		<COLOR>#6b72ca</COLOR>
		<COVARIANCE_MATRIX>[[2.8316315365373157e-05, 4.213806096231565e-05, 4.801520481123589e-05, 2.2002632249495946e-05, 2.0800440324819647e-05, 3.485250999801792e-05], [4.213806096231565e-05, 7.883615035098046e-05, 8.841553062666208e-05, 5.6331551604671404e-05, 5.5698255891911685e-05, 7.153442857088521e-05], [4.801520481123589e-05, 8.841553062666208e-05, 0.00011718742462107912, 9.121753100771457e-05, 9.144560317508876e-05, 9.361611591884866e-05], [2.2002632249495946e-05, 5.6331551604671404e-05, 9.121753100771457e-05, 0.00022237075609155, 0.0001730258227325976, 8.47614646772854e-05], [2.0800440324819647e-05, 5.5698255891911685e-05, 9.144560317508876e-05, 0.0001730258227325976, 0.00032179011031985283, 0.00024190494150388986], [3.485250999801792e-05, 7.153442857088521e-05, 9.361611591884866e-05, 8.47614646772854e-05, 0.00024190494150388986, 0.0002595160040073097]]</COVARIANCE_MATRIX>
		<ROI_SIZE>3985</ROI_SIZE>
		<MAX_VALUE>[0.1536071002483368, 0.1789240688085556, 0.20942647755146027, 0.2942270040512085, 0.26862144470214844, 0.21281681954860687]</MAX_VALUE>
		<MIN_VALUE>[0.11511452496051788, 0.13109304010868073, 0.15698660910129547, 0.21832086145877838, 0.18865184485912323, 0.13625450432300568]</MIN_VALUE>
		<SIGNATURE_THRESHOLD_MD>0.0</SIGNATURE_THRESHOLD_MD>
		<SIGNATURE_THRESHOLD_ML>0.0</SIGNATURE_THRESHOLD_ML>
		<SIGNATURE_THRESHOLD_SAM>0.0</SIGNATURE_THRESHOLD_SAM>
	</signature>
	<signature ID="20220215_122610289857_426">
		<MACROCLASSID>3</MACROCLASSID>
		<MACROCLASSINFO>bareland</MACROCLASSINFO>
		<CLASSID>5</CLASSID>
		<CLASSINFO>C 1</CLASSINFO>
		<VALUES>[0.1318588420723282, 0.0066564062433167245, 0.1546591022163121, 0.010948779499669518, 0.17646670382177465, 0.013300650276965663, 0.2285833774395161, 0.014916412708697785, 0.20628450093822695, 0.015348300384997194, 0.16797311737523132, 0.013246899459243304]</VALUES>
		<LCS_MIN>[0.11236506700515747, 0.12511415779590607, 0.14594663679599762, 0.1907186359167099, 0.16421669721603394, 0.1490149199962616]</LCS_MIN>
		<LCS_MAX>[0.1522323489189148, 0.1878923922777176, 0.2204664796590805, 0.25627395510673523, 0.24196487665176392, 0.21281681954860687]</LCS_MAX>
		<WAVELENGTH>[0.485, 0.56, 0.66, 0.83, 1.65, 2.215]</WAVELENGTH>
		<MEAN_VALUE>[0.1318588420723282, 0.1546591022163121, 0.17646670382177465, 0.2285833774395161, 0.20628450093822695, 0.16797311737523132]</MEAN_VALUE>
		<CHECKBOX>2</CHECKBOX>
		<SD>[0.0066564062433167245, 0.010948779499669518, 0.013300650276965663, 0.014916412708697785, 0.015348300384997194, 0.013246899459243304]</SD>
		<WAVELENGTH_UNIT>E-6m</WAVELENGTH_UNIT>
		<COLOR>#b2e998</COLOR>
		<COVARIANCE_MATRIX>[[5.0650509365368634e-05, 7.316713890759274e-05, 8.528849866706878e-05, 1.0738486707850825e-05, 2.690562541829422e-05, 6.253938772715628e-05], [7.316713890759274e-05, 0.0001234683149959892, 0.000144624020322226, 4.5932210923638195e-05, 6.309428863460198e-05, 0.00011070079926867038], [8.528849866706878e-05, 0.000144624020322226, 0.00018798120436258614, 7.708132034167647e-05, 0.00010911346907960251, 0.0001549675944261253], [1.0738486707850825e-05, 4.5932210923638195e-05, 7.708132034167647e-05, 0.00020674562256317586, 0.00016934951418079436, 9.546335058985278e-05], [2.690562541829422e-05, 6.309428863460198e-05, 0.00010911346907960251, 0.00016934951418079436, 0.0002580593863967806, 0.0001975295745069161], [6.253938772715628e-05, 0.00011070079926867038, 0.0001549675944261253, 9.546335058985278e-05, 0.0001975295745069161, 0.000236244173720479]]</COVARIANCE_MATRIX>
		<ROI_SIZE>2917</ROI_SIZE>
		<MAX_VALUE>[0.1522323489189148, 0.1878923922777176, 0.2204664796590805, 0.25627395510673523, 0.24196487665176392, 0.21281681954860687]</MAX_VALUE>
		<MIN_VALUE>[0.11236506700515747, 0.12511415779590607, 0.14594663679599762, 0.1907186359167099, 0.16421669721603394, 0.1490149199962616]</MIN_VALUE>
		<SIGNATURE_THRESHOLD_MD>0.0</SIGNATURE_THRESHOLD_MD>
		<SIGNATURE_THRESHOLD_ML>0.0</SIGNATURE_THRESHOLD_ML>
		<SIGNATURE_THRESHOLD_SAM>0.0</SIGNATURE_THRESHOLD_SAM>
	</signature>
	<signature ID="20220215_122615923306_698">
		<MACROCLASSID>3</MACROCLASSID>
		<MACROCLASSINFO>bareland</MACROCLASSINFO>
		<CLASSID>6</CLASSID>
		<CLASSINFO>C 1</CLASSINFO>
		<VALUES>[0.11609160173399903, 0.006588905576726311, 0.12710122201283522, 0.009846269410986755, 0.14907277947627517, 0.013479534858930053, 0.19758851249437556, 0.01671579713234815, 0.19892527220432282, 0.018336492144689673, 0.1604620226395004, 0.015273179993365605]</VALUES>
		<LCS_MIN>[0.09724300354719162, 0.10418809950351715, 0.11282669752836227, 0.16311639547348022, 0.16643807291984558, 0.1298743486404419]</LCS_MIN>
		<LCS_MAX>[0.13711027801036835, 0.16098742187023163, 0.18734653294086456, 0.23902252316474915, 0.2464076429605484, 0.2064366340637207]</LCS_MAX>
		<WAVELENGTH>[0.485, 0.56, 0.66, 0.83, 1.65, 2.215]</WAVELENGTH>
		<MEAN_VALUE>[0.11609160173399903, 0.12710122201283522, 0.14907277947627517, 0.19758851249437556, 0.19892527220432282, 0.1604620226395004]</MEAN_VALUE>
		<CHECKBOX>2</CHECKBOX>
		<SD>[0.006588905576726311, 0.009846269410986755, 0.013479534858930053, 0.01671579713234815, 0.018336492144689673, 0.015273179993365605]</SD>
		<WAVELENGTH_UNIT>E-6m</WAVELENGTH_UNIT>
		<COLOR>#6bcaf0</COLOR>
		<COVARIANCE_MATRIX>[[4.132911271881312e-05, 5.7549139455659315e-05, 7.551275484729558e-05, 7.68913741922006e-05, 7.35643770894967e-05, 6.643413507845253e-05], [5.7549139455659315e-05, 9.298774966737255e-05, 0.0001220970880240202, 0.0001290813961531967, 0.00011818471102742478, 0.00010523205855861306], [7.551275484729558e-05, 0.0001220970880240202, 0.00017720104369800538, 0.00018282678502146155, 0.00016936834435909986, 0.0001515475451014936], [7.68913741922006e-05, 0.0001290813961531967, 0.00018282678502146155, 0.0002782464143820107, 0.00021842092974111438, 0.00016291662177536637], [7.35643770894967e-05, 0.00011818471102742478, 0.00016936834435909986, 0.00021842092974111438, 0.0003355508379172534, 0.0002612908137962222], [6.643413507845253e-05, 0.00010523205855861306, 0.0001515475451014936, 0.00016291662177536637, 0.0002612908137962222, 0.00024061066505964845]]</COVARIANCE_MATRIX>
		<ROI_SIZE>7230</ROI_SIZE>
		<MAX_VALUE>[0.13711027801036835, 0.16098742187023163, 0.18734653294086456, 0.23902252316474915, 0.2464076429605484, 0.2064366340637207]</MAX_VALUE>
		<MIN_VALUE>[0.09724300354719162, 0.10418809950351715, 0.11282669752836227, 0.16311639547348022, 0.16643807291984558, 0.1298743486404419]</MIN_VALUE>
		<SIGNATURE_THRESHOLD_MD>0.0</SIGNATURE_THRESHOLD_MD>
		<SIGNATURE_THRESHOLD_ML>0.0</SIGNATURE_THRESHOLD_ML>
		<SIGNATURE_THRESHOLD_SAM>0.0</SIGNATURE_THRESHOLD_SAM>
	</signature>
	<signature ID="20220215_122846273570_286">
		<MACROCLASSID>3</MACROCLASSID>
		<MACROCLASSINFO>bareland</MACROCLASSINFO>
		<CLASSID>7</CLASSID>
		<CLASSINFO>C 1</CLASSINFO>
		<VALUES>[0.18035590030411455, 0.0076190866077469966, 0.22192108757952425, 0.010547707928280057, 0.26838466112918047, 0.011687849339326605, 0.3495048734735935, 0.014464043560881311, 0.3983828989749259, 0.02319052124483316, 0.31846333437777574, 0.016711893550147586]</VALUES>
		<LCS_MIN>[0.16185548901557922, 0.19387124478816986, 0.2425464391708374, 0.3183789551258087, 0.3596978485584259, 0.2861890494823456]</LCS_MIN>
		<LCS_MAX>[0.20034806430339813, 0.24170227348804474, 0.2949863374233246, 0.38393422961235046, 0.4396674335002899, 0.3563711941242218]</LCS_MAX>
		<WAVELENGTH>[0.485, 0.56, 0.66, 0.83, 1.65, 2.215]</WAVELENGTH>
		<MEAN_VALUE>[0.18035590030411455, 0.22192108757952425, 0.26838466112918047, 0.3495048734735935, 0.3983828989749259, 0.31846333437777574]</MEAN_VALUE>
		<CHECKBOX>2</CHECKBOX>
		<SD>[0.0076190866077469966, 0.010547707928280057, 0.011687849339326605, 0.014464043560881311, 0.02319052124483316, 0.016711893550147586]</SD>
		<WAVELENGTH_UNIT>E-6m</WAVELENGTH_UNIT>
		<COLOR>#257384</COLOR>
		<COVARIANCE_MATRIX>[[5.867467916687019e-05, 7.386520883301273e-05, 7.382263720501214e-05, 5.4780819482402876e-05, 3.238209683331661e-05, 3.357377499924041e-05], [7.386520883301273e-05, 0.00011245042696828023, 0.00011267076479271054, 8.764285303186625e-05, 8.77613783814013e-05, 8.262873598141596e-05], [7.382263720501214e-05, 0.00011267076479271054, 0.00013807469804305583, 0.00013007015513721853, 0.00013223770656622946, 0.00011067549348808825], [5.4780819482402876e-05, 8.764285303186625e-05, 0.00013007015513721853, 0.00021145811479073018, 0.00022986270778346807, 0.0001299227005802095], [3.238209683331661e-05, 8.77613783814013e-05, 0.00013223770656622946, 0.00022986270778346807, 0.0005435830680653453, 0.0003379711997695267], [3.357377499924041e-05, 8.262873598141596e-05, 0.00011067549348808825, 0.0001299227005802095, 0.0003379711997695267, 0.0002822904789354652]]</COVARIANCE_MATRIX>
		<ROI_SIZE>94</ROI_SIZE>
		<MAX_VALUE>[0.20034806430339813, 0.24170227348804474, 0.2949863374233246, 0.38393422961235046, 0.4396674335002899, 0.3563711941242218]</MAX_VALUE>
		<MIN_VALUE>[0.16185548901557922, 0.19387124478816986, 0.2425464391708374, 0.3183789551258087, 0.3596978485584259, 0.2861890494823456]</MIN_VALUE>
		<SIGNATURE_THRESHOLD_MD>0.0</SIGNATURE_THRESHOLD_MD>
		<SIGNATURE_THRESHOLD_ML>0.0</SIGNATURE_THRESHOLD_ML>
		<SIGNATURE_THRESHOLD_SAM>0.0</SIGNATURE_THRESHOLD_SAM>
	</signature>
	<signature ID="20220215_122854969730_433">
		<MACROCLASSID>3</MACROCLASSID>
		<MACROCLASSINFO>bareland</MACROCLASSINFO>
		<CLASSID>8</CLASSID>
		<CLASSINFO>C 1</CLASSINFO>
		<VALUES>[0.1468981423206005, 0.010226339760521185, 0.17704479645789986, 0.01157293354231292, 0.2203400218604943, 0.014369777835172057, 0.29304296481976955, 0.016835958017618967, 0.319095583857418, 0.020863669709388296, 0.2662502521263347, 0.016477469896500948]</VALUES>
		<LCS_MIN>[0.12336292862892151, 0.1490296870470047, 0.19286653399467468, 0.2597241997718811, 0.28417107462882996, 0.23833760619163513]</LCS_MIN>
		<LCS_MAX>[0.17972703278064728, 0.21479730308055878, 0.2646263837814331, 0.3356303870677948, 0.3641405701637268, 0.31489992141723633]</LCS_MAX>
		<WAVELENGTH>[0.485, 0.56, 0.66, 0.83, 1.65, 2.215]</WAVELENGTH>
		<MEAN_VALUE>[0.1468981423206005, 0.17704479645789986, 0.2203400218604943, 0.29304296481976955, 0.319095583857418, 0.2662502521263347]</MEAN_VALUE>
		<CHECKBOX>2</CHECKBOX>
		<SD>[0.010226339760521185, 0.01157293354231292, 0.014369777835172057, 0.016835958017618967, 0.020863669709388296, 0.016477469896500948]</SD>
		<WAVELENGTH_UNIT>E-6m</WAVELENGTH_UNIT>
		<COLOR>#bd00b8</COLOR>
		<COVARIANCE_MATRIX>[[0.00010462411592015997, 0.00010821376054082066, 9.540568134980276e-05, 8.518210233887658e-05, 2.945405140053481e-05, 5.964748652331764e-06], [0.00010821376054082066, 0.00013399182353168726, 0.00013931003923062235, 0.00012219217023812234, 7.073330198181793e-05, 4.9338686949340627e-05], [9.540568134980276e-05, 0.00013931003923062235, 0.00020658152061514556, 0.00017209067300427705, 0.0001316475245403126, 0.0001219882833538577], [8.518210233887658e-05, 0.00012219217023812234, 0.00017209067300427705, 0.000283574394416064, 0.00023977906676009297, 0.00011829959839815274], [2.945405140053481e-05, 7.073330198181793e-05, 0.0001316475245403126, 0.00023977906676009297, 0.00043548454414121807, 0.00027385909925214946], [5.964748652331764e-06, 4.9338686949340627e-05, 0.0001219882833538577, 0.00011829959839815274, 0.00027385909925214946, 0.00027162666083313525]]</COVARIANCE_MATRIX>
		<ROI_SIZE>2270</ROI_SIZE>
		<MAX_VALUE>[0.17972703278064728, 0.21479730308055878, 0.2646263837814331, 0.3356303870677948, 0.3641405701637268, 0.31489992141723633]</MAX_VALUE>
		<MIN_VALUE>[0.12336292862892151, 0.1490296870470047, 0.19286653399467468, 0.2597241997718811, 0.28417107462882996, 0.23833760619163513]</MIN_VALUE>
		<SIGNATURE_THRESHOLD_MD>0.0</SIGNATURE_THRESHOLD_MD>
		<SIGNATURE_THRESHOLD_ML>0.0</SIGNATURE_THRESHOLD_ML>
		<SIGNATURE_THRESHOLD_SAM>0.0</SIGNATURE_THRESHOLD_SAM>
	</signature>
	<signature ID="20220215_122901592611_977">
		<MACROCLASSID>3</MACROCLASSID>
		<MACROCLASSINFO>bareland</MACROCLASSINFO>
		<CLASSID>9</CLASSID>
		<CLASSINFO>C 1</CLASSINFO>
		<VALUES>[0.16963700415953148, 0.004484116777601651, 0.2019935053474498, 0.005989510507699971, 0.2350475689712561, 0.007702222375331566, 0.2826392746196603, 0.010953766886495669, 0.3384061663780571, 0.012337461642032059, 0.31538145384698546, 0.011715368935500027]</VALUES>
		<LCS_MIN>[0.15773127973079681, 0.18191349506378174, 0.21494649350643158, 0.25627395510673523, 0.3152703046798706, 0.29256927967071533]</LCS_MIN>
		<LCS_MAX>[0.17560283839702606, 0.21180787682533264, 0.24806639552116394, 0.3114784061908722, 0.37302613258361816, 0.3404207229614258]</LCS_MAX>
		<WAVELENGTH>[0.485, 0.56, 0.66, 0.83, 1.65, 2.215]</WAVELENGTH>
		<MEAN_VALUE>[0.16963700415953148, 0.2019935053474498, 0.2350475689712561, 0.2826392746196603, 0.3384061663780571, 0.31538145384698546]</MEAN_VALUE>
		<CHECKBOX>2</CHECKBOX>
		<SD>[0.004484116777601651, 0.005989510507699971, 0.007702222375331566, 0.010953766886495669, 0.012337461642032059, 0.011715368935500027]</SD>
		<WAVELENGTH_UNIT>E-6m</WAVELENGTH_UNIT>
		<COLOR>#871eeb</COLOR>
		<COVARIANCE_MATRIX>[[2.049398244707845e-05, 2.283291360072326e-05, 2.3137266907724552e-05, 2.1668043700628914e-05, 2.621997191454284e-05, 3.042187381652184e-05], [2.283291360072326e-05, 3.6564124457072467e-05, 4.161040851613507e-05, 5.149712524143979e-05, 5.6091539590852335e-05, 5.48838906979654e-05], [2.3137266907724552e-05, 4.161040851613507e-05, 6.046508133294992e-05, 7.771608215989545e-05, 8.392066229134798e-05, 7.530269795097411e-05], [2.1668043700628914e-05, 5.149712524143979e-05, 7.771608215989545e-05, 0.00012229241838213056, 0.00012364500435069203, 0.00010474758892087266], [2.621997191454284e-05, 5.6091539590852335e-05, 8.392066229134798e-05, 0.00012364500435069203, 0.00015514013648498803, 0.00013323535677045584], [3.042187381652184e-05, 5.48838906979654e-05, 7.530269795097411e-05, 0.00010474758892087266, 0.00013323535677045584, 0.00013988929276820272]]</COVARIANCE_MATRIX>
		<ROI_SIZE>53</ROI_SIZE>
		<MAX_VALUE>[0.17560283839702606, 0.21180787682533264, 0.24806639552116394, 0.3114784061908722, 0.37302613258361816, 0.3404207229614258]</MAX_VALUE>
		<MIN_VALUE>[0.15773127973079681, 0.18191349506378174, 0.21494649350643158, 0.25627395510673523, 0.3152703046798706, 0.29256927967071533]</MIN_VALUE>
		<SIGNATURE_THRESHOLD_MD>0.0</SIGNATURE_THRESHOLD_MD>
		<SIGNATURE_THRESHOLD_ML>0.0</SIGNATURE_THRESHOLD_ML>
		<SIGNATURE_THRESHOLD_SAM>0.0</SIGNATURE_THRESHOLD_SAM>
	</signature>
	<signature ID="20220215_122905788689_599">
		<MACROCLASSID>3</MACROCLASSID>
		<MACROCLASSINFO>bareland</MACROCLASSINFO>
		<CLASSID>10</CLASSID>
		<CLASSINFO>C 1</CLASSINFO>
		<VALUES>[0.14820849460406893, 0.006300117011044165, 0.1786622105941285, 0.010705548600496311, 0.22356894634065833, 0.01481785717602894, 0.2955114143173192, 0.012774486119088798, 0.3175241194502281, 0.01634573451304682, 0.27279996937208795, 0.017279819131400517]</VALUES>
		<LCS_MIN>[0.13023661077022552, 0.15201909840106964, 0.19010652601718903, 0.26317450404167175, 0.28417107462882996, 0.24790792167186737]</LCS_MIN>
		<LCS_MAX>[0.16185548901557922, 0.20582900941371918, 0.26186639070510864, 0.3287298083305359, 0.3596978485584259, 0.31489992141723633]</LCS_MAX>
		<WAVELENGTH>[0.485, 0.56, 0.66, 0.83, 1.65, 2.215]</WAVELENGTH>
		<MEAN_VALUE>[0.14820849460406893, 0.1786622105941285, 0.22356894634065833, 0.2955114143173192, 0.3175241194502281, 0.27279996937208795]</MEAN_VALUE>
		<CHECKBOX>2</CHECKBOX>
		<SD>[0.006300117011044165, 0.010705548600496311, 0.01481785717602894, 0.012774486119088798, 0.01634573451304682, 0.017279819131400517]</SD>
		<WAVELENGTH_UNIT>E-6m</WAVELENGTH_UNIT>
		<COLOR>#2bd02b</COLOR>
		<COVARIANCE_MATRIX>[[3.99833224946633e-05, 6.142995698610321e-05, 7.495776662835851e-05, 5.4800784710096195e-05, 5.812431481899694e-06, 2.1152827685000375e-05], [6.142995698610321e-05, 0.00011545148299774155, 0.00014957600797060877, 0.00011683080811053514, 3.848536653094925e-05, 6.841352296760306e-05], [7.495776662835851e-05, 0.00014957600797060877, 0.00022118336346466094, 0.0001732070231810212, 9.569532267050818e-05, 0.00014400455984286964], [5.4800784710096195e-05, 0.00011683080811053514, 0.0001732070231810212, 0.00016438739839941263, 0.00011695240391418338, 0.0001421203778591007], [5.812431481899694e-06, 3.848536653094925e-05, 9.569532267050818e-05, 0.00011695240391418338, 0.0002691476256586611, 0.00026206119218841195], [2.1152827685000375e-05, 6.841352296760306e-05, 0.00014400455984286964, 0.0001421203778591007, 0.00026206119218841195, 0.00030078768031671643]]</COVARIANCE_MATRIX>
		<ROI_SIZE>137</ROI_SIZE>
		<MAX_VALUE>[0.16185548901557922, 0.20582900941371918, 0.26186639070510864, 0.3287298083305359, 0.3596978485584259, 0.31489992141723633]</MAX_VALUE>
		<MIN_VALUE>[0.13023661077022552, 0.15201909840106964, 0.19010652601718903, 0.26317450404167175, 0.28417107462882996, 0.24790792167186737]</MIN_VALUE>
		<SIGNATURE_THRESHOLD_MD>0.0</SIGNATURE_THRESHOLD_MD>
		<SIGNATURE_THRESHOLD_ML>0.0</SIGNATURE_THRESHOLD_ML>
		<SIGNATURE_THRESHOLD_SAM>0.0</SIGNATURE_THRESHOLD_SAM>
	</signature>
	<signature ID="20220215_122916093530_194">
		<MACROCLASSID>3</MACROCLASSID>
		<MACROCLASSINFO>bareland</MACROCLASSINFO>
		<CLASSID>11</CLASSID>
		<CLASSINFO>C 1</CLASSINFO>
		<VALUES>[0.14930084166280028, 0.00850314310816744, 0.16810838937124317, 0.011668221643327188, 0.1916650723739665, 0.01630649573452396, 0.24583906792614552, 0.017090269839712836, 0.27005161394902366, 0.019437256585137674, 0.2282429151520519, 0.016957423734398975]</VALUES>
		<LCS_MIN>[0.12886187434196472, 0.14305078983306885, 0.16526658833026886, 0.21487057209014893, 0.22419388592243195, 0.1841059774160385]</LCS_MIN>
		<LCS_MAX>[0.17835229635238647, 0.20582900941371918, 0.23978641629219055, 0.29077669978141785, 0.3041634261608124, 0.2606683075428009]</LCS_MAX>
		<WAVELENGTH>[0.485, 0.56, 0.66, 0.83, 1.65, 2.215]</WAVELENGTH>
		<MEAN_VALUE>[0.14930084166280028, 0.16810838937124317, 0.1916650723739665, 0.24583906792614552, 0.27005161394902366, 0.2282429151520519]</MEAN_VALUE>
		<CHECKBOX>2</CHECKBOX>
		<SD>[0.00850314310816744, 0.011668221643327188, 0.01630649573452396, 0.017090269839712836, 0.019437256585137674, 0.016957423734398975]</SD>
		<WAVELENGTH_UNIT>E-6m</WAVELENGTH_UNIT>
		<COLOR>#880716</COLOR>
		<COVARIANCE_MATRIX>[[7.241366256494075e-05, 9.065882477443665e-05, 0.00011537275713635609, 8.578194683650509e-05, 4.8851587052922696e-05, 5.76517304580193e-05], [9.065882477443665e-05, 0.0001363549381494522, 0.00018111916142515838, 0.00015599136531818658, 0.0001152540571638383, 0.0001107504649553448], [0.00011537275713635609, 0.00018111916142515838, 0.00026630715001374483, 0.00023895481717772782, 0.0001767718349583447, 0.00016326164768543094], [8.578194683650509e-05, 0.00015599136531818658, 0.00023895481717772782, 0.0002925225708168, 0.00022120708308648318, 0.00017415077309124172], [4.8851587052922696e-05, 0.0001152540571638383, 0.0001767718349583447, 0.00022120708308648318, 0.000378382857888937, 0.00030217188759706914], [5.76517304580193e-05, 0.0001107504649553448, 0.00016326164768543094, 0.00017415077309124172, 0.00030217188759706914, 0.0002879925596062094]]</COVARIANCE_MATRIX>
		<ROI_SIZE>657</ROI_SIZE>
		<MAX_VALUE>[0.17835229635238647, 0.20582900941371918, 0.23978641629219055, 0.29077669978141785, 0.3041634261608124, 0.2606683075428009]</MAX_VALUE>
		<MIN_VALUE>[0.12886187434196472, 0.14305078983306885, 0.16526658833026886, 0.21487057209014893, 0.22419388592243195, 0.1841059774160385]</MIN_VALUE>
		<SIGNATURE_THRESHOLD_MD>0.0</SIGNATURE_THRESHOLD_MD>
		<SIGNATURE_THRESHOLD_ML>0.0</SIGNATURE_THRESHOLD_ML>
		<SIGNATURE_THRESHOLD_SAM>0.0</SIGNATURE_THRESHOLD_SAM>
	</signature>
	<signature ID="20220215_123353633219_271">
		<MACROCLASSID>3</MACROCLASSID>
		<MACROCLASSINFO>bareland</MACROCLASSINFO>
		<CLASSID>12</CLASSID>
		<CLASSINFO>C 1</CLASSINFO>
		<VALUES>[0.18065905495215268, 0.005774218478690261, 0.22401897710258672, 0.007691597311831017, 0.2724385569661352, 0.009972720739515592, 0.36434369269063915, 0.011840875690148713, 0.47622601359577504, 0.015200527584865361, 0.3743222335637626, 0.012812970883460322]</VALUES>
		<LCS_MIN>[0.16185548901557922, 0.20582900941371918, 0.25358641147613525, 0.3459811806678772, 0.45077431201934814, 0.3531810939311981]</LCS_MIN>
		<LCS_MAX>[0.19622384011745453, 0.24170227348804474, 0.29774630069732666, 0.3908348083496094, 0.515194296836853, 0.4010325074195862]</LCS_MAX>
		<WAVELENGTH>[0.485, 0.56, 0.66, 0.83, 1.65, 2.215]</WAVELENGTH>
		<MEAN_VALUE>[0.18065905495215268, 0.22401897710258672, 0.2724385569661352, 0.36434369269063915, 0.47622601359577504, 0.3743222335637626]</MEAN_VALUE>
		<CHECKBOX>2</CHECKBOX>
		<SD>[0.005774218478690261, 0.007691597311831017, 0.009972720739515592, 0.011840875690148713, 0.015200527584865361, 0.012812970883460322]</SD>
		<WAVELENGTH_UNIT>E-6m</WAVELENGTH_UNIT>
		<COLOR>#3318d3</COLOR>
		<COVARIANCE_MATRIX>[[3.391645441297442e-05, 3.596752503653988e-05, 3.400306377443485e-05, 3.44389263773337e-05, 3.815644595306367e-05, 3.122157431789674e-05], [3.596752503653988e-05, 6.018068233970553e-05, 6.925685738679022e-05, 7.01361641404219e-05, 7.954057946335524e-05, 6.344541907310486e-05], [3.400306377443485e-05, 6.925685738679022e-05, 0.00010116990597452968, 9.444284660276026e-05, 0.00011549266491783783, 9.537428559269756e-05], [3.44389263773337e-05, 7.01361641404219e-05, 9.444284660276026e-05, 0.00014262368495110422, 0.00014711698167957366, 9.869698988040909e-05], [3.815644595306367e-05, 7.954057946335524e-05, 0.00011549266491783783, 0.00014711698167957366, 0.000235039769904688, 0.00017374736489728093], [3.122157431789674e-05, 6.344541907310486e-05, 9.537428559269756e-05, 9.869698988040909e-05, 0.00017374736489728093, 0.00016700278501957655]]</COVARIANCE_MATRIX>
		<ROI_SIZE>59</ROI_SIZE>
		<MAX_VALUE>[0.19622384011745453, 0.24170227348804474, 0.29774630069732666, 0.3908348083496094, 0.515194296836853, 0.4010325074195862]</MAX_VALUE>
		<MIN_VALUE>[0.16185548901557922, 0.20582900941371918, 0.25358641147613525, 0.3459811806678772, 0.45077431201934814, 0.3531810939311981]</MIN_VALUE>
		<SIGNATURE_THRESHOLD_MD>0.0</SIGNATURE_THRESHOLD_MD>
		<SIGNATURE_THRESHOLD_ML>0.0</SIGNATURE_THRESHOLD_ML>
		<SIGNATURE_THRESHOLD_SAM>0.0</SIGNATURE_THRESHOLD_SAM>
	</signature>
	<signature ID="20220215_123401430245_145">
		<MACROCLASSID>3</MACROCLASSID>
		<MACROCLASSINFO>bareland</MACROCLASSINFO>
		<CLASSID>13</CLASSID>
		<CLASSINFO>C 1</CLASSINFO>
		<VALUES>[0.15950625970501575, 0.009462180633267593, 0.2030071502191035, 0.012716999331945382, 0.2559820516253898, 0.013634456639642653, 0.332847669532027, 0.014585475225115536, 0.4388841119532554, 0.019676855185365265, 0.3562500395999031, 0.016139269299684796]</VALUES>
		<LCS_MIN>[0.13848501443862915, 0.17593461275100708, 0.22598643600940704, 0.29767727851867676, 0.40634676814079285, 0.33085039258003235]</LCS_MIN>
		<LCS_MAX>[0.1893501728773117, 0.24170227348804474, 0.29774630069732666, 0.37013310194015503, 0.4863163232803345, 0.4010325074195862]</LCS_MAX>
		<WAVELENGTH>[0.485, 0.56, 0.66, 0.83, 1.65, 2.215]</WAVELENGTH>
		<MEAN_VALUE>[0.15950625970501575, 0.2030071502191035, 0.2559820516253898, 0.332847669532027, 0.4388841119532554, 0.3562500395999031]</MEAN_VALUE>
		<CHECKBOX>2</CHECKBOX>
		<SD>[0.009462180633267593, 0.012716999331945382, 0.013634456639642653, 0.014585475225115536, 0.019676855185365265, 0.016139269299684796]</SD>
		<WAVELENGTH_UNIT>E-6m</WAVELENGTH_UNIT>
		<COLOR>#cd9b15</COLOR>
		<COVARIANCE_MATRIX>[[8.969505870481953e-05, 0.00011250237002968788, 9.722272079670802e-05, 9.304133709520102e-05, 6.020070213708095e-05, 4.478578921407461e-05], [0.00011250237002968788, 0.00016201504331547767, 0.00015303037071134895, 0.00014548531908076257, 0.00012620796042028815, 9.725211566546932e-05], [9.722272079670802e-05, 0.00015303037071134895, 0.00018623517826199532, 0.000176466244738549, 0.00018168885435443372, 0.00014492934860754758], [9.304133709520102e-05, 0.00014548531908076257, 0.000176466244738549, 0.00021312148601282388, 0.00019417416478972882, 0.00014466384891420603], [6.020070213708095e-05, 0.00012620796042028815, 0.00018168885435443372, 0.00019417416478972882, 0.0003878800489474088, 0.00028454221319407225], [4.478578921407461e-05, 9.725211566546932e-05, 0.00014492934860754758, 0.00014466384891420603, 0.00028454221319407225, 0.0002609478833619505]]</COVARIANCE_MATRIX>
		<ROI_SIZE>553</ROI_SIZE>
		<MAX_VALUE>[0.1893501728773117, 0.24170227348804474, 0.29774630069732666, 0.37013310194015503, 0.4863163232803345, 0.4010325074195862]</MAX_VALUE>
		<MIN_VALUE>[0.13848501443862915, 0.17593461275100708, 0.22598643600940704, 0.29767727851867676, 0.40634676814079285, 0.33085039258003235]</MIN_VALUE>
		<SIGNATURE_THRESHOLD_MD>0.0</SIGNATURE_THRESHOLD_MD>
		<SIGNATURE_THRESHOLD_ML>0.0</SIGNATURE_THRESHOLD_ML>
		<SIGNATURE_THRESHOLD_SAM>0.0</SIGNATURE_THRESHOLD_SAM>
	</signature>
	<signature ID="20220215_123408392075_981">
		<MACROCLASSID>3</MACROCLASSID>
		<MACROCLASSINFO>bareland</MACROCLASSINFO>
		<CLASSID>14</CLASSID>
		<CLASSINFO>C 1</CLASSINFO>
		<VALUES>[0.14365850184239495, 0.006687436898156029, 0.17255065844578002, 0.012070192985747567, 0.21164200101174455, 0.018019118214548775, 0.2729150770270094, 0.018076626209970283, 0.29417177329258065, 0.016777973248211054, 0.259231656708685, 0.018172046434120744]</VALUES>
		<LCS_MIN>[0.12611240148544312, 0.1400613635778427, 0.17906656861305237, 0.23902252316474915, 0.2508503794670105, 0.2255772203207016]</LCS_MIN>
		<LCS_MAX>[0.16185548901557922, 0.20582900941371918, 0.25634637475013733, 0.31492868065834045, 0.32859858870506287, 0.302139550447464]</LCS_MAX>
		<WAVELENGTH>[0.485, 0.56, 0.66, 0.83, 1.65, 2.215]</WAVELENGTH>
		<MEAN_VALUE>[0.14365850184239495, 0.17255065844578002, 0.21164200101174455, 0.2729150770270094, 0.29417177329258065, 0.259231656708685]</MEAN_VALUE>
		<CHECKBOX>2</CHECKBOX>
		<SD>[0.006687436898156029, 0.012070192985747567, 0.018019118214548775, 0.018076626209970283, 0.016777973248211054, 0.018172046434120744]</SD>
		<WAVELENGTH_UNIT>E-6m</WAVELENGTH_UNIT>
		<COLOR>#83bfa0</COLOR>
		<COVARIANCE_MATRIX>[[4.478274058783427e-05, 7.45511642890051e-05, 0.00010568953439360484, 0.0001041712166625075, 6.96771967341192e-05, 7.247864414239302e-05], [7.45511642890051e-05, 0.00014588804333470762, 0.0002097652031807229, 0.0002040373656200245, 0.0001407902454957366, 0.00015485042240470648], [0.00010568953439360484, 0.0002097652031807229, 0.00032513096812181175, 0.0003060299204662442, 0.0002249653043691069, 0.00025269220350310206], [0.0001041712166625075, 0.0002040373656200245, 0.0003060299204662442, 0.0003272095927968621, 0.0002345177490497008, 0.0002510471094865352], [6.96771967341192e-05, 0.0001407902454957366, 0.0002249653043691069, 0.0002345177490497008, 0.00028188389842398465, 0.00028296548407524824], [7.247864414239302e-05, 0.00015485042240470648, 0.00025269220350310206, 0.0002510471094865352, 0.00028296548407524824, 0.0003306731814518571]]</COVARIANCE_MATRIX>
		<ROI_SIZE>735</ROI_SIZE>
		<MAX_VALUE>[0.16185548901557922, 0.20582900941371918, 0.25634637475013733, 0.31492868065834045, 0.32859858870506287, 0.302139550447464]</MAX_VALUE>
		<MIN_VALUE>[0.12611240148544312, 0.1400613635778427, 0.17906656861305237, 0.23902252316474915, 0.2508503794670105, 0.2255772203207016]</MIN_VALUE>
		<SIGNATURE_THRESHOLD_MD>0.0</SIGNATURE_THRESHOLD_MD>
		<SIGNATURE_THRESHOLD_ML>0.0</SIGNATURE_THRESHOLD_ML>
		<SIGNATURE_THRESHOLD_SAM>0.0</SIGNATURE_THRESHOLD_SAM>
	</signature>
	<signature ID="20220215_123412568901_792">
		<MACROCLASSID>3</MACROCLASSID>
		<MACROCLASSINFO>bareland</MACROCLASSINFO>
		<CLASSID>15</CLASSID>
		<CLASSINFO>C 1</CLASSINFO>
		<VALUES>[0.16950987297811623, 0.006996265114378501, 0.2005882656868593, 0.008553112052108612, 0.23430051259052606, 0.009605002340269906, 0.2801277155493513, 0.011166334130801208, 0.3299972219967549, 0.010884973442620056, 0.30595978285059516, 0.012536090122760059]</VALUES>
		<LCS_MIN>[0.1522323489189148, 0.17294518649578094, 0.20942647755146027, 0.25282368063926697, 0.3019420802593231, 0.2766187787055969]</LCS_MIN>
		<LCS_MAX>[0.17835229635238647, 0.21180787682533264, 0.25358641147613525, 0.3114784061908722, 0.36191922426223755, 0.33085039258003235]</LCS_MAX>
		<WAVELENGTH>[0.485, 0.56, 0.66, 0.83, 1.65, 2.215]</WAVELENGTH>
		<MEAN_VALUE>[0.16950987297811623, 0.2005882656868593, 0.23430051259052606, 0.2801277155493513, 0.3299972219967549, 0.30595978285059516]</MEAN_VALUE>
		<CHECKBOX>2</CHECKBOX>
		<SD>[0.006996265114378501, 0.008553112052108612, 0.009605002340269906, 0.011166334130801208, 0.010884973442620056, 0.012536090122760059]</SD>
		<WAVELENGTH_UNIT>E-6m</WAVELENGTH_UNIT>
		<COLOR>#4c8c1b</COLOR>
		<COVARIANCE_MATRIX>[[4.955957047059201e-05, 5.361299554351717e-05, 5.5037242418620735e-05, 3.4683285775827244e-05, 4.531224840320647e-05, 5.8377700042910874e-05], [5.361299554351717e-05, 7.407017255900428e-05, 7.660416304133832e-05, 6.468778883572668e-05, 6.702163227600977e-05, 8.416637865593657e-05], [5.5037242418620735e-05, 7.660416304133832e-05, 9.340926771983504e-05, 8.595307735959068e-05, 8.854459156282246e-05, 0.00010222224955214188], [3.4683285775827244e-05, 6.468778883572668e-05, 8.595307735959068e-05, 0.00012624560622498393, 9.75681614363566e-05, 9.608630352886394e-05], [4.531224840320647e-05, 6.702163227600977e-05, 8.854459156282246e-05, 9.75681614363566e-05, 0.00011996368266409263, 0.00011665350029943511], [5.8377700042910874e-05, 8.416637865593657e-05, 0.00010222224955214188, 9.608630352886394e-05, 0.00011665350029943511, 0.00015911797527223825]]</COVARIANCE_MATRIX>
		<ROI_SIZE>81</ROI_SIZE>
		<MAX_VALUE>[0.17835229635238647, 0.21180787682533264, 0.25358641147613525, 0.3114784061908722, 0.36191922426223755, 0.33085039258003235]</MAX_VALUE>
		<MIN_VALUE>[0.1522323489189148, 0.17294518649578094, 0.20942647755146027, 0.25282368063926697, 0.3019420802593231, 0.2766187787055969]</MIN_VALUE>
		<SIGNATURE_THRESHOLD_MD>0.0</SIGNATURE_THRESHOLD_MD>
		<SIGNATURE_THRESHOLD_ML>0.0</SIGNATURE_THRESHOLD_ML>
		<SIGNATURE_THRESHOLD_SAM>0.0</SIGNATURE_THRESHOLD_SAM>
	</signature>
	<signature ID="20220215_123425898917_784">
		<MACROCLASSID>3</MACROCLASSID>
		<MACROCLASSINFO>bareland</MACROCLASSINFO>
		<CLASSID>16</CLASSID>
		<CLASSINFO>C 1</CLASSINFO>
		<VALUES>[0.14345194509074294, 0.007597868970019575, 0.17887286989860327, 0.012277150308799202, 0.21588223447946647, 0.015286516525156394, 0.289453330054267, 0.016429558263685726, 0.3326989939972146, 0.02053449676540624, 0.28235438578341104, 0.019030171877462487]</VALUES>
		<LCS_MIN>[0.12473765760660172, 0.1490296870470047, 0.18182657659053802, 0.24937336146831512, 0.2952779531478882, 0.25109797716140747]</LCS_MIN>
		<LCS_MAX>[0.16185548901557922, 0.20582900941371918, 0.25358641147613525, 0.32527950406074524, 0.3752474784851074, 0.32766032218933105]</LCS_MAX>
		<WAVELENGTH>[0.485, 0.56, 0.66, 0.83, 1.65, 2.215]</WAVELENGTH>
