<?xml version="1.0" ?>
<signaturelist MCID_LIST="[['1', 'waterbody', '#0000ff'], ['2', 'vegetation', '#00ff00'], ['3', 'bareland', '#ffaa00'], ['4', 'built-up', '#ff0000']]">
	<signature ID="20220209_114103410662_925">
		<MACROCLASSID>1</MACROCLASSID>
		<MACROCLASSINFO>waterbody</MACROCLASSINFO>
		<CLASSID>1</CLASSID>
		<CLASSINFO>C 1</CLASSINFO>
		<VALUES>[0.09696400434386686, 0.004417966100472419, 0.06943488400252762, 0.006786766463411744, 0.049854848861863775, 0.006332388044060041, 0.036901993486867735, 0.005099678917747174, 0.018107631345998746, 0.003436109413504388, 0.014424907594505654, 0.0036623657136037316]</VALUES>
		<LCS_MIN>[0.087619848549366, 0.0593465194106102, 0.04106685891747475, 0.028555525466799736, 0.008720312267541885, 0.005460552871227264]</LCS_MIN>
		<LCS_MAX>[0.11923874169588089, 0.11315641552209854, 0.09902672469615936, 0.08375998586416245, 0.057590603828430176, 0.05331199988722801]</LCS_MAX>
		<WAVELENGTH>[1.0, 2.0, 3.0, 4.0, 5.0, 6.0]</WAVELENGTH>
		<MEAN_VALUE>[0.09696400434386686, 0.06943488400252762, 0.049854848861863775, 0.036901993486867735, 0.018107631345998746, 0.014424907594505654]</MEAN_VALUE>
		<CHECKBOX>2</CHECKBOX>
		<SD>[0.004417966100472419, 0.006786766463411744, 0.006332388044060041, 0.005099678917747174, 0.003436109413504388, 0.0036623657136037316]</SD>
		<WAVELENGTH_UNIT>E-6m</WAVELENGTH_UNIT>
		<COLOR>#71b05f</COLOR>
		<COVARIANCE_MATRIX>[[1.904663622553926e-05, 2.5685001673991792e-05, 1.9380435333005153e-05, 1.4178012861520983e-05, 8.295858606288675e-06, 6.856854270154145e-06], [2.5685001673991792e-05, 4.363276093499735e-05, 3.317987284390256e-05, 2.462268457747996e-05, 1.4251290849642828e-05, 1.1769529010052793e-05], [1.9380435333005153e-05, 3.317987284390256e-05, 3.54240728484001e-05, 2.48157448368147e-05, 1.4060523426451255e-05, 1.1310934496577829e-05], [1.4178012861520983e-05, 2.462268457747996e-05, 2.48157448368147e-05, 2.3149237676989287e-05, 1.1794101737905294e-05, 9.647199476603419e-06], [8.295858606288675e-06, 1.4251290849642828e-05, 1.4060523426451255e-05, 1.1794101737905294e-05, 1.0621439287206158e-05, 6.405445219570538e-06], [6.856854270154145e-06, 1.1769529010052793e-05, 1.1310934496577829e-05, 9.647199476603419e-06, 6.405445219570538e-06, 1.2797429917554837e-05]]</COVARIANCE_MATRIX>
		<ROI_SIZE>63028</ROI_SIZE>
		<MAX_VALUE>[0.11923874169588089, 0.11315641552209854, 0.09902672469615936, 0.08375998586416245, 0.057590603828430176, 0.05331199988722801]</MAX_VALUE>
		<MIN_VALUE>[0.087619848549366, 0.0593465194106102, 0.04106685891747475, 0.028555525466799736, 0.008720312267541885, 0.005460552871227264]</MIN_VALUE>
		<SIGNATURE_THRESHOLD_MD>0.0</SIGNATURE_THRESHOLD_MD>
		<SIGNATURE_THRESHOLD_ML>0.0</SIGNATURE_THRESHOLD_ML>
		<SIGNATURE_THRESHOLD_SAM>0.0</SIGNATURE_THRESHOLD_SAM>
	</signature>
	<signature ID="20220209_114110109397_531">
		<MACROCLASSID>1</MACROCLASSID>
		<MACROCLASSINFO>waterbody</MACROCLASSINFO>
		<CLASSID>2</CLASSID>
		<CLASSINFO>C 1</CLASSINFO>
		<VALUES>[0.09508201378395169, 0.0027372452702435403, 0.06794190693735148, 0.005043461241486694, 0.050840880027468484, 0.005616335225881319, 0.03941325460051952, 0.004505589229365891, 0.020570859418184276, 0.004018427721208731, 0.017168461108644027, 0.004337504218322591]</VALUES>
		<LCS_MIN>[0.087619848549366, 0.0593465194106102, 0.04106685891747475, 0.028555525466799736, 0.010941688902676105, 0.005460552871227264]</LCS_MIN>
		<LCS_MAX>[0.11786399036645889, 0.10717753320932388, 0.10178671777248383, 0.09066054224967957, 0.07091886550188065, 0.06607238948345184]</LCS_MAX>
		<WAVELENGTH>[1.0, 2.0, 3.0, 4.0, 5.0, 6.0]</WAVELENGTH>
		<MEAN_VALUE>[0.09508201378395169, 0.06794190693735148, 0.050840880027468484, 0.03941325460051952, 0.020570859418184276, 0.017168461108644027]</MEAN_VALUE>
		<CHECKBOX>2</CHECKBOX>
		<SD>[0.0027372452702435403, 0.005043461241486694, 0.005616335225881319, 0.004505589229365891, 0.004018427721208731, 0.004337504218322591]</SD>
		<WAVELENGTH_UNIT>E-6m</WAVELENGTH_UNIT>
		<COLOR>#6857dd</COLOR>
		<COVARIANCE_MATRIX>[[8.298047760035843e-06, 1.2675403013417963e-05, 1.3769827091891784e-05, 8.812701707938686e-06, 6.3380416577274445e-06, 5.564699677051976e-06], [1.2675403013417963e-05, 3.094447311013937e-05, 3.0034774681553245e-05, 1.884786252048798e-05, 1.2907747986901086e-05, 1.1182306479895487e-05], [1.3769827091891784e-05, 3.0034774681553245e-05, 3.709952216013335e-05, 2.1929417926003225e-05, 1.4733263014932163e-05, 1.268830874323612e-05], [8.812701707938686e-06, 1.884786252048798e-05, 2.1929417926003225e-05, 2.0627192498068325e-05, 1.3234757716418244e-05, 1.1623769751167856e-05], [6.3380416577274445e-06, 1.2907747986901086e-05, 1.4733263014932163e-05, 1.3234757716418244e-05, 1.5095156413735822e-05, 1.0476042916707229e-05], [5.564699677051976e-06, 1.1182306479895487e-05, 1.268830874323612e-05, 1.1623769751167856e-05, 1.0476042916707229e-05, 1.7304209904978052e-05]]</COVARIANCE_MATRIX>
		<ROI_SIZE>43854</ROI_SIZE>
		<MAX_VALUE>[0.11786399036645889, 0.10717753320932388, 0.10178671777248383, 0.09066054224967957, 0.07091886550188065, 0.06607238948345184]</MAX_VALUE>
		<MIN_VALUE>[0.087619848549366, 0.0593465194106102, 0.04106685891747475, 0.028555525466799736, 0.010941688902676105, 0.005460552871227264]</MIN_VALUE>
		<SIGNATURE_THRESHOLD_MD>0.0</SIGNATURE_THRESHOLD_MD>
		<SIGNATURE_THRESHOLD_ML>0.0</SIGNATURE_THRESHOLD_ML>
		<SIGNATURE_THRESHOLD_SAM>0.0</SIGNATURE_THRESHOLD_SAM>
	</signature>
	<signature ID="20220209_114124082095_514">
		<MACROCLASSID>1</MACROCLASSID>
		<MACROCLASSINFO>waterbody</MACROCLASSINFO>
		<CLASSID>3</CLASSID>
		<CLASSINFO>C 1</CLASSINFO>
		<VALUES>[0.10369660441055245, 0.0018736202178422465, 0.12379830341754305, 0.0031612001575789164, 0.10804978922073147, 0.004311545167711758, 0.050436782360108755, 0.010126368961493302, 0.03446550083219304, 0.01281658555658285, 0.025630416645087386, 0.010379374555179214]</VALUES>
		<LCS_MIN>[0.09861773252487183, 0.11016695946455002, 0.0962667465209961, 0.028555525466799736, 0.013163064606487751, 0.008650650270283222]</LCS_MIN>
		<LCS_MAX>[0.11373978853225708, 0.1400613635778427, 0.13490664958953857, 0.09411082416772842, 0.07758300006389618, 0.06926248967647552]</LCS_MAX>
		<WAVELENGTH>[1.0, 2.0, 3.0, 4.0, 5.0, 6.0]</WAVELENGTH>
		<MEAN_VALUE>[0.10369660441055245, 0.12379830341754305, 0.10804978922073147, 0.050436782360108755, 0.03446550083219304, 0.025630416645087386]</MEAN_VALUE>
		<CHECKBOX>2</CHECKBOX>
		<SD>[0.0018736202178422465, 0.0031612001575789164, 0.004311545167711758, 0.010126368961493302, 0.01281658555658285, 0.010379374555179214]</SD>
		<WAVELENGTH_UNIT>E-6m</WAVELENGTH_UNIT>
		<COLOR>#eeb5d0</COLOR>
		<COVARIANCE_MATRIX>[[3.517969844324398e-06, 1.8661252170204534e-06, 3.0020914891792927e-06, 5.59525005883188e-06, 5.325074653228512e-06, 4.03937156079337e-06], [1.8661252170204534e-06, 1.0014585313911084e-05, 5.167135896044783e-06, 4.2058777580678e-06, 1.4289228147390531e-06, 1.908668082251097e-06], [3.0020914891792927e-06, 5.167135896044783e-06, 1.862922727013938e-05, 2.77918043138925e-05, 2.639727244968526e-05, 2.240464345959481e-05], [5.59525005883188e-06, 4.2058777580678e-06, 2.77918043138925e-05, 0.00010276292596245185, 9.930266969604418e-05, 7.974278560141101e-05], [5.325074653228512e-06, 1.4289228147390531e-06, 2.639727244968526e-05, 9.930266969604418e-05, 0.00016461660561617464, 0.00011523300054250285], [4.03937156079337e-06, 1.908668082251097e-06, 2.240464345959481e-05, 7.974278560141101e-05, 0.00011523300054250285, 0.0001079621069948189]]</COVARIANCE_MATRIX>
		<ROI_SIZE>468</ROI_SIZE>
		<MAX_VALUE>[0.11373978853225708, 0.1400613635778427, 0.13490664958953857, 0.09411082416772842, 0.07758300006389618, 0.06926248967647552]</MAX_VALUE>
		<MIN_VALUE>[0.09861773252487183, 0.11016695946455002, 0.0962667465209961, 0.028555525466799736, 0.013163064606487751, 0.008650650270283222]</MIN_VALUE>
		<SIGNATURE_THRESHOLD_MD>0.0</SIGNATURE_THRESHOLD_MD>
		<SIGNATURE_THRESHOLD_ML>0.0</SIGNATURE_THRESHOLD_ML>
		<SIGNATURE_THRESHOLD_SAM>0.0</SIGNATURE_THRESHOLD_SAM>
	</signature>
	<signature ID="20220209_114132873103_163">
		<MACROCLASSID>1</MACROCLASSID>
		<MACROCLASSINFO>waterbody</MACROCLASSINFO>
		<CLASSID>4</CLASSID>
		<CLASSINFO>C 1</CLASSINFO>
		<VALUES>[0.11691886729871233, 0.007419939840399163, 0.14971475054820374, 0.008613346860618048, 0.16451909486204386, 0.017848964842627348, 0.1289011317615708, 0.06105317595478055, 0.12839699152391404, 0.0996835125492765, 0.10707842446087548, 0.0799594764896242]</VALUES>
		<LCS_MIN>[0.10824085772037506, 0.1400613635778427, 0.14594663679599762, 0.06650858372449875, 0.026491327211260796, 0.02141103520989418]</LCS_MIN>
		<LCS_MAX>[0.13161134719848633, 0.16995574533939362, 0.20390650629997253, 0.2597241997718811, 0.37302613258361816, 0.2829989492893219]</LCS_MAX>
		<WAVELENGTH>[1.0, 2.0, 3.0, 4.0, 5.0, 6.0]</WAVELENGTH>
		<MEAN_VALUE>[0.11691886729871233, 0.14971475054820374, 0.16451909486204386, 0.1289011317615708, 0.12839699152391404, 0.10707842446087548]</MEAN_VALUE>
		<CHECKBOX>2</CHECKBOX>
		<SD>[0.007419939840399163, 0.008613346860618048, 0.017848964842627348, 0.06105317595478055, 0.0996835125492765, 0.0799594764896242]</SD>
		<WAVELENGTH_UNIT>E-6m</WAVELENGTH_UNIT>
		<COLOR>#2b9fa2</COLOR>
		<COVARIANCE_MATRIX>[[5.6226901506306604e-05, 5.95959099882748e-05, 0.00012917131243739277, 0.0004291855439078063, 0.0006863180315122008, 0.0005673379637300968], [5.95959099882748e-05, 7.576825009891763e-05, 0.00014780917263124138, 0.00042225030483677983, 0.0006639788625761867, 0.0005723186768591404], [0.00012917131243739277, 0.00014780917263124138, 0.00032536397338844836, 0.0010240162955597043, 0.0016282823635265231, 0.0013342045713216066], [0.0004291855439078063, 0.00042225030483677983, 0.0010240162955597043, 0.0038067984860390425, 0.00610140897333622, 0.0048566777259111404], [0.0006863180315122008, 0.0006639788625761867, 0.0016282823635265231, 0.00610140897333622, 0.010148224420845509, 0.007988058030605316], [0.0005673379637300968, 0.0005723186768591404, 0.0013342045713216066, 0.0048566777259111404, 0.007988058030605316, 0.006529550068080425]]</COVARIANCE_MATRIX>
		<ROI_SIZE>48</ROI_SIZE>
		<MAX_VALUE>[0.13161134719848633, 0.16995574533939362, 0.20390650629997253, 0.2597241997718811, 0.37302613258361816, 0.2829989492893219]</MAX_VALUE>
		<MIN_VALUE>[0.10824085772037506, 0.1400613635778427, 0.14594663679599762, 0.06650858372449875, 0.026491327211260796, 0.02141103520989418]</MIN_VALUE>
		<SIGNATURE_THRESHOLD_MD>0.0</SIGNATURE_THRESHOLD_MD>
		<SIGNATURE_THRESHOLD_ML>0.0</SIGNATURE_THRESHOLD_ML>
		<SIGNATURE_THRESHOLD_SAM>0.0</SIGNATURE_THRESHOLD_SAM>
	</signature>
	<signature ID="20220209_114148436765_409">
		<MACROCLASSID>1</MACROCLASSID>
		<MACROCLASSINFO>waterbody</MACROCLASSINFO>
		<CLASSID>5</CLASSID>
		<CLASSINFO>C 1</CLASSINFO>
		<VALUES>[0.11842248192988336, 0.006689563118540558, 0.1462270773481578, 0.01638980877980626, 0.17199407750740647, 0.021544508405809036, 0.16376332403160634, 0.03394228014473428, 0.13443636521697044, 0.06873910152239661, 0.09259007149375975, 0.048165691410816835]</VALUES>
		<LCS_MIN>[0.10274192690849304, 0.11614585667848587, 0.12938666343688965, 0.11136221885681152, 0.039819590747356415, 0.027791228145360947]</LCS_MIN>
		<LCS_MAX>[0.12886187434196472, 0.1669663041830063, 0.21218650043010712, 0.22177113592624664, 0.25307178497314453, 0.17453567683696747]</LCS_MAX>
		<WAVELENGTH>[1.0, 2.0, 3.0, 4.0, 5.0, 6.0]</WAVELENGTH>
		<MEAN_VALUE>[0.11842248192988336, 0.1462270773481578, 0.17199407750740647, 0.16376332403160634, 0.13443636521697044, 0.09259007149375975]</MEAN_VALUE>
		<CHECKBOX>2</CHECKBOX>
		<SD>[0.006689563118540558, 0.01638980877980626, 0.021544508405809036, 0.03394228014473428, 0.06873910152239661, 0.048165691410816835]</SD>
		<WAVELENGTH_UNIT>E-6m</WAVELENGTH_UNIT>
		<COLOR>#279f6e</COLOR>
		<COVARIANCE_MATRIX>[[4.6193810703698546e-05, 0.00010528577695367858, 0.00014018102956470102, -3.464659312157892e-05, -0.00016044481890276074, -8.517314563505352e-05], [0.00010528577695367858, 0.0002772911684587598, 0.00034976209281012416, -0.00016615325876045972, -0.0005169413052499294, -0.0003022870805580169], [0.00014018102956470102, 0.00034976209281012416, 0.00047913892194628716, -5.947885802015662e-05, -0.00035783470957539976, -0.00016256653179880232], [-3.464659312157892e-05, -0.00016615325876045972, -5.947885802015662e-05, 0.0011892422335222363, 0.0022017601877450943, 0.0014806261751800776], [-0.00016044481890276074, -0.0005169413052499294, -0.00035783470957539976, 0.0022017601877450943, 0.0048774853348731995, 0.0032794210128486156], [-8.517314563505352e-05, -0.0003022870805580169, -0.00016256653179880232, 0.0014806261751800776, 0.0032794210128486156, 0.0023947705049067736]]</COVARIANCE_MATRIX>
		<ROI_SIZE>32</ROI_SIZE>
		<MAX_VALUE>[0.12886187434196472, 0.1669663041830063, 0.21218650043010712, 0.22177113592624664, 0.25307178497314453, 0.17453567683696747]</MAX_VALUE>
		<MIN_VALUE>[0.10274192690849304, 0.11614585667848587, 0.12938666343688965, 0.11136221885681152, 0.039819590747356415, 0.027791228145360947]</MIN_VALUE>
		<SIGNATURE_THRESHOLD_MD>0.0</SIGNATURE_THRESHOLD_MD>
		<SIGNATURE_THRESHOLD_ML>0.0</SIGNATURE_THRESHOLD_ML>
		<SIGNATURE_THRESHOLD_SAM>0.0</SIGNATURE_THRESHOLD_SAM>
	</signature>
	<signature ID="20220209_114157055192_222">
		<MACROCLASSID>1</MACROCLASSID>
		<MACROCLASSINFO>waterbody</MACROCLASSINFO>
		<CLASSID>6</CLASSID>
		<CLASSINFO>C 1</CLASSINFO>
		<VALUES>[0.08167148696688506, 0.006966740207528498, 0.07251154975249217, 0.011947108135580338, 0.06489834891488919, 0.016657238820884202, 0.06285925990400405, 0.03900853913609211, 0.05613816633390691, 0.03865472102203126, 0.04116509697185112, 0.03165486075580898]</VALUES>
		<LCS_MIN>[0.07387251406908035, 0.06233596056699753, 0.04658684879541397, 0.025105250999331474, 0.01982719637453556, 0.015030844137072563]</LCS_MIN>
		<LCS_MAX>[0.10411666333675385, 0.10717753320932388, 0.11558670550584793, 0.16311639547348022, 0.16865944862365723, 0.12668421864509583]</LCS_MAX>
		<WAVELENGTH>[1.0, 2.0, 3.0, 4.0, 5.0, 6.0]</WAVELENGTH>
		<MEAN_VALUE>[0.08167148696688506, 0.07251154975249217, 0.06489834891488919, 0.06285925990400405, 0.05613816633390691, 0.04116509697185112]</MEAN_VALUE>
		<CHECKBOX>2</CHECKBOX>
		<SD>[0.006966740207528498, 0.011947108135580338, 0.016657238820884202, 0.03900853913609211, 0.03865472102203126, 0.03165486075580898]</SD>
		<WAVELENGTH_UNIT>E-6m</WAVELENGTH_UNIT>
		<COLOR>#3b34a3</COLOR>
		<COVARIANCE_MATRIX>[[4.9487145588500425e-05, 8.024885028135031e-05, 0.00011358879419276491, 0.00023865062394179404, 0.00025603349786251783, 0.00020760513143613935], [8.024885028135031e-05, 0.00014553208893630654, 0.00019715815142262727, 0.0004219217807985842, 0.0004348637303337455, 0.00035770871909335256], [0.00011358879419276491, 0.00019715815142262727, 0.00028290407499298453, 0.0006099980091676116, 0.00061100407037884, 0.0004943815292790532], [0.00023865062394179404, 0.0004219217807985842, 0.0006099980091676116, 0.0015515027334913611, 0.0013299993006512523, 0.0011102927383035421], [0.00025603349786251783, 0.0004348637303337455, 0.00061100407037884, 0.0013299993006512523, 0.0015234852908179164, 0.0012143515050411224], [0.00020760513143613935, 0.00035770871909335256, 0.0004943815292790532, 0.0011102927383035421, 0.0012143515050411224, 0.0010216778609901667]]</COVARIANCE_MATRIX>
		<ROI_SIZE>52</ROI_SIZE>
		<MAX_VALUE>[0.10411666333675385, 0.10717753320932388, 0.11558670550584793, 0.16311639547348022, 0.16865944862365723, 0.12668421864509583]</MAX_VALUE>
		<MIN_VALUE>[0.07387251406908035, 0.06233596056699753, 0.04658684879541397, 0.025105250999331474, 0.01982719637453556, 0.015030844137072563]</MIN_VALUE>
		<SIGNATURE_THRESHOLD_MD>0.0</SIGNATURE_THRESHOLD_MD>
		<SIGNATURE_THRESHOLD_ML>0.0</SIGNATURE_THRESHOLD_ML>
		<SIGNATURE_THRESHOLD_SAM>0.0</SIGNATURE_THRESHOLD_SAM>
	</signature>
	<signature ID="20220209_114230941359_385">
		<MACROCLASSID>1</MACROCLASSID>
		<MACROCLASSINFO>waterbody</MACROCLASSINFO>
		<CLASSID>7</CLASSID>
		<CLASSINFO>C 1</CLASSINFO>
		<VALUES>[0.11438788005283901, 0.0017189503982346576, 0.1331002441900117, 0.0036340522108272485, 0.15107233737196243, 0.00425754707963564, 0.0932236084980624, 0.011527467163486979, 0.0385184966426875, 0.019199149270897633, 0.03089018094220332, 0.01491394075369279]</VALUES>
		<LCS_MIN>[0.10961558669805527, 0.1191352903842926, 0.13490664958953857, 0.07685942202806473, 0.008720312267541885, 0.011840748600661755]</LCS_MIN>
		<LCS_MAX>[0.11786399036645889, 0.13707192242145538, 0.15698660910129547, 0.1217130497097969, 0.07980438321828842, 0.06607238948345184]</LCS_MAX>
		<WAVELENGTH>[1.0, 2.0, 3.0, 4.0, 5.0, 6.0]</WAVELENGTH>
		<MEAN_VALUE>[0.11438788005283901, 0.1331002441900117, 0.15107233737196243, 0.0932236084980624, 0.0385184966426875, 0.03089018094220332]</MEAN_VALUE>
		<CHECKBOX>2</CHECKBOX>
		<SD>[0.0017189503982346576, 0.0036340522108272485, 0.00425754707963564, 0.011527467163486979, 0.019199149270897633, 0.01491394075369279]</SD>
		<WAVELENGTH_UNIT>E-6m</WAVELENGTH_UNIT>
		<COLOR>#9ff0ea</COLOR>
		<COVARIANCE_MATRIX>[[2.9976135920151137e-06, 3.623845486799837e-06, 4.713366706710076e-06, -8.009455996216275e-06, -1.7157566617242992e-05, -1.3223796486272477e-05], [3.623845486799837e-06, 1.3397731891018339e-05, 1.2880196663900279e-05, -2.584794674476143e-05, -4.8936173698166385e-05, -3.464377732598223e-05], [4.713366706710076e-06, 1.2880196663900279e-05, 1.83894135261653e-05, -2.6024905309895985e-05, -4.9834907258627936e-05, -3.614828528952785e-05], [-8.009455996216275e-06, -2.584794674476143e-05, -2.6024905309895985e-05, 0.00013480833149515092, 0.0001888830738607794, 0.0001452385913580656], [-1.7157566617242992e-05, -4.8936173698166385e-05, -4.9834907258627936e-05, 0.0001888830738607794, 0.00037394947139546275, 0.0002733739383984357], [-1.3223796486272477e-05, -3.464377732598223e-05, -3.614828528952785e-05, 0.0001452385913580656, 0.0002733739383984357, 0.00022564918617717922]]</COVARIANCE_MATRIX>
		<ROI_SIZE>70</ROI_SIZE>
		<MAX_VALUE>[0.11786399036645889, 0.13707192242145538, 0.15698660910129547, 0.1217130497097969, 0.07980438321828842, 0.06607238948345184]</MAX_VALUE>
		<MIN_VALUE>[0.10961558669805527, 0.1191352903842926, 0.13490664958953857, 0.07685942202806473, 0.008720312267541885, 0.011840748600661755]</MIN_VALUE>
		<SIGNATURE_THRESHOLD_MD>0.0</SIGNATURE_THRESHOLD_MD>
		<SIGNATURE_THRESHOLD_ML>0.0</SIGNATURE_THRESHOLD_ML>
		<SIGNATURE_THRESHOLD_SAM>0.0</SIGNATURE_THRESHOLD_SAM>
	</signature>
	<signature ID="20220209_114239149468_275">
		<MACROCLASSID>1</MACROCLASSID>
		<MACROCLASSINFO>waterbody</MACROCLASSINFO>
		<CLASSID>8</CLASSID>
		<CLASSINFO>C 1</CLASSINFO>
		<VALUES>[0.1032918224732081, 0.002693913910101004, 0.13786910126606625, 0.009292405190158164, 0.1759385665257772, 0.014495148666132877, 0.11159223566452663, 0.022553553891916208, 0.09846393999954065, 0.048517640251975726, 0.07968346799413362, 0.038729867421884265]</VALUES>
		<LCS_MIN>[0.09861773252487183, 0.11315641552209854, 0.13766665756702423, 0.08030971139669418, 0.030934082344174385, 0.024601133540272713]</LCS_MIN>
		<LCS_MAX>[0.10961558669805527, 0.1490296870470047, 0.19010652601718903, 0.14931528270244598, 0.19531598687171936, 0.15539509057998657]</LCS_MAX>
		<WAVELENGTH>[1.0, 2.0, 3.0, 4.0, 5.0, 6.0]</WAVELENGTH>
		<MEAN_VALUE>[0.1032918224732081, 0.13786910126606625, 0.1759385665257772, 0.11159223566452663, 0.09846393999954065, 0.07968346799413362]</MEAN_VALUE>
		<CHECKBOX>2</CHECKBOX>
		<SD>[0.002693913910101004, 0.009292405190158164, 0.014495148666132877, 0.022553553891916208, 0.048517640251975726, 0.038729867421884265]</SD>
		<WAVELENGTH_UNIT>E-6m</WAVELENGTH_UNIT>
		<COLOR>#c073ea</COLOR>
		<COVARIANCE_MATRIX>[[7.775541234877892e-06, -2.524524006730644e-06, -5.20354114996735e-06, 3.0017752578714862e-05, 6.993202987359837e-05, 4.6486624341923743e-05], [-2.524524006730644e-06, 9.251656592823565e-05, 0.00014116778038442135, -0.00015859607083257288, -0.00036077803815715015, -0.0002738818875513971], [-5.20354114996735e-06, 0.00014116778038442135, 0.00022511713905259967, -0.0002685868239495903, -0.0006026759510859847, -0.0004681974824052304], [3.0017752578714862e-05, -0.00015859607083257288, -0.0002685868239495903, 0.0005449958262033761, 0.0011154942912980914, 0.0009235687903128564], [6.993202987359837e-05, -0.00036077803815715015, -0.0006026759510859847, 0.0011154942912980914, 0.0025221016258001328, 0.0019059397745877504], [4.6486624341923743e-05, -0.0002738818875513971, -0.0004681974824052304, 0.0009235687903128564, 0.0019059397745877504, 0.0016071456484496593]]</COVARIANCE_MATRIX>
		<ROI_SIZE>15</ROI_SIZE>
		<MAX_VALUE>[0.10961558669805527, 0.1490296870470047, 0.19010652601718903, 0.14931528270244598, 0.19531598687171936, 0.15539509057998657]</MAX_VALUE>
		<MIN_VALUE>[0.09861773252487183, 0.11315641552209854, 0.13766665756702423, 0.08030971139669418, 0.030934082344174385, 0.024601133540272713]</MIN_VALUE>
		<SIGNATURE_THRESHOLD_MD>0.0</SIGNATURE_THRESHOLD_MD>
		<SIGNATURE_THRESHOLD_ML>0.0</SIGNATURE_THRESHOLD_ML>
		<SIGNATURE_THRESHOLD_SAM>0.0</SIGNATURE_THRESHOLD_SAM>
	</signature>
	<signature ID="20220209_114249303905_430">
		<MACROCLASSID>1</MACROCLASSID>
		<MACROCLASSINFO>waterbody</MACROCLASSINFO>
		<CLASSID>9</CLASSID>
		<CLASSINFO>C 1</CLASSINFO>
		<VALUES>[0.11247962061315774, 0.005411122823897598, 0.1567523920287689, 0.004640585181266578, 0.22552646261950332, 0.01602751960822816, 0.21328920188049474, 0.011528746008387422, 0.10257348557934165, 0.07428407948751319, 0.08627633928942183, 0.05649614639300131]</VALUES>
		<LCS_MIN>[0.10686612874269485, 0.1490296870470047, 0.19562652707099915, 0.1907186359167099, 0.024269949644804, 0.02141103520989418]</LCS_MIN>
		<LCS_MAX>[0.13023661077022552, 0.16397687792778015, 0.24530643224716187, 0.24592307209968567, 0.25973591208457947, 0.19686634838581085]</LCS_MAX>
		<WAVELENGTH>[1.0, 2.0, 3.0, 4.0, 5.0, 6.0]</WAVELENGTH>
		<MEAN_VALUE>[0.11247962061315774, 0.1567523920287689, 0.22552646261950332, 0.21328920188049474, 0.10257348557934165, 0.08627633928942183]</MEAN_VALUE>
		<CHECKBOX>2</CHECKBOX>
		<SD>[0.005411122823897598, 0.004640585181266578, 0.01602751960822816, 0.011528746008387422, 0.07428407948751319, 0.05649614639300131]</SD>
		<WAVELENGTH_UNIT>E-6m</WAVELENGTH_UNIT>
		<COLOR>#4d05bf</COLOR>
		<COVARIANCE_MATRIX>[[3.055330307688564e-05, -8.785189493210055e-06, -6.29627174930647e-05, 4.019703919766471e-05, 0.0003577597381081432, 0.00026109835016541183], [-8.785189493210055e-06, 2.2471336706075817e-05, 6.720238161506131e-05, -2.2684189389110543e-05, -0.0002412294124951586, -0.00017691068933345377], [-6.29627174930647e-05, 6.720238161506131e-05, 0.00026805014931596816, -0.0001142039691330865, -0.0011134407250210643, -0.0008137283148244023], [4.019703919766471e-05, -2.2684189389110543e-05, -0.0001142039691330865, 0.00013869076792616397, 0.0007263653678819537, 0.0004640368279069662], [0.0003577597381081432, -0.0002412294124951586, -0.0011134407250210643, 0.0007263653678819537, 0.00575804291293025, 0.004050344228744507], [0.00026109835016541183, -0.00017691068933345377, -0.0008137283148244023, 0.0004640368279069662, 0.004050344228744507, 0.0033305890392512083]]</COVARIANCE_MATRIX>
		<ROI_SIZE>24</ROI_SIZE>
		<MAX_VALUE>[0.13023661077022552, 0.16397687792778015, 0.24530643224716187, 0.24592307209968567, 0.25973591208457947, 0.19686634838581085]</MAX_VALUE>
		<MIN_VALUE>[0.10686612874269485, 0.1490296870470047, 0.19562652707099915, 0.1907186359167099, 0.024269949644804, 0.02141103520989418]</MIN_VALUE>
		<SIGNATURE_THRESHOLD_MD>0.0</SIGNATURE_THRESHOLD_MD>
		<SIGNATURE_THRESHOLD_ML>0.0</SIGNATURE_THRESHOLD_ML>
		<SIGNATURE_THRESHOLD_SAM>0.0</SIGNATURE_THRESHOLD_SAM>
	</signature>
	<signature ID="20220209_114257552931_293">
		<MACROCLASSID>1</MACROCLASSID>
		<MACROCLASSINFO>waterbody</MACROCLASSINFO>
		<CLASSID>10</CLASSID>
		<CLASSINFO>C 1</CLASSINFO>
		<VALUES>[0.11378561680515607, 0.004552333046260587, 0.1396627681950728, 0.009381735131713403, 0.16057460357745493, 0.013617527143674424, 0.1318338684737682, 0.04586780417387761, 0.09520592167973521, 0.0638504096868263, 0.07170822725941735, 0.04704127692018063]</VALUES>
		<LCS_MIN>[0.10549139231443405, 0.11614585667848587, 0.13490664958953857, 0.08030971139669418, 0.022048573940992355, 0.02141103520989418]</LCS_MIN>
		<LCS_MAX>[0.13161134719848633, 0.16098742187023163, 0.21218650043010712, 0.21142031252384186, 0.23530077934265137, 0.1681554913520813]</LCS_MAX>
		<WAVELENGTH>[1.0, 2.0, 3.0, 4.0, 5.0, 6.0]</WAVELENGTH>
		<MEAN_VALUE>[0.11378561680515607, 0.1396627681950728, 0.16057460357745493, 0.1318338684737682, 0.09520592167973521, 0.07170822725941735]</MEAN_VALUE>
		<CHECKBOX>2</CHECKBOX>
		<SD>[0.004552333046260587, 0.009381735131713403, 0.013617527143674424, 0.04586780417387761, 0.0638504096868263, 0.04704127692018063]</SD>
		<WAVELENGTH_UNIT>E-6m</WAVELENGTH_UNIT>
		<COLOR>#bcbdc4</COLOR>
		<COVARIANCE_MATRIX>[[2.1438347175717354e-05, 3.70060297427699e-05, 5.700546898879111e-05, 2.4643593405926367e-06, -2.9267304853419773e-05, -8.282055205199867e-06], [3.70060297427699e-05, 9.105202479986474e-05, 9.02470710570924e-05, -2.676997428352479e-05, -0.00017752712301444262, -0.00012066527415299788], [5.700546898879111e-05, 9.02470710570924e-05, 0.00019183142285328358, -4.643162537831813e-05, 3.381987312423007e-07, 4.617884405888617e-05], [2.4643593405926367e-06, -2.676997428352479e-05, -4.643162537831813e-05, 0.002176402136683464, 0.0026108718011528254, 0.0018679292406886816], [-2.9267304853419773e-05, -0.00017752712301444262, 3.381987312423007e-07, 0.0026108718011528254, 0.0042174565605819225, 0.003044597338885069], [-8.282055205199867e-06, -0.00012066527415299788, 4.617884405888617e-05, 0.0018679292406886816, 0.003044597338885069, 0.0022891880944371223]]</COVARIANCE_MATRIX>
		<ROI_SIZE>30</ROI_SIZE>
		<MAX_VALUE>[0.13161134719848633, 0.16098742187023163, 0.21218650043010712, 0.21142031252384186, 0.23530077934265137, 0.1681554913520813]</MAX_VALUE>
		<MIN_VALUE>[0.10549139231443405, 0.11614585667848587, 0.13490664958953857, 0.08030971139669418, 0.022048573940992355, 0.02141103520989418]</MIN_VALUE>
		<SIGNATURE_THRESHOLD_MD>0.0</SIGNATURE_THRESHOLD_MD>
		<SIGNATURE_THRESHOLD_ML>0.0</SIGNATURE_THRESHOLD_ML>
		<SIGNATURE_THRESHOLD_SAM>0.0</SIGNATURE_THRESHOLD_SAM>
	</signature>
	<signature ID="20220209_114339216551_408">
		<MACROCLASSID>1</MACROCLASSID>
		<MACROCLASSINFO>waterbody</MACROCLASSINFO>
		<CLASSID>11</CLASSID>
		<CLASSINFO>C 1</CLASSINFO>
		<VALUES>[0.10128913612959889, 0.00335406810798186, 0.09475769415168729, 0.004285408963371999, 0.08693325808653701, 0.005569421731832585, 0.08657898269711224, 0.015828241635364143, 0.04966512388235386, 0.015117576580874727, 0.03601302477393053, 0.01246172754402813]</VALUES>
		<LCS_MIN>[0.09449351578950882, 0.08625147491693497, 0.07694678753614426, 0.05960804224014282, 0.024269949644804, 0.018220940604805946]</LCS_MIN>
		<LCS_MAX>[0.11373978853225708, 0.11016695946455002, 0.10730671882629395, 0.12861360609531403, 0.08646850287914276, 0.06926248967647552]</LCS_MAX>
		<WAVELENGTH>[1.0, 2.0, 3.0, 4.0, 5.0, 6.0]</WAVELENGTH>
		<MEAN_VALUE>[0.10128913612959889, 0.09475769415168729, 0.08693325808653701, 0.08657898269711224, 0.04966512388235386, 0.03601302477393053]</MEAN_VALUE>
		<CHECKBOX>2</CHECKBOX>
		<SD>[0.00335406810798186, 0.004285408963371999, 0.005569421731832585, 0.015828241635364143, 0.015117576580874727, 0.01246172754402813]</SD>
		<WAVELENGTH_UNIT>E-6m</WAVELENGTH_UNIT>
		<COLOR>#66bdde</COLOR>
		<COVARIANCE_MATRIX>[[1.1089427971455734e-05, 1.0711184586398304e-05, 1.5523946785833687e-05, 2.7767300707637332e-05, 3.294364796602167e-05, 2.993663292727433e-05], [1.0711184586398304e-05, 2.011013202718459e-05, 2.0831208530580625e-05, 3.845428000204265e-05, 4.3422616727184504e-05, 3.840785939246416e-05], [1.5523946785833687e-05, 2.0831208530580625e-05, 3.345817458466627e-05, 5.7306027883896604e-05, 6.613779260078445e-05, 5.860010060132481e-05], [2.7767300707637332e-05, 3.845428000204265e-05, 5.7306027883896604e-05, 0.00025154746253974736, 0.00020179282000754029, 0.00014996722165960819], [3.294364796602167e-05, 4.3422616727184504e-05, 6.613779260078445e-05, 0.00020179282000754029, 0.00023542283452115953, 0.00018078253197018057], [2.993663292727433e-05, 3.840785939246416e-05, 5.860010060132481e-05, 0.00014996722165960819, 0.00018078253197018057, 0.00016389200754929334]]</COVARIANCE_MATRIX>
		<ROI_SIZE>787</ROI_SIZE>
		<MAX_VALUE>[0.11373978853225708, 0.11016695946455002, 0.10730671882629395, 0.12861360609531403, 0.08646850287914276, 0.06926248967647552]</MAX_VALUE>
		<MIN_VALUE>[0.09449351578950882, 0.08625147491693497, 0.07694678753614426, 0.05960804224014282, 0.024269949644804, 0.018220940604805946]</MIN_VALUE>
		<SIGNATURE_THRESHOLD_MD>0.0</SIGNATURE_THRESHOLD_MD>
		<SIGNATURE_THRESHOLD_ML>0.0</SIGNATURE_THRESHOLD_ML>
		<SIGNATURE_THRESHOLD_SAM>0.0</SIGNATURE_THRESHOLD_SAM>
	</signature>
	<signature ID="20220209_114351345208_746">
		<MACROCLASSID>1</MACROCLASSID>
		<MACROCLASSINFO>waterbody</MACROCLASSINFO>
		<CLASSID>12</CLASSID>
		<CLASSINFO>C 1</CLASSINFO>
		<VALUES>[0.10069267862589557, 0.003369334717904423, 0.09418605355041054, 0.004562222018696226, 0.08736769301451253, 0.005549677853924962, 0.08455000309465088, 0.013609905450954543, 0.04733490164034834, 0.014730706410331027, 0.03375402715701228, 0.012982681787691852]</VALUES>
		<LCS_MIN>[0.09449351578950882, 0.08625147491693497, 0.07694678753614426, 0.056157760322093964, 0.024269949644804, 0.008650650270283222]</LCS_MIN>
		<LCS_MAX>[0.11373978853225708, 0.11016695946455002, 0.10730671882629395, 0.11826276779174805, 0.07536163181066513, 0.0724525898694992]</LCS_MAX>
		<WAVELENGTH>[1.0, 2.0, 3.0, 4.0, 5.0, 6.0]</WAVELENGTH>
		<MEAN_VALUE>[0.10069267862589557, 0.09418605355041054, 0.08736769301451253, 0.08455000309465088, 0.04733490164034834, 0.03375402715701228]</MEAN_VALUE>
		<CHECKBOX>2</CHECKBOX>
		<SD>[0.003369334717904423, 0.004562222018696226, 0.005549677853924962, 0.013609905450954543, 0.014730706410331027, 0.012982681787691852]</SD>
		<WAVELENGTH_UNIT>E-6m</WAVELENGTH_UNIT>
		<COLOR>#86b0b5</COLOR>
		<COVARIANCE_MATRIX>[[1.1405713848944288e-05, 1.0895302693825215e-05, 1.4864358490740415e-05, 2.7235422749072313e-05, 3.6075449315831065e-05, 3.181591091561131e-05], [1.0895302693825215e-05, 2.0911587853333913e-05, 2.0235902411513962e-05, 3.520181053318083e-05, 4.194392386125401e-05, 3.704127811943181e-05], [1.4864358490740415e-05, 2.0235902411513962e-05, 3.094351995969191e-05, 5.3380612371256575e-05, 6.347995076794177e-05, 5.39736938662827e-05], [2.7235422749072313e-05, 3.520181053318083e-05, 5.3380612371256575e-05, 0.00018609914695844054, 0.00017977894458454102, 0.00013887131353840232], [3.6075449315831065e-05, 4.194392386125401e-05, 6.347995076794177e-05, 0.00017977894458454102, 0.00021801245748065412, 0.00017076340736821294], [3.181591091561131e-05, 3.704127811943181e-05, 5.39736938662827e-05, 0.00013887131353840232, 0.00017076340736821294, 0.00016934133600443602]]</COVARIANCE_MATRIX>
		<ROI_SIZE>214</ROI_SIZE>
		<MAX_VALUE>[0.11373978853225708, 0.11016695946455002, 0.10730671882629395, 0.11826276779174805, 0.07536163181066513, 0.0724525898694992]</MAX_VALUE>
		<MIN_VALUE>[0.09449351578950882, 0.08625147491693497, 0.07694678753614426, 0.056157760322093964, 0.024269949644804, 0.008650650270283222]</MIN_VALUE>
		<SIGNATURE_THRESHOLD_MD>0.0</SIGNATURE_THRESHOLD_MD>
		<SIGNATURE_THRESHOLD_ML>0.0</SIGNATURE_THRESHOLD_ML>
		<SIGNATURE_THRESHOLD_SAM>0.0</SIGNATURE_THRESHOLD_SAM>
	</signature>
	<signature ID="20220209_114359664668_508">
		<MACROCLASSID>1</MACROCLASSID>
		<MACROCLASSINFO>waterbody</MACROCLASSINFO>
		<CLASSID>13</CLASSID>
		<CLASSINFO>C 1</CLASSINFO>
		<VALUES>[0.10288513087046647, 0.00562101216990996, 0.09665222268085924, 0.00669125618939295, 0.09030112631929416, 0.009053614627911401, 0.09614145507415138, 0.019400620380868393, 0.05695427267346529, 0.018050286165300373, 0.042080204895076634, 0.015212162507182806]</VALUES>
		<LCS_MIN>[0.09449351578950882, 0.08027258515357971, 0.06866680830717087, 0.06305830925703049, 0.022048573940992355, 0.015030844137072563]</LCS_MIN>
		<LCS_MAX>[0.12473765760660172, 0.1191352903842926, 0.12110668420791626, 0.14586500823497772, 0.0931326374411583, 0.08521297574043274]</LCS_MAX>
		<WAVELENGTH>[1.0, 2.0, 3.0, 4.0, 5.0, 6.0]</WAVELENGTH>
		<MEAN_VALUE>[0.10288513087046647, 0.09665222268085924, 0.09030112631929416, 0.09614145507415138, 0.05695427267346529, 0.042080204895076634]</MEAN_VALUE>
		<CHECKBOX>2</CHECKBOX>
		<SD>[0.00562101216990996, 0.00669125618939295, 0.009053614627911401, 0.019400620380868393, 0.018050286165300373, 0.015212162507182806]</SD>
		<WAVELENGTH_UNIT>E-6m</WAVELENGTH_UNIT>
		<COLOR>#78effb</COLOR>
		<COVARIANCE_MATRIX>[[2.449868043186143e-05, 2.4716242478461936e-05, 3.409264900255948e-05, 4.273234662832692e-05, 6.309623131528497e-05, 5.590934233623557e-05], [2.4716242478461936e-05, 3.982380439992994e-05, 4.8552323278272524e-05, 5.58987412659917e-05, 6.702387327095494e-05, 6.098487938288599e-05], [3.409264900255948e-05, 4.8552323278272524e-05, 6.989735265960917e-05, 7.769954390823841e-05, 9.634020534576848e-05, 8.893074846128002e-05], [4.273234662832692e-05, 5.58987412659917e-05, 7.769954390823841e-05, 0.00030684887315146625, 0.00026776050799526274, 0.00020069214224349707], [6.309623131528497e-05, 6.702387327095494e-05, 9.634020534576848e-05, 0.00026776050799526274, 0.0003412638616282493, 0.00026672848616726696], [5.590934233623557e-05, 6.098487938288599e-05, 8.893074846128002e-05, 0.00020069214224349707, 0.00026672848616726696, 0.00024642073549330235]]</COVARIANCE_MATRIX>
		<ROI_SIZE>427</ROI_SIZE>
		<MAX_VALUE>[0.12473765760660172, 0.1191352903842926, 0.12110668420791626, 0.14586500823497772, 0.0931326374411583, 0.08521297574043274]</MAX_VALUE>
		<MIN_VALUE>[0.09449351578950882, 0.08027258515357971, 0.06866680830717087, 0.06305830925703049, 0.022048573940992355, 0.015030844137072563]</MIN_VALUE>
		<SIGNATURE_THRESHOLD_MD>0.0</SIGNATURE_THRESHOLD_MD>
		<SIGNATURE_THRESHOLD_ML>0.0</SIGNATURE_THRESHOLD_ML>
		<SIGNATURE_THRESHOLD_SAM>0.0</SIGNATURE_THRESHOLD_SAM>
	</signature>
	<signature ID="20220209_114409146309_143">
		<MACROCLASSID>1</MACROCLASSID>
		<MACROCLASSINFO>waterbody</MACROCLASSINFO>
		<CLASSID>14</CLASSID>
		<CLASSINFO>C 1</CLASSINFO>
		<VALUES>[0.0993420146119869, 0.004409915320019724, 0.09346129175494695, 0.006282179183828831, 0.08817028589641952, 0.008363407301372366, 0.1008878400563584, 0.018161434255861482, 0.054221610717303935, 0.018742128694437435, 0.03815292508896353, 0.015292305687808639]</VALUES>
		<LCS_MIN>[0.088994599878788, 0.08027258515357971, 0.06866680830717087, 0.0699588730931282, 0.024269949644804, 0.015030844137072563]</LCS_MIN>
		<LCS_MAX>[0.11923874169588089, 0.11614585667848587, 0.12110668420791626, 0.14241471886634827, 0.09757539629936218, 0.08521297574043274]</LCS_MAX>
		<WAVELENGTH>[1.0, 2.0, 3.0, 4.0, 5.0, 6.0]</WAVELENGTH>
		<MEAN_VALUE>[0.0993420146119869, 0.09346129175494695, 0.08817028589641952, 0.1008878400563584, 0.054221610717303935, 0.03815292508896353]</MEAN_VALUE>
		<CHECKBOX>2</CHECKBOX>
		<SD>[0.004409915320019724, 0.006282179183828831, 0.008363407301372366, 0.018161434255861482, 0.018742128694437435, 0.015292305687808639]</SD>
		<WAVELENGTH_UNIT>E-6m</WAVELENGTH_UNIT>
		<COLOR>#25415d</COLOR>
		<COVARIANCE_MATRIX>[[1.9497218090691604e-05, 2.4733693862799555e-05, 3.3976099075516686e-05, 3.2574604119872674e-05, 4.582596739055589e-05, 4.654165968531743e-05], [2.4733693862799555e-05, 3.956697037210688e-05, 4.864379661739804e-05, 4.220343544147909e-05, 6.128443783381954e-05, 6.433676753658801e-05], [3.3976099075516686e-05, 4.864379661739804e-05, 7.012593414401636e-05, 5.7623154134489596e-05, 8.562052244087681e-05, 8.950373739935458e-05], [3.2574604119872674e-05, 4.220343544147909e-05, 5.7623154134489596e-05, 0.00033068342600017786, 0.0002793125750031322, 0.0001918407651828602], [4.582596739055589e-05, 6.128443783381954e-05, 8.562052244087681e-05, 0.0002793125750031322, 0.0003521680773701519, 0.00026686888304539025], [4.654165968531743e-05, 6.433676753658801e-05, 8.950373739935458e-05, 0.0001918407651828602, 0.00026686888304539025, 0.0002344542444916442]]</COVARIANCE_MATRIX>
		<ROI_SIZE>391</ROI_SIZE>
		<MAX_VALUE>[0.11923874169588089, 0.11614585667848587, 0.12110668420791626, 0.14241471886634827, 0.09757539629936218, 0.08521297574043274]</MAX_VALUE>
		<MIN_VALUE>[0.088994599878788, 0.08027258515357971, 0.06866680830717087, 0.0699588730931282, 0.024269949644804, 0.015030844137072563]</MIN_VALUE>
		<SIGNATURE_THRESHOLD_MD>0.0</SIGNATURE_THRESHOLD_MD>
		<SIGNATURE_THRESHOLD_ML>0.0</SIGNATURE_THRESHOLD_ML>
		<SIGNATURE_THRESHOLD_SAM>0.0</SIGNATURE_THRESHOLD_SAM>
	</signature>
	<signature ID="20220209_114429919411_216">
		<MACROCLASSID>1</MACROCLASSID>
		<MACROCLASSINFO>waterbody</MACROCLASSINFO>
		<CLASSID>15</CLASSID>
		<CLASSINFO>C 1</CLASSINFO>
		<VALUES>[0.09845816184367455, 0.004502667403156929, 0.0949261786549219, 0.007642091463286481, 0.08995818020775916, 0.009740110418013948, 0.09987155560936246, 0.01722295666811252, 0.05947480826372544, 0.01800551558631165, 0.043485365791379356, 0.01545362517393034]</VALUES>
		<LCS_MIN>[0.08624511957168579, 0.07429371774196625, 0.06314681470394135, 0.0699588730931282, 0.028712701052427292, 0.015030844137072563]</LCS_MIN>
		<LCS_MAX>[0.11236506700515747, 0.1191352903842926, 0.12110668420791626, 0.13896444439888, 0.09757539629936218, 0.08840307593345642]</LCS_MAX>
		<WAVELENGTH>[1.0, 2.0, 3.0, 4.0, 5.0, 6.0]</WAVELENGTH>
		<MEAN_VALUE>[0.09845816184367455, 0.0949261786549219, 0.08995818020775916, 0.09987155560936246, 0.05947480826372544, 0.043485365791379356]</MEAN_VALUE>
		<CHECKBOX>2</CHECKBOX>
		<SD>[0.004502667403156929, 0.007642091463286481, 0.009740110418013948, 0.01722295666811252, 0.01800551558631165, 0.01545362517393034]</SD>
		<WAVELENGTH_UNIT>E-6m</WAVELENGTH_UNIT>
		<COLOR>#d7373d</COLOR>
		<COVARIANCE_MATRIX>[[2.7819969545817003e-05, 4.0770068153506145e-05, 5.2668863645521924e-05, 1.4365291463036556e-05, 3.937873771064915e-05, 5.0506354455137625e-05], [4.0770068153506145e-05, 7.427403033943847e-05, 8.90083538251929e-05, 1.5488629969695467e-06, 3.827326509053819e-05, 6.411503272829577e-05], [5.2668863645521924e-05, 8.90083538251929e-05, 0.00011993511725449935, 1.701853034319356e-05, 7.11963075445965e-05, 9.859912097454071e-05], [1.4365291463036556e-05, 1.5488629969695467e-06, 1.701853034319356e-05, 0.00036611821269616485, 0.00031456007855013013, 0.00020872370805591345], [3.937873771064915e-05, 3.827326509053819e-05, 7.11963075445965e-05, 0.00031456007855013013, 0.0003924502816516906, 0.00029254352557472885], [5.0506354455137625e-05, 6.411503272829577e-05, 9.859912097454071e-05, 0.00020872370805591345, 0.00029254352557472885, 0.00026930132298730314]]</COVARIANCE_MATRIX>
		<ROI_SIZE>429</ROI_SIZE>
		<MAX_VALUE>[0.11236506700515747, 0.1191352903842926, 0.12110668420791626, 0.13896444439888, 0.09757539629936218, 0.08840307593345642]</MAX_VALUE>
		<MIN_VALUE>[0.08624511957168579, 0.07429371774196625, 0.06314681470394135, 0.0699588730931282, 0.028712701052427292, 0.015030844137072563]</MIN_VALUE>
		<SIGNATURE_THRESHOLD_MD>0.0</SIGNATURE_THRESHOLD_MD>
		<SIGNATURE_THRESHOLD_ML>0.0</SIGNATURE_THRESHOLD_ML>
		<SIGNATURE_THRESHOLD_SAM>0.0</SIGNATURE_THRESHOLD_SAM>
	</signature>
	<signature ID="20220209_114440093450_931">
		<MACROCLASSID>1</MACROCLASSID>
		<MACROCLASSINFO>waterbody</MACROCLASSINFO>
		<CLASSID>16</CLASSID>
		<CLASSINFO>C 1</CLASSINFO>
		<VALUES>[0.10311425296175812, 0.00506204078378356, 0.10009838014634119, 0.007371140940344533, 0.09793423276601566, 0.009562110126049236, 0.09384725905126994, 0.01762158500010424, 0.06385365394978888, 0.02047113538618739, 0.051318193747041115, 0.01640426693952828]</VALUES>
		<LCS_MIN>[0.09174405038356781, 0.08027258515357971, 0.0741867870092392, 0.05960804224014282, 0.026491327211260796, 0.018220940604805946]</LCS_MIN>
		<LCS_MAX>[0.1219882071018219, 0.1281036138534546, 0.12938666343688965, 0.13206389546394348, 0.10423951596021652, 0.08840307593345642]</LCS_MAX>
