<?xml version="1.0" ?>
<signaturelist MCID_LIST="[['1', 'waterbody', '#000000'], ['2', 'vegetation', '#000000'], ['3', 'bareland', '#000000'], ['4', 'built-up', '#000000']]">
	<signature ID="20210616_102324775732_548">
		<MACROCLASSID>1</MACROCLASSID>
		<MACROCLASSINFO>waterbody</MACROCLASSINFO>
		<CLASSID>1</CLASSID>
		<CLASSINFO>C 1</CLASSINFO>
		<VALUES>[0.11539306320471344, 0.0016735587545278654, 0.07848014679703591, 0.0018068836091154374, 0.05206748380236588, 0.0017741295508075202, 0.03507144227378051, 0.0017458529816895734, 0.011483852701490632, 0.002160031570237062, 0.007978292833245275, 0.002495334501127714]</VALUES>
		<LCS_MIN>[0.10818401724100113, 0.06652797758579254, 0.04677414894104004, 0.03047584742307663, 0.0021944569889456034, 0.0]</LCS_MIN>
		<LCS_MAX>[0.12138865143060684, 0.0856708213686943, 0.05855655297636986, 0.04152276739478111, 0.018789788708090782, 0.019446276128292084]</LCS_MAX>
		<WAVELENGTH>[0.485, 0.56, 0.66, 0.83, 1.65, 2.215]</WAVELENGTH>
		<MEAN_VALUE>[0.11539306320471344, 0.07848014679703591, 0.05206748380236588, 0.03507144227378051, 0.011483852701490632, 0.007978292833245275]</MEAN_VALUE>
		<CHECKBOX>2</CHECKBOX>
		<SD>[0.0016735587545278654, 0.0018068836091154374, 0.0017741295508075202, 0.0017458529816895734, 0.002160031570237062, 0.002495334501127714]</SD>
		<WAVELENGTH_UNIT>E-6m</WAVELENGTH_UNIT>
		<COLOR>#01d18a</COLOR>
		<COVARIANCE_MATRIX>[[2.7478914750379357e-06, 5.058963699294028e-07, 2.6216063299199737e-07, 1.7502934947231504e-07, 2.5412794636131697e-07, 1.8261541717073765e-07], [5.058963699294028e-07, 3.112358157778055e-06, 1.1193465834702547e-07, 2.0895747700402083e-07, 1.4100047021589469e-07, 7.729335520402227e-08], [2.6216063299199737e-07, 1.1193465834702547e-07, 3.1613760010902293e-06, 1.4433483511753208e-07, 1.6374161045535975e-07, 1.853228167560995e-07], [1.7502934947231504e-07, 2.0895747700402083e-07, 1.4433483511753208e-07, 3.239948119704901e-06, 1.7450935653885e-07, 4.87225032693831e-08], [2.5412794636131697e-07, 1.4100047021589469e-07, 1.6374161045535975e-07, 1.7450935653885e-07, 4.8753256123849865e-06, 2.2417202586357605e-07], [1.8261541717073765e-07, 7.729335520402227e-08, 1.853228167560995e-07, 4.87225032693831e-08, 2.2417202586357605e-07, 6.2741418906737e-06]]</COVARIANCE_MATRIX>
		<ROI_SIZE>10201</ROI_SIZE>
		<MAX_VALUE>[0.12138865143060684, 0.0856708213686943, 0.05855655297636986, 0.04152276739478111, 0.018789788708090782, 0.019446276128292084]</MAX_VALUE>
		<MIN_VALUE>[0.10818401724100113, 0.06652797758579254, 0.04677414894104004, 0.03047584742307663, 0.0021944569889456034, 0.0]</MIN_VALUE>
		<SIGNATURE_THRESHOLD_MD>0</SIGNATURE_THRESHOLD_MD>
		<SIGNATURE_THRESHOLD_ML>0</SIGNATURE_THRESHOLD_ML>
		<SIGNATURE_THRESHOLD_SAM>0</SIGNATURE_THRESHOLD_SAM>
	</signature>
	<signature ID="20210616_102328914187_335">
		<MACROCLASSID>1</MACROCLASSID>
		<MACROCLASSINFO>waterbody</MACROCLASSINFO>
		<CLASSID>2</CLASSID>
		<CLASSINFO>C 1</CLASSINFO>
		<VALUES>[0.11725633909845927, 0.0016549086882843996, 0.07927144901587256, 0.0017459581228471681, 0.05368075792004557, 0.0017983901649746132, 0.037397490109842786, 0.0017298089975122286, 0.015354923678257715, 0.0020309169373840053, 0.010850436545535016, 0.0024953292722741834]</VALUES>
		<LCS_MIN>[0.1111183762550354, 0.072908915579319, 0.04677414894104004, 0.03047584742307663, 0.006935979705303907, 0.0024231423158198595]</LCS_MIN>
		<LCS_MAX>[0.12725739181041718, 0.09205177426338196, 0.06739334762096405, 0.048887379467487335, 0.023531313985586166, 0.019446276128292084]</LCS_MAX>
		<WAVELENGTH>[0.485, 0.56, 0.66, 0.83, 1.65, 2.215]</WAVELENGTH>
		<MEAN_VALUE>[0.11725633909845927, 0.07927144901587256, 0.05368075792004557, 0.037397490109842786, 0.015354923678257715, 0.010850436545535016]</MEAN_VALUE>
		<CHECKBOX>2</CHECKBOX>
		<SD>[0.0016549086882843996, 0.0017459581228471681, 0.0017983901649746132, 0.0017298089975122286, 0.0020309169373840053, 0.0024953292722741834]</SD>
		<WAVELENGTH_UNIT>E-6m</WAVELENGTH_UNIT>
		<COLOR>#d51df7</COLOR>
		<COVARIANCE_MATRIX>[[2.810119515429583e-06, 5.076787987538522e-07, 4.961255939008933e-07, 4.4566627106831264e-07, 2.2263729988482002e-07, 1.888934475605798e-07], [5.076787987538522e-07, 3.1370116698330845e-06, 4.6109457865844884e-07, 5.304371538209195e-07, 1.9132472375634976e-07, 1.6808619450992726e-07], [4.961255939008933e-07, 4.6109457865844884e-07, 3.373721109865983e-06, 5.972204234562122e-07, 3.621791762431235e-07, 1.0550791167268274e-07], [4.4566627106831264e-07, 5.304371538209195e-07, 5.972204234562122e-07, 3.0689853032836526e-06, 3.4446175735433254e-07, 2.765936312909647e-07], [2.2263729988482002e-07, 1.9132472375634976e-07, 3.621791762431235e-07, 3.4446175735433254e-07, 4.10293512873475e-06, 3.4053817743881215e-07], [1.888934475605798e-07, 1.6808619450992726e-07, 1.0550791167268274e-07, 2.765936312909647e-07, 3.4053817743881215e-07, 6.195674424625325e-06]]</COVARIANCE_MATRIX>
		<ROI_SIZE>10200</ROI_SIZE>
		<MAX_VALUE>[0.12725739181041718, 0.09205177426338196, 0.06739334762096405, 0.048887379467487335, 0.023531313985586166, 0.019446276128292084]</MAX_VALUE>
		<MIN_VALUE>[0.1111183762550354, 0.072908915579319, 0.04677414894104004, 0.03047584742307663, 0.006935979705303907, 0.0024231423158198595]</MIN_VALUE>
		<SIGNATURE_THRESHOLD_MD>0</SIGNATURE_THRESHOLD_MD>
		<SIGNATURE_THRESHOLD_ML>0</SIGNATURE_THRESHOLD_ML>
		<SIGNATURE_THRESHOLD_SAM>0</SIGNATURE_THRESHOLD_SAM>
	</signature>
	<signature ID="20210616_102331969563_839">
		<MACROCLASSID>1</MACROCLASSID>
		<MACROCLASSINFO>waterbody</MACROCLASSINFO>
		<CLASSID>3</CLASSID>
		<CLASSINFO>C 1</CLASSINFO>
		<VALUES>[0.12977629849816397, 0.0016274340129378516, 0.1094493415895171, 0.0020243129395520975, 0.07060531752534432, 0.0017506114708256788, 0.03666710601965886, 0.0017747489059024902, 0.009400242318709702, 0.0019532657481829154, 0.006212923161434949, 0.002578307042066705]</VALUES>
		<LCS_MIN>[0.1243230402469635, 0.10162319988012314, 0.06444774568080902, 0.03047584742307663, 0.0021944569889456034, 0.0]</LCS_MIN>
		<LCS_MAX>[0.13606049120426178, 0.11757557839155197, 0.07623015344142914, 0.04152276739478111, 0.016419028863310814, 0.016041649505496025]</LCS_MAX>
		<WAVELENGTH>[0.485, 0.56, 0.66, 0.83, 1.65, 2.215]</WAVELENGTH>
		<MEAN_VALUE>[0.12977629849816397, 0.1094493415895171, 0.07060531752534432, 0.03666710601965886, 0.009400242318709702, 0.006212923161434949]</MEAN_VALUE>
		<CHECKBOX>2</CHECKBOX>
		<SD>[0.0016274340129378516, 0.0020243129395520975, 0.0017506114708256788, 0.0017747489059024902, 0.0019532657481829154, 0.002578307042066705]</SD>
		<WAVELENGTH_UNIT>E-6m</WAVELENGTH_UNIT>
		<COLOR>#41f340</COLOR>
		<COVARIANCE_MATRIX>[[2.6876229301157173e-06, 3.46933400706313e-07, 2.841625094847583e-07, 7.388260320164074e-08, 3.3869398518118035e-08, 2.147150323554456e-08], [3.46933400706313e-07, 4.106561628213476e-06, 5.983205601055153e-07, 3.5688519638122857e-07, -8.479559884078295e-08, -5.166756963207607e-08], [2.841625094847583e-07, 5.983205601055153e-07, 2.9957680560207527e-06, 1.2778219667741984e-07, 2.4045384475899964e-08, -1.3465935355876042e-07], [7.388260320164074e-08, 3.5688519638122857e-07, 1.2778219667741984e-07, 3.068735842229405e-06, 1.6233488530998725e-08, 5.233532585906463e-09], [3.3869398518118035e-08, -8.479559884078295e-08, 2.4045384475899964e-08, 1.6233488530998725e-08, 3.857861817166297e-06, 6.167406643664273e-08], [2.147150323554456e-08, -5.166756963207607e-08, -1.3465935355876042e-07, 5.233532585906463e-09, 6.167406643664273e-08, 6.5448576402151e-06]]</COVARIANCE_MATRIX>
		<ROI_SIZE>10199</ROI_SIZE>
		<MAX_VALUE>[0.13606049120426178, 0.11757557839155197, 0.07623015344142914, 0.04152276739478111, 0.016419028863310814, 0.016041649505496025]</MAX_VALUE>
		<MIN_VALUE>[0.1243230402469635, 0.10162319988012314, 0.06444774568080902, 0.03047584742307663, 0.0021944569889456034, 0.0]</MIN_VALUE>
		<SIGNATURE_THRESHOLD_MD>0</SIGNATURE_THRESHOLD_MD>
		<SIGNATURE_THRESHOLD_ML>0</SIGNATURE_THRESHOLD_ML>
		<SIGNATURE_THRESHOLD_SAM>0</SIGNATURE_THRESHOLD_SAM>
	</signature>
	<signature ID="20210616_102336297104_711">
		<MACROCLASSID>1</MACROCLASSID>
		<MACROCLASSINFO>waterbody</MACROCLASSINFO>
		<CLASSID>4</CLASSID>
		<CLASSINFO>C 1</CLASSINFO>
		<VALUES>[0.13434780946265706, 0.0020309908639715725, 0.129239762339606, 0.003197212066535607, 0.11527636161584269, 0.005156578576365405, 0.05306126749075381, 0.004713421644215452, 0.009802440309277705, 0.0020121839762102275, 0.00628004309954891, 0.0025282697307691788]</VALUES>
		<LCS_MIN>[0.12725739181041718, 0.11757557839155197, 0.10274055600166321, 0.04152276739478111, 0.0, 0.0]</LCS_MIN>
		<LCS_MAX>[0.1419292390346527, 0.13671843707561493, 0.13808774948120117, 0.07466351985931396, 0.016419028863310814, 0.016041649505496025]</LCS_MAX>
		<WAVELENGTH>[0.485, 0.56, 0.66, 0.83, 1.65, 2.215]</WAVELENGTH>
		<MEAN_VALUE>[0.13434780946265706, 0.129239762339606, 0.11527636161584269, 0.05306126749075381, 0.009802440309277705, 0.00628004309954891]</MEAN_VALUE>
		<CHECKBOX>2</CHECKBOX>
		<SD>[0.0020309908639715725, 0.003197212066535607, 0.005156578576365405, 0.004713421644215452, 0.0020121839762102275, 0.0025282697307691788]</SD>
		<WAVELENGTH_UNIT>E-6m</WAVELENGTH_UNIT>
		<COLOR>#9ff14e</COLOR>
		<COVARIANCE_MATRIX>[[3.920157834922203e-06, 2.5759866397352465e-06, 3.0961778020326064e-06, 1.8095007238891167e-06, 9.821700981501516e-08, -3.235455658951727e-08], [2.5759866397352465e-06, 9.051429494555904e-06, 7.883983604806132e-06, 5.415840878367051e-06, -4.713205530616006e-08, -1.0254679221952995e-07], [3.0961778020326064e-06, 7.883983604806132e-06, 2.2074425593258663e-05, 1.6638921032096533e-05, 1.8886828060718657e-07, -3.2583620181684146e-07], [1.8095007238891167e-06, 5.415840878367051e-06, 1.6638921032096533e-05, 1.9771300057303824e-05, 1.982448050842172e-07, -5.352067257128988e-08], [9.821700981501516e-08, -4.713205530616006e-08, 1.8886828060718657e-07, 1.982448050842172e-07, 4.1134828725763985e-06, 1.0714819096562017e-07], [-3.235455658951727e-08, -1.0254679221952995e-07, -3.2583620181684146e-07, -5.352067257128988e-08, 1.0714819096562017e-07, 6.378513078812978e-06]]</COVARIANCE_MATRIX>
		<ROI_SIZE>10201</ROI_SIZE>
		<MAX_VALUE>[0.1419292390346527, 0.13671843707561493, 0.13808774948120117, 0.07466351985931396, 0.016419028863310814, 0.016041649505496025]</MAX_VALUE>
		<MIN_VALUE>[0.12725739181041718, 0.11757557839155197, 0.10274055600166321, 0.04152276739478111, 0.0, 0.0]</MIN_VALUE>
		<SIGNATURE_THRESHOLD_MD>0</SIGNATURE_THRESHOLD_MD>
		<SIGNATURE_THRESHOLD_ML>0</SIGNATURE_THRESHOLD_ML>
		<SIGNATURE_THRESHOLD_SAM>0</SIGNATURE_THRESHOLD_SAM>
	</signature>
	<signature ID="20210616_102341965352_614">
		<MACROCLASSID>1</MACROCLASSID>
		<MACROCLASSINFO>waterbody</MACROCLASSINFO>
		<CLASSID>5</CLASSID>
		<CLASSINFO>C 1</CLASSINFO>
		<VALUES>[0.12701964185453266, 0.0022795710989898304, 0.10156634066241596, 0.004108691635234437, 0.06415027564655855, 0.004420210899760594, 0.03848456021508949, 0.0025005890980061337, 0.010026186122558983, 0.0021119117570260492, 0.006366401364129311, 0.00257561550968879]</VALUES>
		<LCS_MIN>[0.1199214830994606, 0.09205177426338196, 0.05561095103621483, 0.03047584742307663, 0.0021944569889456034, 0.0]</LCS_MIN>
		<LCS_MAX>[0.1375276744365692, 0.1207660436630249, 0.09684934467077255, 0.052569687366485596, 0.02116055227816105, 0.019446276128292084]</LCS_MAX>
		<WAVELENGTH>[0.485, 0.56, 0.66, 0.83, 1.65, 2.215]</WAVELENGTH>
		<MEAN_VALUE>[0.12701964185453266, 0.10156634066241596, 0.06415027564655855, 0.03848456021508949, 0.010026186122558983, 0.006366401364129311]</MEAN_VALUE>
		<CHECKBOX>2</CHECKBOX>
		<SD>[0.0022795710989898304, 0.004108691635234437, 0.004420210899760594, 0.0025005890980061337, 0.0021119117570260492, 0.00257561550968879]</SD>
		<WAVELENGTH_UNIT>E-6m</WAVELENGTH_UNIT>
		<COLOR>#8c1151</COLOR>
		<COVARIANCE_MATRIX>[[4.9494860375262115e-06, 5.271446323535052e-06, 5.37272834174491e-06, 2.8728586871448234e-06, 5.928652933170756e-07, 1.8424335178349051e-07], [5.271446323535052e-06, 1.5508960319903498e-05, 1.146903623719114e-05, 5.955801049970768e-06, 1.1152402449746793e-06, 1.5069000058948023e-07], [5.37272834174491e-06, 1.146903623719114e-05, 1.6023724742159914e-05, 6.190784121295255e-06, 1.234222475557557e-06, 2.4536749526867657e-07], [2.8728586871448234e-06, 5.955801049970768e-06, 6.190784121295255e-06, 5.939969843582729e-06, 7.408685780746969e-07, 2.7283427785921264e-07], [5.928652933170756e-07, 1.1152402449746793e-06, 1.234222475557557e-06, 7.408685780746969e-07, 4.345889107909533e-06, 2.397391781152144e-07], [1.8424335178349051e-07, 1.5069000058948023e-07, 2.4536749526867657e-07, 2.7283427785921264e-07, 2.397391781152144e-07, 6.620354206786551e-06]]</COVARIANCE_MATRIX>
		<ROI_SIZE>10201</ROI_SIZE>
		<MAX_VALUE>[0.1375276744365692, 0.1207660436630249, 0.09684934467077255, 0.052569687366485596, 0.02116055227816105, 0.019446276128292084]</MAX_VALUE>
		<MIN_VALUE>[0.1199214830994606, 0.09205177426338196, 0.05561095103621483, 0.03047584742307663, 0.0021944569889456034, 0.0]</MIN_VALUE>
		<SIGNATURE_THRESHOLD_MD>0</SIGNATURE_THRESHOLD_MD>
		<SIGNATURE_THRESHOLD_ML>0</SIGNATURE_THRESHOLD_ML>
		<SIGNATURE_THRESHOLD_SAM>0</SIGNATURE_THRESHOLD_SAM>
	</signature>
	<signature ID="20210616_102348854266_118">
		<MACROCLASSID>1</MACROCLASSID>
		<MACROCLASSINFO>waterbody</MACROCLASSINFO>
		<CLASSID>6</CLASSID>
		<CLASSINFO>C 1</CLASSINFO>
		<VALUES>[0.13081397954927815, 0.0016302690617630423, 0.12299780378198083, 0.003683543778504987, 0.10386532144159928, 0.012396723644509087, 0.04575802622725653, 0.007393017923571484, 0.008983627561419886, 0.001942617019797358, 0.00573977968108413, 0.002550014429736422]</VALUES>
		<LCS_MIN>[0.1243230402469635, 0.11438509076833725, 0.07917574793100357, 0.03415815904736519, 0.0, 0.0]</LCS_MIN>
		<LCS_MAX>[0.1375276744365692, 0.133527934551239, 0.12925094366073608, 0.06361660361289978, 0.016419028863310814, 0.012637022882699966]</LCS_MAX>
		<WAVELENGTH>[0.485, 0.56, 0.66, 0.83, 1.65, 2.215]</WAVELENGTH>
		<MEAN_VALUE>[0.13081397954927815, 0.12299780378198083, 0.10386532144159928, 0.04575802622725653, 0.008983627561419886, 0.00573977968108413]</MEAN_VALUE>
		<CHECKBOX>2</CHECKBOX>
		<SD>[0.0016302690617630423, 0.003683543778504987, 0.012396723644509087, 0.007393017923571484, 0.001942617019797358, 0.002550014429736422]</SD>
		<WAVELENGTH_UNIT>E-6m</WAVELENGTH_UNIT>
		<COLOR>#388297</COLOR>
		<COVARIANCE_MATRIX>[[2.6485649403717376e-06, 1.2142454000049946e-06, 4.031161232701775e-06, 1.6087965076873512e-06, -1.9314932588914832e-09, -2.3563370161221928e-08], [1.2142454000049946e-06, 1.4459809635157105e-05, 4.157392142771265e-05, 2.3194226391640913e-05, -1.8715736671791936e-07, -2.9720379773887144e-07], [4.031161232701775e-06, 4.157392142771265e-05, 0.00016916157034198252, 9.504961700055903e-05, -5.127709262559608e-07, -1.1791628980116598e-06], [1.6087965076873512e-06, 2.3194226391640913e-05, 9.504961700055903e-05, 6.318454945813879e-05, -1.9251131108358864e-07, -5.607205269982526e-07], [-1.9314932588914832e-09, -1.8715736671791936e-07, -5.127709262559608e-07, -1.9251131108358864e-07, 3.697711700276749e-06, 7.035951999792654e-08], [-2.3563370161221928e-08, -2.9720379773887144e-07, -1.1791628980116598e-06, -5.607205269982526e-07, 7.035951999792654e-08, 6.493124559268864e-06]]</COVARIANCE_MATRIX>
		<ROI_SIZE>10201</ROI_SIZE>
		<MAX_VALUE>[0.1375276744365692, 0.133527934551239, 0.12925094366073608, 0.06361660361289978, 0.016419028863310814, 0.012637022882699966]</MAX_VALUE>
		<MIN_VALUE>[0.1243230402469635, 0.11438509076833725, 0.07917574793100357, 0.03415815904736519, 0.0, 0.0]</MIN_VALUE>
		<SIGNATURE_THRESHOLD_MD>0</SIGNATURE_THRESHOLD_MD>
		<SIGNATURE_THRESHOLD_ML>0</SIGNATURE_THRESHOLD_ML>
		<SIGNATURE_THRESHOLD_SAM>0</SIGNATURE_THRESHOLD_SAM>
	</signature>
	<signature ID="20210616_102352271238_583">
		<MACROCLASSID>1</MACROCLASSID>
		<MACROCLASSINFO>waterbody</MACROCLASSINFO>
		<CLASSID>7</CLASSID>
		<CLASSINFO>C 1</CLASSINFO>
		<VALUES>[0.12471731381696315, 0.0022394424128035686, 0.10159884607012189, 0.003975544572897618, 0.06402870417636557, 0.0041670315545657395, 0.03859749241970541, 0.0027724114267408738, 0.008638021158326566, 0.0024244901223616, 0.0052108939170435456, 0.002741558907958675]</VALUES>
		<LCS_MIN>[0.1155199334025383, 0.07928987592458725, 0.0526653528213501, 0.03047584742307663, 0.0, 0.0]</LCS_MIN>
		<LCS_MAX>[0.13165894150733948, 0.11119462549686432, 0.08506695926189423, 0.07466351985931396, 0.044868167489767075, 0.02966015413403511]</LCS_MAX>
		<WAVELENGTH>[0.485, 0.56, 0.66, 0.83, 1.65, 2.215]</WAVELENGTH>
		<MEAN_VALUE>[0.12471731381696315, 0.10159884607012189, 0.06402870417636557, 0.03859749241970541, 0.008638021158326566, 0.0052108939170435456]</MEAN_VALUE>
		<CHECKBOX>2</CHECKBOX>
		<SD>[0.0022394424128035686, 0.003975544572897618, 0.0041670315545657395, 0.0027724114267408738, 0.0024244901223616, 0.002741558907958675]</SD>
		<WAVELENGTH_UNIT>E-6m</WAVELENGTH_UNIT>
		<COLOR>#e3b487</COLOR>
		<COVARIANCE_MATRIX>[[4.5308369152047195e-06, 3.7079709719211426e-06, 3.6683210298442767e-06, 8.911007448552172e-07, -5.417768200825075e-08, -1.2757979590528804e-07], [3.7079709719211426e-06, 1.3183863020162523e-05, 9.954887514709196e-06, 3.5009347150541187e-06, 4.514619679499624e-08, -4.4865747662728354e-07], [3.6683210298442767e-06, 9.954887514709196e-06, 1.481216369248116e-05, 4.7491060433436624e-06, 6.452091648492381e-07, -2.1045916884810759e-07], [8.911007448552172e-07, 3.5009347150541187e-06, 4.7491060433436624e-06, 6.812304226770347e-06, 1.743000295909681e-06, 8.945062737905703e-07], [-5.417768200825075e-08, 4.514619679499624e-08, 6.452091648492381e-07, 1.743000295909681e-06, 4.990417975332128e-06, 1.0018626336421977e-06], [-1.2757979590528804e-07, -4.4865747662728354e-07, -2.1045916884810759e-07, 8.945062737905703e-07, 1.0018626336421977e-06, 7.174430813051896e-06]]</COVARIANCE_MATRIX>
		<ROI_SIZE>9840</ROI_SIZE>
		<MAX_VALUE>[0.13165894150733948, 0.11119462549686432, 0.08506695926189423, 0.07466351985931396, 0.044868167489767075, 0.02966015413403511]</MAX_VALUE>
		<MIN_VALUE>[0.1155199334025383, 0.07928987592458725, 0.0526653528213501, 0.03047584742307663, 0.0, 0.0]</MIN_VALUE>
		<SIGNATURE_THRESHOLD_MD>0</SIGNATURE_THRESHOLD_MD>
		<SIGNATURE_THRESHOLD_ML>0</SIGNATURE_THRESHOLD_ML>
		<SIGNATURE_THRESHOLD_SAM>0</SIGNATURE_THRESHOLD_SAM>
	</signature>
	<signature ID="20210616_102356356345_546">
		<MACROCLASSID>1</MACROCLASSID>
		<MACROCLASSINFO>waterbody</MACROCLASSINFO>
		<CLASSID>8</CLASSID>
		<CLASSINFO>C 1</CLASSINFO>
		<VALUES>[0.12656350777708913, 0.00183454014106269, 0.10089613023665887, 0.0027676736319772687, 0.062438328925016016, 0.0027233068259570293, 0.037728046532412775, 0.0015511674637978027, 0.00961893143000928, 0.0021337547419440373, 0.006300298859774078, 0.0025879894320061307]</VALUES>
		<LCS_MIN>[0.11845429986715317, 0.09205177426338196, 0.05561095103621483, 0.03047584742307663, 0.0021944569889456034, 0.0]</LCS_MIN>
		<LCS_MAX>[0.1331261247396469, 0.11119462549686432, 0.07917574793100357, 0.05993429571390152, 0.03301435708999634, 0.0262555293738842]</LCS_MAX>
		<WAVELENGTH>[0.485, 0.56, 0.66, 0.83, 1.65, 2.215]</WAVELENGTH>
		<MEAN_VALUE>[0.12656350777708913, 0.10089613023665887, 0.062438328925016016, 0.037728046532412775, 0.00961893143000928, 0.006300298859774078]</MEAN_VALUE>
		<CHECKBOX>2</CHECKBOX>
		<SD>[0.00183454014106269, 0.0027676736319772687, 0.0027233068259570293, 0.0015511674637978027, 0.0021337547419440373, 0.0025879894320061307]</SD>
		<WAVELENGTH_UNIT>E-6m</WAVELENGTH_UNIT>
		<COLOR>#1fb0cc</COLOR>
		<COVARIANCE_MATRIX>[[3.4132038129868455e-06, 1.617309380706151e-06, 8.895462516382056e-07, -2.0941431327247894e-08, -1.0431277171946377e-07, -1.9004998704770213e-08], [1.617309380706151e-06, 7.818257380693054e-06, 3.0567657333857128e-06, 2.5735556114432384e-07, -2.952030862748623e-07, -1.2923572598378132e-07], [8.895462516382056e-07, 3.0567657333857128e-06, 7.5706557275000326e-06, 5.215539588707992e-07, 1.0261142141846325e-08, -4.534423422696332e-08], [-2.0941431327247894e-08, 2.5735556114432384e-07, 5.215539588707992e-07, 2.419389076084523e-06, 2.192607073894616e-07, 1.6873033446973575e-07], [-1.0431277171946377e-07, -2.952030862748623e-07, 1.0261142141846325e-08, 2.192607073894616e-07, 4.357483978563717e-06, 3.4476395929622985e-07], [-1.9004998704770213e-08, -1.2923572598378132e-07, -4.534423422696332e-08, 1.6873033446973575e-07, 3.4476395929622985e-07, 6.556029475292394e-06]]</COVARIANCE_MATRIX>
		<ROI_SIZE>10201</ROI_SIZE>
		<MAX_VALUE>[0.1331261247396469, 0.11119462549686432, 0.07917574793100357, 0.05993429571390152, 0.03301435708999634, 0.0262555293738842]</MAX_VALUE>
		<MIN_VALUE>[0.11845429986715317, 0.09205177426338196, 0.05561095103621483, 0.03047584742307663, 0.0021944569889456034, 0.0]</MIN_VALUE>
		<SIGNATURE_THRESHOLD_MD>0</SIGNATURE_THRESHOLD_MD>
		<SIGNATURE_THRESHOLD_ML>0</SIGNATURE_THRESHOLD_ML>
		<SIGNATURE_THRESHOLD_SAM>0</SIGNATURE_THRESHOLD_SAM>
	</signature>
	<signature ID="20210616_102400516374_600">
		<MACROCLASSID>1</MACROCLASSID>
		<MACROCLASSINFO>waterbody</MACROCLASSINFO>
		<CLASSID>9</CLASSID>
		<CLASSINFO>C 1</CLASSINFO>
		<VALUES>[0.1316080101619358, 0.002913747297433451, 0.12906575270777554, 0.005694361453783844, 0.11582084453180351, 0.0067116152249799155, 0.06340916391607282, 0.007791390571509235, 0.013987625166365427, 0.006459544184083516, 0.008483230649072786, 0.005132351435572151]</VALUES>
		<LCS_MIN>[0.11258555203676224, 0.09524225443601608, 0.07917574793100357, 0.052569687366485596, 0.0045652189292013645, 0.0]</LCS_MIN>
		<LCS_MAX>[0.13899487257003784, 0.13671843707561493, 0.12630534172058105, 0.09675735235214233, 0.051980454474687576, 0.039874035865068436]</LCS_MAX>
		<WAVELENGTH>[0.485, 0.56, 0.66, 0.83, 1.65, 2.215]</WAVELENGTH>
		<MEAN_VALUE>[0.1316080101619358, 0.12906575270777554, 0.11582084453180351, 0.06340916391607282, 0.013987625166365427, 0.008483230649072786]</MEAN_VALUE>
		<CHECKBOX>2</CHECKBOX>
		<SD>[0.002913747297433451, 0.005694361453783844, 0.0067116152249799155, 0.007791390571509235, 0.006459544184083516, 0.005132351435572151]</SD>
		<WAVELENGTH_UNIT>E-6m</WAVELENGTH_UNIT>
		<COLOR>#66c998</COLOR>
		<COVARIANCE_MATRIX>[[7.072026121061239e-06, 9.920662803855813e-06, 1.1420007435358208e-05, -8.939962753121322e-06, -6.3212681751277014e-06, -3.490119997610167e-06], [9.920662803855813e-06, 2.5238807756166782e-05, 2.5007929245666545e-05, -2.2105336230466195e-05, -1.769833858177374e-05, -1.1102932868731701e-05], [1.1420007435358208e-05, 2.5007929245666545e-05, 3.493141280860494e-05, -1.960354935895138e-05, -1.7548821480536788e-05, -1.1056642406781766e-05], [-8.939962753121322e-06, -2.2105336230466195e-05, -1.960354935895138e-05, 7.323932185875561e-05, 4.2962498904251434e-05, 2.4122165503561363e-05], [-6.3212681751277014e-06, -1.769833858177374e-05, -1.7548821480536788e-05, 4.2962498904251434e-05, 3.9894526536941693e-05, 2.309701510834216e-05], [-3.490119997610167e-06, -1.1102932868731701e-05, -1.1056642406781766e-05, 2.4122165503561363e-05, 2.309701510834216e-05, 2.2872899575282294e-05]]</COVARIANCE_MATRIX>
		<ROI_SIZE>5348</ROI_SIZE>
		<MAX_VALUE>[0.13899487257003784, 0.13671843707561493, 0.12630534172058105, 0.09675735235214233, 0.051980454474687576, 0.039874035865068436]</MAX_VALUE>
		<MIN_VALUE>[0.11258555203676224, 0.09524225443601608, 0.07917574793100357, 0.052569687366485596, 0.0045652189292013645, 0.0]</MIN_VALUE>
		<SIGNATURE_THRESHOLD_MD>0</SIGNATURE_THRESHOLD_MD>
		<SIGNATURE_THRESHOLD_ML>0</SIGNATURE_THRESHOLD_ML>
		<SIGNATURE_THRESHOLD_SAM>0</SIGNATURE_THRESHOLD_SAM>
	</signature>
	<signature ID="20210616_102404980738_951">
		<MACROCLASSID>1</MACROCLASSID>
		<MACROCLASSINFO>waterbody</MACROCLASSINFO>
		<CLASSID>10</CLASSID>
		<CLASSINFO>C 1</CLASSINFO>
		<VALUES>[0.12750907881348955, 0.0017218198323630809, 0.12070165850470221, 0.0021006269213929445, 0.12444762966015746, 0.002498206741564369, 0.09407829621094381, 0.005179163343065872, 0.018871127582210614, 0.007018298262670213, 0.011137669520005259, 0.006052968577210732]</VALUES>
		<LCS_MIN>[0.12138865143060684, 0.11438509076833725, 0.1115773543715477, 0.08571043610572815, 0.006935979705303907, 0.0]</LCS_MIN>
		<LCS_MAX>[0.13459330797195435, 0.13033747673034668, 0.13808774948120117, 0.1298981010913849, 0.04960969090461731, 0.039874035865068436]</LCS_MAX>
		<WAVELENGTH>[0.485, 0.56, 0.66, 0.83, 1.65, 2.215]</WAVELENGTH>
		<MEAN_VALUE>[0.12750907881348955, 0.12070165850470221, 0.12444762966015746, 0.09407829621094381, 0.018871127582210614, 0.011137669520005259]</MEAN_VALUE>
		<CHECKBOX>2</CHECKBOX>
		<SD>[0.0017218198323630809, 0.0021006269213929445, 0.002498206741564369, 0.005179163343065872, 0.007018298262670213, 0.006052968577210732]</SD>
		<WAVELENGTH_UNIT>E-6m</WAVELENGTH_UNIT>
		<COLOR>#60912f</COLOR>
		<COVARIANCE_MATRIX>[[2.9676581447502728e-06, 9.713382274991101e-07, 1.0704563803937425e-06, 2.493016328499419e-07, 1.4446275674701637e-06, 8.981346083436805e-07], [9.713382274991101e-07, 4.417090668398882e-06, 2.054110644881369e-06, -4.57480461514011e-07, 8.91518984236052e-07, 8.359941037863766e-07], [1.0704563803937425e-06, 2.054110644881369e-06, 6.247341001298292e-06, -3.0367692491533614e-07, 1.0187632465756089e-07, -3.425807041177617e-07], [2.493016328499419e-07, -4.57480461514011e-07, -3.0367692491533614e-07, 2.685082761388873e-05, 2.495276031133803e-05, 1.8487518839684707e-05], [1.4446275674701637e-06, 8.91518984236052e-07, 1.0187632465756089e-07, 2.495276031133803e-05, 4.930626455481369e-05, 3.6458046810007356e-05], [8.981346083436805e-07, 8.359941037863766e-07, -3.425807041177617e-07, 1.8487518839684707e-05, 3.6458046810007356e-05, 3.6675437110434495e-05]]</COVARIANCE_MATRIX>
		<ROI_SIZE>991</ROI_SIZE>
		<MAX_VALUE>[0.13459330797195435, 0.13033747673034668, 0.13808774948120117, 0.1298981010913849, 0.04960969090461731, 0.039874035865068436]</MAX_VALUE>
		<MIN_VALUE>[0.12138865143060684, 0.11438509076833725, 0.1115773543715477, 0.08571043610572815, 0.006935979705303907, 0.0]</MIN_VALUE>
		<SIGNATURE_THRESHOLD_MD>0</SIGNATURE_THRESHOLD_MD>
		<SIGNATURE_THRESHOLD_ML>0</SIGNATURE_THRESHOLD_ML>
		<SIGNATURE_THRESHOLD_SAM>0</SIGNATURE_THRESHOLD_SAM>
	</signature>
	<signature ID="20210616_102409752938_290">
		<MACROCLASSID>1</MACROCLASSID>
		<MACROCLASSINFO>waterbody</MACROCLASSINFO>
		<CLASSID>11</CLASSID>
		<CLASSINFO>C 1</CLASSINFO>
		<VALUES>[0.12552858841274675, 0.0017353831356488828, 0.11971924378511403, 0.002123499844308129, 0.12290173337479979, 0.0031310582465991833, 0.0858995397063703, 0.006151231599627971, 0.01791385894431368, 0.007922004279273885, 0.01107938533161265, 0.006684318571450437]</VALUES>
		<LCS_MIN>[0.1199214830994606, 0.10800415277481079, 0.09684934467077255, 0.0709812119603157, 0.009306741878390312, 0.0]</LCS_MIN>
		<LCS_MAX>[0.13019175827503204, 0.12714700400829315, 0.1321965456008911, 0.11516888439655304, 0.04960969090461731, 0.039874035865068436]</LCS_MAX>
		<WAVELENGTH>[0.485, 0.56, 0.66, 0.83, 1.65, 2.215]</WAVELENGTH>
		<MEAN_VALUE>[0.12552858841274675, 0.11971924378511403, 0.12290173337479979, 0.0858995397063703, 0.01791385894431368, 0.01107938533161265]</MEAN_VALUE>
		<CHECKBOX>2</CHECKBOX>
		<SD>[0.0017353831356488828, 0.002123499844308129, 0.0031310582465991833, 0.006151231599627971, 0.007922004279273885, 0.006684318571450437]</SD>
		<WAVELENGTH_UNIT>E-6m</WAVELENGTH_UNIT>
		<COLOR>#0dded5</COLOR>
		<COVARIANCE_MATRIX>[[3.078369614540263e-06, 6.981086045648444e-07, 1.3236321957700287e-06, 3.601741600498074e-07, 6.562393993206045e-07, 4.6182999883434905e-07], [6.981086045648444e-07, 3.948649168948003e-06, 2.0962627803156157e-06, -8.485791938651753e-07, -1.144130619215813e-06, -9.748623882002986e-07], [1.3236321957700287e-06, 2.0962627803156157e-06, 7.899278774708963e-06, -1.3270059909781686e-06, -3.25361022900341e-06, -2.733160378573576e-06], [3.601741600498074e-07, -8.485791938651753e-07, -1.3270059909781686e-06, 3.2974550186742383e-05, 2.9910727528311717e-05, 2.3529997879656108e-05], [6.562393993206045e-07, -1.144130619215813e-06, -3.25361022900341e-06, 2.9910727528311717e-05, 5.399526344237054e-05, 3.941856188025799e-05], [4.6182999883434905e-07, -9.748623882002986e-07, -2.733160378573576e-06, 2.3529997879656108e-05, 3.941856188025799e-05, 3.9243202757839845e-05]]</COVARIANCE_MATRIX>
		<ROI_SIZE>1295</ROI_SIZE>
		<MAX_VALUE>[0.13019175827503204, 0.12714700400829315, 0.1321965456008911, 0.11516888439655304, 0.04960969090461731, 0.039874035865068436]</MAX_VALUE>
		<MIN_VALUE>[0.1199214830994606, 0.10800415277481079, 0.09684934467077255, 0.0709812119603157, 0.009306741878390312, 0.0]</MIN_VALUE>
		<SIGNATURE_THRESHOLD_MD>0</SIGNATURE_THRESHOLD_MD>
		<SIGNATURE_THRESHOLD_ML>0</SIGNATURE_THRESHOLD_ML>
		<SIGNATURE_THRESHOLD_SAM>0</SIGNATURE_THRESHOLD_SAM>
	</signature>
	<signature ID="20210616_102415997811_166">
		<MACROCLASSID>1</MACROCLASSID>
		<MACROCLASSINFO>waterbody</MACROCLASSINFO>
		<CLASSID>12</CLASSID>
		<CLASSINFO>C 1</CLASSINFO>
		<VALUES>[0.1284715653918228, 0.001977976392296033, 0.120914060381549, 0.002675241141289385, 0.12212574664911838, 0.0027628885187374282, 0.08317216233661946, 0.005502434222926232, 0.014644844620728605, 0.006443504200994111, 0.008277773378362786, 0.005289968993784941]</VALUES>
		<LCS_MIN>[0.12138865143060684, 0.11119462549686432, 0.10568614304065704, 0.0709812119603157, 0.006935979705303907, 0.0]</LCS_MIN>
		<LCS_MAX>[0.13459330797195435, 0.13033747673034668, 0.12925094366073608, 0.12253349274396896, 0.04960969090461731, 0.043278664350509644]</LCS_MAX>
		<WAVELENGTH>[0.485, 0.56, 0.66, 0.83, 1.65, 2.215]</WAVELENGTH>
		<MEAN_VALUE>[0.1284715653918228, 0.120914060381549, 0.12212574664911838, 0.08317216233661946, 0.014644844620728605, 0.008277773378362786]</MEAN_VALUE>
		<CHECKBOX>2</CHECKBOX>
		<SD>[0.001977976392296033, 0.002675241141289385, 0.0027628885187374282, 0.005502434222926232, 0.006443504200994111, 0.005289968993784941]</SD>
		<WAVELENGTH_UNIT>E-6m</WAVELENGTH_UNIT>
		<COLOR>#d91967</COLOR>
		<COVARIANCE_MATRIX>[[3.914224828174914e-06, 2.1574183342649664e-06, 1.936639207648098e-06, -2.1672971134960047e-06, 1.2550147495200766e-06, 1.090482302235166e-06], [2.1574183342649664e-06, 7.160270492300537e-06, 3.6457983343923185e-06, -6.244603688084724e-06, 2.7336571420166196e-07, 5.698260497893591e-07], [1.936639207648098e-06, 3.6457983343923185e-06, 7.637131754109887e-06, -6.505152321063224e-06, -3.2478616434397615e-06, -2.0632810468972547e-06], [-2.1672971134960047e-06, -6.244603688084724e-06, -6.505152321063224e-06, 3.0290976837253775e-05, 2.016572122568269e-05, 1.4884926986700459e-05], [1.2550147495200766e-06, 2.7336571420166196e-07, -3.2478616434397615e-06, 2.016572122568269e-05, 4.1538211341997235e-05, 2.7240014539080765e-05], [1.090482302235166e-06, 5.698260497893591e-07, -2.0632810468972547e-06, 1.4884926986700459e-05, 2.7240014539080765e-05, 2.799689139822303e-05]]</COVARIANCE_MATRIX>
		<ROI_SIZE>2134</ROI_SIZE>
		<MAX_VALUE>[0.13459330797195435, 0.13033747673034668, 0.12925094366073608, 0.12253349274396896, 0.04960969090461731, 0.043278664350509644]</MAX_VALUE>
		<MIN_VALUE>[0.12138865143060684, 0.11119462549686432, 0.10568614304065704, 0.0709812119603157, 0.006935979705303907, 0.0]</MIN_VALUE>
		<SIGNATURE_THRESHOLD_MD>0</SIGNATURE_THRESHOLD_MD>
		<SIGNATURE_THRESHOLD_ML>0</SIGNATURE_THRESHOLD_ML>
		<SIGNATURE_THRESHOLD_SAM>0</SIGNATURE_THRESHOLD_SAM>
	</signature>
	<signature ID="20210616_102422225449_879">
		<MACROCLASSID>1</MACROCLASSID>
		<MACROCLASSINFO>waterbody</MACROCLASSINFO>
		<CLASSID>13</CLASSID>
		<CLASSINFO>C 1</CLASSINFO>
		<VALUES>[0.12546902248468358, 0.0017185770125676147, 0.12089054309639817, 0.002004273224454053, 0.12369288399165121, 0.0023564526578718037, 0.07782952073547575, 0.0048696436261058094, 0.014305411994755353, 0.006206977338765017, 0.00846627714061892, 0.00530609470569528]</VALUES>
		<LCS_MIN>[0.11845429986715317, 0.10800415277481079, 0.10274055600166321, 0.0709812119603157, 0.006935979705303907, 0.0]</LCS_MIN>
		<LCS_MAX>[0.1331261247396469, 0.12714700400829315, 0.13514213263988495, 0.11148658394813538, 0.04723892733454704, 0.043278664350509644]</LCS_MAX>
		<WAVELENGTH>[0.485, 0.56, 0.66, 0.83, 1.65, 2.215]</WAVELENGTH>
		<MEAN_VALUE>[0.12546902248468358, 0.12089054309639817, 0.12369288399165121, 0.07782952073547575, 0.014305411994755353, 0.00846627714061892]</MEAN_VALUE>
		<CHECKBOX>2</CHECKBOX>
		<SD>[0.0017185770125676147, 0.002004273224454053, 0.0023564526578718037, 0.0048696436261058094, 0.006206977338765017, 0.00530609470569528]</SD>
		<WAVELENGTH_UNIT>E-6m</WAVELENGTH_UNIT>
		<COLOR>#d7c9cc</COLOR>
		<COVARIANCE_MATRIX>[[2.8883355124655835e-06, 5.316354106993405e-07, 3.8080630986312476e-07, -2.6855519502311643e-07, 2.4813287833072486e-07, 4.3484882792872084e-07], [5.316354106993405e-07, 3.637081107728376e-06, 1.0298317355276214e-06, -1.1165980293354648e-06, -1.0425943460459306e-06, -5.277305392203925e-07], [3.8080630986312476e-07, 1.0298317355276214e-06, 5.086164994504151e-06, -1.620269083049287e-06, -2.0999321836144216e-06, -1.4401514354601952e-06], [-2.6855519502311643e-07, -1.1165980293354648e-06, -1.620269083049287e-06, 2.0394164225270117e-05, 2.0099103083674475e-05, 1.6094218447535616e-05], [2.4813287833072486e-07, -1.0425943460459306e-06, -2.0999321836144216e-06, 2.0099103083674475e-05, 3.497324727563111e-05, 2.384718764262356e-05], [4.3484882792872084e-07, -5.277305392203925e-07, -1.4401514354601952e-06, 1.6094218447535616e-05, 2.384718764262356e-05, 2.6157895160193905e-05]]</COVARIANCE_MATRIX>
		<ROI_SIZE>2578</ROI_SIZE>
		<MAX_VALUE>[0.1331261247396469, 0.12714700400829315, 0.13514213263988495, 0.11148658394813538, 0.04723892733454704, 0.043278664350509644]</MAX_VALUE>
		<MIN_VALUE>[0.11845429986715317, 0.10800415277481079, 0.10274055600166321, 0.0709812119603157, 0.006935979705303907, 0.0]</MIN_VALUE>
		<SIGNATURE_THRESHOLD_MD>0</SIGNATURE_THRESHOLD_MD>
		<SIGNATURE_THRESHOLD_ML>0</SIGNATURE_THRESHOLD_ML>
		<SIGNATURE_THRESHOLD_SAM>0</SIGNATURE_THRESHOLD_SAM>
	</signature>
	<signature ID="20210616_102426308018_951">
		<MACROCLASSID>1</MACROCLASSID>
		<MACROCLASSINFO>waterbody</MACROCLASSINFO>
		<CLASSID>14</CLASSID>
		<CLASSINFO>C 1</CLASSINFO>
		<VALUES>[0.1266163233598807, 0.001637400564432864, 0.12183346860012463, 0.002049383969860874, 0.12451000892628464, 0.0021790321170799625, 0.07919887277963611, 0.004562569386259751, 0.01435978019482265, 0.006276058009471567, 0.008497635739189529, 0.005291612551608905]</VALUES>
		<LCS_MIN>[0.12138865143060684, 0.11438509076833725, 0.1115773543715477, 0.0709812119603157, 0.006935979705303907, 0.0]</LCS_MIN>
		<LCS_MAX>[0.1331261247396469, 0.13033747673034668, 0.12925094366073608, 0.10780427604913712, 0.04960969090461731, 0.043278664350509644]</LCS_MAX>
		<WAVELENGTH>[0.485, 0.56, 0.66, 0.83, 1.65, 2.215]</WAVELENGTH>
		<MEAN_VALUE>[0.1266163233598807, 0.12183346860012463, 0.12451000892628464, 0.07919887277963611, 0.01435978019482265, 0.008497635739189529]</MEAN_VALUE>
		<CHECKBOX>2</CHECKBOX>
		<SD>[0.001637400564432864, 0.002049383969860874, 0.0021790321170799625, 0.004562569386259751, 0.006276058009471567, 0.005291612551608905]</SD>
		<WAVELENGTH_UNIT>E-6m</WAVELENGTH_UNIT>
		<COLOR>#51c57a</COLOR>
		<COVARIANCE_MATRIX>[[2.6824961736681673e-06, 4.523322112972326e-07, 1.102910487812909e-07, -4.055772210009502e-07, -1.2525391712610278e-07, 7.268509226406712e-08], [4.523322112972326e-07, 4.202192171580525e-06, 5.677527302517446e-07, -2.1206126219088837e-06, -1.4309285259771552e-06, -1.1397674358230626e-06], [1.102910487812909e-07, 5.677527302517446e-07, 4.750687926593983e-06, -2.785695683276659e-06, -4.078763433706508e-06, -2.947728679567336e-06], [-4.055772210009502e-07, -2.1206126219088837e-06, -2.785695683276659e-06, 2.0828030449526802e-05, 2.1678636313360094e-05, 1.709863914978453e-05], [-1.2525391712610278e-07, -1.4309285259771552e-06, -4.078763433706508e-06, 2.1678636313360094e-05, 3.9409700814143535e-05, 2.7417662612940603e-05], [7.268509226406712e-08, -1.1397674358230626e-06, -2.947728679567336e-06, 1.709863914978453e-05, 2.7417662612940603e-05, 2.8015947537525654e-05]]</COVARIANCE_MATRIX>
		<ROI_SIZE>1895</ROI_SIZE>
		<MAX_VALUE>[0.1331261247396469, 0.13033747673034668, 0.12925094366073608, 0.10780427604913712, 0.04960969090461731, 0.043278664350509644]</MAX_VALUE>
		<MIN_VALUE>[0.12138865143060684, 0.11438509076833725, 0.1115773543715477, 0.0709812119603157, 0.006935979705303907, 0.0]</MIN_VALUE>
		<SIGNATURE_THRESHOLD_MD>0</SIGNATURE_THRESHOLD_MD>
		<SIGNATURE_THRESHOLD_ML>0</SIGNATURE_THRESHOLD_ML>
		<SIGNATURE_THRESHOLD_SAM>0</SIGNATURE_THRESHOLD_SAM>
	</signature>
	<signature ID="20210616_102430300612_936">
		<MACROCLASSID>1</MACROCLASSID>
		<MACROCLASSINFO>waterbody</MACROCLASSINFO>
		<CLASSID>15</CLASSID>
		<CLASSINFO>C 1</CLASSINFO>
		<VALUES>[0.12678539237965294, 0.0017671894317411794, 0.12290952272847948, 0.002340826569598101, 0.12305149057692348, 0.0025641618927400725, 0.08064369506922191, 0.007892332946259843, 0.018995010519029642, 0.008450158724742883, 0.010934114606884954, 0.006493694658695315]</VALUES>
		<LCS_MIN>[0.1199214830994606, 0.11438509076833725, 0.10863173753023148, 0.06729890406131744, 0.006935979705303907, 0.0]</LCS_MIN>
		<LCS_MAX>[0.13165894150733948, 0.13033747673034668, 0.12925094366073608, 0.11516888439655304, 0.051980454474687576, 0.039874035865068436]</LCS_MAX>
		<WAVELENGTH>[0.485, 0.56, 0.66, 0.83, 1.65, 2.215]</WAVELENGTH>
		<MEAN_VALUE>[0.12678539237965294, 0.12290952272847948, 0.12305149057692348, 0.08064369506922191, 0.018995010519029642, 0.010934114606884954]</MEAN_VALUE>
		<CHECKBOX>2</CHECKBOX>
		<SD>[0.0017671894317411794, 0.002340826569598101, 0.0025641618927400725, 0.007892332946259843, 0.008450158724742883, 0.006493694658695315]</SD>
		<WAVELENGTH_UNIT>E-6m</WAVELENGTH_UNIT>
		<COLOR>#300a7b</COLOR>
		<COVARIANCE_MATRIX>[[3.126998537447635e-06, 9.403620005248159e-07, 6.034873725802783e-07, -1.0876275460335261e-06, -4.6548661257419624e-07, 7.030670869189779e-08], [9.403620005248159e-07, 5.486557604653018e-06, 2.0354171270411624e-06, -6.16286657014302e-06, -5.195999751552235e-06, -3.873092286604847e-06], [6.034873725802783e-07, 2.0354171270411624e-06, 6.583431938198682e-06, -1.176502879867272e-05, -1.1003357479205171e-05, -8.326547640236519e-06], [-1.0876275460335261e-06, -6.16286657014302e-06, -1.176502879867272e-05, 6.236950008408131e-05, 5.892029653297799e-05, 4.1832234780080944e-05], [-4.6548661257419624e-07, -5.195999751552235e-06, -1.1003357479205171e-05, 5.892029653297799e-05, 7.149755657745339e-05, 4.5542111179603405e-05], [7.030670869189779e-08, -3.873092286604847e-06, -8.326547640236519e-06, 4.1832234780080944e-05, 4.5542111179603405e-05, 4.222262151095072e-05]]</COVARIANCE_MATRIX>
		<ROI_SIZE>774</ROI_SIZE>
		<MAX_VALUE>[0.13165894150733948, 0.13033747673034668, 0.12925094366073608, 0.11516888439655304, 0.051980454474687576, 0.039874035865068436]</MAX_VALUE>
		<MIN_VALUE>[0.1199214830994606, 0.11438509076833725, 0.10863173753023148, 0.06729890406131744, 0.006935979705303907, 0.0]</MIN_VALUE>
		<SIGNATURE_THRESHOLD_MD>0</SIGNATURE_THRESHOLD_MD>
		<SIGNATURE_THRESHOLD_ML>0</SIGNATURE_THRESHOLD_ML>
		<SIGNATURE_THRESHOLD_SAM>0</SIGNATURE_THRESHOLD_SAM>
	</signature>
	<signature ID="20210616_102434714034_360">
		<MACROCLASSID>1</MACROCLASSID>
		<MACROCLASSINFO>waterbody</MACROCLASSINFO>
		<CLASSID>16</CLASSID>
		<CLASSINFO>C 1</CLASSINFO>
		<VALUES>[0.1301804239529909, 0.0019523766101350382, 0.13018411034038632, 0.003085083803747333, 0.12565301484048602, 0.0021881113103264156, 0.07384487645692575, 0.0057547973501438955, 0.016050694815318886, 0.006088172399422022, 0.009138535593872149, 0.004845406816372966]</VALUES>
		<LCS_MIN>[0.12285583466291428, 0.11757557839155197, 0.11452294886112213, 0.06729890406131744, 0.006935979705303907, 0.0]</LCS_MIN>
		<LCS_MAX>[0.13606049120426178, 0.13671843707561493, 0.1321965456008911, 0.10412196069955826, 0.051980454474687576, 0.036469414830207825]</LCS_MAX>
		<WAVELENGTH>[0.485, 0.56, 0.66, 0.83, 1.65, 2.215]</WAVELENGTH>
