<?xml version="1.0" ?>
<signaturelist MCID_LIST="[['1', 'waterbody', '#000000'], ['2', 'vegetation', '#000000'], ['3', 'bareland', '#000000'], ['4', 'built-up', '#000000']]">
	<signature ID="20210514_123354394861_679">
		<MACROCLASSID>1</MACROCLASSID>
		<MACROCLASSINFO>waterbody</MACROCLASSINFO>
		<CLASSID>1</CLASSID>
		<CLASSINFO>C 1</CLASSINFO>
		<VALUES>[0.09018770349473279, 0.0031345735985952618, 0.09721891455253971, 0.004461410229354937, 0.08098765025929668, 0.006130121887467926, 0.04787127756553624, 0.0045531933483726585, 0.00854195287284405, 0.003609631544949823, 0.0067785540643292425, 0.003514046514236936]</VALUES>
		<LCS_MIN>[0.08303721249103546, 0.08592156320810318, 0.06611271947622299, 0.0407811664044857, 0.0, 0.0]</LCS_MIN>
		<LCS_MAX>[0.10024400800466537, 0.11182577162981033, 0.09800072759389877, 0.06071282923221588, 0.023367218673229218, 0.02061464451253414]</LCS_MAX>
		<WAVELENGTH>[0.485, 0.56, 0.66, 0.83, 1.65, 2.215]</WAVELENGTH>
		<MEAN_VALUE>[0.09018770349473279, 0.09721891455253971, 0.08098765025929668, 0.04787127756553624, 0.00854195287284405, 0.0067785540643292425]</MEAN_VALUE>
		<CHECKBOX>2</CHECKBOX>
		<SD>[0.0031345735985952618, 0.004461410229354937, 0.006130121887467926, 0.0045531933483726585, 0.003609631544949823, 0.003514046514236936]</SD>
		<WAVELENGTH_UNIT>E-6m</WAVELENGTH_UNIT>
		<COLOR>#ac1b9b</COLOR>
		<COVARIANCE_MATRIX>[[1.0018326700154773e-05, 1.1754793896459255e-05, 1.5783289559060053e-05, 1.1766936828005956e-05, 8.520899441181121e-06, 7.156296826053613e-06], [1.1754793896459255e-05, 2.1449620280272164e-05, 2.5197717558621726e-05, 1.6632830542138467e-05, 1.1680470598447965e-05, 9.95869534922389e-06], [1.5783289559060053e-05, 2.5197717558621726e-05, 3.9258145427164535e-05, 2.276517923573592e-05, 1.5456331146621218e-05, 1.2984127431099965e-05], [1.1766936828005956e-05, 1.6632830542138467e-05, 2.276517923573592e-05, 2.0847995680727512e-05, 1.3030971977785998e-05, 1.1044175119000765e-05], [8.520899441181121e-06, 1.1680470598447965e-05, 1.5456331146621218e-05, 1.3030971977785998e-05, 1.2636917108893325e-05, 8.250694961556617e-06], [7.156296826053613e-06, 9.95869534922389e-06, 1.2984127431099965e-05, 1.1044175119000765e-05, 8.250694961556617e-06, 1.2119919486831798e-05]]</COVARIANCE_MATRIX>
		<ROI_SIZE>10197</ROI_SIZE>
		<MAX_VALUE>[0.10024400800466537, 0.11182577162981033, 0.09800072759389877, 0.06071282923221588, 0.023367218673229218, 0.02061464451253414]</MAX_VALUE>
		<MIN_VALUE>[0.08303721249103546, 0.08592156320810318, 0.06611271947622299, 0.0407811664044857, 0.0, 0.0]</MIN_VALUE>
		<SIGNATURE_THRESHOLD_MD>0</SIGNATURE_THRESHOLD_MD>
		<SIGNATURE_THRESHOLD_ML>0</SIGNATURE_THRESHOLD_ML>
		<SIGNATURE_THRESHOLD_SAM>0</SIGNATURE_THRESHOLD_SAM>
	</signature>
	<signature ID="20210514_123357933265_577">
		<MACROCLASSID>1</MACROCLASSID>
		<MACROCLASSINFO>waterbody</MACROCLASSINFO>
		<CLASSID>2</CLASSID>
		<CLASSINFO>C 1</CLASSINFO>
		<VALUES>[0.0957861432725741, 0.002314216815756077, 0.10744760677267667, 0.002986469893143685, 0.09818402504419325, 0.0039819314280789215, 0.061015426923855975, 0.003799051962659468, 0.014379521615790935, 0.002627764421783281, 0.011660773129273135, 0.0029894429916901147]</VALUES>
		<LCS_MIN>[0.08700799942016602, 0.09743455052375793, 0.08737138658761978, 0.05074700340628624, 0.004118452779948711, 0.0]</LCS_MIN>
		<LCS_MAX>[0.1028912141919136, 0.11758226156234741, 0.10863007605075836, 0.07400061190128326, 0.023367218673229218, 0.02061464451253414]</LCS_MAX>
		<WAVELENGTH>[0.485, 0.56, 0.66, 0.83, 1.65, 2.215]</WAVELENGTH>
		<MEAN_VALUE>[0.0957861432725741, 0.10744760677267667, 0.09818402504419325, 0.061015426923855975, 0.014379521615790935, 0.011660773129273135]</MEAN_VALUE>
		<CHECKBOX>2</CHECKBOX>
		<SD>[0.002314216815756077, 0.002986469893143685, 0.0039819314280789215, 0.003799051962659468, 0.002627764421783281, 0.0029894429916901147]</SD>
		<WAVELENGTH_UNIT>E-6m</WAVELENGTH_UNIT>
		<COLOR>#484739</COLOR>
		<COVARIANCE_MATRIX>[[5.1721355659716e-06, 4.042086893595222e-06, 4.840001554745873e-06, 1.5847984131530209e-06, 3.2084942204736677e-06, 2.9071121614412525e-06], [4.042086893595222e-06, 8.23052367871533e-06, 7.2638177265681075e-06, 2.775031689249764e-06, 3.831933374094575e-06, 3.3011941688783277e-06], [4.840001554745873e-06, 7.2638177265681075e-06, 1.4353791886722553e-05, 3.885267630862105e-06, 4.301029524598245e-06, 3.592143296763357e-06], [1.5847984131530209e-06, 2.775031689249764e-06, 3.885267630862105e-06, 1.2822392765138557e-05, 2.9080797787806474e-06, 2.312037442124612e-06], [3.2084942204736677e-06, 3.831933374094575e-06, 4.301029524598245e-06, 2.9080797787806474e-06, 6.645130875231954e-06, 3.1438102807836943e-06], [2.9071121614412525e-06, 3.3011941688783277e-06, 3.592143296763357e-06, 2.312037442124612e-06, 3.1438102807836943e-06, 8.576821429423302e-06]]</COVARIANCE_MATRIX>
		<ROI_SIZE>10200</ROI_SIZE>
		<MAX_VALUE>[0.1028912141919136, 0.11758226156234741, 0.10863007605075836, 0.07400061190128326, 0.023367218673229218, 0.02061464451253414]</MAX_VALUE>
		<MIN_VALUE>[0.08700799942016602, 0.09743455052375793, 0.08737138658761978, 0.05074700340628624, 0.004118452779948711, 0.0]</MIN_VALUE>
		<SIGNATURE_THRESHOLD_MD>0</SIGNATURE_THRESHOLD_MD>
		<SIGNATURE_THRESHOLD_ML>0</SIGNATURE_THRESHOLD_ML>
		<SIGNATURE_THRESHOLD_SAM>0</SIGNATURE_THRESHOLD_SAM>
	</signature>
	<signature ID="20210514_123442104105_886">
		<MACROCLASSID>1</MACROCLASSID>
		<MACROCLASSINFO>waterbody</MACROCLASSINFO>
		<CLASSID>3</CLASSID>
		<CLASSINFO>C 1</CLASSINFO>
		<VALUES>[0.09634157451662652, 0.0024541125312481926, 0.1064497198651333, 0.002727816876260289, 0.08975685315188206, 0.002812958646740616, 0.051935999831276884, 0.0038312595513576297, 0.014055885483200385, 0.0031838216072167134, 0.011418289771586319, 0.0033447970343452897]</VALUES>
		<LCS_MIN>[0.08700799942016602, 0.09743455052375793, 0.07939938455820084, 0.0407811664044857, 0.004118452779948711, 0.0]</LCS_MIN>
		<LCS_MAX>[0.10421480983495712, 0.11470402032136917, 0.09800072759389877, 0.06071282923221588, 0.023367218673229218, 0.02061464451253414]</LCS_MAX>
		<WAVELENGTH>[0.485, 0.56, 0.66, 0.83, 1.65, 2.215]</WAVELENGTH>
		<MEAN_VALUE>[0.09634157451662652, 0.1064497198651333, 0.08975685315188206, 0.051935999831276884, 0.014055885483200385, 0.011418289771586319]</MEAN_VALUE>
		<CHECKBOX>2</CHECKBOX>
		<SD>[0.0024541125312481926, 0.002727816876260289, 0.002812958646740616, 0.0038312595513576297, 0.0031838216072167134, 0.0033447970343452897]</SD>
		<WAVELENGTH_UNIT>E-6m</WAVELENGTH_UNIT>
		<COLOR>#b62044</COLOR>
		<COVARIANCE_MATRIX>[[5.79947949516978e-06, 4.2202170026413356e-06, 4.2160676665870484e-06, 6.531294345258476e-06, 5.0362901143789624e-06, 4.38587503730037e-06], [4.2202170026413356e-06, 7.087416817287491e-06, 4.602116572883936e-06, 6.8336041348283585e-06, 5.221895053546663e-06, 4.555033544851412e-06], [4.2160676665870484e-06, 4.602116572883936e-06, 7.974469815488424e-06, 6.571027319431999e-06, 5.171135971124809e-06, 4.291618202414314e-06], [6.531294345258476e-06, 6.8336041348283585e-06, 6.571027319431999e-06, 1.35959584112576e-05, 8.46502742262214e-06, 7.291812778757206e-06], [5.0362901143789624e-06, 5.221895053546663e-06, 5.171135971124809e-06, 8.46502742262214e-06, 9.622814403762988e-06, 5.6938735935966806e-06], [4.38587503730037e-06, 4.555033544851412e-06, 4.291618202414314e-06, 7.291812778757206e-06, 5.6938735935966806e-06, 1.0641209122596474e-05]]</COVARIANCE_MATRIX>
		<ROI_SIZE>10201</ROI_SIZE>
		<MAX_VALUE>[0.10421480983495712, 0.11470402032136917, 0.09800072759389877, 0.06071282923221588, 0.023367218673229218, 0.02061464451253414]</MAX_VALUE>
		<MIN_VALUE>[0.08700799942016602, 0.09743455052375793, 0.07939938455820084, 0.0407811664044857, 0.004118452779948711, 0.0]</MIN_VALUE>
		<SIGNATURE_THRESHOLD_MD>0</SIGNATURE_THRESHOLD_MD>
		<SIGNATURE_THRESHOLD_ML>0</SIGNATURE_THRESHOLD_ML>
		<SIGNATURE_THRESHOLD_SAM>0</SIGNATURE_THRESHOLD_SAM>
	</signature>
	<signature ID="20210514_123446505111_681">
		<MACROCLASSID>1</MACROCLASSID>
		<MACROCLASSINFO>waterbody</MACROCLASSINFO>
		<CLASSID>4</CLASSID>
		<CLASSINFO>C 1</CLASSINFO>
		<VALUES>[0.07360688349717741, 0.002010480313496003, 0.0464150366868221, 0.0025303918669915587, 0.02720117372408412, 0.0025322593026375064, 0.019052583993513977, 0.0028565133419900398, 0.00631928504144976, 0.002518152820468557, 0.005063056330144295, 0.0028070025400277446]</VALUES>
		<LCS_MIN>[0.06715400516986847, 0.03699139878153801, 0.020938020199537277, 0.01420561596751213, 0.0, 0.0]</LCS_MIN>
		<LCS_MAX>[0.08436080068349838, 0.057139113545417786, 0.04219669848680496, 0.03413727879524231, 0.021228469908237457, 0.02061464451253414]</LCS_MAX>
		<WAVELENGTH>[0.485, 0.56, 0.66, 0.83, 1.65, 2.215]</WAVELENGTH>
		<MEAN_VALUE>[0.07360688349717741, 0.0464150366868221, 0.02720117372408412, 0.019052583993513977, 0.00631928504144976, 0.005063056330144295]</MEAN_VALUE>
		<CHECKBOX>2</CHECKBOX>
		<SD>[0.002010480313496003, 0.0025303918669915587, 0.0025322593026375064, 0.0028565133419900398, 0.002518152820468557, 0.0028070025400277446]</SD>
		<WAVELENGTH_UNIT>E-6m</WAVELENGTH_UNIT>
		<COLOR>#7055d9</COLOR>
		<COVARIANCE_MATRIX>[[3.64320632881873e-06, 2.4465641274350548e-06, 2.611305270211936e-06, 3.0795126660909962e-06, 2.403661667311194e-06, 2.0949186597868378e-06], [2.4465641274350548e-06, 5.914090088520606e-06, 3.049003432567372e-06, 3.7997924154873804e-06, 2.792312734046613e-06, 2.5678314303073007e-06], [2.611305270211936e-06, 3.049003432567372e-06, 5.847963340615517e-06, 4.052596957267223e-06, 3.127296751563347e-06, 2.636851192866747e-06], [3.0795126660909962e-06, 3.7997924154873804e-06, 4.052596957267223e-06, 7.546742163547296e-06, 3.7125418304717257e-06, 3.293400232770634e-06], [2.403661667311194e-06, 2.792312734046613e-06, 3.127296751563347e-06, 3.7125418304717257e-06, 5.489115764494369e-06, 2.5927144133249433e-06], [2.0949186597868378e-06, 2.5678314303073007e-06, 2.636851192866747e-06, 3.293400232770634e-06, 2.5927144133249433e-06, 7.351984259300664e-06]]</COVARIANCE_MATRIX>
		<ROI_SIZE>10201</ROI_SIZE>
		<MAX_VALUE>[0.08436080068349838, 0.057139113545417786, 0.04219669848680496, 0.03413727879524231, 0.021228469908237457, 0.02061464451253414]</MAX_VALUE>
		<MIN_VALUE>[0.06715400516986847, 0.03699139878153801, 0.020938020199537277, 0.01420561596751213, 0.0, 0.0]</MIN_VALUE>
		<SIGNATURE_THRESHOLD_MD>0</SIGNATURE_THRESHOLD_MD>
		<SIGNATURE_THRESHOLD_ML>0</SIGNATURE_THRESHOLD_ML>
		<SIGNATURE_THRESHOLD_SAM>0</SIGNATURE_THRESHOLD_SAM>
	</signature>
	<signature ID="20210514_123450793543_990">
		<MACROCLASSID>1</MACROCLASSID>
		<MACROCLASSINFO>waterbody</MACROCLASSINFO>
		<CLASSID>5</CLASSID>
		<CLASSINFO>C 1</CLASSINFO>
		<VALUES>[0.09295525472893987, 0.0023423636157713515, 0.10221405134908229, 0.002855537203547497, 0.08539461365996232, 0.0030670055441617454, 0.04928008920448553, 0.003977167589326924, 0.010102723416850803, 0.0032271039742969823, 0.008165017895787814, 0.0030572923797247227]</VALUES>
		<LCS_MIN>[0.0856844112277031, 0.09167806059122086, 0.07408472150564194, 0.0407811664044857, 0.0019797009881585836, 0.0]</LCS_MIN>
		<LCS_MAX>[0.10024400800466537, 0.11182577162981033, 0.09534339606761932, 0.06071282923221588, 0.019089719280600548, 0.02061464451253414]</LCS_MAX>
		<WAVELENGTH>[0.485, 0.56, 0.66, 0.83, 1.65, 2.215]</WAVELENGTH>
		<MEAN_VALUE>[0.09295525472893987, 0.10221405134908229, 0.08539461365996232, 0.04928008920448553, 0.010102723416850803, 0.008165017895787814]</MEAN_VALUE>
		<CHECKBOX>2</CHECKBOX>
		<SD>[0.0023423636157713515, 0.002855537203547497, 0.0030670055441617454, 0.003977167589326924, 0.0032271039742969823, 0.0030572923797247227]</SD>
		<WAVELENGTH_UNIT>E-6m</WAVELENGTH_UNIT>
		<COLOR>#8e57ef</COLOR>
		<COVARIANCE_MATRIX>[[4.762037668020412e-06, 3.5410902932420343e-06, 3.6836892312604444e-06, 5.135053263517975e-06, 3.972586228405019e-06, 3.1378530340739842e-06], [3.5410902932420343e-06, 7.110618763648262e-06, 4.476775705327575e-06, 6.378415002952942e-06, 4.853972785501948e-06, 3.778320634985311e-06], [3.6836892312604444e-06, 4.476775705327575e-06, 7.506922841101247e-06, 6.7430932007849376e-06, 5.223343021847253e-06, 3.979349652412182e-06], [5.135053263517975e-06, 6.378415002952942e-06, 6.7430932007849376e-06, 1.315447857400454e-05, 7.507670439205127e-06, 5.878172801213851e-06], [3.972586228405019e-06, 4.853972785501948e-06, 5.223343021847253e-06, 7.507670439205127e-06, 9.066654989446831e-06, 4.454630804455501e-06], [3.1378530340739842e-06, 3.778320634985311e-06, 3.979349652412182e-06, 5.878172801213851e-06, 4.454630804455501e-06, 8.450642562979176e-06]]</COVARIANCE_MATRIX>
		<ROI_SIZE>10201</ROI_SIZE>
		<MAX_VALUE>[0.10024400800466537, 0.11182577162981033, 0.09534339606761932, 0.06071282923221588, 0.019089719280600548, 0.02061464451253414]</MAX_VALUE>
		<MIN_VALUE>[0.0856844112277031, 0.09167806059122086, 0.07408472150564194, 0.0407811664044857, 0.0019797009881585836, 0.0]</MIN_VALUE>
		<SIGNATURE_THRESHOLD_MD>0</SIGNATURE_THRESHOLD_MD>
		<SIGNATURE_THRESHOLD_ML>0</SIGNATURE_THRESHOLD_ML>
		<SIGNATURE_THRESHOLD_SAM>0</SIGNATURE_THRESHOLD_SAM>
	</signature>
	<signature ID="20210514_123458050063_409">
		<MACROCLASSID>1</MACROCLASSID>
		<MACROCLASSINFO>waterbody</MACROCLASSINFO>
		<CLASSID>6</CLASSID>
		<CLASSINFO>C 1</CLASSINFO>
		<VALUES>[0.09256432302849033, 0.0029259189888323736, 0.09712943213567297, 0.003391031267123785, 0.0641126702325715, 0.008618258597344327, 0.031613543346629566, 0.005909774479397809, 0.016557979157240554, 0.006475741070175122, 0.012518200490215644, 0.006026496226413017]</VALUES>
		<LCS_MIN>[0.08171360194683075, 0.0801650732755661, 0.052826039493083954, 0.020849501714110374, 0.0062572043389081955, 0.0021860068663954735]</LCS_MIN>
		<LCS_MAX>[0.09759681671857834, 0.1089475229382515, 0.10065806657075882, 0.06403477489948273, 0.04689349606633186, 0.042114727199077606]</LCS_MAX>
		<WAVELENGTH>[0.485, 0.56, 0.66, 0.83, 1.65, 2.215]</WAVELENGTH>
		<MEAN_VALUE>[0.09256432302849033, 0.09712943213567297, 0.0641126702325715, 0.031613543346629566, 0.016557979157240554, 0.012518200490215644]</MEAN_VALUE>
		<CHECKBOX>2</CHECKBOX>
		<SD>[0.0029259189888323736, 0.003391031267123785, 0.008618258597344327, 0.005909774479397809, 0.006475741070175122, 0.006026496226413017]</SD>
		<WAVELENGTH_UNIT>E-6m</WAVELENGTH_UNIT>
		<COLOR>#9fa96f</COLOR>
		<COVARIANCE_MATRIX>[[8.591360092079386e-06, 6.537696273360001e-06, -9.115566646263658e-06, 7.724878115710596e-07, 2.9742998461069838e-06, 1.5946927881988876e-06], [6.537696273360001e-06, 1.1539869980336727e-05, -7.480160486841295e-07, 5.906643422275488e-06, 6.166501807394233e-06, 6.26721292955572e-06], [-9.115566646263658e-06, -7.480160486841295e-07, 7.453776558137569e-05, 3.274884729228145e-05, 2.053397826407441e-05, 2.0535519797603075e-05], [7.724878115710596e-07, 5.906643422275488e-06, 3.274884729228145e-05, 3.504928345548829e-05, 2.412348590824726e-05, 2.095810342965635e-05], [2.9742998461069838e-06, 6.166501807394233e-06, 2.053397826407441e-05, 2.412348590824726e-05, 4.2083928870392404e-05, 3.0793597293747585e-05], [1.5946927881988876e-06, 6.26721292955572e-06, 2.0535519797603075e-05, 2.095810342965635e-05, 3.0793597293747585e-05, 3.6447446329973745e-05]]</COVARIANCE_MATRIX>
		<ROI_SIZE>283</ROI_SIZE>
		<MAX_VALUE>[0.09759681671857834, 0.1089475229382515, 0.10065806657075882, 0.06403477489948273, 0.04689349606633186, 0.042114727199077606]</MAX_VALUE>
		<MIN_VALUE>[0.08171360194683075, 0.0801650732755661, 0.052826039493083954, 0.020849501714110374, 0.0062572043389081955, 0.0021860068663954735]</MIN_VALUE>
		<SIGNATURE_THRESHOLD_MD>0</SIGNATURE_THRESHOLD_MD>
		<SIGNATURE_THRESHOLD_ML>0</SIGNATURE_THRESHOLD_ML>
		<SIGNATURE_THRESHOLD_SAM>0</SIGNATURE_THRESHOLD_SAM>
	</signature>
	<signature ID="20210514_123503168914_932">
		<MACROCLASSID>1</MACROCLASSID>
		<MACROCLASSINFO>waterbody</MACROCLASSINFO>
		<CLASSID>7</CLASSID>
		<CLASSINFO>C 1</CLASSINFO>
		<VALUES>[0.08324770519891422, 0.0038501653464377283, 0.08081701281199967, 0.007612118670305122, 0.05493910113371999, 0.008873596925431911, 0.033721038380480704, 0.00770309479364665, 0.0202647424555462, 0.007725472908387005, 0.015974181623433725, 0.006996980970594375]</VALUES>
		<LCS_MIN>[0.07509560137987137, 0.06865208595991135, 0.039539363235235214, 0.017527559772133827, 0.0019797009881585836, 0.0021860068663954735]</LCS_MIN>
		<LCS_MAX>[0.09362601488828659, 0.1089475229382515, 0.09002872556447983, 0.06735672801733017, 0.04903224855661392, 0.04518616199493408]</LCS_MAX>
		<WAVELENGTH>[0.485, 0.56, 0.66, 0.83, 1.65, 2.215]</WAVELENGTH>
		<MEAN_VALUE>[0.08324770519891422, 0.08081701281199967, 0.05493910113371999, 0.033721038380480704, 0.0202647424555462, 0.015974181623433725]</MEAN_VALUE>
		<CHECKBOX>2</CHECKBOX>
		<SD>[0.0038501653464377283, 0.007612118670305122, 0.008873596925431911, 0.00770309479364665, 0.007725472908387005, 0.006996980970594375]</SD>
		<WAVELENGTH_UNIT>E-6m</WAVELENGTH_UNIT>
		<COLOR>#c21dad</COLOR>
		<COVARIANCE_MATRIX>[[1.4859579410356433e-05, 2.460673618672263e-05, 2.648572191183007e-05, 1.1834210634017363e-05, 5.468468774503856e-06, 4.3276991708683945e-06], [2.460673618672263e-05, 5.808431285044763e-05, 6.121085448534818e-05, 2.5191638778252146e-05, 1.3699849134741332e-05, 1.0805297029627071e-05], [2.648572191183007e-05, 6.121085448534818e-05, 7.893091737666537e-05, 4.5488362963950876e-05, 3.092498454247469e-05, 2.5936101144433283e-05], [1.1834210634017363e-05, 2.5191638778252146e-05, 4.5488362963950876e-05, 5.9480997103770644e-05, 4.4423435919861566e-05, 3.845741254504999e-05], [5.468468774503856e-06, 1.3699849134741332e-05, 3.092498454247469e-05, 4.4423435919861566e-05, 5.9827093328893626e-05, 4.486425509212488e-05], [4.3276991708683945e-06, 1.0805297029627071e-05, 2.5936101144433283e-05, 3.845741254504999e-05, 4.486425509212488e-05, 4.907599812001651e-05]]</COVARIANCE_MATRIX>
		<ROI_SIZE>415</ROI_SIZE>
		<MAX_VALUE>[0.09362601488828659, 0.1089475229382515, 0.09002872556447983, 0.06735672801733017, 0.04903224855661392, 0.04518616199493408]</MAX_VALUE>
		<MIN_VALUE>[0.07509560137987137, 0.06865208595991135, 0.039539363235235214, 0.017527559772133827, 0.0019797009881585836, 0.0021860068663954735]</MIN_VALUE>
		<SIGNATURE_THRESHOLD_MD>0</SIGNATURE_THRESHOLD_MD>
		<SIGNATURE_THRESHOLD_ML>0</SIGNATURE_THRESHOLD_ML>
		<SIGNATURE_THRESHOLD_SAM>0</SIGNATURE_THRESHOLD_SAM>
	</signature>
	<signature ID="20210514_123507880363_444">
		<MACROCLASSID>1</MACROCLASSID>
		<MACROCLASSINFO>waterbody</MACROCLASSINFO>
		<CLASSID>8</CLASSID>
		<CLASSINFO>C 1</CLASSINFO>
		<VALUES>[0.08811100383599599, 0.0021419803245214314, 0.09211938619613645, 0.0035131350995619703, 0.06542180716991422, 0.006366004345352097, 0.033207138006885864, 0.008334661265413776, 0.01854790008316437, 0.006590626816826066, 0.014574147829165062, 0.006358366828652826]</VALUES>
		<LCS_MIN>[0.08303721249103546, 0.08304332196712494, 0.05814070254564285, 0.020849501714110374, 0.008395956829190254, 0.005257446318864822]</LCS_MIN>
		<LCS_MAX>[0.09494961053133011, 0.10319104045629501, 0.09534339606761932, 0.07067867368459702, 0.04903224855661392, 0.03904328867793083]</LCS_MAX>
		<WAVELENGTH>[0.485, 0.56, 0.66, 0.83, 1.65, 2.215]</WAVELENGTH>
		<MEAN_VALUE>[0.08811100383599599, 0.09211938619613645, 0.06542180716991422, 0.033207138006885864, 0.01854790008316437, 0.014574147829165062]</MEAN_VALUE>
		<CHECKBOX>2</CHECKBOX>
		<SD>[0.0021419803245214314, 0.0035131350995619703, 0.006366004345352097, 0.008334661265413776, 0.006590626816826066, 0.006358366828652826]</SD>
		<WAVELENGTH_UNIT>E-6m</WAVELENGTH_UNIT>
		<COLOR>#e6d7a0</COLOR>
		<COVARIANCE_MATRIX>[[4.6188721919163765e-06, 3.0894823026756763e-06, 2.6556427639791153e-06, 1.09185832986032e-06, 1.1336069184742198e-06, 2.955829434778172e-07], [3.0894823026756763e-06, 1.2424951236014424e-05, 1.2883301209488245e-05, 4.7768350572723255e-06, 6.1073811048234204e-06, 4.1077017142221816e-06], [2.6556427639791153e-06, 1.2883301209488245e-05, 4.079799797823011e-05, 3.531481086371666e-05, 2.6438018513801084e-05, 2.2639530718763808e-05], [1.09185832986032e-06, 4.7768350572723255e-06, 3.531481086371666e-05, 6.993279705623032e-05, 3.4015376099397074e-05, 3.3855290733526406e-05], [1.1336069184742198e-06, 6.1073811048234204e-06, 2.6438018513801084e-05, 3.4015376099397074e-05, 4.372788104563782e-05, 3.3738749279136526e-05], [2.955829434778172e-07, 4.1077017142221816e-06, 2.2639530718763808e-05, 3.3855290733526406e-05, 3.3738749279136526e-05, 4.0700163148703965e-05]]</COVARIANCE_MATRIX>
		<ROI_SIZE>150</ROI_SIZE>
		<MAX_VALUE>[0.09494961053133011, 0.10319104045629501, 0.09534339606761932, 0.07067867368459702, 0.04903224855661392, 0.03904328867793083]</MAX_VALUE>
		<MIN_VALUE>[0.08303721249103546, 0.08304332196712494, 0.05814070254564285, 0.020849501714110374, 0.008395956829190254, 0.005257446318864822]</MIN_VALUE>
		<SIGNATURE_THRESHOLD_MD>0</SIGNATURE_THRESHOLD_MD>
		<SIGNATURE_THRESHOLD_ML>0</SIGNATURE_THRESHOLD_ML>
		<SIGNATURE_THRESHOLD_SAM>0</SIGNATURE_THRESHOLD_SAM>
	</signature>
	<signature ID="20210514_123516679568_771">
		<MACROCLASSID>1</MACROCLASSID>
		<MACROCLASSINFO>waterbody</MACROCLASSINFO>
		<CLASSID>9</CLASSID>
		<CLASSINFO>C 1</CLASSINFO>
		<VALUES>[0.08803308495211858, 0.0017387876528659873, 0.0918899560599719, 0.002417207176821122, 0.07078511638489592, 0.0021784550805531047, 0.03879599676638557, 0.002796716857841439, 0.010017399178666658, 0.0023666738653263736, 0.007677098834165702, 0.0024318197878382825]</VALUES>
		<LCS_MIN>[0.08171360194683075, 0.07728682458400726, 0.0607980415225029, 0.03413727879524231, 0.0019797009881585836, 0.0]</LCS_MIN>
		<LCS_MAX>[0.09362601488828659, 0.10031279921531677, 0.07939938455820084, 0.07732255011796951, 0.03406097739934921, 0.026757527142763138]</LCS_MAX>
		<WAVELENGTH>[0.485, 0.56, 0.66, 0.83, 1.65, 2.215]</WAVELENGTH>
		<MEAN_VALUE>[0.08803308495211858, 0.0918899560599719, 0.07078511638489592, 0.03879599676638557, 0.010017399178666658, 0.007677098834165702]</MEAN_VALUE>
		<CHECKBOX>2</CHECKBOX>
		<SD>[0.0017387876528659873, 0.002417207176821122, 0.0021784550805531047, 0.002796716857841439, 0.0023666738653263736, 0.0024318197878382825]</SD>
		<WAVELENGTH_UNIT>E-6m</WAVELENGTH_UNIT>
		<COLOR>#e0ad76</COLOR>
		<COVARIANCE_MATRIX>[[3.0279429659722093e-06, 1.3361911527382783e-06, 9.666283078965628e-07, 4.097749091930568e-07, 9.829797722041538e-07, 7.445246470054872e-07], [1.3361911527382783e-06, 5.759173642098042e-06, 1.4569492532791135e-06, 1.994254678335583e-07, 9.161364630049239e-07, 7.968515860983038e-07], [9.666283078965628e-07, 1.4569492532791135e-06, 4.641755569287822e-06, 8.277800195376537e-07, 6.99874855425204e-07, 4.0429787745519414e-07], [4.097749091930568e-07, 1.994254678335583e-07, 8.277800195376537e-07, 5.973034588831925e-06, 1.8925955661967612e-06, 1.280590273989662e-06], [9.829797722041538e-07, 9.161364630049239e-07, 6.99874855425204e-07, 1.8925955661967612e-06, 5.544507152992888e-06, 1.576713313172783e-06], [7.445246470054872e-07, 7.968515860983038e-07, 4.0429787745519414e-07, 1.280590273989662e-06, 1.576713313172783e-06, 5.924533128177971e-06]]</COVARIANCE_MATRIX>
		<ROI_SIZE>9707</ROI_SIZE>
		<MAX_VALUE>[0.09362601488828659, 0.10031279921531677, 0.07939938455820084, 0.07732255011796951, 0.03406097739934921, 0.026757527142763138]</MAX_VALUE>
		<MIN_VALUE>[0.08171360194683075, 0.07728682458400726, 0.0607980415225029, 0.03413727879524231, 0.0019797009881585836, 0.0]</MIN_VALUE>
		<SIGNATURE_THRESHOLD_MD>0</SIGNATURE_THRESHOLD_MD>
		<SIGNATURE_THRESHOLD_ML>0</SIGNATURE_THRESHOLD_ML>
		<SIGNATURE_THRESHOLD_SAM>0</SIGNATURE_THRESHOLD_SAM>
	</signature>
	<signature ID="20210514_123522473737_600">
		<MACROCLASSID>1</MACROCLASSID>
		<MACROCLASSINFO>waterbody</MACROCLASSINFO>
		<CLASSID>10</CLASSID>
		<CLASSINFO>C 1</CLASSINFO>
		<VALUES>[0.08583203693421985, 0.0024710048488888257, 0.08352376538400462, 0.004597421968902487, 0.05123777067145483, 0.0055976997812395395, 0.03001296046548166, 0.006341987744246687, 0.011357428245783716, 0.006405525096562468, 0.007859890161511989, 0.005071903961372821]</VALUES>
		<LCS_MIN>[0.07906640321016312, 0.07440858334302902, 0.04219669848680496, 0.020849501714110374, 0.0, 0.0]</LCS_MIN>
		<LCS_MAX>[0.09759681671857834, 0.11470402032136917, 0.08471405506134033, 0.06735672801733017, 0.04689349606633186, 0.03904328867793083]</LCS_MAX>
		<WAVELENGTH>[0.485, 0.56, 0.66, 0.83, 1.65, 2.215]</WAVELENGTH>
		<MEAN_VALUE>[0.08583203693421985, 0.08352376538400462, 0.05123777067145483, 0.03001296046548166, 0.011357428245783716, 0.007859890161511989]</MEAN_VALUE>
		<CHECKBOX>2</CHECKBOX>
		<SD>[0.0024710048488888257, 0.004597421968902487, 0.0055976997812395395, 0.006341987744246687, 0.006405525096562468, 0.005071903961372821]</SD>
		<WAVELENGTH_UNIT>E-6m</WAVELENGTH_UNIT>
		<COLOR>#bf56c5</COLOR>
		<COVARIANCE_MATRIX>[[6.110565398153759e-06, 7.999950243198273e-06, 6.50830502911244e-06, 3.5609447427380884e-06, 3.707396947663973e-06, 3.2465754346295674e-06], [7.999950243198273e-06, 2.1152559960116446e-05, 1.804483290195456e-05, 9.380403547973712e-06, 8.546759870329672e-06, 7.59169981990443e-06], [6.50830502911244e-06, 1.804483290195456e-05, 3.135836465985837e-05, 2.4473258292320747e-05, 2.206703900993517e-05, 1.6895203482256076e-05], [3.5609447427380884e-06, 9.380403547973712e-06, 2.4473258292320747e-05, 4.025177144929013e-05, 3.294639421132698e-05, 2.4355832851937138e-05], [3.707396947663973e-06, 8.546759870329672e-06, 2.206703900993517e-05, 3.294639421132698e-05, 4.1062338176673555e-05, 2.70258341375885e-05], [3.2465754346295674e-06, 7.59169981990443e-06, 1.6895203482256076e-05, 2.4355832851937138e-05, 2.70258341375885e-05, 2.5744012880220253e-05]]</COVARIANCE_MATRIX>
		<ROI_SIZE>1300</ROI_SIZE>
		<MAX_VALUE>[0.09759681671857834, 0.11470402032136917, 0.08471405506134033, 0.06735672801733017, 0.04689349606633186, 0.03904328867793083]</MAX_VALUE>
		<MIN_VALUE>[0.07906640321016312, 0.07440858334302902, 0.04219669848680496, 0.020849501714110374, 0.0, 0.0]</MIN_VALUE>
		<SIGNATURE_THRESHOLD_MD>0</SIGNATURE_THRESHOLD_MD>
		<SIGNATURE_THRESHOLD_ML>0</SIGNATURE_THRESHOLD_ML>
		<SIGNATURE_THRESHOLD_SAM>0</SIGNATURE_THRESHOLD_SAM>
	</signature>
	<signature ID="20210514_123528935027_627">
		<MACROCLASSID>1</MACROCLASSID>
		<MACROCLASSINFO>waterbody</MACROCLASSINFO>
		<CLASSID>11</CLASSID>
		<CLASSINFO>C 1</CLASSINFO>
		<VALUES>[0.09353920904978054, 0.001977452741884146, 0.09523090601059939, 0.005220695858353883, 0.059567855295916995, 0.007551849716418321, 0.0339207166193656, 0.0038185344062202846, 0.017212395898514997, 0.004230037127475983, 0.013151178494974712, 0.004328309097046876]</VALUES>
		<LCS_MIN>[0.0856844112277031, 0.08304332196712494, 0.050168704241514206, 0.027493393048644066, 0.008395956829190254, 0.0021860068663954735]</LCS_MIN>
		<LCS_MAX>[0.1028912141919136, 0.11470402032136917, 0.09268606454133987, 0.06735672801733017, 0.051170993596315384, 0.042114727199077606]</LCS_MAX>
		<WAVELENGTH>[0.485, 0.56, 0.66, 0.83, 1.65, 2.215]</WAVELENGTH>
		<MEAN_VALUE>[0.09353920904978054, 0.09523090601059939, 0.059567855295916995, 0.0339207166193656, 0.017212395898514997, 0.013151178494974712]</MEAN_VALUE>
		<CHECKBOX>2</CHECKBOX>
		<SD>[0.001977452741884146, 0.005220695858353883, 0.007551849716418321, 0.0038185344062202846, 0.004230037127475983, 0.004328309097046876]</SD>
		<WAVELENGTH_UNIT>E-6m</WAVELENGTH_UNIT>
		<COLOR>#bcd3cc</COLOR>
		<COVARIANCE_MATRIX>[[4.602591907287107e-06, 5.351520098609323e-06, 2.5293997757280837e-06, 1.8960200858705824e-06, 9.621968752783529e-07, 1.604488149397982e-06], [5.351520098609323e-06, 2.7364525983248934e-05, 2.7931657428009534e-05, 9.166307298518749e-06, 7.763085453966486e-06, 8.123080024470665e-06], [2.5293997757280837e-06, 2.7931657428009534e-05, 5.59789773680841e-05, 1.946198759782737e-05, 2.001931389571679e-05, 1.8390865489327865e-05], [1.8960200858705824e-06, 9.166307298518749e-06, 1.946198759782737e-05, 1.4977649388562132e-05, 1.1729495979277172e-05, 1.0580080183068439e-05], [9.621968752783529e-07, 7.763085453966486e-06, 2.001931389571679e-05, 1.1729495979277172e-05, 1.8327110547596833e-05, 1.3032333777136137e-05], [1.604488149397982e-06, 8.123080024470665e-06, 1.8390865489327865e-05, 1.0580080183068439e-05, 1.3032333777136137e-05, 1.8723620221797142e-05]]</COVARIANCE_MATRIX>
		<ROI_SIZE>4662</ROI_SIZE>
		<MAX_VALUE>[0.1028912141919136, 0.11470402032136917, 0.09268606454133987, 0.06735672801733017, 0.051170993596315384, 0.042114727199077606]</MAX_VALUE>
		<MIN_VALUE>[0.0856844112277031, 0.08304332196712494, 0.050168704241514206, 0.027493393048644066, 0.008395956829190254, 0.0021860068663954735]</MIN_VALUE>
		<SIGNATURE_THRESHOLD_MD>0</SIGNATURE_THRESHOLD_MD>
		<SIGNATURE_THRESHOLD_ML>0</SIGNATURE_THRESHOLD_ML>
		<SIGNATURE_THRESHOLD_SAM>0</SIGNATURE_THRESHOLD_SAM>
	</signature>
	<signature ID="20210514_123536143266_471">
		<MACROCLASSID>1</MACROCLASSID>
		<MACROCLASSINFO>waterbody</MACROCLASSINFO>
		<CLASSID>12</CLASSID>
		<CLASSINFO>C 1</CLASSINFO>
		<VALUES>[0.10559806563495237, 0.0037866752006444656, 0.1144103481553757, 0.0064167935908072465, 0.08126439228690814, 0.01047329743624992, 0.05571100072231315, 0.006235939591891958, 0.040298212965403285, 0.006570795322513733, 0.031363925474514553, 0.0059058377977000585]</VALUES>
		<LCS_MIN>[0.09362601488828659, 0.09743455052375793, 0.06345538049936295, 0.0407811664044857, 0.025505974888801575, 0.017543205991387367]</LCS_MIN>
		<LCS_MAX>[0.11480361223220825, 0.13485173881053925, 0.11394473165273666, 0.0906103327870369, 0.08111352473497391, 0.0666862428188324]</LCS_MAX>
		<WAVELENGTH>[0.485, 0.56, 0.66, 0.83, 1.65, 2.215]</WAVELENGTH>
		<MEAN_VALUE>[0.10559806563495237, 0.1144103481553757, 0.08126439228690814, 0.05571100072231315, 0.040298212965403285, 0.031363925474514553]</MEAN_VALUE>
		<CHECKBOX>2</CHECKBOX>
		<SD>[0.0037866752006444656, 0.0064167935908072465, 0.01047329743624992, 0.006235939591891958, 0.006570795322513733, 0.0059058377977000585]</SD>
		<WAVELENGTH_UNIT>E-6m</WAVELENGTH_UNIT>
		<COLOR>#9ed2a0</COLOR>
		<COVARIANCE_MATRIX>[[1.4346014580168427e-05, 1.0649804478200338e-05, -2.751487567379847e-07, 4.978720219583301e-06, 2.277613354201988e-06, 4.003962360432014e-06], [1.0649804478200338e-05, 4.11956439711612e-05, 4.822768299526519e-05, 1.6563376202191344e-05, 1.0291555401395582e-05, 1.0903472421774948e-05], [-2.751487567379847e-07, 4.822768299526519e-05, 0.00010974431496575558, 4.367638834223589e-05, 3.520600589050619e-05, 3.0240283295923086e-05], [4.978720219583301e-06, 1.6563376202191344e-05, 4.367638834223589e-05, 3.8906212634654116e-05, 3.145953032825013e-05, 2.8188841565097478e-05], [2.277613354201988e-06, 1.0291555401395582e-05, 3.520600589050619e-05, 3.145953032825013e-05, 4.319674628987796e-05, 3.1551158289036856e-05], [4.003962360432014e-06, 1.0903472421774948e-05, 3.0240283295923086e-05, 2.8188841565097478e-05, 3.1551158289036856e-05, 3.4896203997644975e-05]]</COVARIANCE_MATRIX>
		<ROI_SIZE>2019</ROI_SIZE>
		<MAX_VALUE>[0.11480361223220825, 0.13485173881053925, 0.11394473165273666, 0.0906103327870369, 0.08111352473497391, 0.0666862428188324]</MAX_VALUE>
		<MIN_VALUE>[0.09362601488828659, 0.09743455052375793, 0.06345538049936295, 0.0407811664044857, 0.025505974888801575, 0.017543205991387367]</MIN_VALUE>
		<SIGNATURE_THRESHOLD_MD>0</SIGNATURE_THRESHOLD_MD>
		<SIGNATURE_THRESHOLD_ML>0</SIGNATURE_THRESHOLD_ML>
		<SIGNATURE_THRESHOLD_SAM>0</SIGNATURE_THRESHOLD_SAM>
	</signature>
	<signature ID="20210514_123540115175_369">
		<MACROCLASSID>1</MACROCLASSID>
		<MACROCLASSINFO>waterbody</MACROCLASSINFO>
		<CLASSID>13</CLASSID>
		<CLASSINFO>C 1</CLASSINFO>
		<VALUES>[0.11335172558558032, 0.0045003835560419436, 0.13337487145459773, 0.007819594528611714, 0.11292968041336798, 0.005740757391932585, 0.06952337402438363, 0.009212579074099324, 0.04806163766874835, 0.008998162244624476, 0.03950557874742908, 0.00755352015150633]</VALUES>
		<LCS_MIN>[0.09759681671857834, 0.10319104045629501, 0.09268606454133987, 0.05739089474081993, 0.029783476144075394, 0.026757527142763138]</LCS_MIN>
		<LCS_MAX>[0.12274520844221115, 0.1463647186756134, 0.1378607600927353, 0.10722005367279053, 0.08539102226495743, 0.07590057700872421]</LCS_MAX>
		<WAVELENGTH>[0.485, 0.56, 0.66, 0.83, 1.65, 2.215]</WAVELENGTH>
		<MEAN_VALUE>[0.11335172558558032, 0.13337487145459773, 0.11292968041336798, 0.06952337402438363, 0.04806163766874835, 0.03950557874742908]</MEAN_VALUE>
		<CHECKBOX>2</CHECKBOX>
		<SD>[0.0045003835560419436, 0.007819594528611714, 0.005740757391932585, 0.009212579074099324, 0.008998162244624476, 0.00755352015150633]</SD>
		<WAVELENGTH_UNIT>E-6m</WAVELENGTH_UNIT>
		<COLOR>#cf50b6</COLOR>
		<COVARIANCE_MATRIX>[[2.027657253066102e-05, 3.008310479056475e-05, 7.165111609675882e-06, -2.0210605581830926e-05, -1.623079094003823e-05, -1.196499543577152e-05], [3.008310479056475e-05, 6.121586002864276e-05, 2.253595557450491e-05, -3.504197250191344e-05, -3.094242940861834e-05, -2.3143052839011312e-05], [7.165111609675882e-06, 2.253595557450491e-05, 3.299391677484717e-05, 1.066653922785282e-05, 3.5032649501921817e-06, 2.985428667861524e-06], [-2.0210605581830926e-05, -3.504197250191344e-05, 1.066653922785282e-05, 8.496849859972529e-05, 6.865218941093653e-05, 5.4904915497229974e-05], [-1.623079094003823e-05, -3.094242940861834e-05, 3.5032649501921817e-06, 6.865218941093653e-05, 8.105935177576871e-05, 5.811586779054868e-05], [-1.196499543577152e-05, -2.3143052839011312e-05, 2.985428667861524e-06, 5.4904915497229974e-05, 5.811586779054868e-05, 5.712079871880032e-05]]</COVARIANCE_MATRIX>
		<ROI_SIZE>877</ROI_SIZE>
		<MAX_VALUE>[0.12274520844221115, 0.1463647186756134, 0.1378607600927353, 0.10722005367279053, 0.08539102226495743, 0.07590057700872421]</MAX_VALUE>
		<MIN_VALUE>[0.09759681671857834, 0.10319104045629501, 0.09268606454133987, 0.05739089474081993, 0.029783476144075394, 0.026757527142763138]</MIN_VALUE>
		<SIGNATURE_THRESHOLD_MD>0</SIGNATURE_THRESHOLD_MD>
		<SIGNATURE_THRESHOLD_ML>0</SIGNATURE_THRESHOLD_ML>
		<SIGNATURE_THRESHOLD_SAM>0</SIGNATURE_THRESHOLD_SAM>
	</signature>
	<signature ID="20210514_123543958711_795">
		<MACROCLASSID>1</MACROCLASSID>
		<MACROCLASSINFO>waterbody</MACROCLASSINFO>
		<CLASSID>14</CLASSID>
		<CLASSINFO>C 1</CLASSINFO>
		<VALUES>[0.10045864674690605, 0.0026829717610371475, 0.12882297425656705, 0.004129670649148509, 0.138686683935088, 0.005313332418219672, 0.07642473471728531, 0.007975979736375418, 0.048598714273523635, 0.008467710920876422, 0.03883575723582024, 0.0067430235169392535]</VALUES>
		<LCS_MIN>[0.09362601488828659, 0.11758226156234741, 0.1272314041852951, 0.06735672801733017, 0.03833848610520363, 0.026757527142763138]</LCS_MIN>
		<LCS_MAX>[0.10553840547800064, 0.13485173881053925, 0.15911944210529327, 0.10389811545610428, 0.08111352473497391, 0.0666862428188324]</LCS_MAX>
		<WAVELENGTH>[0.485, 0.56, 0.66, 0.83, 1.65, 2.215]</WAVELENGTH>
		<MEAN_VALUE>[0.10045864674690605, 0.12882297425656705, 0.138686683935088, 0.07642473471728531, 0.048598714273523635, 0.03883575723582024]</MEAN_VALUE>
		<CHECKBOX>2</CHECKBOX>
		<SD>[0.0026829717610371475, 0.004129670649148509, 0.005313332418219672, 0.007975979736375418, 0.008467710920876422, 0.0067430235169392535]</SD>
		<WAVELENGTH_UNIT>E-6m</WAVELENGTH_UNIT>
		<COLOR>#ae607b</COLOR>
		<COVARIANCE_MATRIX>[[7.2969448331326105e-06, 7.835081054882118e-06, 3.963896058279669e-06, -6.430151043074104e-06, -5.063248241675535e-06, -5.245378692756891e-06], [7.835081054882118e-06, 1.7287798570033694e-05, 7.0382074040202254e-06, -1.7798779974682214e-05, -1.5129794387762073e-05, -1.035082520570154e-05], [3.963896058279669e-06, 7.0382074040202254e-06, 2.8618234282209677e-05, 1.4778990527788469e-05, 6.824905465718315e-06, 7.776573364912174e-06], [-6.430151043074104e-06, -1.7798779974682214e-05, 1.4778990527788469e-05, 6.448770827226405e-05, 5.722255307212351e-05, 3.992487328116068e-05], [-5.063248241675535e-06, -1.5129794387762073e-05, 6.824905465718315e-06, 5.722255307212351e-05, 7.268434917431786e-05, 4.931164765538703e-05], [-5.245378692756891e-06, -1.035082520570154e-05, 7.776573364912174e-06, 3.992487328116068e-05, 4.931164765538703e-05, 4.609122048081768e-05]]</COVARIANCE_MATRIX>
		<ROI_SIZE>74</ROI_SIZE>
		<MAX_VALUE>[0.10553840547800064, 0.13485173881053925, 0.15911944210529327, 0.10389811545610428, 0.08111352473497391, 0.0666862428188324]</MAX_VALUE>
		<MIN_VALUE>[0.09362601488828659, 0.11758226156234741, 0.1272314041852951, 0.06735672801733017, 0.03833848610520363, 0.026757527142763138]</MIN_VALUE>
		<SIGNATURE_THRESHOLD_MD>0</SIGNATURE_THRESHOLD_MD>
		<SIGNATURE_THRESHOLD_ML>0</SIGNATURE_THRESHOLD_ML>
		<SIGNATURE_THRESHOLD_SAM>0</SIGNATURE_THRESHOLD_SAM>
	</signature>
	<signature ID="20210514_123548272572_930">
		<MACROCLASSID>1</MACROCLASSID>
		<MACROCLASSINFO>waterbody</MACROCLASSINFO>
		<CLASSID>15</CLASSID>
		<CLASSINFO>C 1</CLASSINFO>
		<VALUES>[0.10573729095659279, 0.0034495908073616903, 0.11824057476221425, 0.005517348451747045, 0.09490870276836898, 0.008484582954928885, 0.06321105424405735, 0.007745134564694392, 0.045596944037231975, 0.0072383776030716445, 0.03797476213262712, 0.006765249946033863]</VALUES>
		<LCS_MIN>[0.09230241179466248, 0.10031279921531677, 0.06877005100250244, 0.037459228187799454, 0.027644723653793335, 0.02061464451253414]</LCS_MIN>
		<LCS_MAX>[0.11480361223220825, 0.13485173881053925, 0.12191673368215561, 0.10057616233825684, 0.07897478342056274, 0.06975769251585007]</LCS_MAX>
		<WAVELENGTH>[0.485, 0.56, 0.66, 0.83, 1.65, 2.215]</WAVELENGTH>
		<MEAN_VALUE>[0.10573729095659279, 0.11824057476221425, 0.09490870276836898, 0.06321105424405735, 0.045596944037231975, 0.03797476213262712]</MEAN_VALUE>
		<CHECKBOX>2</CHECKBOX>
		<SD>[0.0034495908073616903, 0.005517348451747045, 0.008484582954928885, 0.007745134564694392, 0.0072383776030716445, 0.006765249946033863]</SD>
		<WAVELENGTH_UNIT>E-6m</WAVELENGTH_UNIT>
		<COLOR>#403c06</COLOR>
		<COVARIANCE_MATRIX>[[1.1908491313595854e-05, 1.4935424323172212e-05, 8.2335080475723e-06, 1.9324862508401275e-06, 1.3400680082520193e-06, 1.5617665031686537e-06], [1.4935424323172212e-05, 3.0463682926097684e-05, 2.5095727057412088e-05, 9.204561211686808e-06, 6.271316428121668e-06, 5.647995596599319e-06], [8.2335080475723e-06, 2.5095727057412088e-05, 7.204147247308354e-05, 5.279640524407301e-05, 4.3972637900311924e-05, 3.824045478076777e-05], [1.9324862508401275e-06, 9.204561211686808e-06, 5.279640524407301e-05, 6.0031544321094344e-05, 4.8496508977545967e-05, 4.259972079785987e-05], [1.3400680082520193e-06, 6.271316428121668e-06, 4.3972637900311924e-05, 4.8496508977545967e-05, 5.243292077674155e-05, 4.319552564257253e-05], [1.5617665031686537e-06, 5.647995596599319e-06, 3.824045478076777e-05, 4.259972079785987e-05, 4.319552564257253e-05, 4.5802509504038806e-05]]</COVARIANCE_MATRIX>
		<ROI_SIZE>1351</ROI_SIZE>
		<MAX_VALUE>[0.11480361223220825, 0.13485173881053925, 0.12191673368215561, 0.10057616233825684, 0.07897478342056274, 0.06975769251585007]</MAX_VALUE>
		<MIN_VALUE>[0.09230241179466248, 0.10031279921531677, 0.06877005100250244, 0.037459228187799454, 0.027644723653793335, 0.02061464451253414]</MIN_VALUE>
		<SIGNATURE_THRESHOLD_MD>0</SIGNATURE_THRESHOLD_MD>
		<SIGNATURE_THRESHOLD_ML>0</SIGNATURE_THRESHOLD_ML>
		<SIGNATURE_THRESHOLD_SAM>0</SIGNATURE_THRESHOLD_SAM>
	</signature>
	<signature ID="20210514_123559091180_409">
		<MACROCLASSID>1</MACROCLASSID>
		<MACROCLASSINFO>waterbody</MACROCLASSINFO>
		<CLASSID>16</CLASSID>
		<CLASSINFO>C 1</CLASSINFO>
		<VALUES>[0.1026372447710812, 0.00573219753940668, 0.12074638422132883, 0.007971020572633897, 0.12275053530460554, 0.008022220907209438, 0.07259834832753616, 0.012258106712047996, 0.04488992204986364, 0.011474973167744151, 0.03681770583055493, 0.00916728717245246]</VALUES>
		<LCS_MIN>[0.08700799942016602, 0.09167806059122086, 0.09534339606761932, 0.0407811664044857, 0.021228469908237457, 0.01140032708644867]</LCS_MIN>
		<LCS_MAX>[0.11348000913858414, 0.1319734752178192, 0.1378607600927353, 0.10722005367279053, 0.08325227349996567, 0.07590057700872421]</LCS_MAX>
		<WAVELENGTH>[0.485, 0.56, 0.66, 0.83, 1.65, 2.215]</WAVELENGTH>
