<?xml version="1.0" ?>
<signaturelist MCID_LIST="[['1', 'waterbody', '#0000ff'], ['2', 'vegetation', '#00ff00'], ['3', 'bareland', '#ffaa00'], ['4', 'built-up', '#ff0000']]">
	<signature ID="20200824_122833968126_247">
		<MACROCLASSID>1</MACROCLASSID>
		<MACROCLASSINFO>MC 1</MACROCLASSINFO>
		<CLASSID>1</CLASSID>
		<CLASSINFO>C 1</CLASSINFO>
		<VALUES>[0.08361877570312704, 0.002352440612086227, 0.053942040899093636, 0.0029537548888926663, 0.03224760207301364, 0.002174559284660234, 0.025572503539083823, 0.00418642635511272, 0.008353189939400641, 0.0031160241831266547, 0.006140660795523653, 0.002979402724248289]</VALUES>
		<LCS_MIN>[0.07332372665405273, 0.040053848177194595, 0.02490134909749031, 0.01499189157038927, 0.0, 0.0]</LCS_MIN>
		<LCS_MAX>[0.10359960049390793, 0.07665108144283295, 0.06135876849293709, 0.08861395716667175, 0.05626041442155838, 0.04444576054811478]</LCS_MAX>
		<WAVELENGTH>[0.485, 0.56, 0.66, 0.83, 1.65, 2.215]</WAVELENGTH>
		<MEAN_VALUE>[0.08361877570312704, 0.053942040899093636, 0.03224760207301364, 0.025572503539083823, 0.008353189939400641, 0.006140660795523653]</MEAN_VALUE>
		<CHECKBOX>2</CHECKBOX>
		<SD>[0.002352440612086227, 0.0029537548888926663, 0.002174559284660234, 0.00418642635511272, 0.0031160241831266547, 0.002979402724248289]</SD>
		<WAVELENGTH_UNIT>E-6m</WAVELENGTH_UNIT>
		<COLOR>#eb7cde</COLOR>
		<COVARIANCE_MATRIX>[[4.750633706862573e-06, 2.9060438464512117e-06, 1.9010741425518063e-06, 2.5708334305818425e-06, 1.6731673895264976e-06, 1.206439947054605e-06], [2.9060438464512117e-06, 7.346325674006948e-06, 2.6700652142608305e-06, 3.3902833820320666e-06, 2.2361145965987816e-06, 1.6589299320912687e-06], [1.9010741425518063e-06, 2.6700652142608305e-06, 4.07286461268086e-06, 3.553920350896078e-06, 2.1930932234681677e-06, 1.594605691934703e-06], [2.5708334305818425e-06, 3.3902833820320666e-06, 3.553920350896078e-06, 1.3394898815022316e-05, 6.136477168183774e-06, 3.825896783382632e-06], [1.6731673895264976e-06, 2.2361145965987816e-06, 2.1930932234681677e-06, 6.136477168183774e-06, 8.315779268741608e-06, 3.2251118682324886e-06], [1.206439947054605e-06, 1.6589299320912687e-06, 1.594605691934703e-06, 3.825896783382632e-06, 3.2251118682324886e-06, 8.405262633459643e-06]]</COVARIANCE_MATRIX>
		<ROI_SIZE>9956</ROI_SIZE>
		<MAX_VALUE>[0.10359960049390793, 0.07665108144283295, 0.06135876849293709, 0.08861395716667175, 0.05626041442155838, 0.04444576054811478]</MAX_VALUE>
		<MIN_VALUE>[0.07332372665405273, 0.040053848177194595, 0.02490134909749031, 0.01499189157038927, 0.0, 0.0]</MIN_VALUE>
		<SIGNATURE_THRESHOLD_MD>0.0</SIGNATURE_THRESHOLD_MD>
		<SIGNATURE_THRESHOLD_ML>0.0</SIGNATURE_THRESHOLD_ML>
		<SIGNATURE_THRESHOLD_SAM>0.0</SIGNATURE_THRESHOLD_SAM>
	</signature>
	<signature ID="20200824_122902365037_359">
		<MACROCLASSID>1</MACROCLASSID>
		<MACROCLASSINFO>MC 1</MACROCLASSINFO>
		<CLASSID>2</CLASSID>
		<CLASSINFO>C 1</CLASSINFO>
		<VALUES>[0.10965240119630587, 0.008756473929236083, 0.09051725106041121, 0.013105794677432852, 0.06341163849564396, 0.00983880298870383, 0.06002462330105589, 0.0169780346167352, 0.031459985163164506, 0.012322532225128082, 0.022291341173478717, 0.00945103014301859]</VALUES>
		<LCS_MIN>[0.08925839513540268, 0.06334299594163895, 0.04453226551413536, 0.039532583206892014, 0.015632063150405884, 0.00878988765180111]</LCS_MIN>
		<LCS_MAX>[0.1418428122997284, 0.1398644894361496, 0.103425033390522, 0.11315464973449707, 0.09011738002300262, 0.07037730515003204]</LCS_MAX>
		<WAVELENGTH>[0.485, 0.56, 0.66, 0.83, 1.65, 2.215]</WAVELENGTH>
		<MEAN_VALUE>[0.10965240119630587, 0.09051725106041121, 0.06341163849564396, 0.06002462330105589, 0.031459985163164506, 0.022291341173478717]</MEAN_VALUE>
		<CHECKBOX>2</CHECKBOX>
		<SD>[0.008756473929236083, 0.013105794677432852, 0.00983880298870383, 0.0169780346167352, 0.012322532225128082, 0.00945103014301859]</SD>
		<WAVELENGTH_UNIT>E-6m</WAVELENGTH_UNIT>
		<COLOR>#4521bd</COLOR>
		<COVARIANCE_MATRIX>[[7.671390631003305e-05, 0.00010942856170004234, 7.662145071662962e-05, 2.7929585485253483e-05, 3.4246946597704664e-05, 3.4750759368762374e-05], [0.00010942856170004234, 0.0001718471321510151, 0.00011721590999513865, 4.193760469206609e-05, 4.76217464893125e-05, 4.530682053882629e-05], [7.662145071662962e-05, 0.00011721590999513865, 9.685011173132807e-05, 7.657638343516737e-05, 6.78148862789385e-05, 5.5260905355680734e-05], [2.7929585485253483e-05, 4.193760469206609e-05, 7.657638343516737e-05, 0.00028839678270742297, 0.00018690373690333217, 0.00012108447845093906], [3.4246946597704664e-05, 4.76217464893125e-05, 6.78148862789385e-05, 0.00018690373690333217, 0.00015192019054666162, 0.00010336221021134406], [3.4750759368762374e-05, 4.530682053882629e-05, 5.5260905355680734e-05, 0.00012108447845093906, 0.00010336221021134406, 8.936632366385311e-05]]</COVARIANCE_MATRIX>
		<ROI_SIZE>2015</ROI_SIZE>
		<MAX_VALUE>[0.1418428122997284, 0.1398644894361496, 0.103425033390522, 0.11315464973449707, 0.09011738002300262, 0.07037730515003204]</MAX_VALUE>
		<MIN_VALUE>[0.08925839513540268, 0.06334299594163895, 0.04453226551413536, 0.039532583206892014, 0.015632063150405884, 0.00878988765180111]</MIN_VALUE>
		<SIGNATURE_THRESHOLD_MD>0.0</SIGNATURE_THRESHOLD_MD>
		<SIGNATURE_THRESHOLD_ML>0.0</SIGNATURE_THRESHOLD_ML>
		<SIGNATURE_THRESHOLD_SAM>0.0</SIGNATURE_THRESHOLD_SAM>
	</signature>
	<signature ID="20200824_122910312119_447">
		<MACROCLASSID>1</MACROCLASSID>
		<MACROCLASSINFO>MC 1</MACROCLASSINFO>
		<CLASSID>3</CLASSID>
		<CLASSINFO>C 1</CLASSINFO>
		<VALUES>[0.11007964948019719, 0.01266129074326175, 0.09489938654780164, 0.02215561005835762, 0.06883103777751298, 0.017736877150709478, 0.06575990432172668, 0.023794946164722965, 0.03292109029163345, 0.015345916713845586, 0.0221738600157138, 0.011523699689833753]</VALUES>
		<LCS_MIN>[0.08766492456197739, 0.06999703496694565, 0.04453226551413536, 0.036026764661073685, 0.011117801070213318, 0.005548443645238876]</LCS_MIN>
		<LCS_MAX>[0.15299707651138306, 0.16980765759944916, 0.12586036324501038, 0.13068372011184692, 0.09914591908454895, 0.09306740760803223]</LCS_MAX>
		<WAVELENGTH>[0.485, 0.56, 0.66, 0.83, 1.65, 2.215]</WAVELENGTH>
		<MEAN_VALUE>[0.11007964948019719, 0.09489938654780164, 0.06883103777751298, 0.06575990432172668, 0.03292109029163345, 0.0221738600157138]</MEAN_VALUE>
		<CHECKBOX>2</CHECKBOX>
		<SD>[0.01266129074326175, 0.02215561005835762, 0.017736877150709478, 0.023794946164722965, 0.015345916713845586, 0.011523699689833753]</SD>
		<WAVELENGTH_UNIT>E-6m</WAVELENGTH_UNIT>
		<COLOR>#22e408</COLOR>
		<COVARIANCE_MATRIX>[[0.00016257588868029416, 0.0002743986842688173, 0.00021221682254690677, 6.02117033849936e-05, 5.6796096032485366e-05, 5.328907354851253e-05], [0.0002743986842688173, 0.000495863554533571, 0.000375633651856333, 8.51805743877776e-05, 7.340364390984178e-05, 6.797598325647414e-05], [0.00021221682254690677, 0.000375633651856333, 0.00030813663033768535, 0.0001392740523442626, 0.00010768153151730075, 8.559448906453326e-05], [6.02117033849936e-05, 8.51805743877776e-05, 0.0001392740523442626, 0.0005713155842386186, 0.0003314764762762934, 0.00020137264800723642], [5.6796096032485366e-05, 7.340364390984178e-05, 0.00010768153151730075, 0.0003314764762762934, 0.0002353898889850825, 0.000154735374962911], [5.328907354851253e-05, 6.797598325647414e-05, 8.559448906453326e-05, 0.00020137264800723642, 0.000154735374962911, 0.0001238564436789602]]</COVARIANCE_MATRIX>
		<ROI_SIZE>3833</ROI_SIZE>
		<MAX_VALUE>[0.15299707651138306, 0.16980765759944916, 0.12586036324501038, 0.13068372011184692, 0.09914591908454895, 0.09306740760803223]</MAX_VALUE>
		<MIN_VALUE>[0.08766492456197739, 0.06999703496694565, 0.04453226551413536, 0.036026764661073685, 0.011117801070213318, 0.005548443645238876]</MIN_VALUE>
		<SIGNATURE_THRESHOLD_MD>0.0</SIGNATURE_THRESHOLD_MD>
		<SIGNATURE_THRESHOLD_ML>0.0</SIGNATURE_THRESHOLD_ML>
		<SIGNATURE_THRESHOLD_SAM>0.0</SIGNATURE_THRESHOLD_SAM>
	</signature>
	<signature ID="20200824_122953834752_775">
		<MACROCLASSID>1</MACROCLASSID>
		<MACROCLASSINFO>MC 1</MACROCLASSINFO>
		<CLASSID>4</CLASSID>
		<CLASSINFO>C 1</CLASSINFO>
		<VALUES>[0.10504842377140035, 0.0036558092118183514, 0.08494457493250503, 0.008588559970379255, 0.04033053982584854, 0.007989063571536963, 0.028217811287006872, 0.008844266294543815, 0.00729743778296836, 0.00800845319195585, 0.004299341752298378, 0.005198917133593393]</VALUES>
		<LCS_MIN>[0.09244533628225327, 0.06999703496694565, 0.030510179698467255, 0.011486079543828964, 0.0, 0.0]</LCS_MIN>
		<LCS_MAX>[0.11794080585241318, 0.1199023574590683, 0.09781620651483536, 0.09211976826190948, 0.07431747019290924, 0.06713585555553436]</LCS_MAX>
		<WAVELENGTH>[0.485, 0.56, 0.66, 0.83, 1.65, 2.215]</WAVELENGTH>
		<MEAN_VALUE>[0.10504842377140035, 0.08494457493250503, 0.04033053982584854, 0.028217811287006872, 0.00729743778296836, 0.004299341752298378]</MEAN_VALUE>
		<CHECKBOX>2</CHECKBOX>
		<SD>[0.0036558092118183514, 0.008588559970379255, 0.007989063571536963, 0.008844266294543815, 0.00800845319195585, 0.005198917133593393]</SD>
		<WAVELENGTH_UNIT>E-6m</WAVELENGTH_UNIT>
		<COLOR>#d45445</COLOR>
		<COVARIANCE_MATRIX>[[1.2645849892578553e-05, -1.049044840328861e-05, -1.4352296602737624e-05, -8.303300091938581e-06, -5.431707904790528e-06, -2.741754769886029e-06], [-1.049044840328861e-05, 5.3082974773133174e-05, 4.372251714812592e-05, 1.54538793140091e-05, 1.1500445907586254e-05, 7.304998234758386e-06], [-1.4352296602737624e-05, 4.372251714812592e-05, 5.411088204709813e-05, 3.546242442098446e-05, 2.9135984732420184e-05, 1.7726817532093264e-05], [-8.303300091938581e-06, 1.54538793140091e-05, 3.546242442098446e-05, 7.576085045002401e-05, 5.3870004194322973e-05, 3.1000432500150055e-05], [-5.431707904790528e-06, 1.1500445907586254e-05, 2.9135984732420184e-05, 5.3870004194322973e-05, 5.600947770290077e-05, 3.028971332241781e-05], [-2.741754769886029e-06, 7.304998234758386e-06, 1.7726817532093264e-05, 3.1000432500150055e-05, 3.028971332241781e-05, 2.433286135783419e-05]]</COVARIANCE_MATRIX>
		<ROI_SIZE>3659</ROI_SIZE>
		<MAX_VALUE>[0.11794080585241318, 0.1199023574590683, 0.09781620651483536, 0.09211976826190948, 0.07431747019290924, 0.06713585555553436]</MAX_VALUE>
		<MIN_VALUE>[0.09244533628225327, 0.06999703496694565, 0.030510179698467255, 0.011486079543828964, 0.0, 0.0]</MIN_VALUE>
		<SIGNATURE_THRESHOLD_MD>0.0</SIGNATURE_THRESHOLD_MD>
		<SIGNATURE_THRESHOLD_ML>0.0</SIGNATURE_THRESHOLD_ML>
		<SIGNATURE_THRESHOLD_SAM>0.0</SIGNATURE_THRESHOLD_SAM>
	</signature>
	<signature ID="20200824_131547989760_191">
		<MACROCLASSID>1</MACROCLASSID>
		<MACROCLASSINFO>MC 1</MACROCLASSINFO>
		<CLASSID>5</CLASSID>
		<CLASSINFO>C 1</CLASSINFO>
		<VALUES>[0.14761600770945424, 0.007445637657381421, 0.1395304169858438, 0.010359417849792205, 0.13873992128136697, 0.013343292583202531, 0.14556394270908657, 0.014790834979565267, 0.07011530821598735, 0.03690988515987935, 0.04586505827574451, 0.02604286420056892]</VALUES>
		<LCS_MIN>[0.10837999731302261, 0.09661321341991425, 0.08098971098661423, 0.10964883863925934, 0.006603538058698177, 0.0023070010356605053]</LCS_MIN>
		<LCS_MAX>[0.19283373653888702, 0.18976978957653046, 0.19316639006137848, 0.21131740510463715, 0.1307457536458969, 0.10279172658920288]</LCS_MAX>
		<WAVELENGTH>[0.485, 0.56, 0.66, 0.83, 1.65, 2.215]</WAVELENGTH>
		<MEAN_VALUE>[0.14761600770945424, 0.1395304169858438, 0.13873992128136697, 0.14556394270908657, 0.07011530821598735, 0.04586505827574451]</MEAN_VALUE>
		<CHECKBOX>2</CHECKBOX>
		<SD>[0.007445637657381421, 0.010359417849792205, 0.013343292583202531, 0.014790834979565267, 0.03690988515987935, 0.02604286420056892]</SD>
		<WAVELENGTH_UNIT>E-6m</WAVELENGTH_UNIT>
		<COLOR>#8aa57b</COLOR>
		<COVARIANCE_MATRIX>[[5.548318586079404e-05, 7.050472049741074e-05, 9.018993296194822e-05, -4.3855729927599896e-06, -0.00012633847654797137, -6.862500595161691e-05], [7.050472049741074e-05, 0.00010740594007074833, 0.00013480822963174433, 2.081845741486177e-05, -0.00022116674517747015, -0.0001337435096502304], [9.018993296194822e-05, 0.00013480822963174433, 0.00017819010827224702, 2.5713214199640788e-05, -0.00030029957997612655, -0.00018447486218065023], [-4.3855729927599896e-06, 2.081845741486177e-05, 2.5713214199640788e-05, 0.00021894900419283658, 0.00010393202683189884, 4.7027726395754144e-05], [-0.00012633847654797137, -0.00022116674517747015, -0.00030029957997612655, 0.00010393202683189884, 0.0013634618371725082, 0.0009393476066179574], [-6.862500595161691e-05, -0.0001337435096502304, -0.00018447486218065023, 4.7027726395754144e-05, 0.0009393476066179574, 0.000678789452649653]]</COVARIANCE_MATRIX>
		<ROI_SIZE>1215</ROI_SIZE>
		<MAX_VALUE>[0.19283373653888702, 0.18976978957653046, 0.19316639006137848, 0.21131740510463715, 0.1307457536458969, 0.10279172658920288]</MAX_VALUE>
		<MIN_VALUE>[0.10837999731302261, 0.09661321341991425, 0.08098971098661423, 0.10964883863925934, 0.006603538058698177, 0.0023070010356605053]</MIN_VALUE>
		<SIGNATURE_THRESHOLD_MD>0.0</SIGNATURE_THRESHOLD_MD>
		<SIGNATURE_THRESHOLD_ML>0.0</SIGNATURE_THRESHOLD_ML>
		<SIGNATURE_THRESHOLD_SAM>0.0</SIGNATURE_THRESHOLD_SAM>
	</signature>
	<signature ID="20200824_131612691787_876">
		<MACROCLASSID>1</MACROCLASSID>
		<MACROCLASSINFO>MC 1</MACROCLASSINFO>
		<CLASSID>6</CLASSID>
		<CLASSINFO>C 1</CLASSINFO>
		<VALUES>[0.14375218310124097, 0.012075773973591594, 0.13006797549231075, 0.013917415940591153, 0.12487659410874431, 0.016262433853146643, 0.13818870997606447, 0.020312027302244236, 0.12562286496950714, 0.026840114991857792, 0.08662281039017368, 0.024263270414168897]</VALUES>
		<LCS_MIN>[0.10678653419017792, 0.09661321341991425, 0.06977203488349915, 0.08861395716667175, 0.05400329455733299, 0.03147998824715614]</LCS_MIN>
		<LCS_MAX>[0.19283373653888702, 0.1864427775144577, 0.17914430797100067, 0.21131740510463715, 0.19168829917907715, 0.14817194640636444]</LCS_MAX>
		<WAVELENGTH>[0.485, 0.56, 0.66, 0.83, 1.65, 2.215]</WAVELENGTH>
		<MEAN_VALUE>[0.14375218310124097, 0.13006797549231075, 0.12487659410874431, 0.13818870997606447, 0.12562286496950714, 0.08662281039017368]</MEAN_VALUE>
		<CHECKBOX>2</CHECKBOX>
		<SD>[0.012075773973591594, 0.013917415940591153, 0.016262433853146643, 0.020312027302244236, 0.026840114991857792, 0.024263270414168897]</SD>
		<WAVELENGTH_UNIT>E-6m</WAVELENGTH_UNIT>
		<COLOR>#1ae6c3</COLOR>
		<COVARIANCE_MATRIX>[[0.00011928531603189185, 0.00013085169484838843, 0.000148607708979398, 9.57053925958462e-05, 0.00015569216338917613, 0.00016979017527773976], [0.00013085169484838843, 0.00016164204862434417, 0.00018432363867759705, 0.00014871459279675037, 0.00018797435041051358, 0.00019388695363886654], [0.000148607708979398, 0.00018432363867759705, 0.00022345145407598466, 0.00018123920017387718, 0.00020643702009692788, 0.00021203351207077503], [9.57053925958462e-05, 0.00014871459279675037, 0.00018123920017387718, 0.00037182215601205826, 0.00031896927976049483, 0.0002496401430107653], [0.00015569216338917613, 0.00018797435041051358, 0.00020643702009692788, 0.00031896927976049483, 0.0006872288067825139, 0.0005983566516079009], [0.00016979017527773976, 0.00019388695363886654, 0.00021203351207077503, 0.0002496401430107653, 0.0005983566516079009, 0.0005725292139686644]]</COVARIANCE_MATRIX>
		<ROI_SIZE>3171</ROI_SIZE>
		<MAX_VALUE>[0.19283373653888702, 0.1864427775144577, 0.17914430797100067, 0.21131740510463715, 0.19168829917907715, 0.14817194640636444]</MAX_VALUE>
		<MIN_VALUE>[0.10678653419017792, 0.09661321341991425, 0.06977203488349915, 0.08861395716667175, 0.05400329455733299, 0.03147998824715614]</MIN_VALUE>
		<SIGNATURE_THRESHOLD_MD>0.0</SIGNATURE_THRESHOLD_MD>
		<SIGNATURE_THRESHOLD_ML>0.0</SIGNATURE_THRESHOLD_ML>
		<SIGNATURE_THRESHOLD_SAM>0.0</SIGNATURE_THRESHOLD_SAM>
	</signature>
	<signature ID="20200824_131623520869_667">
		<MACROCLASSID>1</MACROCLASSID>
		<MACROCLASSINFO>MC 1</MACROCLASSINFO>
		<CLASSID>7</CLASSID>
		<CLASSINFO>C 1</CLASSINFO>
		<VALUES>[0.14419019415153098, 0.007080704718414126, 0.133614425590965, 0.01111881476531172, 0.13048678129620264, 0.014305180363105055, 0.13056872915073617, 0.015073655753007913, 0.04570876907905603, 0.027089804373775266, 0.0292706680224152, 0.01904130464319076]</VALUES>
		<LCS_MIN>[0.11634733527898788, 0.0932861939072609, 0.08379411697387695, 0.08510815352201462, 0.006603538058698177, 0.0]</LCS_MIN>
		<LCS_MAX>[0.16255788505077362, 0.16315361857414246, 0.16512221097946167, 0.19378836452960968, 0.10817443579435349, 0.09306740760803223]</LCS_MAX>
		<WAVELENGTH>[0.485, 0.56, 0.66, 0.83, 1.65, 2.215]</WAVELENGTH>
		<MEAN_VALUE>[0.14419019415153098, 0.133614425590965, 0.13048678129620264, 0.13056872915073617, 0.04570876907905603, 0.0292706680224152]</MEAN_VALUE>
		<CHECKBOX>2</CHECKBOX>
		<SD>[0.007080704718414126, 0.01111881476531172, 0.014305180363105055, 0.015073655753007913, 0.027089804373775266, 0.01904130464319076]</SD>
		<WAVELENGTH_UNIT>E-6m</WAVELENGTH_UNIT>
		<COLOR>#1ae1b8</COLOR>
		<COVARIANCE_MATRIX>[[5.023254925617948e-05, 7.193119381554425e-05, 9.197739564115182e-05, 8.473098569083959e-05, -6.444221799029037e-05, -3.905959238181822e-05], [7.193119381554425e-05, 0.0001171222684206441, 0.00014644005568698049, 0.0001348533114651218, -0.00012759410310536623, -7.9886413004715e-05], [9.197739564115182e-05, 0.00014644005568698049, 0.00019338120182510465, 0.00017428344290237874, -0.0001763237378327176, -0.00011140457354485989], [8.473098569083959e-05, 0.0001348533114651218, 0.00017428344290237874, 0.00020461335952859372, -7.137557258829474e-05, -4.286054172553122e-05], [-6.444221799029037e-05, -0.00012759410310536623, -0.0001763237378327176, -7.137557258829474e-05, 0.0007188143790699542, 0.00048121766303665936], [-3.905959238181822e-05, -7.9886413004715e-05, -0.00011140457354485989, -4.286054172553122e-05, 0.00048121766303665936, 0.000338921818183735]]</COVARIANCE_MATRIX>
		<ROI_SIZE>2706</ROI_SIZE>
		<MAX_VALUE>[0.16255788505077362, 0.16315361857414246, 0.16512221097946167, 0.19378836452960968, 0.10817443579435349, 0.09306740760803223]</MAX_VALUE>
		<MIN_VALUE>[0.11634733527898788, 0.0932861939072609, 0.08379411697387695, 0.08510815352201462, 0.006603538058698177, 0.0]</MIN_VALUE>
		<SIGNATURE_THRESHOLD_MD>0.0</SIGNATURE_THRESHOLD_MD>
		<SIGNATURE_THRESHOLD_ML>0.0</SIGNATURE_THRESHOLD_ML>
		<SIGNATURE_THRESHOLD_SAM>0.0</SIGNATURE_THRESHOLD_SAM>
	</signature>
	<signature ID="20200824_131658299313_186">
		<MACROCLASSID>1</MACROCLASSID>
		<MACROCLASSINFO>MC 1</MACROCLASSINFO>
		<CLASSID>8</CLASSID>
		<CLASSINFO>C 1</CLASSINFO>
		<VALUES>[0.12212514225161278, 0.012100444303447002, 0.1060715793931574, 0.013895700224827333, 0.09255005102465284, 0.01646061490811656, 0.12049849714126971, 0.03529617108036067, 0.07115974128617915, 0.03111325534983169, 0.04652319327368402, 0.02262840403216695]</VALUES>
		<LCS_MIN>[0.09881921112537384, 0.0799781009554863, 0.06135876849293709, 0.06407326459884644, 0.0133749321103096, 0.00878988765180111]</LCS_MIN>
		<LCS_MAX>[0.1657448261976242, 0.1598266065120697, 0.15390455722808838, 0.19378836452960968, 0.13977426290512085, 0.11251607537269592]</LCS_MAX>
		<WAVELENGTH>[0.485, 0.56, 0.66, 0.83, 1.65, 2.215]</WAVELENGTH>
		<MEAN_VALUE>[0.12212514225161278, 0.1060715793931574, 0.09255005102465284, 0.12049849714126971, 0.07115974128617915, 0.04652319327368402]</MEAN_VALUE>
		<CHECKBOX>2</CHECKBOX>
		<SD>[0.012100444303447002, 0.013895700224827333, 0.01646061490811656, 0.03529617108036067, 0.03111325534983169, 0.02262840403216695]</SD>
		<WAVELENGTH_UNIT>E-6m</WAVELENGTH_UNIT>
		<COLOR>#637c78</COLOR>
		<COVARIANCE_MATRIX>[[0.000146786798723042, 0.00016087971744127572, 0.0001918022462632507, -5.217398575041443e-05, 8.913564670365304e-05, 0.00014159090642351657], [0.00016087971744127572, 0.00019357321434654295, 0.0002237815351691097, 6.734997441526502e-06, 0.0001598000671947375, 0.00019588090071920305], [0.0001918022462632507, 0.0002237815351691097, 0.00027162922197021544, -1.46897291415371e-05, 0.000173607244505547, 0.00022468174574896693], [-5.217398575041443e-05, 6.734997441526502e-06, -1.46897291415371e-05, 0.0012489341897889972, 0.0008878309745341539, 0.0004648299654945731], [8.913564670365304e-05, 0.0001598000671947375, 0.000173607244505547, 0.0008878309745341539, 0.0009704547701403499, 0.0006273148464970291], [0.00014159090642351657, 0.00019588090071920305, 0.00022468174574896693, 0.0004648299654945731, 0.0006273148464970291, 0.0005133248050697148]]</COVARIANCE_MATRIX>
		<ROI_SIZE>401</ROI_SIZE>
		<MAX_VALUE>[0.1657448261976242, 0.1598266065120697, 0.15390455722808838, 0.19378836452960968, 0.13977426290512085, 0.11251607537269592]</MAX_VALUE>
		<MIN_VALUE>[0.09881921112537384, 0.0799781009554863, 0.06135876849293709, 0.06407326459884644, 0.0133749321103096, 0.00878988765180111]</MIN_VALUE>
		<SIGNATURE_THRESHOLD_MD>0.0</SIGNATURE_THRESHOLD_MD>
		<SIGNATURE_THRESHOLD_ML>0.0</SIGNATURE_THRESHOLD_ML>
		<SIGNATURE_THRESHOLD_SAM>0.0</SIGNATURE_THRESHOLD_SAM>
	</signature>
	<signature ID="20200824_131745991119_197">
		<MACROCLASSID>1</MACROCLASSID>
		<MACROCLASSINFO>MC 1</MACROCLASSINFO>
		<CLASSID>9</CLASSID>
		<CLASSINFO>C 1</CLASSINFO>
		<VALUES>[0.12025315015578719, 0.006291801536192643, 0.11334515742477407, 0.010202927807243621, 0.09730312620868539, 0.012597604638932275, 0.06233858698185172, 0.016205986202802003, 0.02016509585895746, 0.014182289902697078, 0.01206799956104425, 0.008922859535680576]</VALUES>
		<LCS_MIN>[0.09563226997852325, 0.06999703496694565, 0.0501411072909832, 0.03252095729112625, 0.0020892764441668987, 0.0]</LCS_MIN>
		<LCS_MAX>[0.13228200376033783, 0.12322939932346344, 0.11464271694421768, 0.11315464973449707, 0.07657461613416672, 0.06065297871828079]</LCS_MAX>
		<WAVELENGTH>[0.485, 0.56, 0.66, 0.83, 1.65, 2.215]</WAVELENGTH>
		<MEAN_VALUE>[0.12025315015578719, 0.11334515742477407, 0.09730312620868539, 0.06233858698185172, 0.02016509585895746, 0.01206799956104425]</MEAN_VALUE>
		<CHECKBOX>2</CHECKBOX>
		<SD>[0.006291801536192643, 0.010202927807243621, 0.012597604638932275, 0.016205986202802003, 0.014182289902697078, 0.008922859535680576]</SD>
		<WAVELENGTH_UNIT>E-6m</WAVELENGTH_UNIT>
		<COLOR>#a7ad83</COLOR>
		<COVARIANCE_MATRIX>[[3.185531750204973e-05, 4.549409277387895e-05, 5.6724984460743144e-05, -1.9513854567776434e-05, -2.026711626967881e-05, -1.0194218702963553e-05], [4.549409277387895e-05, 7.880284829298034e-05, 9.285384294344112e-05, -4.546048876363784e-05, -4.3394331441959366e-05, -2.3804366719559766e-05], [5.6724984460743144e-05, 9.285384294344112e-05, 0.00012347784650046378, -5.469159077620134e-05, -5.3026244131615385e-05, -2.7971636882284656e-05], [-1.9513854567776434e-05, -4.546048876363784e-05, -5.469159077620134e-05, 0.0002862837864086032, 0.00021002700668759644, 0.0001230868074344471], [-2.026711626967881e-05, -4.3394331441959366e-05, -5.3026244131615385e-05, 0.00021002700668759644, 0.00021684839157387614, 0.00013123327516950667], [-1.0194218702963553e-05, -2.3804366719559766e-05, -2.7971636882284656e-05, 0.0001230868074344471, 0.00013123327516950667, 9.412333747604862e-05]]</COVARIANCE_MATRIX>
		<ROI_SIZE>982</ROI_SIZE>
		<MAX_VALUE>[0.13228200376033783, 0.12322939932346344, 0.11464271694421768, 0.11315464973449707, 0.07657461613416672, 0.06065297871828079]</MAX_VALUE>
		<MIN_VALUE>[0.09563226997852325, 0.06999703496694565, 0.0501411072909832, 0.03252095729112625, 0.0020892764441668987, 0.0]</MIN_VALUE>
		<SIGNATURE_THRESHOLD_MD>0.0</SIGNATURE_THRESHOLD_MD>
		<SIGNATURE_THRESHOLD_ML>0.0</SIGNATURE_THRESHOLD_ML>
		<SIGNATURE_THRESHOLD_SAM>0.0</SIGNATURE_THRESHOLD_SAM>
	</signature>
	<signature ID="20200824_131812729556_632">
		<MACROCLASSID>1</MACROCLASSID>
		<MACROCLASSINFO>MC 1</MACROCLASSINFO>
		<CLASSID>10</CLASSID>
		<CLASSINFO>C 1</CLASSINFO>
		<VALUES>[0.11659897599775008, 0.006092544911875644, 0.10823418301570135, 0.0079730730682132, 0.08432306841925595, 0.011545689066732708, 0.04041366276604794, 0.009938638547180662, 0.007076887649994205, 0.00209274914924948, 0.00496371391232404, 0.0026418683627049255]</VALUES>
		<LCS_MIN>[0.09881921112537384, 0.0866321474313736, 0.0641631931066513, 0.02550933137536049, 0.0, 0.0]</LCS_MIN>
		<LCS_MAX>[0.13068853318691254, 0.126556396484375, 0.11183828115463257, 0.08510815352201462, 0.015632063150405884, 0.015272772870957851]</LCS_MAX>
		<WAVELENGTH>[0.485, 0.56, 0.66, 0.83, 1.65, 2.215]</WAVELENGTH>
		<MEAN_VALUE>[0.11659897599775008, 0.10823418301570135, 0.08432306841925595, 0.04041366276604794, 0.007076887649994205, 0.00496371391232404]</MEAN_VALUE>
		<CHECKBOX>2</CHECKBOX>
		<SD>[0.006092544911875644, 0.0079730730682132, 0.011545689066732708, 0.009938638547180662, 0.00209274914924948, 0.0026418683627049255]</SD>
		<WAVELENGTH_UNIT>E-6m</WAVELENGTH_UNIT>
		<COLOR>#f9ceae</COLOR>
		<COVARIANCE_MATRIX>[[3.3005198929458857e-05, 3.7800280551891774e-05, 4.895118036074564e-05, 2.5344244932057336e-05, 7.68822928876034e-07, 5.275651346892118e-07], [3.7800280551891774e-05, 5.485570363816805e-05, 6.925734487595037e-05, 3.669178840937093e-05, 7.388990184153954e-07, 6.575151587639994e-07], [4.895118036074564e-05, 6.925734487595037e-05, 0.00011662556789815426, 8.200156298698857e-05, 1.862604335656215e-06, 1.4833880186415627e-06], [2.5344244932057336e-05, 3.669178840937093e-05, 8.200156298698857e-05, 8.783105295151472e-05, 2.237467015220318e-06, 1.3524770565709332e-06], [7.68822928876034e-07, 7.388990184153954e-07, 1.862604335656215e-06, 2.237467015220318e-06, 4.41942029283382e-06, 9.010254871100187e-07], [5.275651346892118e-07, 6.575151587639994e-07, 1.4833880186415627e-06, 1.3524770565709332e-06, 9.010254871100187e-07, 6.927482445462374e-06]]</COVARIANCE_MATRIX>
		<ROI_SIZE>10201</ROI_SIZE>
		<MAX_VALUE>[0.13068853318691254, 0.126556396484375, 0.11183828115463257, 0.08510815352201462, 0.015632063150405884, 0.015272772870957851]</MAX_VALUE>
		<MIN_VALUE>[0.09881921112537384, 0.0866321474313736, 0.0641631931066513, 0.02550933137536049, 0.0, 0.0]</MIN_VALUE>
		<SIGNATURE_THRESHOLD_MD>0.0</SIGNATURE_THRESHOLD_MD>
		<SIGNATURE_THRESHOLD_ML>0.0</SIGNATURE_THRESHOLD_ML>
		<SIGNATURE_THRESHOLD_SAM>0.0</SIGNATURE_THRESHOLD_SAM>
	</signature>
	<signature ID="20200824_131824325167_915">
		<MACROCLASSID>1</MACROCLASSID>
		<MACROCLASSINFO>MC 1</MACROCLASSINFO>
		<CLASSID>11</CLASSID>
		<CLASSINFO>C 1</CLASSINFO>
		<VALUES>[0.12027710075844293, 0.005655576082216393, 0.10468809788526695, 0.007672645309403468, 0.07979204219828344, 0.009938191112913207, 0.044370213318700565, 0.011060949974281059, 0.011794958784876063, 0.007784805265992644, 0.00783564633504869, 0.004861374755383346]</VALUES>
		<LCS_MIN>[0.09722574055194855, 0.0799781009554863, 0.05294552445411682, 0.02901514247059822, 0.0, 0.0]</LCS_MIN>
		<LCS_MAX>[0.13546893000602722, 0.12322939932346344, 0.103425033390522, 0.11315464973449707, 0.07657461613416672, 0.050928644835948944]</LCS_MAX>
		<WAVELENGTH>[0.485, 0.56, 0.66, 0.83, 1.65, 2.215]</WAVELENGTH>
		<MEAN_VALUE>[0.12027710075844293, 0.10468809788526695, 0.07979204219828344, 0.044370213318700565, 0.011794958784876063, 0.00783564633504869]</MEAN_VALUE>
		<CHECKBOX>2</CHECKBOX>
		<SD>[0.005655576082216393, 0.007672645309403468, 0.009938191112913207, 0.011060949974281059, 0.007784805265992644, 0.004861374755383346]</SD>
		<WAVELENGTH_UNIT>E-6m</WAVELENGTH_UNIT>
		<COLOR>#caf195</COLOR>
		<COVARIANCE_MATRIX>[[2.78163261100417e-05, 3.083371848333627e-05, 3.0911254725651816e-05, -7.340923730225768e-06, -7.278081739059417e-06, -3.4386582683509914e-06], [3.083371848333627e-05, 5.424004848464392e-05, 5.822980165248737e-05, 2.331562654944719e-06, -6.5319472923874855e-06, -2.830877519954811e-06], [3.0911254725651816e-05, 5.822980165248737e-05, 9.054820839082822e-05, 2.2063810320105404e-05, -1.3895803476771107e-06, -1.3574176449537845e-08], [-7.340923730225768e-06, 2.331562654944719e-06, 2.2063810320105404e-05, 8.637925930088386e-05, 4.44660872744862e-05, 2.386122832831461e-05], [-7.278081739059417e-06, -6.5319472923874855e-06, -1.3895803476771107e-06, 4.44660872744862e-05, 4.194240318611264e-05, 2.084493280563038e-05], [-3.4386582683509914e-06, -2.830877519954811e-06, -1.3574176449537845e-08, 2.386122832831461e-05, 2.084493280563038e-05, 1.7903746993397363e-05]]</COVARIANCE_MATRIX>
		<ROI_SIZE>10098</ROI_SIZE>
		<MAX_VALUE>[0.13546893000602722, 0.12322939932346344, 0.103425033390522, 0.11315464973449707, 0.07657461613416672, 0.050928644835948944]</MAX_VALUE>
		<MIN_VALUE>[0.09722574055194855, 0.0799781009554863, 0.05294552445411682, 0.02901514247059822, 0.0, 0.0]</MIN_VALUE>
		<SIGNATURE_THRESHOLD_MD>0.0</SIGNATURE_THRESHOLD_MD>
		<SIGNATURE_THRESHOLD_ML>0.0</SIGNATURE_THRESHOLD_ML>
		<SIGNATURE_THRESHOLD_SAM>0.0</SIGNATURE_THRESHOLD_SAM>
	</signature>
	<signature ID="20200824_131845842128_807">
		<MACROCLASSID>1</MACROCLASSID>
		<MACROCLASSINFO>MC 1</MACROCLASSINFO>
		<CLASSID>12</CLASSID>
		<CLASSINFO>C 1</CLASSINFO>
		<VALUES>[0.09504913624300619, 0.00510918172009695, 0.07267960466941971, 0.009130451209054353, 0.04904509360108512, 0.012975552419953856, 0.02946575948154667, 0.014565207146814875, 0.0065493938215794014, 0.007209350930142568, 0.004284096129051122, 0.005092247604398601]</VALUES>
		<LCS_MIN>[0.0844779908657074, 0.05668896436691284, 0.033314600586891174, 0.018497703596949577, 0.0, 0.0]</LCS_MIN>
		<LCS_MAX>[0.12272120267152786, 0.1132483258843422, 0.09501177817583084, 0.08861395716667175, 0.07431747019290924, 0.06065297871828079]</LCS_MAX>
		<WAVELENGTH>[0.485, 0.56, 0.66, 0.83, 1.65, 2.215]</WAVELENGTH>
		<MEAN_VALUE>[0.09504913624300619, 0.07267960466941971, 0.04904509360108512, 0.02946575948154667, 0.0065493938215794014, 0.004284096129051122]</MEAN_VALUE>
		<CHECKBOX>2</CHECKBOX>
		<SD>[0.00510918172009695, 0.009130451209054353, 0.012975552419953856, 0.014565207146814875, 0.007209350930142568, 0.005092247604398601]</SD>
		<WAVELENGTH_UNIT>E-6m</WAVELENGTH_UNIT>
		<COLOR>#b618ad</COLOR>
		<COVARIANCE_MATRIX>[[2.9162805731175467e-05, 4.6822566218907014e-05, 6.581951311090961e-05, 5.434470222098753e-05, 1.6538446288905106e-05, 1.06021725514438e-05], [4.6822566218907014e-05, 9.321365359937772e-05, 0.00012293241161387414, 9.46504223975353e-05, 2.3829594283597544e-05, 1.54152512550354e-05], [6.581951311090961e-05, 0.00012293241161387414, 0.0001850109692895785, 0.00016376760322600603, 4.0939354221336544e-05, 2.5144634491880424e-05], [5.434470222098753e-05, 9.46504223975353e-05, 0.00016376760322600603, 0.00022098742192611098, 7.087422272888944e-05, 4.101389640709385e-05], [1.6538446288905106e-05, 2.3829594283597544e-05, 4.0939354221336544e-05, 7.087422272888944e-05, 5.133014201419428e-05, 2.975202733068727e-05], [1.06021725514438e-05, 1.54152512550354e-05, 2.5144634491880424e-05, 4.101389640709385e-05, 2.975202733068727e-05, 2.5008241209434345e-05]]</COVARIANCE_MATRIX>
		<ROI_SIZE>8541</ROI_SIZE>
		<MAX_VALUE>[0.12272120267152786, 0.1132483258843422, 0.09501177817583084, 0.08861395716667175, 0.07431747019290924, 0.06065297871828079]</MAX_VALUE>
		<MIN_VALUE>[0.0844779908657074, 0.05668896436691284, 0.033314600586891174, 0.018497703596949577, 0.0, 0.0]</MIN_VALUE>
		<SIGNATURE_THRESHOLD_MD>0.0</SIGNATURE_THRESHOLD_MD>
		<SIGNATURE_THRESHOLD_ML>0.0</SIGNATURE_THRESHOLD_ML>
		<SIGNATURE_THRESHOLD_SAM>0.0</SIGNATURE_THRESHOLD_SAM>
	</signature>
	<signature ID="20200824_134626219561_477">
		<MACROCLASSID>1</MACROCLASSID>
		<MACROCLASSINFO>MC 1</MACROCLASSINFO>
		<CLASSID>13</CLASSID>
		<CLASSINFO>C 1</CLASSINFO>
		<VALUES>[0.100819275695944, 0.00863328929801993, 0.07789213537384027, 0.011750194206930985, 0.05556335956251157, 0.01184008540790722, 0.0375663395487452, 0.01336049362163349, 0.014049782321370833, 0.00984833310095635, 0.010434882788452263, 0.007946292245421099]</VALUES>
		<LCS_MIN>[0.0844779908657074, 0.05668896436691284, 0.033314600586891174, 0.02550933137536049, 0.0020892764441668987, 0.0]</LCS_MIN>
		<LCS_MAX>[0.13068853318691254, 0.126556396484375, 0.11464271694421768, 0.10964883863925934, 0.08108887821435928, 0.07037730515003204]</LCS_MAX>
		<WAVELENGTH>[0.485, 0.56, 0.66, 0.83, 1.65, 2.215]</WAVELENGTH>
		<MEAN_VALUE>[0.100819275695944, 0.07789213537384027, 0.05556335956251157, 0.0375663395487452, 0.014049782321370833, 0.010434882788452263]</MEAN_VALUE>
		<CHECKBOX>2</CHECKBOX>
		<SD>[0.00863328929801993, 0.011750194206930985, 0.01184008540790722, 0.01336049362163349, 0.00984833310095635, 0.007946292245421099]</SD>
		<WAVELENGTH_UNIT>E-6m</WAVELENGTH_UNIT>
		<COLOR>#d6ae6d</COLOR>
		<COVARIANCE_MATRIX>[[7.863809878472239e-05, 0.00010343500616727397, 0.00010390747775090858, 4.855637962464243e-05, 7.856835509301163e-06, 7.421414466080023e-06], [0.00010343500616727397, 0.00014724748325534165, 0.00014381158689502627, 6.771004700567573e-05, 1.0601118447084446e-05, 9.634625712351408e-06], [0.00010390747775090858, 0.00014381158689502627, 0.00015625653031747788, 9.197997860610485e-05, 2.9864553653169423e-05, 2.4906878024921753e-05], [4.855637962464243e-05, 6.771004700567573e-05, 9.197997860610485e-05, 0.00014961481792852283, 8.831837476463988e-05, 6.575835141120479e-05], [7.856835509301163e-06, 1.0601118447084446e-05, 2.9864553653169423e-05, 8.831837476463988e-05, 9.409042104380205e-05, 7.068386912578717e-05], [7.421414466080023e-06, 9.634625712351408e-06, 2.4906878024921753e-05, 6.575835141120479e-05, 7.068386912578717e-05, 6.340551044559106e-05]]</COVARIANCE_MATRIX>
		<ROI_SIZE>8439</ROI_SIZE>
		<MAX_VALUE>[0.13068853318691254, 0.126556396484375, 0.11464271694421768, 0.10964883863925934, 0.08108887821435928, 0.07037730515003204]</MAX_VALUE>
		<MIN_VALUE>[0.0844779908657074, 0.05668896436691284, 0.033314600586891174, 0.02550933137536049, 0.0020892764441668987, 0.0]</MIN_VALUE>
		<SIGNATURE_THRESHOLD_MD>0.0</SIGNATURE_THRESHOLD_MD>
		<SIGNATURE_THRESHOLD_ML>0.0</SIGNATURE_THRESHOLD_ML>
		<SIGNATURE_THRESHOLD_SAM>0.0</SIGNATURE_THRESHOLD_SAM>
	</signature>
	<signature ID="20200824_134639057981_859">
		<MACROCLASSID>1</MACROCLASSID>
		<MACROCLASSINFO>MC 1</MACROCLASSINFO>
		<CLASSID>14</CLASSID>
		<CLASSINFO>C 1</CLASSINFO>
		<VALUES>[0.10912088702406207, 0.011008274047749957, 0.08781149687227752, 0.012272485656875273, 0.06581966971641509, 0.013583802461479522, 0.05635113299531587, 0.020822136784214722, 0.027641290514419468, 0.014014428579414893, 0.019226716101790515, 0.010195168150665906]</VALUES>
		<LCS_MIN>[0.09085186570882797, 0.06334299594163895, 0.04453226551413536, 0.02901514247059822, 0.006603538058698177, 0.0023070010356605053]</LCS_MIN>
		<LCS_MAX>[0.15459054708480835, 0.1332104504108429, 0.11183828115463257, 0.12016626447439194, 0.09463166445493698, 0.07361875474452972]</LCS_MAX>
		<WAVELENGTH>[0.485, 0.56, 0.66, 0.83, 1.65, 2.215]</WAVELENGTH>
		<MEAN_VALUE>[0.10912088702406207, 0.08781149687227752, 0.06581966971641509, 0.05635113299531587, 0.027641290514419468, 0.019226716101790515]</MEAN_VALUE>
		<CHECKBOX>2</CHECKBOX>
		<SD>[0.011008274047749957, 0.012272485656875273, 0.013583802461479522, 0.020822136784214722, 0.014014428579414893, 0.010195168150665906]</SD>
		<WAVELENGTH_UNIT>E-6m</WAVELENGTH_UNIT>
		<COLOR>#24170f</COLOR>
		<COVARIANCE_MATRIX>[[0.00011375942995073274, 0.00011861977691296488, 0.00013197869702707976, 0.00013872912677470595, 8.753292786423117e-05, 6.694092007819563e-05], [0.00011861977691296488, 0.00013709873019251972, 0.00014733144780620933, 0.0001496482000220567, 8.819990762276575e-05, 6.717741780448705e-05], [0.00013197869702707976, 0.00014733144780620933, 0.00016976066399365664, 0.00017814169405028224, 0.00010509246931178495, 7.900625496404245e-05], [0.00013872912677470595, 0.0001496482000220567, 0.00017814169405028224, 0.00041110225720331073, 0.00023028682335279882, 0.00014786901010666043], [8.753292786423117e-05, 8.819990762276575e-05, 0.00010509246931178495, 0.00023028682335279882, 0.0001729773503029719, 0.00011433603503974155], [6.694092007819563e-05, 6.717741780448705e-05, 7.900625496404245e-05, 0.00014786901010666043, 0.00011433603503974155, 8.860210800776258e-05]]</COVARIANCE_MATRIX>
		<ROI_SIZE>8904</ROI_SIZE>
		<MAX_VALUE>[0.15459054708480835, 0.1332104504108429, 0.11183828115463257, 0.12016626447439194, 0.09463166445493698, 0.07361875474452972]</MAX_VALUE>
		<MIN_VALUE>[0.09085186570882797, 0.06334299594163895, 0.04453226551413536, 0.02901514247059822, 0.006603538058698177, 0.0023070010356605053]</MIN_VALUE>
		<SIGNATURE_THRESHOLD_MD>0.0</SIGNATURE_THRESHOLD_MD>
		<SIGNATURE_THRESHOLD_ML>0.0</SIGNATURE_THRESHOLD_ML>
		<SIGNATURE_THRESHOLD_SAM>0.0</SIGNATURE_THRESHOLD_SAM>
	</signature>
	<signature ID="20200824_134803607864_437">
		<MACROCLASSID>1</MACROCLASSID>
		<MACROCLASSINFO>MC 1</MACROCLASSINFO>
		<CLASSID>15</CLASSID>
		<CLASSINFO>C 1</CLASSINFO>
		<VALUES>[0.08983583269339547, 0.0035983372762683316, 0.06525850372739378, 0.0044481395667033555, 0.04191435109332157, 0.003237500311227225, 0.027310832252068235, 0.0021141798935200786, 0.010106672346668821, 0.0024157997237670595, 0.007677669306178109, 0.0025422438834342125]</VALUES>
		<LCS_MIN>[0.07969760149717331, 0.05668896436691284, 0.033314600586891174, 0.02200351469218731, 0.0, 0.0]</LCS_MIN>
		<LCS_MAX>[0.10200612992048264, 0.0799781009554863, 0.05294552445411682, 0.03252095729112625, 0.02014632523059845, 0.021755658090114594]</LCS_MAX>
		<WAVELENGTH>[0.485, 0.56, 0.66, 0.83, 1.65, 2.215]</WAVELENGTH>
		<MEAN_VALUE>[0.08983583269339547, 0.06525850372739378, 0.04191435109332157, 0.027310832252068235, 0.010106672346668821, 0.007677669306178109]</MEAN_VALUE>
		<CHECKBOX>2</CHECKBOX>
		<SD>[0.0035983372762683316, 0.0044481395667033555, 0.003237500311227225, 0.0021141798935200786, 0.0024157997237670595, 0.0025422438834342125]</SD>
		<WAVELENGTH_UNIT>E-6m</WAVELENGTH_UNIT>
		<COLOR>#f6536e</COLOR>
		<COVARIANCE_MATRIX>[[1.4250924323278014e-05, 1.4542886674462352e-05, 1.0617735824780539e-05, 4.913571956421947e-06, 2.19645971810678e-06, 1.4926757785360678e-06], [1.4542886674462352e-05, 2.2054371584090404e-05, 1.3976329682918731e-05, 6.448060958064161e-06, 2.838902901203255e-06, 2.05929109142744e-06], [1.0617735824780539e-05, 1.3976329682918731e-05, 1.3181906979298219e-05, 5.2445379878918175e-06, 2.0818984012294095e-06, 1.4813558664172888e-06], [4.913571956421947e-06, 6.448060958064161e-06, 5.2445379878918175e-06, 5.9394365052867215e-06, 1.3411219015324605e-06, 8.381949214708584e-07], [2.19645971810678e-06, 2.838902901203255e-06, 2.0818984012294095e-06, 1.3411219015324605e-06, 5.933342890784843e-06, 1.3346364085009554e-06], [1.4926757785360678e-06, 2.05929109142744e-06, 1.4813558664172888e-06, 8.381949214708584e-07, 1.3346364085009554e-06, 6.545992619066965e-06]]</COVARIANCE_MATRIX>
		<ROI_SIZE>10167</ROI_SIZE>
		<MAX_VALUE>[0.10200612992048264, 0.0799781009554863, 0.05294552445411682, 0.03252095729112625, 0.02014632523059845, 0.021755658090114594]</MAX_VALUE>
		<MIN_VALUE>[0.07969760149717331, 0.05668896436691284, 0.033314600586891174, 0.02200351469218731, 0.0, 0.0]</MIN_VALUE>
		<SIGNATURE_THRESHOLD_MD>0.0</SIGNATURE_THRESHOLD_MD>
		<SIGNATURE_THRESHOLD_ML>0.0</SIGNATURE_THRESHOLD_ML>
		<SIGNATURE_THRESHOLD_SAM>0.0</SIGNATURE_THRESHOLD_SAM>
	</signature>
	<signature ID="20200824_134825579110_836">
		<MACROCLASSID>1</MACROCLASSID>
		<MACROCLASSINFO>MC 1</MACROCLASSINFO>
		<CLASSID>16</CLASSID>
		<CLASSINFO>C 1</CLASSINFO>
		<VALUES>[0.11234872839413583, 0.0034865295448710237, 0.10724928842391818, 0.004519873015579865, 0.08523137979209425, 0.00540339194054529, 0.05862830536207186, 0.014659444486211199, 0.018827314377995206, 0.00683658554139479, 0.009995299157162667, 0.003897939978502996]</VALUES>
		<LCS_MIN>[0.10200612992048264, 0.08995916694402695, 0.06696761399507523, 0.036026764661073685, 0.008860670030117035, 0.0023070010356605053]</LCS_MIN>
		<LCS_MAX>[0.12431465834379196, 0.11657534539699554, 0.10062061995267868, 0.10964883863925934, 0.05400329455733299, 0.024997102096676826]</LCS_MAX>
		<WAVELENGTH>[0.485, 0.56, 0.66, 0.83, 1.65, 2.215]</WAVELENGTH>
		<MEAN_VALUE>[0.11234872839413583, 0.10724928842391818, 0.08523137979209425, 0.05862830536207186, 0.018827314377995206, 0.009995299157162667]</MEAN_VALUE>
		<CHECKBOX>2</CHECKBOX>
