<?xml version="1.0" ?>
<signaturelist MCID_LIST="[['1', 'waterbody', '#000000'], ['2', 'vegetation', '#000000'], ['3', 'bareland', '#000000'], ['4', 'built-up', '#000000']]">
	<signature ID="20210514_144251007795_786">
		<MACROCLASSID>1</MACROCLASSID>
		<MACROCLASSINFO>waterbody</MACROCLASSINFO>
		<CLASSID>1</CLASSID>
		<CLASSINFO>C 1</CLASSINFO>
		<VALUES>[0.09249993293092415, 0.0025703515058046454, 0.10709450357945839, 0.0048010200043941175, 0.07995655027648012, 0.006062826516157221, 0.04584586402649079, 0.004311625707227794, 0.006329130483209172, 0.003556442131037759, 0.004110730707627517, 0.0035191974109834183]</VALUES>
		<LCS_MIN>[0.08604539930820465, 0.08748644590377808, 0.06978359073400497, 0.03362197056412697, 0.0, 0.0]</LCS_MIN>
		<LCS_MAX>[0.10261528193950653, 0.12752221524715424, 0.1141391322016716, 0.08445025980472565, 0.044403139501810074, 0.032946839928627014]</LCS_MAX>
		<WAVELENGTH>[0.485, 0.56, 0.66, 0.83, 1.65, 2.215]</WAVELENGTH>
		<MEAN_VALUE>[0.09249993293092415, 0.10709450357945839, 0.07995655027648012, 0.04584586402649079, 0.006329130483209172, 0.004110730707627517]</MEAN_VALUE>
		<CHECKBOX>2</CHECKBOX>
		<SD>[0.0025703515058046454, 0.0048010200043941175, 0.006062826516157221, 0.004311625707227794, 0.003556442131037759, 0.0035191974109834183]</SD>
		<WAVELENGTH_UNIT>E-6m</WAVELENGTH_UNIT>
		<COLOR>#527930</COLOR>
		<COVARIANCE_MATRIX>[[6.149363798613194e-06, 4.696345513366396e-06, 6.613192454096861e-06, 3.447333256190177e-06, 1.742869358167809e-06, 9.84847702056868e-07], [4.696345513366396e-06, 1.864706791820936e-05, 1.8578022718429565e-05, 7.026775165286381e-06, 2.7638814117381116e-06, 1.5355628875113325e-06], [6.613192454096861e-06, 1.8578022718429565e-05, 3.108851524302736e-05, 1.1877884389832616e-05, 5.90367017139215e-06, 3.3475398595328443e-06], [3.447333256190177e-06, 7.026775165286381e-06, 1.1877884389832616e-05, 1.4931128134776372e-05, 6.556878815899836e-06, 4.4003732000419404e-06], [1.742869358167809e-06, 2.7638814117381116e-06, 5.90367017139215e-06, 6.556878815899836e-06, 1.0633355486788787e-05, 3.822611688519828e-06], [9.84847702056868e-07, 1.5355628875113325e-06, 3.3475398595328443e-06, 4.4003732000419404e-06, 3.822611688519828e-06, 1.162797798315296e-05]]</COVARIANCE_MATRIX>
		<ROI_SIZE>9050</ROI_SIZE>
		<MAX_VALUE>[0.10261528193950653, 0.12752221524715424, 0.1141391322016716, 0.08445025980472565, 0.044403139501810074, 0.032946839928627014]</MAX_VALUE>
		<MIN_VALUE>[0.08604539930820465, 0.08748644590377808, 0.06978359073400497, 0.03362197056412697, 0.0, 0.0]</MIN_VALUE>
		<SIGNATURE_THRESHOLD_MD>0.0</SIGNATURE_THRESHOLD_MD>
		<SIGNATURE_THRESHOLD_ML>0.0</SIGNATURE_THRESHOLD_ML>
		<SIGNATURE_THRESHOLD_SAM>0.0</SIGNATURE_THRESHOLD_SAM>
	</signature>
	<signature ID="20210514_144254434950_477">
		<MACROCLASSID>1</MACROCLASSID>
		<MACROCLASSINFO>waterbody</MACROCLASSINFO>
		<CLASSID>2</CLASSID>
		<CLASSINFO>C 1</CLASSINFO>
		<VALUES>[0.10731227465664403, 0.0029051930875960493, 0.10875143531180312, 0.004389970115189612, 0.07136541350135973, 0.007035382298492466, 0.0329247090273231, 0.004887763247782349, 0.00810339890170999, 0.0058116960142188855, 0.005431496803926677, 0.005375077981423246]</VALUES>
		<LCS_MIN>[0.09156869351863861, 0.08348286896944046, 0.05869469791650772, 0.019759709015488625, 0.0, 0.0]</LCS_MIN>
		<LCS_MAX>[0.1155029833316803, 0.12351863831281662, 0.10305025428533554, 0.061346493661403656, 0.044403139501810074, 0.0457637682557106]</LCS_MAX>
		<WAVELENGTH>[0.485, 0.56, 0.66, 0.83, 1.65, 2.215]</WAVELENGTH>
		<MEAN_VALUE>[0.10731227465664403, 0.10875143531180312, 0.07136541350135973, 0.0329247090273231, 0.00810339890170999, 0.005431496803926677]</MEAN_VALUE>
		<CHECKBOX>2</CHECKBOX>
		<SD>[0.0029051930875960493, 0.004389970115189612, 0.007035382298492466, 0.004887763247782349, 0.0058116960142188855, 0.005375077981423246]</SD>
		<WAVELENGTH_UNIT>E-6m</WAVELENGTH_UNIT>
		<COLOR>#aa9279</COLOR>
		<COVARIANCE_MATRIX>[[8.208690815081354e-06, 6.723281785525614e-06, 6.8051699599891435e-06, 1.0167178743358818e-06, -4.3327884213795187e-07, -2.6629871285877016e-07], [6.723281785525614e-06, 1.7492340703029186e-05, 1.4363758054969367e-05, 2.9240045478218235e-06, 1.5064575791257084e-06, 1.0732275086411391e-06], [6.8051699599891435e-06, 1.4363758054969367e-05, 3.639619899331592e-05, 1.611033803783357e-05, 1.842419987951871e-05, 1.4885523341945373e-05], [1.0167178743358818e-06, 2.9240045478218235e-06, 1.611033803783357e-05, 2.288633186253719e-05, 1.8574248315417208e-05, 1.528734173916746e-05], [-4.3327884213795187e-07, 1.5064575791257084e-06, 1.842419987951871e-05, 1.8574248315417208e-05, 3.447976996540092e-05, 2.341401886951644e-05], [-2.6629871285877016e-07, 1.0732275086411391e-06, 1.4885523341945373e-05, 1.528734173916746e-05, 2.341401886951644e-05, 2.9206270482973196e-05]]</COVARIANCE_MATRIX>
		<ROI_SIZE>3612</ROI_SIZE>
		<MAX_VALUE>[0.1155029833316803, 0.12351863831281662, 0.10305025428533554, 0.061346493661403656, 0.044403139501810074, 0.0457637682557106]</MAX_VALUE>
		<MIN_VALUE>[0.09156869351863861, 0.08348286896944046, 0.05869469791650772, 0.019759709015488625, 0.0, 0.0]</MIN_VALUE>
		<SIGNATURE_THRESHOLD_MD>0.0</SIGNATURE_THRESHOLD_MD>
		<SIGNATURE_THRESHOLD_ML>0.0</SIGNATURE_THRESHOLD_ML>
		<SIGNATURE_THRESHOLD_SAM>0.0</SIGNATURE_THRESHOLD_SAM>
	</signature>
	<signature ID="20210514_144301486879_157">
		<MACROCLASSID>1</MACROCLASSID>
		<MACROCLASSINFO>waterbody</MACROCLASSINFO>
		<CLASSID>3</CLASSID>
		<CLASSINFO>C 1</CLASSINFO>
		<VALUES>[0.12185428618754028, 0.0024866406851620413, 0.15982621939724703, 0.005386390564205412, 0.128865646425063, 0.006322365163425258, 0.046335156011597184, 0.009039507986181678, 0.018667387169977963, 0.007835079682049675, 0.013190244437840877, 0.006550635888735647]</VALUES>
		<LCS_MIN>[0.11182078719139099, 0.13152579963207245, 0.11044284701347351, 0.02900121547281742, 0.005728680174797773, 0.0030406885780394077]</LCS_MIN>
		<LCS_MAX>[0.1265495866537094, 0.1715615689754486, 0.15110211074352264, 0.08445025980472565, 0.0533280149102211, 0.04149145632982254]</LCS_MAX>
		<WAVELENGTH>[0.485, 0.56, 0.66, 0.83, 1.65, 2.215]</WAVELENGTH>
		<MEAN_VALUE>[0.12185428618754028, 0.15982621939724703, 0.128865646425063, 0.046335156011597184, 0.018667387169977963, 0.013190244437840877]</MEAN_VALUE>
		<CHECKBOX>2</CHECKBOX>
		<SD>[0.0024866406851620413, 0.005386390564205412, 0.006322365163425258, 0.009039507986181678, 0.007835079682049675, 0.006550635888735647]</SD>
		<WAVELENGTH_UNIT>E-6m</WAVELENGTH_UNIT>
		<COLOR>#3f656d</COLOR>
		<COVARIANCE_MATRIX>[[6.2162721405911725e-06, 5.338220489647938e-06, 2.2207273104868364e-06, -5.016680916014593e-06, -5.205741217650939e-06, -4.390225058159558e-06], [5.338220489647938e-06, 2.9167529646656476e-05, 1.5523073670919985e-05, -1.778783553163521e-05, -1.7012955140671693e-05, -1.263583453692263e-05], [2.2207273104868364e-06, 1.5523073670919985e-05, 4.0184921090258285e-05, 2.2553702365257777e-05, 6.261338967306074e-06, 4.966579581378028e-06], [-5.016680916014593e-06, -1.778783553163521e-05, 2.2553702365257777e-05, 8.214734407374635e-05, 4.1927902202587575e-05, 3.209596616216004e-05], [-5.205741217650939e-06, -1.7012955140671693e-05, 6.261338967306074e-06, 4.1927902202587575e-05, 6.171500717755407e-05, 4.0036728023551404e-05], [-4.390225058159558e-06, -1.263583453692263e-05, 4.966579581378028e-06, 3.209596616216004e-05, 4.0036728023551404e-05, 4.313907993491739e-05]]</COVARIANCE_MATRIX>
		<ROI_SIZE>189</ROI_SIZE>
		<MAX_VALUE>[0.1265495866537094, 0.1715615689754486, 0.15110211074352264, 0.08445025980472565, 0.0533280149102211, 0.04149145632982254]</MAX_VALUE>
		<MIN_VALUE>[0.11182078719139099, 0.13152579963207245, 0.11044284701347351, 0.02900121547281742, 0.005728680174797773, 0.0030406885780394077]</MIN_VALUE>
		<SIGNATURE_THRESHOLD_MD>0.0</SIGNATURE_THRESHOLD_MD>
		<SIGNATURE_THRESHOLD_ML>0.0</SIGNATURE_THRESHOLD_ML>
		<SIGNATURE_THRESHOLD_SAM>0.0</SIGNATURE_THRESHOLD_SAM>
	</signature>
	<signature ID="20210514_144640735714_307">
		<MACROCLASSID>1</MACROCLASSID>
		<MACROCLASSINFO>waterbody</MACROCLASSINFO>
		<CLASSID>4</CLASSID>
		<CLASSINFO>C 1</CLASSINFO>
		<VALUES>[0.12084728189640578, 0.0026953891663681943, 0.17717770776814884, 0.004459182932642289, 0.2188675281488233, 0.006004508809346536, 0.08862177417096165, 0.007707402551183295, 0.02692525733598611, 0.01162749827547666, 0.019197622753886718, 0.009523558524759139]</VALUES>
		<LCS_MIN>[0.11366188526153564, 0.15955084562301636, 0.19545765221118927, 0.07982951402664185, 0.005728680174797773, 0.0]</LCS_MIN>
		<LCS_MAX>[0.1265495866537094, 0.18357230722904205, 0.22872431576251984, 0.11679553985595703, 0.06225288659334183, 0.0457637682557106]</LCS_MAX>
		<WAVELENGTH>[0.485, 0.56, 0.66, 0.83, 1.65, 2.215]</WAVELENGTH>
		<MEAN_VALUE>[0.12084728189640578, 0.17717770776814884, 0.2188675281488233, 0.08862177417096165, 0.02692525733598611, 0.019197622753886718]</MEAN_VALUE>
		<CHECKBOX>2</CHECKBOX>
		<SD>[0.0026953891663681943, 0.004459182932642289, 0.006004508809346536, 0.007707402551183295, 0.01162749827547666, 0.009523558524759139]</SD>
		<WAVELENGTH_UNIT>E-6m</WAVELENGTH_UNIT>
		<COLOR>#136767</COLOR>
		<COVARIANCE_MATRIX>[[7.367448233708274e-06, 4.756825092044892e-06, 3.6741946587426355e-06, 9.968360927814501e-07, -7.646859558008146e-06, -3.30315128849179e-06], [4.756825092044892e-06, 2.0164372472208925e-05, 1.861960845417343e-05, -9.687673809821717e-06, -2.6274372430634685e-05, -2.256633888464421e-05], [3.6741946587426355e-06, 1.861960845417343e-05, 3.656193075585179e-05, -4.0093059396895114e-06, -1.96694782061968e-05, -1.8566268408903852e-05], [9.968360927814501e-07, -9.687673809821717e-06, -4.0093059396895114e-06, 6.024073081789538e-05, 5.8059806178789586e-05, 5.502420390257612e-05], [-7.646859558008146e-06, -2.6274372430634685e-05, -1.96694782061968e-05, 5.8059806178789586e-05, 0.0001371029211441055, 8.885988791007549e-05], [-3.30315128849179e-06, -2.256633888464421e-05, -1.8566268408903852e-05, 5.502420390257612e-05, 8.885988791007549e-05, 9.197560575557873e-05]]</COVARIANCE_MATRIX>
		<ROI_SIZE>72</ROI_SIZE>
		<MAX_VALUE>[0.1265495866537094, 0.18357230722904205, 0.22872431576251984, 0.11679553985595703, 0.06225288659334183, 0.0457637682557106]</MAX_VALUE>
		<MIN_VALUE>[0.11366188526153564, 0.15955084562301636, 0.19545765221118927, 0.07982951402664185, 0.005728680174797773, 0.0]</MIN_VALUE>
		<SIGNATURE_THRESHOLD_MD>0.0</SIGNATURE_THRESHOLD_MD>
		<SIGNATURE_THRESHOLD_ML>0.0</SIGNATURE_THRESHOLD_ML>
		<SIGNATURE_THRESHOLD_SAM>0.0</SIGNATURE_THRESHOLD_SAM>
	</signature>
	<signature ID="20210514_152702255381_727">
		<MACROCLASSID>1</MACROCLASSID>
		<MACROCLASSINFO>waterbody</MACROCLASSINFO>
		<CLASSID>5</CLASSID>
		<CLASSINFO>C 1</CLASSINFO>
		<VALUES>[0.09625124825032987, 0.002345290613337979, 0.11140006562375063, 0.010227719203574497, 0.08643092674450945, 0.007581514037293509, 0.04834964963284514, 0.00482776131795678, 0.006845654262016547, 0.003623574891358839, 0.004303666152905127, 0.0035495018768268004]</VALUES>
		<LCS_MIN>[0.08604539930820465, 0.08348286896944046, 0.05869469791650772, 0.03362197056412697, 0.0, 0.0]</LCS_MIN>
		<LCS_MAX>[0.10629748553037643, 0.12752221524715424, 0.10674655437469482, 0.08445025980472565, 0.03845321759581566, 0.032946839928627014]</LCS_MAX>
		<WAVELENGTH>[0.485, 0.56, 0.66, 0.83, 1.65, 2.215]</WAVELENGTH>
		<MEAN_VALUE>[0.09625124825032987, 0.11140006562375063, 0.08643092674450945, 0.04834964963284514, 0.006845654262016547, 0.004303666152905127]</MEAN_VALUE>
		<CHECKBOX>2</CHECKBOX>
		<SD>[0.002345290613337979, 0.010227719203574497, 0.007581514037293509, 0.00482776131795678, 0.003623574891358839, 0.0035495018768268004]</SD>
		<WAVELENGTH_UNIT>E-6m</WAVELENGTH_UNIT>
		<COLOR>#79eb68</COLOR>
		<COVARIANCE_MATRIX>[[4.738286861538654e-06, 7.742448815406533e-08, 1.3352105270314496e-06, 2.240843969048001e-06, 8.701155138624017e-07, 6.57819157368067e-07], [7.742448815406533e-08, 6.906289490871131e-05, 4.657610770664178e-05, 3.315113303870021e-07, -5.517300451174378e-06, -2.5354795525345253e-06], [1.3352105270314496e-06, 4.657610770664178e-05, 4.068779890076257e-05, 4.81988081446616e-06, -1.6567728380323388e-06, -2.88693399852491e-07], [2.240843969048001e-06, 3.315113303870021e-07, 4.81988081446616e-06, 1.9556653569452465e-05, 7.410629223159049e-06, 5.324718586052768e-06], [8.701155138624017e-07, -5.517300451174378e-06, -1.6567728380323388e-06, 7.410629223159049e-06, 1.3831481737724971e-05, 6.226270670595113e-06], [6.57819157368067e-07, -2.5354795525345253e-06, -2.88693399852491e-07, 5.324718586052768e-06, 6.226270670595113e-06, 1.3892656170355622e-05]]</COVARIANCE_MATRIX>
		<ROI_SIZE>5165</ROI_SIZE>
		<MAX_VALUE>[0.10629748553037643, 0.12752221524715424, 0.10674655437469482, 0.08445025980472565, 0.03845321759581566, 0.032946839928627014]</MAX_VALUE>
		<MIN_VALUE>[0.08604539930820465, 0.08348286896944046, 0.05869469791650772, 0.03362197056412697, 0.0, 0.0]</MIN_VALUE>
		<SIGNATURE_THRESHOLD_MD>0.0</SIGNATURE_THRESHOLD_MD>
		<SIGNATURE_THRESHOLD_ML>0.0</SIGNATURE_THRESHOLD_ML>
		<SIGNATURE_THRESHOLD_SAM>0.0</SIGNATURE_THRESHOLD_SAM>
	</signature>
	<signature ID="20210514_152741014655_400">
		<MACROCLASSID>1</MACROCLASSID>
		<MACROCLASSINFO>waterbody</MACROCLASSINFO>
		<CLASSID>6</CLASSID>
		<CLASSINFO>C 1</CLASSINFO>
		<VALUES>[0.11457806627897286, 0.004258283202595658, 0.10241921087153144, 0.00893784126981173, 0.09639341977394028, 0.011384618057298202, 0.06664612500870959, 0.012379366755341263, 0.03451950824709155, 0.01556795709614315, 0.02679147866170553, 0.013994597461271394]</VALUES>
		<LCS_MIN>[0.10077418386936188, 0.07547570765018463, 0.06608729809522629, 0.04748423025012016, 0.014653555117547512, 0.0030406885780394077]</LCS_MIN>
		<LCS_MAX>[0.12286737561225891, 0.11551148444414139, 0.11783543229103088, 0.10755402594804764, 0.07117776572704315, 0.06285298615694046]</LCS_MAX>
		<WAVELENGTH>[0.485, 0.56, 0.66, 0.83, 1.65, 2.215]</WAVELENGTH>
		<MEAN_VALUE>[0.11457806627897286, 0.10241921087153144, 0.09639341977394028, 0.06664612500870959, 0.03451950824709155, 0.02679147866170553]</MEAN_VALUE>
		<CHECKBOX>2</CHECKBOX>
		<SD>[0.004258283202595658, 0.00893784126981173, 0.011384618057298202, 0.012379366755341263, 0.01556795709614315, 0.013994597461271394]</SD>
		<WAVELENGTH_UNIT>E-6m</WAVELENGTH_UNIT>
		<COLOR>#651b0c</COLOR>
		<COVARIANCE_MATRIX>[[1.8219323465018533e-05, 3.3427928428864107e-05, 4.226057353662327e-05, 6.3834140746621415e-06, -4.490297214942984e-06, 3.718601874425076e-06], [3.3427928428864107e-05, 8.02654103608802e-05, 9.60026154643856e-05, 1.442485199731891e-06, -2.6564295694697648e-05, -6.118783858255483e-06], [4.226057353662327e-05, 9.60026154643856e-05, 0.00013022671919316053, 2.0644387404900044e-05, -1.6152271200553514e-05, 8.987120963865891e-06], [6.3834140746621415e-06, 1.442485199731891e-06, 2.0644387404900044e-05, 0.00015397847164422274, 0.00014257074508350343, 0.00012424444139469415], [-4.490297214942984e-06, -2.6564295694697648e-05, -1.6152271200553514e-05, 0.00014257074508350343, 0.000243515387410298, 0.00020263443002477288], [3.718601874425076e-06, -6.118783858255483e-06, 8.987120963865891e-06, 0.00012424444139469415, 0.00020263443002477288, 0.0001967813732335344]]</COVARIANCE_MATRIX>
		<ROI_SIZE>211</ROI_SIZE>
		<MAX_VALUE>[0.12286737561225891, 0.11551148444414139, 0.11783543229103088, 0.10755402594804764, 0.07117776572704315, 0.06285298615694046]</MAX_VALUE>
		<MIN_VALUE>[0.10077418386936188, 0.07547570765018463, 0.06608729809522629, 0.04748423025012016, 0.014653555117547512, 0.0030406885780394077]</MIN_VALUE>
		<SIGNATURE_THRESHOLD_MD>0.0</SIGNATURE_THRESHOLD_MD>
		<SIGNATURE_THRESHOLD_ML>0.0</SIGNATURE_THRESHOLD_ML>
		<SIGNATURE_THRESHOLD_SAM>0.0</SIGNATURE_THRESHOLD_SAM>
	</signature>
	<signature ID="20210514_152746089638_930">
		<MACROCLASSID>1</MACROCLASSID>
		<MACROCLASSINFO>waterbody</MACROCLASSINFO>
		<CLASSID>7</CLASSID>
		<CLASSINFO>C 1</CLASSINFO>
		<VALUES>[0.11788734891375557, 0.001836393757120899, 0.10875133974630322, 0.003121512011143821, 0.10317144591788774, 0.003957739634126156, 0.06210399394641158, 0.00710840937097528, 0.025431681974012344, 0.007640222153410711, 0.021950901653922973, 0.008384086469340643]</VALUES>
		<LCS_MIN>[0.11366188526153564, 0.10350075364112854, 0.09196136891841888, 0.04286348074674606, 0.0027537215501070023, 0.0030406885780394077]</LCS_MIN>
		<LCS_MAX>[0.12286737561225891, 0.11551148444414139, 0.1141391322016716, 0.07982951402664185, 0.04142817482352257, 0.04149145632982254]</LCS_MAX>
		<WAVELENGTH>[0.485, 0.56, 0.66, 0.83, 1.65, 2.215]</WAVELENGTH>
		<MEAN_VALUE>[0.11788734891375557, 0.10875133974630322, 0.10317144591788774, 0.06210399394641158, 0.025431681974012344, 0.021950901653922973]</MEAN_VALUE>
		<CHECKBOX>2</CHECKBOX>
		<SD>[0.001836393757120899, 0.003121512011143821, 0.003957739634126156, 0.00710840937097528, 0.007640222153410711, 0.008384086469340643]</SD>
		<WAVELENGTH_UNIT>E-6m</WAVELENGTH_UNIT>
		<COLOR>#9b90a1</COLOR>
		<COVARIANCE_MATRIX>[[3.4285476431250572e-06, 9.082877454602567e-07, 2.995424893015297e-06, 4.118816377740586e-06, 4.179724783170968e-06, 3.320378482385422e-06], [9.082877454602567e-07, 9.90623448160477e-06, 6.01235706199077e-06, 1.506258058725507e-06, 3.6056935641681775e-06, 1.9674944269354455e-06], [2.995424893015297e-06, 6.01235706199077e-06, 1.5924764738883823e-05, 1.2716425771941431e-05, 1.0401442523289006e-05, 1.1093030479969457e-05], [4.118816377740586e-06, 1.506258058725507e-06, 1.2716425771941431e-05, 5.1371640438446775e-05, 3.362646748428233e-05, 3.6764096876140684e-05], [4.179724783170968e-06, 3.6056935641681775e-06, 1.0401442523289006e-05, 3.362646748428233e-05, 5.9345878980821e-05, 5.079806942376308e-05], [3.320378482385422e-06, 1.9674944269354455e-06, 1.1093030479969457e-05, 3.6764096876140684e-05, 5.079806942376308e-05, 7.146445568650961e-05]]</COVARIANCE_MATRIX>
		<ROI_SIZE>61</ROI_SIZE>
		<MAX_VALUE>[0.12286737561225891, 0.11551148444414139, 0.1141391322016716, 0.07982951402664185, 0.04142817482352257, 0.04149145632982254]</MAX_VALUE>
		<MIN_VALUE>[0.11366188526153564, 0.10350075364112854, 0.09196136891841888, 0.04286348074674606, 0.0027537215501070023, 0.0030406885780394077]</MIN_VALUE>
		<SIGNATURE_THRESHOLD_MD>0.0</SIGNATURE_THRESHOLD_MD>
		<SIGNATURE_THRESHOLD_ML>0.0</SIGNATURE_THRESHOLD_ML>
		<SIGNATURE_THRESHOLD_SAM>0.0</SIGNATURE_THRESHOLD_SAM>
	</signature>
	<signature ID="20210514_152753685616_539">
		<MACROCLASSID>1</MACROCLASSID>
		<MACROCLASSINFO>waterbody</MACROCLASSINFO>
		<CLASSID>8</CLASSID>
		<CLASSINFO>C 1</CLASSINFO>
		<VALUES>[0.11658791279686348, 0.003184637024748293, 0.10757581690060243, 0.0050466804010390895, 0.10456837766936845, 0.0064695266667306435, 0.07586886268109082, 0.00950302812350974, 0.03500014442085689, 0.012693807573807175, 0.02745387393848172, 0.01067204616681891]</VALUES>
		<LCS_MIN>[0.10997967422008514, 0.0914900079369545, 0.08087247610092163, 0.061346493661403656, 0.014653555117547512, 0.011585303582251072]</LCS_MIN>
		<LCS_MAX>[0.12470848113298416, 0.11551148444414139, 0.1141391322016716, 0.09831251949071884, 0.06225288659334183, 0.05003606900572777]</LCS_MAX>
		<WAVELENGTH>[0.485, 0.56, 0.66, 0.83, 1.65, 2.215]</WAVELENGTH>
		<MEAN_VALUE>[0.11658791279686348, 0.10757581690060243, 0.10456837766936845, 0.07586886268109082, 0.03500014442085689, 0.02745387393848172]</MEAN_VALUE>
		<CHECKBOX>2</CHECKBOX>
		<SD>[0.003184637024748293, 0.0050466804010390895, 0.0064695266667306435, 0.00950302812350974, 0.012693807573807175, 0.01067204616681891]</SD>
		<WAVELENGTH_UNIT>E-6m</WAVELENGTH_UNIT>
		<COLOR>#d7ace2</COLOR>
		<COVARIANCE_MATRIX>[[1.0326310984964948e-05, 9.972375664801802e-06, 1.378946217300836e-05, 4.22049288317794e-06, 5.706605406885501e-06, 1.0215253496426158e-05], [9.972375664801802e-06, 2.5932054995791987e-05, 2.7871941711055115e-05, -3.4115989819838433e-06, -7.977691893756855e-06, 6.93067613610765e-06], [1.378946217300836e-05, 2.7871941711055115e-05, 4.2615771235432476e-05, 5.323314553606906e-07, -6.605071689591568e-07, 1.251030062121572e-05], [4.22049288317794e-06, -3.4115989819838433e-06, 5.323314553606906e-07, 9.194949961965904e-05, 0.00010329549695597962, 8.014446939341724e-05], [5.706605406885501e-06, -7.977691893756855e-06, -6.605071689591568e-07, 0.00010329549695597962, 0.00016406243958044797, 0.00011864808766404167], [1.0215253496426158e-05, 6.93067613610765e-06, 1.251030062121572e-05, 8.014446939341724e-05, 0.00011864808766404167, 0.00011596334661589935]]</COVARIANCE_MATRIX>
		<ROI_SIZE>56</ROI_SIZE>
		<MAX_VALUE>[0.12470848113298416, 0.11551148444414139, 0.1141391322016716, 0.09831251949071884, 0.06225288659334183, 0.05003606900572777]</MAX_VALUE>
		<MIN_VALUE>[0.10997967422008514, 0.0914900079369545, 0.08087247610092163, 0.061346493661403656, 0.014653555117547512, 0.011585303582251072]</MIN_VALUE>
		<SIGNATURE_THRESHOLD_MD>0.0</SIGNATURE_THRESHOLD_MD>
		<SIGNATURE_THRESHOLD_ML>0.0</SIGNATURE_THRESHOLD_ML>
		<SIGNATURE_THRESHOLD_SAM>0.0</SIGNATURE_THRESHOLD_SAM>
	</signature>
	<signature ID="20210514_152801394739_152">
		<MACROCLASSID>1</MACROCLASSID>
		<MACROCLASSINFO>waterbody</MACROCLASSINFO>
		<CLASSID>9</CLASSID>
		<CLASSINFO>C 1</CLASSINFO>
		<VALUES>[0.11663115827623244, 0.004927626322703682, 0.11766909978941771, 0.008150691852931678, 0.07468985342336985, 0.006121967566243514, 0.03785535433290608, 0.00602748037265116, 0.014125069236185785, 0.007427816917714872, 0.009291849072145194, 0.0063249054893706426]</VALUES>
		<LCS_MIN>[0.09893309324979782, 0.0914900079369545, 0.0623910017311573, 0.02900121547281742, 0.0027537215501070023, 0.0]</LCS_MIN>
		<LCS_MAX>[0.13207286596298218, 0.13152579963207245, 0.10674655437469482, 0.07058800011873245, 0.04737809672951698, 0.03721914812922478]</LCS_MAX>
		<WAVELENGTH>[0.485, 0.56, 0.66, 0.83, 1.65, 2.215]</WAVELENGTH>
		<MEAN_VALUE>[0.11663115827623244, 0.11766909978941771, 0.07468985342336985, 0.03785535433290608, 0.014125069236185785, 0.009291849072145194]</MEAN_VALUE>
		<CHECKBOX>2</CHECKBOX>
		<SD>[0.004927626322703682, 0.008150691852931678, 0.006121967566243514, 0.00602748037265116, 0.007427816917714872, 0.0063249054893706426]</SD>
		<WAVELENGTH_UNIT>E-6m</WAVELENGTH_UNIT>
		<COLOR>#b33107</COLOR>
		<COVARIANCE_MATRIX>[[2.4330063752131537e-05, 3.2410971471108496e-05, 4.226122200634563e-06, -5.330031854100525e-06, -1.318320028076414e-05, -1.0433782335894648e-05], [3.2410971471108496e-05, 6.656664481852204e-05, 1.4224728147382848e-05, -8.301311936520506e-06, -2.0987117750337347e-05, -1.6527761545148678e-05], [4.226122200634563e-06, 1.4224728147382848e-05, 3.75534436898306e-05, 2.123852027580142e-05, 1.3572403986472636e-05, 9.223565029969905e-06], [-5.330031854100525e-06, -8.301311936520506e-06, 2.123852027580142e-05, 3.640318027464673e-05, 2.621574094519019e-05, 2.165898149542045e-05], [-1.318320028076414e-05, -2.0987117750337347e-05, 1.3572403986472636e-05, 2.621574094519019e-05, 5.528280962607823e-05, 3.581655619200319e-05], [-1.0433782335894648e-05, -1.6527761545148678e-05, 9.223565029969905e-06, 2.165898149542045e-05, 3.581655619200319e-05, 4.008444011560641e-05]]</COVARIANCE_MATRIX>
		<ROI_SIZE>501</ROI_SIZE>
		<MAX_VALUE>[0.13207286596298218, 0.13152579963207245, 0.10674655437469482, 0.07058800011873245, 0.04737809672951698, 0.03721914812922478]</MAX_VALUE>
		<MIN_VALUE>[0.09893309324979782, 0.0914900079369545, 0.0623910017311573, 0.02900121547281742, 0.0027537215501070023, 0.0]</MIN_VALUE>
		<SIGNATURE_THRESHOLD_MD>0.0</SIGNATURE_THRESHOLD_MD>
		<SIGNATURE_THRESHOLD_ML>0.0</SIGNATURE_THRESHOLD_ML>
		<SIGNATURE_THRESHOLD_SAM>0.0</SIGNATURE_THRESHOLD_SAM>
	</signature>
	<signature ID="20210514_152805076499_487">
		<MACROCLASSID>1</MACROCLASSID>
		<MACROCLASSINFO>waterbody</MACROCLASSINFO>
		<CLASSID>10</CLASSID>
		<CLASSINFO>C 1</CLASSINFO>
		<VALUES>[0.09195365274540722, 0.004683944549180498, 0.07252886120458714, 0.009133182986538558, 0.05358088840073371, 0.008792498483711261, 0.03886553931167461, 0.008572107036741996, 0.008122485014446242, 0.004292801494613108, 0.005110061865874543, 0.004129253236791558]</VALUES>
		<LCS_MIN>[0.08236319571733475, 0.05545782297849655, 0.040213219821453094, 0.024380460381507874, 0.0, 0.0]</LCS_MIN>
		<LCS_MAX>[0.10997967422008514, 0.10350075364112854, 0.0882650762796402, 0.07982951402664185, 0.044403139501810074, 0.03721914812922478]</LCS_MAX>
		<WAVELENGTH>[0.485, 0.56, 0.66, 0.83, 1.65, 2.215]</WAVELENGTH>
		<MEAN_VALUE>[0.09195365274540722, 0.07252886120458714, 0.05358088840073371, 0.03886553931167461, 0.008122485014446242, 0.005110061865874543]</MEAN_VALUE>
		<CHECKBOX>2</CHECKBOX>
		<SD>[0.004683944549180498, 0.009133182986538558, 0.008792498483711261, 0.008572107036741996, 0.004292801494613108, 0.004129253236791558]</SD>
		<WAVELENGTH_UNIT>E-6m</WAVELENGTH_UNIT>
		<COLOR>#99e82c</COLOR>
		<COVARIANCE_MATRIX>[[1.7968317479244433e-05, 2.836531712091528e-05, 2.494420186849311e-05, -1.8536977677285904e-06, 3.990884579252452e-06, 2.560713483035215e-06], [2.836531712091528e-05, 6.309873424470425e-05, 5.46830560779199e-05, 7.145146810216829e-06, 8.5040428530192e-06, 5.258491910353769e-06], [2.494420186849311e-05, 5.46830560779199e-05, 6.493000546470284e-05, 2.9676870326511562e-05, 1.0046372153738048e-05, 6.318973191810073e-06], [-1.8536977677285904e-06, 7.145146810216829e-06, 2.9676870326511562e-05, 9.477233834331855e-05, 5.8160567277809605e-06, 4.00633007302531e-06], [3.990884579252452e-06, 8.5040428530192e-06, 1.0046372153738048e-05, 5.8160567277809605e-06, 1.3557304555433802e-05, 6.390569069480989e-06], [2.560713483035215e-06, 5.258491910353769e-06, 6.318973191810073e-06, 4.00633007302531e-06, 6.390569069480989e-06, 1.4831311091256794e-05]]</COVARIANCE_MATRIX>
		<ROI_SIZE>8275</ROI_SIZE>
		<MAX_VALUE>[0.10997967422008514, 0.10350075364112854, 0.0882650762796402, 0.07982951402664185, 0.044403139501810074, 0.03721914812922478]</MAX_VALUE>
		<MIN_VALUE>[0.08236319571733475, 0.05545782297849655, 0.040213219821453094, 0.024380460381507874, 0.0, 0.0]</MIN_VALUE>
		<SIGNATURE_THRESHOLD_MD>0.0</SIGNATURE_THRESHOLD_MD>
		<SIGNATURE_THRESHOLD_ML>0.0</SIGNATURE_THRESHOLD_ML>
		<SIGNATURE_THRESHOLD_SAM>0.0</SIGNATURE_THRESHOLD_SAM>
	</signature>
	<signature ID="20210514_152809239514_648">
		<MACROCLASSID>1</MACROCLASSID>
		<MACROCLASSINFO>waterbody</MACROCLASSINFO>
		<CLASSID>11</CLASSID>
		<CLASSINFO>C 1</CLASSINFO>
		<VALUES>[0.08966388577047017, 0.004062734009000195, 0.07367034892906094, 0.00720983719999833, 0.05688848764008584, 0.007278240893212173, 0.07010705495106355, 0.013545615991040122, 0.007358510155622733, 0.003908817148655695, 0.0045613778646247235, 0.003833760523291237]</VALUES>
		<LCS_MIN>[0.08236319571733475, 0.05946139618754387, 0.04390951991081238, 0.05210498347878456, 0.0, 0.0]</LCS_MIN>
		<LCS_MAX>[0.11182078719139099, 0.10750431567430496, 0.09565766900777817, 0.12603704631328583, 0.04737809672951698, 0.03721914812922478]</LCS_MAX>
		<WAVELENGTH>[0.485, 0.56, 0.66, 0.83, 1.65, 2.215]</WAVELENGTH>
		<MEAN_VALUE>[0.08966388577047017, 0.07367034892906094, 0.05688848764008584, 0.07010705495106355, 0.007358510155622733, 0.0045613778646247235]</MEAN_VALUE>
		<CHECKBOX>2</CHECKBOX>
		<SD>[0.004062734009000195, 0.00720983719999833, 0.007278240893212173, 0.013545615991040122, 0.003908817148655695, 0.003833760523291237]</SD>
		<WAVELENGTH_UNIT>E-6m</WAVELENGTH_UNIT>
		<COLOR>#988f87</COLOR>
		<COVARIANCE_MATRIX>[[1.4467225810221862e-05, 1.9678031094372272e-05, 2.0079103705938905e-05, 5.830553163832519e-06, 6.594295882678125e-06, 4.169265139353229e-06], [1.9678031094372272e-05, 4.257469845470041e-05, 3.914269109372981e-05, 2.9771443223580718e-05, 8.97671725397231e-06, 5.604557372862473e-06], [2.0079103705938905e-05, 3.914269109372981e-05, 4.867779716732912e-05, 3.746047877939418e-05, 1.1337999239913188e-05, 7.353224646067247e-06], [5.830553163832519e-06, 2.9771443223580718e-05, 3.746047877939418e-05, 0.00020921468967571855, 1.8303334172742325e-06, 5.948314765191753e-07], [6.594295882678125e-06, 8.97671725397231e-06, 1.1337999239913188e-05, 1.8303334172742325e-06, 1.7235353880096227e-05, 8.093129508779384e-06], [4.169265139353229e-06, 5.604557372862473e-06, 7.353224646067247e-06, 5.948314765191753e-07, 8.093129508779384e-06, 1.5310199160012417e-05]]</COVARIANCE_MATRIX>
		<ROI_SIZE>6740</ROI_SIZE>
		<MAX_VALUE>[0.11182078719139099, 0.10750431567430496, 0.09565766900777817, 0.12603704631328583, 0.04737809672951698, 0.03721914812922478]</MAX_VALUE>
		<MIN_VALUE>[0.08236319571733475, 0.05946139618754387, 0.04390951991081238, 0.05210498347878456, 0.0, 0.0]</MIN_VALUE>
		<SIGNATURE_THRESHOLD_MD>0.0</SIGNATURE_THRESHOLD_MD>
		<SIGNATURE_THRESHOLD_ML>0.0</SIGNATURE_THRESHOLD_ML>
		<SIGNATURE_THRESHOLD_SAM>0.0</SIGNATURE_THRESHOLD_SAM>
	</signature>
	<signature ID="20210514_152814541686_612">
		<MACROCLASSID>1</MACROCLASSID>
		<MACROCLASSINFO>waterbody</MACROCLASSINFO>
		<CLASSID>12</CLASSID>
		<CLASSINFO>C 1</CLASSINFO>
		<VALUES>[0.10035306902273061, 0.003061602867165049, 0.08493092164617382, 0.006266491724355197, 0.058423554318873076, 0.008978944056771439, 0.03731527700507846, 0.007870393432562345, 0.010871051763475203, 0.005452155031561199, 0.006882748052988348, 0.004898523241639668]</VALUES>
		<LCS_MIN>[0.08972758799791336, 0.07147213071584702, 0.040213219821453094, 0.024380460381507874, 0.0, 0.0]</LCS_MIN>
		<LCS_MAX>[0.11366188526153564, 0.10750431567430496, 0.08456876873970032, 0.07058800011873245, 0.044403139501810074, 0.04149145632982254]</LCS_MAX>
		<WAVELENGTH>[0.485, 0.56, 0.66, 0.83, 1.65, 2.215]</WAVELENGTH>
		<MEAN_VALUE>[0.10035306902273061, 0.08493092164617382, 0.058423554318873076, 0.03731527700507846, 0.010871051763475203, 0.006882748052988348]</MEAN_VALUE>
		<CHECKBOX>2</CHECKBOX>
		<SD>[0.003061602867165049, 0.006266491724355197, 0.008978944056771439, 0.007870393432562345, 0.005452155031561199, 0.004898523241639668]</SD>
		<WAVELENGTH_UNIT>E-6m</WAVELENGTH_UNIT>
		<COLOR>#eb5cdd</COLOR>
		<COVARIANCE_MATRIX>[[9.378190043207724e-06, 1.0539520189922769e-05, 8.165121471392922e-06, 3.325201078041573e-06, 3.433841584410402e-06, 2.7891003355762223e-06], [1.0539520189922769e-05, 3.928893420379609e-05, 4.401117985253222e-05, 1.7438851500628516e-05, 6.3827892518020235e-06, 4.697426447819453e-06], [8.165121471392922e-06, 4.401117985253222e-05, 8.066252485150471e-05, 4.3718540837289765e-05, 1.3454189684125595e-05, 9.677423804532737e-06], [3.325201078041573e-06, 1.7438851500628516e-05, 4.3718540837289765e-05, 6.197466427693143e-05, 2.207645957241766e-05, 1.5523462934652343e-05], [3.433841584410402e-06, 6.3827892518020235e-06, 1.3454189684125595e-05, 2.207645957241766e-05, 2.9741146136075258e-05, 1.7192211089422926e-05], [2.7891003355762223e-06, 4.697426447819453e-06, 9.677423804532737e-06, 1.5523462934652343e-05, 1.7192211089422926e-05, 2.4007760657696053e-05]]</COVARIANCE_MATRIX>
		<ROI_SIZE>1963</ROI_SIZE>
		<MAX_VALUE>[0.11366188526153564, 0.10750431567430496, 0.08456876873970032, 0.07058800011873245, 0.044403139501810074, 0.04149145632982254]</MAX_VALUE>
		<MIN_VALUE>[0.08972758799791336, 0.07147213071584702, 0.040213219821453094, 0.024380460381507874, 0.0, 0.0]</MIN_VALUE>
		<SIGNATURE_THRESHOLD_MD>0.0</SIGNATURE_THRESHOLD_MD>
		<SIGNATURE_THRESHOLD_ML>0.0</SIGNATURE_THRESHOLD_ML>
		<SIGNATURE_THRESHOLD_SAM>0.0</SIGNATURE_THRESHOLD_SAM>
	</signature>
	<signature ID="20210514_152818624776_594">
		<MACROCLASSID>1</MACROCLASSID>
		<MACROCLASSINFO>waterbody</MACROCLASSINFO>
		<CLASSID>13</CLASSID>
		<CLASSINFO>C 1</CLASSINFO>
		<VALUES>[0.10161510272318931, 0.006162361816790663, 0.09275066017279578, 0.009479886143251891, 0.07532164093532369, 0.010993081022299449, 0.04734033196648926, 0.010515603161357096, 0.01697046428300103, 0.008649505578038778, 0.011729137959106985, 0.007369033636029344]</VALUES>
		<LCS_MIN>[0.08788648247718811, 0.07947927713394165, 0.05499840900301933, 0.03362197056412697, 0.0, 0.0]</LCS_MIN>
		<LCS_MAX>[0.12102627754211426, 0.119515061378479, 0.09935396164655685, 0.07520876079797745, 0.04737809672951698, 0.0457637682557106]</LCS_MAX>
		<WAVELENGTH>[0.485, 0.56, 0.66, 0.83, 1.65, 2.215]</WAVELENGTH>
		<MEAN_VALUE>[0.10161510272318931, 0.09275066017279578, 0.07532164093532369, 0.04734033196648926, 0.01697046428300103, 0.011729137959106985]</MEAN_VALUE>
		<CHECKBOX>2</CHECKBOX>
		<SD>[0.006162361816790663, 0.009479886143251891, 0.010993081022299449, 0.010515603161357096, 0.008649505578038778, 0.007369033636029344]</SD>
		<WAVELENGTH_UNIT>E-6m</WAVELENGTH_UNIT>
		<COLOR>#bb53ea</COLOR>
		<COVARIANCE_MATRIX>[[3.810655834968202e-05, 5.178718492970802e-05, 5.560521822189912e-05, 2.0976047380827367e-05, 1.558801159262657e-05, 1.2991395124117844e-05], [5.178718492970802e-05, 9.018028504215181e-05, 9.010879875859246e-05, 3.7951936974423006e-05, 2.582365232228767e-05, 2.17241067730356e-05], [5.560521822189912e-05, 9.010879875859246e-05, 0.00012126743968110532, 7.890362030593678e-05, 5.062611307948828e-05, 3.940858368878253e-05], [2.0976047380827367e-05, 3.7951936974423006e-05, 7.890362030593678e-05, 0.00011096186062786728, 6.060826490283944e-05, 4.830626494367607e-05], [1.558801159262657e-05, 2.582365232228767e-05, 5.062611307948828e-05, 6.060826490283944e-05, 7.507371628889814e-05, 5.245230204309337e-05], [1.2991395124117844e-05, 2.17241067730356e-05, 3.940858368878253e-05, 4.830626494367607e-05, 5.245230204309337e-05, 5.449120726552792e-05]]</COVARIANCE_MATRIX>
		<ROI_SIZE>289</ROI_SIZE>
		<MAX_VALUE>[0.12102627754211426, 0.119515061378479, 0.09935396164655685, 0.07520876079797745, 0.04737809672951698, 0.0457637682557106]</MAX_VALUE>
		<MIN_VALUE>[0.08788648247718811, 0.07947927713394165, 0.05499840900301933, 0.03362197056412697, 0.0, 0.0]</MIN_VALUE>
		<SIGNATURE_THRESHOLD_MD>0.0</SIGNATURE_THRESHOLD_MD>
		<SIGNATURE_THRESHOLD_ML>0.0</SIGNATURE_THRESHOLD_ML>
		<SIGNATURE_THRESHOLD_SAM>0.0</SIGNATURE_THRESHOLD_SAM>
	</signature>
	<signature ID="20210514_152833493540_228">
		<MACROCLASSID>1</MACROCLASSID>
		<MACROCLASSINFO>waterbody</MACROCLASSINFO>
		<CLASSID>14</CLASSID>
		<CLASSINFO>C 1</CLASSINFO>
		<VALUES>[0.09819790494625073, 0.0018638320403544352, 0.11206813240519159, 0.0034316208352192933, 0.08940045510135823, 0.0031169869617794733, 0.0628604596995657, 0.008857177954068157, 0.016897465234285428, 0.009932888770101006, 0.012099850827465685, 0.008423843246446603]</VALUES>
		<LCS_MIN>[0.09340978413820267, 0.09949717670679092, 0.08087247610092163, 0.05210498347878456, 0.0027537215501070023, 0.0]</LCS_MIN>
		<LCS_MAX>[0.10445638746023178, 0.12351863831281662, 0.11044284701347351, 0.10293327271938324, 0.0533280149102211, 0.0457637682557106]</LCS_MAX>
		<WAVELENGTH>[0.485, 0.56, 0.66, 0.83, 1.65, 2.215]</WAVELENGTH>
		<MEAN_VALUE>[0.09819790494625073, 0.11206813240519159, 0.08940045510135823, 0.0628604596995657, 0.016897465234285428, 0.012099850827465685]</MEAN_VALUE>
		<CHECKBOX>2</CHECKBOX>
		<SD>[0.0018638320403544352, 0.0034316208352192933, 0.0031169869617794733, 0.008857177954068157, 0.009932888770101006, 0.008423843246446603]</SD>
		<WAVELENGTH_UNIT>E-6m</WAVELENGTH_UNIT>
		<COLOR>#f47f09</COLOR>
		<COVARIANCE_MATRIX>[[3.4857666832976975e-06, 1.372520500808605e-06, 1.932938175741583e-06, 3.098000888712704e-06, 2.799543153741979e-06, 2.680674015209661e-06], [1.372520500808605e-06, 1.1816350706794765e-05, 1.439609377484885e-06, -9.974145541491453e-06, -1.1010063644789625e-05, -9.134403626376297e-06], [1.932938175741583e-06, 1.439609377484885e-06, 9.74888007476693e-06, 1.360009719064692e-05, 1.2507040992204566e-05, 9.526978828944266e-06], [3.098000888712704e-06, -9.974145541491453e-06, 1.360009719064692e-05, 7.871826528571546e-05, 7.003163773333654e-05, 5.67325041629374e-05], [2.799543153741979e-06, -1.1010063644789625e-05, 1.2507040992204566e-05, 7.003163773333654e-05, 9.900016448227689e-05, 7.292471127584577e-05], [2.680674015209661e-06, -9.134403626376297e-06, 9.526978828944266e-06, 5.67325041629374e-05, 7.292471127584577e-05, 7.120415102690458e-05]]</COVARIANCE_MATRIX>
		<ROI_SIZE>293</ROI_SIZE>
		<MAX_VALUE>[0.10445638746023178, 0.12351863831281662, 0.11044284701347351, 0.10293327271938324, 0.0533280149102211, 0.0457637682557106]</MAX_VALUE>
		<MIN_VALUE>[0.09340978413820267, 0.09949717670679092, 0.08087247610092163, 0.05210498347878456, 0.0027537215501070023, 0.0]</MIN_VALUE>
		<SIGNATURE_THRESHOLD_MD>0.0</SIGNATURE_THRESHOLD_MD>
		<SIGNATURE_THRESHOLD_ML>0.0</SIGNATURE_THRESHOLD_ML>
		<SIGNATURE_THRESHOLD_SAM>0.0</SIGNATURE_THRESHOLD_SAM>
	</signature>
	<signature ID="20210514_152838329961_639">
		<MACROCLASSID>1</MACROCLASSID>
		<MACROCLASSINFO>waterbody</MACROCLASSINFO>
		<CLASSID>15</CLASSID>
		<CLASSINFO>C 1</CLASSINFO>
		<VALUES>[0.0959334582359136, 0.002171881475652894, 0.10809803972084205, 0.003516763282472947, 0.07585025832564658, 0.004201702693582435, 0.039520605577376175, 0.004615360511889431, 0.01279434728863572, 0.007034026768730134, 0.008543029472321445, 0.0063260142840786465]</VALUES>
		<LCS_MIN>[0.08972758799791336, 0.09549358487129211, 0.06978359073400497, 0.03362197056412697, 0.0, 0.0]</LCS_MIN>
		<LCS_MAX>[0.10261528193950653, 0.119515061378479, 0.09935396164655685, 0.07058800011873245, 0.04737809672951698, 0.04149145632982254]</LCS_MAX>
		<WAVELENGTH>[0.485, 0.56, 0.66, 0.83, 1.65, 2.215]</WAVELENGTH>
		<MEAN_VALUE>[0.0959334582359136, 0.10809803972084205, 0.07585025832564658, 0.039520605577376175, 0.01279434728863572, 0.008543029472321445]</MEAN_VALUE>
		<CHECKBOX>2</CHECKBOX>
		<SD>[0.002171881475652894, 0.003516763282472947, 0.004201702693582435, 0.004615360511889431, 0.007034026768730134, 0.0063260142840786465]</SD>
		<WAVELENGTH_UNIT>E-6m</WAVELENGTH_UNIT>
		<COLOR>#530588</COLOR>
		<COVARIANCE_MATRIX>[[4.726541192212608e-06, 2.5097654088312993e-06, 4.405138952279231e-06, 3.225891305191908e-06, 4.032188371638767e-06, 2.5141716832877137e-06], [2.5097654088312993e-06, 1.2392458302201703e-05, 6.7616601882036775e-06, 3.140291710224119e-06, 2.0866502836724976e-06, 1.2213530453664134e-06], [4.405138952279231e-06, 6.7616601882036775e-06, 1.7689755622996017e-05, 1.0614880920911673e-05, 1.3384015801420901e-05, 8.993565643322654e-06], [3.225891305191908e-06, 3.140291710224119e-06, 1.0614880920911673e-05, 2.1344327251426876e-05, 2.2894140784046613e-05, 1.8047363482764922e-05], [4.032188371638767e-06, 2.0866502836724976e-06, 1.3384015801420901e-05, 2.2894140784046613e-05, 4.9576883611734957e-05, 3.3124724723165855e-05], [2.5141716832877137e-06, 1.2213530453664134e-06, 8.993565643322654e-06, 1.8047363482764922e-05, 3.3124724723165855e-05, 4.009881376987323e-05]]</COVARIANCE_MATRIX>
		<ROI_SIZE>499</ROI_SIZE>
		<MAX_VALUE>[0.10261528193950653, 0.119515061378479, 0.09935396164655685, 0.07058800011873245, 0.04737809672951698, 0.04149145632982254]</MAX_VALUE>
		<MIN_VALUE>[0.08972758799791336, 0.09549358487129211, 0.06978359073400497, 0.03362197056412697, 0.0, 0.0]</MIN_VALUE>
		<SIGNATURE_THRESHOLD_MD>0.0</SIGNATURE_THRESHOLD_MD>
		<SIGNATURE_THRESHOLD_ML>0.0</SIGNATURE_THRESHOLD_ML>
		<SIGNATURE_THRESHOLD_SAM>0.0</SIGNATURE_THRESHOLD_SAM>
	</signature>
	<signature ID="20210514_164816288050_507">
		<MACROCLASSID>1</MACROCLASSID>
		<MACROCLASSINFO>waterbody</MACROCLASSINFO>
		<CLASSID>16</CLASSID>
		<CLASSINFO>C 1</CLASSINFO>
		<VALUES>[0.12034532376756409, 0.003713677926688139, 0.11457914297711358, 0.006019812516853225, 0.11150616233887739, 0.007379398127929948, 0.07552524457034998, 0.01294192445145288, 0.04395485528400294, 0.018223953111508293, 0.037277672911853806, 0.015741093717427934]</VALUES>
		<LCS_MIN>[0.11182078719139099, 0.09549358487129211, 0.0882650762796402, 0.05210498347878456, 0.005728680174797773, 0.011585303582251072]</LCS_MIN>
		<LCS_MAX>[0.13023176789283752, 0.12752221524715424, 0.12522801756858826, 0.10755402594804764, 0.08010263741016388, 0.07139761000871658]</LCS_MAX>
		<WAVELENGTH>[0.485, 0.56, 0.66, 0.83, 1.65, 2.215]</WAVELENGTH>
		<MEAN_VALUE>[0.12034532376756409, 0.11457914297711358, 0.11150616233887739, 0.07552524457034998, 0.04395485528400294, 0.037277672911853806]</MEAN_VALUE>
		<CHECKBOX>2</CHECKBOX>
		<SD>[0.003713677926688139, 0.006019812516853225, 0.007379398127929948, 0.01294192445145288, 0.018223953111508293, 0.015741093717427934]</SD>
